Unnamed: 0,from_site_id,to_site_id,rtt,loss,type,biz_ts,real_time
826052,jinan-telecom,wuhan-telecom,45.2167,0.0,icmp,1590940800,2020-05-31 16:00:00+00:00
826291,jinan-telecom,wuhan-telecom,47.1308,0.0,icmp,1590940920,2020-05-31 16:02:00+00:00
826513,jinan-telecom,wuhan-telecom,40.0021,0.0,icmp,1590940999,2020-05-31 16:03:19+00:00
826769,jinan-telecom,wuhan-telecom,39.6086,0.0,icmp,1590941160,2020-05-31 16:06:00+00:00
826983,jinan-telecom,wuhan-telecom,39.4806,0.0,icmp,1590941239,2020-05-31 16:07:19+00:00
827195,jinan-telecom,wuhan-telecom,47.7221,0.0,icmp,1590941400,2020-05-31 16:10:00+00:00
827427,jinan-telecom,wuhan-telecom,46.8523,0.0,icmp,1590941520,2020-05-31 16:12:00+00:00
827659,jinan-telecom,wuhan-telecom,39.4729,0.0,icmp,1590941599,2020-05-31 16:13:19+00:00
827898,jinan-telecom,wuhan-telecom,50.4121,0.0,icmp,1590941760,2020-05-31 16:16:00+00:00
828143,jinan-telecom,wuhan-telecom,48.8005,0.0,icmp,1590941880,2020-05-31 16:18:00+00:00
828359,jinan-telecom,wuhan-telecom,48.7953,0.0,icmp,1590942000,2020-05-31 16:20:00+00:00
828575,jinan-telecom,wuhan-telecom,51.4239,0.0,icmp,1590942120,2020-05-31 16:22:00+00:00
828815,jinan-telecom,wuhan-telecom,47.5628,0.0,icmp,1590942240,2020-05-31 16:24:00+00:00
829024,jinan-telecom,wuhan-telecom,39.8248,0.0,icmp,1590942319,2020-05-31 16:25:19+00:00
829260,jinan-telecom,wuhan-telecom,39.4736,0.0,icmp,1590942439,2020-05-31 16:27:19+00:00
829507,jinan-telecom,wuhan-telecom,44.4003,0.0,icmp,1590942600,2020-05-31 16:30:00+00:00
829717,jinan-telecom,wuhan-telecom,48.0018,0.0,icmp,1590942720,2020-05-31 16:32:00+00:00
829966,jinan-telecom,wuhan-telecom,49.9591,0.0,icmp,1590942840,2020-05-31 16:34:00+00:00
830186,jinan-telecom,wuhan-telecom,39.5028,0.0,icmp,1590942919,2020-05-31 16:35:19+00:00
830391,jinan-telecom,wuhan-telecom,48.7703,0.0,icmp,1590943080,2020-05-31 16:38:00+00:00
830645,jinan-telecom,wuhan-telecom,39.4784,0.0,icmp,1590943159,2020-05-31 16:39:19+00:00
830850,jinan-telecom,wuhan-telecom,47.0033,0.0,icmp,1590943320,2020-05-31 16:42:00+00:00
831114,jinan-telecom,wuhan-telecom,48.4546,0.0,icmp,1590943440,2020-05-31 16:44:00+00:00
831347,jinan-telecom,wuhan-telecom,50.7589,0.0,icmp,1590943560,2020-05-31 16:46:00+00:00
831573,jinan-telecom,wuhan-telecom,42.8002,0.0,icmp,1590943680,2020-05-31 16:48:00+00:00
831782,jinan-telecom,wuhan-telecom,50.9777,0.0,icmp,1590943800,2020-05-31 16:50:00+00:00
832007,jinan-telecom,wuhan-telecom,50.0038,0.0,icmp,1590943920,2020-05-31 16:52:00+00:00
832238,jinan-telecom,wuhan-telecom,48.0402,0.0,icmp,1590944040,2020-05-31 16:54:00+00:00
832476,jinan-telecom,wuhan-telecom,46.8706,0.0,icmp,1590944160,2020-05-31 16:56:00+00:00
832688,jinan-telecom,wuhan-telecom,49.1844,0.0,icmp,1590944280,2020-05-31 16:58:00+00:00
832913,jinan-telecom,wuhan-telecom,45.754,0.0,icmp,1590944400,2020-05-31 17:00:00+00:00
833143,jinan-telecom,wuhan-telecom,46.2665,0.0,icmp,1590944520,2020-05-31 17:02:00+00:00
833379,jinan-telecom,wuhan-telecom,51.7936,0.0,icmp,1590944640,2020-05-31 17:04:00+00:00
833622,jinan-telecom,wuhan-telecom,50.7418,0.0,icmp,1590944760,2020-05-31 17:06:00+00:00
833828,jinan-telecom,wuhan-telecom,41.9404,0.0,icmp,1590944880,2020-05-31 17:08:00+00:00
834064,jinan-telecom,wuhan-telecom,49.5449,0.0,icmp,1590945000,2020-05-31 17:10:00+00:00
834293,jinan-telecom,wuhan-telecom,39.7488,0.0,icmp,1590945079,2020-05-31 17:11:19+00:00
834532,jinan-telecom,wuhan-telecom,48.0715,0.0,icmp,1590945240,2020-05-31 17:14:00+00:00
834768,jinan-telecom,wuhan-telecom,39.4009,0.0,icmp,1590945319,2020-05-31 17:15:19+00:00
834999,jinan-telecom,wuhan-telecom,39.3689,0.0,icmp,1590945439,2020-05-31 17:17:19+00:00
835217,jinan-telecom,wuhan-telecom,49.7701,0.0,icmp,1590945600,2020-05-31 17:20:00+00:00
835435,jinan-telecom,wuhan-telecom,39.4266,0.0,icmp,1590945679,2020-05-31 17:21:19+00:00
835682,jinan-telecom,wuhan-telecom,39.8634,0.0,icmp,1590945799,2020-05-31 17:23:19+00:00
835903,jinan-telecom,wuhan-telecom,51.7012,0.0,icmp,1590945960,2020-05-31 17:26:00+00:00
836148,jinan-telecom,wuhan-telecom,44.7201,0.0,icmp,1590946080,2020-05-31 17:28:00+00:00
836377,jinan-telecom,wuhan-telecom,49.3572,0.0,icmp,1590946200,2020-05-31 17:30:00+00:00
836589,jinan-telecom,wuhan-telecom,48.5116,0.0,icmp,1590946320,2020-05-31 17:32:00+00:00
836829,jinan-telecom,wuhan-telecom,51.1742,0.0,icmp,1590946440,2020-05-31 17:34:00+00:00
837036,jinan-telecom,wuhan-telecom,47.7033,0.0,icmp,1590946560,2020-05-31 17:36:00+00:00
837291,jinan-telecom,wuhan-telecom,47.4514,0.0,icmp,1590946680,2020-05-31 17:38:00+00:00
837506,jinan-telecom,wuhan-telecom,39.3626,0.0,icmp,1590946759,2020-05-31 17:39:19+00:00
837732,jinan-telecom,wuhan-telecom,49.924,0.0,icmp,1590946920,2020-05-31 17:42:00+00:00
837977,jinan-telecom,wuhan-telecom,46.8485,0.0,icmp,1590947040,2020-05-31 17:44:00+00:00
838197,jinan-telecom,wuhan-telecom,51.2934,0.0,icmp,1590947160,2020-05-31 17:46:00+00:00
838413,jinan-telecom,wuhan-telecom,39.3916,0.0,icmp,1590947239,2020-05-31 17:47:19+00:00
838649,jinan-telecom,wuhan-telecom,49.2874,0.0,icmp,1590947400,2020-05-31 17:50:00+00:00
838889,jinan-telecom,wuhan-telecom,39.7651,0.0,icmp,1590947479,2020-05-31 17:51:19+00:00
839111,jinan-telecom,wuhan-telecom,49.5855,0.0,icmp,1590947640,2020-05-31 17:54:00+00:00
839357,jinan-telecom,wuhan-telecom,51.6476,0.0,icmp,1590947760,2020-05-31 17:56:00+00:00
839571,jinan-telecom,wuhan-telecom,39.6345,0.0,icmp,1590947839,2020-05-31 17:57:19+00:00
839806,jinan-telecom,wuhan-telecom,52.0832,0.0,icmp,1590948000,2020-05-31 18:00:00+00:00
840030,jinan-telecom,wuhan-telecom,39.3667,0.0,icmp,1590948079,2020-05-31 18:01:19+00:00
840258,jinan-telecom,wuhan-telecom,48.6382,0.0,icmp,1590948240,2020-05-31 18:04:00+00:00
840487,jinan-telecom,wuhan-telecom,42.6941,0.0,icmp,1590948360,2020-05-31 18:06:00+00:00
840710,jinan-telecom,wuhan-telecom,53.0265,0.0,icmp,1590948480,2020-05-31 18:08:00+00:00
840947,jinan-telecom,wuhan-telecom,39.3833,0.0,icmp,1590948559,2020-05-31 18:09:19+00:00
841167,jinan-telecom,wuhan-telecom,48.3148,0.0,icmp,1590948720,2020-05-31 18:12:00+00:00
841411,jinan-telecom,wuhan-telecom,39.4573,0.0,icmp,1590948799,2020-05-31 18:13:19+00:00
841620,jinan-telecom,wuhan-telecom,48.6373,0.0,icmp,1590948960,2020-05-31 18:16:00+00:00
841858,jinan-telecom,wuhan-telecom,50.1479,0.0,icmp,1590949080,2020-05-31 18:18:00+00:00
842081,jinan-telecom,wuhan-telecom,48.6302,0.0,icmp,1590949200,2020-05-31 18:20:00+00:00
842319,jinan-telecom,wuhan-telecom,47.7115,0.0,icmp,1590949320,2020-05-31 18:22:00+00:00
842559,jinan-telecom,wuhan-telecom,39.5518,0.0,icmp,1590949399,2020-05-31 18:23:19+00:00
842775,jinan-telecom,wuhan-telecom,39.3778,0.0,icmp,1590949519,2020-05-31 18:25:19+00:00
843001,jinan-telecom,wuhan-telecom,50.3681,0.0,icmp,1590949680,2020-05-31 18:28:00+00:00
843241,jinan-telecom,wuhan-telecom,50.3339,0.0,icmp,1590949800,2020-05-31 18:30:00+00:00
843492,jinan-telecom,wuhan-telecom,51.1598,0.0,icmp,1590949920,2020-05-31 18:32:00+00:00
843704,jinan-telecom,wuhan-telecom,44.3305,0.0,icmp,1590950040,2020-05-31 18:34:00+00:00
843919,jinan-telecom,wuhan-telecom,39.3949,0.0,icmp,1590950119,2020-05-31 18:35:19+00:00
844144,jinan-telecom,wuhan-telecom,39.6243,0.0,icmp,1590950239,2020-05-31 18:37:19+00:00
844390,jinan-telecom,wuhan-telecom,48.6694,0.0,icmp,1590950400,2020-05-31 18:40:00+00:00
844609,jinan-telecom,wuhan-telecom,50.8907,0.0,icmp,1590950520,2020-05-31 18:42:00+00:00
844843,jinan-telecom,wuhan-telecom,39.8003,0.0,icmp,1590950599,2020-05-31 18:43:19+00:00
845076,jinan-telecom,wuhan-telecom,48.2354,0.0,icmp,1590950760,2020-05-31 18:46:00+00:00
845277,jinan-telecom,wuhan-telecom,39.5301,0.0,icmp,1590950839,2020-05-31 18:47:19+00:00
845555,jinan-telecom,wuhan-telecom,52.2848,0.0,icmp,1590951000,2020-05-31 18:50:00+00:00
845751,jinan-telecom,wuhan-telecom,48.4517,0.0,icmp,1590951120,2020-05-31 18:52:00+00:00
845986,jinan-telecom,wuhan-telecom,48.312,0.0,icmp,1590951240,2020-05-31 18:54:00+00:00
846228,jinan-telecom,wuhan-telecom,40.1362,0.0,icmp,1590951360,2020-05-31 18:56:00+00:00
846421,jinan-telecom,wuhan-telecom,49.4589,0.0,icmp,1590951480,2020-05-31 18:58:00+00:00
846672,jinan-telecom,wuhan-telecom,39.6926,0.0,icmp,1590951559,2020-05-31 18:59:19+00:00
846899,jinan-telecom,wuhan-telecom,46.7435,0.0,icmp,1590951720,2020-05-31 19:02:00+00:00
847134,jinan-telecom,wuhan-telecom,45.9081,0.0,icmp,1590951840,2020-05-31 19:04:00+00:00
847365,jinan-telecom,wuhan-telecom,45.1195,0.0,icmp,1590951960,2020-05-31 19:06:00+00:00
847572,jinan-telecom,wuhan-telecom,47.8487,0.0,icmp,1590952080,2020-05-31 19:08:00+00:00
847804,jinan-telecom,wuhan-telecom,48.7145,0.0,icmp,1590952200,2020-05-31 19:10:00+00:00
848049,jinan-telecom,wuhan-telecom,49.6593,0.0,icmp,1590952320,2020-05-31 19:12:00+00:00
848259,jinan-telecom,wuhan-telecom,51.4189,0.0,icmp,1590952440,2020-05-31 19:14:00+00:00
848509,jinan-telecom,wuhan-telecom,46.2149,0.0,icmp,1590952560,2020-05-31 19:16:00+00:00
848728,jinan-telecom,wuhan-telecom,39.8223,0.0,icmp,1590952639,2020-05-31 19:17:19+00:00
848957,jinan-telecom,wuhan-telecom,49.5307,0.0,icmp,1590952800,2020-05-31 19:20:00+00:00
849179,jinan-telecom,wuhan-telecom,51.8021,0.0,icmp,1590952920,2020-05-31 19:22:00+00:00
849416,jinan-telecom,wuhan-telecom,46.2758,0.0,icmp,1590953040,2020-05-31 19:24:00+00:00
849636,jinan-telecom,wuhan-telecom,50.2365,0.0,icmp,1590953160,2020-05-31 19:26:00+00:00
849850,jinan-telecom,wuhan-telecom,39.4411,0.0,icmp,1590953239,2020-05-31 19:27:19+00:00
850086,jinan-telecom,wuhan-telecom,50.1936,0.0,icmp,1590953400,2020-05-31 19:30:00+00:00
850330,jinan-telecom,wuhan-telecom,48.8069,0.0,icmp,1590953520,2020-05-31 19:32:00+00:00
850535,jinan-telecom,wuhan-telecom,50.3413,0.0,icmp,1590953640,2020-05-31 19:34:00+00:00
850788,jinan-telecom,wuhan-telecom,51.0745,0.0,icmp,1590953760,2020-05-31 19:36:00+00:00
851022,jinan-telecom,wuhan-telecom,47.785,0.0,icmp,1590953880,2020-05-31 19:38:00+00:00
851235,jinan-telecom,wuhan-telecom,46.4293,0.0,icmp,1590954000,2020-05-31 19:40:00+00:00
851469,jinan-telecom,wuhan-telecom,49.3528,0.0,icmp,1590954120,2020-05-31 19:42:00+00:00
851716,jinan-telecom,wuhan-telecom,47.5693,0.0,icmp,1590954240,2020-05-31 19:44:00+00:00
851930,jinan-telecom,wuhan-telecom,48.6021,0.0,icmp,1590954360,2020-05-31 19:46:00+00:00
852159,jinan-telecom,wuhan-telecom,40.5576,0.0,icmp,1590954480,2020-05-31 19:48:00+00:00
852373,jinan-telecom,wuhan-telecom,50.1832,0.0,icmp,1590954600,2020-05-31 19:50:00+00:00
852601,jinan-telecom,wuhan-telecom,50.0791,0.0,icmp,1590954720,2020-05-31 19:52:00+00:00
852844,jinan-telecom,wuhan-telecom,39.5347,0.0,icmp,1590954799,2020-05-31 19:53:19+00:00
853088,jinan-telecom,wuhan-telecom,39.6046,0.0,icmp,1590954919,2020-05-31 19:55:19+00:00
853319,jinan-telecom,wuhan-telecom,47.7128,0.0,icmp,1590955080,2020-05-31 19:58:00+00:00
853544,jinan-telecom,wuhan-telecom,54.4089,0.0,icmp,1590955200,2020-05-31 20:00:00+00:00
853791,jinan-telecom,wuhan-telecom,39.5801,0.0,icmp,1590955279,2020-05-31 20:01:19+00:00
853999,jinan-telecom,wuhan-telecom,47.4367,0.0,icmp,1590955440,2020-05-31 20:04:00+00:00
854227,jinan-telecom,wuhan-telecom,48.4935,0.0,icmp,1590955560,2020-05-31 20:06:00+00:00
854457,jinan-telecom,wuhan-telecom,39.4835,0.0,icmp,1590955639,2020-05-31 20:07:19+00:00
854670,jinan-telecom,wuhan-telecom,49.6675,0.0,icmp,1590955800,2020-05-31 20:10:00+00:00
854903,jinan-telecom,wuhan-telecom,39.6763,0.0,icmp,1590955879,2020-05-31 20:11:19+00:00
855132,jinan-telecom,wuhan-telecom,50.32,0.0,icmp,1590956040,2020-05-31 20:14:00+00:00
855363,jinan-telecom,wuhan-telecom,45.6752,0.0,icmp,1590956160,2020-05-31 20:16:00+00:00
855604,jinan-telecom,wuhan-telecom,45.4753,0.0,icmp,1590956280,2020-05-31 20:18:00+00:00
855819,jinan-telecom,wuhan-telecom,45.3615,0.0,icmp,1590956400,2020-05-31 20:20:00+00:00
856042,jinan-telecom,wuhan-telecom,45.178,0.0,icmp,1590956520,2020-05-31 20:22:00+00:00
856288,jinan-telecom,wuhan-telecom,48.9231,0.0,icmp,1590956640,2020-05-31 20:24:00+00:00
856504,jinan-telecom,wuhan-telecom,51.4816,0.0,icmp,1590956760,2020-05-31 20:26:00+00:00
856765,jinan-telecom,wuhan-telecom,40.8328,0.0,icmp,1590956880,2020-05-31 20:28:00+00:00
856961,jinan-telecom,wuhan-telecom,46.5103,0.0,icmp,1590957000,2020-05-31 20:30:00+00:00
857185,jinan-telecom,wuhan-telecom,48.1162,0.0,icmp,1590957120,2020-05-31 20:32:00+00:00
857435,jinan-telecom,wuhan-telecom,48.042,0.0,icmp,1590957240,2020-05-31 20:34:00+00:00
857645,jinan-telecom,wuhan-telecom,47.1342,0.0,icmp,1590957360,2020-05-31 20:36:00+00:00
857875,jinan-telecom,wuhan-telecom,49.1223,0.0,icmp,1590957480,2020-05-31 20:38:00+00:00
858099,jinan-telecom,wuhan-telecom,49.5134,0.0,icmp,1590957600,2020-05-31 20:40:00+00:00
858326,jinan-telecom,wuhan-telecom,39.8789,0.0,icmp,1590957679,2020-05-31 20:41:19+00:00
858582,jinan-telecom,wuhan-telecom,47.1831,0.0,icmp,1590957840,2020-05-31 20:44:00+00:00
858805,jinan-telecom,wuhan-telecom,42.8977,0.0,icmp,1590957960,2020-05-31 20:46:00+00:00
859028,jinan-telecom,wuhan-telecom,50.1717,0.0,icmp,1590958080,2020-05-31 20:48:00+00:00
859262,jinan-telecom,wuhan-telecom,47.6535,0.0,icmp,1590958200,2020-05-31 20:50:00+00:00
859469,jinan-telecom,wuhan-telecom,39.5247,0.0,icmp,1590958279,2020-05-31 20:51:19+00:00
859714,jinan-telecom,wuhan-telecom,42.3496,0.0,icmp,1590958440,2020-05-31 20:54:00+00:00
859946,jinan-telecom,wuhan-telecom,50.3712,0.0,icmp,1590958560,2020-05-31 20:56:00+00:00
860182,jinan-telecom,wuhan-telecom,45.0976,0.0,icmp,1590958680,2020-05-31 20:58:00+00:00
860394,jinan-telecom,wuhan-telecom,49.4834,0.0,icmp,1590958800,2020-05-31 21:00:00+00:00
860644,jinan-telecom,wuhan-telecom,51.1031,0.0,icmp,1590958920,2020-05-31 21:02:00+00:00
860859,jinan-telecom,wuhan-telecom,39.4668,0.0,icmp,1590958999,2020-05-31 21:03:19+00:00
861090,jinan-telecom,wuhan-telecom,49.2064,0.0,icmp,1590959160,2020-05-31 21:06:00+00:00
861321,jinan-telecom,wuhan-telecom,51.005,0.0,icmp,1590959280,2020-05-31 21:08:00+00:00
861536,jinan-telecom,wuhan-telecom,50.8725,0.0,icmp,1590959400,2020-05-31 21:10:00+00:00
861765,jinan-telecom,wuhan-telecom,39.5117,0.0,icmp,1590959479,2020-05-31 21:11:19+00:00
862016,jinan-telecom,wuhan-telecom,46.8072,0.0,icmp,1590959640,2020-05-31 21:14:00+00:00
862234,jinan-telecom,wuhan-telecom,39.4379,0.0,icmp,1590959719,2020-05-31 21:15:19+00:00
862470,jinan-telecom,wuhan-telecom,45.157,0.0,icmp,1590959880,2020-05-31 21:18:00+00:00
862687,jinan-telecom,wuhan-telecom,51.6022,0.0,icmp,1590960000,2020-05-31 21:20:00+00:00
862913,jinan-telecom,wuhan-telecom,48.6221,0.0,icmp,1590960120,2020-05-31 21:22:00+00:00
863166,jinan-telecom,wuhan-telecom,46.8911,0.0,icmp,1590960240,2020-05-31 21:24:00+00:00
863369,jinan-telecom,wuhan-telecom,45.5256,0.0,icmp,1590960360,2020-05-31 21:26:00+00:00
863609,jinan-telecom,wuhan-telecom,50.0999,0.0,icmp,1590960480,2020-05-31 21:28:00+00:00
863841,jinan-telecom,wuhan-telecom,45.3684,0.0,icmp,1590960600,2020-05-31 21:30:00+00:00
864089,jinan-telecom,wuhan-telecom,39.8779,0.0,icmp,1590960679,2020-05-31 21:31:19+00:00
864321,jinan-telecom,wuhan-telecom,39.4269,0.0,icmp,1590960799,2020-05-31 21:33:19+00:00
864534,jinan-telecom,wuhan-telecom,39.5524,0.0,icmp,1590960919,2020-05-31 21:35:19+00:00
864755,jinan-telecom,wuhan-telecom,48.676,0.0,icmp,1590961080,2020-05-31 21:38:00+00:00
864973,jinan-telecom,wuhan-telecom,39.4068,0.0,icmp,1590961159,2020-05-31 21:39:19+00:00
865213,jinan-telecom,wuhan-telecom,51.2202,0.0,icmp,1590961320,2020-05-31 21:42:00+00:00
865432,jinan-telecom,wuhan-telecom,39.4311,0.0,icmp,1590961399,2020-05-31 21:43:19+00:00
865678,jinan-telecom,wuhan-telecom,49.2779,0.0,icmp,1590961560,2020-05-31 21:46:00+00:00
865929,jinan-telecom,wuhan-telecom,51.1809,0.0,icmp,1590961680,2020-05-31 21:48:00+00:00
866138,jinan-telecom,wuhan-telecom,39.3787,0.0,icmp,1590961759,2020-05-31 21:49:19+00:00
866365,jinan-telecom,wuhan-telecom,46.8586,0.0,icmp,1590961920,2020-05-31 21:52:00+00:00
866591,jinan-telecom,wuhan-telecom,39.5217,0.0,icmp,1590961999,2020-05-31 21:53:19+00:00
866810,jinan-telecom,wuhan-telecom,47.3139,0.0,icmp,1590962160,2020-05-31 21:56:00+00:00
867025,jinan-telecom,wuhan-telecom,53.4513,0.0,icmp,1590962280,2020-05-31 21:58:00+00:00
867276,jinan-telecom,wuhan-telecom,39.4093,0.0,icmp,1590962359,2020-05-31 21:59:19+00:00
867509,jinan-telecom,wuhan-telecom,39.4501,0.0,icmp,1590962479,2020-05-31 22:01:19+00:00
867719,jinan-telecom,wuhan-telecom,39.5105,0.0,icmp,1590962599,2020-05-31 22:03:19+00:00
867968,jinan-telecom,wuhan-telecom,48.9439,0.0,icmp,1590962760,2020-05-31 22:06:00+00:00
868204,jinan-telecom,wuhan-telecom,39.9651,0.0,icmp,1590962880,2020-05-31 22:08:00+00:00
868417,jinan-telecom,wuhan-telecom,49.7352,0.0,icmp,1590963000,2020-05-31 22:10:00+00:00
868647,jinan-telecom,wuhan-telecom,51.556,0.0,icmp,1590963120,2020-05-31 22:12:00+00:00
868905,jinan-telecom,wuhan-telecom,48.1058,0.0,icmp,1590963240,2020-05-31 22:14:00+00:00
869100,jinan-telecom,wuhan-telecom,51.2023,0.0,icmp,1590963360,2020-05-31 22:16:00+00:00
869342,jinan-telecom,wuhan-telecom,52.356,0.0,icmp,1590963480,2020-05-31 22:18:00+00:00
869563,jinan-telecom,wuhan-telecom,51.4173,0.0,icmp,1590963600,2020-05-31 22:20:00+00:00
869780,jinan-telecom,wuhan-telecom,39.4005,0.0,icmp,1590963679,2020-05-31 22:21:19+00:00
870029,jinan-telecom,wuhan-telecom,39.5527,0.0,icmp,1590963799,2020-05-31 22:23:19+00:00
870258,jinan-telecom,wuhan-telecom,46.3986,0.0,icmp,1590963960,2020-05-31 22:26:00+00:00
870483,jinan-telecom,wuhan-telecom,49.4152,0.0,icmp,1590964080,2020-05-31 22:28:00+00:00
870719,jinan-telecom,wuhan-telecom,39.6855,0.0,icmp,1590964200,2020-05-31 22:30:00+00:00
870936,jinan-telecom,wuhan-telecom,39.41,0.0,icmp,1590964279,2020-05-31 22:31:19+00:00
871164,jinan-telecom,wuhan-telecom,39.8105,0.0,icmp,1590964399,2020-05-31 22:33:19+00:00
871397,jinan-telecom,wuhan-telecom,45.0755,0.0,icmp,1590964560,2020-05-31 22:36:00+00:00
871610,jinan-telecom,wuhan-telecom,52.0319,0.0,icmp,1590964680,2020-05-31 22:38:00+00:00
871865,jinan-telecom,wuhan-telecom,49.6066,0.0,icmp,1590964800,2020-05-31 22:40:00+00:00
872074,jinan-telecom,wuhan-telecom,47.8875,0.0,icmp,1590964920,2020-05-31 22:42:00+00:00
872313,jinan-telecom,wuhan-telecom,39.4724,0.0,icmp,1590964999,2020-05-31 22:43:19+00:00
872538,jinan-telecom,wuhan-telecom,50.1644,0.0,icmp,1590965160,2020-05-31 22:46:00+00:00
872760,jinan-telecom,wuhan-telecom,40.855,0.0,icmp,1590965280,2020-05-31 22:48:00+00:00
873008,jinan-telecom,wuhan-telecom,39.3819,0.0,icmp,1590965359,2020-05-31 22:49:19+00:00
873231,jinan-telecom,wuhan-telecom,49.2715,0.0,icmp,1590965520,2020-05-31 22:52:00+00:00
873447,jinan-telecom,wuhan-telecom,51.7989,0.0,icmp,1590965640,2020-05-31 22:54:00+00:00
873688,jinan-telecom,wuhan-telecom,51.5993,0.0,icmp,1590965760,2020-05-31 22:56:00+00:00
873922,jinan-telecom,wuhan-telecom,48.922,0.0,icmp,1590965880,2020-05-31 22:58:00+00:00
874126,jinan-telecom,wuhan-telecom,50.2806,0.0,icmp,1590966000,2020-05-31 23:00:00+00:00
874341,jinan-telecom,wuhan-telecom,39.4618,0.0,icmp,1590966079,2020-05-31 23:01:19+00:00
874599,jinan-telecom,wuhan-telecom,40.0506,0.0,icmp,1590966240,2020-05-31 23:04:00+00:00
874844,jinan-telecom,wuhan-telecom,51.5471,0.0,icmp,1590966360,2020-05-31 23:06:00+00:00
875059,jinan-telecom,wuhan-telecom,48.2189,0.0,icmp,1590966480,2020-05-31 23:08:00+00:00
875299,jinan-telecom,wuhan-telecom,50.7359,0.0,icmp,1590966600,2020-05-31 23:10:00+00:00
875510,jinan-telecom,wuhan-telecom,39.5488,0.0,icmp,1590966679,2020-05-31 23:11:19+00:00
875753,jinan-telecom,wuhan-telecom,44.4569,0.0,icmp,1590966840,2020-05-31 23:14:00+00:00
875963,jinan-telecom,wuhan-telecom,46.4712,0.0,icmp,1590966960,2020-05-31 23:16:00+00:00
876195,jinan-telecom,wuhan-telecom,52.6098,0.0,icmp,1590967080,2020-05-31 23:18:00+00:00
876417,jinan-telecom,wuhan-telecom,49.3001,0.0,icmp,1590967200,2020-05-31 23:20:00+00:00
876655,jinan-telecom,wuhan-telecom,39.4241,0.0,icmp,1590967279,2020-05-31 23:21:19+00:00
876891,jinan-telecom,wuhan-telecom,47.0456,0.0,icmp,1590967440,2020-05-31 23:24:00+00:00
877134,jinan-telecom,wuhan-telecom,39.4568,0.0,icmp,1590967519,2020-05-31 23:25:19+00:00
877370,jinan-telecom,wuhan-telecom,48.4874,0.0,icmp,1590967680,2020-05-31 23:28:00+00:00
877574,jinan-telecom,wuhan-telecom,49.9514,0.0,icmp,1590967800,2020-05-31 23:30:00+00:00
877798,jinan-telecom,wuhan-telecom,48.0635,0.0,icmp,1590967920,2020-05-31 23:32:00+00:00
878041,jinan-telecom,wuhan-telecom,49.4364,0.0,icmp,1590968040,2020-05-31 23:34:00+00:00
878277,jinan-telecom,wuhan-telecom,47.4045,0.0,icmp,1590968160,2020-05-31 23:36:00+00:00
878509,jinan-telecom,wuhan-telecom,43.8697,0.0,icmp,1590968280,2020-05-31 23:38:00+00:00
878708,jinan-telecom,wuhan-telecom,39.5673,0.0,icmp,1590968359,2020-05-31 23:39:19+00:00
878954,jinan-telecom,wuhan-telecom,46.8133,0.0,icmp,1590968520,2020-05-31 23:42:00+00:00
879198,jinan-telecom,wuhan-telecom,45.9879,0.0,icmp,1590968640,2020-05-31 23:44:00+00:00
879401,jinan-telecom,wuhan-telecom,49.7102,0.0,icmp,1590968760,2020-05-31 23:46:00+00:00
879641,jinan-telecom,wuhan-telecom,39.9491,0.0,icmp,1590968839,2020-05-31 23:47:19+00:00
879885,jinan-telecom,wuhan-telecom,45.1461,0.0,icmp,1590969000,2020-05-31 23:50:00+00:00
880102,jinan-telecom,wuhan-telecom,44.5458,0.0,icmp,1590969120,2020-05-31 23:52:00+00:00
880325,jinan-telecom,wuhan-telecom,49.1238,0.0,icmp,1590969240,2020-05-31 23:54:00+00:00
880547,jinan-telecom,wuhan-telecom,48.1701,0.0,icmp,1590969360,2020-05-31 23:56:00+00:00
880777,jinan-telecom,wuhan-telecom,39.4094,0.0,icmp,1590969439,2020-05-31 23:57:19+00:00
881005,jinan-telecom,wuhan-telecom,42.4774,0.0,icmp,1590969600,2020-06-01 00:00:00+00:00
881245,jinan-telecom,wuhan-telecom,50.8507,0.0,icmp,1590969720,2020-06-01 00:02:00+00:00
881487,jinan-telecom,wuhan-telecom,39.4537,0.0,icmp,1590969799,2020-06-01 00:03:19+00:00
881703,jinan-telecom,wuhan-telecom,39.839,0.0,icmp,1590969919,2020-06-01 00:05:19+00:00
881929,jinan-telecom,wuhan-telecom,39.5039,0.0,icmp,1590970039,2020-06-01 00:07:19+00:00
882148,jinan-telecom,wuhan-telecom,49.3313,0.0,icmp,1590970200,2020-06-01 00:10:00+00:00
882388,jinan-telecom,wuhan-telecom,49.9281,0.0,icmp,1590970320,2020-06-01 00:12:00+00:00
882629,jinan-telecom,wuhan-telecom,40.4924,0.0,icmp,1590970440,2020-06-01 00:14:00+00:00
882876,jinan-telecom,wuhan-telecom,47.5604,0.0,icmp,1590970560,2020-06-01 00:16:00+00:00
883075,jinan-telecom,wuhan-telecom,46.672,0.0,icmp,1590970680,2020-06-01 00:18:00+00:00
883305,jinan-telecom,wuhan-telecom,42.9671,0.0,icmp,1590970800,2020-06-01 00:20:00+00:00
883521,jinan-telecom,wuhan-telecom,47.4379,0.0,icmp,1590970920,2020-06-01 00:22:00+00:00
883759,jinan-telecom,wuhan-telecom,39.5787,0.0,icmp,1590970999,2020-06-01 00:23:19+00:00
883992,jinan-telecom,wuhan-telecom,47.3696,0.0,icmp,1590971160,2020-06-01 00:26:00+00:00
884231,jinan-telecom,wuhan-telecom,50.654,0.0,icmp,1590971280,2020-06-01 00:28:00+00:00
884453,jinan-telecom,wuhan-telecom,50.2454,0.0,icmp,1590971400,2020-06-01 00:30:00+00:00
884682,jinan-telecom,wuhan-telecom,50.586,0.0,icmp,1590971520,2020-06-01 00:32:00+00:00
884905,jinan-telecom,wuhan-telecom,49.1861,0.0,icmp,1590971640,2020-06-01 00:34:00+00:00
885135,jinan-telecom,wuhan-telecom,39.6649,0.0,icmp,1590971719,2020-06-01 00:35:19+00:00
885348,jinan-telecom,wuhan-telecom,52.3736,0.0,icmp,1590971880,2020-06-01 00:38:00+00:00
885585,jinan-telecom,wuhan-telecom,49.5175,0.0,icmp,1590972000,2020-06-01 00:40:00+00:00
885827,jinan-telecom,wuhan-telecom,53.182,0.0,icmp,1590972120,2020-06-01 00:42:00+00:00
886047,jinan-telecom,wuhan-telecom,43.0552,0.0,icmp,1590972240,2020-06-01 00:44:00+00:00
886265,jinan-telecom,wuhan-telecom,52.0195,0.0,icmp,1590972360,2020-06-01 00:46:00+00:00
886521,jinan-telecom,wuhan-telecom,39.4838,0.0,icmp,1590972439,2020-06-01 00:47:19+00:00
886724,jinan-telecom,wuhan-telecom,49.8883,0.0,icmp,1590972600,2020-06-01 00:50:00+00:00
886964,jinan-telecom,wuhan-telecom,39.3767,0.0,icmp,1590972679,2020-06-01 00:51:19+00:00
887199,jinan-telecom,wuhan-telecom,48.2863,0.0,icmp,1590972840,2020-06-01 00:54:00+00:00
887444,jinan-telecom,wuhan-telecom,39.4699,0.0,icmp,1590972919,2020-06-01 00:55:19+00:00
887651,jinan-telecom,wuhan-telecom,48.9229,0.0,icmp,1590973080,2020-06-01 00:58:00+00:00
887874,jinan-telecom,wuhan-telecom,49.51,0.0,icmp,1590973200,2020-06-01 01:00:00+00:00
888127,jinan-telecom,wuhan-telecom,49.8864,0.0,icmp,1590973320,2020-06-01 01:02:00+00:00
888352,jinan-telecom,wuhan-telecom,53.4068,0.0,icmp,1590973440,2020-06-01 01:04:00+00:00
888577,jinan-telecom,wuhan-telecom,42.9738,0.0,icmp,1590973560,2020-06-01 01:06:00+00:00
888807,jinan-telecom,wuhan-telecom,49.8533,0.0,icmp,1590973680,2020-06-01 01:08:00+00:00
889020,jinan-telecom,wuhan-telecom,48.3794,0.0,icmp,1590973800,2020-06-01 01:10:00+00:00
889278,jinan-telecom,wuhan-telecom,39.6666,0.0,icmp,1590973879,2020-06-01 01:11:19+00:00
889471,jinan-telecom,wuhan-telecom,48.8591,0.0,icmp,1590974040,2020-06-01 01:14:00+00:00
889710,jinan-telecom,wuhan-telecom,39.4267,0.0,icmp,1590974119,2020-06-01 01:15:19+00:00
889945,jinan-telecom,wuhan-telecom,49.6244,0.0,icmp,1590974280,2020-06-01 01:18:00+00:00
890185,jinan-telecom,wuhan-telecom,49.8684,0.0,icmp,1590974400,2020-06-01 01:20:00+00:00
890416,jinan-telecom,wuhan-telecom,39.5903,0.0,icmp,1590974479,2020-06-01 01:21:19+00:00
890630,jinan-telecom,wuhan-telecom,46.6184,0.0,icmp,1590974640,2020-06-01 01:24:00+00:00
890854,jinan-telecom,wuhan-telecom,45.3304,0.0,icmp,1590974760,2020-06-01 01:26:00+00:00
891095,jinan-telecom,wuhan-telecom,44.225,0.0,icmp,1590974880,2020-06-01 01:28:00+00:00
891319,jinan-telecom,wuhan-telecom,51.2615,0.0,icmp,1590975000,2020-06-01 01:30:00+00:00
891540,jinan-telecom,wuhan-telecom,51.6572,0.0,icmp,1590975120,2020-06-01 01:32:00+00:00
891774,jinan-telecom,wuhan-telecom,48.7221,0.0,icmp,1590975240,2020-06-01 01:34:00+00:00
891998,jinan-telecom,wuhan-telecom,51.05,0.0,icmp,1590975360,2020-06-01 01:36:00+00:00
892228,jinan-telecom,wuhan-telecom,48.3578,0.0,icmp,1590975480,2020-06-01 01:38:00+00:00
892449,jinan-telecom,wuhan-telecom,53.0894,0.0,icmp,1590975600,2020-06-01 01:40:00+00:00
892699,jinan-telecom,wuhan-telecom,49.768,0.0,icmp,1590975720,2020-06-01 01:42:00+00:00
892908,jinan-telecom,wuhan-telecom,48.6492,0.0,icmp,1590975840,2020-06-01 01:44:00+00:00
893139,jinan-telecom,wuhan-telecom,39.6988,0.0,icmp,1590975919,2020-06-01 01:45:19+00:00
893385,jinan-telecom,wuhan-telecom,52.6757,0.0,icmp,1590976080,2020-06-01 01:48:00+00:00
893615,jinan-telecom,wuhan-telecom,51.3077,0.0,icmp,1590976200,2020-06-01 01:50:00+00:00
893824,jinan-telecom,wuhan-telecom,39.3706,0.0,icmp,1590976279,2020-06-01 01:51:19+00:00
894056,jinan-telecom,wuhan-telecom,47.6998,0.0,icmp,1590976440,2020-06-01 01:54:00+00:00
894297,jinan-telecom,wuhan-telecom,39.4482,0.0,icmp,1590976519,2020-06-01 01:55:19+00:00
894531,jinan-telecom,wuhan-telecom,49.1129,0.0,icmp,1590976680,2020-06-01 01:58:00+00:00
894742,jinan-telecom,wuhan-telecom,39.5804,0.0,icmp,1590976759,2020-06-01 01:59:19+00:00
894980,jinan-telecom,wuhan-telecom,46.3187,0.0,icmp,1590976920,2020-06-01 02:02:00+00:00
895204,jinan-telecom,wuhan-telecom,47.6148,0.0,icmp,1590977040,2020-06-01 02:04:00+00:00
895425,jinan-telecom,wuhan-telecom,46.2042,0.0,icmp,1590977160,2020-06-01 02:06:00+00:00
895675,jinan-telecom,wuhan-telecom,47.8211,0.0,icmp,1590977280,2020-06-01 02:08:00+00:00
895915,jinan-telecom,wuhan-telecom,40.1111,0.0,icmp,1590977400,2020-06-01 02:10:00+00:00
896137,jinan-telecom,wuhan-telecom,49.6053,0.0,icmp,1590977520,2020-06-01 02:12:00+00:00
896355,jinan-telecom,wuhan-telecom,46.3723,0.0,icmp,1590977640,2020-06-01 02:14:00+00:00
896596,jinan-telecom,wuhan-telecom,48.377,0.0,icmp,1590977760,2020-06-01 02:16:00+00:00
896825,jinan-telecom,wuhan-telecom,39.4229,0.0,icmp,1590977839,2020-06-01 02:17:19+00:00
897029,jinan-telecom,wuhan-telecom,49.7718,0.0,icmp,1590978000,2020-06-01 02:20:00+00:00
897268,jinan-telecom,wuhan-telecom,49.9254,0.0,icmp,1590978120,2020-06-01 02:22:00+00:00
897499,jinan-telecom,wuhan-telecom,50.1194,0.0,icmp,1590978240,2020-06-01 02:24:00+00:00
897721,jinan-telecom,wuhan-telecom,39.7028,0.0,icmp,1590978319,2020-06-01 02:25:19+00:00
897958,jinan-telecom,wuhan-telecom,48.7632,0.0,icmp,1590978480,2020-06-01 02:28:00+00:00
898201,jinan-telecom,wuhan-telecom,48.0695,0.0,icmp,1590978600,2020-06-01 02:30:00+00:00
898408,jinan-telecom,wuhan-telecom,48.2011,0.0,icmp,1590978720,2020-06-01 02:32:00+00:00
898662,jinan-telecom,wuhan-telecom,50.4978,0.0,icmp,1590978840,2020-06-01 02:34:00+00:00
898892,jinan-telecom,wuhan-telecom,42.1553,0.0,icmp,1590978960,2020-06-01 02:36:00+00:00
899107,jinan-telecom,wuhan-telecom,42.0644,0.0,icmp,1590979080,2020-06-01 02:38:00+00:00
899349,jinan-telecom,wuhan-telecom,46.5133,0.0,icmp,1590979200,2020-06-01 02:40:00+00:00
899576,jinan-telecom,wuhan-telecom,39.5455,0.0,icmp,1590979279,2020-06-01 02:41:19+00:00
899799,jinan-telecom,wuhan-telecom,44.8726,0.0,icmp,1590979440,2020-06-01 02:44:00+00:00
900031,jinan-telecom,wuhan-telecom,39.4779,0.0,icmp,1590979519,2020-06-01 02:45:19+00:00
900262,jinan-telecom,wuhan-telecom,50.5822,0.0,icmp,1590979680,2020-06-01 02:48:00+00:00
900477,jinan-telecom,wuhan-telecom,39.4431,0.0,icmp,1590979759,2020-06-01 02:49:19+00:00
900708,jinan-telecom,wuhan-telecom,47.9111,0.0,icmp,1590979920,2020-06-01 02:52:00+00:00
900942,jinan-telecom,wuhan-telecom,43.8922,0.0,icmp,1590980040,2020-06-01 02:54:00+00:00
901160,jinan-telecom,wuhan-telecom,48.8314,0.0,icmp,1590980160,2020-06-01 02:56:00+00:00
901402,jinan-telecom,wuhan-telecom,48.9967,0.0,icmp,1590980280,2020-06-01 02:58:00+00:00
901609,jinan-telecom,wuhan-telecom,45.1701,0.0,icmp,1590980400,2020-06-01 03:00:00+00:00
901856,jinan-telecom,wuhan-telecom,49.3338,1.0,icmp,1590980520,2020-06-01 03:02:00+00:00
902088,jinan-telecom,wuhan-telecom,39.9914,0.0,icmp,1590980599,2020-06-01 03:03:19+00:00
902313,jinan-telecom,wuhan-telecom,50.1866,0.0,icmp,1590980760,2020-06-01 03:06:00+00:00
902554,jinan-telecom,wuhan-telecom,41.2798,0.0,icmp,1590980880,2020-06-01 03:08:00+00:00
902768,jinan-telecom,wuhan-telecom,47.3354,0.0,icmp,1590981000,2020-06-01 03:10:00+00:00
903011,jinan-telecom,wuhan-telecom,48.2766,0.0,icmp,1590981120,2020-06-01 03:12:00+00:00
903229,jinan-telecom,wuhan-telecom,46.4225,0.0,icmp,1590981240,2020-06-01 03:14:00+00:00
903472,jinan-telecom,wuhan-telecom,40.7501,0.0,icmp,1590981360,2020-06-01 03:16:00+00:00
903716,jinan-telecom,wuhan-telecom,48.983,0.0,icmp,1590981480,2020-06-01 03:18:00+00:00
903925,jinan-telecom,wuhan-telecom,50.1532,0.0,icmp,1590981600,2020-06-01 03:20:00+00:00
904154,jinan-telecom,wuhan-telecom,48.7047,0.0,icmp,1590981720,2020-06-01 03:22:00+00:00
904408,jinan-telecom,wuhan-telecom,39.6797,0.0,icmp,1590981799,2020-06-01 03:23:19+00:00
904611,jinan-telecom,wuhan-telecom,49.0069,0.0,icmp,1590981960,2020-06-01 03:26:00+00:00
904815,jinan-telecom,wuhan-telecom,48.6779,0.0,icmp,1590982080,2020-06-01 03:28:00+00:00
905074,jinan-telecom,wuhan-telecom,46.6337,0.0,icmp,1590982200,2020-06-01 03:30:00+00:00
905289,jinan-telecom,wuhan-telecom,50.4701,0.0,icmp,1590982320,2020-06-01 03:32:00+00:00
905511,jinan-telecom,wuhan-telecom,47.4209,0.0,icmp,1590982440,2020-06-01 03:34:00+00:00
905737,jinan-telecom,wuhan-telecom,43.4873,0.0,icmp,1590982560,2020-06-01 03:36:00+00:00
905959,jinan-telecom,wuhan-telecom,49.0308,0.0,icmp,1590982680,2020-06-01 03:38:00+00:00
906214,jinan-telecom,wuhan-telecom,48.6413,0.0,icmp,1590982800,2020-06-01 03:40:00+00:00
906429,jinan-telecom,wuhan-telecom,51.766,0.0,icmp,1590982920,2020-06-01 03:42:00+00:00
906647,jinan-telecom,wuhan-telecom,49.248,0.0,icmp,1590983040,2020-06-01 03:44:00+00:00
906893,jinan-telecom,wuhan-telecom,39.6751,0.0,icmp,1590983119,2020-06-01 03:45:19+00:00
907108,jinan-telecom,wuhan-telecom,42.6868,0.0,icmp,1590983280,2020-06-01 03:48:00+00:00
907359,jinan-telecom,wuhan-telecom,54.4663,0.0,icmp,1590983400,2020-06-01 03:50:00+00:00
907583,jinan-telecom,wuhan-telecom,51.1885,0.0,icmp,1590983520,2020-06-01 03:52:00+00:00
907809,jinan-telecom,wuhan-telecom,47.5405,0.0,icmp,1590983640,2020-06-01 03:54:00+00:00
908035,jinan-telecom,wuhan-telecom,40.1389,0.0,icmp,1590983760,2020-06-01 03:56:00+00:00
908254,jinan-telecom,wuhan-telecom,40.2422,0.0,icmp,1590983880,2020-06-01 03:58:00+00:00
908496,jinan-telecom,wuhan-telecom,50.2985,0.0,icmp,1590984000,2020-06-01 04:00:00+00:00
908729,jinan-telecom,wuhan-telecom,50.0209,0.0,icmp,1590984120,2020-06-01 04:02:00+00:00
908963,jinan-telecom,wuhan-telecom,39.7228,0.0,icmp,1590984199,2020-06-01 04:03:19+00:00
909172,jinan-telecom,wuhan-telecom,39.7853,0.0,icmp,1590984319,2020-06-01 04:05:19+00:00
909394,jinan-telecom,wuhan-telecom,51.0483,0.0,icmp,1590984480,2020-06-01 04:08:00+00:00
909653,jinan-telecom,wuhan-telecom,39.8848,0.0,icmp,1590984559,2020-06-01 04:09:19+00:00
909861,jinan-telecom,wuhan-telecom,39.6158,0.0,icmp,1590984679,2020-06-01 04:11:19+00:00
910105,jinan-telecom,wuhan-telecom,46.8462,0.0,icmp,1590984840,2020-06-01 04:14:00+00:00
910323,jinan-telecom,wuhan-telecom,48.0792,0.0,icmp,1590984960,2020-06-01 04:16:00+00:00
910557,jinan-telecom,wuhan-telecom,46.8201,0.0,icmp,1590985080,2020-06-01 04:18:00+00:00
910784,jinan-telecom,wuhan-telecom,50.3316,0.0,icmp,1590985200,2020-06-01 04:20:00+00:00
910998,jinan-telecom,wuhan-telecom,47.6262,0.0,icmp,1590985320,2020-06-01 04:22:00+00:00
911241,jinan-telecom,wuhan-telecom,50.6868,0.0,icmp,1590985440,2020-06-01 04:24:00+00:00
911501,jinan-telecom,wuhan-telecom,50.0042,0.0,icmp,1590985560,2020-06-01 04:26:00+00:00
911692,jinan-telecom,wuhan-telecom,39.7619,0.0,icmp,1590985639,2020-06-01 04:27:19+00:00
911926,jinan-telecom,wuhan-telecom,39.6438,0.0,icmp,1590985759,2020-06-01 04:29:19+00:00
912157,jinan-telecom,wuhan-telecom,49.3187,0.0,icmp,1590985920,2020-06-01 04:32:00+00:00
912378,jinan-telecom,wuhan-telecom,49.0831,0.0,icmp,1590986040,2020-06-01 04:34:00+00:00
912616,jinan-telecom,wuhan-telecom,49.6699,0.0,icmp,1590986160,2020-06-01 04:36:00+00:00
912849,jinan-telecom,wuhan-telecom,43.4828,0.0,icmp,1590986280,2020-06-01 04:38:00+00:00
913091,jinan-telecom,wuhan-telecom,51.9478,1.0,icmp,1590986400,2020-06-01 04:40:00+00:00
913296,jinan-telecom,wuhan-telecom,49.6072,0.0,icmp,1590986520,2020-06-01 04:42:00+00:00
913526,jinan-telecom,wuhan-telecom,47.805,0.0,icmp,1590986640,2020-06-01 04:44:00+00:00
913763,jinan-telecom,wuhan-telecom,49.0498,0.0,icmp,1590986760,2020-06-01 04:46:00+00:00
913988,jinan-telecom,wuhan-telecom,39.7299,0.0,icmp,1590986839,2020-06-01 04:47:19+00:00
914204,jinan-telecom,wuhan-telecom,39.7812,0.0,icmp,1590986959,2020-06-01 04:49:19+00:00
914447,jinan-telecom,wuhan-telecom,48.7148,0.0,icmp,1590987120,2020-06-01 04:52:00+00:00
914677,jinan-telecom,wuhan-telecom,45.7406,0.0,icmp,1590987240,2020-06-01 04:54:00+00:00
914911,jinan-telecom,wuhan-telecom,49.4245,0.0,icmp,1590987360,2020-06-01 04:56:00+00:00
915132,jinan-telecom,wuhan-telecom,50.8458,0.0,icmp,1590987480,2020-06-01 04:58:00+00:00
915363,jinan-telecom,wuhan-telecom,46.917,0.0,icmp,1590987600,2020-06-01 05:00:00+00:00
915577,jinan-telecom,wuhan-telecom,48.6281,0.0,icmp,1590987720,2020-06-01 05:02:00+00:00
915829,jinan-telecom,wuhan-telecom,50.6411,0.0,icmp,1590987840,2020-06-01 05:04:00+00:00
916067,jinan-telecom,wuhan-telecom,49.06,0.0,icmp,1590987960,2020-06-01 05:06:00+00:00
916273,jinan-telecom,wuhan-telecom,47.2377,0.0,icmp,1590988080,2020-06-01 05:08:00+00:00
916504,jinan-telecom,wuhan-telecom,45.3523,0.0,icmp,1590988200,2020-06-01 05:10:00+00:00
916738,jinan-telecom,wuhan-telecom,44.5666,0.0,icmp,1590988320,2020-06-01 05:12:00+00:00
916957,jinan-telecom,wuhan-telecom,39.9311,0.0,icmp,1590988399,2020-06-01 05:13:19+00:00
917210,jinan-telecom,wuhan-telecom,51.6656,0.0,icmp,1590988560,2020-06-01 05:16:00+00:00
917421,jinan-telecom,wuhan-telecom,49.1557,0.0,icmp,1590988680,2020-06-01 05:18:00+00:00
917659,jinan-telecom,wuhan-telecom,53.4214,0.0,icmp,1590988800,2020-06-01 05:20:00+00:00
917896,jinan-telecom,wuhan-telecom,50.1753,0.0,icmp,1590988920,2020-06-01 05:22:00+00:00
918103,jinan-telecom,wuhan-telecom,39.6986,0.0,icmp,1590988999,2020-06-01 05:23:19+00:00
918345,jinan-telecom,wuhan-telecom,40.1106,0.0,icmp,1590989119,2020-06-01 05:25:19+00:00
918578,jinan-telecom,wuhan-telecom,45.4174,0.0,icmp,1590989280,2020-06-01 05:28:00+00:00
918781,jinan-telecom,wuhan-telecom,51.1985,0.0,icmp,1590989400,2020-06-01 05:30:00+00:00
919022,jinan-telecom,wuhan-telecom,45.374,0.0,icmp,1590989520,2020-06-01 05:32:00+00:00
919269,jinan-telecom,wuhan-telecom,46.3749,0.0,icmp,1590989640,2020-06-01 05:34:00+00:00
919479,jinan-telecom,wuhan-telecom,39.6897,0.0,icmp,1590989719,2020-06-01 05:35:19+00:00
919735,jinan-telecom,wuhan-telecom,48.5307,0.0,icmp,1590989880,2020-06-01 05:38:00+00:00
919959,jinan-telecom,wuhan-telecom,51.7569,0.0,icmp,1590990000,2020-06-01 05:40:00+00:00
920171,jinan-telecom,wuhan-telecom,48.0948,0.0,icmp,1590990120,2020-06-01 05:42:00+00:00
920391,jinan-telecom,wuhan-telecom,48.7861,0.0,icmp,1590990240,2020-06-01 05:44:00+00:00
920617,jinan-telecom,wuhan-telecom,47.8667,0.0,icmp,1590990360,2020-06-01 05:46:00+00:00
920860,jinan-telecom,wuhan-telecom,51.8151,0.0,icmp,1590990480,2020-06-01 05:48:00+00:00
921078,jinan-telecom,wuhan-telecom,39.6717,0.0,icmp,1590990559,2020-06-01 05:49:19+00:00
921310,jinan-telecom,wuhan-telecom,51.6725,0.0,icmp,1590990720,2020-06-01 05:52:00+00:00
921541,jinan-telecom,wuhan-telecom,47.0059,0.0,icmp,1590990840,2020-06-01 05:54:00+00:00
921762,jinan-telecom,wuhan-telecom,52.835,0.0,icmp,1590990960,2020-06-01 05:56:00+00:00
922007,jinan-telecom,wuhan-telecom,49.7852,0.0,icmp,1590991080,2020-06-01 05:58:00+00:00
922232,jinan-telecom,wuhan-telecom,46.2461,0.0,icmp,1590991200,2020-06-01 06:00:00+00:00
922454,jinan-telecom,wuhan-telecom,48.1084,0.0,icmp,1590991320,2020-06-01 06:02:00+00:00
922682,jinan-telecom,wuhan-telecom,51.2617,0.0,icmp,1590991440,2020-06-01 06:04:00+00:00
922931,jinan-telecom,wuhan-telecom,50.4302,0.0,icmp,1590991560,2020-06-01 06:06:00+00:00
923137,jinan-telecom,wuhan-telecom,50.1327,0.0,icmp,1590991680,2020-06-01 06:08:00+00:00
923368,jinan-telecom,wuhan-telecom,53.9924,0.0,icmp,1590991800,2020-06-01 06:10:00+00:00
923600,jinan-telecom,wuhan-telecom,46.8819,0.0,icmp,1590991920,2020-06-01 06:12:00+00:00
923852,jinan-telecom,wuhan-telecom,46.8022,0.0,icmp,1590992040,2020-06-01 06:14:00+00:00
924069,jinan-telecom,wuhan-telecom,48.0086,0.0,icmp,1590992160,2020-06-01 06:16:00+00:00
924279,jinan-telecom,wuhan-telecom,51.4203,0.0,icmp,1590992280,2020-06-01 06:18:00+00:00
924513,jinan-telecom,wuhan-telecom,47.5447,0.0,icmp,1590992400,2020-06-01 06:20:00+00:00
924756,jinan-telecom,wuhan-telecom,45.3492,0.0,icmp,1590992520,2020-06-01 06:22:00+00:00
924994,jinan-telecom,wuhan-telecom,49.8941,0.0,icmp,1590992640,2020-06-01 06:24:00+00:00
925197,jinan-telecom,wuhan-telecom,39.771,0.0,icmp,1590992719,2020-06-01 06:25:19+00:00
925438,jinan-telecom,wuhan-telecom,44.6286,0.0,icmp,1590992880,2020-06-01 06:28:00+00:00
925685,jinan-telecom,wuhan-telecom,49.5657,0.0,icmp,1590993000,2020-06-01 06:30:00+00:00
925884,jinan-telecom,wuhan-telecom,51.0639,0.0,icmp,1590993120,2020-06-01 06:32:00+00:00
926134,jinan-telecom,wuhan-telecom,46.083,0.0,icmp,1590993240,2020-06-01 06:34:00+00:00
926345,jinan-telecom,wuhan-telecom,49.9649,0.0,icmp,1590993360,2020-06-01 06:36:00+00:00
926587,jinan-telecom,wuhan-telecom,47.1534,0.0,icmp,1590993480,2020-06-01 06:38:00+00:00
926798,jinan-telecom,wuhan-telecom,50.8257,0.0,icmp,1590993600,2020-06-01 06:40:00+00:00
927046,jinan-telecom,wuhan-telecom,51.6056,0.0,icmp,1590993720,2020-06-01 06:42:00+00:00
927270,jinan-telecom,wuhan-telecom,53.5658,0.0,icmp,1590993840,2020-06-01 06:44:00+00:00
927504,jinan-telecom,wuhan-telecom,39.9304,0.0,icmp,1590993919,2020-06-01 06:45:19+00:00
927732,jinan-telecom,wuhan-telecom,39.6873,0.0,icmp,1590994039,2020-06-01 06:47:19+00:00
927960,jinan-telecom,wuhan-telecom,39.7179,0.0,icmp,1590994159,2020-06-01 06:49:19+00:00
928193,jinan-telecom,wuhan-telecom,42.693,0.0,icmp,1590994320,2020-06-01 06:52:00+00:00
928405,jinan-telecom,wuhan-telecom,39.7571,0.0,icmp,1590994399,2020-06-01 06:53:19+00:00
928647,jinan-telecom,wuhan-telecom,50.2217,0.0,icmp,1590994560,2020-06-01 06:56:00+00:00
928888,jinan-telecom,wuhan-telecom,49.2598,0.0,icmp,1590994680,2020-06-01 06:58:00+00:00
929106,jinan-telecom,wuhan-telecom,39.6095,0.0,icmp,1590994759,2020-06-01 06:59:19+00:00
929309,jinan-telecom,wuhan-telecom,53.4507,0.0,icmp,1590994920,2020-06-01 07:02:00+00:00
929556,jinan-telecom,wuhan-telecom,39.914,0.0,icmp,1590994999,2020-06-01 07:03:19+00:00
929789,jinan-telecom,wuhan-telecom,39.6465,0.0,icmp,1590995119,2020-06-01 07:05:19+00:00
930015,jinan-telecom,wuhan-telecom,46.0311,0.0,icmp,1590995280,2020-06-01 07:08:00+00:00
930235,jinan-telecom,wuhan-telecom,46.43,0.0,icmp,1590995400,2020-06-01 07:10:00+00:00
930473,jinan-telecom,wuhan-telecom,39.8305,0.0,icmp,1590995479,2020-06-01 07:11:19+00:00
930702,jinan-telecom,wuhan-telecom,43.4956,0.0,icmp,1590995640,2020-06-01 07:14:00+00:00
930922,jinan-telecom,wuhan-telecom,46.4918,0.0,icmp,1590995760,2020-06-01 07:16:00+00:00
931167,jinan-telecom,wuhan-telecom,48.4354,0.0,icmp,1590995880,2020-06-01 07:18:00+00:00
931387,jinan-telecom,wuhan-telecom,47.2423,0.0,icmp,1590996000,2020-06-01 07:20:00+00:00
931606,jinan-telecom,wuhan-telecom,49.8298,0.0,icmp,1590996120,2020-06-01 07:22:00+00:00
931870,jinan-telecom,wuhan-telecom,39.6839,0.0,icmp,1590996199,2020-06-01 07:23:19+00:00
932099,jinan-telecom,wuhan-telecom,47.0143,0.0,icmp,1590996360,2020-06-01 07:26:00+00:00
932311,jinan-telecom,wuhan-telecom,40.214,0.0,icmp,1590996439,2020-06-01 07:27:19+00:00
932528,jinan-telecom,wuhan-telecom,48.7094,0.0,icmp,1590996600,2020-06-01 07:30:00+00:00
932768,jinan-telecom,wuhan-telecom,39.869,0.0,icmp,1590996679,2020-06-01 07:31:19+00:00
933013,jinan-telecom,wuhan-telecom,51.2033,0.0,icmp,1590996840,2020-06-01 07:34:00+00:00
933238,jinan-telecom,wuhan-telecom,43.5426,0.0,icmp,1590996960,2020-06-01 07:36:00+00:00
933445,jinan-telecom,wuhan-telecom,47.4361,0.0,icmp,1590997080,2020-06-01 07:38:00+00:00
933679,jinan-telecom,wuhan-telecom,51.8536,0.0,icmp,1590997200,2020-06-01 07:40:00+00:00
933913,jinan-telecom,wuhan-telecom,47.4013,0.0,icmp,1590997320,2020-06-01 07:42:00+00:00
934146,jinan-telecom,wuhan-telecom,49.1442,0.0,icmp,1590997440,2020-06-01 07:44:00+00:00
934370,jinan-telecom,wuhan-telecom,45.5373,0.0,icmp,1590997560,2020-06-01 07:46:00+00:00
934584,jinan-telecom,wuhan-telecom,49.354,0.0,icmp,1590997680,2020-06-01 07:48:00+00:00
934818,jinan-telecom,wuhan-telecom,40.1896,0.0,icmp,1590997759,2020-06-01 07:49:19+00:00
935066,jinan-telecom,wuhan-telecom,48.3631,0.0,icmp,1590997920,2020-06-01 07:52:00+00:00
935300,jinan-telecom,wuhan-telecom,49.523,0.0,icmp,1590998040,2020-06-01 07:54:00+00:00
935524,jinan-telecom,wuhan-telecom,49.0324,0.0,icmp,1590998160,2020-06-01 07:56:00+00:00
935747,jinan-telecom,wuhan-telecom,47.2088,0.0,icmp,1590998280,2020-06-01 07:58:00+00:00
935956,jinan-telecom,wuhan-telecom,42.397,0.0,icmp,1590998400,2020-06-01 08:00:00+00:00
936195,jinan-telecom,wuhan-telecom,52.9807,0.0,icmp,1590998520,2020-06-01 08:02:00+00:00
936430,jinan-telecom,wuhan-telecom,39.7594,0.0,icmp,1590998599,2020-06-01 08:03:19+00:00
936653,jinan-telecom,wuhan-telecom,50.0191,0.0,icmp,1590998760,2020-06-01 08:06:00+00:00
936880,jinan-telecom,wuhan-telecom,51.7861,0.0,icmp,1590998880,2020-06-01 08:08:00+00:00
937117,jinan-telecom,wuhan-telecom,49.9165,0.0,icmp,1590999000,2020-06-01 08:10:00+00:00
937335,jinan-telecom,wuhan-telecom,46.5772,0.0,icmp,1590999120,2020-06-01 08:12:00+00:00
937569,jinan-telecom,wuhan-telecom,39.6589,0.0,icmp,1590999199,2020-06-01 08:13:19+00:00
937809,jinan-telecom,wuhan-telecom,47.3199,0.0,icmp,1590999360,2020-06-01 08:16:00+00:00
938040,jinan-telecom,wuhan-telecom,49.3676,0.0,icmp,1590999480,2020-06-01 08:18:00+00:00
938253,jinan-telecom,wuhan-telecom,39.7125,0.0,icmp,1590999559,2020-06-01 08:19:19+00:00
938499,jinan-telecom,wuhan-telecom,49.9916,0.0,icmp,1590999720,2020-06-01 08:22:00+00:00
938724,jinan-telecom,wuhan-telecom,46.9305,0.0,icmp,1590999840,2020-06-01 08:24:00+00:00
938940,jinan-telecom,wuhan-telecom,41.3199,0.0,icmp,1590999960,2020-06-01 08:26:00+00:00
939189,jinan-telecom,wuhan-telecom,50.1151,0.0,icmp,1591000080,2020-06-01 08:28:00+00:00
939400,jinan-telecom,wuhan-telecom,48.8123,0.0,icmp,1591000200,2020-06-01 08:30:00+00:00
939637,jinan-telecom,wuhan-telecom,39.7061,0.0,icmp,1591000279,2020-06-01 08:31:19+00:00
939857,jinan-telecom,wuhan-telecom,50.9566,0.0,icmp,1591000440,2020-06-01 08:34:00+00:00
940083,jinan-telecom,wuhan-telecom,48.8719,0.0,icmp,1591000560,2020-06-01 08:36:00+00:00
940308,jinan-telecom,wuhan-telecom,50.2311,0.0,icmp,1591000680,2020-06-01 08:38:00+00:00
940555,jinan-telecom,wuhan-telecom,51.3822,0.0,icmp,1591000800,2020-06-01 08:40:00+00:00
940784,jinan-telecom,wuhan-telecom,47.79,0.0,icmp,1591000920,2020-06-01 08:42:00+00:00
941000,jinan-telecom,wuhan-telecom,52.7511,0.0,icmp,1591001040,2020-06-01 08:44:00+00:00
941238,jinan-telecom,wuhan-telecom,39.9259,0.0,icmp,1591001119,2020-06-01 08:45:19+00:00
941484,jinan-telecom,wuhan-telecom,42.1889,0.0,icmp,1591001280,2020-06-01 08:48:00+00:00
941689,jinan-telecom,wuhan-telecom,47.9439,0.0,icmp,1591001400,2020-06-01 08:50:00+00:00
941928,jinan-telecom,wuhan-telecom,47.2897,0.0,icmp,1591001520,2020-06-01 08:52:00+00:00
942165,jinan-telecom,wuhan-telecom,39.7584,0.0,icmp,1591001599,2020-06-01 08:53:19+00:00
942372,jinan-telecom,wuhan-telecom,50.3621,0.0,icmp,1591001760,2020-06-01 08:56:00+00:00
942616,jinan-telecom,wuhan-telecom,48.0976,0.0,icmp,1591001880,2020-06-01 08:58:00+00:00
942845,jinan-telecom,wuhan-telecom,46.9611,0.0,icmp,1591002000,2020-06-01 09:00:00+00:00
943091,jinan-telecom,wuhan-telecom,50.1242,0.0,icmp,1591002120,2020-06-01 09:02:00+00:00
943313,jinan-telecom,wuhan-telecom,49.3761,0.0,icmp,1591002240,2020-06-01 09:04:00+00:00
943517,jinan-telecom,wuhan-telecom,52.5734,0.0,icmp,1591002360,2020-06-01 09:06:00+00:00
943754,jinan-telecom,wuhan-telecom,46.9441,0.0,icmp,1591002480,2020-06-01 09:08:00+00:00
2473017,jinan-telecom,wuhan-telecom,48.3642,0.0,icmp,1590940740,2020-05-31 15:59:00+00:00
2473284,jinan-telecom,wuhan-telecom,47.8711,0.0,icmp,1590940860,2020-05-31 16:01:00+00:00
2473509,jinan-telecom,wuhan-telecom,40.0021,0.0,icmp,1590940999,2020-05-31 16:03:19+00:00
2473756,jinan-telecom,wuhan-telecom,48.2409,0.0,icmp,1590941100,2020-05-31 16:05:00+00:00
2473969,jinan-telecom,wuhan-telecom,39.4806,0.0,icmp,1590941239,2020-05-31 16:07:19+00:00
2474185,jinan-telecom,wuhan-telecom,47.7713,0.0,icmp,1590941340,2020-05-31 16:09:00+00:00
2474386,jinan-telecom,wuhan-telecom,47.7655,0.0,icmp,1590941460,2020-05-31 16:11:00+00:00
2474651,jinan-telecom,wuhan-telecom,39.4729,0.0,icmp,1590941599,2020-05-31 16:13:19+00:00
2474876,jinan-telecom,wuhan-telecom,49.1671,0.0,icmp,1590941700,2020-05-31 16:15:00+00:00
2475117,jinan-telecom,wuhan-telecom,48.6964,0.0,icmp,1590941820,2020-05-31 16:17:00+00:00
2475322,jinan-telecom,wuhan-telecom,47.6977,0.0,icmp,1590941940,2020-05-31 16:19:00+00:00
2475571,jinan-telecom,wuhan-telecom,49.9292,0.0,icmp,1590942060,2020-05-31 16:21:00+00:00
2475788,jinan-telecom,wuhan-telecom,49.6188,0.0,icmp,1590942180,2020-05-31 16:23:00+00:00
2476015,jinan-telecom,wuhan-telecom,39.8248,0.0,icmp,1590942319,2020-05-31 16:25:19+00:00
2476259,jinan-telecom,wuhan-telecom,39.4736,0.0,icmp,1590942439,2020-05-31 16:27:19+00:00
2476475,jinan-telecom,wuhan-telecom,42.9689,0.0,icmp,1590942540,2020-05-31 16:29:00+00:00
2476700,jinan-telecom,wuhan-telecom,49.8424,0.0,icmp,1590942660,2020-05-31 16:31:00+00:00
2476948,jinan-telecom,wuhan-telecom,51.7353,0.0,icmp,1590942780,2020-05-31 16:33:00+00:00
2477159,jinan-telecom,wuhan-telecom,39.5028,0.0,icmp,1590942919,2020-05-31 16:35:19+00:00
2477377,jinan-telecom,wuhan-telecom,49.6807,0.0,icmp,1590943020,2020-05-31 16:37:00+00:00
2477635,jinan-telecom,wuhan-telecom,39.4784,0.0,icmp,1590943159,2020-05-31 16:39:19+00:00
2477858,jinan-telecom,wuhan-telecom,53.3396,0.0,icmp,1590943260,2020-05-31 16:41:00+00:00
2478091,jinan-telecom,wuhan-telecom,42.5815,0.0,icmp,1590943380,2020-05-31 16:43:00+00:00
2478315,jinan-telecom,wuhan-telecom,44.7594,0.0,icmp,1590943500,2020-05-31 16:45:00+00:00
2478533,jinan-telecom,wuhan-telecom,49.3789,0.0,icmp,1590943620,2020-05-31 16:47:00+00:00
2478784,jinan-telecom,wuhan-telecom,42.7719,0.0,icmp,1590943740,2020-05-31 16:49:00+00:00
2478983,jinan-telecom,wuhan-telecom,49.8061,0.0,icmp,1590943860,2020-05-31 16:51:00+00:00
2479234,jinan-telecom,wuhan-telecom,49.2491,0.0,icmp,1590943980,2020-05-31 16:53:00+00:00
2479438,jinan-telecom,wuhan-telecom,47.1267,0.0,icmp,1590944100,2020-05-31 16:55:00+00:00
2479684,jinan-telecom,wuhan-telecom,45.1542,0.0,icmp,1590944220,2020-05-31 16:57:00+00:00
2479907,jinan-telecom,wuhan-telecom,47.571,0.0,icmp,1590944340,2020-05-31 16:59:00+00:00
2480190,jinan-telecom,wuhan-telecom,49.2245,0.0,icmp,1590944460,2020-05-31 17:01:00+00:00
2480384,jinan-telecom,wuhan-telecom,47.6567,0.0,icmp,1590944580,2020-05-31 17:03:00+00:00
2480599,jinan-telecom,wuhan-telecom,41.2107,0.0,icmp,1590944700,2020-05-31 17:05:00+00:00
2480834,jinan-telecom,wuhan-telecom,50.7047,0.0,icmp,1590944820,2020-05-31 17:07:00+00:00
2481058,jinan-telecom,wuhan-telecom,45.4969,0.0,icmp,1590944940,2020-05-31 17:09:00+00:00
2481286,jinan-telecom,wuhan-telecom,39.7488,0.0,icmp,1590945079,2020-05-31 17:11:19+00:00
2481528,jinan-telecom,wuhan-telecom,48.8938,0.0,icmp,1590945180,2020-05-31 17:13:00+00:00
2481748,jinan-telecom,wuhan-telecom,39.4009,0.0,icmp,1590945319,2020-05-31 17:15:19+00:00
2481978,jinan-telecom,wuhan-telecom,39.3689,0.0,icmp,1590945439,2020-05-31 17:17:19+00:00
2482201,jinan-telecom,wuhan-telecom,50.2471,0.0,icmp,1590945540,2020-05-31 17:19:00+00:00
2482428,jinan-telecom,wuhan-telecom,39.4266,0.0,icmp,1590945679,2020-05-31 17:21:19+00:00
2482670,jinan-telecom,wuhan-telecom,39.8634,0.0,icmp,1590945799,2020-05-31 17:23:19+00:00
2482868,jinan-telecom,wuhan-telecom,46.0261,0.0,icmp,1590945900,2020-05-31 17:25:00+00:00
2483110,jinan-telecom,wuhan-telecom,47.0254,0.0,icmp,1590946020,2020-05-31 17:27:00+00:00
2483341,jinan-telecom,wuhan-telecom,48.0117,0.0,icmp,1590946140,2020-05-31 17:29:00+00:00
2483574,jinan-telecom,wuhan-telecom,48.6593,0.0,icmp,1590946260,2020-05-31 17:31:00+00:00
2483790,jinan-telecom,wuhan-telecom,49.1149,0.0,icmp,1590946380,2020-05-31 17:33:00+00:00
2484025,jinan-telecom,wuhan-telecom,49.2955,0.0,icmp,1590946500,2020-05-31 17:35:00+00:00
2484263,jinan-telecom,wuhan-telecom,47.7985,0.0,icmp,1590946620,2020-05-31 17:37:00+00:00
2484497,jinan-telecom,wuhan-telecom,39.3626,0.0,icmp,1590946759,2020-05-31 17:39:19+00:00
2484735,jinan-telecom,wuhan-telecom,47.8013,0.0,icmp,1590946860,2020-05-31 17:41:00+00:00
2484954,jinan-telecom,wuhan-telecom,47.461,0.0,icmp,1590946980,2020-05-31 17:43:00+00:00
2485185,jinan-telecom,wuhan-telecom,51.8428,0.0,icmp,1590947100,2020-05-31 17:45:00+00:00
2485408,jinan-telecom,wuhan-telecom,39.3916,0.0,icmp,1590947239,2020-05-31 17:47:19+00:00
2485620,jinan-telecom,wuhan-telecom,50.366,0.0,icmp,1590947340,2020-05-31 17:49:00+00:00
2485850,jinan-telecom,wuhan-telecom,39.7651,0.0,icmp,1590947479,2020-05-31 17:51:19+00:00
2486112,jinan-telecom,wuhan-telecom,48.7445,0.0,icmp,1590947580,2020-05-31 17:53:00+00:00
2486324,jinan-telecom,wuhan-telecom,41.5343,0.0,icmp,1590947700,2020-05-31 17:55:00+00:00
2486558,jinan-telecom,wuhan-telecom,39.6345,0.0,icmp,1590947839,2020-05-31 17:57:19+00:00
2486780,jinan-telecom,wuhan-telecom,50.0909,0.0,icmp,1590947940,2020-05-31 17:59:00+00:00
2487027,jinan-telecom,wuhan-telecom,39.3667,0.0,icmp,1590948079,2020-05-31 18:01:19+00:00
2487238,jinan-telecom,wuhan-telecom,49.2486,0.0,icmp,1590948180,2020-05-31 18:03:00+00:00
2487484,jinan-telecom,wuhan-telecom,49.7194,0.0,icmp,1590948300,2020-05-31 18:05:00+00:00
2487699,jinan-telecom,wuhan-telecom,49.8849,0.0,icmp,1590948420,2020-05-31 18:07:00+00:00
2487917,jinan-telecom,wuhan-telecom,39.3833,0.0,icmp,1590948559,2020-05-31 18:09:19+00:00
2488155,jinan-telecom,wuhan-telecom,49.3662,0.0,icmp,1590948660,2020-05-31 18:11:00+00:00
2488373,jinan-telecom,wuhan-telecom,39.4573,0.0,icmp,1590948799,2020-05-31 18:13:19+00:00
2488612,jinan-telecom,wuhan-telecom,46.4535,0.0,icmp,1590948900,2020-05-31 18:15:00+00:00
2488847,jinan-telecom,wuhan-telecom,47.7932,0.0,icmp,1590949020,2020-05-31 18:17:00+00:00
2489074,jinan-telecom,wuhan-telecom,47.8574,0.0,icmp,1590949140,2020-05-31 18:19:00+00:00
2489307,jinan-telecom,wuhan-telecom,40.5573,0.0,icmp,1590949260,2020-05-31 18:21:00+00:00
2489524,jinan-telecom,wuhan-telecom,39.5518,0.0,icmp,1590949399,2020-05-31 18:23:19+00:00
2489765,jinan-telecom,wuhan-telecom,39.3778,0.0,icmp,1590949519,2020-05-31 18:25:19+00:00
2490000,jinan-telecom,wuhan-telecom,48.1348,0.0,icmp,1590949620,2020-05-31 18:27:00+00:00
2490205,jinan-telecom,wuhan-telecom,51.0931,0.0,icmp,1590949740,2020-05-31 18:29:00+00:00
2490430,jinan-telecom,wuhan-telecom,48.0606,0.0,icmp,1590949860,2020-05-31 18:31:00+00:00
2490690,jinan-telecom,wuhan-telecom,48.6392,0.0,icmp,1590949980,2020-05-31 18:33:00+00:00
2490909,jinan-telecom,wuhan-telecom,39.3949,0.0,icmp,1590950119,2020-05-31 18:35:19+00:00
2491159,jinan-telecom,wuhan-telecom,39.6243,0.0,icmp,1590950239,2020-05-31 18:37:19+00:00
2491352,jinan-telecom,wuhan-telecom,47.3234,0.0,icmp,1590950340,2020-05-31 18:39:00+00:00
2491588,jinan-telecom,wuhan-telecom,48.7555,0.0,icmp,1590950460,2020-05-31 18:41:00+00:00
2491823,jinan-telecom,wuhan-telecom,39.8003,0.0,icmp,1590950599,2020-05-31 18:43:19+00:00
2492049,jinan-telecom,wuhan-telecom,46.9364,0.0,icmp,1590950700,2020-05-31 18:45:00+00:00
2492275,jinan-telecom,wuhan-telecom,39.5301,0.0,icmp,1590950839,2020-05-31 18:47:19+00:00
2492511,jinan-telecom,wuhan-telecom,51.6651,0.0,icmp,1590950940,2020-05-31 18:49:00+00:00
2492758,jinan-telecom,wuhan-telecom,47.6493,0.0,icmp,1590951060,2020-05-31 18:51:00+00:00
2492968,jinan-telecom,wuhan-telecom,48.8337,0.0,icmp,1590951180,2020-05-31 18:53:00+00:00
2493189,jinan-telecom,wuhan-telecom,47.2251,0.0,icmp,1590951300,2020-05-31 18:55:00+00:00
2493406,jinan-telecom,wuhan-telecom,48.8785,0.0,icmp,1590951420,2020-05-31 18:57:00+00:00
2493667,jinan-telecom,wuhan-telecom,39.6926,0.0,icmp,1590951559,2020-05-31 18:59:19+00:00
2493870,jinan-telecom,wuhan-telecom,45.2963,0.0,icmp,1590951660,2020-05-31 19:01:00+00:00
2494116,jinan-telecom,wuhan-telecom,48.5657,0.0,icmp,1590951780,2020-05-31 19:03:00+00:00
2494340,jinan-telecom,wuhan-telecom,47.8864,0.0,icmp,1590951900,2020-05-31 19:05:00+00:00
2494548,jinan-telecom,wuhan-telecom,47.6818,0.0,icmp,1590952020,2020-05-31 19:07:00+00:00
2494792,jinan-telecom,wuhan-telecom,49.1011,0.0,icmp,1590952140,2020-05-31 19:09:00+00:00
2495034,jinan-telecom,wuhan-telecom,48.4906,0.0,icmp,1590952260,2020-05-31 19:11:00+00:00
2495261,jinan-telecom,wuhan-telecom,47.2284,0.0,icmp,1590952380,2020-05-31 19:13:00+00:00
2495493,jinan-telecom,wuhan-telecom,47.0072,0.0,icmp,1590952500,2020-05-31 19:15:00+00:00
2495722,jinan-telecom,wuhan-telecom,39.8223,0.0,icmp,1590952639,2020-05-31 19:17:19+00:00
2495926,jinan-telecom,wuhan-telecom,49.8091,0.0,icmp,1590952740,2020-05-31 19:19:00+00:00
2496164,jinan-telecom,wuhan-telecom,48.9574,0.0,icmp,1590952860,2020-05-31 19:21:00+00:00
2496399,jinan-telecom,wuhan-telecom,47.9161,0.0,icmp,1590952980,2020-05-31 19:23:00+00:00
2496611,jinan-telecom,wuhan-telecom,45.1912,0.0,icmp,1590953100,2020-05-31 19:25:00+00:00
2496840,jinan-telecom,wuhan-telecom,39.4411,0.0,icmp,1590953239,2020-05-31 19:27:19+00:00
2497078,jinan-telecom,wuhan-telecom,49.4606,0.0,icmp,1590953340,2020-05-31 19:29:00+00:00
2497325,jinan-telecom,wuhan-telecom,47.0586,0.0,icmp,1590953460,2020-05-31 19:31:00+00:00
2497552,jinan-telecom,wuhan-telecom,51.0756,0.0,icmp,1590953580,2020-05-31 19:33:00+00:00
2497779,jinan-telecom,wuhan-telecom,48.6911,0.0,icmp,1590953700,2020-05-31 19:35:00+00:00
2497988,jinan-telecom,wuhan-telecom,50.2409,0.0,icmp,1590953820,2020-05-31 19:37:00+00:00
2498240,jinan-telecom,wuhan-telecom,49.0305,0.0,icmp,1590953940,2020-05-31 19:39:00+00:00
2498471,jinan-telecom,wuhan-telecom,50.093,0.0,icmp,1590954060,2020-05-31 19:41:00+00:00
2498709,jinan-telecom,wuhan-telecom,49.2805,0.0,icmp,1590954180,2020-05-31 19:43:00+00:00
2498929,jinan-telecom,wuhan-telecom,49.2534,0.0,icmp,1590954300,2020-05-31 19:45:00+00:00
2499146,jinan-telecom,wuhan-telecom,46.8494,0.0,icmp,1590954420,2020-05-31 19:47:00+00:00
2499387,jinan-telecom,wuhan-telecom,46.7821,0.0,icmp,1590954540,2020-05-31 19:49:00+00:00
2499602,jinan-telecom,wuhan-telecom,50.9427,0.0,icmp,1590954660,2020-05-31 19:51:00+00:00
2499817,jinan-telecom,wuhan-telecom,39.5347,0.0,icmp,1590954799,2020-05-31 19:53:19+00:00
2500065,jinan-telecom,wuhan-telecom,39.6046,0.0,icmp,1590954919,2020-05-31 19:55:19+00:00
2500276,jinan-telecom,wuhan-telecom,47.972,0.0,icmp,1590955020,2020-05-31 19:57:00+00:00
2500525,jinan-telecom,wuhan-telecom,45.9332,0.0,icmp,1590955140,2020-05-31 19:59:00+00:00
2500754,jinan-telecom,wuhan-telecom,39.5801,0.0,icmp,1590955279,2020-05-31 20:01:19+00:00
2500975,jinan-telecom,wuhan-telecom,47.8143,0.0,icmp,1590955380,2020-05-31 20:03:00+00:00
2501191,jinan-telecom,wuhan-telecom,41.2091,0.0,icmp,1590955500,2020-05-31 20:05:00+00:00
2501445,jinan-telecom,wuhan-telecom,39.4835,0.0,icmp,1590955639,2020-05-31 20:07:19+00:00
2501691,jinan-telecom,wuhan-telecom,47.9246,0.0,icmp,1590955740,2020-05-31 20:09:00+00:00
2501911,jinan-telecom,wuhan-telecom,39.6763,0.0,icmp,1590955879,2020-05-31 20:11:19+00:00
2502125,jinan-telecom,wuhan-telecom,48.9855,0.0,icmp,1590955980,2020-05-31 20:13:00+00:00
2502357,jinan-telecom,wuhan-telecom,50.2793,0.0,icmp,1590956100,2020-05-31 20:15:00+00:00
2502589,jinan-telecom,wuhan-telecom,50.5891,0.0,icmp,1590956220,2020-05-31 20:17:00+00:00
2502794,jinan-telecom,wuhan-telecom,44.0019,0.0,icmp,1590956340,2020-05-31 20:19:00+00:00
2503043,jinan-telecom,wuhan-telecom,42.9206,0.0,icmp,1590956460,2020-05-31 20:21:00+00:00
2503264,jinan-telecom,wuhan-telecom,48.8696,0.0,icmp,1590956580,2020-05-31 20:23:00+00:00
2503510,jinan-telecom,wuhan-telecom,51.6102,0.0,icmp,1590956700,2020-05-31 20:25:00+00:00
2503714,jinan-telecom,wuhan-telecom,48.0187,0.0,icmp,1590956820,2020-05-31 20:27:00+00:00
2503952,jinan-telecom,wuhan-telecom,47.0371,0.0,icmp,1590956940,2020-05-31 20:29:00+00:00
2504171,jinan-telecom,wuhan-telecom,45.7682,0.0,icmp,1590957060,2020-05-31 20:31:00+00:00
2504418,jinan-telecom,wuhan-telecom,45.8172,0.0,icmp,1590957180,2020-05-31 20:33:00+00:00
2504644,jinan-telecom,wuhan-telecom,40.248,0.0,icmp,1590957300,2020-05-31 20:35:00+00:00
2504877,jinan-telecom,wuhan-telecom,51.6569,0.0,icmp,1590957420,2020-05-31 20:37:00+00:00
2505097,jinan-telecom,wuhan-telecom,47.5181,0.0,icmp,1590957540,2020-05-31 20:39:00+00:00
2505333,jinan-telecom,wuhan-telecom,39.8789,0.0,icmp,1590957679,2020-05-31 20:41:19+00:00
2505551,jinan-telecom,wuhan-telecom,43.019,0.0,icmp,1590957780,2020-05-31 20:43:00+00:00
2505782,jinan-telecom,wuhan-telecom,40.6498,0.0,icmp,1590957900,2020-05-31 20:45:00+00:00
2506001,jinan-telecom,wuhan-telecom,48.6168,0.0,icmp,1590958020,2020-05-31 20:47:00+00:00
2506244,jinan-telecom,wuhan-telecom,49.2954,0.0,icmp,1590958140,2020-05-31 20:49:00+00:00
2506475,jinan-telecom,wuhan-telecom,39.5247,0.0,icmp,1590958279,2020-05-31 20:51:19+00:00
2506698,jinan-telecom,wuhan-telecom,39.9823,0.0,icmp,1590958380,2020-05-31 20:53:00+00:00
2506917,jinan-telecom,wuhan-telecom,52.4543,0.0,icmp,1590958500,2020-05-31 20:55:00+00:00
2507156,jinan-telecom,wuhan-telecom,42.8376,0.0,icmp,1590958620,2020-05-31 20:57:00+00:00
2507387,jinan-telecom,wuhan-telecom,48.1711,0.0,icmp,1590958740,2020-05-31 20:59:00+00:00
2507613,jinan-telecom,wuhan-telecom,50.2168,0.0,icmp,1590958860,2020-05-31 21:01:00+00:00
2507854,jinan-telecom,wuhan-telecom,39.4668,0.0,icmp,1590958999,2020-05-31 21:03:19+00:00
2508075,jinan-telecom,wuhan-telecom,50.4684,0.0,icmp,1590959100,2020-05-31 21:05:00+00:00
2508305,jinan-telecom,wuhan-telecom,47.3128,0.0,icmp,1590959220,2020-05-31 21:07:00+00:00
2508528,jinan-telecom,wuhan-telecom,50.8439,0.0,icmp,1590959340,2020-05-31 21:09:00+00:00
2508773,jinan-telecom,wuhan-telecom,39.5117,0.0,icmp,1590959479,2020-05-31 21:11:19+00:00
2508991,jinan-telecom,wuhan-telecom,46.9517,0.0,icmp,1590959580,2020-05-31 21:13:00+00:00
2509208,jinan-telecom,wuhan-telecom,39.4379,0.0,icmp,1590959719,2020-05-31 21:15:19+00:00
2509453,jinan-telecom,wuhan-telecom,45.3875,0.0,icmp,1590959820,2020-05-31 21:17:00+00:00
2509691,jinan-telecom,wuhan-telecom,49.2375,0.0,icmp,1590959940,2020-05-31 21:19:00+00:00
2509917,jinan-telecom,wuhan-telecom,44.0467,0.0,icmp,1590960060,2020-05-31 21:21:00+00:00
2510144,jinan-telecom,wuhan-telecom,46.226,0.0,icmp,1590960180,2020-05-31 21:23:00+00:00
2510361,jinan-telecom,wuhan-telecom,50.3512,0.0,icmp,1590960300,2020-05-31 21:25:00+00:00
2510595,jinan-telecom,wuhan-telecom,47.6119,0.0,icmp,1590960420,2020-05-31 21:27:00+00:00
2510832,jinan-telecom,wuhan-telecom,49.4248,0.0,icmp,1590960540,2020-05-31 21:29:00+00:00
2511042,jinan-telecom,wuhan-telecom,39.8779,0.0,icmp,1590960679,2020-05-31 21:31:19+00:00
2511295,jinan-telecom,wuhan-telecom,39.4269,0.0,icmp,1590960799,2020-05-31 21:33:19+00:00
2511502,jinan-telecom,wuhan-telecom,39.5524,0.0,icmp,1590960919,2020-05-31 21:35:19+00:00
2511754,jinan-telecom,wuhan-telecom,45.343,0.0,icmp,1590961020,2020-05-31 21:37:00+00:00
2511956,jinan-telecom,wuhan-telecom,39.4068,0.0,icmp,1590961159,2020-05-31 21:39:19+00:00
2512208,jinan-telecom,wuhan-telecom,49.3731,0.0,icmp,1590961260,2020-05-31 21:41:00+00:00
2512438,jinan-telecom,wuhan-telecom,39.4311,0.0,icmp,1590961399,2020-05-31 21:43:19+00:00
2512665,jinan-telecom,wuhan-telecom,45.663,0.0,icmp,1590961500,2020-05-31 21:45:00+00:00
2512889,jinan-telecom,wuhan-telecom,50.1714,0.0,icmp,1590961620,2020-05-31 21:47:00+00:00
2513101,jinan-telecom,wuhan-telecom,39.3787,0.0,icmp,1590961759,2020-05-31 21:49:19+00:00
2513343,jinan-telecom,wuhan-telecom,43.8517,0.0,icmp,1590961860,2020-05-31 21:51:00+00:00
2513575,jinan-telecom,wuhan-telecom,39.5217,0.0,icmp,1590961999,2020-05-31 21:53:19+00:00
2513783,jinan-telecom,wuhan-telecom,46.6087,0.0,icmp,1590962100,2020-05-31 21:55:00+00:00
2514033,jinan-telecom,wuhan-telecom,50.1885,0.0,icmp,1590962220,2020-05-31 21:57:00+00:00
2514280,jinan-telecom,wuhan-telecom,39.4093,0.0,icmp,1590962359,2020-05-31 21:59:19+00:00
2514501,jinan-telecom,wuhan-telecom,39.4501,0.0,icmp,1590962479,2020-05-31 22:01:19+00:00
2514703,jinan-telecom,wuhan-telecom,39.5105,0.0,icmp,1590962599,2020-05-31 22:03:19+00:00
2514936,jinan-telecom,wuhan-telecom,51.044,0.0,icmp,1590962700,2020-05-31 22:05:00+00:00
2515185,jinan-telecom,wuhan-telecom,50.1135,0.0,icmp,1590962820,2020-05-31 22:07:00+00:00
2515408,jinan-telecom,wuhan-telecom,46.4391,0.0,icmp,1590962940,2020-05-31 22:09:00+00:00
2515647,jinan-telecom,wuhan-telecom,48.256,0.0,icmp,1590963060,2020-05-31 22:11:00+00:00
2515877,jinan-telecom,wuhan-telecom,51.5713,0.0,icmp,1590963180,2020-05-31 22:13:00+00:00
2516091,jinan-telecom,wuhan-telecom,41.4092,0.0,icmp,1590963300,2020-05-31 22:15:00+00:00
2516328,jinan-telecom,wuhan-telecom,49.7246,0.0,icmp,1590963420,2020-05-31 22:17:00+00:00
2516538,jinan-telecom,wuhan-telecom,48.7529,0.0,icmp,1590963540,2020-05-31 22:19:00+00:00
2516755,jinan-telecom,wuhan-telecom,39.4005,0.0,icmp,1590963679,2020-05-31 22:21:19+00:00
2517005,jinan-telecom,wuhan-telecom,39.5527,0.0,icmp,1590963799,2020-05-31 22:23:19+00:00
2517220,jinan-telecom,wuhan-telecom,49.7938,0.0,icmp,1590963900,2020-05-31 22:25:00+00:00
2517492,jinan-telecom,wuhan-telecom,50.1615,0.0,icmp,1590964020,2020-05-31 22:27:00+00:00
2517695,jinan-telecom,wuhan-telecom,50.4617,0.0,icmp,1590964140,2020-05-31 22:29:00+00:00
2517925,jinan-telecom,wuhan-telecom,39.41,0.0,icmp,1590964279,2020-05-31 22:31:19+00:00
2518133,jinan-telecom,wuhan-telecom,39.8105,0.0,icmp,1590964399,2020-05-31 22:33:19+00:00
2518375,jinan-telecom,wuhan-telecom,48.5033,0.0,icmp,1590964500,2020-05-31 22:35:00+00:00
2518630,jinan-telecom,wuhan-telecom,47.3099,0.0,icmp,1590964620,2020-05-31 22:37:00+00:00
2518845,jinan-telecom,wuhan-telecom,51.2526,0.0,icmp,1590964740,2020-05-31 22:39:00+00:00
2519083,jinan-telecom,wuhan-telecom,48.8844,0.0,icmp,1590964860,2020-05-31 22:41:00+00:00
2519281,jinan-telecom,wuhan-telecom,39.4724,0.0,icmp,1590964999,2020-05-31 22:43:19+00:00
2519511,jinan-telecom,wuhan-telecom,49.2277,0.0,icmp,1590965100,2020-05-31 22:45:00+00:00
2519764,jinan-telecom,wuhan-telecom,49.3614,0.0,icmp,1590965220,2020-05-31 22:47:00+00:00
2519979,jinan-telecom,wuhan-telecom,39.3819,0.0,icmp,1590965359,2020-05-31 22:49:19+00:00
2520210,jinan-telecom,wuhan-telecom,49.4051,0.0,icmp,1590965460,2020-05-31 22:51:00+00:00
2520434,jinan-telecom,wuhan-telecom,47.5458,0.0,icmp,1590965580,2020-05-31 22:53:00+00:00
2520665,jinan-telecom,wuhan-telecom,51.3883,0.0,icmp,1590965700,2020-05-31 22:55:00+00:00
2520893,jinan-telecom,wuhan-telecom,49.8853,0.0,icmp,1590965820,2020-05-31 22:57:00+00:00
2521116,jinan-telecom,wuhan-telecom,51.0334,0.0,icmp,1590965940,2020-05-31 22:59:00+00:00
2521343,jinan-telecom,wuhan-telecom,39.4618,0.0,icmp,1590966079,2020-05-31 23:01:19+00:00
2521596,jinan-telecom,wuhan-telecom,48.0846,0.0,icmp,1590966180,2020-05-31 23:03:00+00:00
2521800,jinan-telecom,wuhan-telecom,49.9374,0.0,icmp,1590966300,2020-05-31 23:05:00+00:00
2522050,jinan-telecom,wuhan-telecom,47.2502,0.0,icmp,1590966420,2020-05-31 23:07:00+00:00
2522270,jinan-telecom,wuhan-telecom,43.7205,0.0,icmp,1590966540,2020-05-31 23:09:00+00:00
2522530,jinan-telecom,wuhan-telecom,39.5488,0.0,icmp,1590966679,2020-05-31 23:11:19+00:00
2522741,jinan-telecom,wuhan-telecom,50.1787,0.0,icmp,1590966780,2020-05-31 23:13:00+00:00
2522953,jinan-telecom,wuhan-telecom,45.2032,0.0,icmp,1590966900,2020-05-31 23:15:00+00:00
2523204,jinan-telecom,wuhan-telecom,44.5041,0.0,icmp,1590967020,2020-05-31 23:17:00+00:00
2523412,jinan-telecom,wuhan-telecom,52.0478,0.0,icmp,1590967140,2020-05-31 23:19:00+00:00
2523651,jinan-telecom,wuhan-telecom,39.4241,0.0,icmp,1590967279,2020-05-31 23:21:19+00:00
2523900,jinan-telecom,wuhan-telecom,40.6159,0.0,icmp,1590967380,2020-05-31 23:23:00+00:00
2524097,jinan-telecom,wuhan-telecom,39.4568,0.0,icmp,1590967519,2020-05-31 23:25:19+00:00
2524334,jinan-telecom,wuhan-telecom,48.6591,0.0,icmp,1590967620,2020-05-31 23:27:00+00:00
2524555,jinan-telecom,wuhan-telecom,45.7418,0.0,icmp,1590967740,2020-05-31 23:29:00+00:00
2524790,jinan-telecom,wuhan-telecom,52.6719,0.0,icmp,1590967860,2020-05-31 23:31:00+00:00
2525025,jinan-telecom,wuhan-telecom,49.8956,0.0,icmp,1590967980,2020-05-31 23:33:00+00:00
2525257,jinan-telecom,wuhan-telecom,47.825,0.0,icmp,1590968100,2020-05-31 23:35:00+00:00
2525475,jinan-telecom,wuhan-telecom,50.6675,0.0,icmp,1590968220,2020-05-31 23:37:00+00:00
2525695,jinan-telecom,wuhan-telecom,39.5673,0.0,icmp,1590968359,2020-05-31 23:39:19+00:00
2525936,jinan-telecom,wuhan-telecom,47.7937,0.0,icmp,1590968460,2020-05-31 23:41:00+00:00
2526157,jinan-telecom,wuhan-telecom,47.5305,0.0,icmp,1590968580,2020-05-31 23:43:00+00:00
2526409,jinan-telecom,wuhan-telecom,50.0364,0.0,icmp,1590968700,2020-05-31 23:45:00+00:00
2526620,jinan-telecom,wuhan-telecom,39.9491,0.0,icmp,1590968839,2020-05-31 23:47:19+00:00
2526862,jinan-telecom,wuhan-telecom,45.2971,0.0,icmp,1590968940,2020-05-31 23:49:00+00:00
2527071,jinan-telecom,wuhan-telecom,49.3184,0.0,icmp,1590969060,2020-05-31 23:51:00+00:00
2527319,jinan-telecom,wuhan-telecom,49.46,0.0,icmp,1590969180,2020-05-31 23:53:00+00:00
2527527,jinan-telecom,wuhan-telecom,45.9452,0.0,icmp,1590969300,2020-05-31 23:55:00+00:00
2527777,jinan-telecom,wuhan-telecom,39.4094,0.0,icmp,1590969439,2020-05-31 23:57:19+00:00
2527982,jinan-telecom,wuhan-telecom,47.3055,0.0,icmp,1590969540,2020-05-31 23:59:00+00:00
2528245,jinan-telecom,wuhan-telecom,49.8223,0.0,icmp,1590969660,2020-06-01 00:01:00+00:00
2528454,jinan-telecom,wuhan-telecom,39.4537,0.0,icmp,1590969799,2020-06-01 00:03:19+00:00
2528690,jinan-telecom,wuhan-telecom,39.839,0.0,icmp,1590969919,2020-06-01 00:05:19+00:00
2528922,jinan-telecom,wuhan-telecom,39.5039,0.0,icmp,1590970039,2020-06-01 00:07:19+00:00
2529132,jinan-telecom,wuhan-telecom,44.317,0.0,icmp,1590970140,2020-06-01 00:09:00+00:00
2529400,jinan-telecom,wuhan-telecom,47.3888,0.0,icmp,1590970260,2020-06-01 00:11:00+00:00
2529589,jinan-telecom,wuhan-telecom,42.0252,0.0,icmp,1590970380,2020-06-01 00:13:00+00:00
2529836,jinan-telecom,wuhan-telecom,48.4783,0.0,icmp,1590970500,2020-06-01 00:15:00+00:00
2530052,jinan-telecom,wuhan-telecom,45.8114,0.0,icmp,1590970620,2020-06-01 00:17:00+00:00
2530265,jinan-telecom,wuhan-telecom,51.6179,0.0,icmp,1590970740,2020-06-01 00:19:00+00:00
2530507,jinan-telecom,wuhan-telecom,45.3357,0.0,icmp,1590970860,2020-06-01 00:21:00+00:00
2530750,jinan-telecom,wuhan-telecom,39.5787,0.0,icmp,1590970999,2020-06-01 00:23:19+00:00
2530976,jinan-telecom,wuhan-telecom,47.8266,0.0,icmp,1590971100,2020-06-01 00:25:00+00:00
2531189,jinan-telecom,wuhan-telecom,41.7244,0.0,icmp,1590971220,2020-06-01 00:27:00+00:00
2531431,jinan-telecom,wuhan-telecom,50.9865,0.0,icmp,1590971340,2020-06-01 00:29:00+00:00
2531669,jinan-telecom,wuhan-telecom,39.7631,0.0,icmp,1590971460,2020-06-01 00:31:00+00:00
2531892,jinan-telecom,wuhan-telecom,51.1978,0.0,icmp,1590971580,2020-06-01 00:33:00+00:00
2532130,jinan-telecom,wuhan-telecom,39.6649,0.0,icmp,1590971719,2020-06-01 00:35:19+00:00
2532334,jinan-telecom,wuhan-telecom,46.6149,0.0,icmp,1590971820,2020-06-01 00:37:00+00:00
2532569,jinan-telecom,wuhan-telecom,51.8246,0.0,icmp,1590971940,2020-06-01 00:39:00+00:00
2532834,jinan-telecom,wuhan-telecom,49.153,0.0,icmp,1590972060,2020-06-01 00:41:00+00:00
2533029,jinan-telecom,wuhan-telecom,47.9856,0.0,icmp,1590972180,2020-06-01 00:43:00+00:00
2533263,jinan-telecom,wuhan-telecom,52.1043,0.0,icmp,1590972300,2020-06-01 00:45:00+00:00
2533488,jinan-telecom,wuhan-telecom,39.4838,0.0,icmp,1590972439,2020-06-01 00:47:19+00:00
2533725,jinan-telecom,wuhan-telecom,51.2652,0.0,icmp,1590972540,2020-06-01 00:49:00+00:00
2533966,jinan-telecom,wuhan-telecom,39.3767,0.0,icmp,1590972679,2020-06-01 00:51:19+00:00
2534183,jinan-telecom,wuhan-telecom,48.3351,0.0,icmp,1590972780,2020-06-01 00:53:00+00:00
2534396,jinan-telecom,wuhan-telecom,39.4699,0.0,icmp,1590972919,2020-06-01 00:55:19+00:00
2534632,jinan-telecom,wuhan-telecom,46.7197,0.0,icmp,1590973020,2020-06-01 00:57:00+00:00
2534874,jinan-telecom,wuhan-telecom,44.1933,0.0,icmp,1590973140,2020-06-01 00:59:00+00:00
2535114,jinan-telecom,wuhan-telecom,50.105,0.0,icmp,1590973260,2020-06-01 01:01:00+00:00
2535327,jinan-telecom,wuhan-telecom,50.4568,0.0,icmp,1590973380,2020-06-01 01:03:00+00:00
2535552,jinan-telecom,wuhan-telecom,48.1075,0.0,icmp,1590973500,2020-06-01 01:05:00+00:00
2535781,jinan-telecom,wuhan-telecom,49.7143,0.0,icmp,1590973620,2020-06-01 01:07:00+00:00
2536017,jinan-telecom,wuhan-telecom,47.6414,0.0,icmp,1590973740,2020-06-01 01:09:00+00:00
2536259,jinan-telecom,wuhan-telecom,39.6666,0.0,icmp,1590973879,2020-06-01 01:11:19+00:00
2536480,jinan-telecom,wuhan-telecom,53.9056,0.0,icmp,1590973980,2020-06-01 01:13:00+00:00
2536684,jinan-telecom,wuhan-telecom,39.4267,0.0,icmp,1590974119,2020-06-01 01:15:19+00:00
2536919,jinan-telecom,wuhan-telecom,43.3538,0.0,icmp,1590974220,2020-06-01 01:17:00+00:00
2537162,jinan-telecom,wuhan-telecom,51.2172,0.0,icmp,1590974340,2020-06-01 01:19:00+00:00
2537404,jinan-telecom,wuhan-telecom,39.5903,0.0,icmp,1590974479,2020-06-01 01:21:19+00:00
2537609,jinan-telecom,wuhan-telecom,47.3874,0.0,icmp,1590974580,2020-06-01 01:23:00+00:00
2537853,jinan-telecom,wuhan-telecom,43.6605,0.0,icmp,1590974700,2020-06-01 01:25:00+00:00
2538083,jinan-telecom,wuhan-telecom,49.2485,0.0,icmp,1590974820,2020-06-01 01:27:00+00:00
2538292,jinan-telecom,wuhan-telecom,50.1385,0.0,icmp,1590974940,2020-06-01 01:29:00+00:00
2538541,jinan-telecom,wuhan-telecom,48.7321,0.0,icmp,1590975060,2020-06-01 01:31:00+00:00
2538747,jinan-telecom,wuhan-telecom,43.5628,0.0,icmp,1590975180,2020-06-01 01:33:00+00:00
2538986,jinan-telecom,wuhan-telecom,49.8088,0.0,icmp,1590975300,2020-06-01 01:35:00+00:00
2539226,jinan-telecom,wuhan-telecom,50.5116,0.0,icmp,1590975420,2020-06-01 01:37:00+00:00
2539433,jinan-telecom,wuhan-telecom,49.0551,0.0,icmp,1590975540,2020-06-01 01:39:00+00:00
2539688,jinan-telecom,wuhan-telecom,49.9502,0.0,icmp,1590975660,2020-06-01 01:41:00+00:00
2539892,jinan-telecom,wuhan-telecom,47.4158,0.0,icmp,1590975780,2020-06-01 01:43:00+00:00
2540133,jinan-telecom,wuhan-telecom,39.6988,0.0,icmp,1590975919,2020-06-01 01:45:19+00:00
2540363,jinan-telecom,wuhan-telecom,48.1777,0.0,icmp,1590976020,2020-06-01 01:47:00+00:00
2540602,jinan-telecom,wuhan-telecom,52.9856,0.0,icmp,1590976140,2020-06-01 01:49:00+00:00
2540829,jinan-telecom,wuhan-telecom,39.3706,0.0,icmp,1590976279,2020-06-01 01:51:19+00:00
2541055,jinan-telecom,wuhan-telecom,47.9798,0.0,icmp,1590976380,2020-06-01 01:53:00+00:00
2541293,jinan-telecom,wuhan-telecom,39.4482,0.0,icmp,1590976519,2020-06-01 01:55:19+00:00
2541525,jinan-telecom,wuhan-telecom,46.0746,0.0,icmp,1590976620,2020-06-01 01:57:00+00:00
2541753,jinan-telecom,wuhan-telecom,39.5804,0.0,icmp,1590976759,2020-06-01 01:59:19+00:00
2541976,jinan-telecom,wuhan-telecom,46.8214,0.0,icmp,1590976860,2020-06-01 02:01:00+00:00
2542187,jinan-telecom,wuhan-telecom,40.8387,0.0,icmp,1590976980,2020-06-01 02:03:00+00:00
2542408,jinan-telecom,wuhan-telecom,50.9222,0.0,icmp,1590977100,2020-06-01 02:05:00+00:00
2542657,jinan-telecom,wuhan-telecom,48.8435,0.0,icmp,1590977220,2020-06-01 02:07:00+00:00
2542891,jinan-telecom,wuhan-telecom,49.5995,0.0,icmp,1590977340,2020-06-01 02:09:00+00:00
2543095,jinan-telecom,wuhan-telecom,42.5566,0.0,icmp,1590977460,2020-06-01 02:11:00+00:00
2543344,jinan-telecom,wuhan-telecom,47.6516,0.0,icmp,1590977580,2020-06-01 02:13:00+00:00
2543576,jinan-telecom,wuhan-telecom,49.2615,0.0,icmp,1590977700,2020-06-01 02:15:00+00:00
2543813,jinan-telecom,wuhan-telecom,39.4229,0.0,icmp,1590977839,2020-06-01 02:17:19+00:00
2544022,jinan-telecom,wuhan-telecom,45.603,0.0,icmp,1590977940,2020-06-01 02:19:00+00:00
2544255,jinan-telecom,wuhan-telecom,47.8651,0.0,icmp,1590978060,2020-06-01 02:21:00+00:00
2544504,jinan-telecom,wuhan-telecom,47.9365,0.0,icmp,1590978180,2020-06-01 02:23:00+00:00
2544724,jinan-telecom,wuhan-telecom,39.7028,0.0,icmp,1590978319,2020-06-01 02:25:19+00:00
2544935,jinan-telecom,wuhan-telecom,50.4752,0.0,icmp,1590978420,2020-06-01 02:27:00+00:00
2545172,jinan-telecom,wuhan-telecom,50.6022,0.0,icmp,1590978540,2020-06-01 02:29:00+00:00
2545388,jinan-telecom,wuhan-telecom,41.9592,0.0,icmp,1590978660,2020-06-01 02:31:00+00:00
2545639,jinan-telecom,wuhan-telecom,49.7599,0.0,icmp,1590978780,2020-06-01 02:33:00+00:00
2545868,jinan-telecom,wuhan-telecom,40.3855,0.0,icmp,1590978900,2020-06-01 02:35:00+00:00
2546106,jinan-telecom,wuhan-telecom,47.5531,0.0,icmp,1590979020,2020-06-01 02:37:00+00:00
2546334,jinan-telecom,wuhan-telecom,45.054,0.0,icmp,1590979140,2020-06-01 02:39:00+00:00
2546594,jinan-telecom,wuhan-telecom,39.5455,0.0,icmp,1590979279,2020-06-01 02:41:19+00:00
2546792,jinan-telecom,wuhan-telecom,48.0633,0.0,icmp,1590979380,2020-06-01 02:43:00+00:00
2546994,jinan-telecom,wuhan-telecom,39.4779,0.0,icmp,1590979519,2020-06-01 02:45:19+00:00
2547223,jinan-telecom,wuhan-telecom,49.991,0.0,icmp,1590979620,2020-06-01 02:47:00+00:00
2547448,jinan-telecom,wuhan-telecom,39.4431,0.0,icmp,1590979759,2020-06-01 02:49:19+00:00
2547703,jinan-telecom,wuhan-telecom,48.7917,0.0,icmp,1590979860,2020-06-01 02:51:00+00:00
2547915,jinan-telecom,wuhan-telecom,48.8752,0.0,icmp,1590979980,2020-06-01 02:53:00+00:00
2548142,jinan-telecom,wuhan-telecom,49.5489,0.0,icmp,1590980100,2020-06-01 02:55:00+00:00
2548391,jinan-telecom,wuhan-telecom,50.3335,0.0,icmp,1590980220,2020-06-01 02:57:00+00:00
2548594,jinan-telecom,wuhan-telecom,49.5089,0.0,icmp,1590980340,2020-06-01 02:59:00+00:00
2548841,jinan-telecom,wuhan-telecom,51.0521,0.0,icmp,1590980460,2020-06-01 03:01:00+00:00
2549061,jinan-telecom,wuhan-telecom,39.9914,0.0,icmp,1590980599,2020-06-01 03:03:19+00:00
2549296,jinan-telecom,wuhan-telecom,41.5461,0.0,icmp,1590980700,2020-06-01 03:05:00+00:00
2549538,jinan-telecom,wuhan-telecom,51.8326,0.0,icmp,1590980820,2020-06-01 03:07:00+00:00
2549755,jinan-telecom,wuhan-telecom,47.4201,0.0,icmp,1590980940,2020-06-01 03:09:00+00:00
2549968,jinan-telecom,wuhan-telecom,51.0289,0.0,icmp,1590981060,2020-06-01 03:11:00+00:00
2550201,jinan-telecom,wuhan-telecom,50.538,0.0,icmp,1590981180,2020-06-01 03:13:00+00:00
2550431,jinan-telecom,wuhan-telecom,50.658,0.0,icmp,1590981300,2020-06-01 03:15:00+00:00
2550682,jinan-telecom,wuhan-telecom,49.4251,0.0,icmp,1590981420,2020-06-01 03:17:00+00:00
2550917,jinan-telecom,wuhan-telecom,48.452,0.0,icmp,1590981540,2020-06-01 03:19:00+00:00
2551115,jinan-telecom,wuhan-telecom,50.6082,0.0,icmp,1590981660,2020-06-01 03:21:00+00:00
2551375,jinan-telecom,wuhan-telecom,39.6797,0.0,icmp,1590981799,2020-06-01 03:23:19+00:00
2551580,jinan-telecom,wuhan-telecom,40.8188,0.0,icmp,1590981902,2020-06-01 03:25:02+00:00
2551802,jinan-telecom,wuhan-telecom,41.6233,0.0,icmp,1590982020,2020-06-01 03:27:00+00:00
2552061,jinan-telecom,wuhan-telecom,42.1739,0.0,icmp,1590982140,2020-06-01 03:29:00+00:00
2552280,jinan-telecom,wuhan-telecom,49.3741,0.0,icmp,1590982260,2020-06-01 03:31:00+00:00
2552490,jinan-telecom,wuhan-telecom,49.9835,0.0,icmp,1590982380,2020-06-01 03:33:00+00:00
2552723,jinan-telecom,wuhan-telecom,50.4359,0.0,icmp,1590982500,2020-06-01 03:35:00+00:00
2552953,jinan-telecom,wuhan-telecom,44.9991,0.0,icmp,1590982620,2020-06-01 03:37:00+00:00
2553198,jinan-telecom,wuhan-telecom,51.3394,0.0,icmp,1590982740,2020-06-01 03:39:00+00:00
2553428,jinan-telecom,wuhan-telecom,46.5661,0.0,icmp,1590982860,2020-06-01 03:41:00+00:00
2553635,jinan-telecom,wuhan-telecom,47.7621,0.0,icmp,1590982980,2020-06-01 03:43:00+00:00
2553885,jinan-telecom,wuhan-telecom,39.6751,0.0,icmp,1590983119,2020-06-01 03:45:19+00:00
2554111,jinan-telecom,wuhan-telecom,46.1932,0.0,icmp,1590983220,2020-06-01 03:47:00+00:00
2554348,jinan-telecom,wuhan-telecom,40.491,0.0,icmp,1590983340,2020-06-01 03:49:00+00:00
2554560,jinan-telecom,wuhan-telecom,49.3452,0.0,icmp,1590983460,2020-06-01 03:51:00+00:00
2554775,jinan-telecom,wuhan-telecom,46.0477,0.0,icmp,1590983580,2020-06-01 03:53:00+00:00
2555008,jinan-telecom,wuhan-telecom,52.771,0.0,icmp,1590983700,2020-06-01 03:55:00+00:00
2555238,jinan-telecom,wuhan-telecom,47.4884,0.0,icmp,1590983820,2020-06-01 03:57:00+00:00
2555467,jinan-telecom,wuhan-telecom,48.2496,0.0,icmp,1590983940,2020-06-01 03:59:00+00:00
2555703,jinan-telecom,wuhan-telecom,49.7052,0.0,icmp,1590984060,2020-06-01 04:01:00+00:00
2555948,jinan-telecom,wuhan-telecom,39.7228,0.0,icmp,1590984199,2020-06-01 04:03:19+00:00
2556163,jinan-telecom,wuhan-telecom,39.7853,0.0,icmp,1590984319,2020-06-01 04:05:19+00:00
2556390,jinan-telecom,wuhan-telecom,51.114,0.0,icmp,1590984420,2020-06-01 04:07:00+00:00
2556615,jinan-telecom,wuhan-telecom,39.8848,0.0,icmp,1590984559,2020-06-01 04:09:19+00:00
2556850,jinan-telecom,wuhan-telecom,39.6158,0.0,icmp,1590984679,2020-06-01 04:11:19+00:00
2557071,jinan-telecom,wuhan-telecom,46.3472,0.0,icmp,1590984780,2020-06-01 04:13:00+00:00
2557295,jinan-telecom,wuhan-telecom,50.1837,0.0,icmp,1590984900,2020-06-01 04:15:00+00:00
2557541,jinan-telecom,wuhan-telecom,49.4632,0.0,icmp,1590985020,2020-06-01 04:17:00+00:00
2557783,jinan-telecom,wuhan-telecom,49.2397,0.0,icmp,1590985140,2020-06-01 04:19:00+00:00
2558008,jinan-telecom,wuhan-telecom,50.3145,0.0,icmp,1590985260,2020-06-01 04:21:00+00:00
2558243,jinan-telecom,wuhan-telecom,51.1682,0.0,icmp,1590985380,2020-06-01 04:23:00+00:00
2558442,jinan-telecom,wuhan-telecom,52.3112,0.0,icmp,1590985500,2020-06-01 04:25:00+00:00
2558688,jinan-telecom,wuhan-telecom,39.7619,0.0,icmp,1590985639,2020-06-01 04:27:19+00:00
2558915,jinan-telecom,wuhan-telecom,39.6438,0.0,icmp,1590985759,2020-06-01 04:29:19+00:00
2559141,jinan-telecom,wuhan-telecom,51.1974,0.0,icmp,1590985860,2020-06-01 04:31:00+00:00
2559371,jinan-telecom,wuhan-telecom,45.6477,0.0,icmp,1590985980,2020-06-01 04:33:00+00:00
2559612,jinan-telecom,wuhan-telecom,50.6365,0.0,icmp,1590986100,2020-06-01 04:35:00+00:00
2559847,jinan-telecom,wuhan-telecom,44.7183,0.0,icmp,1590986220,2020-06-01 04:37:00+00:00
2560045,jinan-telecom,wuhan-telecom,141.5437,8.0,icmp,1590986340,2020-06-01 04:39:00+00:00
2560288,jinan-telecom,wuhan-telecom,46.3076,0.0,icmp,1590986460,2020-06-01 04:41:00+00:00
2560521,jinan-telecom,wuhan-telecom,46.6689,0.0,icmp,1590986580,2020-06-01 04:43:00+00:00
2560737,jinan-telecom,wuhan-telecom,50.6519,0.0,icmp,1590986700,2020-06-01 04:45:00+00:00
2560980,jinan-telecom,wuhan-telecom,39.7299,0.0,icmp,1590986839,2020-06-01 04:47:19+00:00
2561213,jinan-telecom,wuhan-telecom,39.7812,0.0,icmp,1590986959,2020-06-01 04:49:19+00:00
2561447,jinan-telecom,wuhan-telecom,48.395,0.0,icmp,1590987060,2020-06-01 04:51:00+00:00
2561659,jinan-telecom,wuhan-telecom,44.9269,0.0,icmp,1590987180,2020-06-01 04:53:00+00:00
2561911,jinan-telecom,wuhan-telecom,46.9419,0.0,icmp,1590987300,2020-06-01 04:55:00+00:00
2562134,jinan-telecom,wuhan-telecom,43.8355,0.0,icmp,1590987420,2020-06-01 04:57:00+00:00
2562346,jinan-telecom,wuhan-telecom,45.8392,0.0,icmp,1590987540,2020-06-01 04:59:00+00:00
2562545,jinan-telecom,wuhan-telecom,43.7822,0.0,icmp,1590987660,2020-06-01 05:01:00+00:00
2562805,jinan-telecom,wuhan-telecom,51.9645,0.0,icmp,1590987780,2020-06-01 05:03:00+00:00
2563038,jinan-telecom,wuhan-telecom,51.8413,0.0,icmp,1590987900,2020-06-01 05:05:00+00:00
2563268,jinan-telecom,wuhan-telecom,46.6021,0.0,icmp,1590988020,2020-06-01 05:07:00+00:00
2563502,jinan-telecom,wuhan-telecom,47.7951,0.0,icmp,1590988140,2020-06-01 05:09:00+00:00
2563708,jinan-telecom,wuhan-telecom,46.7525,0.0,icmp,1590988260,2020-06-01 05:11:00+00:00
2563963,jinan-telecom,wuhan-telecom,39.9311,0.0,icmp,1590988399,2020-06-01 05:13:19+00:00
2564156,jinan-telecom,wuhan-telecom,47.1366,0.0,icmp,1590988500,2020-06-01 05:15:00+00:00
2564410,jinan-telecom,wuhan-telecom,49.5309,0.0,icmp,1590988620,2020-06-01 05:17:00+00:00
2564654,jinan-telecom,wuhan-telecom,49.0351,0.0,icmp,1590988740,2020-06-01 05:19:00+00:00
2564870,jinan-telecom,wuhan-telecom,46.0621,0.0,icmp,1590988860,2020-06-01 05:21:00+00:00
2565072,jinan-telecom,wuhan-telecom,39.6986,0.0,icmp,1590988999,2020-06-01 05:23:19+00:00
2565327,jinan-telecom,wuhan-telecom,40.1106,0.0,icmp,1590989119,2020-06-01 05:25:19+00:00
2565552,jinan-telecom,wuhan-telecom,45.9452,0.0,icmp,1590989220,2020-06-01 05:27:00+00:00
2565772,jinan-telecom,wuhan-telecom,49.3139,0.0,icmp,1590989340,2020-06-01 05:29:00+00:00
2566024,jinan-telecom,wuhan-telecom,40.1177,0.0,icmp,1590989460,2020-06-01 05:31:00+00:00
2566242,jinan-telecom,wuhan-telecom,51.8434,0.0,icmp,1590989580,2020-06-01 05:33:00+00:00
2566473,jinan-telecom,wuhan-telecom,39.6897,0.0,icmp,1590989719,2020-06-01 05:35:19+00:00
2566722,jinan-telecom,wuhan-telecom,48.4412,0.0,icmp,1590989820,2020-06-01 05:37:00+00:00
2566934,jinan-telecom,wuhan-telecom,45.1693,0.0,icmp,1590989940,2020-06-01 05:39:00+00:00
2567159,jinan-telecom,wuhan-telecom,46.7307,0.0,icmp,1590990060,2020-06-01 05:41:00+00:00
2567389,jinan-telecom,wuhan-telecom,48.9891,0.0,icmp,1590990180,2020-06-01 05:43:00+00:00
2567605,jinan-telecom,wuhan-telecom,51.0216,0.0,icmp,1590990300,2020-06-01 05:45:00+00:00
2567830,jinan-telecom,wuhan-telecom,49.5323,0.0,icmp,1590990420,2020-06-01 05:47:00+00:00
2568064,jinan-telecom,wuhan-telecom,39.6717,0.0,icmp,1590990559,2020-06-01 05:49:19+00:00
2568306,jinan-telecom,wuhan-telecom,48.6926,0.0,icmp,1590990660,2020-06-01 05:51:00+00:00
2568544,jinan-telecom,wuhan-telecom,49.5468,0.0,icmp,1590990780,2020-06-01 05:53:00+00:00
2568746,jinan-telecom,wuhan-telecom,48.3944,0.0,icmp,1590990900,2020-06-01 05:55:00+00:00
2569003,jinan-telecom,wuhan-telecom,48.5401,0.0,icmp,1590991020,2020-06-01 05:57:00+00:00
2569239,jinan-telecom,wuhan-telecom,50.5911,0.0,icmp,1590991140,2020-06-01 05:59:00+00:00
2569452,jinan-telecom,wuhan-telecom,44.9422,0.0,icmp,1590991260,2020-06-01 06:01:00+00:00
2569694,jinan-telecom,wuhan-telecom,48.5844,0.0,icmp,1590991380,2020-06-01 06:03:00+00:00
2569913,jinan-telecom,wuhan-telecom,48.7405,0.0,icmp,1590991500,2020-06-01 06:05:00+00:00
2570121,jinan-telecom,wuhan-telecom,49.5088,0.0,icmp,1590991620,2020-06-01 06:07:00+00:00
2570362,jinan-telecom,wuhan-telecom,45.453,0.0,icmp,1590991740,2020-06-01 06:09:00+00:00
2570605,jinan-telecom,wuhan-telecom,48.3262,0.0,icmp,1590991860,2020-06-01 06:11:00+00:00
2570823,jinan-telecom,wuhan-telecom,40.3566,0.0,icmp,1590991980,2020-06-01 06:13:00+00:00
2571045,jinan-telecom,wuhan-telecom,45.8597,0.0,icmp,1590992100,2020-06-01 06:15:00+00:00
2571316,jinan-telecom,wuhan-telecom,52.1223,0.0,icmp,1590992220,2020-06-01 06:17:00+00:00
2571519,jinan-telecom,wuhan-telecom,50.6252,0.0,icmp,1590992340,2020-06-01 06:19:00+00:00
2571723,jinan-telecom,wuhan-telecom,49.3099,0.0,icmp,1590992460,2020-06-01 06:21:00+00:00
2571962,jinan-telecom,wuhan-telecom,50.5701,0.0,icmp,1590992580,2020-06-01 06:23:00+00:00
2572180,jinan-telecom,wuhan-telecom,39.771,0.0,icmp,1590992719,2020-06-01 06:25:19+00:00
2572431,jinan-telecom,wuhan-telecom,48.7388,0.0,icmp,1590992820,2020-06-01 06:27:00+00:00
2572646,jinan-telecom,wuhan-telecom,47.7155,0.0,icmp,1590992940,2020-06-01 06:29:00+00:00
2572889,jinan-telecom,wuhan-telecom,49.7572,0.0,icmp,1590993060,2020-06-01 06:31:00+00:00
2573118,jinan-telecom,wuhan-telecom,49.9869,0.0,icmp,1590993180,2020-06-01 06:33:00+00:00
2573333,jinan-telecom,wuhan-telecom,52.4852,0.0,icmp,1590993300,2020-06-01 06:35:00+00:00
2573578,jinan-telecom,wuhan-telecom,45.8015,0.0,icmp,1590993420,2020-06-01 06:37:00+00:00
2573800,jinan-telecom,wuhan-telecom,45.9309,0.0,icmp,1590993540,2020-06-01 06:39:00+00:00
2574024,jinan-telecom,wuhan-telecom,44.0505,0.0,icmp,1590993660,2020-06-01 06:41:00+00:00
2574265,jinan-telecom,wuhan-telecom,53.2995,0.0,icmp,1590993780,2020-06-01 06:43:00+00:00
2574490,jinan-telecom,wuhan-telecom,39.9304,0.0,icmp,1590993919,2020-06-01 06:45:19+00:00
2574718,jinan-telecom,wuhan-telecom,39.6873,0.0,icmp,1590994039,2020-06-01 06:47:19+00:00
2574929,jinan-telecom,wuhan-telecom,39.7179,0.0,icmp,1590994159,2020-06-01 06:49:19+00:00
2575152,jinan-telecom,wuhan-telecom,50.7042,0.0,icmp,1590994260,2020-06-01 06:51:00+00:00
2575398,jinan-telecom,wuhan-telecom,39.7571,0.0,icmp,1590994399,2020-06-01 06:53:19+00:00
2575639,jinan-telecom,wuhan-telecom,52.5345,0.0,icmp,1590994500,2020-06-01 06:55:00+00:00
2575869,jinan-telecom,wuhan-telecom,51.6863,0.0,icmp,1590994620,2020-06-01 06:57:00+00:00
2576094,jinan-telecom,wuhan-telecom,39.6095,0.0,icmp,1590994759,2020-06-01 06:59:19+00:00
2576303,jinan-telecom,wuhan-telecom,49.0027,0.0,icmp,1590994860,2020-06-01 07:01:00+00:00
2576555,jinan-telecom,wuhan-telecom,39.914,0.0,icmp,1590994999,2020-06-01 07:03:19+00:00
2576808,jinan-telecom,wuhan-telecom,39.6465,0.0,icmp,1590995119,2020-06-01 07:05:19+00:00
2577012,jinan-telecom,wuhan-telecom,44.1271,0.0,icmp,1590995220,2020-06-01 07:07:00+00:00
2577255,jinan-telecom,wuhan-telecom,50.586,0.0,icmp,1590995340,2020-06-01 07:09:00+00:00
2577463,jinan-telecom,wuhan-telecom,39.8305,0.0,icmp,1590995479,2020-06-01 07:11:19+00:00
2577689,jinan-telecom,wuhan-telecom,49.5118,0.0,icmp,1590995580,2020-06-01 07:13:00+00:00
2577914,jinan-telecom,wuhan-telecom,45.9314,0.0,icmp,1590995700,2020-06-01 07:15:00+00:00
2578156,jinan-telecom,wuhan-telecom,44.9752,0.0,icmp,1590995820,2020-06-01 07:17:00+00:00
2578387,jinan-telecom,wuhan-telecom,48.1879,0.0,icmp,1590995940,2020-06-01 07:19:00+00:00
2578602,jinan-telecom,wuhan-telecom,49.8157,0.0,icmp,1590996060,2020-06-01 07:21:00+00:00
2578832,jinan-telecom,wuhan-telecom,39.6839,0.0,icmp,1590996199,2020-06-01 07:23:19+00:00
2579058,jinan-telecom,wuhan-telecom,48.1471,0.0,icmp,1590996300,2020-06-01 07:25:00+00:00
2579294,jinan-telecom,wuhan-telecom,40.214,0.0,icmp,1590996439,2020-06-01 07:27:19+00:00
2579530,jinan-telecom,wuhan-telecom,42.2612,0.0,icmp,1590996540,2020-06-01 07:29:00+00:00
2579761,jinan-telecom,wuhan-telecom,39.869,0.0,icmp,1590996679,2020-06-01 07:31:19+00:00
2579968,jinan-telecom,wuhan-telecom,45.8601,0.0,icmp,1590996780,2020-06-01 07:33:00+00:00
2580210,jinan-telecom,wuhan-telecom,44.057,0.0,icmp,1590996900,2020-06-01 07:35:00+00:00
2580440,jinan-telecom,wuhan-telecom,48.8002,0.0,icmp,1590997020,2020-06-01 07:37:00+00:00
2580652,jinan-telecom,wuhan-telecom,45.2515,0.0,icmp,1590997140,2020-06-01 07:39:00+00:00
2580883,jinan-telecom,wuhan-telecom,48.7481,0.0,icmp,1590997260,2020-06-01 07:41:00+00:00
2581118,jinan-telecom,wuhan-telecom,51.0304,0.0,icmp,1590997380,2020-06-01 07:43:00+00:00
2581344,jinan-telecom,wuhan-telecom,50.2958,0.0,icmp,1590997500,2020-06-01 07:45:00+00:00
2581587,jinan-telecom,wuhan-telecom,44.0313,0.0,icmp,1590997620,2020-06-01 07:47:00+00:00
2581815,jinan-telecom,wuhan-telecom,40.1896,0.0,icmp,1590997759,2020-06-01 07:49:19+00:00
2582049,jinan-telecom,wuhan-telecom,53.5483,0.0,icmp,1590997860,2020-06-01 07:51:00+00:00
2582276,jinan-telecom,wuhan-telecom,49.0924,0.0,icmp,1590997980,2020-06-01 07:53:00+00:00
2582490,jinan-telecom,wuhan-telecom,49.1543,0.0,icmp,1590998100,2020-06-01 07:55:00+00:00
2582715,jinan-telecom,wuhan-telecom,48.8705,0.0,icmp,1590998220,2020-06-01 07:57:00+00:00
2582973,jinan-telecom,wuhan-telecom,48.7644,0.0,icmp,1590998340,2020-06-01 07:59:00+00:00
2583191,jinan-telecom,wuhan-telecom,46.3289,0.0,icmp,1590998460,2020-06-01 08:01:00+00:00
2583407,jinan-telecom,wuhan-telecom,39.7594,0.0,icmp,1590998599,2020-06-01 08:03:19+00:00
2583640,jinan-telecom,wuhan-telecom,48.5465,0.0,icmp,1590998700,2020-06-01 08:05:00+00:00
2583872,jinan-telecom,wuhan-telecom,50.3301,0.0,icmp,1590998820,2020-06-01 08:07:00+00:00
2584089,jinan-telecom,wuhan-telecom,51.3194,0.0,icmp,1590998940,2020-06-01 08:09:00+00:00
2584339,jinan-telecom,wuhan-telecom,40.8372,0.0,icmp,1590999060,2020-06-01 08:11:00+00:00
2584574,jinan-telecom,wuhan-telecom,39.6589,0.0,icmp,1590999199,2020-06-01 08:13:19+00:00
2584790,jinan-telecom,wuhan-telecom,41.2146,0.0,icmp,1590999300,2020-06-01 08:15:00+00:00
2585010,jinan-telecom,wuhan-telecom,48.9617,0.0,icmp,1590999420,2020-06-01 08:17:00+00:00
2585254,jinan-telecom,wuhan-telecom,39.7125,0.0,icmp,1590999559,2020-06-01 08:19:19+00:00
2585485,jinan-telecom,wuhan-telecom,52.8114,0.0,icmp,1590999660,2020-06-01 08:21:00+00:00
2585699,jinan-telecom,wuhan-telecom,47.5152,0.0,icmp,1590999780,2020-06-01 08:23:00+00:00
2585944,jinan-telecom,wuhan-telecom,48.2531,0.0,icmp,1590999900,2020-06-01 08:25:00+00:00
2586177,jinan-telecom,wuhan-telecom,44.839,0.0,icmp,1591000020,2020-06-01 08:27:00+00:00
2586408,jinan-telecom,wuhan-telecom,48.1701,0.0,icmp,1591000140,2020-06-01 08:29:00+00:00
2586618,jinan-telecom,wuhan-telecom,39.7061,0.0,icmp,1591000279,2020-06-01 08:31:19+00:00
2586859,jinan-telecom,wuhan-telecom,52.3225,0.0,icmp,1591000380,2020-06-01 08:33:00+00:00
2587083,jinan-telecom,wuhan-telecom,49.5303,0.0,icmp,1591000500,2020-06-01 08:35:00+00:00
2587318,jinan-telecom,wuhan-telecom,52.1839,0.0,icmp,1591000620,2020-06-01 08:37:00+00:00
2587539,jinan-telecom,wuhan-telecom,47.1104,0.0,icmp,1591000740,2020-06-01 08:39:00+00:00
2587760,jinan-telecom,wuhan-telecom,40.3096,0.0,icmp,1591000860,2020-06-01 08:41:00+00:00
2587997,jinan-telecom,wuhan-telecom,50.5874,0.0,icmp,1591000980,2020-06-01 08:43:00+00:00
2588229,jinan-telecom,wuhan-telecom,39.9259,0.0,icmp,1591001119,2020-06-01 08:45:19+00:00
2588461,jinan-telecom,wuhan-telecom,49.5646,0.0,icmp,1591001220,2020-06-01 08:47:00+00:00
2588700,jinan-telecom,wuhan-telecom,51.8395,0.0,icmp,1591001340,2020-06-01 08:49:00+00:00
2588912,jinan-telecom,wuhan-telecom,48.4508,0.0,icmp,1591001460,2020-06-01 08:51:00+00:00
2589128,jinan-telecom,wuhan-telecom,39.7584,0.0,icmp,1591001599,2020-06-01 08:53:19+00:00
2589380,jinan-telecom,wuhan-telecom,42.633,0.0,icmp,1591001700,2020-06-01 08:55:00+00:00
2589606,jinan-telecom,wuhan-telecom,48.0226,0.0,icmp,1591001820,2020-06-01 08:57:00+00:00
2589833,jinan-telecom,wuhan-telecom,46.9065,0.0,icmp,1591001940,2020-06-01 08:59:00+00:00
2590056,jinan-telecom,wuhan-telecom,45.4886,0.0,icmp,1591002060,2020-06-01 09:01:00+00:00
2590284,jinan-telecom,wuhan-telecom,51.5892,0.0,icmp,1591002180,2020-06-01 09:03:00+00:00
2590515,jinan-telecom,wuhan-telecom,49.6049,0.0,icmp,1591002300,2020-06-01 09:05:00+00:00
2590742,jinan-telecom,wuhan-telecom,49.4041,0.0,icmp,1591002420,2020-06-01 09:07:00+00:00
5298751,jinan-telecom,wuhan-telecom,39.9296,0.0,icmp,1591002559,2020-06-01 09:09:19+00:00
5299034,jinan-telecom,wuhan-telecom,47.612,0.0,icmp,1591002720,2020-06-01 09:12:00+00:00
5299256,jinan-telecom,wuhan-telecom,42.3316,0.0,icmp,1591002840,2020-06-01 09:14:00+00:00
5299463,jinan-telecom,wuhan-telecom,39.9819,0.0,icmp,1591002919,2020-06-01 09:15:19+00:00
5299700,jinan-telecom,wuhan-telecom,39.7548,0.0,icmp,1591003039,2020-06-01 09:17:19+00:00
5299912,jinan-telecom,wuhan-telecom,49.7768,0.0,icmp,1591003200,2020-06-01 09:20:00+00:00
5300151,jinan-telecom,wuhan-telecom,52.2563,0.0,icmp,1591003320,2020-06-01 09:22:00+00:00
5300391,jinan-telecom,wuhan-telecom,51.9231,0.0,icmp,1591003440,2020-06-01 09:24:00+00:00
5300604,jinan-telecom,wuhan-telecom,44.6743,0.0,icmp,1591003560,2020-06-01 09:26:00+00:00
5300843,jinan-telecom,wuhan-telecom,48.2767,0.0,icmp,1591003680,2020-06-01 09:28:00+00:00
5301067,jinan-telecom,wuhan-telecom,39.6405,0.0,icmp,1591003759,2020-06-01 09:29:19+00:00
5301293,jinan-telecom,wuhan-telecom,51.3867,0.0,icmp,1591003920,2020-06-01 09:32:00+00:00
5301515,jinan-telecom,wuhan-telecom,47.9628,0.0,icmp,1591004040,2020-06-01 09:34:00+00:00
5301743,jinan-telecom,wuhan-telecom,46.5795,0.0,icmp,1591004160,2020-06-01 09:36:00+00:00
5301991,jinan-telecom,wuhan-telecom,45.8944,0.0,icmp,1591004280,2020-06-01 09:38:00+00:00
5302220,jinan-telecom,wuhan-telecom,39.9373,0.0,icmp,1591004400,2020-06-01 09:40:00+00:00
5302429,jinan-telecom,wuhan-telecom,48.8628,0.0,icmp,1591004520,2020-06-01 09:42:00+00:00
5302682,jinan-telecom,wuhan-telecom,49.3689,0.0,icmp,1591004640,2020-06-01 09:44:00+00:00
5302914,jinan-telecom,wuhan-telecom,48.8458,0.0,icmp,1591004760,2020-06-01 09:46:00+00:00
5303132,jinan-telecom,wuhan-telecom,39.7621,0.0,icmp,1591004839,2020-06-01 09:47:19+00:00
5303350,jinan-telecom,wuhan-telecom,47.5902,0.0,icmp,1591005000,2020-06-01 09:50:00+00:00
5303604,jinan-telecom,wuhan-telecom,50.6941,0.0,icmp,1591005120,2020-06-01 09:52:00+00:00
5303819,jinan-telecom,wuhan-telecom,49.6473,0.0,icmp,1591005240,2020-06-01 09:54:00+00:00
5304038,jinan-telecom,wuhan-telecom,47.668,0.0,icmp,1591005360,2020-06-01 09:56:00+00:00
5304276,jinan-telecom,wuhan-telecom,48.3715,0.0,icmp,1591005480,2020-06-01 09:58:00+00:00
5304472,jinan-telecom,wuhan-telecom,46.6873,0.0,icmp,1591005600,2020-06-01 10:00:00+00:00
5304715,jinan-telecom,wuhan-telecom,51.401,0.0,icmp,1591005720,2020-06-01 10:02:00+00:00
5304956,jinan-telecom,wuhan-telecom,44.8916,0.0,icmp,1591005840,2020-06-01 10:04:00+00:00
5305200,jinan-telecom,wuhan-telecom,49.2644,0.0,icmp,1591005960,2020-06-01 10:06:00+00:00
5305425,jinan-telecom,wuhan-telecom,50.5827,0.0,icmp,1591006080,2020-06-01 10:08:00+00:00
5305635,jinan-telecom,wuhan-telecom,39.7667,0.0,icmp,1591006159,2020-06-01 10:09:19+00:00
5305884,jinan-telecom,wuhan-telecom,39.9884,0.0,icmp,1591006279,2020-06-01 10:11:19+00:00
5306083,jinan-telecom,wuhan-telecom,47.9768,0.0,icmp,1591006440,2020-06-01 10:14:00+00:00
5306330,jinan-telecom,wuhan-telecom,51.1212,0.0,icmp,1591006560,2020-06-01 10:16:00+00:00
5306571,jinan-telecom,wuhan-telecom,52.0567,0.0,icmp,1591006680,2020-06-01 10:18:00+00:00
5306799,jinan-telecom,wuhan-telecom,50.0495,0.0,icmp,1591006800,2020-06-01 10:20:00+00:00
5307026,jinan-telecom,wuhan-telecom,44.9026,0.0,icmp,1591006920,2020-06-01 10:22:00+00:00
5307268,jinan-telecom,wuhan-telecom,40.2453,0.0,icmp,1591006999,2020-06-01 10:23:19+00:00
5307474,jinan-telecom,wuhan-telecom,47.9808,0.0,icmp,1591007160,2020-06-01 10:26:00+00:00
5307724,jinan-telecom,wuhan-telecom,46.3596,0.0,icmp,1591007280,2020-06-01 10:28:00+00:00
5307935,jinan-telecom,wuhan-telecom,50.9888,0.0,icmp,1591007400,2020-06-01 10:30:00+00:00
5308169,jinan-telecom,wuhan-telecom,46.8864,0.0,icmp,1591007520,2020-06-01 10:32:00+00:00
5308413,jinan-telecom,wuhan-telecom,50.1596,0.0,icmp,1591007640,2020-06-01 10:34:00+00:00
5308620,jinan-telecom,wuhan-telecom,48.454,0.0,icmp,1591007760,2020-06-01 10:36:00+00:00
5308845,jinan-telecom,wuhan-telecom,39.6878,0.0,icmp,1591007839,2020-06-01 10:37:19+00:00
5309071,jinan-telecom,wuhan-telecom,39.6816,0.0,icmp,1591007959,2020-06-01 10:39:19+00:00
5309309,jinan-telecom,wuhan-telecom,50.7736,0.0,icmp,1591008120,2020-06-01 10:42:00+00:00
5309542,jinan-telecom,wuhan-telecom,40.3667,0.0,icmp,1591008199,2020-06-01 10:43:19+00:00
5309764,jinan-telecom,wuhan-telecom,45.984,0.0,icmp,1591008360,2020-06-01 10:46:00+00:00
5309994,jinan-telecom,wuhan-telecom,47.7711,0.0,icmp,1591008480,2020-06-01 10:48:00+00:00
5310227,jinan-telecom,wuhan-telecom,51.3505,0.0,icmp,1591008600,2020-06-01 10:50:00+00:00
5310446,jinan-telecom,wuhan-telecom,47.5904,0.0,icmp,1591008720,2020-06-01 10:52:00+00:00
5310684,jinan-telecom,wuhan-telecom,48.0527,0.0,icmp,1591008840,2020-06-01 10:54:00+00:00
5310917,jinan-telecom,wuhan-telecom,48.0351,0.0,icmp,1591008960,2020-06-01 10:56:00+00:00
5311154,jinan-telecom,wuhan-telecom,40.0575,0.0,icmp,1591009039,2020-06-01 10:57:19+00:00
5311376,jinan-telecom,wuhan-telecom,42.9789,0.0,icmp,1591009200,2020-06-01 11:00:00+00:00
5311607,jinan-telecom,wuhan-telecom,53.2949,0.0,icmp,1591009320,2020-06-01 11:02:00+00:00
5311837,jinan-telecom,wuhan-telecom,39.8094,0.0,icmp,1591009399,2020-06-01 11:03:19+00:00
5312065,jinan-telecom,wuhan-telecom,50.4513,0.0,icmp,1591009560,2020-06-01 11:06:00+00:00
5312281,jinan-telecom,wuhan-telecom,51.4704,0.0,icmp,1591009680,2020-06-01 11:08:00+00:00
5312523,jinan-telecom,wuhan-telecom,39.8509,0.0,icmp,1591009759,2020-06-01 11:09:19+00:00
5312752,jinan-telecom,wuhan-telecom,49.7459,0.0,icmp,1591009920,2020-06-01 11:12:00+00:00
5312990,jinan-telecom,wuhan-telecom,39.8487,0.0,icmp,1591009999,2020-06-01 11:13:19+00:00
5313220,jinan-telecom,wuhan-telecom,46.3145,0.0,icmp,1591010160,2020-06-01 11:16:00+00:00
5313429,jinan-telecom,wuhan-telecom,45.1191,0.0,icmp,1591010280,2020-06-01 11:18:00+00:00
5313653,jinan-telecom,wuhan-telecom,48.5926,0.0,icmp,1591010400,2020-06-01 11:20:00+00:00
5313883,jinan-telecom,wuhan-telecom,51.2234,0.0,icmp,1591010520,2020-06-01 11:22:00+00:00
5314107,jinan-telecom,wuhan-telecom,42.6684,0.0,icmp,1591010640,2020-06-01 11:24:00+00:00
5314353,jinan-telecom,wuhan-telecom,39.708,0.0,icmp,1591010719,2020-06-01 11:25:19+00:00
5314564,jinan-telecom,wuhan-telecom,48.4985,0.0,icmp,1591010880,2020-06-01 11:28:00+00:00
5314797,jinan-telecom,wuhan-telecom,48.4672,0.0,icmp,1591011000,2020-06-01 11:30:00+00:00
5315051,jinan-telecom,wuhan-telecom,49.8739,0.0,icmp,1591011120,2020-06-01 11:32:00+00:00
5315296,jinan-telecom,wuhan-telecom,51.8177,0.0,icmp,1591011240,2020-06-01 11:34:00+00:00
5315501,jinan-telecom,wuhan-telecom,39.6709,0.0,icmp,1591011319,2020-06-01 11:35:19+00:00
5315709,jinan-telecom,wuhan-telecom,39.67,0.0,icmp,1591011439,2020-06-01 11:37:19+00:00
5315970,jinan-telecom,wuhan-telecom,42.0346,0.0,icmp,1591011600,2020-06-01 11:40:00+00:00
5316184,jinan-telecom,wuhan-telecom,50.0968,0.0,icmp,1591011720,2020-06-01 11:42:00+00:00
5316401,jinan-telecom,wuhan-telecom,43.124,0.0,icmp,1591011840,2020-06-01 11:44:00+00:00
5316628,jinan-telecom,wuhan-telecom,48.2977,0.0,icmp,1591011960,2020-06-01 11:46:00+00:00
5316882,jinan-telecom,wuhan-telecom,47.1108,0.0,icmp,1591012080,2020-06-01 11:48:00+00:00
5317106,jinan-telecom,wuhan-telecom,41.123,0.0,icmp,1591012200,2020-06-01 11:50:00+00:00
5317330,jinan-telecom,wuhan-telecom,44.8665,0.0,icmp,1591012320,2020-06-01 11:52:00+00:00
5317541,jinan-telecom,wuhan-telecom,39.9001,0.0,icmp,1591012399,2020-06-01 11:53:19+00:00
5317789,jinan-telecom,wuhan-telecom,39.6424,0.0,icmp,1591012519,2020-06-01 11:55:19+00:00
5317999,jinan-telecom,wuhan-telecom,50.3404,0.0,icmp,1591012680,2020-06-01 11:58:00+00:00
5318248,jinan-telecom,wuhan-telecom,39.6331,0.0,icmp,1591012759,2020-06-01 11:59:19+00:00
5318464,jinan-telecom,wuhan-telecom,39.6662,0.0,icmp,1591012879,2020-06-01 12:01:19+00:00
5318707,jinan-telecom,wuhan-telecom,48.2674,0.0,icmp,1591013040,2020-06-01 12:04:00+00:00
5318926,jinan-telecom,wuhan-telecom,49.2616,0.0,icmp,1591013160,2020-06-01 12:06:00+00:00
5319143,jinan-telecom,wuhan-telecom,51.0253,0.0,icmp,1591013280,2020-06-01 12:08:00+00:00
5319394,jinan-telecom,wuhan-telecom,39.6168,0.0,icmp,1591013359,2020-06-01 12:09:19+00:00
5319607,jinan-telecom,wuhan-telecom,49.4861,0.0,icmp,1591013520,2020-06-01 12:12:00+00:00
5319857,jinan-telecom,wuhan-telecom,39.8284,0.0,icmp,1591013599,2020-06-01 12:13:19+00:00
5320094,jinan-telecom,wuhan-telecom,48.8467,0.0,icmp,1591013760,2020-06-01 12:16:00+00:00
5320317,jinan-telecom,wuhan-telecom,49.3491,0.0,icmp,1591013880,2020-06-01 12:18:00+00:00
5320543,jinan-telecom,wuhan-telecom,45.665,0.0,icmp,1591014000,2020-06-01 12:20:00+00:00
5320752,jinan-telecom,wuhan-telecom,43.5233,0.0,icmp,1591014120,2020-06-01 12:22:00+00:00
5320994,jinan-telecom,wuhan-telecom,49.5692,0.0,icmp,1591014240,2020-06-01 12:24:00+00:00
5321226,jinan-telecom,wuhan-telecom,47.202,0.0,icmp,1591014360,2020-06-01 12:26:00+00:00
5321450,jinan-telecom,wuhan-telecom,47.7695,0.0,icmp,1591014480,2020-06-01 12:28:00+00:00
5321682,jinan-telecom,wuhan-telecom,50.5836,0.0,icmp,1591014600,2020-06-01 12:30:00+00:00
5321914,jinan-telecom,wuhan-telecom,48.7893,0.0,icmp,1591014720,2020-06-01 12:32:00+00:00
5322132,jinan-telecom,wuhan-telecom,48.0375,0.0,icmp,1591014840,2020-06-01 12:34:00+00:00
5322345,jinan-telecom,wuhan-telecom,49.641,0.0,icmp,1591014960,2020-06-01 12:36:00+00:00
5322624,jinan-telecom,wuhan-telecom,39.8042,0.0,icmp,1591015039,2020-06-01 12:37:19+00:00
5322813,jinan-telecom,wuhan-telecom,39.6569,0.0,icmp,1591015159,2020-06-01 12:39:19+00:00
5323037,jinan-telecom,wuhan-telecom,48.2651,0.0,icmp,1591015320,2020-06-01 12:42:00+00:00
5323285,jinan-telecom,wuhan-telecom,39.8396,0.0,icmp,1591015399,2020-06-01 12:43:19+00:00
5323522,jinan-telecom,wuhan-telecom,45.4117,0.0,icmp,1591015560,2020-06-01 12:46:00+00:00
5323728,jinan-telecom,wuhan-telecom,49.719,0.0,icmp,1591015680,2020-06-01 12:48:00+00:00
5323990,jinan-telecom,wuhan-telecom,49.2761,0.0,icmp,1591015800,2020-06-01 12:50:00+00:00
5324194,jinan-telecom,wuhan-telecom,47.1353,0.0,icmp,1591015920,2020-06-01 12:52:00+00:00
5324426,jinan-telecom,wuhan-telecom,39.71,0.0,icmp,1591015999,2020-06-01 12:53:19+00:00
5324655,jinan-telecom,wuhan-telecom,44.8243,0.0,icmp,1591016160,2020-06-01 12:56:00+00:00
5324899,jinan-telecom,wuhan-telecom,50.6316,0.0,icmp,1591016280,2020-06-01 12:58:00+00:00
5325098,jinan-telecom,wuhan-telecom,50.8448,0.0,icmp,1591016400,2020-06-01 13:00:00+00:00
5325331,jinan-telecom,wuhan-telecom,49.8357,0.0,icmp,1591016520,2020-06-01 13:02:00+00:00
5325571,jinan-telecom,wuhan-telecom,48.5651,0.0,icmp,1591016640,2020-06-01 13:04:00+00:00
5325794,jinan-telecom,wuhan-telecom,40.0851,0.0,icmp,1591016760,2020-06-01 13:06:00+00:00
5326034,jinan-telecom,wuhan-telecom,39.7615,0.0,icmp,1591016839,2020-06-01 13:07:19+00:00
5326263,jinan-telecom,wuhan-telecom,39.9137,0.0,icmp,1591016959,2020-06-01 13:09:19+00:00
5326479,jinan-telecom,wuhan-telecom,49.3189,0.0,icmp,1591017120,2020-06-01 13:12:00+00:00
5326701,jinan-telecom,wuhan-telecom,44.2688,0.0,icmp,1591017240,2020-06-01 13:14:00+00:00
5326945,jinan-telecom,wuhan-telecom,50.9893,0.0,icmp,1591017360,2020-06-01 13:16:00+00:00
5327174,jinan-telecom,wuhan-telecom,40.4663,0.0,icmp,1591017480,2020-06-01 13:18:00+00:00
5327399,jinan-telecom,wuhan-telecom,48.4855,0.0,icmp,1591017600,2020-06-01 13:20:00+00:00
5327637,jinan-telecom,wuhan-telecom,47.9055,0.0,icmp,1591017720,2020-06-01 13:22:00+00:00
5327858,jinan-telecom,wuhan-telecom,48.9759,0.0,icmp,1591017840,2020-06-01 13:24:00+00:00
5328100,jinan-telecom,wuhan-telecom,46.7376,0.0,icmp,1591017960,2020-06-01 13:26:00+00:00
5328341,jinan-telecom,wuhan-telecom,48.3477,0.0,icmp,1591018080,2020-06-01 13:28:00+00:00
5328554,jinan-telecom,wuhan-telecom,39.8901,0.0,icmp,1591018159,2020-06-01 13:29:19+00:00
5328772,jinan-telecom,wuhan-telecom,47.1037,0.0,icmp,1591018320,2020-06-01 13:32:00+00:00
5328999,jinan-telecom,wuhan-telecom,51.6624,0.0,icmp,1591018440,2020-06-01 13:34:00+00:00
5329267,jinan-telecom,wuhan-telecom,46.1299,0.0,icmp,1591018560,2020-06-01 13:36:00+00:00
5329480,jinan-telecom,wuhan-telecom,40.3179,1.0,icmp,1591018639,2020-06-01 13:37:19+00:00
5329715,jinan-telecom,wuhan-telecom,47.9968,0.0,icmp,1591018800,2020-06-01 13:40:00+00:00
5329924,jinan-telecom,wuhan-telecom,49.0928,2.0,icmp,1591018920,2020-06-01 13:42:00+00:00
5330138,jinan-telecom,wuhan-telecom,47.7649,2.0,icmp,1591019040,2020-06-01 13:44:00+00:00
5330375,jinan-telecom,wuhan-telecom,40.5713,2.0,icmp,1591019119,2020-06-01 13:45:19+00:00
5330604,jinan-telecom,wuhan-telecom,51.3834,1.0,icmp,1591019280,2020-06-01 13:48:00+00:00
5330841,jinan-telecom,wuhan-telecom,49.0572,0.0,icmp,1591019400,2020-06-01 13:50:00+00:00
5331071,jinan-telecom,wuhan-telecom,39.6869,0.0,icmp,1591019479,2020-06-01 13:51:19+00:00
5331308,jinan-telecom,wuhan-telecom,49.64,0.0,icmp,1591019640,2020-06-01 13:54:00+00:00
5331533,jinan-telecom,wuhan-telecom,49.4805,0.0,icmp,1591019760,2020-06-01 13:56:00+00:00
5331738,jinan-telecom,wuhan-telecom,44.029,0.0,icmp,1591019880,2020-06-01 13:58:00+00:00
5331982,jinan-telecom,wuhan-telecom,49.1873,0.0,icmp,1591020000,2020-06-01 14:00:00+00:00
5332224,jinan-telecom,wuhan-telecom,39.7174,0.0,icmp,1591020079,2020-06-01 14:01:19+00:00
5332459,jinan-telecom,wuhan-telecom,44.6508,0.0,icmp,1591020240,2020-06-01 14:04:00+00:00
5332659,jinan-telecom,wuhan-telecom,50.3191,0.0,icmp,1591020360,2020-06-01 14:06:00+00:00
5332894,jinan-telecom,wuhan-telecom,48.0895,0.0,icmp,1591020480,2020-06-01 14:08:00+00:00
5333118,jinan-telecom,wuhan-telecom,47.6926,0.0,icmp,1591020600,2020-06-01 14:10:00+00:00
5333346,jinan-telecom,wuhan-telecom,48.0257,0.0,icmp,1591020720,2020-06-01 14:12:00+00:00
5333578,jinan-telecom,wuhan-telecom,50.5544,0.0,icmp,1591020840,2020-06-01 14:14:00+00:00
5333831,jinan-telecom,wuhan-telecom,39.6557,0.0,icmp,1591020919,2020-06-01 14:15:19+00:00
5334052,jinan-telecom,wuhan-telecom,48.2674,0.0,icmp,1591021080,2020-06-01 14:18:00+00:00
5334263,jinan-telecom,wuhan-telecom,49.9953,0.0,icmp,1591021200,2020-06-01 14:20:00+00:00
5334496,jinan-telecom,wuhan-telecom,52.8257,0.0,icmp,1591021320,2020-06-01 14:22:00+00:00
5334749,jinan-telecom,wuhan-telecom,48.3547,0.0,icmp,1591021440,2020-06-01 14:24:00+00:00
5334961,jinan-telecom,wuhan-telecom,47.806,0.0,icmp,1591021560,2020-06-01 14:26:00+00:00
5335195,jinan-telecom,wuhan-telecom,39.715,0.0,icmp,1591021639,2020-06-01 14:27:19+00:00
5335420,jinan-telecom,wuhan-telecom,47.7547,0.0,icmp,1591021800,2020-06-01 14:30:00+00:00
5335654,jinan-telecom,wuhan-telecom,39.7783,0.0,icmp,1591021879,2020-06-01 14:31:19+00:00
5335880,jinan-telecom,wuhan-telecom,40.2151,0.0,icmp,1591021999,2020-06-01 14:33:19+00:00
5336114,jinan-telecom,wuhan-telecom,50.1928,0.0,icmp,1591022160,2020-06-01 14:36:00+00:00
5336333,jinan-telecom,wuhan-telecom,46.6845,0.0,icmp,1591022280,2020-06-01 14:38:00+00:00
5336550,jinan-telecom,wuhan-telecom,48.1619,0.0,icmp,1591022400,2020-06-01 14:40:00+00:00
5336798,jinan-telecom,wuhan-telecom,50.4298,0.0,icmp,1591022520,2020-06-01 14:42:00+00:00
5337026,jinan-telecom,wuhan-telecom,39.7895,0.0,icmp,1591022599,2020-06-01 14:43:19+00:00
5337255,jinan-telecom,wuhan-telecom,49.9736,0.0,icmp,1591022760,2020-06-01 14:46:00+00:00
5337491,jinan-telecom,wuhan-telecom,52.203,0.0,icmp,1591022880,2020-06-01 14:48:00+00:00
5337705,jinan-telecom,wuhan-telecom,46.1953,0.0,icmp,1591023000,2020-06-01 14:50:00+00:00
5337933,jinan-telecom,wuhan-telecom,49.1351,0.0,icmp,1591023120,2020-06-01 14:52:00+00:00
5338153,jinan-telecom,wuhan-telecom,48.0357,0.0,icmp,1591023240,2020-06-01 14:54:00+00:00
5338397,jinan-telecom,wuhan-telecom,39.6506,0.0,icmp,1591023319,2020-06-01 14:55:19+00:00
5338632,jinan-telecom,wuhan-telecom,48.6857,0.0,icmp,1591023480,2020-06-01 14:58:00+00:00
5338844,jinan-telecom,wuhan-telecom,46.2385,0.0,icmp,1591023600,2020-06-01 15:00:00+00:00
5339095,jinan-telecom,wuhan-telecom,50.6537,0.0,icmp,1591023720,2020-06-01 15:02:00+00:00
5339313,jinan-telecom,wuhan-telecom,39.8641,0.0,icmp,1591023799,2020-06-01 15:03:19+00:00
5339542,jinan-telecom,wuhan-telecom,39.8256,0.0,icmp,1591023919,2020-06-01 15:05:19+00:00
5339775,jinan-telecom,wuhan-telecom,48.9229,0.0,icmp,1591024080,2020-06-01 15:08:00+00:00
5340014,jinan-telecom,wuhan-telecom,39.9038,0.0,icmp,1591024159,2020-06-01 15:09:19+00:00
5340234,jinan-telecom,wuhan-telecom,47.6671,0.0,icmp,1591024320,2020-06-01 15:12:00+00:00
5340463,jinan-telecom,wuhan-telecom,49.2954,0.0,icmp,1591024440,2020-06-01 15:14:00+00:00
5340683,jinan-telecom,wuhan-telecom,40.684,0.0,icmp,1591024560,2020-06-01 15:16:00+00:00
5340925,jinan-telecom,wuhan-telecom,39.6348,0.0,icmp,1591024639,2020-06-01 15:17:19+00:00
5341130,jinan-telecom,wuhan-telecom,48.8522,0.0,icmp,1591024800,2020-06-01 15:20:00+00:00
5341373,jinan-telecom,wuhan-telecom,51.5744,0.0,icmp,1591024920,2020-06-01 15:22:00+00:00
5341607,jinan-telecom,wuhan-telecom,49.1719,0.0,icmp,1591025040,2020-06-01 15:24:00+00:00
5341847,jinan-telecom,wuhan-telecom,51.3366,0.0,icmp,1591025160,2020-06-01 15:26:00+00:00
5342062,jinan-telecom,wuhan-telecom,39.6669,0.0,icmp,1591025239,2020-06-01 15:27:19+00:00
5342287,jinan-telecom,wuhan-telecom,49.1027,0.0,icmp,1591025400,2020-06-01 15:30:00+00:00
5342503,jinan-telecom,wuhan-telecom,49.8224,0.0,icmp,1591025520,2020-06-01 15:32:00+00:00
5342734,jinan-telecom,wuhan-telecom,39.7835,0.0,icmp,1591025599,2020-06-01 15:33:19+00:00
5342984,jinan-telecom,wuhan-telecom,46.5018,0.0,icmp,1591025760,2020-06-01 15:36:00+00:00
5343197,jinan-telecom,wuhan-telecom,50.3041,0.0,icmp,1591025880,2020-06-01 15:38:00+00:00
5343451,jinan-telecom,wuhan-telecom,49.4235,0.0,icmp,1591026000,2020-06-01 15:40:00+00:00
5343693,jinan-telecom,wuhan-telecom,46.6436,0.0,icmp,1591026120,2020-06-01 15:42:00+00:00
5343906,jinan-telecom,wuhan-telecom,39.9371,0.0,icmp,1591026199,2020-06-01 15:43:19+00:00
5344113,jinan-telecom,wuhan-telecom,46.0298,0.0,icmp,1591026360,2020-06-01 15:46:00+00:00
5344346,jinan-telecom,wuhan-telecom,47.484,0.0,icmp,1591026480,2020-06-01 15:48:00+00:00
5344577,jinan-telecom,wuhan-telecom,45.8652,0.0,icmp,1591026600,2020-06-01 15:50:00+00:00
5344794,jinan-telecom,wuhan-telecom,42.9307,0.0,icmp,1591026720,2020-06-01 15:52:00+00:00
5345034,jinan-telecom,wuhan-telecom,43.2893,0.0,icmp,1591026840,2020-06-01 15:54:00+00:00
5345267,jinan-telecom,wuhan-telecom,48.9097,0.0,icmp,1591026960,2020-06-01 15:56:00+00:00
5345488,jinan-telecom,wuhan-telecom,49.3896,0.0,icmp,1591027080,2020-06-01 15:58:00+00:00
5345734,jinan-telecom,wuhan-telecom,39.6898,0.0,icmp,1591027159,2020-06-01 15:59:19+00:00
5345943,jinan-telecom,wuhan-telecom,39.6728,0.0,icmp,1591027279,2020-06-01 16:01:19+00:00
5346198,jinan-telecom,wuhan-telecom,49.8158,0.0,icmp,1591027440,2020-06-01 16:04:00+00:00
5346404,jinan-telecom,wuhan-telecom,39.65,0.0,icmp,1591027519,2020-06-01 16:05:19+00:00
5346635,jinan-telecom,wuhan-telecom,44.717,0.0,icmp,1591027680,2020-06-01 16:08:00+00:00
5346854,jinan-telecom,wuhan-telecom,45.9924,0.0,icmp,1591027800,2020-06-01 16:10:00+00:00
5347097,jinan-telecom,wuhan-telecom,45.6974,0.0,icmp,1591027920,2020-06-01 16:12:00+00:00
5347325,jinan-telecom,wuhan-telecom,46.9392,0.0,icmp,1591028040,2020-06-01 16:14:00+00:00
5347550,jinan-telecom,wuhan-telecom,31.4336,0.0,icmp,1591028119,2020-06-01 16:15:19+00:00
5347779,jinan-telecom,wuhan-telecom,31.2697,0.0,icmp,1591028239,2020-06-01 16:17:19+00:00
5348035,jinan-telecom,wuhan-telecom,41.2649,0.0,icmp,1591028400,2020-06-01 16:20:00+00:00
5348239,jinan-telecom,wuhan-telecom,42.1221,0.0,icmp,1591028520,2020-06-01 16:22:00+00:00
5348458,jinan-telecom,wuhan-telecom,50.5028,0.0,icmp,1591028640,2020-06-01 16:24:00+00:00
5348684,jinan-telecom,wuhan-telecom,51.193,0.0,icmp,1591028760,2020-06-01 16:26:00+00:00
5348938,jinan-telecom,wuhan-telecom,46.5137,0.0,icmp,1591028880,2020-06-01 16:28:00+00:00
5349151,jinan-telecom,wuhan-telecom,39.6227,0.0,icmp,1591028959,2020-06-01 16:29:19+00:00
5349403,jinan-telecom,wuhan-telecom,46.1732,0.0,icmp,1591029120,2020-06-01 16:32:00+00:00
5349634,jinan-telecom,wuhan-telecom,50.1135,0.0,icmp,1591029240,2020-06-01 16:34:00+00:00
5349840,jinan-telecom,wuhan-telecom,49.6658,0.0,icmp,1591029360,2020-06-01 16:36:00+00:00
5350076,jinan-telecom,wuhan-telecom,49.9988,0.0,icmp,1591029480,2020-06-01 16:38:00+00:00
5350299,jinan-telecom,wuhan-telecom,41.7148,0.0,icmp,1591029600,2020-06-01 16:40:00+00:00
5350518,jinan-telecom,wuhan-telecom,50.0602,0.0,icmp,1591029720,2020-06-01 16:42:00+00:00
5350764,jinan-telecom,wuhan-telecom,48.1162,0.0,icmp,1591029840,2020-06-01 16:44:00+00:00
5350986,jinan-telecom,wuhan-telecom,50.1437,0.0,icmp,1591029960,2020-06-01 16:46:00+00:00
5351231,jinan-telecom,wuhan-telecom,49.1967,0.0,icmp,1591030080,2020-06-01 16:48:00+00:00
5351447,jinan-telecom,wuhan-telecom,51.9969,0.0,icmp,1591030200,2020-06-01 16:50:00+00:00
5351666,jinan-telecom,wuhan-telecom,49.1656,0.0,icmp,1591030320,2020-06-01 16:52:00+00:00
5351919,jinan-telecom,wuhan-telecom,50.2127,0.0,icmp,1591030440,2020-06-01 16:54:00+00:00
5352140,jinan-telecom,wuhan-telecom,45.6377,0.0,icmp,1591030560,2020-06-01 16:56:00+00:00
5352355,jinan-telecom,wuhan-telecom,44.1761,0.0,icmp,1591030680,2020-06-01 16:58:00+00:00
5352599,jinan-telecom,wuhan-telecom,49.5503,0.0,icmp,1591030800,2020-06-01 17:00:00+00:00
5352806,jinan-telecom,wuhan-telecom,48.8128,0.0,icmp,1591030920,2020-06-01 17:02:00+00:00
5353034,jinan-telecom,wuhan-telecom,47.2438,0.0,icmp,1591031040,2020-06-01 17:04:00+00:00
5353255,jinan-telecom,wuhan-telecom,53.3692,0.0,icmp,1591031160,2020-06-01 17:06:00+00:00
5353497,jinan-telecom,wuhan-telecom,48.4086,0.0,icmp,1591031280,2020-06-01 17:08:00+00:00
5353741,jinan-telecom,wuhan-telecom,42.1851,0.0,icmp,1591031400,2020-06-01 17:10:00+00:00
5353984,jinan-telecom,wuhan-telecom,39.7687,0.0,icmp,1591031479,2020-06-01 17:11:19+00:00
5354202,jinan-telecom,wuhan-telecom,49.3754,0.0,icmp,1591031640,2020-06-01 17:14:00+00:00
5354430,jinan-telecom,wuhan-telecom,45.9489,0.0,icmp,1591031760,2020-06-01 17:16:00+00:00
5354667,jinan-telecom,wuhan-telecom,40.3358,0.0,icmp,1591031839,2020-06-01 17:17:19+00:00
5354878,jinan-telecom,wuhan-telecom,51.5735,0.0,icmp,1591032000,2020-06-01 17:20:00+00:00
5355111,jinan-telecom,wuhan-telecom,40.0224,0.0,icmp,1591032079,2020-06-01 17:21:19+00:00
5355329,jinan-telecom,wuhan-telecom,48.0486,0.0,icmp,1591032240,2020-06-01 17:24:00+00:00
5355578,jinan-telecom,wuhan-telecom,46.3088,0.0,icmp,1591032360,2020-06-01 17:26:00+00:00
5355789,jinan-telecom,wuhan-telecom,49.395,0.0,icmp,1591032480,2020-06-01 17:28:00+00:00
5356025,jinan-telecom,wuhan-telecom,50.086,0.0,icmp,1591032600,2020-06-01 17:30:00+00:00
5356255,jinan-telecom,wuhan-telecom,51.0351,0.0,icmp,1591032720,2020-06-01 17:32:00+00:00
5356499,jinan-telecom,wuhan-telecom,39.4112,0.0,icmp,1591032799,2020-06-01 17:33:19+00:00
5356717,jinan-telecom,wuhan-telecom,51.032,0.0,icmp,1591032960,2020-06-01 17:36:00+00:00
5356961,jinan-telecom,wuhan-telecom,46.7506,0.0,icmp,1591033080,2020-06-01 17:38:00+00:00
5357187,jinan-telecom,wuhan-telecom,49.2148,0.0,icmp,1591033200,2020-06-01 17:40:00+00:00
5357401,jinan-telecom,wuhan-telecom,41.9773,0.0,icmp,1591033320,2020-06-01 17:42:00+00:00
5357619,jinan-telecom,wuhan-telecom,39.4783,0.0,icmp,1591033399,2020-06-01 17:43:19+00:00
5357848,jinan-telecom,wuhan-telecom,46.3026,0.0,icmp,1591033560,2020-06-01 17:46:00+00:00
5358076,jinan-telecom,wuhan-telecom,46.8223,0.0,icmp,1591033680,2020-06-01 17:48:00+00:00
5358333,jinan-telecom,wuhan-telecom,51.9788,0.0,icmp,1591033800,2020-06-01 17:50:00+00:00
5358560,jinan-telecom,wuhan-telecom,47.9566,0.0,icmp,1591033920,2020-06-01 17:52:00+00:00
5358797,jinan-telecom,wuhan-telecom,48.3323,0.0,icmp,1591034040,2020-06-01 17:54:00+00:00
5359019,jinan-telecom,wuhan-telecom,53.4379,0.0,icmp,1591034160,2020-06-01 17:56:00+00:00
5359231,jinan-telecom,wuhan-telecom,51.9235,0.0,icmp,1591034280,2020-06-01 17:58:00+00:00
5359473,jinan-telecom,wuhan-telecom,50.3143,0.0,icmp,1591034400,2020-06-01 18:00:00+00:00
5359691,jinan-telecom,wuhan-telecom,39.5746,0.0,icmp,1591034479,2020-06-01 18:01:19+00:00
5359912,jinan-telecom,wuhan-telecom,46.059,0.0,icmp,1591034640,2020-06-01 18:04:00+00:00
5360152,jinan-telecom,wuhan-telecom,50.6809,0.0,icmp,1591034760,2020-06-01 18:06:00+00:00
5360372,jinan-telecom,wuhan-telecom,47.9407,0.0,icmp,1591034880,2020-06-01 18:08:00+00:00
5360593,jinan-telecom,wuhan-telecom,50.5802,0.0,icmp,1591035000,2020-06-01 18:10:00+00:00
5360831,jinan-telecom,wuhan-telecom,47.4395,0.0,icmp,1591035120,2020-06-01 18:12:00+00:00
5361060,jinan-telecom,wuhan-telecom,52.0723,0.0,icmp,1591035240,2020-06-01 18:14:00+00:00
5361305,jinan-telecom,wuhan-telecom,48.2765,0.0,icmp,1591035360,2020-06-01 18:16:00+00:00
5361524,jinan-telecom,wuhan-telecom,48.415,0.0,icmp,1591035480,2020-06-01 18:18:00+00:00
5361756,jinan-telecom,wuhan-telecom,39.3766,0.0,icmp,1591035559,2020-06-01 18:19:19+00:00
5361984,jinan-telecom,wuhan-telecom,44.9051,0.0,icmp,1591035720,2020-06-01 18:22:00+00:00
5362229,jinan-telecom,wuhan-telecom,47.585,0.0,icmp,1591035840,2020-06-01 18:24:00+00:00
5362438,jinan-telecom,wuhan-telecom,44.749,0.0,icmp,1591035960,2020-06-01 18:26:00+00:00
5362669,jinan-telecom,wuhan-telecom,49.8593,0.0,icmp,1591036080,2020-06-01 18:28:00+00:00
5362906,jinan-telecom,wuhan-telecom,47.4332,0.0,icmp,1591036200,2020-06-01 18:30:00+00:00
5363141,jinan-telecom,wuhan-telecom,39.3791,0.0,icmp,1591036279,2020-06-01 18:31:19+00:00
5363383,jinan-telecom,wuhan-telecom,43.9847,0.0,icmp,1591036440,2020-06-01 18:34:00+00:00
5363569,jinan-telecom,wuhan-telecom,39.6599,0.0,icmp,1591036519,2020-06-01 18:35:19+00:00
5363800,jinan-telecom,wuhan-telecom,47.2086,0.0,icmp,1591036680,2020-06-01 18:38:00+00:00
5364064,jinan-telecom,wuhan-telecom,48.4507,0.0,icmp,1591036800,2020-06-01 18:40:00+00:00
5364256,jinan-telecom,wuhan-telecom,48.8268,0.0,icmp,1591036920,2020-06-01 18:42:00+00:00
5364485,jinan-telecom,wuhan-telecom,50.5588,0.0,icmp,1591037040,2020-06-01 18:44:00+00:00
5364715,jinan-telecom,wuhan-telecom,51.1078,0.0,icmp,1591037160,2020-06-01 18:46:00+00:00
5364973,jinan-telecom,wuhan-telecom,39.7513,0.0,icmp,1591037239,2020-06-01 18:47:19+00:00
5365186,jinan-telecom,wuhan-telecom,39.6008,0.0,icmp,1591037359,2020-06-01 18:49:19+00:00
5365403,jinan-telecom,wuhan-telecom,50.0579,0.0,icmp,1591037520,2020-06-01 18:52:00+00:00
5365629,jinan-telecom,wuhan-telecom,41.2867,0.0,icmp,1591037640,2020-06-01 18:54:00+00:00
5365865,jinan-telecom,wuhan-telecom,39.3843,0.0,icmp,1591037719,2020-06-01 18:55:19+00:00
5366093,jinan-telecom,wuhan-telecom,50.6159,0.0,icmp,1591037880,2020-06-01 18:58:00+00:00
5366335,jinan-telecom,wuhan-telecom,45.1633,0.0,icmp,1591038000,2020-06-01 19:00:00+00:00
5366559,jinan-telecom,wuhan-telecom,49.6135,0.0,icmp,1591038120,2020-06-01 19:02:00+00:00
5366783,jinan-telecom,wuhan-telecom,47.9671,0.0,icmp,1591038240,2020-06-01 19:04:00+00:00
5366999,jinan-telecom,wuhan-telecom,50.8585,0.0,icmp,1591038360,2020-06-01 19:06:00+00:00
5367231,jinan-telecom,wuhan-telecom,46.9211,0.0,icmp,1591038480,2020-06-01 19:08:00+00:00
5367487,jinan-telecom,wuhan-telecom,54.5988,0.0,icmp,1591038600,2020-06-01 19:10:00+00:00
5367695,jinan-telecom,wuhan-telecom,48.3974,0.0,icmp,1591038720,2020-06-01 19:12:00+00:00
5367934,jinan-telecom,wuhan-telecom,47.8475,0.0,icmp,1591038840,2020-06-01 19:14:00+00:00
5368143,jinan-telecom,wuhan-telecom,43.1512,0.0,icmp,1591038960,2020-06-01 19:16:00+00:00
5368382,jinan-telecom,wuhan-telecom,51.7817,0.0,icmp,1591039080,2020-06-01 19:18:00+00:00
5368628,jinan-telecom,wuhan-telecom,48.4499,0.0,icmp,1591039200,2020-06-01 19:20:00+00:00
5368857,jinan-telecom,wuhan-telecom,50.9594,0.0,icmp,1591039320,2020-06-01 19:22:00+00:00
5369085,jinan-telecom,wuhan-telecom,52.7822,0.0,icmp,1591039440,2020-06-01 19:24:00+00:00
5369290,jinan-telecom,wuhan-telecom,48.6402,0.0,icmp,1591039560,2020-06-01 19:26:00+00:00
5369548,jinan-telecom,wuhan-telecom,39.6647,0.0,icmp,1591039639,2020-06-01 19:27:19+00:00
5369768,jinan-telecom,wuhan-telecom,50.1252,0.0,icmp,1591039800,2020-06-01 19:30:00+00:00
5370000,jinan-telecom,wuhan-telecom,44.9495,0.0,icmp,1591039920,2020-06-01 19:32:00+00:00
5370217,jinan-telecom,wuhan-telecom,47.089,0.0,icmp,1591040040,2020-06-01 19:34:00+00:00
5370436,jinan-telecom,wuhan-telecom,50.0494,0.0,icmp,1591040160,2020-06-01 19:36:00+00:00
5370679,jinan-telecom,wuhan-telecom,41.6141,0.0,icmp,1591040280,2020-06-01 19:38:00+00:00
5370890,jinan-telecom,wuhan-telecom,41.3428,0.0,icmp,1591040400,2020-06-01 19:40:00+00:00
5371149,jinan-telecom,wuhan-telecom,50.7469,0.0,icmp,1591040520,2020-06-01 19:42:00+00:00
5371380,jinan-telecom,wuhan-telecom,47.97,0.0,icmp,1591040640,2020-06-01 19:44:00+00:00
5371595,jinan-telecom,wuhan-telecom,50.7045,0.0,icmp,1591040760,2020-06-01 19:46:00+00:00
5371815,jinan-telecom,wuhan-telecom,49.0399,0.0,icmp,1591040880,2020-06-01 19:48:00+00:00
5372056,jinan-telecom,wuhan-telecom,47.8746,0.0,icmp,1591041000,2020-06-01 19:50:00+00:00
5372281,jinan-telecom,wuhan-telecom,39.758,0.0,icmp,1591041079,2020-06-01 19:51:19+00:00
5372510,jinan-telecom,wuhan-telecom,50.6671,0.0,icmp,1591041240,2020-06-01 19:54:00+00:00
5372753,jinan-telecom,wuhan-telecom,50.3218,0.0,icmp,1591041360,2020-06-01 19:56:00+00:00
5372964,jinan-telecom,wuhan-telecom,39.9677,0.0,icmp,1591041480,2020-06-01 19:58:00+00:00
5373195,jinan-telecom,wuhan-telecom,49.1659,1.0,icmp,1591041600,2020-06-01 20:00:00+00:00
5373408,jinan-telecom,wuhan-telecom,39.6255,0.0,icmp,1591041679,2020-06-01 20:01:19+00:00
5373650,jinan-telecom,wuhan-telecom,49.6143,0.0,icmp,1591041840,2020-06-01 20:04:00+00:00
5373886,jinan-telecom,wuhan-telecom,39.6658,0.0,icmp,1591041919,2020-06-01 20:05:19+00:00
5374126,jinan-telecom,wuhan-telecom,49.5806,0.0,icmp,1591042080,2020-06-01 20:08:00+00:00
5374333,jinan-telecom,wuhan-telecom,41.6861,0.0,icmp,1591042200,2020-06-01 20:10:00+00:00
5374573,jinan-telecom,wuhan-telecom,39.7429,0.0,icmp,1591042279,2020-06-01 20:11:19+00:00
5374787,jinan-telecom,wuhan-telecom,50.7584,0.0,icmp,1591042440,2020-06-01 20:14:00+00:00
5375022,jinan-telecom,wuhan-telecom,49.5746,0.0,icmp,1591042560,2020-06-01 20:16:00+00:00
5375249,jinan-telecom,wuhan-telecom,39.6389,0.0,icmp,1591042639,2020-06-01 20:17:19+00:00
5375471,jinan-telecom,wuhan-telecom,39.6225,0.0,icmp,1591042759,2020-06-01 20:19:19+00:00
5375741,jinan-telecom,wuhan-telecom,50.1348,0.0,icmp,1591042920,2020-06-01 20:22:00+00:00
5375951,jinan-telecom,wuhan-telecom,43.4893,0.0,icmp,1591043040,2020-06-01 20:24:00+00:00
5376165,jinan-telecom,wuhan-telecom,41.6893,0.0,icmp,1591043160,2020-06-01 20:26:00+00:00
5376391,jinan-telecom,wuhan-telecom,49.297,0.0,icmp,1591043280,2020-06-01 20:28:00+00:00
5376627,jinan-telecom,wuhan-telecom,52.0903,0.0,icmp,1591043400,2020-06-01 20:30:00+00:00
5376889,jinan-telecom,wuhan-telecom,39.9919,0.0,icmp,1591043479,2020-06-01 20:31:19+00:00
5377083,jinan-telecom,wuhan-telecom,47.044,0.0,icmp,1591043640,2020-06-01 20:34:00+00:00
5377335,jinan-telecom,wuhan-telecom,46.1508,0.0,icmp,1591043760,2020-06-01 20:36:00+00:00
5377545,jinan-telecom,wuhan-telecom,39.7628,0.0,icmp,1591043839,2020-06-01 20:37:19+00:00
5377782,jinan-telecom,wuhan-telecom,39.6348,0.0,icmp,1591043959,2020-06-01 20:39:19+00:00
5378021,jinan-telecom,wuhan-telecom,47.7075,0.0,icmp,1591044120,2020-06-01 20:42:00+00:00
5378236,jinan-telecom,wuhan-telecom,40.0125,0.0,icmp,1591044199,2020-06-01 20:43:19+00:00
5378460,jinan-telecom,wuhan-telecom,46.7831,0.0,icmp,1591044360,2020-06-01 20:46:00+00:00
5378701,jinan-telecom,wuhan-telecom,49.6816,0.0,icmp,1591044480,2020-06-01 20:48:00+00:00
5378914,jinan-telecom,wuhan-telecom,42.8769,0.0,icmp,1591044600,2020-06-01 20:50:00+00:00
5379151,jinan-telecom,wuhan-telecom,51.0119,0.0,icmp,1591044720,2020-06-01 20:52:00+00:00
5379381,jinan-telecom,wuhan-telecom,49.0408,0.0,icmp,1591044840,2020-06-01 20:54:00+00:00
5379616,jinan-telecom,wuhan-telecom,51.5254,0.0,icmp,1591044960,2020-06-01 20:56:00+00:00
5379828,jinan-telecom,wuhan-telecom,47.6176,0.0,icmp,1591045080,2020-06-01 20:58:00+00:00
5380068,jinan-telecom,wuhan-telecom,47.7744,0.0,icmp,1591045200,2020-06-01 21:00:00+00:00
5380297,jinan-telecom,wuhan-telecom,48.4187,0.0,icmp,1591045320,2020-06-01 21:02:00+00:00
5380502,jinan-telecom,wuhan-telecom,39.8097,0.0,icmp,1591045399,2020-06-01 21:03:19+00:00
5380761,jinan-telecom,wuhan-telecom,48.9727,0.0,icmp,1591045560,2020-06-01 21:06:00+00:00
5380968,jinan-telecom,wuhan-telecom,45.8685,0.0,icmp,1591045680,2020-06-01 21:08:00+00:00
5381212,jinan-telecom,wuhan-telecom,49.8605,0.0,icmp,1591045800,2020-06-01 21:10:00+00:00
5381432,jinan-telecom,wuhan-telecom,50.0324,0.0,icmp,1591045920,2020-06-01 21:12:00+00:00
5381672,jinan-telecom,wuhan-telecom,39.7235,0.0,icmp,1591045999,2020-06-01 21:13:19+00:00
5381891,jinan-telecom,wuhan-telecom,54.786,0.0,icmp,1591046160,2020-06-01 21:16:00+00:00
5382139,jinan-telecom,wuhan-telecom,51.5893,0.0,icmp,1591046280,2020-06-01 21:18:00+00:00
5382351,jinan-telecom,wuhan-telecom,39.8417,0.0,icmp,1591046359,2020-06-01 21:19:19+00:00
5382585,jinan-telecom,wuhan-telecom,47.9267,0.0,icmp,1591046520,2020-06-01 21:22:00+00:00
5382806,jinan-telecom,wuhan-telecom,40.1317,0.0,icmp,1591046599,2020-06-01 21:23:19+00:00
5383041,jinan-telecom,wuhan-telecom,39.673,0.0,icmp,1591046719,2020-06-01 21:25:19+00:00
5383280,jinan-telecom,wuhan-telecom,40.3657,0.0,icmp,1591046880,2020-06-01 21:28:00+00:00
5383498,jinan-telecom,wuhan-telecom,50.1868,0.0,icmp,1591047000,2020-06-01 21:30:00+00:00
5383728,jinan-telecom,wuhan-telecom,50.565,0.0,icmp,1591047120,2020-06-01 21:32:00+00:00
5383958,jinan-telecom,wuhan-telecom,49.4595,0.0,icmp,1591047240,2020-06-01 21:34:00+00:00
5384185,jinan-telecom,wuhan-telecom,48.9614,0.0,icmp,1591047360,2020-06-01 21:36:00+00:00
5384421,jinan-telecom,wuhan-telecom,39.638,0.0,icmp,1591047439,2020-06-01 21:37:19+00:00
5384635,jinan-telecom,wuhan-telecom,49.0177,0.0,icmp,1591047600,2020-06-01 21:40:00+00:00
5384884,jinan-telecom,wuhan-telecom,47.8297,0.0,icmp,1591047720,2020-06-01 21:42:00+00:00
5385101,jinan-telecom,wuhan-telecom,51.2407,0.0,icmp,1591047840,2020-06-01 21:44:00+00:00
5385338,jinan-telecom,wuhan-telecom,48.5179,0.0,icmp,1591047960,2020-06-01 21:46:00+00:00
5385576,jinan-telecom,wuhan-telecom,39.9377,0.0,icmp,1591048039,2020-06-01 21:47:19+00:00
5385803,jinan-telecom,wuhan-telecom,41.9261,0.0,icmp,1591048200,2020-06-01 21:50:00+00:00
5386030,jinan-telecom,wuhan-telecom,50.8221,0.0,icmp,1591048320,2020-06-01 21:52:00+00:00
5386234,jinan-telecom,wuhan-telecom,44.4352,0.0,icmp,1591048440,2020-06-01 21:54:00+00:00
5386483,jinan-telecom,wuhan-telecom,39.7017,0.0,icmp,1591048519,2020-06-01 21:55:19+00:00
5386723,jinan-telecom,wuhan-telecom,39.6869,0.0,icmp,1591048639,2020-06-01 21:57:19+00:00
5386943,jinan-telecom,wuhan-telecom,48.1428,0.0,icmp,1591048800,2020-06-01 22:00:00+00:00
5387164,jinan-telecom,wuhan-telecom,48.5569,0.0,icmp,1591048920,2020-06-01 22:02:00+00:00
5387406,jinan-telecom,wuhan-telecom,49.6233,0.0,icmp,1591049040,2020-06-01 22:04:00+00:00
5387618,jinan-telecom,wuhan-telecom,47.3533,0.0,icmp,1591049160,2020-06-01 22:06:00+00:00
5387857,jinan-telecom,wuhan-telecom,48.9218,0.0,icmp,1591049280,2020-06-01 22:08:00+00:00
5388112,jinan-telecom,wuhan-telecom,46.237,0.0,icmp,1591049400,2020-06-01 22:10:00+00:00
5388316,jinan-telecom,wuhan-telecom,50.0205,0.0,icmp,1591049520,2020-06-01 22:12:00+00:00
5388538,jinan-telecom,wuhan-telecom,48.5548,0.0,icmp,1591049640,2020-06-01 22:14:00+00:00
5388757,jinan-telecom,wuhan-telecom,49.8295,0.0,icmp,1591049760,2020-06-01 22:16:00+00:00
5388972,jinan-telecom,wuhan-telecom,39.6348,0.0,icmp,1591049839,2020-06-01 22:17:19+00:00
5389213,jinan-telecom,wuhan-telecom,49.4205,0.0,icmp,1591050000,2020-06-01 22:20:00+00:00
5389445,jinan-telecom,wuhan-telecom,49.5133,0.0,icmp,1591050120,2020-06-01 22:22:00+00:00
5389677,jinan-telecom,wuhan-telecom,48.3892,0.0,icmp,1591050240,2020-06-01 22:24:00+00:00
5389920,jinan-telecom,wuhan-telecom,39.8744,0.0,icmp,1591050319,2020-06-01 22:25:19+00:00
5390144,jinan-telecom,wuhan-telecom,50.0823,0.0,icmp,1591050480,2020-06-01 22:28:00+00:00
5390357,jinan-telecom,wuhan-telecom,47.1634,0.0,icmp,1591050600,2020-06-01 22:30:00+00:00
5390588,jinan-telecom,wuhan-telecom,47.8082,0.0,icmp,1591050720,2020-06-01 22:32:00+00:00
5390831,jinan-telecom,wuhan-telecom,49.3551,0.0,icmp,1591050840,2020-06-01 22:34:00+00:00
5391061,jinan-telecom,wuhan-telecom,42.1824,0.0,icmp,1591050960,2020-06-01 22:36:00+00:00
5391281,jinan-telecom,wuhan-telecom,45.4428,0.0,icmp,1591051080,2020-06-01 22:38:00+00:00
5391523,jinan-telecom,wuhan-telecom,50.2041,0.0,icmp,1591051200,2020-06-01 22:40:00+00:00
5391743,jinan-telecom,wuhan-telecom,47.1067,0.0,icmp,1591051320,2020-06-01 22:42:00+00:00
5391980,jinan-telecom,wuhan-telecom,39.909,0.0,icmp,1591051399,2020-06-01 22:43:19+00:00
5392212,jinan-telecom,wuhan-telecom,39.6489,0.0,icmp,1591051519,2020-06-01 22:45:19+00:00
5392439,jinan-telecom,wuhan-telecom,46.1906,0.0,icmp,1591051680,2020-06-01 22:48:00+00:00
5392676,jinan-telecom,wuhan-telecom,44.4407,0.0,icmp,1591051800,2020-06-01 22:50:00+00:00
5392892,jinan-telecom,wuhan-telecom,52.2741,0.0,icmp,1591051920,2020-06-01 22:52:00+00:00
5393130,jinan-telecom,wuhan-telecom,52.1674,0.0,icmp,1591052040,2020-06-01 22:54:00+00:00
5393355,jinan-telecom,wuhan-telecom,49.082,0.0,icmp,1591052160,2020-06-01 22:56:00+00:00
5393580,jinan-telecom,wuhan-telecom,49.7827,0.0,icmp,1591052280,2020-06-01 22:58:00+00:00
5393805,jinan-telecom,wuhan-telecom,47.3533,0.0,icmp,1591052400,2020-06-01 23:00:00+00:00
5394023,jinan-telecom,wuhan-telecom,39.9753,0.0,icmp,1591052479,2020-06-01 23:01:19+00:00
5394283,jinan-telecom,wuhan-telecom,46.3478,0.0,icmp,1591052640,2020-06-01 23:04:00+00:00
5394499,jinan-telecom,wuhan-telecom,39.8524,0.0,icmp,1591052719,2020-06-01 23:05:19+00:00
5394716,jinan-telecom,wuhan-telecom,47.2282,0.0,icmp,1591052880,2020-06-01 23:08:00+00:00
5394951,jinan-telecom,wuhan-telecom,50.6066,0.0,icmp,1591053000,2020-06-01 23:10:00+00:00
5395167,jinan-telecom,wuhan-telecom,52.1385,0.0,icmp,1591053120,2020-06-01 23:12:00+00:00
5395433,jinan-telecom,wuhan-telecom,49.1191,0.0,icmp,1591053240,2020-06-01 23:14:00+00:00
5395644,jinan-telecom,wuhan-telecom,47.5855,0.0,icmp,1591053360,2020-06-01 23:16:00+00:00
5395881,jinan-telecom,wuhan-telecom,54.401,0.0,icmp,1591053480,2020-06-01 23:18:00+00:00
5396102,jinan-telecom,wuhan-telecom,45.7937,0.0,icmp,1591053600,2020-06-01 23:20:00+00:00
5396326,jinan-telecom,wuhan-telecom,39.8282,0.0,icmp,1591053679,2020-06-01 23:21:19+00:00
5396559,jinan-telecom,wuhan-telecom,51.1437,0.0,icmp,1591053840,2020-06-01 23:24:00+00:00
5396775,jinan-telecom,wuhan-telecom,47.9275,0.0,icmp,1591053960,2020-06-01 23:26:00+00:00
5397014,jinan-telecom,wuhan-telecom,49.8744,0.0,icmp,1591054080,2020-06-01 23:28:00+00:00
5397242,jinan-telecom,wuhan-telecom,51.6194,0.0,icmp,1591054200,2020-06-01 23:30:00+00:00
5397485,jinan-telecom,wuhan-telecom,39.7162,0.0,icmp,1591054279,2020-06-01 23:31:19+00:00
5397709,jinan-telecom,wuhan-telecom,49.4564,0.0,icmp,1591054440,2020-06-01 23:34:00+00:00
5397949,jinan-telecom,wuhan-telecom,40.1898,0.0,icmp,1591054519,2020-06-01 23:35:19+00:00
5398158,jinan-telecom,wuhan-telecom,49.5168,0.0,icmp,1591054680,2020-06-01 23:38:00+00:00
5398383,jinan-telecom,wuhan-telecom,49.3955,0.0,icmp,1591054800,2020-06-01 23:40:00+00:00
5398626,jinan-telecom,wuhan-telecom,39.9637,0.0,icmp,1591054879,2020-06-01 23:41:19+00:00
5398836,jinan-telecom,wuhan-telecom,47.4621,0.0,icmp,1591055040,2020-06-01 23:44:00+00:00
5399081,jinan-telecom,wuhan-telecom,51.197,0.0,icmp,1591055160,2020-06-01 23:46:00+00:00
5399297,jinan-telecom,wuhan-telecom,48.0036,0.0,icmp,1591055280,2020-06-01 23:48:00+00:00
5399537,jinan-telecom,wuhan-telecom,39.9274,0.0,icmp,1591055359,2020-06-01 23:49:19+00:00
5399776,jinan-telecom,wuhan-telecom,47.042,0.0,icmp,1591055520,2020-06-01 23:52:00+00:00
5399972,jinan-telecom,wuhan-telecom,40.1602,0.0,icmp,1591055599,2020-06-01 23:53:19+00:00
5400214,jinan-telecom,wuhan-telecom,51.9138,0.0,icmp,1591055760,2020-06-01 23:56:00+00:00
5400454,jinan-telecom,wuhan-telecom,50.7256,0.0,icmp,1591055880,2020-06-01 23:58:00+00:00
5400673,jinan-telecom,wuhan-telecom,39.7815,0.0,icmp,1591055959,2020-06-01 23:59:19+00:00
5400920,jinan-telecom,wuhan-telecom,40.0849,0.0,icmp,1591056079,2020-06-02 00:01:19+00:00
5401136,jinan-telecom,wuhan-telecom,40.2544,0.0,icmp,1591056199,2020-06-02 00:03:19+00:00
5401362,jinan-telecom,wuhan-telecom,47.3346,0.0,icmp,1591056360,2020-06-02 00:06:00+00:00
5401602,jinan-telecom,wuhan-telecom,46.7734,0.0,icmp,1591056480,2020-06-02 00:08:00+00:00
5401817,jinan-telecom,wuhan-telecom,49.6254,0.0,icmp,1591056600,2020-06-02 00:10:00+00:00
5402041,jinan-telecom,wuhan-telecom,49.2024,0.0,icmp,1591056720,2020-06-02 00:12:00+00:00
5402290,jinan-telecom,wuhan-telecom,39.7801,0.0,icmp,1591056799,2020-06-02 00:13:19+00:00
5402508,jinan-telecom,wuhan-telecom,46.5512,0.0,icmp,1591056960,2020-06-02 00:16:00+00:00
5402739,jinan-telecom,wuhan-telecom,39.7886,0.0,icmp,1591057039,2020-06-02 00:17:19+00:00
5402970,jinan-telecom,wuhan-telecom,39.8457,0.0,icmp,1591057159,2020-06-02 00:19:19+00:00
5403234,jinan-telecom,wuhan-telecom,45.803,0.0,icmp,1591057320,2020-06-02 00:22:00+00:00
5403424,jinan-telecom,wuhan-telecom,39.6704,0.0,icmp,1591057399,2020-06-02 00:23:19+00:00
5403640,jinan-telecom,wuhan-telecom,47.3547,0.0,icmp,1591057560,2020-06-02 00:26:00+00:00
5403872,jinan-telecom,wuhan-telecom,48.4005,0.0,icmp,1591057680,2020-06-02 00:28:00+00:00
5404119,jinan-telecom,wuhan-telecom,48.5051,0.0,icmp,1591057800,2020-06-02 00:30:00+00:00
5404337,jinan-telecom,wuhan-telecom,50.5755,0.0,icmp,1591057920,2020-06-02 00:32:00+00:00
5404559,jinan-telecom,wuhan-telecom,52.4147,0.0,icmp,1591058040,2020-06-02 00:34:00+00:00
5404801,jinan-telecom,wuhan-telecom,39.6974,0.0,icmp,1591058119,2020-06-02 00:35:19+00:00
5405014,jinan-telecom,wuhan-telecom,49.9824,0.0,icmp,1591058280,2020-06-02 00:38:00+00:00
5405232,jinan-telecom,wuhan-telecom,49.0172,0.0,icmp,1591058400,2020-06-02 00:40:00+00:00
5405494,jinan-telecom,wuhan-telecom,49.0236,0.0,icmp,1591058520,2020-06-02 00:42:00+00:00
5405698,jinan-telecom,wuhan-telecom,50.1392,0.0,icmp,1591058640,2020-06-02 00:44:00+00:00
5405963,jinan-telecom,wuhan-telecom,47.7118,0.0,icmp,1591058760,2020-06-02 00:46:00+00:00
5406159,jinan-telecom,wuhan-telecom,41.2402,0.0,icmp,1591058880,2020-06-02 00:48:00+00:00
5406406,jinan-telecom,wuhan-telecom,48.3209,0.0,icmp,1591059000,2020-06-02 00:50:00+00:00
5406643,jinan-telecom,wuhan-telecom,48.5922,0.0,icmp,1591059120,2020-06-02 00:52:00+00:00
5406866,jinan-telecom,wuhan-telecom,50.9179,0.0,icmp,1591059240,2020-06-02 00:54:00+00:00
5407082,jinan-telecom,wuhan-telecom,39.6788,0.0,icmp,1591059319,2020-06-02 00:55:19+00:00
5407328,jinan-telecom,wuhan-telecom,50.8326,0.0,icmp,1591059480,2020-06-02 00:58:00+00:00
5407549,jinan-telecom,wuhan-telecom,49.821,0.0,icmp,1591059600,2020-06-02 01:00:00+00:00
5407770,jinan-telecom,wuhan-telecom,50.4298,0.0,icmp,1591059720,2020-06-02 01:02:00+00:00
5407982,jinan-telecom,wuhan-telecom,52.0951,0.0,icmp,1591059840,2020-06-02 01:04:00+00:00
5408237,jinan-telecom,wuhan-telecom,39.8698,0.0,icmp,1591059919,2020-06-02 01:05:19+00:00
5408460,jinan-telecom,wuhan-telecom,48.2585,0.0,icmp,1591060080,2020-06-02 01:08:00+00:00
5408695,jinan-telecom,wuhan-telecom,39.639,0.0,icmp,1591060159,2020-06-02 01:09:19+00:00
5408911,jinan-telecom,wuhan-telecom,47.9046,0.0,icmp,1591060320,2020-06-02 01:12:00+00:00
5409143,jinan-telecom,wuhan-telecom,49.5866,0.0,icmp,1591060440,2020-06-02 01:14:00+00:00
5409364,jinan-telecom,wuhan-telecom,42.9824,0.0,icmp,1591060560,2020-06-02 01:16:00+00:00
5409615,jinan-telecom,wuhan-telecom,46.4494,0.0,icmp,1591060680,2020-06-02 01:18:00+00:00
5409811,jinan-telecom,wuhan-telecom,39.6319,0.0,icmp,1591060759,2020-06-02 01:19:19+00:00
5410084,jinan-telecom,wuhan-telecom,39.6754,0.0,icmp,1591060879,2020-06-02 01:21:19+00:00
5410307,jinan-telecom,wuhan-telecom,51.2046,0.0,icmp,1591061040,2020-06-02 01:24:00+00:00
5410533,jinan-telecom,wuhan-telecom,52.6036,0.0,icmp,1591061160,2020-06-02 01:26:00+00:00
5410761,jinan-telecom,wuhan-telecom,47.2491,0.0,icmp,1591061280,2020-06-02 01:28:00+00:00
5410977,jinan-telecom,wuhan-telecom,39.6279,0.0,icmp,1591061359,2020-06-02 01:29:19+00:00
5411193,jinan-telecom,wuhan-telecom,52.6181,0.0,icmp,1591061520,2020-06-02 01:32:00+00:00
5411441,jinan-telecom,wuhan-telecom,39.9332,0.0,icmp,1591061599,2020-06-02 01:33:19+00:00
5411654,jinan-telecom,wuhan-telecom,50.9271,0.0,icmp,1591061760,2020-06-02 01:36:00+00:00
5411906,jinan-telecom,wuhan-telecom,50.7838,0.0,icmp,1591061880,2020-06-02 01:38:00+00:00
5412154,jinan-telecom,wuhan-telecom,47.2734,0.0,icmp,1591062000,2020-06-02 01:40:00+00:00
5412368,jinan-telecom,wuhan-telecom,39.7267,0.0,icmp,1591062079,2020-06-02 01:41:19+00:00
5412584,jinan-telecom,wuhan-telecom,39.83,0.0,icmp,1591062199,2020-06-02 01:43:19+00:00
5412823,jinan-telecom,wuhan-telecom,44.5689,0.0,icmp,1591062360,2020-06-02 01:46:00+00:00
5413038,jinan-telecom,wuhan-telecom,51.2623,0.0,icmp,1591062480,2020-06-02 01:48:00+00:00
5413276,jinan-telecom,wuhan-telecom,39.6176,0.0,icmp,1591062559,2020-06-02 01:49:19+00:00
5413511,jinan-telecom,wuhan-telecom,43.0761,0.0,icmp,1591062720,2020-06-02 01:52:00+00:00
5413713,jinan-telecom,wuhan-telecom,48.739,0.0,icmp,1591062840,2020-06-02 01:54:00+00:00
5413966,jinan-telecom,wuhan-telecom,39.6718,0.0,icmp,1591062919,2020-06-02 01:55:19+00:00
5414170,jinan-telecom,wuhan-telecom,49.3892,0.0,icmp,1591063080,2020-06-02 01:58:00+00:00
5414432,jinan-telecom,wuhan-telecom,42.274,0.0,icmp,1591063200,2020-06-02 02:00:00+00:00
5414643,jinan-telecom,wuhan-telecom,47.8297,0.0,icmp,1591063320,2020-06-02 02:02:00+00:00
5414877,jinan-telecom,wuhan-telecom,39.7247,0.0,icmp,1591063399,2020-06-02 02:03:19+00:00
5415113,jinan-telecom,wuhan-telecom,40.0557,0.0,icmp,1591063560,2020-06-02 02:06:00+00:00
5415329,jinan-telecom,wuhan-telecom,45.8365,0.0,icmp,1591063680,2020-06-02 02:08:00+00:00
5415561,jinan-telecom,wuhan-telecom,39.6755,0.0,icmp,1591063759,2020-06-02 02:09:19+00:00
5415795,jinan-telecom,wuhan-telecom,46.9891,0.0,icmp,1591063920,2020-06-02 02:12:00+00:00
5416016,jinan-telecom,wuhan-telecom,46.3714,0.0,icmp,1591064040,2020-06-02 02:14:00+00:00
5416244,jinan-telecom,wuhan-telecom,49.7039,0.0,icmp,1591064160,2020-06-02 02:16:00+00:00
5416475,jinan-telecom,wuhan-telecom,47.0468,0.0,icmp,1591064280,2020-06-02 02:18:00+00:00
7062668,jinan-telecom,wuhan-telecom,39.9296,0.0,icmp,1591002559,2020-06-01 09:09:19+00:00
7062903,jinan-telecom,wuhan-telecom,50.3233,0.0,icmp,1591002660,2020-06-01 09:11:00+00:00
7063108,jinan-telecom,wuhan-telecom,51.8286,0.0,icmp,1591002780,2020-06-01 09:13:00+00:00
7063327,jinan-telecom,wuhan-telecom,39.9819,0.0,icmp,1591002919,2020-06-01 09:15:19+00:00
7063592,jinan-telecom,wuhan-telecom,39.7548,0.0,icmp,1591003039,2020-06-01 09:17:19+00:00
7063792,jinan-telecom,wuhan-telecom,48.3716,0.0,icmp,1591003140,2020-06-01 09:19:00+00:00
7064039,jinan-telecom,wuhan-telecom,50.8164,0.0,icmp,1591003260,2020-06-01 09:21:00+00:00
7064251,jinan-telecom,wuhan-telecom,50.1456,0.0,icmp,1591003380,2020-06-01 09:23:00+00:00
7064485,jinan-telecom,wuhan-telecom,45.5636,0.0,icmp,1591003500,2020-06-01 09:25:00+00:00
7064733,jinan-telecom,wuhan-telecom,47.4113,0.0,icmp,1591003620,2020-06-01 09:27:00+00:00
7064963,jinan-telecom,wuhan-telecom,39.6405,0.0,icmp,1591003759,2020-06-01 09:29:19+00:00
7065182,jinan-telecom,wuhan-telecom,47.0284,0.0,icmp,1591003860,2020-06-01 09:31:00+00:00
7065386,jinan-telecom,wuhan-telecom,49.2194,0.0,icmp,1591003980,2020-06-01 09:33:00+00:00
7065629,jinan-telecom,wuhan-telecom,49.7886,0.0,icmp,1591004100,2020-06-01 09:35:00+00:00
7065849,jinan-telecom,wuhan-telecom,46.4674,0.0,icmp,1591004220,2020-06-01 09:37:00+00:00
7066093,jinan-telecom,wuhan-telecom,46.3339,0.0,icmp,1591004340,2020-06-01 09:39:00+00:00
7066312,jinan-telecom,wuhan-telecom,46.6202,0.0,icmp,1591004460,2020-06-01 09:41:00+00:00
7066557,jinan-telecom,wuhan-telecom,47.2848,0.0,icmp,1591004580,2020-06-01 09:43:00+00:00
7066789,jinan-telecom,wuhan-telecom,50.0253,0.0,icmp,1591004700,2020-06-01 09:45:00+00:00
7067006,jinan-telecom,wuhan-telecom,39.7621,0.0,icmp,1591004839,2020-06-01 09:47:19+00:00
7067219,jinan-telecom,wuhan-telecom,46.9611,0.0,icmp,1591004940,2020-06-01 09:49:00+00:00
7067473,jinan-telecom,wuhan-telecom,51.7092,0.0,icmp,1591005060,2020-06-01 09:51:00+00:00
7067697,jinan-telecom,wuhan-telecom,41.2497,0.0,icmp,1591005180,2020-06-01 09:53:00+00:00
7067940,jinan-telecom,wuhan-telecom,50.0797,0.0,icmp,1591005300,2020-06-01 09:55:00+00:00
7068146,jinan-telecom,wuhan-telecom,49.7269,0.0,icmp,1591005420,2020-06-01 09:57:00+00:00
7068390,jinan-telecom,wuhan-telecom,40.0798,0.0,icmp,1591005540,2020-06-01 09:59:00+00:00
7068616,jinan-telecom,wuhan-telecom,49.5996,0.0,icmp,1591005660,2020-06-01 10:01:00+00:00
7068849,jinan-telecom,wuhan-telecom,51.2542,0.0,icmp,1591005780,2020-06-01 10:03:00+00:00
7069076,jinan-telecom,wuhan-telecom,44.4798,0.0,icmp,1591005900,2020-06-01 10:05:00+00:00
7069310,jinan-telecom,wuhan-telecom,49.8929,0.0,icmp,1591006020,2020-06-01 10:07:00+00:00
7069523,jinan-telecom,wuhan-telecom,39.7667,0.0,icmp,1591006159,2020-06-01 10:09:19+00:00
7069759,jinan-telecom,wuhan-telecom,39.9884,0.0,icmp,1591006279,2020-06-01 10:11:19+00:00
7069987,jinan-telecom,wuhan-telecom,49.6326,0.0,icmp,1591006380,2020-06-01 10:13:00+00:00
7070198,jinan-telecom,wuhan-telecom,52.1138,0.0,icmp,1591006500,2020-06-01 10:15:00+00:00
7070441,jinan-telecom,wuhan-telecom,49.1526,0.0,icmp,1591006620,2020-06-01 10:17:00+00:00
7070668,jinan-telecom,wuhan-telecom,48.6132,0.0,icmp,1591006740,2020-06-01 10:19:00+00:00
7070906,jinan-telecom,wuhan-telecom,48.5913,0.0,icmp,1591006860,2020-06-01 10:21:00+00:00
7071136,jinan-telecom,wuhan-telecom,40.2453,0.0,icmp,1591006999,2020-06-01 10:23:19+00:00
7071371,jinan-telecom,wuhan-telecom,50.8066,0.0,icmp,1591007100,2020-06-01 10:25:00+00:00
7071591,jinan-telecom,wuhan-telecom,51.8434,0.0,icmp,1591007220,2020-06-01 10:27:00+00:00
7071810,jinan-telecom,wuhan-telecom,50.2107,0.0,icmp,1591007340,2020-06-01 10:29:00+00:00
7072048,jinan-telecom,wuhan-telecom,51.446,0.0,icmp,1591007460,2020-06-01 10:31:00+00:00
7072274,jinan-telecom,wuhan-telecom,40.1587,0.0,icmp,1591007580,2020-06-01 10:33:00+00:00
7072514,jinan-telecom,wuhan-telecom,50.5617,0.0,icmp,1591007700,2020-06-01 10:35:00+00:00
7072737,jinan-telecom,wuhan-telecom,39.6878,0.0,icmp,1591007839,2020-06-01 10:37:19+00:00
7072974,jinan-telecom,wuhan-telecom,39.6816,0.0,icmp,1591007959,2020-06-01 10:39:19+00:00
7073186,jinan-telecom,wuhan-telecom,46.3826,0.0,icmp,1591008060,2020-06-01 10:41:00+00:00
7073418,jinan-telecom,wuhan-telecom,40.3667,0.0,icmp,1591008199,2020-06-01 10:43:19+00:00
7073663,jinan-telecom,wuhan-telecom,47.7643,0.0,icmp,1591008300,2020-06-01 10:45:00+00:00
7073871,jinan-telecom,wuhan-telecom,48.8306,0.0,icmp,1591008420,2020-06-01 10:47:00+00:00
7074108,jinan-telecom,wuhan-telecom,47.1582,0.0,icmp,1591008540,2020-06-01 10:49:00+00:00
7074348,jinan-telecom,wuhan-telecom,48.2192,0.0,icmp,1591008660,2020-06-01 10:51:00+00:00
7074564,jinan-telecom,wuhan-telecom,44.4758,0.0,icmp,1591008780,2020-06-01 10:53:00+00:00
7074801,jinan-telecom,wuhan-telecom,50.9691,0.0,icmp,1591008900,2020-06-01 10:55:00+00:00
7075012,jinan-telecom,wuhan-telecom,40.0575,0.0,icmp,1591009039,2020-06-01 10:57:19+00:00
7075264,jinan-telecom,wuhan-telecom,43.3913,0.0,icmp,1591009140,2020-06-01 10:59:00+00:00
7075485,jinan-telecom,wuhan-telecom,47.3275,0.0,icmp,1591009260,2020-06-01 11:01:00+00:00
7075702,jinan-telecom,wuhan-telecom,39.8094,0.0,icmp,1591009399,2020-06-01 11:03:19+00:00
7075942,jinan-telecom,wuhan-telecom,48.045,0.0,icmp,1591009500,2020-06-01 11:05:00+00:00
7076153,jinan-telecom,wuhan-telecom,49.0625,0.0,icmp,1591009620,2020-06-01 11:07:00+00:00
7076407,jinan-telecom,wuhan-telecom,39.8509,0.0,icmp,1591009759,2020-06-01 11:09:19+00:00
7076629,jinan-telecom,wuhan-telecom,43.6666,0.0,icmp,1591009860,2020-06-01 11:11:00+00:00
7076843,jinan-telecom,wuhan-telecom,39.8487,0.0,icmp,1591009999,2020-06-01 11:13:19+00:00
7077098,jinan-telecom,wuhan-telecom,48.2009,0.0,icmp,1591010100,2020-06-01 11:15:00+00:00
7077319,jinan-telecom,wuhan-telecom,49.2974,0.0,icmp,1591010220,2020-06-01 11:17:00+00:00
7077538,jinan-telecom,wuhan-telecom,48.6347,0.0,icmp,1591010340,2020-06-01 11:19:00+00:00
7077786,jinan-telecom,wuhan-telecom,50.9259,0.0,icmp,1591010460,2020-06-01 11:21:00+00:00
7077997,jinan-telecom,wuhan-telecom,46.9348,0.0,icmp,1591010580,2020-06-01 11:23:00+00:00
7078215,jinan-telecom,wuhan-telecom,39.708,0.0,icmp,1591010719,2020-06-01 11:25:19+00:00
7078461,jinan-telecom,wuhan-telecom,51.2746,0.0,icmp,1591010820,2020-06-01 11:27:00+00:00
7078701,jinan-telecom,wuhan-telecom,48.2329,0.0,icmp,1591010940,2020-06-01 11:29:00+00:00
7078929,jinan-telecom,wuhan-telecom,48.9411,0.0,icmp,1591011060,2020-06-01 11:31:00+00:00
7079146,jinan-telecom,wuhan-telecom,47.0697,0.0,icmp,1591011180,2020-06-01 11:33:00+00:00
7079374,jinan-telecom,wuhan-telecom,39.6709,0.0,icmp,1591011319,2020-06-01 11:35:19+00:00
7079615,jinan-telecom,wuhan-telecom,39.67,0.0,icmp,1591011439,2020-06-01 11:37:19+00:00
7079831,jinan-telecom,wuhan-telecom,48.3394,0.0,icmp,1591011540,2020-06-01 11:39:00+00:00
7080067,jinan-telecom,wuhan-telecom,48.8479,0.0,icmp,1591011660,2020-06-01 11:41:00+00:00
7080299,jinan-telecom,wuhan-telecom,49.6186,0.0,icmp,1591011780,2020-06-01 11:43:00+00:00
7080519,jinan-telecom,wuhan-telecom,48.7032,0.0,icmp,1591011900,2020-06-01 11:45:00+00:00
7080734,jinan-telecom,wuhan-telecom,41.0725,0.0,icmp,1591012020,2020-06-01 11:47:00+00:00
7080945,jinan-telecom,wuhan-telecom,50.2061,0.0,icmp,1591012140,2020-06-01 11:49:00+00:00
7081227,jinan-telecom,wuhan-telecom,51.928,0.0,icmp,1591012260,2020-06-01 11:51:00+00:00
7081419,jinan-telecom,wuhan-telecom,39.9001,0.0,icmp,1591012399,2020-06-01 11:53:19+00:00
7081660,jinan-telecom,wuhan-telecom,39.6424,0.0,icmp,1591012519,2020-06-01 11:55:19+00:00
7081899,jinan-telecom,wuhan-telecom,46.9138,0.0,icmp,1591012620,2020-06-01 11:57:00+00:00
7082137,jinan-telecom,wuhan-telecom,39.6331,0.0,icmp,1591012759,2020-06-01 11:59:19+00:00
7082358,jinan-telecom,wuhan-telecom,39.6662,0.0,icmp,1591012879,2020-06-01 12:01:19+00:00
7082595,jinan-telecom,wuhan-telecom,43.5852,0.0,icmp,1591012980,2020-06-01 12:03:00+00:00
7082817,jinan-telecom,wuhan-telecom,42.7718,0.0,icmp,1591013100,2020-06-01 12:05:00+00:00
7083051,jinan-telecom,wuhan-telecom,45.0505,0.0,icmp,1591013220,2020-06-01 12:07:00+00:00
7083269,jinan-telecom,wuhan-telecom,39.6168,0.0,icmp,1591013359,2020-06-01 12:09:19+00:00
7083524,jinan-telecom,wuhan-telecom,48.2356,0.0,icmp,1591013460,2020-06-01 12:11:00+00:00
7083724,jinan-telecom,wuhan-telecom,39.8284,0.0,icmp,1591013599,2020-06-01 12:13:19+00:00
7083952,jinan-telecom,wuhan-telecom,48.2768,0.0,icmp,1591013700,2020-06-01 12:15:00+00:00
7084190,jinan-telecom,wuhan-telecom,49.9282,0.0,icmp,1591013820,2020-06-01 12:17:00+00:00
7084431,jinan-telecom,wuhan-telecom,46.2744,0.0,icmp,1591013940,2020-06-01 12:19:00+00:00
7084642,jinan-telecom,wuhan-telecom,43.261,0.0,icmp,1591014060,2020-06-01 12:21:00+00:00
7084877,jinan-telecom,wuhan-telecom,49.0751,0.0,icmp,1591014180,2020-06-01 12:23:00+00:00
7085106,jinan-telecom,wuhan-telecom,49.9644,0.0,icmp,1591014300,2020-06-01 12:25:00+00:00
7085328,jinan-telecom,wuhan-telecom,51.0248,0.0,icmp,1591014420,2020-06-01 12:27:00+00:00
7085562,jinan-telecom,wuhan-telecom,46.2425,0.0,icmp,1591014540,2020-06-01 12:29:00+00:00
7085765,jinan-telecom,wuhan-telecom,52.9045,0.0,icmp,1591014660,2020-06-01 12:31:00+00:00
7085997,jinan-telecom,wuhan-telecom,48.4743,0.0,icmp,1591014780,2020-06-01 12:33:00+00:00
7086234,jinan-telecom,wuhan-telecom,50.0759,0.0,icmp,1591014900,2020-06-01 12:35:00+00:00
7086466,jinan-telecom,wuhan-telecom,39.8042,0.0,icmp,1591015039,2020-06-01 12:37:19+00:00
7086723,jinan-telecom,wuhan-telecom,39.6569,0.0,icmp,1591015159,2020-06-01 12:39:19+00:00
7086920,jinan-telecom,wuhan-telecom,47.9692,0.0,icmp,1591015260,2020-06-01 12:41:00+00:00
7087178,jinan-telecom,wuhan-telecom,39.8396,0.0,icmp,1591015399,2020-06-01 12:43:19+00:00
7087387,jinan-telecom,wuhan-telecom,45.4623,0.0,icmp,1591015500,2020-06-01 12:45:00+00:00
7087644,jinan-telecom,wuhan-telecom,46.6152,0.0,icmp,1591015620,2020-06-01 12:47:00+00:00
7087828,jinan-telecom,wuhan-telecom,49.2899,0.0,icmp,1591015740,2020-06-01 12:49:00+00:00
7088072,jinan-telecom,wuhan-telecom,49.9129,0.0,icmp,1591015860,2020-06-01 12:51:00+00:00
7088303,jinan-telecom,wuhan-telecom,39.71,0.0,icmp,1591015999,2020-06-01 12:53:19+00:00
7088539,jinan-telecom,wuhan-telecom,48.6119,0.0,icmp,1591016100,2020-06-01 12:55:00+00:00
7088746,jinan-telecom,wuhan-telecom,40.3812,0.0,icmp,1591016220,2020-06-01 12:57:00+00:00
7088989,jinan-telecom,wuhan-telecom,50.1527,0.0,icmp,1591016340,2020-06-01 12:59:00+00:00
7089215,jinan-telecom,wuhan-telecom,47.1323,0.0,icmp,1591016460,2020-06-01 13:01:00+00:00
7089429,jinan-telecom,wuhan-telecom,53.3198,0.0,icmp,1591016580,2020-06-01 13:03:00+00:00
7089661,jinan-telecom,wuhan-telecom,47.511,0.0,icmp,1591016700,2020-06-01 13:05:00+00:00
7089906,jinan-telecom,wuhan-telecom,39.7615,0.0,icmp,1591016839,2020-06-01 13:07:19+00:00
7090136,jinan-telecom,wuhan-telecom,39.9137,0.0,icmp,1591016959,2020-06-01 13:09:19+00:00
7090372,jinan-telecom,wuhan-telecom,47.0312,0.0,icmp,1591017060,2020-06-01 13:11:00+00:00
7090576,jinan-telecom,wuhan-telecom,45.1683,0.0,icmp,1591017180,2020-06-01 13:13:00+00:00
7090823,jinan-telecom,wuhan-telecom,52.6659,0.0,icmp,1591017300,2020-06-01 13:15:00+00:00
7091048,jinan-telecom,wuhan-telecom,45.4913,0.0,icmp,1591017420,2020-06-01 13:17:00+00:00
7091263,jinan-telecom,wuhan-telecom,45.2045,0.0,icmp,1591017540,2020-06-01 13:19:00+00:00
7091515,jinan-telecom,wuhan-telecom,46.2055,0.0,icmp,1591017660,2020-06-01 13:21:00+00:00
7091737,jinan-telecom,wuhan-telecom,49.9691,0.0,icmp,1591017780,2020-06-01 13:23:00+00:00
7091982,jinan-telecom,wuhan-telecom,50.8422,0.0,icmp,1591017900,2020-06-01 13:25:00+00:00
7092212,jinan-telecom,wuhan-telecom,49.4444,0.0,icmp,1591018020,2020-06-01 13:27:00+00:00
7092437,jinan-telecom,wuhan-telecom,39.8901,0.0,icmp,1591018159,2020-06-01 13:29:19+00:00
7092659,jinan-telecom,wuhan-telecom,47.4014,0.0,icmp,1591018260,2020-06-01 13:31:00+00:00
7092897,jinan-telecom,wuhan-telecom,50.3337,0.0,icmp,1591018380,2020-06-01 13:33:00+00:00
7093124,jinan-telecom,wuhan-telecom,48.7741,0.0,icmp,1591018500,2020-06-01 13:35:00+00:00
7093356,jinan-telecom,wuhan-telecom,40.3179,1.0,icmp,1591018639,2020-06-01 13:37:19+00:00
7093599,jinan-telecom,wuhan-telecom,51.3919,0.0,icmp,1591018740,2020-06-01 13:39:00+00:00
7093804,jinan-telecom,wuhan-telecom,41.7595,0.0,icmp,1591018860,2020-06-01 13:41:00+00:00
7094030,jinan-telecom,wuhan-telecom,48.4176,0.0,icmp,1591018980,2020-06-01 13:43:00+00:00
7094260,jinan-telecom,wuhan-telecom,40.5713,2.0,icmp,1591019119,2020-06-01 13:45:19+00:00
7094472,jinan-telecom,wuhan-telecom,47.2617,2.0,icmp,1591019220,2020-06-01 13:47:00+00:00
7094715,jinan-telecom,wuhan-telecom,51.4826,0.0,icmp,1591019340,2020-06-01 13:49:00+00:00
7094956,jinan-telecom,wuhan-telecom,39.6869,0.0,icmp,1591019479,2020-06-01 13:51:19+00:00
7095169,jinan-telecom,wuhan-telecom,48.1138,0.0,icmp,1591019580,2020-06-01 13:53:00+00:00
7095393,jinan-telecom,wuhan-telecom,49.2869,0.0,icmp,1591019700,2020-06-01 13:55:00+00:00
7095649,jinan-telecom,wuhan-telecom,43.9833,0.0,icmp,1591019820,2020-06-01 13:57:00+00:00
7095869,jinan-telecom,wuhan-telecom,41.0441,0.0,icmp,1591019940,2020-06-01 13:59:00+00:00
7096102,jinan-telecom,wuhan-telecom,39.7174,0.0,icmp,1591020079,2020-06-01 14:01:19+00:00
7096331,jinan-telecom,wuhan-telecom,52.0983,0.0,icmp,1591020180,2020-06-01 14:03:00+00:00
7096559,jinan-telecom,wuhan-telecom,46.6487,0.0,icmp,1591020300,2020-06-01 14:05:00+00:00
7096765,jinan-telecom,wuhan-telecom,43.2243,0.0,icmp,1591020420,2020-06-01 14:07:00+00:00
7097004,jinan-telecom,wuhan-telecom,41.2109,0.0,icmp,1591020540,2020-06-01 14:09:00+00:00
7097232,jinan-telecom,wuhan-telecom,48.1159,0.0,icmp,1591020660,2020-06-01 14:11:00+00:00
7097453,jinan-telecom,wuhan-telecom,50.0144,0.0,icmp,1591020780,2020-06-01 14:13:00+00:00
7097686,jinan-telecom,wuhan-telecom,39.6557,0.0,icmp,1591020919,2020-06-01 14:15:19+00:00
7097927,jinan-telecom,wuhan-telecom,49.5399,0.0,icmp,1591021020,2020-06-01 14:17:00+00:00
7098153,jinan-telecom,wuhan-telecom,47.8515,0.0,icmp,1591021140,2020-06-01 14:19:00+00:00
7098385,jinan-telecom,wuhan-telecom,50.9463,0.0,icmp,1591021260,2020-06-01 14:21:00+00:00
7098597,jinan-telecom,wuhan-telecom,47.0848,0.0,icmp,1591021380,2020-06-01 14:23:00+00:00
7098830,jinan-telecom,wuhan-telecom,49.9849,0.0,icmp,1591021500,2020-06-01 14:25:00+00:00
7099064,jinan-telecom,wuhan-telecom,39.715,0.0,icmp,1591021639,2020-06-01 14:27:19+00:00
7099308,jinan-telecom,wuhan-telecom,46.2848,0.0,icmp,1591021740,2020-06-01 14:29:00+00:00
7099517,jinan-telecom,wuhan-telecom,39.7783,0.0,icmp,1591021879,2020-06-01 14:31:19+00:00
7099754,jinan-telecom,wuhan-telecom,40.2151,0.0,icmp,1591021999,2020-06-01 14:33:19+00:00
7099967,jinan-telecom,wuhan-telecom,47.0856,0.0,icmp,1591022100,2020-06-01 14:35:00+00:00
7100228,jinan-telecom,wuhan-telecom,49.9981,0.0,icmp,1591022220,2020-06-01 14:37:00+00:00
7100448,jinan-telecom,wuhan-telecom,46.9989,0.0,icmp,1591022340,2020-06-01 14:39:00+00:00
7100676,jinan-telecom,wuhan-telecom,47.7679,0.0,icmp,1591022460,2020-06-01 14:41:00+00:00
7100904,jinan-telecom,wuhan-telecom,39.7895,0.0,icmp,1591022599,2020-06-01 14:43:19+00:00
7101123,jinan-telecom,wuhan-telecom,51.3913,0.0,icmp,1591022700,2020-06-01 14:45:00+00:00
7101349,jinan-telecom,wuhan-telecom,41.7969,0.0,icmp,1591022820,2020-06-01 14:47:00+00:00
7101584,jinan-telecom,wuhan-telecom,51.2877,0.0,icmp,1591022940,2020-06-01 14:49:00+00:00
7101813,jinan-telecom,wuhan-telecom,45.3341,0.0,icmp,1591023060,2020-06-01 14:51:00+00:00
7102043,jinan-telecom,wuhan-telecom,48.0367,0.0,icmp,1591023180,2020-06-01 14:53:00+00:00
7102270,jinan-telecom,wuhan-telecom,39.6506,0.0,icmp,1591023319,2020-06-01 14:55:19+00:00
7102516,jinan-telecom,wuhan-telecom,50.8647,0.0,icmp,1591023420,2020-06-01 14:57:00+00:00
7102719,jinan-telecom,wuhan-telecom,47.1233,0.0,icmp,1591023540,2020-06-01 14:59:00+00:00
7102959,jinan-telecom,wuhan-telecom,45.5137,0.0,icmp,1591023660,2020-06-01 15:01:00+00:00
7103198,jinan-telecom,wuhan-telecom,39.8641,0.0,icmp,1591023799,2020-06-01 15:03:19+00:00
7103416,jinan-telecom,wuhan-telecom,39.8256,0.0,icmp,1591023919,2020-06-01 15:05:19+00:00
7103642,jinan-telecom,wuhan-telecom,50.8464,0.0,icmp,1591024020,2020-06-01 15:07:00+00:00
7103878,jinan-telecom,wuhan-telecom,39.9038,0.0,icmp,1591024159,2020-06-01 15:09:19+00:00
7104116,jinan-telecom,wuhan-telecom,50.9007,0.0,icmp,1591024260,2020-06-01 15:11:00+00:00
7104348,jinan-telecom,wuhan-telecom,47.6307,0.0,icmp,1591024380,2020-06-01 15:13:00+00:00
7104559,jinan-telecom,wuhan-telecom,48.1929,0.0,icmp,1591024500,2020-06-01 15:15:00+00:00
7104776,jinan-telecom,wuhan-telecom,39.6348,0.0,icmp,1591024639,2020-06-01 15:17:19+00:00
7105019,jinan-telecom,wuhan-telecom,50.0521,0.0,icmp,1591024740,2020-06-01 15:19:00+00:00
7105252,jinan-telecom,wuhan-telecom,45.4213,0.0,icmp,1591024860,2020-06-01 15:21:00+00:00
7105486,jinan-telecom,wuhan-telecom,47.3663,0.0,icmp,1591024980,2020-06-01 15:23:00+00:00
7105722,jinan-telecom,wuhan-telecom,49.5445,0.0,icmp,1591025100,2020-06-01 15:25:00+00:00
7105926,jinan-telecom,wuhan-telecom,39.6669,0.0,icmp,1591025239,2020-06-01 15:27:19+00:00
7106150,jinan-telecom,wuhan-telecom,43.8342,0.0,icmp,1591025340,2020-06-01 15:29:00+00:00
7106397,jinan-telecom,wuhan-telecom,51.4592,0.0,icmp,1591025460,2020-06-01 15:31:00+00:00
7106634,jinan-telecom,wuhan-telecom,39.7835,0.0,icmp,1591025599,2020-06-01 15:33:19+00:00
7106834,jinan-telecom,wuhan-telecom,47.5292,0.0,icmp,1591025700,2020-06-01 15:35:00+00:00
7107085,jinan-telecom,wuhan-telecom,50.3094,0.0,icmp,1591025820,2020-06-01 15:37:00+00:00
7107308,jinan-telecom,wuhan-telecom,49.9718,0.0,icmp,1591025940,2020-06-01 15:39:00+00:00
7107528,jinan-telecom,wuhan-telecom,46.9979,0.0,icmp,1591026060,2020-06-01 15:41:00+00:00
7107774,jinan-telecom,wuhan-telecom,39.9371,0.0,icmp,1591026199,2020-06-01 15:43:19+00:00
7108002,jinan-telecom,wuhan-telecom,46.5947,0.0,icmp,1591026300,2020-06-01 15:45:00+00:00
7108227,jinan-telecom,wuhan-telecom,50.4285,0.0,icmp,1591026420,2020-06-01 15:47:00+00:00
7108459,jinan-telecom,wuhan-telecom,48.3756,0.0,icmp,1591026540,2020-06-01 15:49:00+00:00
7108674,jinan-telecom,wuhan-telecom,46.5747,0.0,icmp,1591026660,2020-06-01 15:51:00+00:00
7108938,jinan-telecom,wuhan-telecom,47.8777,0.0,icmp,1591026780,2020-06-01 15:53:00+00:00
7109148,jinan-telecom,wuhan-telecom,45.8188,0.0,icmp,1591026900,2020-06-01 15:55:00+00:00
7109363,jinan-telecom,wuhan-telecom,45.1532,0.0,icmp,1591027020,2020-06-01 15:57:00+00:00
7109586,jinan-telecom,wuhan-telecom,39.6898,0.0,icmp,1591027159,2020-06-01 15:59:19+00:00
7109829,jinan-telecom,wuhan-telecom,39.6728,0.0,icmp,1591027279,2020-06-01 16:01:19+00:00
7110037,jinan-telecom,wuhan-telecom,44.4673,0.0,icmp,1591027380,2020-06-01 16:03:00+00:00
7110288,jinan-telecom,wuhan-telecom,39.65,0.0,icmp,1591027519,2020-06-01 16:05:19+00:00
7110497,jinan-telecom,wuhan-telecom,50.1069,0.0,icmp,1591027620,2020-06-01 16:07:00+00:00
7110735,jinan-telecom,wuhan-telecom,47.4261,0.0,icmp,1591027740,2020-06-01 16:09:00+00:00
7110988,jinan-telecom,wuhan-telecom,47.4469,0.0,icmp,1591027860,2020-06-01 16:11:00+00:00
7111201,jinan-telecom,wuhan-telecom,50.1461,0.0,icmp,1591027980,2020-06-01 16:13:00+00:00
7111424,jinan-telecom,wuhan-telecom,31.4336,0.0,icmp,1591028119,2020-06-01 16:15:19+00:00
7111664,jinan-telecom,wuhan-telecom,31.2697,0.0,icmp,1591028239,2020-06-01 16:17:19+00:00
7111889,jinan-telecom,wuhan-telecom,50.1034,0.0,icmp,1591028340,2020-06-01 16:19:00+00:00
7112121,jinan-telecom,wuhan-telecom,44.1533,0.0,icmp,1591028460,2020-06-01 16:21:00+00:00
7112357,jinan-telecom,wuhan-telecom,48.6782,0.0,icmp,1591028580,2020-06-01 16:23:00+00:00
7112576,jinan-telecom,wuhan-telecom,48.8551,0.0,icmp,1591028700,2020-06-01 16:25:00+00:00
7112791,jinan-telecom,wuhan-telecom,46.8054,0.0,icmp,1591028820,2020-06-01 16:27:00+00:00
7113038,jinan-telecom,wuhan-telecom,39.6227,0.0,icmp,1591028959,2020-06-01 16:29:19+00:00
7113279,jinan-telecom,wuhan-telecom,46.2511,0.0,icmp,1591029060,2020-06-01 16:31:00+00:00
7113488,jinan-telecom,wuhan-telecom,48.8555,0.0,icmp,1591029180,2020-06-01 16:33:00+00:00
7113720,jinan-telecom,wuhan-telecom,50.008,0.0,icmp,1591029300,2020-06-01 16:35:00+00:00
7113956,jinan-telecom,wuhan-telecom,48.1102,0.0,icmp,1591029420,2020-06-01 16:37:00+00:00
7114181,jinan-telecom,wuhan-telecom,47.4994,0.0,icmp,1591029540,2020-06-01 16:39:00+00:00
7114390,jinan-telecom,wuhan-telecom,48.6854,0.0,icmp,1591029660,2020-06-01 16:41:00+00:00
7114619,jinan-telecom,wuhan-telecom,49.055,0.0,icmp,1591029780,2020-06-01 16:43:00+00:00
7114872,jinan-telecom,wuhan-telecom,47.6431,0.0,icmp,1591029900,2020-06-01 16:45:00+00:00
7115098,jinan-telecom,wuhan-telecom,50.6881,0.0,icmp,1591030020,2020-06-01 16:47:00+00:00
7115327,jinan-telecom,wuhan-telecom,52.1113,0.0,icmp,1591030140,2020-06-01 16:49:00+00:00
7115538,jinan-telecom,wuhan-telecom,47.7504,0.0,icmp,1591030260,2020-06-01 16:51:00+00:00
7115791,jinan-telecom,wuhan-telecom,45.7808,0.0,icmp,1591030380,2020-06-01 16:53:00+00:00
7116001,jinan-telecom,wuhan-telecom,47.1464,0.0,icmp,1591030500,2020-06-01 16:55:00+00:00
7116259,jinan-telecom,wuhan-telecom,49.1091,0.0,icmp,1591030620,2020-06-01 16:57:00+00:00
7116475,jinan-telecom,wuhan-telecom,51.1236,0.0,icmp,1591030740,2020-06-01 16:59:00+00:00
7116685,jinan-telecom,wuhan-telecom,48.816,0.0,icmp,1591030860,2020-06-01 17:01:00+00:00
7116908,jinan-telecom,wuhan-telecom,50.3514,0.0,icmp,1591030980,2020-06-01 17:03:00+00:00
7117141,jinan-telecom,wuhan-telecom,48.5531,0.0,icmp,1591031100,2020-06-01 17:05:00+00:00
7117383,jinan-telecom,wuhan-telecom,49.6425,0.0,icmp,1591031220,2020-06-01 17:07:00+00:00
7117630,jinan-telecom,wuhan-telecom,46.8119,0.0,icmp,1591031340,2020-06-01 17:09:00+00:00
7117849,jinan-telecom,wuhan-telecom,39.7687,0.0,icmp,1591031479,2020-06-01 17:11:19+00:00
7118070,jinan-telecom,wuhan-telecom,54.6092,0.0,icmp,1591031580,2020-06-01 17:13:00+00:00
7118311,jinan-telecom,wuhan-telecom,50.2336,0.0,icmp,1591031700,2020-06-01 17:15:00+00:00
7118520,jinan-telecom,wuhan-telecom,40.3358,0.0,icmp,1591031839,2020-06-01 17:17:19+00:00
7118766,jinan-telecom,wuhan-telecom,48.8988,0.0,icmp,1591031940,2020-06-01 17:19:00+00:00
7118988,jinan-telecom,wuhan-telecom,40.0224,0.0,icmp,1591032079,2020-06-01 17:21:19+00:00
7119222,jinan-telecom,wuhan-telecom,49.5475,0.0,icmp,1591032180,2020-06-01 17:23:00+00:00
7119465,jinan-telecom,wuhan-telecom,49.057,0.0,icmp,1591032300,2020-06-01 17:25:00+00:00
7119681,jinan-telecom,wuhan-telecom,47.9501,0.0,icmp,1591032420,2020-06-01 17:27:00+00:00
7119899,jinan-telecom,wuhan-telecom,42.232,0.0,icmp,1591032540,2020-06-01 17:29:00+00:00
7120146,jinan-telecom,wuhan-telecom,51.6597,0.0,icmp,1591032660,2020-06-01 17:31:00+00:00
7120349,jinan-telecom,wuhan-telecom,39.4112,0.0,icmp,1591032799,2020-06-01 17:33:19+00:00
7120582,jinan-telecom,wuhan-telecom,47.4073,0.0,icmp,1591032900,2020-06-01 17:35:00+00:00
7120807,jinan-telecom,wuhan-telecom,48.8299,0.0,icmp,1591033020,2020-06-01 17:37:00+00:00
7121041,jinan-telecom,wuhan-telecom,47.0436,0.0,icmp,1591033140,2020-06-01 17:39:00+00:00
7121270,jinan-telecom,wuhan-telecom,51.4971,0.0,icmp,1591033260,2020-06-01 17:41:00+00:00
7121514,jinan-telecom,wuhan-telecom,39.4783,0.0,icmp,1591033399,2020-06-01 17:43:19+00:00
7121739,jinan-telecom,wuhan-telecom,50.242,0.0,icmp,1591033500,2020-06-01 17:45:00+00:00
7121987,jinan-telecom,wuhan-telecom,48.2609,0.0,icmp,1591033620,2020-06-01 17:47:00+00:00
7122187,jinan-telecom,wuhan-telecom,48.2791,0.0,icmp,1591033740,2020-06-01 17:49:00+00:00
7122437,jinan-telecom,wuhan-telecom,51.2923,0.0,icmp,1591033860,2020-06-01 17:51:00+00:00
7122655,jinan-telecom,wuhan-telecom,46.3379,0.0,icmp,1591033980,2020-06-01 17:53:00+00:00
7122887,jinan-telecom,wuhan-telecom,50.0442,0.0,icmp,1591034100,2020-06-01 17:55:00+00:00
7123094,jinan-telecom,wuhan-telecom,51.8269,0.0,icmp,1591034220,2020-06-01 17:57:00+00:00
7123333,jinan-telecom,wuhan-telecom,49.6098,0.0,icmp,1591034340,2020-06-01 17:59:00+00:00
7123567,jinan-telecom,wuhan-telecom,39.5746,0.0,icmp,1591034479,2020-06-01 18:01:19+00:00
7123811,jinan-telecom,wuhan-telecom,44.8918,0.0,icmp,1591034580,2020-06-01 18:03:00+00:00
7124028,jinan-telecom,wuhan-telecom,48.5091,0.0,icmp,1591034700,2020-06-01 18:05:00+00:00
7124272,jinan-telecom,wuhan-telecom,49.3582,0.0,icmp,1591034820,2020-06-01 18:07:00+00:00
7124469,jinan-telecom,wuhan-telecom,48.1792,0.0,icmp,1591034940,2020-06-01 18:09:00+00:00
7124716,jinan-telecom,wuhan-telecom,48.5076,0.0,icmp,1591035060,2020-06-01 18:11:00+00:00
7124944,jinan-telecom,wuhan-telecom,50.208,0.0,icmp,1591035180,2020-06-01 18:13:00+00:00
7125177,jinan-telecom,wuhan-telecom,48.2252,0.0,icmp,1591035300,2020-06-01 18:15:00+00:00
7125399,jinan-telecom,wuhan-telecom,43.8194,0.0,icmp,1591035420,2020-06-01 18:17:00+00:00
7125668,jinan-telecom,wuhan-telecom,39.3766,0.0,icmp,1591035559,2020-06-01 18:19:19+00:00
7125860,jinan-telecom,wuhan-telecom,47.905,0.0,icmp,1591035660,2020-06-01 18:21:00+00:00
7126088,jinan-telecom,wuhan-telecom,47.7039,0.0,icmp,1591035780,2020-06-01 18:23:00+00:00
7126304,jinan-telecom,wuhan-telecom,49.259,3.0,icmp,1591035900,2020-06-01 18:25:00+00:00
7126534,jinan-telecom,wuhan-telecom,46.5831,0.0,icmp,1591036020,2020-06-01 18:27:00+00:00
7126789,jinan-telecom,wuhan-telecom,48.0907,0.0,icmp,1591036140,2020-06-01 18:29:00+00:00
7127014,jinan-telecom,wuhan-telecom,39.3791,0.0,icmp,1591036279,2020-06-01 18:31:19+00:00
7127252,jinan-telecom,wuhan-telecom,51.3466,0.0,icmp,1591036380,2020-06-01 18:33:00+00:00
7127476,jinan-telecom,wuhan-telecom,39.6599,0.0,icmp,1591036519,2020-06-01 18:35:19+00:00
7127692,jinan-telecom,wuhan-telecom,45.4184,0.0,icmp,1591036620,2020-06-01 18:37:00+00:00
7127932,jinan-telecom,wuhan-telecom,49.3225,0.0,icmp,1591036740,2020-06-01 18:39:00+00:00
7128150,jinan-telecom,wuhan-telecom,47.9894,0.0,icmp,1591036860,2020-06-01 18:41:00+00:00
7128376,jinan-telecom,wuhan-telecom,48.7967,0.0,icmp,1591036980,2020-06-01 18:43:00+00:00
7128590,jinan-telecom,wuhan-telecom,48.6179,0.0,icmp,1591037100,2020-06-01 18:45:00+00:00
7128831,jinan-telecom,wuhan-telecom,39.7513,0.0,icmp,1591037239,2020-06-01 18:47:19+00:00
7129077,jinan-telecom,wuhan-telecom,39.6008,0.0,icmp,1591037359,2020-06-01 18:49:19+00:00
7129302,jinan-telecom,wuhan-telecom,46.2045,0.0,icmp,1591037460,2020-06-01 18:51:00+00:00
7129514,jinan-telecom,wuhan-telecom,48.2222,0.0,icmp,1591037580,2020-06-01 18:53:00+00:00
7129737,jinan-telecom,wuhan-telecom,39.3843,0.0,icmp,1591037719,2020-06-01 18:55:19+00:00
7129990,jinan-telecom,wuhan-telecom,48.3119,0.0,icmp,1591037820,2020-06-01 18:57:00+00:00
7130203,jinan-telecom,wuhan-telecom,50.0781,0.0,icmp,1591037940,2020-06-01 18:59:00+00:00
7130425,jinan-telecom,wuhan-telecom,50.6291,0.0,icmp,1591038060,2020-06-01 19:01:00+00:00
7130656,jinan-telecom,wuhan-telecom,51.3988,0.0,icmp,1591038180,2020-06-01 19:03:00+00:00
7130889,jinan-telecom,wuhan-telecom,42.9068,0.0,icmp,1591038300,2020-06-01 19:05:00+00:00
7131113,jinan-telecom,wuhan-telecom,51.4886,0.0,icmp,1591038420,2020-06-01 19:07:00+00:00
7131347,jinan-telecom,wuhan-telecom,52.5899,0.0,icmp,1591038540,2020-06-01 19:09:00+00:00
7131592,jinan-telecom,wuhan-telecom,50.787,0.0,icmp,1591038660,2020-06-01 19:11:00+00:00
7131798,jinan-telecom,wuhan-telecom,48.2692,0.0,icmp,1591038780,2020-06-01 19:13:00+00:00
7132026,jinan-telecom,wuhan-telecom,48.5006,0.0,icmp,1591038900,2020-06-01 19:15:00+00:00
7132250,jinan-telecom,wuhan-telecom,41.0277,0.0,icmp,1591039020,2020-06-01 19:17:00+00:00
7132502,jinan-telecom,wuhan-telecom,44.8341,0.0,icmp,1591039140,2020-06-01 19:19:00+00:00
7132723,jinan-telecom,wuhan-telecom,50.8906,0.0,icmp,1591039260,2020-06-01 19:21:00+00:00
7132948,jinan-telecom,wuhan-telecom,51.5759,0.0,icmp,1591039380,2020-06-01 19:23:00+00:00
7133189,jinan-telecom,wuhan-telecom,51.6275,0.0,icmp,1591039500,2020-06-01 19:25:00+00:00
7133408,jinan-telecom,wuhan-telecom,39.6647,0.0,icmp,1591039639,2020-06-01 19:27:19+00:00
7133656,jinan-telecom,wuhan-telecom,48.6692,0.0,icmp,1591039740,2020-06-01 19:29:00+00:00
7133869,jinan-telecom,wuhan-telecom,47.0212,0.0,icmp,1591039860,2020-06-01 19:31:00+00:00
7134081,jinan-telecom,wuhan-telecom,46.1399,0.0,icmp,1591039980,2020-06-01 19:33:00+00:00
7134323,jinan-telecom,wuhan-telecom,51.4786,0.0,icmp,1591040100,2020-06-01 19:35:00+00:00
7134537,jinan-telecom,wuhan-telecom,42.9641,0.0,icmp,1591040220,2020-06-01 19:37:00+00:00
7134793,jinan-telecom,wuhan-telecom,49.1827,0.0,icmp,1591040340,2020-06-01 19:39:00+00:00
7135024,jinan-telecom,wuhan-telecom,51.4587,0.0,icmp,1591040460,2020-06-01 19:41:00+00:00
7135242,jinan-telecom,wuhan-telecom,50.2778,0.0,icmp,1591040580,2020-06-01 19:43:00+00:00
7135461,jinan-telecom,wuhan-telecom,47.7418,0.0,icmp,1591040700,2020-06-01 19:45:00+00:00
7135701,jinan-telecom,wuhan-telecom,50.2932,0.0,icmp,1591040820,2020-06-01 19:47:00+00:00
7135916,jinan-telecom,wuhan-telecom,52.0721,0.0,icmp,1591040940,2020-06-01 19:49:00+00:00
7136181,jinan-telecom,wuhan-telecom,39.758,0.0,icmp,1591041079,2020-06-01 19:51:19+00:00
7136391,jinan-telecom,wuhan-telecom,43.3654,0.0,icmp,1591041180,2020-06-01 19:53:00+00:00
7136617,jinan-telecom,wuhan-telecom,47.7156,0.0,icmp,1591041300,2020-06-01 19:55:00+00:00
7136847,jinan-telecom,wuhan-telecom,50.4771,0.0,icmp,1591041420,2020-06-01 19:57:00+00:00
7137086,jinan-telecom,wuhan-telecom,49.8864,0.0,icmp,1591041540,2020-06-01 19:59:00+00:00
7137310,jinan-telecom,wuhan-telecom,39.6255,0.0,icmp,1591041679,2020-06-01 20:01:19+00:00
7137516,jinan-telecom,wuhan-telecom,41.1781,0.0,icmp,1591041780,2020-06-01 20:03:00+00:00
7137737,jinan-telecom,wuhan-telecom,39.6658,0.0,icmp,1591041919,2020-06-01 20:05:19+00:00
7137992,jinan-telecom,wuhan-telecom,46.0481,0.0,icmp,1591042020,2020-06-01 20:07:00+00:00
7138200,jinan-telecom,wuhan-telecom,51.1108,0.0,icmp,1591042140,2020-06-01 20:09:00+00:00
7138453,jinan-telecom,wuhan-telecom,39.7429,0.0,icmp,1591042279,2020-06-01 20:11:19+00:00
7138676,jinan-telecom,wuhan-telecom,51.8509,0.0,icmp,1591042380,2020-06-01 20:13:00+00:00
7138894,jinan-telecom,wuhan-telecom,45.5986,0.0,icmp,1591042500,2020-06-01 20:15:00+00:00
7139124,jinan-telecom,wuhan-telecom,39.6389,0.0,icmp,1591042639,2020-06-01 20:17:19+00:00
7139372,jinan-telecom,wuhan-telecom,39.6225,0.0,icmp,1591042759,2020-06-01 20:19:19+00:00
7139595,jinan-telecom,wuhan-telecom,48.9663,0.0,icmp,1591042860,2020-06-01 20:21:00+00:00
7139829,jinan-telecom,wuhan-telecom,47.0189,0.0,icmp,1591042980,2020-06-01 20:23:00+00:00
7140052,jinan-telecom,wuhan-telecom,48.4947,0.0,icmp,1591043100,2020-06-01 20:25:00+00:00
7140263,jinan-telecom,wuhan-telecom,50.3462,0.0,icmp,1591043220,2020-06-01 20:27:00+00:00
7140511,jinan-telecom,wuhan-telecom,48.4334,0.0,icmp,1591043340,2020-06-01 20:29:00+00:00
7140768,jinan-telecom,wuhan-telecom,39.9919,0.0,icmp,1591043479,2020-06-01 20:31:19+00:00
7140955,jinan-telecom,wuhan-telecom,50.5602,0.0,icmp,1591043580,2020-06-01 20:33:00+00:00
7141211,jinan-telecom,wuhan-telecom,47.3378,0.0,icmp,1591043700,2020-06-01 20:35:00+00:00
7141418,jinan-telecom,wuhan-telecom,39.7628,0.0,icmp,1591043839,2020-06-01 20:37:19+00:00
7141647,jinan-telecom,wuhan-telecom,39.6348,0.0,icmp,1591043959,2020-06-01 20:39:19+00:00
7141890,jinan-telecom,wuhan-telecom,47.3635,0.0,icmp,1591044060,2020-06-01 20:41:00+00:00
7142112,jinan-telecom,wuhan-telecom,40.0125,0.0,icmp,1591044199,2020-06-01 20:43:19+00:00
7142351,jinan-telecom,wuhan-telecom,48.6275,0.0,icmp,1591044300,2020-06-01 20:45:00+00:00
7142550,jinan-telecom,wuhan-telecom,47.5349,0.0,icmp,1591044420,2020-06-01 20:47:00+00:00
7142804,jinan-telecom,wuhan-telecom,46.9355,0.0,icmp,1591044540,2020-06-01 20:49:00+00:00
7143043,jinan-telecom,wuhan-telecom,42.9651,0.0,icmp,1591044660,2020-06-01 20:51:00+00:00
7143260,jinan-telecom,wuhan-telecom,46.8907,0.0,icmp,1591044780,2020-06-01 20:53:00+00:00
7143496,jinan-telecom,wuhan-telecom,49.0382,0.0,icmp,1591044900,2020-06-01 20:55:00+00:00
7143710,jinan-telecom,wuhan-telecom,49.3226,0.0,icmp,1591045020,2020-06-01 20:57:00+00:00
7143941,jinan-telecom,wuhan-telecom,48.6559,0.0,icmp,1591045140,2020-06-01 20:59:00+00:00
7144173,jinan-telecom,wuhan-telecom,51.4206,0.0,icmp,1591045260,2020-06-01 21:01:00+00:00
7144408,jinan-telecom,wuhan-telecom,39.8097,0.0,icmp,1591045399,2020-06-01 21:03:19+00:00
7144633,jinan-telecom,wuhan-telecom,45.639,0.0,icmp,1591045500,2020-06-01 21:05:00+00:00
7144863,jinan-telecom,wuhan-telecom,47.8982,0.0,icmp,1591045620,2020-06-01 21:07:00+00:00
7145080,jinan-telecom,wuhan-telecom,50.2349,0.0,icmp,1591045740,2020-06-01 21:09:00+00:00
7145330,jinan-telecom,wuhan-telecom,51.1496,0.0,icmp,1591045860,2020-06-01 21:11:00+00:00
7145551,jinan-telecom,wuhan-telecom,39.7235,0.0,icmp,1591045999,2020-06-01 21:13:19+00:00
7145788,jinan-telecom,wuhan-telecom,46.63,0.0,icmp,1591046100,2020-06-01 21:15:00+00:00
7145996,jinan-telecom,wuhan-telecom,51.9196,0.0,icmp,1591046220,2020-06-01 21:17:00+00:00
7146259,jinan-telecom,wuhan-telecom,39.8417,0.0,icmp,1591046359,2020-06-01 21:19:19+00:00
7146478,jinan-telecom,wuhan-telecom,49.3106,0.0,icmp,1591046460,2020-06-01 21:21:00+00:00
7146708,jinan-telecom,wuhan-telecom,40.1317,0.0,icmp,1591046599,2020-06-01 21:23:19+00:00
7146920,jinan-telecom,wuhan-telecom,39.673,0.0,icmp,1591046719,2020-06-01 21:25:19+00:00
7147167,jinan-telecom,wuhan-telecom,50.9874,0.0,icmp,1591046820,2020-06-01 21:27:00+00:00
7147368,jinan-telecom,wuhan-telecom,52.3349,0.0,icmp,1591046940,2020-06-01 21:29:00+00:00
7147627,jinan-telecom,wuhan-telecom,53.3526,0.0,icmp,1591047060,2020-06-01 21:31:00+00:00
7147843,jinan-telecom,wuhan-telecom,46.8731,0.0,icmp,1591047180,2020-06-01 21:33:00+00:00
7148068,jinan-telecom,wuhan-telecom,46.8701,0.0,icmp,1591047300,2020-06-01 21:35:00+00:00
7148280,jinan-telecom,wuhan-telecom,39.638,0.0,icmp,1591047439,2020-06-01 21:37:19+00:00
7148528,jinan-telecom,wuhan-telecom,49.5939,0.0,icmp,1591047540,2020-06-01 21:39:00+00:00
7148738,jinan-telecom,wuhan-telecom,51.0999,0.0,icmp,1591047660,2020-06-01 21:41:00+00:00
7148975,jinan-telecom,wuhan-telecom,48.9991,0.0,icmp,1591047780,2020-06-01 21:43:00+00:00
7149213,jinan-telecom,wuhan-telecom,53.0487,0.0,icmp,1591047900,2020-06-01 21:45:00+00:00
7149441,jinan-telecom,wuhan-telecom,39.9377,0.0,icmp,1591048039,2020-06-01 21:47:19+00:00
7149667,jinan-telecom,wuhan-telecom,53.0014,0.0,icmp,1591048140,2020-06-01 21:49:00+00:00
7149881,jinan-telecom,wuhan-telecom,49.8695,0.0,icmp,1591048260,2020-06-01 21:51:00+00:00
7150114,jinan-telecom,wuhan-telecom,47.7431,0.0,icmp,1591048380,2020-06-01 21:53:00+00:00
7150352,jinan-telecom,wuhan-telecom,39.7017,0.0,icmp,1591048519,2020-06-01 21:55:19+00:00
7150577,jinan-telecom,wuhan-telecom,39.6869,0.0,icmp,1591048639,2020-06-01 21:57:19+00:00
7150815,jinan-telecom,wuhan-telecom,49.0549,0.0,icmp,1591048740,2020-06-01 21:59:00+00:00
7151057,jinan-telecom,wuhan-telecom,51.5027,0.0,icmp,1591048860,2020-06-01 22:01:00+00:00
7151259,jinan-telecom,wuhan-telecom,50.821,0.0,icmp,1591048980,2020-06-01 22:03:00+00:00
7151514,jinan-telecom,wuhan-telecom,45.4601,0.0,icmp,1591049100,2020-06-01 22:05:00+00:00
7151727,jinan-telecom,wuhan-telecom,47.5872,0.0,icmp,1591049220,2020-06-01 22:07:00+00:00
7151962,jinan-telecom,wuhan-telecom,40.5852,0.0,icmp,1591049340,2020-06-01 22:09:00+00:00
7152185,jinan-telecom,wuhan-telecom,44.4061,0.0,icmp,1591049460,2020-06-01 22:11:00+00:00
7152403,jinan-telecom,wuhan-telecom,49.9438,0.0,icmp,1591049580,2020-06-01 22:13:00+00:00
7152626,jinan-telecom,wuhan-telecom,47.3327,0.0,icmp,1591049700,2020-06-01 22:15:00+00:00
7152864,jinan-telecom,wuhan-telecom,39.6348,0.0,icmp,1591049839,2020-06-01 22:17:19+00:00
7153091,jinan-telecom,wuhan-telecom,49.9214,0.0,icmp,1591049940,2020-06-01 22:19:00+00:00
7153317,jinan-telecom,wuhan-telecom,49.7644,0.0,icmp,1591050060,2020-06-01 22:21:00+00:00
7153547,jinan-telecom,wuhan-telecom,42.4344,0.0,icmp,1591050180,2020-06-01 22:23:00+00:00
7153797,jinan-telecom,wuhan-telecom,39.8744,0.0,icmp,1591050319,2020-06-01 22:25:19+00:00
7154020,jinan-telecom,wuhan-telecom,47.8694,0.0,icmp,1591050420,2020-06-01 22:27:00+00:00
7154233,jinan-telecom,wuhan-telecom,49.0062,0.0,icmp,1591050540,2020-06-01 22:29:00+00:00
7154485,jinan-telecom,wuhan-telecom,50.132,0.0,icmp,1591050660,2020-06-01 22:31:00+00:00
7154690,jinan-telecom,wuhan-telecom,44.2194,0.0,icmp,1591050780,2020-06-01 22:33:00+00:00
7154926,jinan-telecom,wuhan-telecom,50.3273,0.0,icmp,1591050900,2020-06-01 22:35:00+00:00
7155172,jinan-telecom,wuhan-telecom,49.5533,0.0,icmp,1591051020,2020-06-01 22:37:00+00:00
7155389,jinan-telecom,wuhan-telecom,50.6419,0.0,icmp,1591051140,2020-06-01 22:39:00+00:00
7155615,jinan-telecom,wuhan-telecom,48.2318,0.0,icmp,1591051260,2020-06-01 22:41:00+00:00
7155841,jinan-telecom,wuhan-telecom,39.909,0.0,icmp,1591051399,2020-06-01 22:43:19+00:00
7156084,jinan-telecom,wuhan-telecom,39.6489,0.0,icmp,1591051519,2020-06-01 22:45:19+00:00
7156309,jinan-telecom,wuhan-telecom,50.1133,0.0,icmp,1591051620,2020-06-01 22:47:00+00:00
7156548,jinan-telecom,wuhan-telecom,47.6577,0.0,icmp,1591051740,2020-06-01 22:49:00+00:00
7156761,jinan-telecom,wuhan-telecom,46.8329,0.0,icmp,1591051860,2020-06-01 22:51:00+00:00
7156985,jinan-telecom,wuhan-telecom,51.1707,0.0,icmp,1591051980,2020-06-01 22:53:00+00:00
7157218,jinan-telecom,wuhan-telecom,41.8993,0.0,icmp,1591052100,2020-06-01 22:55:00+00:00
7157451,jinan-telecom,wuhan-telecom,47.2726,0.0,icmp,1591052220,2020-06-01 22:57:00+00:00
7157683,jinan-telecom,wuhan-telecom,45.7801,0.0,icmp,1591052340,2020-06-01 22:59:00+00:00
7157913,jinan-telecom,wuhan-telecom,39.9753,0.0,icmp,1591052479,2020-06-01 23:01:19+00:00
7158165,jinan-telecom,wuhan-telecom,50.3344,0.0,icmp,1591052580,2020-06-01 23:03:00+00:00
7158375,jinan-telecom,wuhan-telecom,39.8524,0.0,icmp,1591052719,2020-06-01 23:05:19+00:00
7158598,jinan-telecom,wuhan-telecom,50.4635,0.0,icmp,1591052820,2020-06-01 23:07:00+00:00
7158820,jinan-telecom,wuhan-telecom,45.5946,0.0,icmp,1591052940,2020-06-01 23:09:00+00:00
7159065,jinan-telecom,wuhan-telecom,48.515,0.0,icmp,1591053060,2020-06-01 23:11:00+00:00
7159285,jinan-telecom,wuhan-telecom,48.1156,0.0,icmp,1591053180,2020-06-01 23:13:00+00:00
7159506,jinan-telecom,wuhan-telecom,42.8456,0.0,icmp,1591053300,2020-06-01 23:15:00+00:00
7159738,jinan-telecom,wuhan-telecom,48.6936,0.0,icmp,1591053420,2020-06-01 23:17:00+00:00
7159986,jinan-telecom,wuhan-telecom,49.0677,0.0,icmp,1591053540,2020-06-01 23:19:00+00:00
7160220,jinan-telecom,wuhan-telecom,39.8282,0.0,icmp,1591053679,2020-06-01 23:21:19+00:00
7160447,jinan-telecom,wuhan-telecom,51.0349,0.0,icmp,1591053780,2020-06-01 23:23:00+00:00
7160644,jinan-telecom,wuhan-telecom,48.6048,0.0,icmp,1591053900,2020-06-01 23:25:00+00:00
7160869,jinan-telecom,wuhan-telecom,47.7032,0.0,icmp,1591054020,2020-06-01 23:27:00+00:00
7161123,jinan-telecom,wuhan-telecom,46.9018,0.0,icmp,1591054140,2020-06-01 23:29:00+00:00
7161354,jinan-telecom,wuhan-telecom,39.7162,0.0,icmp,1591054279,2020-06-01 23:31:19+00:00
7161558,jinan-telecom,wuhan-telecom,46.7046,0.0,icmp,1591054380,2020-06-01 23:33:00+00:00
7161806,jinan-telecom,wuhan-telecom,40.1898,0.0,icmp,1591054519,2020-06-01 23:35:19+00:00
7162035,jinan-telecom,wuhan-telecom,51.8845,0.0,icmp,1591054620,2020-06-01 23:37:00+00:00
7162271,jinan-telecom,wuhan-telecom,44.0709,0.0,icmp,1591054740,2020-06-01 23:39:00+00:00
7162494,jinan-telecom,wuhan-telecom,39.9637,0.0,icmp,1591054879,2020-06-01 23:41:19+00:00
7162732,jinan-telecom,wuhan-telecom,46.597,0.0,icmp,1591054980,2020-06-01 23:43:00+00:00
7162942,jinan-telecom,wuhan-telecom,54.4178,0.0,icmp,1591055100,2020-06-01 23:45:00+00:00
7163166,jinan-telecom,wuhan-telecom,42.0597,0.0,icmp,1591055220,2020-06-01 23:47:00+00:00
7163403,jinan-telecom,wuhan-telecom,39.9274,0.0,icmp,1591055359,2020-06-01 23:49:19+00:00
7163634,jinan-telecom,wuhan-telecom,45.358,0.0,icmp,1591055460,2020-06-01 23:51:00+00:00
7163874,jinan-telecom,wuhan-telecom,40.1602,0.0,icmp,1591055599,2020-06-01 23:53:19+00:00
7164071,jinan-telecom,wuhan-telecom,49.651,0.0,icmp,1591055700,2020-06-01 23:55:00+00:00
7164330,jinan-telecom,wuhan-telecom,45.9674,0.0,icmp,1591055820,2020-06-01 23:57:00+00:00
7164557,jinan-telecom,wuhan-telecom,39.7815,0.0,icmp,1591055959,2020-06-01 23:59:19+00:00
7164793,jinan-telecom,wuhan-telecom,40.0849,0.0,icmp,1591056079,2020-06-02 00:01:19+00:00
7165020,jinan-telecom,wuhan-telecom,40.2544,0.0,icmp,1591056199,2020-06-02 00:03:19+00:00
7165221,jinan-telecom,wuhan-telecom,50.1286,0.0,icmp,1591056300,2020-06-02 00:05:00+00:00
7165455,jinan-telecom,wuhan-telecom,46.9625,0.0,icmp,1591056420,2020-06-02 00:07:00+00:00
7165677,jinan-telecom,wuhan-telecom,45.6976,0.0,icmp,1591056540,2020-06-02 00:09:00+00:00
7165925,jinan-telecom,wuhan-telecom,47.3054,0.0,icmp,1591056660,2020-06-02 00:11:00+00:00
7166155,jinan-telecom,wuhan-telecom,39.7801,0.0,icmp,1591056799,2020-06-02 00:13:19+00:00
7166389,jinan-telecom,wuhan-telecom,49.3145,0.0,icmp,1591056900,2020-06-02 00:15:00+00:00
7166593,jinan-telecom,wuhan-telecom,39.7886,0.0,icmp,1591057039,2020-06-02 00:17:19+00:00
7166842,jinan-telecom,wuhan-telecom,39.8457,0.0,icmp,1591057159,2020-06-02 00:19:19+00:00
7167107,jinan-telecom,wuhan-telecom,46.6712,0.0,icmp,1591057260,2020-06-02 00:21:00+00:00
7167322,jinan-telecom,wuhan-telecom,39.6704,0.0,icmp,1591057399,2020-06-02 00:23:19+00:00
7167523,jinan-telecom,wuhan-telecom,47.8455,0.0,icmp,1591057500,2020-06-02 00:25:00+00:00
7167769,jinan-telecom,wuhan-telecom,47.449,0.0,icmp,1591057620,2020-06-02 00:27:00+00:00
7167997,jinan-telecom,wuhan-telecom,39.9889,0.0,icmp,1591057740,2020-06-02 00:29:00+00:00
7168222,jinan-telecom,wuhan-telecom,50.1342,0.0,icmp,1591057860,2020-06-02 00:31:00+00:00
7168456,jinan-telecom,wuhan-telecom,52.5047,0.0,icmp,1591057980,2020-06-02 00:33:00+00:00
7168689,jinan-telecom,wuhan-telecom,39.6974,0.0,icmp,1591058119,2020-06-02 00:35:19+00:00
7168900,jinan-telecom,wuhan-telecom,40.3358,0.0,icmp,1591058220,2020-06-02 00:37:00+00:00
7169127,jinan-telecom,wuhan-telecom,45.1319,0.0,icmp,1591058340,2020-06-02 00:39:00+00:00
7169378,jinan-telecom,wuhan-telecom,50.2256,0.0,icmp,1591058460,2020-06-02 00:41:00+00:00
7169601,jinan-telecom,wuhan-telecom,50.4969,0.0,icmp,1591058580,2020-06-02 00:43:00+00:00
7169838,jinan-telecom,wuhan-telecom,45.2506,0.0,icmp,1591058700,2020-06-02 00:45:00+00:00
7170054,jinan-telecom,wuhan-telecom,50.5885,0.0,icmp,1591058820,2020-06-02 00:47:00+00:00
7170277,jinan-telecom,wuhan-telecom,50.5713,0.0,icmp,1591058940,2020-06-02 00:49:00+00:00
7170499,jinan-telecom,wuhan-telecom,48.8944,0.0,icmp,1591059060,2020-06-02 00:51:00+00:00
7170722,jinan-telecom,wuhan-telecom,49.7011,0.0,icmp,1591059180,2020-06-02 00:53:00+00:00
7170981,jinan-telecom,wuhan-telecom,39.6788,0.0,icmp,1591059319,2020-06-02 00:55:19+00:00
7171197,jinan-telecom,wuhan-telecom,45.8629,0.0,icmp,1591059420,2020-06-02 00:57:00+00:00
7171427,jinan-telecom,wuhan-telecom,48.7994,0.0,icmp,1591059540,2020-06-02 00:59:00+00:00
7171648,jinan-telecom,wuhan-telecom,45.8622,0.0,icmp,1591059660,2020-06-02 01:01:00+00:00
7171871,jinan-telecom,wuhan-telecom,51.2424,0.0,icmp,1591059780,2020-06-02 01:03:00+00:00
7172104,jinan-telecom,wuhan-telecom,39.8698,0.0,icmp,1591059919,2020-06-02 01:05:19+00:00
7172348,jinan-telecom,wuhan-telecom,48.1189,0.0,icmp,1591060020,2020-06-02 01:07:00+00:00
7172578,jinan-telecom,wuhan-telecom,39.639,0.0,icmp,1591060159,2020-06-02 01:09:19+00:00
7172818,jinan-telecom,wuhan-telecom,47.5691,0.0,icmp,1591060260,2020-06-02 01:11:00+00:00
7173030,jinan-telecom,wuhan-telecom,50.296,0.0,icmp,1591060380,2020-06-02 01:13:00+00:00
7173247,jinan-telecom,wuhan-telecom,48.8664,0.0,icmp,1591060500,2020-06-02 01:15:00+00:00
7173467,jinan-telecom,wuhan-telecom,49.5671,0.0,icmp,1591060620,2020-06-02 01:17:00+00:00
7173715,jinan-telecom,wuhan-telecom,39.6319,0.0,icmp,1591060759,2020-06-02 01:19:19+00:00
7173941,jinan-telecom,wuhan-telecom,39.6754,0.0,icmp,1591060879,2020-06-02 01:21:19+00:00
7174179,jinan-telecom,wuhan-telecom,51.2729,0.0,icmp,1591060980,2020-06-02 01:23:00+00:00
7174407,jinan-telecom,wuhan-telecom,48.349,0.0,icmp,1591061100,2020-06-02 01:25:00+00:00
7174640,jinan-telecom,wuhan-telecom,52.2525,0.0,icmp,1591061220,2020-06-02 01:27:00+00:00
7174864,jinan-telecom,wuhan-telecom,39.6279,0.0,icmp,1591061359,2020-06-02 01:29:19+00:00
7175095,jinan-telecom,wuhan-telecom,49.9154,0.0,icmp,1591061460,2020-06-02 01:31:00+00:00
7175313,jinan-telecom,wuhan-telecom,39.9332,0.0,icmp,1591061599,2020-06-02 01:33:19+00:00
7175540,jinan-telecom,wuhan-telecom,46.8152,0.0,icmp,1591061700,2020-06-02 01:35:00+00:00
7175787,jinan-telecom,wuhan-telecom,52.3851,0.0,icmp,1591061820,2020-06-02 01:37:00+00:00
7176005,jinan-telecom,wuhan-telecom,47.8082,0.0,icmp,1591061940,2020-06-02 01:39:00+00:00
7176256,jinan-telecom,wuhan-telecom,39.7267,0.0,icmp,1591062079,2020-06-02 01:41:19+00:00
7176446,jinan-telecom,wuhan-telecom,39.83,0.0,icmp,1591062199,2020-06-02 01:43:19+00:00
7176687,jinan-telecom,wuhan-telecom,41.2727,0.0,icmp,1591062300,2020-06-02 01:45:00+00:00
7176922,jinan-telecom,wuhan-telecom,51.1905,0.0,icmp,1591062420,2020-06-02 01:47:00+00:00
7177148,jinan-telecom,wuhan-telecom,39.6176,0.0,icmp,1591062559,2020-06-02 01:49:19+00:00
7177377,jinan-telecom,wuhan-telecom,44.6022,0.0,icmp,1591062660,2020-06-02 01:51:00+00:00
7177605,jinan-telecom,wuhan-telecom,50.315,0.0,icmp,1591062780,2020-06-02 01:53:00+00:00
7177850,jinan-telecom,wuhan-telecom,39.6718,0.0,icmp,1591062919,2020-06-02 01:55:19+00:00
7178070,jinan-telecom,wuhan-telecom,50.1452,0.0,icmp,1591063020,2020-06-02 01:57:00+00:00
7178295,jinan-telecom,wuhan-telecom,48.0569,0.0,icmp,1591063140,2020-06-02 01:59:00+00:00
7178540,jinan-telecom,wuhan-telecom,49.5089,0.0,icmp,1591063260,2020-06-02 02:01:00+00:00
7178753,jinan-telecom,wuhan-telecom,39.7247,0.0,icmp,1591063399,2020-06-02 02:03:19+00:00
7178984,jinan-telecom,wuhan-telecom,47.5793,0.0,icmp,1591063500,2020-06-02 02:05:00+00:00
7179192,jinan-telecom,wuhan-telecom,49.0115,0.0,icmp,1591063620,2020-06-02 02:07:00+00:00
7179449,jinan-telecom,wuhan-telecom,39.6755,0.0,icmp,1591063759,2020-06-02 02:09:19+00:00
7179678,jinan-telecom,wuhan-telecom,48.1606,0.0,icmp,1591063860,2020-06-02 02:11:00+00:00
7179909,jinan-telecom,wuhan-telecom,51.7327,0.0,icmp,1591063980,2020-06-02 02:13:00+00:00
7180135,jinan-telecom,wuhan-telecom,46.8217,0.0,icmp,1591064100,2020-06-02 02:15:00+00:00
7180350,jinan-telecom,wuhan-telecom,48.0955,0.0,icmp,1591064220,2020-06-02 02:17:00+00:00
14358025,jinan-telecom,wuhan-telecom,39.6482,0.0,icmp,1591064359,2020-06-02 02:19:19+00:00
14358232,jinan-telecom,wuhan-telecom,47.0442,0.0,icmp,1591064520,2020-06-02 02:22:00+00:00
14358451,jinan-telecom,wuhan-telecom,49.4085,0.0,icmp,1591064640,2020-06-02 02:24:00+00:00
14358696,jinan-telecom,wuhan-telecom,48.2131,0.0,icmp,1591064760,2020-06-02 02:26:00+00:00
14358914,jinan-telecom,wuhan-telecom,52.9661,0.0,icmp,1591064880,2020-06-02 02:28:00+00:00
14359171,jinan-telecom,wuhan-telecom,48.6504,0.0,icmp,1591065000,2020-06-02 02:30:00+00:00
14359375,jinan-telecom,wuhan-telecom,46.8593,0.0,icmp,1591065120,2020-06-02 02:32:00+00:00
14359607,jinan-telecom,wuhan-telecom,40.6387,0.0,icmp,1591065240,2020-06-02 02:34:00+00:00
14359849,jinan-telecom,wuhan-telecom,39.8066,0.0,icmp,1591065319,2020-06-02 02:35:19+00:00
14360070,jinan-telecom,wuhan-telecom,39.8999,0.0,icmp,1591065439,2020-06-02 02:37:19+00:00
14360284,jinan-telecom,wuhan-telecom,50.2253,0.0,icmp,1591065600,2020-06-02 02:40:00+00:00
14360525,jinan-telecom,wuhan-telecom,50.4597,0.0,icmp,1591065720,2020-06-02 02:42:00+00:00
14360732,jinan-telecom,wuhan-telecom,40.7133,0.0,icmp,1591065799,2020-06-02 02:43:19+00:00
14360982,jinan-telecom,wuhan-telecom,39.7183,0.0,icmp,1591065919,2020-06-02 02:45:19+00:00
14361207,jinan-telecom,wuhan-telecom,39.8148,0.0,icmp,1591066039,2020-06-02 02:47:19+00:00
14361443,jinan-telecom,wuhan-telecom,46.2268,0.0,icmp,1591066200,2020-06-02 02:50:00+00:00
14361670,jinan-telecom,wuhan-telecom,47.5564,0.0,icmp,1591066320,2020-06-02 02:52:00+00:00
14361905,jinan-telecom,wuhan-telecom,41.864,0.0,icmp,1591066440,2020-06-02 02:54:00+00:00
14362121,jinan-telecom,wuhan-telecom,46.4365,0.0,icmp,1591066560,2020-06-02 02:56:00+00:00
14362354,jinan-telecom,wuhan-telecom,50.4432,0.0,icmp,1591066680,2020-06-02 02:58:00+00:00
14362584,jinan-telecom,wuhan-telecom,51.6201,0.0,icmp,1591066800,2020-06-02 03:00:00+00:00
14362798,jinan-telecom,wuhan-telecom,40.2213,0.0,icmp,1591066879,2020-06-02 03:01:19+00:00
14363048,jinan-telecom,wuhan-telecom,48.0025,0.0,icmp,1591067040,2020-06-02 03:04:00+00:00
14363271,jinan-telecom,wuhan-telecom,49.8449,0.0,icmp,1591067160,2020-06-02 03:06:00+00:00
14363494,jinan-telecom,wuhan-telecom,49.8473,0.0,icmp,1591067280,2020-06-02 03:08:00+00:00
14363741,jinan-telecom,wuhan-telecom,39.7324,0.0,icmp,1591067359,2020-06-02 03:09:19+00:00
14363959,jinan-telecom,wuhan-telecom,39.6454,0.0,icmp,1591067479,2020-06-02 03:11:19+00:00
14364195,jinan-telecom,wuhan-telecom,50.0156,0.0,icmp,1591067640,2020-06-02 03:14:00+00:00
14364402,jinan-telecom,wuhan-telecom,51.2788,0.0,icmp,1591067760,2020-06-02 03:16:00+00:00
14364660,jinan-telecom,wuhan-telecom,49.5875,0.0,icmp,1591067880,2020-06-02 03:18:00+00:00
14364858,jinan-telecom,wuhan-telecom,41.9203,0.0,icmp,1591068000,2020-06-02 03:20:00+00:00
14365107,jinan-telecom,wuhan-telecom,53.1959,0.0,icmp,1591068120,2020-06-02 03:22:00+00:00
14365339,jinan-telecom,wuhan-telecom,47.3446,0.0,icmp,1591068240,2020-06-02 03:24:00+00:00
14365547,jinan-telecom,wuhan-telecom,48.5157,0.0,icmp,1591068362,2020-06-02 03:26:02+00:00
14365778,jinan-telecom,wuhan-telecom,47.7403,0.0,icmp,1591068480,2020-06-02 03:28:00+00:00
14366021,jinan-telecom,wuhan-telecom,50.4108,0.0,icmp,1591068600,2020-06-02 03:30:00+00:00
14366253,jinan-telecom,wuhan-telecom,46.9386,0.0,icmp,1591068720,2020-06-02 03:32:00+00:00
14366486,jinan-telecom,wuhan-telecom,47.0494,0.0,icmp,1591068840,2020-06-02 03:34:00+00:00
14366701,jinan-telecom,wuhan-telecom,52.4333,0.0,icmp,1591068960,2020-06-02 03:36:00+00:00
14366925,jinan-telecom,wuhan-telecom,47.8227,0.0,icmp,1591069080,2020-06-02 03:38:00+00:00
14367145,jinan-telecom,wuhan-telecom,39.893,0.0,icmp,1591069159,2020-06-02 03:39:19+00:00
14367389,jinan-telecom,wuhan-telecom,49.8251,0.0,icmp,1591069320,2020-06-02 03:42:00+00:00
14367616,jinan-telecom,wuhan-telecom,39.79,0.0,icmp,1591069399,2020-06-02 03:43:19+00:00
14367855,jinan-telecom,wuhan-telecom,53.5935,0.0,icmp,1591069560,2020-06-02 03:46:00+00:00
14368089,jinan-telecom,wuhan-telecom,46.5816,0.0,icmp,1591069680,2020-06-02 03:48:00+00:00
14368295,jinan-telecom,wuhan-telecom,53.3639,0.0,icmp,1591069800,2020-06-02 03:50:00+00:00
14368525,jinan-telecom,wuhan-telecom,43.9421,0.0,icmp,1591069920,2020-06-02 03:52:00+00:00
14368754,jinan-telecom,wuhan-telecom,39.8554,0.0,icmp,1591069999,2020-06-02 03:53:19+00:00
14368992,jinan-telecom,wuhan-telecom,51.3377,0.0,icmp,1591070160,2020-06-02 03:56:00+00:00
14369250,jinan-telecom,wuhan-telecom,49.3217,0.0,icmp,1591070280,2020-06-02 03:58:00+00:00
14369461,jinan-telecom,wuhan-telecom,47.0327,0.0,icmp,1591070400,2020-06-02 04:00:00+00:00
14369676,jinan-telecom,wuhan-telecom,50.5957,0.0,icmp,1591070520,2020-06-02 04:02:00+00:00
14369911,jinan-telecom,wuhan-telecom,48.5566,0.0,icmp,1591070640,2020-06-02 04:04:00+00:00
14370153,jinan-telecom,wuhan-telecom,43.6511,0.0,icmp,1591070760,2020-06-02 04:06:00+00:00
14370368,jinan-telecom,wuhan-telecom,50.9354,0.0,icmp,1591070880,2020-06-02 04:08:00+00:00
14370625,jinan-telecom,wuhan-telecom,39.7518,0.0,icmp,1591070959,2020-06-02 04:09:19+00:00
14370834,jinan-telecom,wuhan-telecom,45.7,0.0,icmp,1591071120,2020-06-02 04:12:00+00:00
14371052,jinan-telecom,wuhan-telecom,39.7334,0.0,icmp,1591071199,2020-06-02 04:13:19+00:00
14371292,jinan-telecom,wuhan-telecom,49.4604,0.0,icmp,1591071360,2020-06-02 04:16:00+00:00
14371519,jinan-telecom,wuhan-telecom,50.2897,0.0,icmp,1591071480,2020-06-02 04:18:00+00:00
14371730,jinan-telecom,wuhan-telecom,49.359,0.0,icmp,1591071600,2020-06-02 04:20:00+00:00
14371973,jinan-telecom,wuhan-telecom,52.028,0.0,icmp,1591071720,2020-06-02 04:22:00+00:00
14372207,jinan-telecom,wuhan-telecom,46.7029,0.0,icmp,1591071840,2020-06-02 04:24:00+00:00
14372421,jinan-telecom,wuhan-telecom,53.3992,0.0,icmp,1591071960,2020-06-02 04:26:00+00:00
14372681,jinan-telecom,wuhan-telecom,39.6332,0.0,icmp,1591072039,2020-06-02 04:27:19+00:00
14372896,jinan-telecom,wuhan-telecom,54.2078,0.0,icmp,1591072200,2020-06-02 04:30:00+00:00
14373109,jinan-telecom,wuhan-telecom,50.8327,0.0,icmp,1591072320,2020-06-02 04:32:00+00:00
14373346,jinan-telecom,wuhan-telecom,47.9041,0.0,icmp,1591072440,2020-06-02 04:34:00+00:00
14373579,jinan-telecom,wuhan-telecom,48.1377,0.0,icmp,1591072560,2020-06-02 04:36:00+00:00
14373809,jinan-telecom,wuhan-telecom,50.7748,0.0,icmp,1591072680,2020-06-02 04:38:00+00:00
14374051,jinan-telecom,wuhan-telecom,46.3247,0.0,icmp,1591072800,2020-06-02 04:40:00+00:00
14374278,jinan-telecom,wuhan-telecom,47.6937,0.0,icmp,1591072920,2020-06-02 04:42:00+00:00
14374481,jinan-telecom,wuhan-telecom,47.4017,0.0,icmp,1591073040,2020-06-02 04:44:00+00:00
14374718,jinan-telecom,wuhan-telecom,39.6729,0.0,icmp,1591073119,2020-06-02 04:45:19+00:00
14374945,jinan-telecom,wuhan-telecom,49.475,0.0,icmp,1591073280,2020-06-02 04:48:00+00:00
14375179,jinan-telecom,wuhan-telecom,43.92,0.0,icmp,1591073400,2020-06-02 04:50:00+00:00
14375409,jinan-telecom,wuhan-telecom,49.8576,0.0,icmp,1591073520,2020-06-02 04:52:00+00:00
14375635,jinan-telecom,wuhan-telecom,39.7825,0.0,icmp,1591073599,2020-06-02 04:53:19+00:00
14375860,jinan-telecom,wuhan-telecom,39.8719,0.0,icmp,1591073719,2020-06-02 04:55:19+00:00
14376106,jinan-telecom,wuhan-telecom,48.0321,0.0,icmp,1591073880,2020-06-02 04:58:00+00:00
14376325,jinan-telecom,wuhan-telecom,41.119,0.0,icmp,1591074000,2020-06-02 05:00:00+00:00
14376565,jinan-telecom,wuhan-telecom,47.6264,0.0,icmp,1591074120,2020-06-02 05:02:00+00:00
14376798,jinan-telecom,wuhan-telecom,39.782,0.0,icmp,1591074199,2020-06-02 05:03:19+00:00
14377037,jinan-telecom,wuhan-telecom,50.2472,0.0,icmp,1591074360,2020-06-02 05:06:00+00:00
14377237,jinan-telecom,wuhan-telecom,39.8371,0.0,icmp,1591074480,2020-06-02 05:08:00+00:00
14377459,jinan-telecom,wuhan-telecom,45.6373,0.0,icmp,1591074600,2020-06-02 05:10:00+00:00
14377684,jinan-telecom,wuhan-telecom,39.6921,0.0,icmp,1591074679,2020-06-02 05:11:19+00:00
14377942,jinan-telecom,wuhan-telecom,50.6981,0.0,icmp,1591074840,2020-06-02 05:14:00+00:00
14378145,jinan-telecom,wuhan-telecom,47.3135,0.0,icmp,1591074960,2020-06-02 05:16:00+00:00
14378370,jinan-telecom,wuhan-telecom,48.8289,0.0,icmp,1591075080,2020-06-02 05:18:00+00:00
14378608,jinan-telecom,wuhan-telecom,46.9258,0.0,icmp,1591075200,2020-06-02 05:20:00+00:00
14378853,jinan-telecom,wuhan-telecom,50.0801,0.0,icmp,1591075320,2020-06-02 05:22:00+00:00
14379077,jinan-telecom,wuhan-telecom,44.203,0.0,icmp,1591075440,2020-06-02 05:24:00+00:00
14379288,jinan-telecom,wuhan-telecom,46.5732,0.0,icmp,1591075560,2020-06-02 05:26:00+00:00
14379538,jinan-telecom,wuhan-telecom,49.2504,0.0,icmp,1591075680,2020-06-02 05:28:00+00:00
14379766,jinan-telecom,wuhan-telecom,51.1346,0.0,icmp,1591075800,2020-06-02 05:30:00+00:00
14380009,jinan-telecom,wuhan-telecom,47.6756,0.0,icmp,1591075920,2020-06-02 05:32:00+00:00
14380226,jinan-telecom,wuhan-telecom,51.1497,0.0,icmp,1591076040,2020-06-02 05:34:00+00:00
14380458,jinan-telecom,wuhan-telecom,40.3191,0.0,icmp,1591076160,2020-06-02 05:36:00+00:00
14380677,jinan-telecom,wuhan-telecom,51.997,0.0,icmp,1591076280,2020-06-02 05:38:00+00:00
14380920,jinan-telecom,wuhan-telecom,46.7554,0.0,icmp,1591076400,2020-06-02 05:40:00+00:00
14381121,jinan-telecom,wuhan-telecom,44.3551,0.0,icmp,1591076520,2020-06-02 05:42:00+00:00
14381370,jinan-telecom,wuhan-telecom,52.3181,0.0,icmp,1591076640,2020-06-02 05:44:00+00:00
14381578,jinan-telecom,wuhan-telecom,46.9474,0.0,icmp,1591076760,2020-06-02 05:46:00+00:00
14381832,jinan-telecom,wuhan-telecom,50.9102,0.0,icmp,1591076880,2020-06-02 05:48:00+00:00
14382054,jinan-telecom,wuhan-telecom,39.6743,0.0,icmp,1591076959,2020-06-02 05:49:19+00:00
14382290,jinan-telecom,wuhan-telecom,51.7428,0.0,icmp,1591077120,2020-06-02 05:52:00+00:00
14382500,jinan-telecom,wuhan-telecom,46.7118,0.0,icmp,1591077240,2020-06-02 05:54:00+00:00
14382733,jinan-telecom,wuhan-telecom,47.4494,0.0,icmp,1591077360,2020-06-02 05:56:00+00:00
14382981,jinan-telecom,wuhan-telecom,39.6829,0.0,icmp,1591077439,2020-06-02 05:57:19+00:00
14383201,jinan-telecom,wuhan-telecom,49.0135,0.0,icmp,1591077600,2020-06-02 06:00:00+00:00
14383423,jinan-telecom,wuhan-telecom,49.4019,0.0,icmp,1591077720,2020-06-02 06:02:00+00:00
14383638,jinan-telecom,wuhan-telecom,49.6317,0.0,icmp,1591077840,2020-06-02 06:04:00+00:00
14383888,jinan-telecom,wuhan-telecom,39.6718,0.0,icmp,1591077919,2020-06-02 06:05:19+00:00
14384122,jinan-telecom,wuhan-telecom,40.0861,0.0,icmp,1591078039,2020-06-02 06:07:19+00:00
14384346,jinan-telecom,wuhan-telecom,48.1395,0.0,icmp,1591078200,2020-06-02 06:10:00+00:00
14384582,jinan-telecom,wuhan-telecom,45.9149,0.0,icmp,1591078320,2020-06-02 06:12:00+00:00
14384803,jinan-telecom,wuhan-telecom,48.0523,0.0,icmp,1591078440,2020-06-02 06:14:00+00:00
14385033,jinan-telecom,wuhan-telecom,47.6018,0.0,icmp,1591078560,2020-06-02 06:16:00+00:00
14385260,jinan-telecom,wuhan-telecom,52.4107,0.0,icmp,1591078680,2020-06-02 06:18:00+00:00
14385470,jinan-telecom,wuhan-telecom,50.697,0.0,icmp,1591078800,2020-06-02 06:20:00+00:00
14385725,jinan-telecom,wuhan-telecom,39.6653,0.0,icmp,1591078879,2020-06-02 06:21:19+00:00
14385952,jinan-telecom,wuhan-telecom,51.0135,0.0,icmp,1591079040,2020-06-02 06:24:00+00:00
14386184,jinan-telecom,wuhan-telecom,50.2406,0.0,icmp,1591079160,2020-06-02 06:26:00+00:00
14386409,jinan-telecom,wuhan-telecom,48.1618,0.0,icmp,1591079280,2020-06-02 06:28:00+00:00
14386622,jinan-telecom,wuhan-telecom,39.9382,0.0,icmp,1591079359,2020-06-02 06:29:19+00:00
14386854,jinan-telecom,wuhan-telecom,50.2241,0.0,icmp,1591079520,2020-06-02 06:32:00+00:00
14387089,jinan-telecom,wuhan-telecom,39.7554,0.0,icmp,1591079599,2020-06-02 06:33:19+00:00
14387319,jinan-telecom,wuhan-telecom,50.4618,0.0,icmp,1591079760,2020-06-02 06:36:00+00:00
14387559,jinan-telecom,wuhan-telecom,43.2124,0.0,icmp,1591079880,2020-06-02 06:38:00+00:00
14387759,jinan-telecom,wuhan-telecom,39.9107,0.0,icmp,1591079959,2020-06-02 06:39:19+00:00
14388011,jinan-telecom,wuhan-telecom,50.6649,0.0,icmp,1591080120,2020-06-02 06:42:00+00:00
14388239,jinan-telecom,wuhan-telecom,47.0332,0.0,icmp,1591080240,2020-06-02 06:44:00+00:00
14388465,jinan-telecom,wuhan-telecom,39.7637,0.0,icmp,1591080319,2020-06-02 06:45:19+00:00
14388710,jinan-telecom,wuhan-telecom,48.2128,0.0,icmp,1591080480,2020-06-02 06:48:00+00:00
14388907,jinan-telecom,wuhan-telecom,50.7493,0.0,icmp,1591080600,2020-06-02 06:50:00+00:00
14389139,jinan-telecom,wuhan-telecom,39.9404,0.0,icmp,1591080679,2020-06-02 06:51:19+00:00
14389372,jinan-telecom,wuhan-telecom,49.0112,0.0,icmp,1591080840,2020-06-02 06:54:00+00:00
14389610,jinan-telecom,wuhan-telecom,49.6262,0.0,icmp,1591080960,2020-06-02 06:56:00+00:00
14389842,jinan-telecom,wuhan-telecom,42.3663,0.0,icmp,1591081080,2020-06-02 06:58:00+00:00
14390051,jinan-telecom,wuhan-telecom,39.6959,0.0,icmp,1591081159,2020-06-02 06:59:19+00:00
14390291,jinan-telecom,wuhan-telecom,48.6844,0.0,icmp,1591081320,2020-06-02 07:02:00+00:00
14390519,jinan-telecom,wuhan-telecom,51.2157,0.0,icmp,1591081440,2020-06-02 07:04:00+00:00
14390746,jinan-telecom,wuhan-telecom,39.7305,0.0,icmp,1591081519,2020-06-02 07:05:19+00:00
14390994,jinan-telecom,wuhan-telecom,39.7849,0.0,icmp,1591081639,2020-06-02 07:07:19+00:00
14391194,jinan-telecom,wuhan-telecom,51.4362,0.0,icmp,1591081800,2020-06-02 07:10:00+00:00
14391425,jinan-telecom,wuhan-telecom,49.0328,0.0,icmp,1591081920,2020-06-02 07:12:00+00:00
14391671,jinan-telecom,wuhan-telecom,47.6215,0.0,icmp,1591082040,2020-06-02 07:14:00+00:00
14391910,jinan-telecom,wuhan-telecom,52.1294,0.0,icmp,1591082160,2020-06-02 07:16:00+00:00
14392131,jinan-telecom,wuhan-telecom,50.3383,0.0,icmp,1591082280,2020-06-02 07:18:00+00:00
14392353,jinan-telecom,wuhan-telecom,45.2822,0.0,icmp,1591082400,2020-06-02 07:20:00+00:00
14392573,jinan-telecom,wuhan-telecom,48.1714,0.0,icmp,1591082520,2020-06-02 07:22:00+00:00
14392828,jinan-telecom,wuhan-telecom,41.8434,0.0,icmp,1591082640,2020-06-02 07:24:00+00:00
14393022,jinan-telecom,wuhan-telecom,49.1988,0.0,icmp,1591082760,2020-06-02 07:26:00+00:00
14393259,jinan-telecom,wuhan-telecom,51.1682,0.0,icmp,1591082880,2020-06-02 07:28:00+00:00
14393513,jinan-telecom,wuhan-telecom,49.4579,0.0,icmp,1591083000,2020-06-02 07:30:00+00:00
14393732,jinan-telecom,wuhan-telecom,47.1848,0.0,icmp,1591083120,2020-06-02 07:32:00+00:00
14393950,jinan-telecom,wuhan-telecom,39.7832,0.0,icmp,1591083199,2020-06-02 07:33:19+00:00
14394194,jinan-telecom,wuhan-telecom,39.7836,0.0,icmp,1591083319,2020-06-02 07:35:19+00:00
14394411,jinan-telecom,wuhan-telecom,50.2819,0.0,icmp,1591083480,2020-06-02 07:38:00+00:00
14394647,jinan-telecom,wuhan-telecom,46.7992,0.0,icmp,1591083600,2020-06-02 07:40:00+00:00
14394877,jinan-telecom,wuhan-telecom,48.1272,0.0,icmp,1591083720,2020-06-02 07:42:00+00:00
14395090,jinan-telecom,wuhan-telecom,52.5275,0.0,icmp,1591083840,2020-06-02 07:44:00+00:00
14395319,jinan-telecom,wuhan-telecom,47.4314,0.0,icmp,1591083960,2020-06-02 07:46:00+00:00
14395560,jinan-telecom,wuhan-telecom,48.9847,0.0,icmp,1591084080,2020-06-02 07:48:00+00:00
14395796,jinan-telecom,wuhan-telecom,49.6613,0.0,icmp,1591084200,2020-06-02 07:50:00+00:00
14396009,jinan-telecom,wuhan-telecom,50.3804,0.0,icmp,1591084320,2020-06-02 07:52:00+00:00
14396236,jinan-telecom,wuhan-telecom,40.5637,0.0,icmp,1591084440,2020-06-02 07:54:00+00:00
14396475,jinan-telecom,wuhan-telecom,50.5835,0.0,icmp,1591084560,2020-06-02 07:56:00+00:00
14396691,jinan-telecom,wuhan-telecom,52.0587,0.0,icmp,1591084680,2020-06-02 07:58:00+00:00
14396936,jinan-telecom,wuhan-telecom,49.9163,0.0,icmp,1591084800,2020-06-02 08:00:00+00:00
14397182,jinan-telecom,wuhan-telecom,51.7448,0.0,icmp,1591084920,2020-06-02 08:02:00+00:00
14397402,jinan-telecom,wuhan-telecom,49.58,0.0,icmp,1591085040,2020-06-02 08:04:00+00:00
14397615,jinan-telecom,wuhan-telecom,39.9827,0.0,icmp,1591085119,2020-06-02 08:05:19+00:00
14397847,jinan-telecom,wuhan-telecom,39.7936,0.0,icmp,1591085239,2020-06-02 08:07:19+00:00
14398095,jinan-telecom,wuhan-telecom,45.443,0.0,icmp,1591085400,2020-06-02 08:10:00+00:00
14398294,jinan-telecom,wuhan-telecom,43.8882,0.0,icmp,1591085520,2020-06-02 08:12:00+00:00
14398530,jinan-telecom,wuhan-telecom,39.7303,0.0,icmp,1591085599,2020-06-02 08:13:19+00:00
14398773,jinan-telecom,wuhan-telecom,48.2557,0.0,icmp,1591085760,2020-06-02 08:16:00+00:00
14398987,jinan-telecom,wuhan-telecom,39.9899,0.0,icmp,1591085839,2020-06-02 08:17:19+00:00
14399231,jinan-telecom,wuhan-telecom,48.404,0.0,icmp,1591086000,2020-06-02 08:20:00+00:00
14399456,jinan-telecom,wuhan-telecom,49.8739,0.0,icmp,1591086120,2020-06-02 08:22:00+00:00
14399684,jinan-telecom,wuhan-telecom,39.6501,0.0,icmp,1591086199,2020-06-02 08:23:19+00:00
14399910,jinan-telecom,wuhan-telecom,50.2475,0.0,icmp,1591086360,2020-06-02 08:26:00+00:00
14400126,jinan-telecom,wuhan-telecom,39.927,0.0,icmp,1591086480,2020-06-02 08:28:00+00:00
14400364,jinan-telecom,wuhan-telecom,49.5113,0.0,icmp,1591086600,2020-06-02 08:30:00+00:00
14400604,jinan-telecom,wuhan-telecom,48.3149,0.0,icmp,1591086720,2020-06-02 08:32:00+00:00
14400820,jinan-telecom,wuhan-telecom,40.2127,0.0,icmp,1591086799,2020-06-02 08:33:19+00:00
14401056,jinan-telecom,wuhan-telecom,43.6091,0.0,icmp,1591086960,2020-06-02 08:36:00+00:00
14401281,jinan-telecom,wuhan-telecom,39.7339,0.0,icmp,1591087039,2020-06-02 08:37:19+00:00
14401511,jinan-telecom,wuhan-telecom,49.7375,0.0,icmp,1591087200,2020-06-02 08:40:00+00:00
14401742,jinan-telecom,wuhan-telecom,51.1391,0.0,icmp,1591087320,2020-06-02 08:42:00+00:00
14401971,jinan-telecom,wuhan-telecom,47.7893,0.0,icmp,1591087440,2020-06-02 08:44:00+00:00
14402208,jinan-telecom,wuhan-telecom,48.3472,0.0,icmp,1591087560,2020-06-02 08:46:00+00:00
14402427,jinan-telecom,wuhan-telecom,50.9558,0.0,icmp,1591087680,2020-06-02 08:48:00+00:00
14402644,jinan-telecom,wuhan-telecom,41.755,0.0,icmp,1591087800,2020-06-02 08:50:00+00:00
14402898,jinan-telecom,wuhan-telecom,48.0439,0.0,icmp,1591087920,2020-06-02 08:52:00+00:00
14403105,jinan-telecom,wuhan-telecom,45.9159,0.0,icmp,1591088040,2020-06-02 08:54:00+00:00
14403341,jinan-telecom,wuhan-telecom,48.7081,0.0,icmp,1591088160,2020-06-02 08:56:00+00:00
14403579,jinan-telecom,wuhan-telecom,46.5772,0.0,icmp,1591088280,2020-06-02 08:58:00+00:00
14403821,jinan-telecom,wuhan-telecom,45.2416,0.0,icmp,1591088400,2020-06-02 09:00:00+00:00
14404021,jinan-telecom,wuhan-telecom,41.586,0.0,icmp,1591088520,2020-06-02 09:02:00+00:00
14404249,jinan-telecom,wuhan-telecom,39.9651,0.0,icmp,1591088599,2020-06-02 09:03:19+00:00
14404479,jinan-telecom,wuhan-telecom,48.237,0.0,icmp,1591088760,2020-06-02 09:06:00+00:00
14404720,jinan-telecom,wuhan-telecom,46.8456,0.0,icmp,1591088880,2020-06-02 09:08:00+00:00
14404966,jinan-telecom,wuhan-telecom,50.335,0.0,icmp,1591089000,2020-06-02 09:10:00+00:00
14405183,jinan-telecom,wuhan-telecom,51.2898,0.0,icmp,1591089120,2020-06-02 09:12:00+00:00
14405414,jinan-telecom,wuhan-telecom,43.643,0.0,icmp,1591089240,2020-06-02 09:14:00+00:00
14405635,jinan-telecom,wuhan-telecom,49.032,0.0,icmp,1591089360,2020-06-02 09:16:00+00:00
14405867,jinan-telecom,wuhan-telecom,39.5998,0.0,icmp,1591089439,2020-06-02 09:17:19+00:00
14406095,jinan-telecom,wuhan-telecom,51.4696,0.0,icmp,1591089600,2020-06-02 09:20:00+00:00
14406319,jinan-telecom,wuhan-telecom,50.806,0.0,icmp,1591089720,2020-06-02 09:22:00+00:00
14406557,jinan-telecom,wuhan-telecom,46.9446,0.0,icmp,1591089840,2020-06-02 09:24:00+00:00
14406778,jinan-telecom,wuhan-telecom,50.1539,0.0,icmp,1591089960,2020-06-02 09:26:00+00:00
14407022,jinan-telecom,wuhan-telecom,49.2742,0.0,icmp,1591090080,2020-06-02 09:28:00+00:00
14407245,jinan-telecom,wuhan-telecom,47.5206,0.0,icmp,1591090200,2020-06-02 09:30:00+00:00
14407477,jinan-telecom,wuhan-telecom,49.3076,0.0,icmp,1591090320,2020-06-02 09:32:00+00:00
14407686,jinan-telecom,wuhan-telecom,48.3715,0.0,icmp,1591090440,2020-06-02 09:34:00+00:00
14407930,jinan-telecom,wuhan-telecom,39.9825,0.0,icmp,1591090519,2020-06-02 09:35:19+00:00
14408170,jinan-telecom,wuhan-telecom,48.788,0.0,icmp,1591090680,2020-06-02 09:38:00+00:00
14408388,jinan-telecom,wuhan-telecom,42.9041,0.0,icmp,1591090800,2020-06-02 09:40:00+00:00
14408604,jinan-telecom,wuhan-telecom,43.1009,0.0,icmp,1591090920,2020-06-02 09:42:00+00:00
14408835,jinan-telecom,wuhan-telecom,47.1633,0.0,icmp,1591091040,2020-06-02 09:44:00+00:00
14409058,jinan-telecom,wuhan-telecom,39.8003,0.0,icmp,1591091160,2020-06-02 09:46:00+00:00
14409307,jinan-telecom,wuhan-telecom,39.7397,0.0,icmp,1591091239,2020-06-02 09:47:19+00:00
14409536,jinan-telecom,wuhan-telecom,53.2888,0.0,icmp,1591091400,2020-06-02 09:50:00+00:00
14409765,jinan-telecom,wuhan-telecom,39.6902,0.0,icmp,1591091479,2020-06-02 09:51:19+00:00
14410013,jinan-telecom,wuhan-telecom,48.919,0.0,icmp,1591091640,2020-06-02 09:54:00+00:00
14410206,jinan-telecom,wuhan-telecom,39.7389,0.0,icmp,1591091719,2020-06-02 09:55:19+00:00
14410433,jinan-telecom,wuhan-telecom,49.2743,0.0,icmp,1591091880,2020-06-02 09:58:00+00:00
14410696,jinan-telecom,wuhan-telecom,39.6428,0.0,icmp,1591091959,2020-06-02 09:59:19+00:00
14410894,jinan-telecom,wuhan-telecom,39.7863,0.0,icmp,1591092079,2020-06-02 10:01:19+00:00
14411126,jinan-telecom,wuhan-telecom,47.6282,0.0,icmp,1591092240,2020-06-02 10:04:00+00:00
14411361,jinan-telecom,wuhan-telecom,50.0649,0.0,icmp,1591092360,2020-06-02 10:06:00+00:00
14411606,jinan-telecom,wuhan-telecom,49.6856,0.0,icmp,1591092480,2020-06-02 10:08:00+00:00
14411835,jinan-telecom,wuhan-telecom,48.4157,0.0,icmp,1591092600,2020-06-02 10:10:00+00:00
14412039,jinan-telecom,wuhan-telecom,45.921,0.0,icmp,1591092720,2020-06-02 10:12:00+00:00
14412267,jinan-telecom,wuhan-telecom,49.8073,0.0,icmp,1591092840,2020-06-02 10:14:00+00:00
14412505,jinan-telecom,wuhan-telecom,46.1552,0.0,icmp,1591092960,2020-06-02 10:16:00+00:00
14412748,jinan-telecom,wuhan-telecom,46.319,0.0,icmp,1591093080,2020-06-02 10:18:00+00:00
14412958,jinan-telecom,wuhan-telecom,40.0441,0.0,icmp,1591093159,2020-06-02 10:19:19+00:00
14413208,jinan-telecom,wuhan-telecom,48.6474,0.0,icmp,1591093320,2020-06-02 10:22:00+00:00
14413438,jinan-telecom,wuhan-telecom,47.7416,0.0,icmp,1591093440,2020-06-02 10:24:00+00:00
14413653,jinan-telecom,wuhan-telecom,51.7449,0.0,icmp,1591093560,2020-06-02 10:26:00+00:00
14413893,jinan-telecom,wuhan-telecom,47.3201,0.0,icmp,1591093680,2020-06-02 10:28:00+00:00
14414095,jinan-telecom,wuhan-telecom,39.7394,0.0,icmp,1591093759,2020-06-02 10:29:19+00:00
14414354,jinan-telecom,wuhan-telecom,52.4953,0.0,icmp,1591093920,2020-06-02 10:32:00+00:00
14414581,jinan-telecom,wuhan-telecom,47.6656,0.0,icmp,1591094040,2020-06-02 10:34:00+00:00
14414799,jinan-telecom,wuhan-telecom,49.5179,0.0,icmp,1591094160,2020-06-02 10:36:00+00:00
14415021,jinan-telecom,wuhan-telecom,39.6369,0.0,icmp,1591094239,2020-06-02 10:37:19+00:00
14415259,jinan-telecom,wuhan-telecom,44.2832,0.0,icmp,1591094400,2020-06-02 10:40:00+00:00
14415483,jinan-telecom,wuhan-telecom,50.8019,0.0,icmp,1591094520,2020-06-02 10:42:00+00:00
14415715,jinan-telecom,wuhan-telecom,49.0355,0.0,icmp,1591094640,2020-06-02 10:44:00+00:00
14415923,jinan-telecom,wuhan-telecom,49.3503,0.0,icmp,1591094760,2020-06-02 10:46:00+00:00
14416179,jinan-telecom,wuhan-telecom,49.8891,0.0,icmp,1591094880,2020-06-02 10:48:00+00:00
14416413,jinan-telecom,wuhan-telecom,50.0643,0.0,icmp,1591095000,2020-06-02 10:50:00+00:00
14416616,jinan-telecom,wuhan-telecom,49.2318,0.0,icmp,1591095120,2020-06-02 10:52:00+00:00
14416866,jinan-telecom,wuhan-telecom,39.7706,0.0,icmp,1591095199,2020-06-02 10:53:19+00:00
14417098,jinan-telecom,wuhan-telecom,49.9359,0.0,icmp,1591095360,2020-06-02 10:56:00+00:00
14417314,jinan-telecom,wuhan-telecom,49.9567,0.0,icmp,1591095480,2020-06-02 10:58:00+00:00
14417548,jinan-telecom,wuhan-telecom,52.1744,0.0,icmp,1591095600,2020-06-02 11:00:00+00:00
14417769,jinan-telecom,wuhan-telecom,48.9364,0.0,icmp,1591095720,2020-06-02 11:02:00+00:00
14418001,jinan-telecom,wuhan-telecom,43.5923,0.0,icmp,1591095840,2020-06-02 11:04:00+00:00
14418232,jinan-telecom,wuhan-telecom,47.4218,0.0,icmp,1591095960,2020-06-02 11:06:00+00:00
14418464,jinan-telecom,wuhan-telecom,39.6819,0.0,icmp,1591096039,2020-06-02 11:07:19+00:00
14418683,jinan-telecom,wuhan-telecom,49.0218,0.0,icmp,1591096200,2020-06-02 11:10:00+00:00
14418920,jinan-telecom,wuhan-telecom,46.7793,0.0,icmp,1591096320,2020-06-02 11:12:00+00:00
14419155,jinan-telecom,wuhan-telecom,39.71,0.0,icmp,1591096399,2020-06-02 11:13:19+00:00
14419372,jinan-telecom,wuhan-telecom,51.0968,0.0,icmp,1591096560,2020-06-02 11:16:00+00:00
14419593,jinan-telecom,wuhan-telecom,47.2384,0.0,icmp,1591096680,2020-06-02 11:18:00+00:00
14419831,jinan-telecom,wuhan-telecom,39.6942,0.0,icmp,1591096759,2020-06-02 11:19:19+00:00
14420064,jinan-telecom,wuhan-telecom,45.4259,0.0,icmp,1591096920,2020-06-02 11:22:00+00:00
14420284,jinan-telecom,wuhan-telecom,47.3285,0.0,icmp,1591097040,2020-06-02 11:24:00+00:00
14420521,jinan-telecom,wuhan-telecom,48.1166,0.0,icmp,1591097160,2020-06-02 11:26:00+00:00
14420756,jinan-telecom,wuhan-telecom,48.8828,0.0,icmp,1591097280,2020-06-02 11:28:00+00:00
14420992,jinan-telecom,wuhan-telecom,48.7562,0.0,icmp,1591097400,2020-06-02 11:30:00+00:00
14421199,jinan-telecom,wuhan-telecom,52.3154,0.0,icmp,1591097520,2020-06-02 11:32:00+00:00
14421432,jinan-telecom,wuhan-telecom,51.9548,0.0,icmp,1591097640,2020-06-02 11:34:00+00:00
14421668,jinan-telecom,wuhan-telecom,39.9187,0.0,icmp,1591097719,2020-06-02 11:35:19+00:00
14421888,jinan-telecom,wuhan-telecom,39.6521,0.0,icmp,1591097839,2020-06-02 11:37:19+00:00
14422129,jinan-telecom,wuhan-telecom,50.3417,0.0,icmp,1591098000,2020-06-02 11:40:00+00:00
14422347,jinan-telecom,wuhan-telecom,40.1291,0.0,icmp,1591098079,2020-06-02 11:41:19+00:00
14422575,jinan-telecom,wuhan-telecom,50.4479,0.0,icmp,1591098240,2020-06-02 11:44:00+00:00
14422819,jinan-telecom,wuhan-telecom,39.937,0.0,icmp,1591098319,2020-06-02 11:45:19+00:00
14423045,jinan-telecom,wuhan-telecom,53.3367,0.0,icmp,1591098480,2020-06-02 11:48:00+00:00
14423270,jinan-telecom,wuhan-telecom,39.8444,0.0,icmp,1591098559,2020-06-02 11:49:19+00:00
14423511,jinan-telecom,wuhan-telecom,45.6564,0.0,icmp,1591098720,2020-06-02 11:52:00+00:00
14423712,jinan-telecom,wuhan-telecom,47.3176,0.0,icmp,1591098840,2020-06-02 11:54:00+00:00
14423961,jinan-telecom,wuhan-telecom,50.3185,0.0,icmp,1591098960,2020-06-02 11:56:00+00:00
14424199,jinan-telecom,wuhan-telecom,49.3981,0.0,icmp,1591099080,2020-06-02 11:58:00+00:00
14424426,jinan-telecom,wuhan-telecom,51.6729,0.0,icmp,1591099200,2020-06-02 12:00:00+00:00
14424653,jinan-telecom,wuhan-telecom,47.3707,0.0,icmp,1591099320,2020-06-02 12:02:00+00:00
14424871,jinan-telecom,wuhan-telecom,49.6107,1.0,icmp,1591099440,2020-06-02 12:04:00+00:00
14425089,jinan-telecom,wuhan-telecom,44.2992,0.0,icmp,1591099560,2020-06-02 12:06:00+00:00
14425336,jinan-telecom,wuhan-telecom,49.1565,0.0,icmp,1591099680,2020-06-02 12:08:00+00:00
14425559,jinan-telecom,wuhan-telecom,39.6831,0.0,icmp,1591099759,2020-06-02 12:09:19+00:00
14425789,jinan-telecom,wuhan-telecom,48.0497,0.0,icmp,1591099920,2020-06-02 12:12:00+00:00
14426026,jinan-telecom,wuhan-telecom,50.9056,0.0,icmp,1591100040,2020-06-02 12:14:00+00:00
14426260,jinan-telecom,wuhan-telecom,50.6932,0.0,icmp,1591100160,2020-06-02 12:16:00+00:00
14426476,jinan-telecom,wuhan-telecom,46.7056,0.0,icmp,1591100280,2020-06-02 12:18:00+00:00
14426701,jinan-telecom,wuhan-telecom,45.7595,0.0,icmp,1591100400,2020-06-02 12:20:00+00:00
14426938,jinan-telecom,wuhan-telecom,39.7135,0.0,icmp,1591100479,2020-06-02 12:21:19+00:00
14427149,jinan-telecom,wuhan-telecom,50.1778,0.0,icmp,1591100640,2020-06-02 12:24:00+00:00
14427398,jinan-telecom,wuhan-telecom,40.0437,0.0,icmp,1591100719,2020-06-02 12:25:19+00:00
14427604,jinan-telecom,wuhan-telecom,49.6235,0.0,icmp,1591100880,2020-06-02 12:28:00+00:00
14427842,jinan-telecom,wuhan-telecom,40.0496,0.0,icmp,1591101000,2020-06-02 12:30:00+00:00
14428078,jinan-telecom,wuhan-telecom,50.3538,0.0,icmp,1591101120,2020-06-02 12:32:00+00:00
14428321,jinan-telecom,wuhan-telecom,46.167,0.0,icmp,1591101240,2020-06-02 12:34:00+00:00
14428527,jinan-telecom,wuhan-telecom,51.7046,0.0,icmp,1591101360,2020-06-02 12:36:00+00:00
14428773,jinan-telecom,wuhan-telecom,51.8816,0.0,icmp,1591101480,2020-06-02 12:38:00+00:00
14429008,jinan-telecom,wuhan-telecom,50.0979,0.0,icmp,1591101600,2020-06-02 12:40:00+00:00
14429224,jinan-telecom,wuhan-telecom,39.9663,0.0,icmp,1591101679,2020-06-02 12:41:19+00:00
14429465,jinan-telecom,wuhan-telecom,39.8687,0.0,icmp,1591101799,2020-06-02 12:43:19+00:00
14429687,jinan-telecom,wuhan-telecom,47.18,0.0,icmp,1591101960,2020-06-02 12:46:00+00:00
14429921,jinan-telecom,wuhan-telecom,53.0404,0.0,icmp,1591102080,2020-06-02 12:48:00+00:00
14430136,jinan-telecom,wuhan-telecom,49.8912,0.0,icmp,1591102200,2020-06-02 12:50:00+00:00
14430374,jinan-telecom,wuhan-telecom,40.3693,0.0,icmp,1591102320,2020-06-02 12:52:00+00:00
14430611,jinan-telecom,wuhan-telecom,40.3667,0.0,icmp,1591102399,2020-06-02 12:53:19+00:00
14430816,jinan-telecom,wuhan-telecom,50.4724,0.0,icmp,1591102560,2020-06-02 12:56:00+00:00
14431048,jinan-telecom,wuhan-telecom,39.7152,0.0,icmp,1591102639,2020-06-02 12:57:19+00:00
14431278,jinan-telecom,wuhan-telecom,43.8476,0.0,icmp,1591102800,2020-06-02 13:00:00+00:00
14431513,jinan-telecom,wuhan-telecom,39.6716,0.0,icmp,1591102879,2020-06-02 13:01:19+00:00
14431757,jinan-telecom,wuhan-telecom,44.0185,0.0,icmp,1591103040,2020-06-02 13:04:00+00:00
14431989,jinan-telecom,wuhan-telecom,49.8065,0.0,icmp,1591103160,2020-06-02 13:06:00+00:00
14432215,jinan-telecom,wuhan-telecom,39.7053,0.0,icmp,1591103239,2020-06-02 13:07:19+00:00
14432422,jinan-telecom,wuhan-telecom,39.673,0.0,icmp,1591103359,2020-06-02 13:09:19+00:00
14432676,jinan-telecom,wuhan-telecom,44.3832,0.0,icmp,1591103520,2020-06-02 13:12:00+00:00
14432879,jinan-telecom,wuhan-telecom,51.0665,0.0,icmp,1591103640,2020-06-02 13:14:00+00:00
14433105,jinan-telecom,wuhan-telecom,48.5436,0.0,icmp,1591103760,2020-06-02 13:16:00+00:00
14433333,jinan-telecom,wuhan-telecom,39.7158,0.0,icmp,1591103839,2020-06-02 13:17:19+00:00
14433574,jinan-telecom,wuhan-telecom,40.5157,0.0,icmp,1591104000,2020-06-02 13:20:00+00:00
14433789,jinan-telecom,wuhan-telecom,49.5388,0.0,icmp,1591104120,2020-06-02 13:22:00+00:00
14434034,jinan-telecom,wuhan-telecom,46.877,0.0,icmp,1591104240,2020-06-02 13:24:00+00:00
14434264,jinan-telecom,wuhan-telecom,39.9471,0.0,icmp,1591104319,2020-06-02 13:25:19+00:00
14434506,jinan-telecom,wuhan-telecom,49.7687,0.0,icmp,1591104480,2020-06-02 13:28:00+00:00
14434715,jinan-telecom,wuhan-telecom,47.6664,0.0,icmp,1591104600,2020-06-02 13:30:00+00:00
14434959,jinan-telecom,wuhan-telecom,48.6677,0.0,icmp,1591104720,2020-06-02 13:32:00+00:00
14435205,jinan-telecom,wuhan-telecom,47.9736,0.0,icmp,1591104840,2020-06-02 13:34:00+00:00
14435392,jinan-telecom,wuhan-telecom,49.4915,0.0,icmp,1591104960,2020-06-02 13:36:00+00:00
14435640,jinan-telecom,wuhan-telecom,40.2648,0.0,icmp,1591105039,2020-06-02 13:37:19+00:00
14435886,jinan-telecom,wuhan-telecom,45.1601,0.0,icmp,1591105200,2020-06-02 13:40:00+00:00
14436099,jinan-telecom,wuhan-telecom,52.5503,0.0,icmp,1591105320,2020-06-02 13:42:00+00:00
14436309,jinan-telecom,wuhan-telecom,49.1387,0.0,icmp,1591105440,2020-06-02 13:44:00+00:00
14436548,jinan-telecom,wuhan-telecom,49.0626,0.0,icmp,1591105560,2020-06-02 13:46:00+00:00
14436761,jinan-telecom,wuhan-telecom,39.7221,0.0,icmp,1591105639,2020-06-02 13:47:19+00:00
14437021,jinan-telecom,wuhan-telecom,48.2153,0.0,icmp,1591105800,2020-06-02 13:50:00+00:00
14437243,jinan-telecom,wuhan-telecom,39.7383,0.0,icmp,1591105879,2020-06-02 13:51:19+00:00
14437465,jinan-telecom,wuhan-telecom,40.808,0.0,icmp,1591105999,2020-06-02 13:53:19+00:00
14437689,jinan-telecom,wuhan-telecom,48.3275,0.0,icmp,1591106160,2020-06-02 13:56:00+00:00
14437924,jinan-telecom,wuhan-telecom,48.8962,0.0,icmp,1591106280,2020-06-02 13:58:00+00:00
14438158,jinan-telecom,wuhan-telecom,40.9373,0.0,icmp,1591106400,2020-06-02 14:00:00+00:00
14438373,jinan-telecom,wuhan-telecom,39.7466,0.0,icmp,1591106479,2020-06-02 14:01:19+00:00
14438630,jinan-telecom,wuhan-telecom,39.9291,0.0,icmp,1591106599,2020-06-02 14:03:19+00:00
14438838,jinan-telecom,wuhan-telecom,51.7208,0.0,icmp,1591106760,2020-06-02 14:06:00+00:00
14439080,jinan-telecom,wuhan-telecom,51.5945,0.0,icmp,1591106880,2020-06-02 14:08:00+00:00
14439301,jinan-telecom,wuhan-telecom,50.8139,0.0,icmp,1591107000,2020-06-02 14:10:00+00:00
14439528,jinan-telecom,wuhan-telecom,39.6698,0.0,icmp,1591107079,2020-06-02 14:11:19+00:00
14439766,jinan-telecom,wuhan-telecom,50.0739,0.0,icmp,1591107240,2020-06-02 14:14:00+00:00
14439994,jinan-telecom,wuhan-telecom,39.8088,0.0,icmp,1591107319,2020-06-02 14:15:19+00:00
14440228,jinan-telecom,wuhan-telecom,40.4368,0.0,icmp,1591107480,2020-06-02 14:18:00+00:00
14440438,jinan-telecom,wuhan-telecom,49.0763,0.0,icmp,1591107600,2020-06-02 14:20:00+00:00
14440667,jinan-telecom,wuhan-telecom,46.91,0.0,icmp,1591107720,2020-06-02 14:22:00+00:00
14440894,jinan-telecom,wuhan-telecom,44.4963,0.0,icmp,1591107840,2020-06-02 14:24:00+00:00
14441144,jinan-telecom,wuhan-telecom,43.1703,0.0,icmp,1591107960,2020-06-02 14:26:00+00:00
14441363,jinan-telecom,wuhan-telecom,51.8113,0.0,icmp,1591108080,2020-06-02 14:28:00+00:00
14441582,jinan-telecom,wuhan-telecom,46.4851,0.0,icmp,1591108200,2020-06-02 14:30:00+00:00
14441813,jinan-telecom,wuhan-telecom,52.2883,0.0,icmp,1591108320,2020-06-02 14:32:00+00:00
14442043,jinan-telecom,wuhan-telecom,53.3146,0.0,icmp,1591108440,2020-06-02 14:34:00+00:00
14442263,jinan-telecom,wuhan-telecom,47.5439,0.0,icmp,1591108560,2020-06-02 14:36:00+00:00
14442517,jinan-telecom,wuhan-telecom,46.8121,0.0,icmp,1591108680,2020-06-02 14:38:00+00:00
14442733,jinan-telecom,wuhan-telecom,39.6715,0.0,icmp,1591108759,2020-06-02 14:39:19+00:00
14442971,jinan-telecom,wuhan-telecom,48.4666,0.0,icmp,1591108920,2020-06-02 14:42:00+00:00
14443194,jinan-telecom,wuhan-telecom,39.8502,0.0,icmp,1591108999,2020-06-02 14:43:19+00:00
14443437,jinan-telecom,wuhan-telecom,47.6851,0.0,icmp,1591109160,2020-06-02 14:46:00+00:00
14443639,jinan-telecom,wuhan-telecom,48.1853,0.0,icmp,1591109280,2020-06-02 14:48:00+00:00
14443864,jinan-telecom,wuhan-telecom,47.9405,0.0,icmp,1591109400,2020-06-02 14:50:00+00:00
14444106,jinan-telecom,wuhan-telecom,39.9428,0.0,icmp,1591109479,2020-06-02 14:51:19+00:00
14444337,jinan-telecom,wuhan-telecom,49.0712,0.0,icmp,1591109640,2020-06-02 14:54:00+00:00
14444581,jinan-telecom,wuhan-telecom,46.2298,0.0,icmp,1591109760,2020-06-02 14:56:00+00:00
14444808,jinan-telecom,wuhan-telecom,50.3874,0.0,icmp,1591109880,2020-06-02 14:58:00+00:00
14445034,jinan-telecom,wuhan-telecom,41.1182,0.0,icmp,1591110000,2020-06-02 15:00:00+00:00
14445261,jinan-telecom,wuhan-telecom,49.0073,0.0,icmp,1591110120,2020-06-02 15:02:00+00:00
14445508,jinan-telecom,wuhan-telecom,40.1713,0.0,icmp,1591110199,2020-06-02 15:03:19+00:00
14445702,jinan-telecom,wuhan-telecom,50.0405,0.0,icmp,1591110360,2020-06-02 15:06:00+00:00
14445929,jinan-telecom,wuhan-telecom,41.2662,0.0,icmp,1591110480,2020-06-02 15:08:00+00:00
14446174,jinan-telecom,wuhan-telecom,39.7576,0.0,icmp,1591110559,2020-06-02 15:09:19+00:00
14446418,jinan-telecom,wuhan-telecom,50.4671,0.0,icmp,1591110720,2020-06-02 15:12:00+00:00
14446621,jinan-telecom,wuhan-telecom,46.5779,0.0,icmp,1591110840,2020-06-02 15:14:00+00:00
14446876,jinan-telecom,wuhan-telecom,47.295,0.0,icmp,1591110960,2020-06-02 15:16:00+00:00
14447085,jinan-telecom,wuhan-telecom,43.8602,0.0,icmp,1591111080,2020-06-02 15:18:00+00:00
14447321,jinan-telecom,wuhan-telecom,50.6599,0.0,icmp,1591111200,2020-06-02 15:20:00+00:00
14447531,jinan-telecom,wuhan-telecom,47.0288,0.0,icmp,1591111320,2020-06-02 15:22:00+00:00
14447774,jinan-telecom,wuhan-telecom,52.5593,0.0,icmp,1591111440,2020-06-02 15:24:00+00:00
14447990,jinan-telecom,wuhan-telecom,46.2163,0.0,icmp,1591111560,2020-06-02 15:26:00+00:00
14448250,jinan-telecom,wuhan-telecom,39.9728,0.0,icmp,1591111639,2020-06-02 15:27:19+00:00
14448459,jinan-telecom,wuhan-telecom,40.1416,0.0,icmp,1591111759,2020-06-02 15:29:19+00:00
14448690,jinan-telecom,wuhan-telecom,48.5091,0.0,icmp,1591111920,2020-06-02 15:32:00+00:00
14448943,jinan-telecom,wuhan-telecom,49.5389,0.0,icmp,1591112040,2020-06-02 15:34:00+00:00
14449160,jinan-telecom,wuhan-telecom,49.9756,0.0,icmp,1591112160,2020-06-02 15:36:00+00:00
14449393,jinan-telecom,wuhan-telecom,42.8985,0.0,icmp,1591112280,2020-06-02 15:38:00+00:00
14449619,jinan-telecom,wuhan-telecom,39.6931,0.0,icmp,1591112359,2020-06-02 15:39:19+00:00
14449823,jinan-telecom,wuhan-telecom,49.7102,0.0,icmp,1591112520,2020-06-02 15:42:00+00:00
14450066,jinan-telecom,wuhan-telecom,53.0261,0.0,icmp,1591112640,2020-06-02 15:44:00+00:00
14450294,jinan-telecom,wuhan-telecom,43.5987,0.0,icmp,1591112760,2020-06-02 15:46:00+00:00
14450514,jinan-telecom,wuhan-telecom,39.6193,0.0,icmp,1591112839,2020-06-02 15:47:19+00:00
14450753,jinan-telecom,wuhan-telecom,51.0651,0.0,icmp,1591113000,2020-06-02 15:50:00+00:00
14450980,jinan-telecom,wuhan-telecom,50.6748,0.0,icmp,1591113120,2020-06-02 15:52:00+00:00
14451209,jinan-telecom,wuhan-telecom,52.2218,0.0,icmp,1591113240,2020-06-02 15:54:00+00:00
14451439,jinan-telecom,wuhan-telecom,44.5792,0.0,icmp,1591113360,2020-06-02 15:56:00+00:00
14451676,jinan-telecom,wuhan-telecom,39.6281,0.0,icmp,1591113439,2020-06-02 15:57:19+00:00
14451898,jinan-telecom,wuhan-telecom,44.791,0.0,icmp,1591113600,2020-06-02 16:00:00+00:00
14452135,jinan-telecom,wuhan-telecom,49.0834,0.0,icmp,1591113720,2020-06-02 16:02:00+00:00
14452346,jinan-telecom,wuhan-telecom,48.8923,0.0,icmp,1591113840,2020-06-02 16:04:00+00:00
14452580,jinan-telecom,wuhan-telecom,45.3914,0.0,icmp,1591113960,2020-06-02 16:06:00+00:00
14452795,jinan-telecom,wuhan-telecom,47.9034,0.0,icmp,1591114080,2020-06-02 16:08:00+00:00
14453013,jinan-telecom,wuhan-telecom,44.0786,0.0,icmp,1591114200,2020-06-02 16:10:00+00:00
14453240,jinan-telecom,wuhan-telecom,49.2519,0.0,icmp,1591114320,2020-06-02 16:12:00+00:00
14453498,jinan-telecom,wuhan-telecom,49.6389,0.0,icmp,1591114440,2020-06-02 16:14:00+00:00
14453705,jinan-telecom,wuhan-telecom,51.1982,0.0,icmp,1591114560,2020-06-02 16:16:00+00:00
14453941,jinan-telecom,wuhan-telecom,39.7143,0.0,icmp,1591114639,2020-06-02 16:17:19+00:00
14454167,jinan-telecom,wuhan-telecom,40.0148,0.0,icmp,1591114759,2020-06-02 16:19:19+00:00
14454372,jinan-telecom,wuhan-telecom,47.4346,0.0,icmp,1591114920,2020-06-02 16:22:00+00:00
14454614,jinan-telecom,wuhan-telecom,48.809,0.0,icmp,1591115040,2020-06-02 16:24:00+00:00
14454836,jinan-telecom,wuhan-telecom,44.7928,0.0,icmp,1591115160,2020-06-02 16:26:00+00:00
14455063,jinan-telecom,wuhan-telecom,39.6818,0.0,icmp,1591115239,2020-06-02 16:27:19+00:00
14455256,jinan-telecom,wuhan-telecom,39.8473,0.0,icmp,1591115359,2020-06-02 16:29:19+00:00
14455490,jinan-telecom,wuhan-telecom,42.396,0.0,icmp,1591115520,2020-06-02 16:32:00+00:00
14455709,jinan-telecom,wuhan-telecom,40.0948,0.0,icmp,1591115599,2020-06-02 16:33:19+00:00
14455942,jinan-telecom,wuhan-telecom,49.5248,0.0,icmp,1591115760,2020-06-02 16:36:00+00:00
14456145,jinan-telecom,wuhan-telecom,48.7783,0.0,icmp,1591115880,2020-06-02 16:38:00+00:00
14456365,jinan-telecom,wuhan-telecom,47.5058,0.0,icmp,1591116000,2020-06-02 16:40:00+00:00
14456587,jinan-telecom,wuhan-telecom,39.9847,0.0,icmp,1591116079,2020-06-02 16:41:19+00:00
14456824,jinan-telecom,wuhan-telecom,43.6061,0.0,icmp,1591116240,2020-06-02 16:44:00+00:00
14457036,jinan-telecom,wuhan-telecom,45.8848,0.0,icmp,1591116360,2020-06-02 16:46:00+00:00
14457254,jinan-telecom,wuhan-telecom,54.8548,0.0,icmp,1591116480,2020-06-02 16:48:00+00:00
14457472,jinan-telecom,wuhan-telecom,50.2272,0.0,icmp,1591116600,2020-06-02 16:50:00+00:00
14457685,jinan-telecom,wuhan-telecom,47.1243,0.0,icmp,1591116720,2020-06-02 16:52:00+00:00
14457904,jinan-telecom,wuhan-telecom,42.0504,0.0,icmp,1591116840,2020-06-02 16:54:00+00:00
14458122,jinan-telecom,wuhan-telecom,48.0443,0.0,icmp,1591116960,2020-06-02 16:56:00+00:00
14458364,jinan-telecom,wuhan-telecom,49.9126,0.0,icmp,1591117080,2020-06-02 16:58:00+00:00
14458560,jinan-telecom,wuhan-telecom,50.599,0.0,icmp,1591117200,2020-06-02 17:00:00+00:00
14458798,jinan-telecom,wuhan-telecom,45.864,0.0,icmp,1591117320,2020-06-02 17:02:00+00:00
14459011,jinan-telecom,wuhan-telecom,39.7764,0.0,icmp,1591117399,2020-06-02 17:03:19+00:00
14459238,jinan-telecom,wuhan-telecom,40.2207,0.0,icmp,1591117519,2020-06-02 17:05:19+00:00
14459448,jinan-telecom,wuhan-telecom,39.8586,0.0,icmp,1591117639,2020-06-02 17:07:19+00:00
14459686,jinan-telecom,wuhan-telecom,50.316,0.0,icmp,1591117800,2020-06-02 17:10:00+00:00
14459901,jinan-telecom,wuhan-telecom,39.6807,0.0,icmp,1591117879,2020-06-02 17:11:19+00:00
14460111,jinan-telecom,wuhan-telecom,49.2426,0.0,icmp,1591118040,2020-06-02 17:14:00+00:00
14460360,jinan-telecom,wuhan-telecom,44.3695,0.0,icmp,1591118160,2020-06-02 17:16:00+00:00
14460565,jinan-telecom,wuhan-telecom,39.6995,0.0,icmp,1591118239,2020-06-02 17:17:19+00:00
14460787,jinan-telecom,wuhan-telecom,40.1696,0.0,icmp,1591118400,2020-06-02 17:20:00+00:00
14461010,jinan-telecom,wuhan-telecom,48.7693,0.0,icmp,1591118520,2020-06-02 17:22:00+00:00
14461229,jinan-telecom,wuhan-telecom,51.9245,0.0,icmp,1591118640,2020-06-02 17:24:00+00:00
14461467,jinan-telecom,wuhan-telecom,39.8945,0.0,icmp,1591118719,2020-06-02 17:25:19+00:00
14461685,jinan-telecom,wuhan-telecom,39.6886,0.0,icmp,1591118839,2020-06-02 17:27:19+00:00
14461896,jinan-telecom,wuhan-telecom,45.4485,0.0,icmp,1591119000,2020-06-02 17:30:00+00:00
14462099,jinan-telecom,wuhan-telecom,45.5698,0.0,icmp,1591119120,2020-06-02 17:32:00+00:00
14462345,jinan-telecom,wuhan-telecom,46.436,0.0,icmp,1591119240,2020-06-02 17:34:00+00:00
14462543,jinan-telecom,wuhan-telecom,39.738,0.0,icmp,1591119319,2020-06-02 17:35:19+00:00
14462759,jinan-telecom,wuhan-telecom,39.8275,0.0,icmp,1591119439,2020-06-02 17:37:19+00:00
14463002,jinan-telecom,wuhan-telecom,51.1586,0.0,icmp,1591119600,2020-06-02 17:40:00+00:00
14463219,jinan-telecom,wuhan-telecom,48.6195,0.0,icmp,1591119720,2020-06-02 17:42:00+00:00
14463422,jinan-telecom,wuhan-telecom,49.9362,0.0,icmp,1591119840,2020-06-02 17:44:00+00:00
14463660,jinan-telecom,wuhan-telecom,49.8463,0.0,icmp,1591119960,2020-06-02 17:46:00+00:00
14463877,jinan-telecom,wuhan-telecom,50.6746,0.0,icmp,1591120080,2020-06-02 17:48:00+00:00
14464112,jinan-telecom,wuhan-telecom,46.5805,0.0,icmp,1591120200,2020-06-02 17:50:00+00:00
14464339,jinan-telecom,wuhan-telecom,39.6606,0.0,icmp,1591120279,2020-06-02 17:51:19+00:00
14464553,jinan-telecom,wuhan-telecom,39.6838,0.0,icmp,1591120399,2020-06-02 17:53:19+00:00
14464761,jinan-telecom,wuhan-telecom,46.2547,0.0,icmp,1591120560,2020-06-02 17:56:00+00:00
14464988,jinan-telecom,wuhan-telecom,48.8337,0.0,icmp,1591120680,2020-06-02 17:58:00+00:00
14465212,jinan-telecom,wuhan-telecom,44.6875,0.0,icmp,1591120800,2020-06-02 18:00:00+00:00
14465439,jinan-telecom,wuhan-telecom,46.1427,0.0,icmp,1591120920,2020-06-02 18:02:00+00:00
14465663,jinan-telecom,wuhan-telecom,39.741,0.0,icmp,1591120999,2020-06-02 18:03:19+00:00
14465879,jinan-telecom,wuhan-telecom,42.5968,0.0,icmp,1591121160,2020-06-02 18:06:00+00:00
14466112,jinan-telecom,wuhan-telecom,46.2549,0.0,icmp,1591121280,2020-06-02 18:08:00+00:00
14466331,jinan-telecom,wuhan-telecom,48.7316,0.0,icmp,1591121400,2020-06-02 18:10:00+00:00
14466543,jinan-telecom,wuhan-telecom,46.2271,0.0,icmp,1591121520,2020-06-02 18:12:00+00:00
14466782,jinan-telecom,wuhan-telecom,47.8605,0.0,icmp,1591121640,2020-06-02 18:14:00+00:00
14466994,jinan-telecom,wuhan-telecom,48.7258,0.0,icmp,1591121760,2020-06-02 18:16:00+00:00
14467208,jinan-telecom,wuhan-telecom,44.708,0.0,icmp,1591121880,2020-06-02 18:18:00+00:00
14467439,jinan-telecom,wuhan-telecom,48.2678,0.0,icmp,1591122000,2020-06-02 18:20:00+00:00
14467658,jinan-telecom,wuhan-telecom,46.4153,0.0,icmp,1591122120,2020-06-02 18:22:00+00:00
14467889,jinan-telecom,wuhan-telecom,41.4023,0.0,icmp,1591122240,2020-06-02 18:24:00+00:00
14468108,jinan-telecom,wuhan-telecom,51.2332,0.0,icmp,1591122360,2020-06-02 18:26:00+00:00
14468325,jinan-telecom,wuhan-telecom,44.4775,0.0,icmp,1591122480,2020-06-02 18:28:00+00:00
14468555,jinan-telecom,wuhan-telecom,48.0466,0.0,icmp,1591122600,2020-06-02 18:30:00+00:00
14468784,jinan-telecom,wuhan-telecom,39.8522,0.0,icmp,1591122679,2020-06-02 18:31:19+00:00
14469026,jinan-telecom,wuhan-telecom,40.356,0.0,icmp,1591122840,2020-06-02 18:34:00+00:00
14469233,jinan-telecom,wuhan-telecom,50.8229,0.0,icmp,1591122960,2020-06-02 18:36:00+00:00
14469445,jinan-telecom,wuhan-telecom,39.7407,0.0,icmp,1591123039,2020-06-02 18:37:19+00:00
14469691,jinan-telecom,wuhan-telecom,48.2379,0.0,icmp,1591123200,2020-06-02 18:40:00+00:00
14469897,jinan-telecom,wuhan-telecom,39.5825,0.0,icmp,1591123279,2020-06-02 18:41:19+00:00
14470134,jinan-telecom,wuhan-telecom,40.2809,0.0,icmp,1591123440,2020-06-02 18:44:00+00:00
14470354,jinan-telecom,wuhan-telecom,51.769,0.0,icmp,1591123560,2020-06-02 18:46:00+00:00
14470563,jinan-telecom,wuhan-telecom,46.5387,0.0,icmp,1591123680,2020-06-02 18:48:00+00:00
14470796,jinan-telecom,wuhan-telecom,50.9068,0.0,icmp,1591123800,2020-06-02 18:50:00+00:00
14471013,jinan-telecom,wuhan-telecom,40.0136,0.0,icmp,1591123920,2020-06-02 18:52:00+00:00
14471247,jinan-telecom,wuhan-telecom,39.8805,0.0,icmp,1591123999,2020-06-02 18:53:19+00:00
14471509,jinan-telecom,wuhan-telecom,51.6127,0.0,icmp,1591124160,2020-06-02 18:56:00+00:00
14471704,jinan-telecom,wuhan-telecom,49.2264,0.0,icmp,1591124280,2020-06-02 18:58:00+00:00
14471934,jinan-telecom,wuhan-telecom,48.7861,0.0,icmp,1591124400,2020-06-02 19:00:00+00:00
14472160,jinan-telecom,wuhan-telecom,43.0587,0.0,icmp,1591124520,2020-06-02 19:02:00+00:00
14472402,jinan-telecom,wuhan-telecom,47.9136,0.0,icmp,1591124640,2020-06-02 19:04:00+00:00
14472632,jinan-telecom,wuhan-telecom,50.2407,0.0,icmp,1591124760,2020-06-02 19:06:00+00:00
14472865,jinan-telecom,wuhan-telecom,49.8367,0.0,icmp,1591124880,2020-06-02 19:08:00+00:00
14473079,jinan-telecom,wuhan-telecom,39.6665,0.0,icmp,1591124959,2020-06-02 19:09:19+00:00
14473305,jinan-telecom,wuhan-telecom,47.7718,0.0,icmp,1591125120,2020-06-02 19:12:00+00:00
14473554,jinan-telecom,wuhan-telecom,49.9331,0.0,icmp,1591125240,2020-06-02 19:14:00+00:00
14473772,jinan-telecom,wuhan-telecom,43.2614,0.0,icmp,1591125360,2020-06-02 19:16:00+00:00
14474013,jinan-telecom,wuhan-telecom,39.7871,0.0,icmp,1591125439,2020-06-02 19:17:19+00:00
14474212,jinan-telecom,wuhan-telecom,46.7554,0.0,icmp,1591125600,2020-06-02 19:20:00+00:00
14474452,jinan-telecom,wuhan-telecom,47.7058,0.0,icmp,1591125720,2020-06-02 19:22:00+00:00
14474696,jinan-telecom,wuhan-telecom,39.9129,0.0,icmp,1591125799,2020-06-02 19:23:19+00:00
14474926,jinan-telecom,wuhan-telecom,43.0419,0.0,icmp,1591125960,2020-06-02 19:26:00+00:00
14475156,jinan-telecom,wuhan-telecom,46.4775,0.0,icmp,1591126080,2020-06-02 19:28:00+00:00
14475354,jinan-telecom,wuhan-telecom,50.9706,0.0,icmp,1591126200,2020-06-02 19:30:00+00:00
14475616,jinan-telecom,wuhan-telecom,47.3957,0.0,icmp,1591126320,2020-06-02 19:32:00+00:00
14710349,jinan-telecom,wuhan-telecom,39.6482,0.0,icmp,1591064359,2020-06-02 02:19:19+00:00
14710581,jinan-telecom,wuhan-telecom,45.9656,0.0,icmp,1591064460,2020-06-02 02:21:00+00:00
14710802,jinan-telecom,wuhan-telecom,50.1657,0.0,icmp,1591064580,2020-06-02 02:23:00+00:00
14711037,jinan-telecom,wuhan-telecom,45.6373,0.0,icmp,1591064700,2020-06-02 02:25:00+00:00
14711256,jinan-telecom,wuhan-telecom,48.8804,0.0,icmp,1591064820,2020-06-02 02:27:00+00:00
14711476,jinan-telecom,wuhan-telecom,51.7658,0.0,icmp,1591064940,2020-06-02 02:29:00+00:00
14711726,jinan-telecom,wuhan-telecom,48.5899,0.0,icmp,1591065060,2020-06-02 02:31:00+00:00
14711953,jinan-telecom,wuhan-telecom,47.5198,0.0,icmp,1591065180,2020-06-02 02:33:00+00:00
14712179,jinan-telecom,wuhan-telecom,39.8066,0.0,icmp,1591065319,2020-06-02 02:35:19+00:00
14712394,jinan-telecom,wuhan-telecom,39.8999,0.0,icmp,1591065439,2020-06-02 02:37:19+00:00
14712642,jinan-telecom,wuhan-telecom,46.8786,0.0,icmp,1591065540,2020-06-02 02:39:00+00:00
14712861,jinan-telecom,wuhan-telecom,50.1774,0.0,icmp,1591065660,2020-06-02 02:41:00+00:00
14713078,jinan-telecom,wuhan-telecom,40.7133,0.0,icmp,1591065799,2020-06-02 02:43:19+00:00
14713331,jinan-telecom,wuhan-telecom,39.7183,0.0,icmp,1591065919,2020-06-02 02:45:19+00:00
14713538,jinan-telecom,wuhan-telecom,39.8148,0.0,icmp,1591066039,2020-06-02 02:47:19+00:00
14713790,jinan-telecom,wuhan-telecom,51.4483,0.0,icmp,1591066140,2020-06-02 02:49:00+00:00
14714009,jinan-telecom,wuhan-telecom,51.7136,0.0,icmp,1591066260,2020-06-02 02:51:00+00:00
14714227,jinan-telecom,wuhan-telecom,45.6001,0.0,icmp,1591066380,2020-06-02 02:53:00+00:00
14714447,jinan-telecom,wuhan-telecom,49.4356,0.0,icmp,1591066500,2020-06-02 02:55:00+00:00
14714693,jinan-telecom,wuhan-telecom,49.4674,0.0,icmp,1591066620,2020-06-02 02:57:00+00:00
14714939,jinan-telecom,wuhan-telecom,48.7841,0.0,icmp,1591066740,2020-06-02 02:59:00+00:00
14715164,jinan-telecom,wuhan-telecom,40.2213,0.0,icmp,1591066879,2020-06-02 03:01:19+00:00
14715374,jinan-telecom,wuhan-telecom,47.896,0.0,icmp,1591066980,2020-06-02 03:03:00+00:00
14715624,jinan-telecom,wuhan-telecom,45.6797,0.0,icmp,1591067100,2020-06-02 03:05:00+00:00
14715832,jinan-telecom,wuhan-telecom,49.0099,0.0,icmp,1591067220,2020-06-02 03:07:00+00:00
14716068,jinan-telecom,wuhan-telecom,39.7324,0.0,icmp,1591067359,2020-06-02 03:09:19+00:00
14716297,jinan-telecom,wuhan-telecom,39.6454,0.0,icmp,1591067479,2020-06-02 03:11:19+00:00
14716535,jinan-telecom,wuhan-telecom,52.4841,0.0,icmp,1591067580,2020-06-02 03:13:00+00:00
14716740,jinan-telecom,wuhan-telecom,50.8875,0.0,icmp,1591067700,2020-06-02 03:15:00+00:00
14716964,jinan-telecom,wuhan-telecom,50.7216,0.0,icmp,1591067820,2020-06-02 03:17:00+00:00
14717207,jinan-telecom,wuhan-telecom,49.7968,0.0,icmp,1591067940,2020-06-02 03:19:00+00:00
14717452,jinan-telecom,wuhan-telecom,49.1974,0.0,icmp,1591068060,2020-06-02 03:21:00+00:00
14717680,jinan-telecom,wuhan-telecom,51.4005,0.0,icmp,1591068180,2020-06-02 03:23:00+00:00
14717943,jinan-telecom,wuhan-telecom,43.2086,0.0,icmp,1591068300,2020-06-02 03:25:00+00:00
14718138,jinan-telecom,wuhan-telecom,49.744,0.0,icmp,1591068420,2020-06-02 03:27:00+00:00
14718372,jinan-telecom,wuhan-telecom,48.4081,0.0,icmp,1591068540,2020-06-02 03:29:00+00:00
14718589,jinan-telecom,wuhan-telecom,49.7368,0.0,icmp,1591068660,2020-06-02 03:31:00+00:00
14718800,jinan-telecom,wuhan-telecom,48.6591,0.0,icmp,1591068780,2020-06-02 03:33:00+00:00
14719014,jinan-telecom,wuhan-telecom,50.7857,0.0,icmp,1591068900,2020-06-02 03:35:00+00:00
14719284,jinan-telecom,wuhan-telecom,49.4372,0.0,icmp,1591069020,2020-06-02 03:37:00+00:00
14719512,jinan-telecom,wuhan-telecom,39.893,0.0,icmp,1591069159,2020-06-02 03:39:19+00:00
14719731,jinan-telecom,wuhan-telecom,46.4233,0.0,icmp,1591069260,2020-06-02 03:41:00+00:00
14719961,jinan-telecom,wuhan-telecom,39.79,0.0,icmp,1591069399,2020-06-02 03:43:19+00:00
14720183,jinan-telecom,wuhan-telecom,52.8575,0.0,icmp,1591069500,2020-06-02 03:45:00+00:00
14720449,jinan-telecom,wuhan-telecom,46.6505,0.0,icmp,1591069620,2020-06-02 03:47:00+00:00
14720628,jinan-telecom,wuhan-telecom,49.7181,0.0,icmp,1591069740,2020-06-02 03:49:00+00:00
14720883,jinan-telecom,wuhan-telecom,44.9788,0.0,icmp,1591069860,2020-06-02 03:51:00+00:00
14721116,jinan-telecom,wuhan-telecom,39.8554,0.0,icmp,1591069999,2020-06-02 03:53:19+00:00
14721337,jinan-telecom,wuhan-telecom,48.4708,0.0,icmp,1591070100,2020-06-02 03:55:00+00:00
14721556,jinan-telecom,wuhan-telecom,48.9004,0.0,icmp,1591070220,2020-06-02 03:57:00+00:00
14721789,jinan-telecom,wuhan-telecom,51.9122,0.0,icmp,1591070340,2020-06-02 03:59:00+00:00
14722027,jinan-telecom,wuhan-telecom,48.8282,0.0,icmp,1591070460,2020-06-02 04:01:00+00:00
14722258,jinan-telecom,wuhan-telecom,44.6613,0.0,icmp,1591070580,2020-06-02 04:03:00+00:00
14722484,jinan-telecom,wuhan-telecom,45.0786,0.0,icmp,1591070700,2020-06-02 04:05:00+00:00
14722720,jinan-telecom,wuhan-telecom,46.8301,0.0,icmp,1591070820,2020-06-02 04:07:00+00:00
14722941,jinan-telecom,wuhan-telecom,39.7518,0.0,icmp,1591070959,2020-06-02 04:09:19+00:00
14723163,jinan-telecom,wuhan-telecom,55.0702,0.0,icmp,1591071060,2020-06-02 04:11:00+00:00
14723413,jinan-telecom,wuhan-telecom,39.7334,0.0,icmp,1591071199,2020-06-02 04:13:19+00:00
14723648,jinan-telecom,wuhan-telecom,42.1596,0.0,icmp,1591071300,2020-06-02 04:15:00+00:00
14723842,jinan-telecom,wuhan-telecom,51.9297,0.0,icmp,1591071420,2020-06-02 04:17:00+00:00
14724086,jinan-telecom,wuhan-telecom,53.1445,0.0,icmp,1591071540,2020-06-02 04:19:00+00:00
14724317,jinan-telecom,wuhan-telecom,50.2906,0.0,icmp,1591071660,2020-06-02 04:21:00+00:00
14724551,jinan-telecom,wuhan-telecom,48.4417,0.0,icmp,1591071780,2020-06-02 04:23:00+00:00
14724788,jinan-telecom,wuhan-telecom,49.7288,0.0,icmp,1591071900,2020-06-02 04:25:00+00:00
14725012,jinan-telecom,wuhan-telecom,39.6332,0.0,icmp,1591072039,2020-06-02 04:27:19+00:00
14725219,jinan-telecom,wuhan-telecom,49.7837,0.0,icmp,1591072140,2020-06-02 04:29:00+00:00
14725465,jinan-telecom,wuhan-telecom,41.7085,0.0,icmp,1591072260,2020-06-02 04:31:00+00:00
14725709,jinan-telecom,wuhan-telecom,50.2546,0.0,icmp,1591072380,2020-06-02 04:33:00+00:00
14725915,jinan-telecom,wuhan-telecom,50.9513,0.0,icmp,1591072500,2020-06-02 04:35:00+00:00
14726127,jinan-telecom,wuhan-telecom,50.0947,0.0,icmp,1591072620,2020-06-02 04:37:00+00:00
14726373,jinan-telecom,wuhan-telecom,50.3201,0.0,icmp,1591072740,2020-06-02 04:39:00+00:00
14726610,jinan-telecom,wuhan-telecom,50.8806,0.0,icmp,1591072860,2020-06-02 04:41:00+00:00
14726839,jinan-telecom,wuhan-telecom,46.9679,0.0,icmp,1591072980,2020-06-02 04:43:00+00:00
14727071,jinan-telecom,wuhan-telecom,39.6729,0.0,icmp,1591073119,2020-06-02 04:45:19+00:00
14727299,jinan-telecom,wuhan-telecom,46.7112,0.0,icmp,1591073220,2020-06-02 04:47:00+00:00
14727505,jinan-telecom,wuhan-telecom,45.4479,0.0,icmp,1591073340,2020-06-02 04:49:00+00:00
14727756,jinan-telecom,wuhan-telecom,48.0901,0.0,icmp,1591073460,2020-06-02 04:51:00+00:00
14727968,jinan-telecom,wuhan-telecom,39.7825,0.0,icmp,1591073599,2020-06-02 04:53:19+00:00
14728209,jinan-telecom,wuhan-telecom,39.8719,0.0,icmp,1591073719,2020-06-02 04:55:19+00:00
14728417,jinan-telecom,wuhan-telecom,47.922,0.0,icmp,1591073820,2020-06-02 04:57:00+00:00
14728674,jinan-telecom,wuhan-telecom,50.7148,0.0,icmp,1591073940,2020-06-02 04:59:00+00:00
14728884,jinan-telecom,wuhan-telecom,42.5554,0.0,icmp,1591074060,2020-06-02 05:01:00+00:00
14729132,jinan-telecom,wuhan-telecom,39.782,0.0,icmp,1591074199,2020-06-02 05:03:19+00:00
14729350,jinan-telecom,wuhan-telecom,47.8267,0.0,icmp,1591074300,2020-06-02 05:05:00+00:00
14729575,jinan-telecom,wuhan-telecom,51.3977,0.0,icmp,1591074420,2020-06-02 05:07:00+00:00
14729799,jinan-telecom,wuhan-telecom,51.1801,0.0,icmp,1591074540,2020-06-02 05:09:00+00:00
14730045,jinan-telecom,wuhan-telecom,39.6921,0.0,icmp,1591074679,2020-06-02 05:11:19+00:00
14730254,jinan-telecom,wuhan-telecom,47.3013,0.0,icmp,1591074780,2020-06-02 05:13:00+00:00
14730508,jinan-telecom,wuhan-telecom,48.5967,0.0,icmp,1591074900,2020-06-02 05:15:00+00:00
14730753,jinan-telecom,wuhan-telecom,48.894,0.0,icmp,1591075020,2020-06-02 05:17:00+00:00
14730957,jinan-telecom,wuhan-telecom,49.8853,0.0,icmp,1591075140,2020-06-02 05:19:00+00:00
14731181,jinan-telecom,wuhan-telecom,45.5528,0.0,icmp,1591075260,2020-06-02 05:21:00+00:00
14731425,jinan-telecom,wuhan-telecom,42.5123,0.0,icmp,1591075380,2020-06-02 05:23:00+00:00
14731637,jinan-telecom,wuhan-telecom,41.8699,0.0,icmp,1591075500,2020-06-02 05:25:00+00:00
14731865,jinan-telecom,wuhan-telecom,43.5359,0.0,icmp,1591075620,2020-06-02 05:27:00+00:00
14732091,jinan-telecom,wuhan-telecom,48.9706,0.0,icmp,1591075740,2020-06-02 05:29:00+00:00
14732336,jinan-telecom,wuhan-telecom,44.6746,0.0,icmp,1591075860,2020-06-02 05:31:00+00:00
14732571,jinan-telecom,wuhan-telecom,48.5618,0.0,icmp,1591075980,2020-06-02 05:33:00+00:00
14732791,jinan-telecom,wuhan-telecom,48.032,0.0,icmp,1591076100,2020-06-02 05:35:00+00:00
14733010,jinan-telecom,wuhan-telecom,42.2433,0.0,icmp,1591076220,2020-06-02 05:37:00+00:00
14733230,jinan-telecom,wuhan-telecom,46.5722,0.0,icmp,1591076340,2020-06-02 05:39:00+00:00
14733480,jinan-telecom,wuhan-telecom,50.2903,0.0,icmp,1591076460,2020-06-02 05:41:00+00:00
14733695,jinan-telecom,wuhan-telecom,45.2345,0.0,icmp,1591076580,2020-06-02 05:43:00+00:00
14733937,jinan-telecom,wuhan-telecom,51.5116,0.0,icmp,1591076700,2020-06-02 05:45:00+00:00
14734172,jinan-telecom,wuhan-telecom,51.5855,0.0,icmp,1591076820,2020-06-02 05:47:00+00:00
14734378,jinan-telecom,wuhan-telecom,39.6743,0.0,icmp,1591076959,2020-06-02 05:49:19+00:00
14734623,jinan-telecom,wuhan-telecom,48.064,0.0,icmp,1591077060,2020-06-02 05:51:00+00:00
14734842,jinan-telecom,wuhan-telecom,48.9679,0.0,icmp,1591077180,2020-06-02 05:53:00+00:00
14735060,jinan-telecom,wuhan-telecom,46.5432,0.0,icmp,1591077300,2020-06-02 05:55:00+00:00
14735315,jinan-telecom,wuhan-telecom,39.6829,0.0,icmp,1591077439,2020-06-02 05:57:19+00:00
14735520,jinan-telecom,wuhan-telecom,47.8127,0.0,icmp,1591077540,2020-06-02 05:59:00+00:00
14735753,jinan-telecom,wuhan-telecom,49.6432,0.0,icmp,1591077660,2020-06-02 06:01:00+00:00
14735983,jinan-telecom,wuhan-telecom,46.3922,0.0,icmp,1591077780,2020-06-02 06:03:00+00:00
14736202,jinan-telecom,wuhan-telecom,39.6718,0.0,icmp,1591077919,2020-06-02 06:05:19+00:00
14736447,jinan-telecom,wuhan-telecom,40.0861,0.0,icmp,1591078039,2020-06-02 06:07:19+00:00
14736678,jinan-telecom,wuhan-telecom,51.1518,0.0,icmp,1591078140,2020-06-02 06:09:00+00:00
14736903,jinan-telecom,wuhan-telecom,48.9863,0.0,icmp,1591078260,2020-06-02 06:11:00+00:00
14737127,jinan-telecom,wuhan-telecom,51.8862,0.0,icmp,1591078380,2020-06-02 06:13:00+00:00
14737366,jinan-telecom,wuhan-telecom,53.8961,0.0,icmp,1591078500,2020-06-02 06:15:00+00:00
14737598,jinan-telecom,wuhan-telecom,51.0227,0.0,icmp,1591078620,2020-06-02 06:17:00+00:00
14737824,jinan-telecom,wuhan-telecom,52.2531,0.0,icmp,1591078740,2020-06-02 06:19:00+00:00
14738062,jinan-telecom,wuhan-telecom,39.6653,0.0,icmp,1591078879,2020-06-02 06:21:19+00:00
14738275,jinan-telecom,wuhan-telecom,41.0545,0.0,icmp,1591078980,2020-06-02 06:23:00+00:00
14738519,jinan-telecom,wuhan-telecom,50.7558,0.0,icmp,1591079100,2020-06-02 06:25:00+00:00
14738739,jinan-telecom,wuhan-telecom,45.9821,0.0,icmp,1591079220,2020-06-02 06:27:00+00:00
14738983,jinan-telecom,wuhan-telecom,39.9382,0.0,icmp,1591079359,2020-06-02 06:29:19+00:00
14739189,jinan-telecom,wuhan-telecom,49.5111,0.0,icmp,1591079460,2020-06-02 06:31:00+00:00
14739407,jinan-telecom,wuhan-telecom,39.7554,0.0,icmp,1591079599,2020-06-02 06:33:19+00:00
14739666,jinan-telecom,wuhan-telecom,47.651,0.0,icmp,1591079700,2020-06-02 06:35:00+00:00
14739874,jinan-telecom,wuhan-telecom,43.0414,0.0,icmp,1591079820,2020-06-02 06:37:00+00:00
14740110,jinan-telecom,wuhan-telecom,39.9107,0.0,icmp,1591079959,2020-06-02 06:39:19+00:00
14740360,jinan-telecom,wuhan-telecom,46.9384,0.0,icmp,1591080060,2020-06-02 06:41:00+00:00
14740576,jinan-telecom,wuhan-telecom,48.8929,0.0,icmp,1591080180,2020-06-02 06:43:00+00:00
14740813,jinan-telecom,wuhan-telecom,39.7637,0.0,icmp,1591080319,2020-06-02 06:45:19+00:00
14741058,jinan-telecom,wuhan-telecom,49.7752,0.0,icmp,1591080420,2020-06-02 06:47:00+00:00
14741266,jinan-telecom,wuhan-telecom,48.1976,0.0,icmp,1591080540,2020-06-02 06:49:00+00:00
14741497,jinan-telecom,wuhan-telecom,39.9404,0.0,icmp,1591080679,2020-06-02 06:51:19+00:00
14741712,jinan-telecom,wuhan-telecom,50.7811,0.0,icmp,1591080780,2020-06-02 06:53:00+00:00
14741958,jinan-telecom,wuhan-telecom,48.494,0.0,icmp,1591080900,2020-06-02 06:55:00+00:00
14742164,jinan-telecom,wuhan-telecom,45.5873,0.0,icmp,1591081020,2020-06-02 06:57:00+00:00
14742415,jinan-telecom,wuhan-telecom,39.6959,0.0,icmp,1591081159,2020-06-02 06:59:19+00:00
14742641,jinan-telecom,wuhan-telecom,50.344,0.0,icmp,1591081260,2020-06-02 07:01:00+00:00
14742847,jinan-telecom,wuhan-telecom,45.2881,0.0,icmp,1591081380,2020-06-02 07:03:00+00:00
14743072,jinan-telecom,wuhan-telecom,39.7305,0.0,icmp,1591081519,2020-06-02 07:05:19+00:00
14743332,jinan-telecom,wuhan-telecom,39.7849,0.0,icmp,1591081639,2020-06-02 07:07:19+00:00
14743553,jinan-telecom,wuhan-telecom,51.4747,0.0,icmp,1591081740,2020-06-02 07:09:00+00:00
14743777,jinan-telecom,wuhan-telecom,48.6759,0.0,icmp,1591081860,2020-06-02 07:11:00+00:00
14743989,jinan-telecom,wuhan-telecom,50.7457,0.0,icmp,1591081980,2020-06-02 07:13:00+00:00
14744223,jinan-telecom,wuhan-telecom,49.7129,0.0,icmp,1591082100,2020-06-02 07:15:00+00:00
14744475,jinan-telecom,wuhan-telecom,47.1592,0.0,icmp,1591082220,2020-06-02 07:17:00+00:00
14744696,jinan-telecom,wuhan-telecom,40.7328,0.0,icmp,1591082340,2020-06-02 07:19:00+00:00
14744923,jinan-telecom,wuhan-telecom,48.4303,0.0,icmp,1591082460,2020-06-02 07:21:00+00:00
14745140,jinan-telecom,wuhan-telecom,40.3097,0.0,icmp,1591082580,2020-06-02 07:23:00+00:00
14745366,jinan-telecom,wuhan-telecom,49.9661,0.0,icmp,1591082700,2020-06-02 07:25:00+00:00
14745597,jinan-telecom,wuhan-telecom,49.6923,0.0,icmp,1591082820,2020-06-02 07:27:00+00:00
14745825,jinan-telecom,wuhan-telecom,48.7587,0.0,icmp,1591082940,2020-06-02 07:29:00+00:00
14746068,jinan-telecom,wuhan-telecom,52.044,0.0,icmp,1591083060,2020-06-02 07:31:00+00:00
14746297,jinan-telecom,wuhan-telecom,39.7832,0.0,icmp,1591083199,2020-06-02 07:33:19+00:00
14746501,jinan-telecom,wuhan-telecom,39.7836,0.0,icmp,1591083319,2020-06-02 07:35:19+00:00
14746769,jinan-telecom,wuhan-telecom,48.1518,0.0,icmp,1591083420,2020-06-02 07:37:00+00:00
14746982,jinan-telecom,wuhan-telecom,49.0871,0.0,icmp,1591083540,2020-06-02 07:39:00+00:00
14747224,jinan-telecom,wuhan-telecom,49.945,0.0,icmp,1591083660,2020-06-02 07:41:00+00:00
14747428,jinan-telecom,wuhan-telecom,51.4267,0.0,icmp,1591083780,2020-06-02 07:43:00+00:00
14747679,jinan-telecom,wuhan-telecom,48.7202,0.0,icmp,1591083900,2020-06-02 07:45:00+00:00
14747895,jinan-telecom,wuhan-telecom,51.7937,0.0,icmp,1591084020,2020-06-02 07:47:00+00:00
14748137,jinan-telecom,wuhan-telecom,45.0856,0.0,icmp,1591084140,2020-06-02 07:49:00+00:00
14748386,jinan-telecom,wuhan-telecom,48.6074,0.0,icmp,1591084260,2020-06-02 07:51:00+00:00
14748575,jinan-telecom,wuhan-telecom,49.3777,0.0,icmp,1591084380,2020-06-02 07:53:00+00:00
14748814,jinan-telecom,wuhan-telecom,48.5738,0.0,icmp,1591084500,2020-06-02 07:55:00+00:00
14749047,jinan-telecom,wuhan-telecom,48.8615,0.0,icmp,1591084620,2020-06-02 07:57:00+00:00
14749258,jinan-telecom,wuhan-telecom,49.9842,0.0,icmp,1591084740,2020-06-02 07:59:00+00:00
14749494,jinan-telecom,wuhan-telecom,49.3007,0.0,icmp,1591084860,2020-06-02 08:01:00+00:00
14749746,jinan-telecom,wuhan-telecom,45.6913,0.0,icmp,1591084980,2020-06-02 08:03:00+00:00
14749989,jinan-telecom,wuhan-telecom,39.9827,0.0,icmp,1591085119,2020-06-02 08:05:19+00:00
14750187,jinan-telecom,wuhan-telecom,39.7936,0.0,icmp,1591085239,2020-06-02 08:07:19+00:00
14750428,jinan-telecom,wuhan-telecom,48.5253,0.0,icmp,1591085340,2020-06-02 08:09:00+00:00
14750646,jinan-telecom,wuhan-telecom,46.7009,0.0,icmp,1591085460,2020-06-02 08:11:00+00:00
14750866,jinan-telecom,wuhan-telecom,39.7303,0.0,icmp,1591085599,2020-06-02 08:13:19+00:00
14751107,jinan-telecom,wuhan-telecom,49.6972,0.0,icmp,1591085700,2020-06-02 08:15:00+00:00
14751348,jinan-telecom,wuhan-telecom,39.9899,0.0,icmp,1591085839,2020-06-02 08:17:19+00:00
14751554,jinan-telecom,wuhan-telecom,51.896,0.0,icmp,1591085940,2020-06-02 08:19:00+00:00
14751796,jinan-telecom,wuhan-telecom,43.466,0.0,icmp,1591086060,2020-06-02 08:21:00+00:00
14752014,jinan-telecom,wuhan-telecom,39.6501,0.0,icmp,1591086199,2020-06-02 08:23:19+00:00
14752261,jinan-telecom,wuhan-telecom,46.9527,0.0,icmp,1591086300,2020-06-02 08:25:00+00:00
14752464,jinan-telecom,wuhan-telecom,47.0012,0.0,icmp,1591086420,2020-06-02 08:27:00+00:00
14752700,jinan-telecom,wuhan-telecom,51.2901,0.0,icmp,1591086540,2020-06-02 08:29:00+00:00
14752924,jinan-telecom,wuhan-telecom,50.4668,0.0,icmp,1591086660,2020-06-02 08:31:00+00:00
14753170,jinan-telecom,wuhan-telecom,40.2127,0.0,icmp,1591086799,2020-06-02 08:33:19+00:00
14753390,jinan-telecom,wuhan-telecom,53.5708,0.0,icmp,1591086900,2020-06-02 08:35:00+00:00
14753659,jinan-telecom,wuhan-telecom,39.7339,0.0,icmp,1591087039,2020-06-02 08:37:19+00:00
14753847,jinan-telecom,wuhan-telecom,54.3061,0.0,icmp,1591087140,2020-06-02 08:39:00+00:00
14754075,jinan-telecom,wuhan-telecom,47.3448,0.0,icmp,1591087260,2020-06-02 08:41:00+00:00
14754307,jinan-telecom,wuhan-telecom,48.165,0.0,icmp,1591087380,2020-06-02 08:43:00+00:00
14754556,jinan-telecom,wuhan-telecom,47.9109,0.0,icmp,1591087500,2020-06-02 08:45:00+00:00
14754771,jinan-telecom,wuhan-telecom,50.2612,0.0,icmp,1591087620,2020-06-02 08:47:00+00:00
14755004,jinan-telecom,wuhan-telecom,51.5041,0.0,icmp,1591087740,2020-06-02 08:49:00+00:00
14755235,jinan-telecom,wuhan-telecom,50.045,0.0,icmp,1591087860,2020-06-02 08:51:00+00:00
14755463,jinan-telecom,wuhan-telecom,49.4847,0.0,icmp,1591087980,2020-06-02 08:53:00+00:00
14755684,jinan-telecom,wuhan-telecom,48.3376,0.0,icmp,1591088100,2020-06-02 08:55:00+00:00
14755926,jinan-telecom,wuhan-telecom,49.3321,0.0,icmp,1591088220,2020-06-02 08:57:00+00:00
14756156,jinan-telecom,wuhan-telecom,49.9383,0.0,icmp,1591088340,2020-06-02 08:59:00+00:00
14756369,jinan-telecom,wuhan-telecom,53.2855,0.0,icmp,1591088460,2020-06-02 09:01:00+00:00
14756597,jinan-telecom,wuhan-telecom,39.9651,0.0,icmp,1591088599,2020-06-02 09:03:19+00:00
14756813,jinan-telecom,wuhan-telecom,50.2391,0.0,icmp,1591088700,2020-06-02 09:05:00+00:00
14757055,jinan-telecom,wuhan-telecom,49.7249,0.0,icmp,1591088820,2020-06-02 09:07:00+00:00
14757291,jinan-telecom,wuhan-telecom,44.4612,0.0,icmp,1591088940,2020-06-02 09:09:00+00:00
14757522,jinan-telecom,wuhan-telecom,50.875,0.0,icmp,1591089060,2020-06-02 09:11:00+00:00
14757754,jinan-telecom,wuhan-telecom,50.7126,0.0,icmp,1591089180,2020-06-02 09:13:00+00:00
14757961,jinan-telecom,wuhan-telecom,45.4945,0.0,icmp,1591089300,2020-06-02 09:15:00+00:00
14758204,jinan-telecom,wuhan-telecom,39.5998,0.0,icmp,1591089439,2020-06-02 09:17:19+00:00
14758431,jinan-telecom,wuhan-telecom,47.4421,0.0,icmp,1591089540,2020-06-02 09:19:00+00:00
14758683,jinan-telecom,wuhan-telecom,50.6766,0.0,icmp,1591089660,2020-06-02 09:21:00+00:00
14758884,jinan-telecom,wuhan-telecom,47.6234,0.0,icmp,1591089780,2020-06-02 09:23:00+00:00
14759112,jinan-telecom,wuhan-telecom,47.8227,0.0,icmp,1591089900,2020-06-02 09:25:00+00:00
14759346,jinan-telecom,wuhan-telecom,50.1869,0.0,icmp,1591090020,2020-06-02 09:27:00+00:00
14759562,jinan-telecom,wuhan-telecom,43.7606,0.0,icmp,1591090140,2020-06-02 09:29:00+00:00
14759828,jinan-telecom,wuhan-telecom,49.8323,0.0,icmp,1591090260,2020-06-02 09:31:00+00:00
14760018,jinan-telecom,wuhan-telecom,49.0182,0.0,icmp,1591090380,2020-06-02 09:33:00+00:00
14760277,jinan-telecom,wuhan-telecom,39.9825,0.0,icmp,1591090519,2020-06-02 09:35:19+00:00
14760499,jinan-telecom,wuhan-telecom,53.054,0.0,icmp,1591090620,2020-06-02 09:37:00+00:00
14760729,jinan-telecom,wuhan-telecom,48.5791,0.0,icmp,1591090740,2020-06-02 09:39:00+00:00
14760939,jinan-telecom,wuhan-telecom,49.5376,0.0,icmp,1591090860,2020-06-02 09:41:00+00:00
14761185,jinan-telecom,wuhan-telecom,49.1356,0.0,icmp,1591090980,2020-06-02 09:43:00+00:00
14761414,jinan-telecom,wuhan-telecom,47.05,0.0,icmp,1591091100,2020-06-02 09:45:00+00:00
14761641,jinan-telecom,wuhan-telecom,39.7397,0.0,icmp,1591091239,2020-06-02 09:47:19+00:00
14761876,jinan-telecom,wuhan-telecom,52.174,0.0,icmp,1591091340,2020-06-02 09:49:00+00:00
14762087,jinan-telecom,wuhan-telecom,39.6902,0.0,icmp,1591091479,2020-06-02 09:51:19+00:00
14762316,jinan-telecom,wuhan-telecom,47.834,0.0,icmp,1591091580,2020-06-02 09:53:00+00:00
14762575,jinan-telecom,wuhan-telecom,39.7389,0.0,icmp,1591091719,2020-06-02 09:55:19+00:00
14762799,jinan-telecom,wuhan-telecom,49.834,0.0,icmp,1591091820,2020-06-02 09:57:00+00:00
14763012,jinan-telecom,wuhan-telecom,39.6428,0.0,icmp,1591091959,2020-06-02 09:59:19+00:00
14763227,jinan-telecom,wuhan-telecom,39.7863,0.0,icmp,1591092079,2020-06-02 10:01:19+00:00
14763474,jinan-telecom,wuhan-telecom,47.8286,0.0,icmp,1591092180,2020-06-02 10:03:00+00:00
14763705,jinan-telecom,wuhan-telecom,50.4105,0.0,icmp,1591092300,2020-06-02 10:05:00+00:00
14763930,jinan-telecom,wuhan-telecom,51.5112,0.0,icmp,1591092420,2020-06-02 10:07:00+00:00
14764169,jinan-telecom,wuhan-telecom,52.6251,0.0,icmp,1591092540,2020-06-02 10:09:00+00:00
14764393,jinan-telecom,wuhan-telecom,46.9142,0.0,icmp,1591092660,2020-06-02 10:11:00+00:00
14764636,jinan-telecom,wuhan-telecom,42.4075,0.0,icmp,1591092780,2020-06-02 10:13:00+00:00
14764847,jinan-telecom,wuhan-telecom,50.6748,0.0,icmp,1591092900,2020-06-02 10:15:00+00:00
14765112,jinan-telecom,wuhan-telecom,49.8589,0.0,icmp,1591093020,2020-06-02 10:17:00+00:00
14765306,jinan-telecom,wuhan-telecom,40.0441,0.0,icmp,1591093159,2020-06-02 10:19:19+00:00
14765526,jinan-telecom,wuhan-telecom,46.993,0.0,icmp,1591093260,2020-06-02 10:21:00+00:00
14765763,jinan-telecom,wuhan-telecom,49.2578,0.0,icmp,1591093380,2020-06-02 10:23:00+00:00
14766007,jinan-telecom,wuhan-telecom,50.699,0.0,icmp,1591093500,2020-06-02 10:25:00+00:00
14766241,jinan-telecom,wuhan-telecom,42.8041,0.0,icmp,1591093620,2020-06-02 10:27:00+00:00
14766451,jinan-telecom,wuhan-telecom,39.7394,0.0,icmp,1591093759,2020-06-02 10:29:19+00:00
14766694,jinan-telecom,wuhan-telecom,47.6202,0.0,icmp,1591093860,2020-06-02 10:31:00+00:00
14766914,jinan-telecom,wuhan-telecom,47.4314,0.0,icmp,1591093980,2020-06-02 10:33:00+00:00
14767138,jinan-telecom,wuhan-telecom,46.8792,0.0,icmp,1591094100,2020-06-02 10:35:00+00:00
14767388,jinan-telecom,wuhan-telecom,39.6369,0.0,icmp,1591094239,2020-06-02 10:37:19+00:00
14767596,jinan-telecom,wuhan-telecom,50.8089,0.0,icmp,1591094340,2020-06-02 10:39:00+00:00
14767814,jinan-telecom,wuhan-telecom,49.437,0.0,icmp,1591094460,2020-06-02 10:41:00+00:00
14768037,jinan-telecom,wuhan-telecom,45.8139,0.0,icmp,1591094580,2020-06-02 10:43:00+00:00
14768266,jinan-telecom,wuhan-telecom,50.3769,0.0,icmp,1591094700,2020-06-02 10:45:00+00:00
14768494,jinan-telecom,wuhan-telecom,41.3723,0.0,icmp,1591094820,2020-06-02 10:47:00+00:00
14768753,jinan-telecom,wuhan-telecom,43.4338,0.0,icmp,1591094940,2020-06-02 10:49:00+00:00
14768965,jinan-telecom,wuhan-telecom,49.7604,0.0,icmp,1591095060,2020-06-02 10:51:00+00:00
14769181,jinan-telecom,wuhan-telecom,39.7706,0.0,icmp,1591095199,2020-06-02 10:53:19+00:00
14769428,jinan-telecom,wuhan-telecom,50.4378,0.0,icmp,1591095300,2020-06-02 10:55:00+00:00
14769655,jinan-telecom,wuhan-telecom,46.9777,0.0,icmp,1591095420,2020-06-02 10:57:00+00:00
14769879,jinan-telecom,wuhan-telecom,49.0114,0.0,icmp,1591095540,2020-06-02 10:59:00+00:00
14770110,jinan-telecom,wuhan-telecom,45.7974,0.0,icmp,1591095660,2020-06-02 11:01:00+00:00
14770341,jinan-telecom,wuhan-telecom,48.1542,0.0,icmp,1591095780,2020-06-02 11:03:00+00:00
14770562,jinan-telecom,wuhan-telecom,43.7862,0.0,icmp,1591095900,2020-06-02 11:05:00+00:00
14770789,jinan-telecom,wuhan-telecom,39.6819,0.0,icmp,1591096039,2020-06-02 11:07:19+00:00
14771051,jinan-telecom,wuhan-telecom,44.7445,0.0,icmp,1591096140,2020-06-02 11:09:00+00:00
14771247,jinan-telecom,wuhan-telecom,52.1867,0.0,icmp,1591096260,2020-06-02 11:11:00+00:00
14771489,jinan-telecom,wuhan-telecom,39.71,0.0,icmp,1591096399,2020-06-02 11:13:19+00:00
14771705,jinan-telecom,wuhan-telecom,52.7937,0.0,icmp,1591096500,2020-06-02 11:15:00+00:00
14771931,jinan-telecom,wuhan-telecom,48.7098,0.0,icmp,1591096620,2020-06-02 11:17:00+00:00
14772164,jinan-telecom,wuhan-telecom,39.6942,0.0,icmp,1591096759,2020-06-02 11:19:19+00:00
14772395,jinan-telecom,wuhan-telecom,44.28,0.0,icmp,1591096860,2020-06-02 11:21:00+00:00
14772615,jinan-telecom,wuhan-telecom,46.1826,0.0,icmp,1591096980,2020-06-02 11:23:00+00:00
14772847,jinan-telecom,wuhan-telecom,48.2032,0.0,icmp,1591097100,2020-06-02 11:25:00+00:00
14773098,jinan-telecom,wuhan-telecom,47.5221,0.0,icmp,1591097220,2020-06-02 11:27:00+00:00
14773327,jinan-telecom,wuhan-telecom,48.7557,0.0,icmp,1591097340,2020-06-02 11:29:00+00:00
14773558,jinan-telecom,wuhan-telecom,48.5005,0.0,icmp,1591097460,2020-06-02 11:31:00+00:00
14773777,jinan-telecom,wuhan-telecom,51.7319,0.0,icmp,1591097580,2020-06-02 11:33:00+00:00
14774001,jinan-telecom,wuhan-telecom,39.9187,0.0,icmp,1591097719,2020-06-02 11:35:19+00:00
14774220,jinan-telecom,wuhan-telecom,39.6521,0.0,icmp,1591097839,2020-06-02 11:37:19+00:00
14774461,jinan-telecom,wuhan-telecom,50.1645,0.0,icmp,1591097940,2020-06-02 11:39:00+00:00
14774681,jinan-telecom,wuhan-telecom,40.1291,0.0,icmp,1591098079,2020-06-02 11:41:19+00:00
14774920,jinan-telecom,wuhan-telecom,51.2995,0.0,icmp,1591098180,2020-06-02 11:43:00+00:00
14775157,jinan-telecom,wuhan-telecom,39.937,0.0,icmp,1591098319,2020-06-02 11:45:19+00:00
14775395,jinan-telecom,wuhan-telecom,48.5585,0.0,icmp,1591098420,2020-06-02 11:47:00+00:00
14775631,jinan-telecom,wuhan-telecom,39.8444,0.0,icmp,1591098559,2020-06-02 11:49:19+00:00
14775833,jinan-telecom,wuhan-telecom,48.1694,0.0,icmp,1591098660,2020-06-02 11:51:00+00:00
14776077,jinan-telecom,wuhan-telecom,49.2234,0.0,icmp,1591098780,2020-06-02 11:53:00+00:00
14776275,jinan-telecom,wuhan-telecom,48.7341,0.0,icmp,1591098900,2020-06-02 11:55:00+00:00
14776514,jinan-telecom,wuhan-telecom,49.9783,0.0,icmp,1591099020,2020-06-02 11:57:00+00:00
14776762,jinan-telecom,wuhan-telecom,49.1915,0.0,icmp,1591099140,2020-06-02 11:59:00+00:00
14776964,jinan-telecom,wuhan-telecom,48.4646,0.0,icmp,1591099260,2020-06-02 12:01:00+00:00
14777210,jinan-telecom,wuhan-telecom,52.2282,0.0,icmp,1591099380,2020-06-02 12:03:00+00:00
14777444,jinan-telecom,wuhan-telecom,45.6698,0.0,icmp,1591099500,2020-06-02 12:05:00+00:00
14777679,jinan-telecom,wuhan-telecom,48.6339,0.0,icmp,1591099620,2020-06-02 12:07:00+00:00
14777889,jinan-telecom,wuhan-telecom,39.6831,0.0,icmp,1591099759,2020-06-02 12:09:19+00:00
14778131,jinan-telecom,wuhan-telecom,50.2662,0.0,icmp,1591099860,2020-06-02 12:11:00+00:00
14778340,jinan-telecom,wuhan-telecom,48.5767,0.0,icmp,1591099980,2020-06-02 12:13:00+00:00
14778596,jinan-telecom,wuhan-telecom,44.9681,0.0,icmp,1591100100,2020-06-02 12:15:00+00:00
14778796,jinan-telecom,wuhan-telecom,49.8515,0.0,icmp,1591100220,2020-06-02 12:17:00+00:00
14779056,jinan-telecom,wuhan-telecom,47.8771,0.0,icmp,1591100340,2020-06-02 12:19:00+00:00
14779272,jinan-telecom,wuhan-telecom,39.7135,0.0,icmp,1591100479,2020-06-02 12:21:19+00:00
14779482,jinan-telecom,wuhan-telecom,49.6726,0.0,icmp,1591100580,2020-06-02 12:23:00+00:00
14779731,jinan-telecom,wuhan-telecom,40.0437,0.0,icmp,1591100719,2020-06-02 12:25:19+00:00
14779967,jinan-telecom,wuhan-telecom,42.8829,0.0,icmp,1591100820,2020-06-02 12:27:00+00:00
14780175,jinan-telecom,wuhan-telecom,46.6983,0.0,icmp,1591100940,2020-06-02 12:29:00+00:00
14780422,jinan-telecom,wuhan-telecom,48.1634,0.0,icmp,1591101060,2020-06-02 12:31:00+00:00
14780646,jinan-telecom,wuhan-telecom,46.145,0.0,icmp,1591101180,2020-06-02 12:33:00+00:00
14780885,jinan-telecom,wuhan-telecom,40.2548,0.0,icmp,1591101300,2020-06-02 12:35:00+00:00
14781107,jinan-telecom,wuhan-telecom,46.4896,0.0,icmp,1591101420,2020-06-02 12:37:00+00:00
14781341,jinan-telecom,wuhan-telecom,42.7644,0.0,icmp,1591101540,2020-06-02 12:39:00+00:00
14781583,jinan-telecom,wuhan-telecom,39.9663,0.0,icmp,1591101679,2020-06-02 12:41:19+00:00
14781781,jinan-telecom,wuhan-telecom,39.8687,0.0,icmp,1591101799,2020-06-02 12:43:19+00:00
14782024,jinan-telecom,wuhan-telecom,48.2339,0.0,icmp,1591101900,2020-06-02 12:45:00+00:00
14782260,jinan-telecom,wuhan-telecom,48.1159,0.0,icmp,1591102020,2020-06-02 12:47:00+00:00
14782485,jinan-telecom,wuhan-telecom,49.5468,0.0,icmp,1591102140,2020-06-02 12:49:00+00:00
14782692,jinan-telecom,wuhan-telecom,45.9323,0.0,icmp,1591102260,2020-06-02 12:51:00+00:00
14782936,jinan-telecom,wuhan-telecom,40.3667,0.0,icmp,1591102399,2020-06-02 12:53:19+00:00
14783176,jinan-telecom,wuhan-telecom,48.2015,0.0,icmp,1591102500,2020-06-02 12:55:00+00:00
14783406,jinan-telecom,wuhan-telecom,39.7152,0.0,icmp,1591102639,2020-06-02 12:57:19+00:00
14783619,jinan-telecom,wuhan-telecom,45.0864,0.0,icmp,1591102740,2020-06-02 12:59:00+00:00
14783843,jinan-telecom,wuhan-telecom,39.6716,0.0,icmp,1591102879,2020-06-02 13:01:19+00:00
14784063,jinan-telecom,wuhan-telecom,48.4378,0.0,icmp,1591102980,2020-06-02 13:03:00+00:00
14784295,jinan-telecom,wuhan-telecom,48.056,0.0,icmp,1591103100,2020-06-02 13:05:00+00:00
14784550,jinan-telecom,wuhan-telecom,39.7053,0.0,icmp,1591103239,2020-06-02 13:07:19+00:00
14784771,jinan-telecom,wuhan-telecom,39.673,0.0,icmp,1591103359,2020-06-02 13:09:19+00:00
14784987,jinan-telecom,wuhan-telecom,45.7655,0.0,icmp,1591103460,2020-06-02 13:11:00+00:00
14785238,jinan-telecom,wuhan-telecom,51.2933,0.0,icmp,1591103580,2020-06-02 13:13:00+00:00
14785445,jinan-telecom,wuhan-telecom,48.7231,0.0,icmp,1591103700,2020-06-02 13:15:00+00:00
14785673,jinan-telecom,wuhan-telecom,39.7158,0.0,icmp,1591103839,2020-06-02 13:17:19+00:00
14785924,jinan-telecom,wuhan-telecom,41.8803,0.0,icmp,1591103940,2020-06-02 13:19:00+00:00
14786145,jinan-telecom,wuhan-telecom,48.1329,0.0,icmp,1591104060,2020-06-02 13:21:00+00:00
14786361,jinan-telecom,wuhan-telecom,50.7654,0.0,icmp,1591104180,2020-06-02 13:23:00+00:00
14786603,jinan-telecom,wuhan-telecom,39.9471,0.0,icmp,1591104319,2020-06-02 13:25:19+00:00
14786830,jinan-telecom,wuhan-telecom,45.4661,0.0,icmp,1591104420,2020-06-02 13:27:00+00:00
14787044,jinan-telecom,wuhan-telecom,48.9384,0.0,icmp,1591104540,2020-06-02 13:29:00+00:00
14787295,jinan-telecom,wuhan-telecom,48.6643,0.0,icmp,1591104660,2020-06-02 13:31:00+00:00
14787524,jinan-telecom,wuhan-telecom,50.1212,0.0,icmp,1591104780,2020-06-02 13:33:00+00:00
14787728,jinan-telecom,wuhan-telecom,50.1759,0.0,icmp,1591104900,2020-06-02 13:35:00+00:00
14787982,jinan-telecom,wuhan-telecom,40.2648,0.0,icmp,1591105039,2020-06-02 13:37:19+00:00
14788191,jinan-telecom,wuhan-telecom,50.9128,0.0,icmp,1591105140,2020-06-02 13:39:00+00:00
14788433,jinan-telecom,wuhan-telecom,45.6754,0.0,icmp,1591105260,2020-06-02 13:41:00+00:00
14788653,jinan-telecom,wuhan-telecom,49.5154,0.0,icmp,1591105380,2020-06-02 13:43:00+00:00
14788891,jinan-telecom,wuhan-telecom,50.6422,0.0,icmp,1591105500,2020-06-02 13:45:00+00:00
14789116,jinan-telecom,wuhan-telecom,39.7221,0.0,icmp,1591105639,2020-06-02 13:47:19+00:00
14789341,jinan-telecom,wuhan-telecom,44.6221,0.0,icmp,1591105740,2020-06-02 13:49:00+00:00
14789591,jinan-telecom,wuhan-telecom,39.7383,0.0,icmp,1591105879,2020-06-02 13:51:19+00:00
14789787,jinan-telecom,wuhan-telecom,40.808,0.0,icmp,1591105999,2020-06-02 13:53:19+00:00
14790039,jinan-telecom,wuhan-telecom,48.4782,0.0,icmp,1591106100,2020-06-02 13:55:00+00:00
14790273,jinan-telecom,wuhan-telecom,52.0437,0.0,icmp,1591106220,2020-06-02 13:57:00+00:00
14790504,jinan-telecom,wuhan-telecom,51.7298,0.0,icmp,1591106340,2020-06-02 13:59:00+00:00
14790764,jinan-telecom,wuhan-telecom,39.7466,0.0,icmp,1591106479,2020-06-02 14:01:19+00:00
14790943,jinan-telecom,wuhan-telecom,39.9291,0.0,icmp,1591106599,2020-06-02 14:03:19+00:00
14791182,jinan-telecom,wuhan-telecom,40.1494,0.0,icmp,1591106700,2020-06-02 14:05:00+00:00
14791430,jinan-telecom,wuhan-telecom,50.8661,0.0,icmp,1591106820,2020-06-02 14:07:00+00:00
14791639,jinan-telecom,wuhan-telecom,52.7845,0.0,icmp,1591106940,2020-06-02 14:09:00+00:00
14791881,jinan-telecom,wuhan-telecom,39.6698,0.0,icmp,1591107079,2020-06-02 14:11:19+00:00
14792078,jinan-telecom,wuhan-telecom,46.5807,0.0,icmp,1591107180,2020-06-02 14:13:00+00:00
14792318,jinan-telecom,wuhan-telecom,39.8088,0.0,icmp,1591107319,2020-06-02 14:15:19+00:00
14792550,jinan-telecom,wuhan-telecom,50.0008,0.0,icmp,1591107420,2020-06-02 14:17:00+00:00
14792795,jinan-telecom,wuhan-telecom,48.7881,0.0,icmp,1591107540,2020-06-02 14:19:00+00:00
14793008,jinan-telecom,wuhan-telecom,50.1539,0.0,icmp,1591107660,2020-06-02 14:21:00+00:00
14793238,jinan-telecom,wuhan-telecom,49.2482,0.0,icmp,1591107780,2020-06-02 14:23:00+00:00
14793467,jinan-telecom,wuhan-telecom,40.4656,0.0,icmp,1591107900,2020-06-02 14:25:00+00:00
14793694,jinan-telecom,wuhan-telecom,50.0313,0.0,icmp,1591108020,2020-06-02 14:27:00+00:00
14793919,jinan-telecom,wuhan-telecom,52.4723,0.0,icmp,1591108140,2020-06-02 14:29:00+00:00
14794169,jinan-telecom,wuhan-telecom,46.5209,0.0,icmp,1591108260,2020-06-02 14:31:00+00:00
14794371,jinan-telecom,wuhan-telecom,49.8739,0.0,icmp,1591108380,2020-06-02 14:33:00+00:00
14794618,jinan-telecom,wuhan-telecom,51.2943,0.0,icmp,1591108500,2020-06-02 14:35:00+00:00
14794854,jinan-telecom,wuhan-telecom,49.7268,0.0,icmp,1591108620,2020-06-02 14:37:00+00:00
14795071,jinan-telecom,wuhan-telecom,39.6715,0.0,icmp,1591108759,2020-06-02 14:39:19+00:00
14795337,jinan-telecom,wuhan-telecom,44.4682,0.0,icmp,1591108860,2020-06-02 14:41:00+00:00
14795529,jinan-telecom,wuhan-telecom,39.8502,0.0,icmp,1591108999,2020-06-02 14:43:19+00:00
14795761,jinan-telecom,wuhan-telecom,44.8959,0.0,icmp,1591109100,2020-06-02 14:45:00+00:00
14795981,jinan-telecom,wuhan-telecom,49.4032,0.0,icmp,1591109220,2020-06-02 14:47:00+00:00
14796191,jinan-telecom,wuhan-telecom,51.5622,0.0,icmp,1591109340,2020-06-02 14:49:00+00:00
14796468,jinan-telecom,wuhan-telecom,39.9428,0.0,icmp,1591109479,2020-06-02 14:51:19+00:00
14796676,jinan-telecom,wuhan-telecom,43.2001,0.0,icmp,1591109580,2020-06-02 14:53:00+00:00
14796904,jinan-telecom,wuhan-telecom,49.8479,0.0,icmp,1591109700,2020-06-02 14:55:00+00:00
14797149,jinan-telecom,wuhan-telecom,51.1777,0.0,icmp,1591109820,2020-06-02 14:57:00+00:00
14797355,jinan-telecom,wuhan-telecom,46.4469,0.0,icmp,1591109940,2020-06-02 14:59:00+00:00
14797599,jinan-telecom,wuhan-telecom,46.891,0.0,icmp,1591110060,2020-06-02 15:01:00+00:00
14797806,jinan-telecom,wuhan-telecom,40.1713,0.0,icmp,1591110199,2020-06-02 15:03:19+00:00
14798039,jinan-telecom,wuhan-telecom,51.5093,0.0,icmp,1591110300,2020-06-02 15:05:00+00:00
14798263,jinan-telecom,wuhan-telecom,49.0354,0.0,icmp,1591110420,2020-06-02 15:07:00+00:00
14798513,jinan-telecom,wuhan-telecom,39.7576,0.0,icmp,1591110559,2020-06-02 15:09:19+00:00
14798721,jinan-telecom,wuhan-telecom,46.4708,0.0,icmp,1591110660,2020-06-02 15:11:00+00:00
14798959,jinan-telecom,wuhan-telecom,50.7403,0.0,icmp,1591110780,2020-06-02 15:13:00+00:00
14799188,jinan-telecom,wuhan-telecom,47.0199,0.0,icmp,1591110900,2020-06-02 15:15:00+00:00
14799439,jinan-telecom,wuhan-telecom,49.956,0.0,icmp,1591111020,2020-06-02 15:17:00+00:00
14799648,jinan-telecom,wuhan-telecom,46.7373,0.0,icmp,1591111140,2020-06-02 15:19:00+00:00
14799867,jinan-telecom,wuhan-telecom,41.3359,0.0,icmp,1591111260,2020-06-02 15:21:00+00:00
14800099,jinan-telecom,wuhan-telecom,43.4744,0.0,icmp,1591111380,2020-06-02 15:23:00+00:00
14800314,jinan-telecom,wuhan-telecom,52.3418,0.0,icmp,1591111500,2020-06-02 15:25:00+00:00
14800560,jinan-telecom,wuhan-telecom,39.9728,0.0,icmp,1591111639,2020-06-02 15:27:19+00:00
14800796,jinan-telecom,wuhan-telecom,40.1416,0.0,icmp,1591111759,2020-06-02 15:29:19+00:00
14801025,jinan-telecom,wuhan-telecom,48.5564,0.0,icmp,1591111860,2020-06-02 15:31:00+00:00
14801244,jinan-telecom,wuhan-telecom,40.8951,0.0,icmp,1591111980,2020-06-02 15:33:00+00:00
14801463,jinan-telecom,wuhan-telecom,40.8951,0.0,icmp,1591112100,2020-06-02 15:35:00+00:00
14801703,jinan-telecom,wuhan-telecom,47.6918,0.0,icmp,1591112220,2020-06-02 15:37:00+00:00
14801944,jinan-telecom,wuhan-telecom,39.6931,0.0,icmp,1591112359,2020-06-02 15:39:19+00:00
14802217,jinan-telecom,wuhan-telecom,47.1101,0.0,icmp,1591112460,2020-06-02 15:41:00+00:00
14802395,jinan-telecom,wuhan-telecom,47.1865,0.0,icmp,1591112580,2020-06-02 15:43:00+00:00
14802606,jinan-telecom,wuhan-telecom,51.1566,0.0,icmp,1591112700,2020-06-02 15:45:00+00:00
14802858,jinan-telecom,wuhan-telecom,39.6193,0.0,icmp,1591112839,2020-06-02 15:47:19+00:00
14803077,jinan-telecom,wuhan-telecom,48.314,0.0,icmp,1591112940,2020-06-02 15:49:00+00:00
14803327,jinan-telecom,wuhan-telecom,45.7763,0.0,icmp,1591113060,2020-06-02 15:51:00+00:00
14803551,jinan-telecom,wuhan-telecom,50.5154,0.0,icmp,1591113180,2020-06-02 15:53:00+00:00
14803777,jinan-telecom,wuhan-telecom,49.5768,0.0,icmp,1591113300,2020-06-02 15:55:00+00:00
14803995,jinan-telecom,wuhan-telecom,39.6281,0.0,icmp,1591113439,2020-06-02 15:57:19+00:00
14804232,jinan-telecom,wuhan-telecom,47.9296,0.0,icmp,1591113540,2020-06-02 15:59:00+00:00
14804471,jinan-telecom,wuhan-telecom,45.0683,0.0,icmp,1591113660,2020-06-02 16:01:00+00:00
14804698,jinan-telecom,wuhan-telecom,40.5179,0.0,icmp,1591113780,2020-06-02 16:03:00+00:00
14804910,jinan-telecom,wuhan-telecom,50.3403,0.0,icmp,1591113900,2020-06-02 16:05:00+00:00
14805133,jinan-telecom,wuhan-telecom,44.1101,0.0,icmp,1591114020,2020-06-02 16:07:00+00:00
14805367,jinan-telecom,wuhan-telecom,44.9191,0.0,icmp,1591114140,2020-06-02 16:09:00+00:00
14805578,jinan-telecom,wuhan-telecom,43.6291,0.0,icmp,1591114260,2020-06-02 16:11:00+00:00
14805825,jinan-telecom,wuhan-telecom,48.0004,0.0,icmp,1591114380,2020-06-02 16:13:00+00:00
14806042,jinan-telecom,wuhan-telecom,41.8907,0.0,icmp,1591114500,2020-06-02 16:15:00+00:00
14806288,jinan-telecom,wuhan-telecom,39.7143,0.0,icmp,1591114639,2020-06-02 16:17:19+00:00
14806491,jinan-telecom,wuhan-telecom,40.0148,0.0,icmp,1591114759,2020-06-02 16:19:19+00:00
14806704,jinan-telecom,wuhan-telecom,50.1889,0.0,icmp,1591114860,2020-06-02 16:21:00+00:00
14806945,jinan-telecom,wuhan-telecom,47.8149,0.0,icmp,1591114980,2020-06-02 16:23:00+00:00
14807152,jinan-telecom,wuhan-telecom,45.557,0.0,icmp,1591115100,2020-06-02 16:25:00+00:00
14807396,jinan-telecom,wuhan-telecom,39.6818,0.0,icmp,1591115239,2020-06-02 16:27:19+00:00
14807593,jinan-telecom,wuhan-telecom,39.8473,0.0,icmp,1591115359,2020-06-02 16:29:19+00:00
14807840,jinan-telecom,wuhan-telecom,44.0218,0.0,icmp,1591115460,2020-06-02 16:31:00+00:00
14808045,jinan-telecom,wuhan-telecom,40.0948,0.0,icmp,1591115599,2020-06-02 16:33:19+00:00
14808258,jinan-telecom,wuhan-telecom,51.2356,0.0,icmp,1591115700,2020-06-02 16:35:00+00:00
14808488,jinan-telecom,wuhan-telecom,46.9815,0.0,icmp,1591115820,2020-06-02 16:37:00+00:00
14808715,jinan-telecom,wuhan-telecom,50.3052,0.0,icmp,1591115940,2020-06-02 16:39:00+00:00
14808937,jinan-telecom,wuhan-telecom,39.9847,0.0,icmp,1591116079,2020-06-02 16:41:19+00:00
14809149,jinan-telecom,wuhan-telecom,48.0356,0.0,icmp,1591116180,2020-06-02 16:43:00+00:00
14809369,jinan-telecom,wuhan-telecom,47.0555,0.0,icmp,1591116300,2020-06-02 16:45:00+00:00
14809584,jinan-telecom,wuhan-telecom,49.1604,0.0,icmp,1591116420,2020-06-02 16:47:00+00:00
14809799,jinan-telecom,wuhan-telecom,47.9683,0.0,icmp,1591116540,2020-06-02 16:49:00+00:00
14810036,jinan-telecom,wuhan-telecom,46.8796,0.0,icmp,1591116660,2020-06-02 16:51:00+00:00
14810259,jinan-telecom,wuhan-telecom,50.9798,0.0,icmp,1591116780,2020-06-02 16:53:00+00:00
14810466,jinan-telecom,wuhan-telecom,52.792,0.0,icmp,1591116900,2020-06-02 16:55:00+00:00
14810692,jinan-telecom,wuhan-telecom,44.0045,0.0,icmp,1591117020,2020-06-02 16:57:00+00:00
14810924,jinan-telecom,wuhan-telecom,51.2316,0.0,icmp,1591117140,2020-06-02 16:59:00+00:00
14811129,jinan-telecom,wuhan-telecom,47.0109,0.0,icmp,1591117260,2020-06-02 17:01:00+00:00
14811345,jinan-telecom,wuhan-telecom,39.7764,0.0,icmp,1591117399,2020-06-02 17:03:19+00:00
14811590,jinan-telecom,wuhan-telecom,40.2207,0.0,icmp,1591117519,2020-06-02 17:05:19+00:00
14811804,jinan-telecom,wuhan-telecom,39.8586,0.0,icmp,1591117639,2020-06-02 17:07:19+00:00
14812014,jinan-telecom,wuhan-telecom,44.8041,0.0,icmp,1591117740,2020-06-02 17:09:00+00:00
14812262,jinan-telecom,wuhan-telecom,39.6807,0.0,icmp,1591117879,2020-06-02 17:11:19+00:00
14812469,jinan-telecom,wuhan-telecom,48.5395,0.0,icmp,1591117980,2020-06-02 17:13:00+00:00
14812677,jinan-telecom,wuhan-telecom,49.4715,0.0,icmp,1591118100,2020-06-02 17:15:00+00:00
14812904,jinan-telecom,wuhan-telecom,39.6995,0.0,icmp,1591118239,2020-06-02 17:17:19+00:00
14813114,jinan-telecom,wuhan-telecom,45.0368,0.0,icmp,1591118340,2020-06-02 17:19:00+00:00
14813362,jinan-telecom,wuhan-telecom,42.9404,0.0,icmp,1591118460,2020-06-02 17:21:00+00:00
14813584,jinan-telecom,wuhan-telecom,50.166,0.0,icmp,1591118580,2020-06-02 17:23:00+00:00
14813805,jinan-telecom,wuhan-telecom,39.8945,0.0,icmp,1591118719,2020-06-02 17:25:19+00:00
14814016,jinan-telecom,wuhan-telecom,39.6886,0.0,icmp,1591118839,2020-06-02 17:27:19+00:00
14814269,jinan-telecom,wuhan-telecom,50.3414,0.0,icmp,1591118940,2020-06-02 17:29:00+00:00
14814446,jinan-telecom,wuhan-telecom,42.7116,0.0,icmp,1591119060,2020-06-02 17:31:00+00:00
14814663,jinan-telecom,wuhan-telecom,47.2545,0.0,icmp,1591119180,2020-06-02 17:33:00+00:00
14814880,jinan-telecom,wuhan-telecom,39.738,0.0,icmp,1591119319,2020-06-02 17:35:19+00:00
14815101,jinan-telecom,wuhan-telecom,39.8275,0.0,icmp,1591119439,2020-06-02 17:37:19+00:00
14815325,jinan-telecom,wuhan-telecom,43.741,0.0,icmp,1591119540,2020-06-02 17:39:00+00:00
14815571,jinan-telecom,wuhan-telecom,47.1115,0.0,icmp,1591119660,2020-06-02 17:41:00+00:00
14815768,jinan-telecom,wuhan-telecom,50.5881,0.0,icmp,1591119780,2020-06-02 17:43:00+00:00
14815984,jinan-telecom,wuhan-telecom,48.9212,0.0,icmp,1591119900,2020-06-02 17:45:00+00:00
14816220,jinan-telecom,wuhan-telecom,47.8933,0.0,icmp,1591120020,2020-06-02 17:47:00+00:00
14816430,jinan-telecom,wuhan-telecom,48.5178,0.0,icmp,1591120140,2020-06-02 17:49:00+00:00
14816674,jinan-telecom,wuhan-telecom,39.6606,0.0,icmp,1591120279,2020-06-02 17:51:19+00:00
14816876,jinan-telecom,wuhan-telecom,39.6838,0.0,icmp,1591120399,2020-06-02 17:53:19+00:00
14817106,jinan-telecom,wuhan-telecom,47.0196,0.0,icmp,1591120500,2020-06-02 17:55:00+00:00
14817315,jinan-telecom,wuhan-telecom,49.3483,0.0,icmp,1591120620,2020-06-02 17:57:00+00:00
14817561,jinan-telecom,wuhan-telecom,46.0408,0.0,icmp,1591120740,2020-06-02 17:59:00+00:00
14817790,jinan-telecom,wuhan-telecom,46.0805,0.0,icmp,1591120860,2020-06-02 18:01:00+00:00
14818003,jinan-telecom,wuhan-telecom,39.741,0.0,icmp,1591120999,2020-06-02 18:03:19+00:00
14818226,jinan-telecom,wuhan-telecom,43.4545,0.0,icmp,1591121100,2020-06-02 18:05:00+00:00
14818461,jinan-telecom,wuhan-telecom,44.7819,0.0,icmp,1591121220,2020-06-02 18:07:00+00:00
14818656,jinan-telecom,wuhan-telecom,46.6276,0.0,icmp,1591121340,2020-06-02 18:09:00+00:00
14818901,jinan-telecom,wuhan-telecom,48.1741,0.0,icmp,1591121460,2020-06-02 18:11:00+00:00
14819097,jinan-telecom,wuhan-telecom,46.7483,0.0,icmp,1591121580,2020-06-02 18:13:00+00:00
14819334,jinan-telecom,wuhan-telecom,49.8703,0.0,icmp,1591121700,2020-06-02 18:15:00+00:00
14819554,jinan-telecom,wuhan-telecom,45.1652,0.0,icmp,1591121820,2020-06-02 18:17:00+00:00
14819773,jinan-telecom,wuhan-telecom,44.0527,0.0,icmp,1591121940,2020-06-02 18:19:00+00:00
14820018,jinan-telecom,wuhan-telecom,44.3163,0.0,icmp,1591122060,2020-06-02 18:21:00+00:00
14820226,jinan-telecom,wuhan-telecom,46.0921,0.0,icmp,1591122180,2020-06-02 18:23:00+00:00
14820455,jinan-telecom,wuhan-telecom,46.8599,0.0,icmp,1591122300,2020-06-02 18:25:00+00:00
14820674,jinan-telecom,wuhan-telecom,47.5904,0.0,icmp,1591122420,2020-06-02 18:27:00+00:00
14820905,jinan-telecom,wuhan-telecom,46.5909,0.0,icmp,1591122540,2020-06-02 18:29:00+00:00
14821117,jinan-telecom,wuhan-telecom,39.8522,0.0,icmp,1591122679,2020-06-02 18:31:19+00:00
14821312,jinan-telecom,wuhan-telecom,51.2243,0.0,icmp,1591122780,2020-06-02 18:33:00+00:00
14821560,jinan-telecom,wuhan-telecom,50.8993,0.0,icmp,1591122900,2020-06-02 18:35:00+00:00
14821805,jinan-telecom,wuhan-telecom,39.7407,0.0,icmp,1591123039,2020-06-02 18:37:19+00:00
14822016,jinan-telecom,wuhan-telecom,49.5819,0.0,icmp,1591123140,2020-06-02 18:39:00+00:00
14822224,jinan-telecom,wuhan-telecom,39.5825,0.0,icmp,1591123279,2020-06-02 18:41:19+00:00
14822448,jinan-telecom,wuhan-telecom,48.5745,0.0,icmp,1591123380,2020-06-02 18:43:00+00:00
14822702,jinan-telecom,wuhan-telecom,48.0989,0.0,icmp,1591123500,2020-06-02 18:45:00+00:00
14822913,jinan-telecom,wuhan-telecom,49.3058,0.0,icmp,1591123620,2020-06-02 18:47:00+00:00
14823119,jinan-telecom,wuhan-telecom,46.3748,0.0,icmp,1591123740,2020-06-02 18:49:00+00:00
14823343,jinan-telecom,wuhan-telecom,49.5224,0.0,icmp,1591123860,2020-06-02 18:51:00+00:00
14823575,jinan-telecom,wuhan-telecom,39.8805,0.0,icmp,1591123999,2020-06-02 18:53:19+00:00
14823809,jinan-telecom,wuhan-telecom,49.292,0.0,icmp,1591124100,2020-06-02 18:55:00+00:00
14824049,jinan-telecom,wuhan-telecom,50.1779,0.0,icmp,1591124220,2020-06-02 18:57:00+00:00
14824278,jinan-telecom,wuhan-telecom,47.3509,0.0,icmp,1591124340,2020-06-02 18:59:00+00:00
14824517,jinan-telecom,wuhan-telecom,48.07,0.0,icmp,1591124460,2020-06-02 19:01:00+00:00
14824716,jinan-telecom,wuhan-telecom,46.3911,0.0,icmp,1591124580,2020-06-02 19:03:00+00:00
14824965,jinan-telecom,wuhan-telecom,50.3642,0.0,icmp,1591124700,2020-06-02 19:05:00+00:00
14825186,jinan-telecom,wuhan-telecom,49.2342,0.0,icmp,1591124820,2020-06-02 19:07:00+00:00
14825413,jinan-telecom,wuhan-telecom,39.6665,0.0,icmp,1591124959,2020-06-02 19:09:19+00:00
14825638,jinan-telecom,wuhan-telecom,44.6161,0.0,icmp,1591125060,2020-06-02 19:11:00+00:00
14825873,jinan-telecom,wuhan-telecom,48.7235,0.0,icmp,1591125180,2020-06-02 19:13:00+00:00
14826111,jinan-telecom,wuhan-telecom,49.1147,0.0,icmp,1591125300,2020-06-02 19:15:00+00:00
14826330,jinan-telecom,wuhan-telecom,39.7871,0.0,icmp,1591125439,2020-06-02 19:17:19+00:00
14826551,jinan-telecom,wuhan-telecom,48.7371,0.0,icmp,1591125540,2020-06-02 19:19:00+00:00
14826783,jinan-telecom,wuhan-telecom,48.3653,0.0,icmp,1591125660,2020-06-02 19:21:00+00:00
14827024,jinan-telecom,wuhan-telecom,39.9129,0.0,icmp,1591125799,2020-06-02 19:23:19+00:00
14827256,jinan-telecom,wuhan-telecom,52.3202,0.0,icmp,1591125900,2020-06-02 19:25:00+00:00
14827472,jinan-telecom,wuhan-telecom,48.3964,0.0,icmp,1591126020,2020-06-02 19:27:00+00:00
14827700,jinan-telecom,wuhan-telecom,50.3101,0.0,icmp,1591126140,2020-06-02 19:29:00+00:00
14827930,jinan-telecom,wuhan-telecom,47.0186,0.0,icmp,1591126260,2020-06-02 19:31:00+00:00
14828154,jinan-telecom,wuhan-telecom,49.5718,0.0,icmp,1591126380,2020-06-02 19:33:00+00:00
21405342,jinan-telecom,wuhan-telecom,52.4246,0.0,icmp,1591126440,2020-06-02 19:34:00+00:00
21405559,jinan-telecom,wuhan-telecom,48.8496,0.0,icmp,1591126560,2020-06-02 19:36:00+00:00
21405797,jinan-telecom,wuhan-telecom,51.92,0.0,icmp,1591126680,2020-06-02 19:38:00+00:00
21406035,jinan-telecom,wuhan-telecom,49.8194,0.0,icmp,1591126800,2020-06-02 19:40:00+00:00
21406265,jinan-telecom,wuhan-telecom,48.4228,0.0,icmp,1591126920,2020-06-02 19:42:00+00:00
21406492,jinan-telecom,wuhan-telecom,48.6323,0.0,icmp,1591127040,2020-06-02 19:44:00+00:00
21406727,jinan-telecom,wuhan-telecom,44.7169,0.0,icmp,1591127160,2020-06-02 19:46:00+00:00
21406926,jinan-telecom,wuhan-telecom,39.9447,0.0,icmp,1591127239,2020-06-02 19:47:19+00:00
21407185,jinan-telecom,wuhan-telecom,49.1596,0.0,icmp,1591127400,2020-06-02 19:50:00+00:00
21407413,jinan-telecom,wuhan-telecom,50.9705,0.0,icmp,1591127520,2020-06-02 19:52:00+00:00
21407644,jinan-telecom,wuhan-telecom,53.2148,0.0,icmp,1591127640,2020-06-02 19:54:00+00:00
21407872,jinan-telecom,wuhan-telecom,46.3173,0.0,icmp,1591127760,2020-06-02 19:56:00+00:00
21408070,jinan-telecom,wuhan-telecom,51.4662,0.0,icmp,1591127880,2020-06-02 19:58:00+00:00
21408312,jinan-telecom,wuhan-telecom,50.4181,2.0,icmp,1591128000,2020-06-02 20:00:00+00:00
21408531,jinan-telecom,wuhan-telecom,53.0986,0.0,icmp,1591128120,2020-06-02 20:02:00+00:00
21408763,jinan-telecom,wuhan-telecom,49.502,0.0,icmp,1591128240,2020-06-02 20:04:00+00:00
21409004,jinan-telecom,wuhan-telecom,47.8989,0.0,icmp,1591128360,2020-06-02 20:06:00+00:00
21409248,jinan-telecom,wuhan-telecom,47.5961,0.0,icmp,1591128480,2020-06-02 20:08:00+00:00
21409465,jinan-telecom,wuhan-telecom,52.1183,0.0,icmp,1591128600,2020-06-02 20:10:00+00:00
21409698,jinan-telecom,wuhan-telecom,51.2471,0.0,icmp,1591128720,2020-06-02 20:12:00+00:00
21409934,jinan-telecom,wuhan-telecom,47.0488,0.0,icmp,1591128840,2020-06-02 20:14:00+00:00
21410159,jinan-telecom,wuhan-telecom,49.3396,0.0,icmp,1591128960,2020-06-02 20:16:00+00:00
21410385,jinan-telecom,wuhan-telecom,45.3065,0.0,icmp,1591129080,2020-06-02 20:18:00+00:00
21410604,jinan-telecom,wuhan-telecom,49.4839,0.0,icmp,1591129200,2020-06-02 20:20:00+00:00
21410842,jinan-telecom,wuhan-telecom,51.7051,0.0,icmp,1591129320,2020-06-02 20:22:00+00:00
21411078,jinan-telecom,wuhan-telecom,40.2327,0.0,icmp,1591129399,2020-06-02 20:23:19+00:00
21411304,jinan-telecom,wuhan-telecom,44.2462,0.0,icmp,1591129560,2020-06-02 20:26:00+00:00
21411530,jinan-telecom,wuhan-telecom,48.8406,0.0,icmp,1591129680,2020-06-02 20:28:00+00:00
21411767,jinan-telecom,wuhan-telecom,39.6603,0.0,icmp,1591129759,2020-06-02 20:29:19+00:00
21411994,jinan-telecom,wuhan-telecom,54.033,0.0,icmp,1591129920,2020-06-02 20:32:00+00:00
21412234,jinan-telecom,wuhan-telecom,45.5995,0.0,icmp,1591130040,2020-06-02 20:34:00+00:00
21412436,jinan-telecom,wuhan-telecom,40.0869,0.0,icmp,1591130119,2020-06-02 20:35:19+00:00
21412671,jinan-telecom,wuhan-telecom,39.6402,0.0,icmp,1591130239,2020-06-02 20:37:19+00:00
21412923,jinan-telecom,wuhan-telecom,47.9982,0.0,icmp,1591130400,2020-06-02 20:40:00+00:00
21413110,jinan-telecom,wuhan-telecom,47.3033,0.0,icmp,1591130520,2020-06-02 20:42:00+00:00
21413361,jinan-telecom,wuhan-telecom,47.6315,0.0,icmp,1591130640,2020-06-02 20:44:00+00:00
21413590,jinan-telecom,wuhan-telecom,39.6496,0.0,icmp,1591130719,2020-06-02 20:45:19+00:00
21413799,jinan-telecom,wuhan-telecom,49.5874,0.0,icmp,1591130880,2020-06-02 20:48:00+00:00
21414049,jinan-telecom,wuhan-telecom,50.1192,0.0,icmp,1591131000,2020-06-02 20:50:00+00:00
21414277,jinan-telecom,wuhan-telecom,50.2068,0.0,icmp,1591131120,2020-06-02 20:52:00+00:00
21414497,jinan-telecom,wuhan-telecom,50.5044,0.0,icmp,1591131240,2020-06-02 20:54:00+00:00
21414717,jinan-telecom,wuhan-telecom,49.0449,0.0,icmp,1591131360,2020-06-02 20:56:00+00:00
21414971,jinan-telecom,wuhan-telecom,49.6828,0.0,icmp,1591131480,2020-06-02 20:58:00+00:00
21415174,jinan-telecom,wuhan-telecom,47.5546,0.0,icmp,1591131600,2020-06-02 21:00:00+00:00
21415432,jinan-telecom,wuhan-telecom,49.1936,0.0,icmp,1591131720,2020-06-02 21:02:00+00:00
21415636,jinan-telecom,wuhan-telecom,49.958,0.0,icmp,1591131840,2020-06-02 21:04:00+00:00
21415870,jinan-telecom,wuhan-telecom,39.6836,0.0,icmp,1591131919,2020-06-02 21:05:19+00:00
21416109,jinan-telecom,wuhan-telecom,39.7219,0.0,icmp,1591132039,2020-06-02 21:07:19+00:00
21416322,jinan-telecom,wuhan-telecom,48.4364,0.0,icmp,1591132200,2020-06-02 21:10:00+00:00
21416548,jinan-telecom,wuhan-telecom,39.6226,0.0,icmp,1591132279,2020-06-02 21:11:19+00:00
21416785,jinan-telecom,wuhan-telecom,51.6549,0.0,icmp,1591132440,2020-06-02 21:14:00+00:00
21417013,jinan-telecom,wuhan-telecom,39.6171,0.0,icmp,1591132519,2020-06-02 21:15:19+00:00
21417255,jinan-telecom,wuhan-telecom,50.6799,0.0,icmp,1591132680,2020-06-02 21:18:00+00:00
21417477,jinan-telecom,wuhan-telecom,50.8118,0.0,icmp,1591132800,2020-06-02 21:20:00+00:00
21417694,jinan-telecom,wuhan-telecom,51.6759,0.0,icmp,1591132920,2020-06-02 21:22:00+00:00
21417937,jinan-telecom,wuhan-telecom,39.6884,0.0,icmp,1591132999,2020-06-02 21:23:19+00:00
21418152,jinan-telecom,wuhan-telecom,48.6761,0.0,icmp,1591133160,2020-06-02 21:26:00+00:00
21418379,jinan-telecom,wuhan-telecom,39.6706,0.0,icmp,1591133239,2020-06-02 21:27:19+00:00
21418638,jinan-telecom,wuhan-telecom,40.0436,0.0,icmp,1591133359,2020-06-02 21:29:19+00:00
21418845,jinan-telecom,wuhan-telecom,47.7637,0.0,icmp,1591133520,2020-06-02 21:32:00+00:00
21419078,jinan-telecom,wuhan-telecom,49.8554,0.0,icmp,1591133640,2020-06-02 21:34:00+00:00
21419291,jinan-telecom,wuhan-telecom,49.3013,0.0,icmp,1591133760,2020-06-02 21:36:00+00:00
21419532,jinan-telecom,wuhan-telecom,47.6744,0.0,icmp,1591133880,2020-06-02 21:38:00+00:00
21419754,jinan-telecom,wuhan-telecom,44.7795,0.0,icmp,1591134000,2020-06-02 21:40:00+00:00
21420009,jinan-telecom,wuhan-telecom,46.8234,0.0,icmp,1591134120,2020-06-02 21:42:00+00:00
21420241,jinan-telecom,wuhan-telecom,40.001,0.0,icmp,1591134199,2020-06-02 21:43:19+00:00
21420462,jinan-telecom,wuhan-telecom,50.1166,0.0,icmp,1591134360,2020-06-02 21:46:00+00:00
21420686,jinan-telecom,wuhan-telecom,39.604,0.0,icmp,1591134439,2020-06-02 21:47:19+00:00
21420924,jinan-telecom,wuhan-telecom,39.6913,0.0,icmp,1591134559,2020-06-02 21:49:19+00:00
21421157,jinan-telecom,wuhan-telecom,39.9241,0.0,icmp,1591134679,2020-06-02 21:51:19+00:00
21421384,jinan-telecom,wuhan-telecom,49.3192,0.0,icmp,1591134840,2020-06-02 21:54:00+00:00
21421594,jinan-telecom,wuhan-telecom,48.2625,0.0,icmp,1591134960,2020-06-02 21:56:00+00:00
21421840,jinan-telecom,wuhan-telecom,46.2313,0.0,icmp,1591135080,2020-06-02 21:58:00+00:00
21422075,jinan-telecom,wuhan-telecom,39.6259,0.0,icmp,1591135159,2020-06-02 21:59:19+00:00
21422259,jinan-telecom,wuhan-telecom,39.773,0.0,icmp,1591135279,2020-06-02 22:01:19+00:00
21422509,jinan-telecom,wuhan-telecom,40.5629,0.0,icmp,1591135399,2020-06-02 22:03:19+00:00
21422729,jinan-telecom,wuhan-telecom,46.2331,0.0,icmp,1591135560,2020-06-02 22:06:00+00:00
21422988,jinan-telecom,wuhan-telecom,48.5877,0.0,icmp,1591135680,2020-06-02 22:08:00+00:00
21423207,jinan-telecom,wuhan-telecom,51.2069,0.0,icmp,1591135800,2020-06-02 22:10:00+00:00
21423444,jinan-telecom,wuhan-telecom,46.9177,0.0,icmp,1591135920,2020-06-02 22:12:00+00:00
21423674,jinan-telecom,wuhan-telecom,49.3902,0.0,icmp,1591136040,2020-06-02 22:14:00+00:00
21423905,jinan-telecom,wuhan-telecom,49.3138,0.0,icmp,1591136160,2020-06-02 22:16:00+00:00
21424123,jinan-telecom,wuhan-telecom,39.6218,0.0,icmp,1591136239,2020-06-02 22:17:19+00:00
21424342,jinan-telecom,wuhan-telecom,39.6083,0.0,icmp,1591136359,2020-06-02 22:19:19+00:00
21424587,jinan-telecom,wuhan-telecom,44.623,0.0,icmp,1591136520,2020-06-02 22:22:00+00:00
21424800,jinan-telecom,wuhan-telecom,48.8084,0.0,icmp,1591136640,2020-06-02 22:24:00+00:00
21425054,jinan-telecom,wuhan-telecom,39.9383,0.0,icmp,1591136719,2020-06-02 22:25:19+00:00
21425283,jinan-telecom,wuhan-telecom,47.8898,0.0,icmp,1591136880,2020-06-02 22:28:00+00:00
21425490,jinan-telecom,wuhan-telecom,52.9795,0.0,icmp,1591137000,2020-06-02 22:30:00+00:00
21425734,jinan-telecom,wuhan-telecom,48.3413,0.0,icmp,1591137120,2020-06-02 22:32:00+00:00
21425934,jinan-telecom,wuhan-telecom,51.5776,0.0,icmp,1591137240,2020-06-02 22:34:00+00:00
21426188,jinan-telecom,wuhan-telecom,39.827,0.0,icmp,1591137319,2020-06-02 22:35:19+00:00
21426418,jinan-telecom,wuhan-telecom,39.7619,0.0,icmp,1591137439,2020-06-02 22:37:19+00:00
21426623,jinan-telecom,wuhan-telecom,48.5619,0.0,icmp,1591137600,2020-06-02 22:40:00+00:00
21426883,jinan-telecom,wuhan-telecom,49.6276,0.0,icmp,1591137720,2020-06-02 22:42:00+00:00
21427093,jinan-telecom,wuhan-telecom,48.3988,0.0,icmp,1591137840,2020-06-02 22:44:00+00:00
21427306,jinan-telecom,wuhan-telecom,40.2748,0.0,icmp,1591137919,2020-06-02 22:45:19+00:00
21427546,jinan-telecom,wuhan-telecom,48.5163,0.0,icmp,1591138080,2020-06-02 22:48:00+00:00
21427801,jinan-telecom,wuhan-telecom,47.5426,0.0,icmp,1591138200,2020-06-02 22:50:00+00:00
21428004,jinan-telecom,wuhan-telecom,42.0137,0.0,icmp,1591138320,2020-06-02 22:52:00+00:00
21428243,jinan-telecom,wuhan-telecom,50.5816,0.0,icmp,1591138440,2020-06-02 22:54:00+00:00
21428478,jinan-telecom,wuhan-telecom,48.1932,0.0,icmp,1591138560,2020-06-02 22:56:00+00:00
21428700,jinan-telecom,wuhan-telecom,39.6168,0.0,icmp,1591138639,2020-06-02 22:57:19+00:00
21428905,jinan-telecom,wuhan-telecom,52.6246,0.0,icmp,1591138800,2020-06-02 23:00:00+00:00
21429156,jinan-telecom,wuhan-telecom,46.8932,0.0,icmp,1591138920,2020-06-02 23:02:00+00:00
21429369,jinan-telecom,wuhan-telecom,39.753,0.0,icmp,1591138999,2020-06-02 23:03:19+00:00
21429606,jinan-telecom,wuhan-telecom,49.7328,0.0,icmp,1591139160,2020-06-02 23:06:00+00:00
21429856,jinan-telecom,wuhan-telecom,46.9992,0.0,icmp,1591139280,2020-06-02 23:08:00+00:00
21430079,jinan-telecom,wuhan-telecom,49.318,0.0,icmp,1591139400,2020-06-02 23:10:00+00:00
21430283,jinan-telecom,wuhan-telecom,47.6477,0.0,icmp,1591139520,2020-06-02 23:12:00+00:00
21430547,jinan-telecom,wuhan-telecom,42.2541,0.0,icmp,1591139640,2020-06-02 23:14:00+00:00
21430765,jinan-telecom,wuhan-telecom,50.4472,0.0,icmp,1591139760,2020-06-02 23:16:00+00:00
21430974,jinan-telecom,wuhan-telecom,50.1171,0.0,icmp,1591139880,2020-06-02 23:18:00+00:00
21431219,jinan-telecom,wuhan-telecom,47.1818,0.0,icmp,1591140000,2020-06-02 23:20:00+00:00
21431441,jinan-telecom,wuhan-telecom,39.8409,0.0,icmp,1591140079,2020-06-02 23:21:19+00:00
21431675,jinan-telecom,wuhan-telecom,47.2617,0.0,icmp,1591140240,2020-06-02 23:24:00+00:00
21431905,jinan-telecom,wuhan-telecom,43.5039,0.0,icmp,1591140360,2020-06-02 23:26:00+00:00
21432123,jinan-telecom,wuhan-telecom,40.7506,0.0,icmp,1591140480,2020-06-02 23:28:00+00:00
21432367,jinan-telecom,wuhan-telecom,48.1288,0.0,icmp,1591140600,2020-06-02 23:30:00+00:00
21432582,jinan-telecom,wuhan-telecom,50.1229,0.0,icmp,1591140720,2020-06-02 23:32:00+00:00
21432816,jinan-telecom,wuhan-telecom,40.0704,0.0,icmp,1591140799,2020-06-02 23:33:19+00:00
21433043,jinan-telecom,wuhan-telecom,46.7228,0.0,icmp,1591140960,2020-06-02 23:36:00+00:00
21433259,jinan-telecom,wuhan-telecom,47.4945,0.0,icmp,1591141080,2020-06-02 23:38:00+00:00
21433501,jinan-telecom,wuhan-telecom,48.8354,0.0,icmp,1591141200,2020-06-02 23:40:00+00:00
21433722,jinan-telecom,wuhan-telecom,49.5653,0.0,icmp,1591141320,2020-06-02 23:42:00+00:00
21433972,jinan-telecom,wuhan-telecom,45.0693,0.0,icmp,1591141440,2020-06-02 23:44:00+00:00
21434198,jinan-telecom,wuhan-telecom,39.714,0.0,icmp,1591141519,2020-06-02 23:45:19+00:00
21434444,jinan-telecom,wuhan-telecom,47.8348,0.0,icmp,1591141680,2020-06-02 23:48:00+00:00
21434635,jinan-telecom,wuhan-telecom,39.8782,0.0,icmp,1591141759,2020-06-02 23:49:19+00:00
21434869,jinan-telecom,wuhan-telecom,50.0497,0.0,icmp,1591141920,2020-06-02 23:52:00+00:00
21435117,jinan-telecom,wuhan-telecom,48.2955,0.0,icmp,1591142040,2020-06-02 23:54:00+00:00
21435342,jinan-telecom,wuhan-telecom,51.1032,0.0,icmp,1591142160,2020-06-02 23:56:00+00:00
21435564,jinan-telecom,wuhan-telecom,39.9201,0.0,icmp,1591142239,2020-06-02 23:57:19+00:00
21435807,jinan-telecom,wuhan-telecom,51.5881,0.0,icmp,1591142400,2020-06-03 00:00:00+00:00
21436035,jinan-telecom,wuhan-telecom,51.285,0.0,icmp,1591142520,2020-06-03 00:02:00+00:00
21436234,jinan-telecom,wuhan-telecom,44.2178,0.0,icmp,1591142640,2020-06-03 00:04:00+00:00
21436472,jinan-telecom,wuhan-telecom,52.2732,0.0,icmp,1591142760,2020-06-03 00:06:00+00:00
21436711,jinan-telecom,wuhan-telecom,50.6141,0.0,icmp,1591142880,2020-06-03 00:08:00+00:00
21436971,jinan-telecom,wuhan-telecom,47.4815,0.0,icmp,1591143000,2020-06-03 00:10:00+00:00
21437183,jinan-telecom,wuhan-telecom,44.8568,0.0,icmp,1591143120,2020-06-03 00:12:00+00:00
21437389,jinan-telecom,wuhan-telecom,51.3418,0.0,icmp,1591143240,2020-06-03 00:14:00+00:00
21437635,jinan-telecom,wuhan-telecom,47.3235,0.0,icmp,1591143360,2020-06-03 00:16:00+00:00
21437856,jinan-telecom,wuhan-telecom,45.1198,0.0,icmp,1591143480,2020-06-03 00:18:00+00:00
21438083,jinan-telecom,wuhan-telecom,39.7226,0.0,icmp,1591143559,2020-06-03 00:19:19+00:00
21438312,jinan-telecom,wuhan-telecom,49.5688,0.0,icmp,1591143720,2020-06-03 00:22:00+00:00
21438544,jinan-telecom,wuhan-telecom,49.6748,0.0,icmp,1591143840,2020-06-03 00:24:00+00:00
21438766,jinan-telecom,wuhan-telecom,48.7801,0.0,icmp,1591143960,2020-06-03 00:26:00+00:00
21439001,jinan-telecom,wuhan-telecom,43.1255,0.0,icmp,1591144080,2020-06-03 00:28:00+00:00
21439222,jinan-telecom,wuhan-telecom,39.618,0.0,icmp,1591144159,2020-06-03 00:29:19+00:00
21439438,jinan-telecom,wuhan-telecom,50.9726,0.0,icmp,1591144320,2020-06-03 00:32:00+00:00
21439685,jinan-telecom,wuhan-telecom,39.6993,0.0,icmp,1591144399,2020-06-03 00:33:19+00:00
21439915,jinan-telecom,wuhan-telecom,50.9054,0.0,icmp,1591144560,2020-06-03 00:36:00+00:00
21440142,jinan-telecom,wuhan-telecom,40.0544,0.0,icmp,1591144639,2020-06-03 00:37:19+00:00
21440384,jinan-telecom,wuhan-telecom,45.9161,0.0,icmp,1591144800,2020-06-03 00:40:00+00:00
21440619,jinan-telecom,wuhan-telecom,48.2786,0.0,icmp,1591144920,2020-06-03 00:42:00+00:00
21440831,jinan-telecom,wuhan-telecom,47.6314,0.0,icmp,1591145040,2020-06-03 00:44:00+00:00
21441070,jinan-telecom,wuhan-telecom,45.7741,0.0,icmp,1591145160,2020-06-03 00:46:00+00:00
21441310,jinan-telecom,wuhan-telecom,39.6589,0.0,icmp,1591145239,2020-06-03 00:47:19+00:00
21441537,jinan-telecom,wuhan-telecom,49.5015,0.0,icmp,1591145400,2020-06-03 00:50:00+00:00
21441737,jinan-telecom,wuhan-telecom,51.2764,0.0,icmp,1591145520,2020-06-03 00:52:00+00:00
21441985,jinan-telecom,wuhan-telecom,40.469,0.0,icmp,1591145640,2020-06-03 00:54:00+00:00
21442231,jinan-telecom,wuhan-telecom,48.1056,0.0,icmp,1591145760,2020-06-03 00:56:00+00:00
21442445,jinan-telecom,wuhan-telecom,48.2264,0.0,icmp,1591145880,2020-06-03 00:58:00+00:00
21442668,jinan-telecom,wuhan-telecom,48.97,0.0,icmp,1591146000,2020-06-03 01:00:00+00:00
21442886,jinan-telecom,wuhan-telecom,48.9731,0.0,icmp,1591146120,2020-06-03 01:02:00+00:00
21443134,jinan-telecom,wuhan-telecom,47.6643,0.0,icmp,1591146240,2020-06-03 01:04:00+00:00
21443334,jinan-telecom,wuhan-telecom,39.6388,0.0,icmp,1591146319,2020-06-03 01:05:19+00:00
21443578,jinan-telecom,wuhan-telecom,46.8586,0.0,icmp,1591146480,2020-06-03 01:08:00+00:00
21443805,jinan-telecom,wuhan-telecom,50.8575,0.0,icmp,1591146600,2020-06-03 01:10:00+00:00
21444042,jinan-telecom,wuhan-telecom,49.7193,0.0,icmp,1591146720,2020-06-03 01:12:00+00:00
21444258,jinan-telecom,wuhan-telecom,50.2248,0.0,icmp,1591146840,2020-06-03 01:14:00+00:00
21444497,jinan-telecom,wuhan-telecom,39.6244,0.0,icmp,1591146919,2020-06-03 01:15:19+00:00
21444733,jinan-telecom,wuhan-telecom,39.6975,0.0,icmp,1591147039,2020-06-03 01:17:19+00:00
21444957,jinan-telecom,wuhan-telecom,49.7227,0.0,icmp,1591147200,2020-06-03 01:20:00+00:00
21445175,jinan-telecom,wuhan-telecom,47.5102,0.0,icmp,1591147320,2020-06-03 01:22:00+00:00
21445412,jinan-telecom,wuhan-telecom,49.4928,0.0,icmp,1591147440,2020-06-03 01:24:00+00:00
21445657,jinan-telecom,wuhan-telecom,49.5615,0.0,icmp,1591147560,2020-06-03 01:26:00+00:00
21445865,jinan-telecom,wuhan-telecom,49.8567,0.0,icmp,1591147680,2020-06-03 01:28:00+00:00
21446109,jinan-telecom,wuhan-telecom,39.8898,0.0,icmp,1591147800,2020-06-03 01:30:00+00:00
21446343,jinan-telecom,wuhan-telecom,47.7637,0.0,icmp,1591147920,2020-06-03 01:32:00+00:00
21446574,jinan-telecom,wuhan-telecom,48.9183,0.0,icmp,1591148040,2020-06-03 01:34:00+00:00
21446804,jinan-telecom,wuhan-telecom,47.3549,0.0,icmp,1591148160,2020-06-03 01:36:00+00:00
21447027,jinan-telecom,wuhan-telecom,39.9268,0.0,icmp,1591148239,2020-06-03 01:37:19+00:00
21447236,jinan-telecom,wuhan-telecom,47.1703,0.0,icmp,1591148400,2020-06-03 01:40:00+00:00
21447485,jinan-telecom,wuhan-telecom,45.1497,0.0,icmp,1591148520,2020-06-03 01:42:00+00:00
21447699,jinan-telecom,wuhan-telecom,39.9486,0.0,icmp,1591148640,2020-06-03 01:44:00+00:00
21447929,jinan-telecom,wuhan-telecom,52.2245,0.0,icmp,1591148760,2020-06-03 01:46:00+00:00
21448167,jinan-telecom,wuhan-telecom,39.7922,0.0,icmp,1591148839,2020-06-03 01:47:19+00:00
21448404,jinan-telecom,wuhan-telecom,51.6491,0.0,icmp,1591149000,2020-06-03 01:50:00+00:00
21448618,jinan-telecom,wuhan-telecom,49.9471,0.0,icmp,1591149120,2020-06-03 01:52:00+00:00
21448843,jinan-telecom,wuhan-telecom,39.9093,0.0,icmp,1591149199,2020-06-03 01:53:19+00:00
21449075,jinan-telecom,wuhan-telecom,40.0133,0.0,icmp,1591149319,2020-06-03 01:55:19+00:00
21449313,jinan-telecom,wuhan-telecom,49.6174,0.0,icmp,1591149480,2020-06-03 01:58:00+00:00
21449544,jinan-telecom,wuhan-telecom,48.7583,0.0,icmp,1591149600,2020-06-03 02:00:00+00:00
21449754,jinan-telecom,wuhan-telecom,54.8691,0.0,icmp,1591149720,2020-06-03 02:02:00+00:00
21450002,jinan-telecom,wuhan-telecom,50.8914,0.0,icmp,1591149840,2020-06-03 02:04:00+00:00
21450211,jinan-telecom,wuhan-telecom,47.4489,0.0,icmp,1591149960,2020-06-03 02:06:00+00:00
21450450,jinan-telecom,wuhan-telecom,48.1848,0.0,icmp,1591150080,2020-06-03 02:08:00+00:00
21450691,jinan-telecom,wuhan-telecom,50.646,0.0,icmp,1591150200,2020-06-03 02:10:00+00:00
21450899,jinan-telecom,wuhan-telecom,51.0262,0.0,icmp,1591150320,2020-06-03 02:12:00+00:00
21451140,jinan-telecom,wuhan-telecom,39.7941,0.0,icmp,1591150399,2020-06-03 02:13:19+00:00
21451356,jinan-telecom,wuhan-telecom,45.5016,0.0,icmp,1591150560,2020-06-03 02:16:00+00:00
21451579,jinan-telecom,wuhan-telecom,39.6412,0.0,icmp,1591150639,2020-06-03 02:17:19+00:00
21451838,jinan-telecom,wuhan-telecom,41.715,0.0,icmp,1591150800,2020-06-03 02:20:00+00:00
21452046,jinan-telecom,wuhan-telecom,46.4594,0.0,icmp,1591150920,2020-06-03 02:22:00+00:00
21452299,jinan-telecom,wuhan-telecom,50.8373,0.0,icmp,1591151040,2020-06-03 02:24:00+00:00
21452519,jinan-telecom,wuhan-telecom,46.7477,0.0,icmp,1591151160,2020-06-03 02:26:00+00:00
21452746,jinan-telecom,wuhan-telecom,47.7381,0.0,icmp,1591151280,2020-06-03 02:28:00+00:00
21452965,jinan-telecom,wuhan-telecom,39.8416,0.0,icmp,1591151359,2020-06-03 02:29:19+00:00
21453197,jinan-telecom,wuhan-telecom,48.3323,0.0,icmp,1591151520,2020-06-03 02:32:00+00:00
21453433,jinan-telecom,wuhan-telecom,50.2244,0.0,icmp,1591151640,2020-06-03 02:34:00+00:00
21453673,jinan-telecom,wuhan-telecom,50.8115,0.0,icmp,1591151760,2020-06-03 02:36:00+00:00
21453875,jinan-telecom,wuhan-telecom,51.4781,0.0,icmp,1591151880,2020-06-03 02:38:00+00:00
21454111,jinan-telecom,wuhan-telecom,52.4581,0.0,icmp,1591152000,2020-06-03 02:40:00+00:00
21454345,jinan-telecom,wuhan-telecom,39.6806,0.0,icmp,1591152079,2020-06-03 02:41:19+00:00
21454586,jinan-telecom,wuhan-telecom,48.1429,0.0,icmp,1591152240,2020-06-03 02:44:00+00:00
21454804,jinan-telecom,wuhan-telecom,49.3229,0.0,icmp,1591152360,2020-06-03 02:46:00+00:00
21455036,jinan-telecom,wuhan-telecom,39.7176,0.0,icmp,1591152439,2020-06-03 02:47:19+00:00
21455280,jinan-telecom,wuhan-telecom,40.01,0.0,icmp,1591152559,2020-06-03 02:49:19+00:00
21455492,jinan-telecom,wuhan-telecom,51.1349,0.0,icmp,1591152720,2020-06-03 02:52:00+00:00
21455719,jinan-telecom,wuhan-telecom,39.8697,0.0,icmp,1591152799,2020-06-03 02:53:19+00:00
21455960,jinan-telecom,wuhan-telecom,49.2325,0.0,icmp,1591152960,2020-06-03 02:56:00+00:00
21456176,jinan-telecom,wuhan-telecom,47.2369,0.0,icmp,1591153080,2020-06-03 02:58:00+00:00
21456397,jinan-telecom,wuhan-telecom,51.47,0.0,icmp,1591153200,2020-06-03 03:00:00+00:00
21456637,jinan-telecom,wuhan-telecom,39.6336,0.0,icmp,1591153279,2020-06-03 03:01:19+00:00
21456848,jinan-telecom,wuhan-telecom,51.3975,0.0,icmp,1591153440,2020-06-03 03:04:00+00:00
21457086,jinan-telecom,wuhan-telecom,40.0493,0.0,icmp,1591153519,2020-06-03 03:05:19+00:00
21457327,jinan-telecom,wuhan-telecom,47.4119,0.0,icmp,1591153680,2020-06-03 03:08:00+00:00
21457547,jinan-telecom,wuhan-telecom,39.7798,0.0,icmp,1591153759,2020-06-03 03:09:19+00:00
21457781,jinan-telecom,wuhan-telecom,46.6671,0.0,icmp,1591153920,2020-06-03 03:12:00+00:00
21457995,jinan-telecom,wuhan-telecom,47.4318,0.0,icmp,1591154040,2020-06-03 03:14:00+00:00
21458245,jinan-telecom,wuhan-telecom,41.3258,0.0,icmp,1591154160,2020-06-03 03:16:00+00:00
21458480,jinan-telecom,wuhan-telecom,51.149,0.0,icmp,1591154280,2020-06-03 03:18:00+00:00
21458704,jinan-telecom,wuhan-telecom,41.8021,0.0,icmp,1591154400,2020-06-03 03:20:00+00:00
21458917,jinan-telecom,wuhan-telecom,51.7911,0.0,icmp,1591154520,2020-06-03 03:22:00+00:00
21459161,jinan-telecom,wuhan-telecom,49.5513,0.0,icmp,1591154640,2020-06-03 03:24:00+00:00
21459380,jinan-telecom,wuhan-telecom,46.9232,0.0,icmp,1591154760,2020-06-03 03:26:00+00:00
21459608,jinan-telecom,wuhan-telecom,51.2668,0.0,icmp,1591154880,2020-06-03 03:28:00+00:00
21459842,jinan-telecom,wuhan-telecom,50.2277,0.0,icmp,1591155000,2020-06-03 03:30:00+00:00
21460058,jinan-telecom,wuhan-telecom,39.7851,0.0,icmp,1591155079,2020-06-03 03:31:19+00:00
21460300,jinan-telecom,wuhan-telecom,47.5877,0.0,icmp,1591155240,2020-06-03 03:34:00+00:00
21460544,jinan-telecom,wuhan-telecom,45.9592,0.0,icmp,1591155360,2020-06-03 03:36:00+00:00
21460764,jinan-telecom,wuhan-telecom,39.7863,0.0,icmp,1591155439,2020-06-03 03:37:19+00:00
21460995,jinan-telecom,wuhan-telecom,48.9474,0.0,icmp,1591155600,2020-06-03 03:40:00+00:00
21461227,jinan-telecom,wuhan-telecom,50.7009,0.0,icmp,1591155720,2020-06-03 03:42:00+00:00
21461433,jinan-telecom,wuhan-telecom,48.2664,0.0,icmp,1591155840,2020-06-03 03:44:00+00:00
21461685,jinan-telecom,wuhan-telecom,50.3744,0.0,icmp,1591155960,2020-06-03 03:46:00+00:00
21461916,jinan-telecom,wuhan-telecom,39.7528,0.0,icmp,1591156039,2020-06-03 03:47:19+00:00
21462111,jinan-telecom,wuhan-telecom,49.8361,0.0,icmp,1591156200,2020-06-03 03:50:00+00:00
21462351,jinan-telecom,wuhan-telecom,48.0405,0.0,icmp,1591156320,2020-06-03 03:52:00+00:00
21462591,jinan-telecom,wuhan-telecom,39.8453,0.0,icmp,1591156399,2020-06-03 03:53:19+00:00
21462813,jinan-telecom,wuhan-telecom,48.6215,0.0,icmp,1591156560,2020-06-03 03:56:00+00:00
21463038,jinan-telecom,wuhan-telecom,48.9895,0.0,icmp,1591156680,2020-06-03 03:58:00+00:00
21463284,jinan-telecom,wuhan-telecom,49.6544,0.0,icmp,1591156800,2020-06-03 04:00:00+00:00
21463516,jinan-telecom,wuhan-telecom,51.5506,0.0,icmp,1591156920,2020-06-03 04:02:00+00:00
21463736,jinan-telecom,wuhan-telecom,53.0099,0.0,icmp,1591157040,2020-06-03 04:04:00+00:00
21463966,jinan-telecom,wuhan-telecom,39.9839,0.0,icmp,1591157119,2020-06-03 04:05:19+00:00
21464196,jinan-telecom,wuhan-telecom,50.4952,0.0,icmp,1591157280,2020-06-03 04:08:00+00:00
21464411,jinan-telecom,wuhan-telecom,48.5665,0.0,icmp,1591157400,2020-06-03 04:10:00+00:00
21464663,jinan-telecom,wuhan-telecom,48.8708,0.0,icmp,1591157520,2020-06-03 04:12:00+00:00
21464877,jinan-telecom,wuhan-telecom,50.2374,0.0,icmp,1591157640,2020-06-03 04:14:00+00:00
21465120,jinan-telecom,wuhan-telecom,48.9096,0.0,icmp,1591157760,2020-06-03 04:16:00+00:00
21465360,jinan-telecom,wuhan-telecom,39.7755,0.0,icmp,1591157839,2020-06-03 04:17:19+00:00
21465561,jinan-telecom,wuhan-telecom,45.4774,0.0,icmp,1591158000,2020-06-03 04:20:00+00:00
21465787,jinan-telecom,wuhan-telecom,40.048,0.0,icmp,1591158079,2020-06-03 04:21:19+00:00
21466014,jinan-telecom,wuhan-telecom,46.7308,0.0,icmp,1591158240,2020-06-03 04:24:00+00:00
21466270,jinan-telecom,wuhan-telecom,41.4009,0.0,icmp,1591158360,2020-06-03 04:26:00+00:00
21466482,jinan-telecom,wuhan-telecom,47.3167,0.0,icmp,1591158480,2020-06-03 04:28:00+00:00
21466722,jinan-telecom,wuhan-telecom,50.3709,0.0,icmp,1591158600,2020-06-03 04:30:00+00:00
21466939,jinan-telecom,wuhan-telecom,44.846,0.0,icmp,1591158720,2020-06-03 04:32:00+00:00
21467165,jinan-telecom,wuhan-telecom,50.8804,0.0,icmp,1591158840,2020-06-03 04:34:00+00:00
21467403,jinan-telecom,wuhan-telecom,49.8615,0.0,icmp,1591158960,2020-06-03 04:36:00+00:00
21467620,jinan-telecom,wuhan-telecom,48.9044,0.0,icmp,1591159080,2020-06-03 04:38:00+00:00
21467856,jinan-telecom,wuhan-telecom,40.1141,0.0,icmp,1591159200,2020-06-03 04:40:00+00:00
21468087,jinan-telecom,wuhan-telecom,40.2437,0.0,icmp,1591159279,2020-06-03 04:41:19+00:00
21468309,jinan-telecom,wuhan-telecom,49.9416,0.0,icmp,1591159440,2020-06-03 04:44:00+00:00
21468536,jinan-telecom,wuhan-telecom,39.8976,0.0,icmp,1591159519,2020-06-03 04:45:19+00:00
21468782,jinan-telecom,wuhan-telecom,46.5272,0.0,icmp,1591159680,2020-06-03 04:48:00+00:00
21469015,jinan-telecom,wuhan-telecom,50.6698,0.0,icmp,1591159800,2020-06-03 04:50:00+00:00
21469231,jinan-telecom,wuhan-telecom,49.8967,0.0,icmp,1591159920,2020-06-03 04:52:00+00:00
21469438,jinan-telecom,wuhan-telecom,40.1784,0.0,icmp,1591159999,2020-06-03 04:53:19+00:00
21469689,jinan-telecom,wuhan-telecom,41.9334,0.0,icmp,1591160160,2020-06-03 04:56:00+00:00
21469913,jinan-telecom,wuhan-telecom,49.7672,0.0,icmp,1591160280,2020-06-03 04:58:00+00:00
21470148,jinan-telecom,wuhan-telecom,50.6748,0.0,icmp,1591160400,2020-06-03 05:00:00+00:00
21470405,jinan-telecom,wuhan-telecom,48.1237,0.0,icmp,1591160520,2020-06-03 05:02:00+00:00
21470612,jinan-telecom,wuhan-telecom,45.5009,0.0,icmp,1591160640,2020-06-03 05:04:00+00:00
21470840,jinan-telecom,wuhan-telecom,39.974,0.0,icmp,1591160719,2020-06-03 05:05:19+00:00
21471054,jinan-telecom,wuhan-telecom,39.8192,0.0,icmp,1591160839,2020-06-03 05:07:19+00:00
21471295,jinan-telecom,wuhan-telecom,40.2475,0.0,icmp,1591160959,2020-06-03 05:09:19+00:00
21471533,jinan-telecom,wuhan-telecom,47.2166,0.0,icmp,1591161120,2020-06-03 05:12:00+00:00
21471746,jinan-telecom,wuhan-telecom,46.6915,0.0,icmp,1591161240,2020-06-03 05:14:00+00:00
21471974,jinan-telecom,wuhan-telecom,39.7192,0.0,icmp,1591161319,2020-06-03 05:15:19+00:00
21472217,jinan-telecom,wuhan-telecom,47.5567,0.0,icmp,1591161480,2020-06-03 05:18:00+00:00
21472450,jinan-telecom,wuhan-telecom,47.0654,0.0,icmp,1591161600,2020-06-03 05:20:00+00:00
21472662,jinan-telecom,wuhan-telecom,53.1924,0.0,icmp,1591161720,2020-06-03 05:22:00+00:00
21472880,jinan-telecom,wuhan-telecom,40.23,0.0,icmp,1591161840,2020-06-03 05:24:00+00:00
21473129,jinan-telecom,wuhan-telecom,50.7535,0.0,icmp,1591161960,2020-06-03 05:26:00+00:00
21473358,jinan-telecom,wuhan-telecom,47.9225,0.0,icmp,1591162080,2020-06-03 05:28:00+00:00
21473586,jinan-telecom,wuhan-telecom,46.8462,0.0,icmp,1591162200,2020-06-03 05:30:00+00:00
21473815,jinan-telecom,wuhan-telecom,39.7222,0.0,icmp,1591162279,2020-06-03 05:31:19+00:00
21474056,jinan-telecom,wuhan-telecom,40.8616,0.0,icmp,1591162440,2020-06-03 05:34:00+00:00
21474274,jinan-telecom,wuhan-telecom,42.6896,0.0,icmp,1591162560,2020-06-03 05:36:00+00:00
21474501,jinan-telecom,wuhan-telecom,44.7212,0.0,icmp,1591162680,2020-06-03 05:38:00+00:00
21474711,jinan-telecom,wuhan-telecom,45.0638,0.0,icmp,1591162800,2020-06-03 05:40:00+00:00
21474938,jinan-telecom,wuhan-telecom,39.7889,0.0,icmp,1591162879,2020-06-03 05:41:19+00:00
21475205,jinan-telecom,wuhan-telecom,47.3659,0.0,icmp,1591163040,2020-06-03 05:44:00+00:00
21475427,jinan-telecom,wuhan-telecom,39.7808,0.0,icmp,1591163119,2020-06-03 05:45:19+00:00
21475633,jinan-telecom,wuhan-telecom,51.7816,0.0,icmp,1591163280,2020-06-03 05:48:00+00:00
21475874,jinan-telecom,wuhan-telecom,48.019,0.0,icmp,1591163400,2020-06-03 05:50:00+00:00
21476111,jinan-telecom,wuhan-telecom,41.0237,0.0,icmp,1591163520,2020-06-03 05:52:00+00:00
21476330,jinan-telecom,wuhan-telecom,46.6842,0.0,icmp,1591163640,2020-06-03 05:54:00+00:00
21476565,jinan-telecom,wuhan-telecom,49.9108,0.0,icmp,1591163760,2020-06-03 05:56:00+00:00
21476776,jinan-telecom,wuhan-telecom,52.0611,0.0,icmp,1591163880,2020-06-03 05:58:00+00:00
21477044,jinan-telecom,wuhan-telecom,47.6786,0.0,icmp,1591164000,2020-06-03 06:00:00+00:00
21477252,jinan-telecom,wuhan-telecom,52.4004,0.0,icmp,1591164120,2020-06-03 06:02:00+00:00
21477482,jinan-telecom,wuhan-telecom,40.1459,0.0,icmp,1591164199,2020-06-03 06:03:19+00:00
21477713,jinan-telecom,wuhan-telecom,52.4642,0.0,icmp,1591164360,2020-06-03 06:06:00+00:00
21477944,jinan-telecom,wuhan-telecom,41.3414,0.0,icmp,1591164480,2020-06-03 06:08:00+00:00
21478168,jinan-telecom,wuhan-telecom,49.9207,0.0,icmp,1591164600,2020-06-03 06:10:00+00:00
21478397,jinan-telecom,wuhan-telecom,39.7275,0.0,icmp,1591164679,2020-06-03 06:11:19+00:00
21478624,jinan-telecom,wuhan-telecom,47.8255,0.0,icmp,1591164840,2020-06-03 06:14:00+00:00
21478869,jinan-telecom,wuhan-telecom,48.5378,0.0,icmp,1591164960,2020-06-03 06:16:00+00:00
21479067,jinan-telecom,wuhan-telecom,39.6315,0.0,icmp,1591165039,2020-06-03 06:17:19+00:00
21479296,jinan-telecom,wuhan-telecom,48.4367,0.0,icmp,1591165200,2020-06-03 06:20:00+00:00
21479543,jinan-telecom,wuhan-telecom,52.6835,0.0,icmp,1591165320,2020-06-03 06:22:00+00:00
21479766,jinan-telecom,wuhan-telecom,41.1854,0.0,icmp,1591165440,2020-06-03 06:24:00+00:00
21479982,jinan-telecom,wuhan-telecom,48.8798,0.0,icmp,1591165560,2020-06-03 06:26:00+00:00
21480212,jinan-telecom,wuhan-telecom,48.4346,0.0,icmp,1591165680,2020-06-03 06:28:00+00:00
21480445,jinan-telecom,wuhan-telecom,39.6411,0.0,icmp,1591165759,2020-06-03 06:29:19+00:00
21480669,jinan-telecom,wuhan-telecom,46.9652,0.0,icmp,1591165920,2020-06-03 06:32:00+00:00
21480921,jinan-telecom,wuhan-telecom,52.2743,0.0,icmp,1591166040,2020-06-03 06:34:00+00:00
21481140,jinan-telecom,wuhan-telecom,48.6761,0.0,icmp,1591166160,2020-06-03 06:36:00+00:00
21481361,jinan-telecom,wuhan-telecom,39.7633,0.0,icmp,1591166239,2020-06-03 06:37:19+00:00
21481602,jinan-telecom,wuhan-telecom,39.6708,0.0,icmp,1591166359,2020-06-03 06:39:19+00:00
21481845,jinan-telecom,wuhan-telecom,39.7792,0.0,icmp,1591166479,2020-06-03 06:41:19+00:00
21482045,jinan-telecom,wuhan-telecom,48.6045,0.0,icmp,1591166640,2020-06-03 06:44:00+00:00
21482289,jinan-telecom,wuhan-telecom,41.7154,0.0,icmp,1591166760,2020-06-03 06:46:00+00:00
21482518,jinan-telecom,wuhan-telecom,39.6519,0.0,icmp,1591166839,2020-06-03 06:47:19+00:00
21482730,jinan-telecom,wuhan-telecom,52.0139,0.0,icmp,1591167000,2020-06-03 06:50:00+00:00
21482981,jinan-telecom,wuhan-telecom,50.0989,0.0,icmp,1591167120,2020-06-03 06:52:00+00:00
21483187,jinan-telecom,wuhan-telecom,49.2072,0.0,icmp,1591167240,2020-06-03 06:54:00+00:00
21483444,jinan-telecom,wuhan-telecom,49.5346,0.0,icmp,1591167360,2020-06-03 06:56:00+00:00
21483667,jinan-telecom,wuhan-telecom,39.6816,0.0,icmp,1591167439,2020-06-03 06:57:19+00:00
21483885,jinan-telecom,wuhan-telecom,49.3768,0.0,icmp,1591167600,2020-06-03 07:00:00+00:00
21484123,jinan-telecom,wuhan-telecom,39.6861,0.0,icmp,1591167679,2020-06-03 07:01:19+00:00
21484334,jinan-telecom,wuhan-telecom,52.0792,0.0,icmp,1591167840,2020-06-03 07:04:00+00:00
21484577,jinan-telecom,wuhan-telecom,47.8778,0.0,icmp,1591167960,2020-06-03 07:06:00+00:00
21484815,jinan-telecom,wuhan-telecom,50.0687,0.0,icmp,1591168080,2020-06-03 07:08:00+00:00
21485033,jinan-telecom,wuhan-telecom,104.8306,22.0,icmp,1591168200,2020-06-03 07:10:00+00:00
21485272,jinan-telecom,wuhan-telecom,44.7229,0.0,icmp,1591168320,2020-06-03 07:12:00+00:00
21485492,jinan-telecom,wuhan-telecom,52.8923,0.0,icmp,1591168440,2020-06-03 07:14:00+00:00
21485739,jinan-telecom,wuhan-telecom,48.6854,0.0,icmp,1591168560,2020-06-03 07:16:00+00:00
21485935,jinan-telecom,wuhan-telecom,48.4629,0.0,icmp,1591168680,2020-06-03 07:18:00+00:00
21486192,jinan-telecom,wuhan-telecom,48.093,0.0,icmp,1591168800,2020-06-03 07:20:00+00:00
21486399,jinan-telecom,wuhan-telecom,45.9566,0.0,icmp,1591168920,2020-06-03 07:22:00+00:00
21486638,jinan-telecom,wuhan-telecom,50.0352,0.0,icmp,1591169040,2020-06-03 07:24:00+00:00
21486871,jinan-telecom,wuhan-telecom,50.4298,0.0,icmp,1591169160,2020-06-03 07:26:00+00:00
21487087,jinan-telecom,wuhan-telecom,39.6763,0.0,icmp,1591169239,2020-06-03 07:27:19+00:00
21487319,jinan-telecom,wuhan-telecom,43.5211,0.0,icmp,1591169400,2020-06-03 07:30:00+00:00
21487562,jinan-telecom,wuhan-telecom,46.3571,0.0,icmp,1591169520,2020-06-03 07:32:00+00:00
21487776,jinan-telecom,wuhan-telecom,39.9553,0.0,icmp,1591169599,2020-06-03 07:33:19+00:00
21488003,jinan-telecom,wuhan-telecom,47.2922,0.0,icmp,1591169760,2020-06-03 07:36:00+00:00
21488254,jinan-telecom,wuhan-telecom,46.3576,0.0,icmp,1591169880,2020-06-03 07:38:00+00:00
21488476,jinan-telecom,wuhan-telecom,47.6739,0.0,icmp,1591170000,2020-06-03 07:40:00+00:00
21488680,jinan-telecom,wuhan-telecom,49.9749,0.0,icmp,1591170120,2020-06-03 07:42:00+00:00
21488908,jinan-telecom,wuhan-telecom,48.5405,0.0,icmp,1591170240,2020-06-03 07:44:00+00:00
21489148,jinan-telecom,wuhan-telecom,43.7169,0.0,icmp,1591170360,2020-06-03 07:46:00+00:00
21489387,jinan-telecom,wuhan-telecom,48.4501,0.0,icmp,1591170480,2020-06-03 07:48:00+00:00
21489626,jinan-telecom,wuhan-telecom,39.8137,0.0,icmp,1591170559,2020-06-03 07:49:19+00:00
21489825,jinan-telecom,wuhan-telecom,40.1057,0.0,icmp,1591170679,2020-06-03 07:51:19+00:00
21490054,jinan-telecom,wuhan-telecom,49.0312,0.0,icmp,1591170840,2020-06-03 07:54:00+00:00
21490306,jinan-telecom,wuhan-telecom,49.4379,0.0,icmp,1591170960,2020-06-03 07:56:00+00:00
21490525,jinan-telecom,wuhan-telecom,39.8529,0.0,icmp,1591171039,2020-06-03 07:57:19+00:00
21490755,jinan-telecom,wuhan-telecom,50.804,0.0,icmp,1591171200,2020-06-03 08:00:00+00:00
21491001,jinan-telecom,wuhan-telecom,50.4673,0.0,icmp,1591171320,2020-06-03 08:02:00+00:00
21491228,jinan-telecom,wuhan-telecom,39.9021,0.0,icmp,1591171399,2020-06-03 08:03:19+00:00
21491428,jinan-telecom,wuhan-telecom,44.2973,0.0,icmp,1591171560,2020-06-03 08:06:00+00:00
21491655,jinan-telecom,wuhan-telecom,44.5066,0.0,icmp,1591171680,2020-06-03 08:08:00+00:00
21491889,jinan-telecom,wuhan-telecom,50.5253,0.0,icmp,1591171800,2020-06-03 08:10:00+00:00
21492135,jinan-telecom,wuhan-telecom,45.9408,0.0,icmp,1591171920,2020-06-03 08:12:00+00:00
21492355,jinan-telecom,wuhan-telecom,41.5457,0.0,icmp,1591172040,2020-06-03 08:14:00+00:00
21492592,jinan-telecom,wuhan-telecom,45.8063,0.0,icmp,1591172160,2020-06-03 08:16:00+00:00
21492803,jinan-telecom,wuhan-telecom,43.7875,0.0,icmp,1591172280,2020-06-03 08:18:00+00:00
21493054,jinan-telecom,wuhan-telecom,39.6624,0.0,icmp,1591172359,2020-06-03 08:19:19+00:00
21493257,jinan-telecom,wuhan-telecom,39.8021,0.0,icmp,1591172479,2020-06-03 08:21:19+00:00
21493515,jinan-telecom,wuhan-telecom,39.8232,0.0,icmp,1591172599,2020-06-03 08:23:19+00:00
21493719,jinan-telecom,wuhan-telecom,47.0486,0.0,icmp,1591172760,2020-06-03 08:26:00+00:00
21493952,jinan-telecom,wuhan-telecom,48.0515,0.0,icmp,1591172880,2020-06-03 08:28:00+00:00
21494194,jinan-telecom,wuhan-telecom,51.1816,0.0,icmp,1591173000,2020-06-03 08:30:00+00:00
21494424,jinan-telecom,wuhan-telecom,46.3213,0.0,icmp,1591173120,2020-06-03 08:32:00+00:00
21494653,jinan-telecom,wuhan-telecom,44.6684,0.0,icmp,1591173240,2020-06-03 08:34:00+00:00
21494878,jinan-telecom,wuhan-telecom,40.1051,0.0,icmp,1591173360,2020-06-03 08:36:00+00:00
21495121,jinan-telecom,wuhan-telecom,48.595,0.0,icmp,1591173480,2020-06-03 08:38:00+00:00
21495342,jinan-telecom,wuhan-telecom,50.0604,0.0,icmp,1591173600,2020-06-03 08:40:00+00:00
21495568,jinan-telecom,wuhan-telecom,42.652,0.0,icmp,1591173720,2020-06-03 08:42:00+00:00
21495801,jinan-telecom,wuhan-telecom,39.8987,0.0,icmp,1591173799,2020-06-03 08:43:19+00:00
21496033,jinan-telecom,wuhan-telecom,42.6284,0.0,icmp,1591173960,2020-06-03 08:46:00+00:00
21496254,jinan-telecom,wuhan-telecom,47.2011,0.0,icmp,1591174080,2020-06-03 08:48:00+00:00
21496475,jinan-telecom,wuhan-telecom,47.5019,0.0,icmp,1591174200,2020-06-03 08:50:00+00:00
21496719,jinan-telecom,wuhan-telecom,39.873,0.0,icmp,1591174279,2020-06-03 08:51:19+00:00
21496948,jinan-telecom,wuhan-telecom,47.6911,0.0,icmp,1591174440,2020-06-03 08:54:00+00:00
21497180,jinan-telecom,wuhan-telecom,50.6305,0.0,icmp,1591174560,2020-06-03 08:56:00+00:00
21497402,jinan-telecom,wuhan-telecom,48.241,0.0,icmp,1591174680,2020-06-03 08:58:00+00:00
21497634,jinan-telecom,wuhan-telecom,44.2285,0.0,icmp,1591174800,2020-06-03 09:00:00+00:00
21497848,jinan-telecom,wuhan-telecom,52.8317,0.0,icmp,1591174920,2020-06-03 09:02:00+00:00
21498093,jinan-telecom,wuhan-telecom,49.4565,0.0,icmp,1591175040,2020-06-03 09:04:00+00:00
21498300,jinan-telecom,wuhan-telecom,39.7776,0.0,icmp,1591175119,2020-06-03 09:05:19+00:00
21498545,jinan-telecom,wuhan-telecom,48.8002,0.0,icmp,1591175280,2020-06-03 09:08:00+00:00
21498766,jinan-telecom,wuhan-telecom,40.4495,0.0,icmp,1591175400,2020-06-03 09:10:00+00:00
21499003,jinan-telecom,wuhan-telecom,43.9806,0.0,icmp,1591175520,2020-06-03 09:12:00+00:00
21499224,jinan-telecom,wuhan-telecom,50.8559,0.0,icmp,1591175640,2020-06-03 09:14:00+00:00
21499465,jinan-telecom,wuhan-telecom,39.7334,0.0,icmp,1591175719,2020-06-03 09:15:19+00:00
21499691,jinan-telecom,wuhan-telecom,39.667,0.0,icmp,1591175839,2020-06-03 09:17:19+00:00
21499911,jinan-telecom,wuhan-telecom,51.2658,0.0,icmp,1591176000,2020-06-03 09:20:00+00:00
21500147,jinan-telecom,wuhan-telecom,49.5445,0.0,icmp,1591176120,2020-06-03 09:22:00+00:00
21500363,jinan-telecom,wuhan-telecom,39.768,0.0,icmp,1591176199,2020-06-03 09:23:19+00:00
21500610,jinan-telecom,wuhan-telecom,39.7122,0.0,icmp,1591176319,2020-06-03 09:25:19+00:00
21500826,jinan-telecom,wuhan-telecom,39.7356,0.0,icmp,1591176439,2020-06-03 09:27:19+00:00
21501063,jinan-telecom,wuhan-telecom,49.1005,0.0,icmp,1591176600,2020-06-03 09:30:00+00:00
21501304,jinan-telecom,wuhan-telecom,40.0396,0.0,icmp,1591176679,2020-06-03 09:31:19+00:00
21501521,jinan-telecom,wuhan-telecom,47.4226,0.0,icmp,1591176840,2020-06-03 09:34:00+00:00
21501734,jinan-telecom,wuhan-telecom,49.366,0.0,icmp,1591176960,2020-06-03 09:36:00+00:00
21501972,jinan-telecom,wuhan-telecom,49.8555,0.0,icmp,1591177080,2020-06-03 09:38:00+00:00
21502199,jinan-telecom,wuhan-telecom,39.6116,0.0,icmp,1591177159,2020-06-03 09:39:19+00:00
21502424,jinan-telecom,wuhan-telecom,39.8128,0.0,icmp,1591177279,2020-06-03 09:41:19+00:00
21502662,jinan-telecom,wuhan-telecom,46.6147,0.0,icmp,1591177440,2020-06-03 09:44:00+00:00
21502882,jinan-telecom,wuhan-telecom,49.6519,0.0,icmp,1591177560,2020-06-03 09:46:00+00:00
21503103,jinan-telecom,wuhan-telecom,49.8215,0.0,icmp,1591177680,2020-06-03 09:48:00+00:00
21503363,jinan-telecom,wuhan-telecom,49.1208,0.0,icmp,1591177800,2020-06-03 09:50:00+00:00
21503583,jinan-telecom,wuhan-telecom,39.8934,0.0,icmp,1591177879,2020-06-03 09:51:19+00:00
21503823,jinan-telecom,wuhan-telecom,40.157,0.0,icmp,1591177999,2020-06-03 09:53:19+00:00
21504023,jinan-telecom,wuhan-telecom,39.6564,0.0,icmp,1591178119,2020-06-03 09:55:19+00:00
21504277,jinan-telecom,wuhan-telecom,47.1038,0.0,icmp,1591178280,2020-06-03 09:58:00+00:00
21504521,jinan-telecom,wuhan-telecom,48.2472,0.0,icmp,1591178400,2020-06-03 10:00:00+00:00
21504726,jinan-telecom,wuhan-telecom,50.5705,0.0,icmp,1591178520,2020-06-03 10:02:00+00:00
21504968,jinan-telecom,wuhan-telecom,50.1558,0.0,icmp,1591178640,2020-06-03 10:04:00+00:00
21505189,jinan-telecom,wuhan-telecom,42.9152,0.0,icmp,1591178760,2020-06-03 10:06:00+00:00
21505405,jinan-telecom,wuhan-telecom,50.1234,0.0,icmp,1591178880,2020-06-03 10:08:00+00:00
21505655,jinan-telecom,wuhan-telecom,47.2163,0.0,icmp,1591179000,2020-06-03 10:10:00+00:00
21505875,jinan-telecom,wuhan-telecom,47.6472,0.0,icmp,1591179120,2020-06-03 10:12:00+00:00
21506101,jinan-telecom,wuhan-telecom,39.8608,0.0,icmp,1591179199,2020-06-03 10:13:19+00:00
21506335,jinan-telecom,wuhan-telecom,47.5935,0.0,icmp,1591179360,2020-06-03 10:16:00+00:00
21506550,jinan-telecom,wuhan-telecom,48.4873,0.0,icmp,1591179480,2020-06-03 10:18:00+00:00
21506784,jinan-telecom,wuhan-telecom,45.5346,0.0,icmp,1591179600,2020-06-03 10:20:00+00:00
21507008,jinan-telecom,wuhan-telecom,39.8531,0.0,icmp,1591179679,2020-06-03 10:21:19+00:00
21507230,jinan-telecom,wuhan-telecom,47.3391,0.0,icmp,1591179840,2020-06-03 10:24:00+00:00
21507471,jinan-telecom,wuhan-telecom,45.8167,0.0,icmp,1591179960,2020-06-03 10:26:00+00:00
21507701,jinan-telecom,wuhan-telecom,39.7422,0.0,icmp,1591180039,2020-06-03 10:27:19+00:00
21507921,jinan-telecom,wuhan-telecom,39.7178,0.0,icmp,1591180159,2020-06-03 10:29:19+00:00
21508173,jinan-telecom,wuhan-telecom,49.9025,0.0,icmp,1591180320,2020-06-03 10:32:00+00:00
21508369,jinan-telecom,wuhan-telecom,49.5485,0.0,icmp,1591180440,2020-06-03 10:34:00+00:00
21508604,jinan-telecom,wuhan-telecom,49.0234,0.0,icmp,1591180560,2020-06-03 10:36:00+00:00
21508861,jinan-telecom,wuhan-telecom,52.4136,0.0,icmp,1591180680,2020-06-03 10:38:00+00:00
21509077,jinan-telecom,wuhan-telecom,49.2514,0.0,icmp,1591180800,2020-06-03 10:40:00+00:00
21509297,jinan-telecom,wuhan-telecom,48.5086,0.0,icmp,1591180920,2020-06-03 10:42:00+00:00
21509534,jinan-telecom,wuhan-telecom,40.6626,0.0,icmp,1591181040,2020-06-03 10:44:00+00:00
21509772,jinan-telecom,wuhan-telecom,51.4701,0.0,icmp,1591181160,2020-06-03 10:46:00+00:00
21510008,jinan-telecom,wuhan-telecom,50.2219,0.0,icmp,1591181280,2020-06-03 10:48:00+00:00
21510228,jinan-telecom,wuhan-telecom,47.1923,0.0,icmp,1591181400,2020-06-03 10:50:00+00:00
21510457,jinan-telecom,wuhan-telecom,50.8578,0.0,icmp,1591181520,2020-06-03 10:52:00+00:00
21510678,jinan-telecom,wuhan-telecom,39.7226,0.0,icmp,1591181599,2020-06-03 10:53:19+00:00
21510908,jinan-telecom,wuhan-telecom,39.7379,0.0,icmp,1591181719,2020-06-03 10:55:19+00:00
21511148,jinan-telecom,wuhan-telecom,42.5785,0.0,icmp,1591181880,2020-06-03 10:58:00+00:00
21511372,jinan-telecom,wuhan-telecom,50.4076,0.0,icmp,1591182000,2020-06-03 11:00:00+00:00
21511580,jinan-telecom,wuhan-telecom,48.6346,0.0,icmp,1591182120,2020-06-03 11:02:00+00:00
21511816,jinan-telecom,wuhan-telecom,48.3357,0.0,icmp,1591182240,2020-06-03 11:04:00+00:00
21512061,jinan-telecom,wuhan-telecom,50.026,0.0,icmp,1591182360,2020-06-03 11:06:00+00:00
21512266,jinan-telecom,wuhan-telecom,48.5992,0.0,icmp,1591182480,2020-06-03 11:08:00+00:00
21512508,jinan-telecom,wuhan-telecom,40.0556,0.0,icmp,1591182559,2020-06-03 11:09:19+00:00
21512733,jinan-telecom,wuhan-telecom,48.7021,0.0,icmp,1591182720,2020-06-03 11:12:00+00:00
21512964,jinan-telecom,wuhan-telecom,39.7291,0.0,icmp,1591182799,2020-06-03 11:13:19+00:00
21513185,jinan-telecom,wuhan-telecom,39.6886,0.0,icmp,1591182919,2020-06-03 11:15:19+00:00
21513438,jinan-telecom,wuhan-telecom,49.3529,0.0,icmp,1591183080,2020-06-03 11:18:00+00:00
21513655,jinan-telecom,wuhan-telecom,39.7927,0.0,icmp,1591183159,2020-06-03 11:19:19+00:00
21513867,jinan-telecom,wuhan-telecom,42.5346,0.0,icmp,1591183320,2020-06-03 11:22:00+00:00
21514089,jinan-telecom,wuhan-telecom,51.4436,0.0,icmp,1591183440,2020-06-03 11:24:00+00:00
21514332,jinan-telecom,wuhan-telecom,48.5879,0.0,icmp,1591183560,2020-06-03 11:26:00+00:00
21514572,jinan-telecom,wuhan-telecom,39.97,0.0,icmp,1591183639,2020-06-03 11:27:19+00:00
21514799,jinan-telecom,wuhan-telecom,44.2513,0.0,icmp,1591183800,2020-06-03 11:30:00+00:00
21515053,jinan-telecom,wuhan-telecom,39.6774,0.0,icmp,1591183879,2020-06-03 11:31:19+00:00
21515251,jinan-telecom,wuhan-telecom,39.9168,0.0,icmp,1591183999,2020-06-03 11:33:19+00:00
21515501,jinan-telecom,wuhan-telecom,51.2673,0.0,icmp,1591184160,2020-06-03 11:36:00+00:00
21515742,jinan-telecom,wuhan-telecom,48.4454,0.0,icmp,1591184280,2020-06-03 11:38:00+00:00
21515949,jinan-telecom,wuhan-telecom,47.5954,0.0,icmp,1591184400,2020-06-03 11:40:00+00:00
21516178,jinan-telecom,wuhan-telecom,46.8569,0.0,icmp,1591184520,2020-06-03 11:42:00+00:00
21516429,jinan-telecom,wuhan-telecom,50.6364,0.0,icmp,1591184640,2020-06-03 11:44:00+00:00
21516639,jinan-telecom,wuhan-telecom,47.0541,0.0,icmp,1591184760,2020-06-03 11:46:00+00:00
21516868,jinan-telecom,wuhan-telecom,45.6619,0.0,icmp,1591184880,2020-06-03 11:48:00+00:00
21517079,jinan-telecom,wuhan-telecom,52.1936,0.0,icmp,1591185000,2020-06-03 11:50:00+00:00
21517308,jinan-telecom,wuhan-telecom,39.7518,0.0,icmp,1591185079,2020-06-03 11:51:19+00:00
21517549,jinan-telecom,wuhan-telecom,51.1706,0.0,icmp,1591185240,2020-06-03 11:54:00+00:00
21517796,jinan-telecom,wuhan-telecom,39.798,0.0,icmp,1591185319,2020-06-03 11:55:19+00:00
21518013,jinan-telecom,wuhan-telecom,50.1616,0.0,icmp,1591185480,2020-06-03 11:58:00+00:00
21518254,jinan-telecom,wuhan-telecom,47.8575,0.0,icmp,1591185600,2020-06-03 12:00:00+00:00
21518473,jinan-telecom,wuhan-telecom,40.1596,0.0,icmp,1591185720,2020-06-03 12:02:00+00:00
21518689,jinan-telecom,wuhan-telecom,39.9399,0.0,icmp,1591185799,2020-06-03 12:03:19+00:00
21518926,jinan-telecom,wuhan-telecom,46.3907,0.0,icmp,1591185960,2020-06-03 12:06:00+00:00
21519162,jinan-telecom,wuhan-telecom,50.7045,0.0,icmp,1591186080,2020-06-03 12:08:00+00:00
21519368,jinan-telecom,wuhan-telecom,39.9163,0.0,icmp,1591186159,2020-06-03 12:09:19+00:00
21519622,jinan-telecom,wuhan-telecom,50.7685,0.0,icmp,1591186320,2020-06-03 12:12:00+00:00
21519840,jinan-telecom,wuhan-telecom,40.0963,0.0,icmp,1591186399,2020-06-03 12:13:19+00:00
21520058,jinan-telecom,wuhan-telecom,51.1307,0.0,icmp,1591186560,2020-06-03 12:16:00+00:00
21520310,jinan-telecom,wuhan-telecom,46.3181,0.0,icmp,1591186680,2020-06-03 12:18:00+00:00
21520506,jinan-telecom,wuhan-telecom,52.402,0.0,icmp,1591186800,2020-06-03 12:20:00+00:00
21520766,jinan-telecom,wuhan-telecom,50.8034,0.0,icmp,1591186920,2020-06-03 12:22:00+00:00
21521002,jinan-telecom,wuhan-telecom,51.7406,0.0,icmp,1591187040,2020-06-03 12:24:00+00:00
21521220,jinan-telecom,wuhan-telecom,39.9258,0.0,icmp,1591187119,2020-06-03 12:25:19+00:00
21521453,jinan-telecom,wuhan-telecom,44.0939,0.0,icmp,1591187280,2020-06-03 12:28:00+00:00
21521660,jinan-telecom,wuhan-telecom,51.1816,0.0,icmp,1591187400,2020-06-03 12:30:00+00:00
21521903,jinan-telecom,wuhan-telecom,51.7789,0.0,icmp,1591187520,2020-06-03 12:32:00+00:00
21522130,jinan-telecom,wuhan-telecom,52.9707,0.0,icmp,1591187640,2020-06-03 12:34:00+00:00
21522344,jinan-telecom,wuhan-telecom,48.7035,0.0,icmp,1591187760,2020-06-03 12:36:00+00:00
21522595,jinan-telecom,wuhan-telecom,49.9637,0.0,icmp,1591187880,2020-06-03 12:38:00+00:00
21522802,jinan-telecom,wuhan-telecom,49.4485,0.0,icmp,1591188000,2020-06-03 12:40:00+00:00
21523059,jinan-telecom,wuhan-telecom,40.0142,0.0,icmp,1591188120,2020-06-03 12:42:00+00:00
23286230,jinan-telecom,wuhan-telecom,49.4437,0.0,icmp,1591126500,2020-06-02 19:35:00+00:00
23286473,jinan-telecom,wuhan-telecom,49.6187,0.0,icmp,1591126620,2020-06-02 19:37:00+00:00
23286720,jinan-telecom,wuhan-telecom,49.151,0.0,icmp,1591126740,2020-06-02 19:39:00+00:00
23286958,jinan-telecom,wuhan-telecom,47.2443,0.0,icmp,1591126860,2020-06-02 19:41:00+00:00
23287161,jinan-telecom,wuhan-telecom,47.2259,0.0,icmp,1591126980,2020-06-02 19:43:00+00:00
23287405,jinan-telecom,wuhan-telecom,40.1814,0.0,icmp,1591127100,2020-06-02 19:45:00+00:00
23287631,jinan-telecom,wuhan-telecom,39.9447,0.0,icmp,1591127239,2020-06-02 19:47:19+00:00
23287857,jinan-telecom,wuhan-telecom,51.5143,0.0,icmp,1591127340,2020-06-02 19:49:00+00:00
23288103,jinan-telecom,wuhan-telecom,46.2889,0.0,icmp,1591127460,2020-06-02 19:51:00+00:00
23288310,jinan-telecom,wuhan-telecom,46.5824,0.0,icmp,1591127580,2020-06-02 19:53:00+00:00
23288546,jinan-telecom,wuhan-telecom,49.6795,0.0,icmp,1591127700,2020-06-02 19:55:00+00:00
23288779,jinan-telecom,wuhan-telecom,48.3973,0.0,icmp,1591127820,2020-06-02 19:57:00+00:00
23289013,jinan-telecom,wuhan-telecom,43.147,0.0,icmp,1591127940,2020-06-02 19:59:00+00:00
23289232,jinan-telecom,wuhan-telecom,49.9976,0.0,icmp,1591128060,2020-06-02 20:01:00+00:00
23289475,jinan-telecom,wuhan-telecom,47.919,0.0,icmp,1591128180,2020-06-02 20:03:00+00:00
23289704,jinan-telecom,wuhan-telecom,48.4293,0.0,icmp,1591128300,2020-06-02 20:05:00+00:00
23289924,jinan-telecom,wuhan-telecom,50.9878,0.0,icmp,1591128420,2020-06-02 20:07:00+00:00
23290133,jinan-telecom,wuhan-telecom,48.7603,0.0,icmp,1591128540,2020-06-02 20:09:00+00:00
23290383,jinan-telecom,wuhan-telecom,47.0208,0.0,icmp,1591128660,2020-06-02 20:11:00+00:00
23290612,jinan-telecom,wuhan-telecom,52.7664,0.0,icmp,1591128780,2020-06-02 20:13:00+00:00
23290824,jinan-telecom,wuhan-telecom,50.7645,0.0,icmp,1591128900,2020-06-02 20:15:00+00:00
23291075,jinan-telecom,wuhan-telecom,47.8312,0.0,icmp,1591129020,2020-06-02 20:17:00+00:00
23291283,jinan-telecom,wuhan-telecom,47.7724,0.0,icmp,1591129140,2020-06-02 20:19:00+00:00
23291521,jinan-telecom,wuhan-telecom,39.9869,0.0,icmp,1591129260,2020-06-02 20:21:00+00:00
23291743,jinan-telecom,wuhan-telecom,40.2327,0.0,icmp,1591129399,2020-06-02 20:23:19+00:00
23291989,jinan-telecom,wuhan-telecom,48.629,0.0,icmp,1591129500,2020-06-02 20:25:00+00:00
23292197,jinan-telecom,wuhan-telecom,50.6423,0.0,icmp,1591129620,2020-06-02 20:27:00+00:00
23292457,jinan-telecom,wuhan-telecom,39.6603,0.0,icmp,1591129759,2020-06-02 20:29:19+00:00
23292668,jinan-telecom,wuhan-telecom,47.6367,0.0,icmp,1591129860,2020-06-02 20:31:00+00:00
23292900,jinan-telecom,wuhan-telecom,42.1382,0.0,icmp,1591129980,2020-06-02 20:33:00+00:00
23293119,jinan-telecom,wuhan-telecom,40.0869,0.0,icmp,1591130119,2020-06-02 20:35:19+00:00
23293349,jinan-telecom,wuhan-telecom,39.6402,0.0,icmp,1591130239,2020-06-02 20:37:19+00:00
23293589,jinan-telecom,wuhan-telecom,49.3112,0.0,icmp,1591130340,2020-06-02 20:39:00+00:00
23293810,jinan-telecom,wuhan-telecom,43.3038,0.0,icmp,1591130460,2020-06-02 20:41:00+00:00
23294032,jinan-telecom,wuhan-telecom,48.3914,0.0,icmp,1591130580,2020-06-02 20:43:00+00:00
23294296,jinan-telecom,wuhan-telecom,39.6496,0.0,icmp,1591130719,2020-06-02 20:45:19+00:00
23294486,jinan-telecom,wuhan-telecom,52.1556,0.0,icmp,1591130820,2020-06-02 20:47:00+00:00
23294749,jinan-telecom,wuhan-telecom,45.9756,0.0,icmp,1591130940,2020-06-02 20:49:00+00:00
23294974,jinan-telecom,wuhan-telecom,46.7875,0.0,icmp,1591131060,2020-06-02 20:51:00+00:00
23295200,jinan-telecom,wuhan-telecom,52.4235,0.0,icmp,1591131180,2020-06-02 20:53:00+00:00
23295423,jinan-telecom,wuhan-telecom,49.715,0.0,icmp,1591131300,2020-06-02 20:55:00+00:00
23295645,jinan-telecom,wuhan-telecom,45.1047,0.0,icmp,1591131420,2020-06-02 20:57:00+00:00
23295866,jinan-telecom,wuhan-telecom,48.8129,0.0,icmp,1591131540,2020-06-02 20:59:00+00:00
23296108,jinan-telecom,wuhan-telecom,49.9669,0.0,icmp,1591131660,2020-06-02 21:01:00+00:00
23296330,jinan-telecom,wuhan-telecom,47.3644,0.0,icmp,1591131780,2020-06-02 21:03:00+00:00
23296554,jinan-telecom,wuhan-telecom,39.6836,0.0,icmp,1591131919,2020-06-02 21:05:19+00:00
23296798,jinan-telecom,wuhan-telecom,39.7219,0.0,icmp,1591132039,2020-06-02 21:07:19+00:00
23297007,jinan-telecom,wuhan-telecom,46.7925,0.0,icmp,1591132140,2020-06-02 21:09:00+00:00
23297249,jinan-telecom,wuhan-telecom,39.6226,0.0,icmp,1591132279,2020-06-02 21:11:19+00:00
23297487,jinan-telecom,wuhan-telecom,47.9863,0.0,icmp,1591132380,2020-06-02 21:13:00+00:00
23297703,jinan-telecom,wuhan-telecom,39.6171,0.0,icmp,1591132519,2020-06-02 21:15:19+00:00
23297926,jinan-telecom,wuhan-telecom,51.771,0.0,icmp,1591132620,2020-06-02 21:17:00+00:00
23298173,jinan-telecom,wuhan-telecom,53.165,0.0,icmp,1591132740,2020-06-02 21:19:00+00:00
23298381,jinan-telecom,wuhan-telecom,48.7727,0.0,icmp,1591132860,2020-06-02 21:21:00+00:00
23298630,jinan-telecom,wuhan-telecom,39.6884,0.0,icmp,1591132999,2020-06-02 21:23:19+00:00
23298853,jinan-telecom,wuhan-telecom,44.0272,0.0,icmp,1591133100,2020-06-02 21:25:00+00:00
23299070,jinan-telecom,wuhan-telecom,39.6706,0.0,icmp,1591133239,2020-06-02 21:27:19+00:00
23299294,jinan-telecom,wuhan-telecom,40.0436,0.0,icmp,1591133359,2020-06-02 21:29:19+00:00
23299538,jinan-telecom,wuhan-telecom,45.1622,0.0,icmp,1591133460,2020-06-02 21:31:00+00:00
23299777,jinan-telecom,wuhan-telecom,51.0125,0.0,icmp,1591133580,2020-06-02 21:33:00+00:00
23299989,jinan-telecom,wuhan-telecom,47.818,0.0,icmp,1591133700,2020-06-02 21:35:00+00:00
23300232,jinan-telecom,wuhan-telecom,45.7723,0.0,icmp,1591133820,2020-06-02 21:37:00+00:00
23300465,jinan-telecom,wuhan-telecom,45.9525,0.0,icmp,1591133940,2020-06-02 21:39:00+00:00
23300667,jinan-telecom,wuhan-telecom,47.2678,0.0,icmp,1591134060,2020-06-02 21:41:00+00:00
23300911,jinan-telecom,wuhan-telecom,40.001,0.0,icmp,1591134199,2020-06-02 21:43:19+00:00
23301148,jinan-telecom,wuhan-telecom,47.7682,0.0,icmp,1591134300,2020-06-02 21:45:00+00:00
23301370,jinan-telecom,wuhan-telecom,39.604,0.0,icmp,1591134439,2020-06-02 21:47:19+00:00
23301573,jinan-telecom,wuhan-telecom,39.6913,0.0,icmp,1591134559,2020-06-02 21:49:19+00:00
23301813,jinan-telecom,wuhan-telecom,39.9241,0.0,icmp,1591134679,2020-06-02 21:51:19+00:00
23302043,jinan-telecom,wuhan-telecom,46.8777,0.0,icmp,1591134780,2020-06-02 21:53:00+00:00
23302292,jinan-telecom,wuhan-telecom,46.263,0.0,icmp,1591134900,2020-06-02 21:55:00+00:00
23302504,jinan-telecom,wuhan-telecom,48.6898,0.0,icmp,1591135020,2020-06-02 21:57:00+00:00
23302741,jinan-telecom,wuhan-telecom,39.6259,0.0,icmp,1591135159,2020-06-02 21:59:19+00:00
23302975,jinan-telecom,wuhan-telecom,39.773,0.0,icmp,1591135279,2020-06-02 22:01:19+00:00
23303203,jinan-telecom,wuhan-telecom,40.5629,0.0,icmp,1591135399,2020-06-02 22:03:19+00:00
23303435,jinan-telecom,wuhan-telecom,50.3122,0.0,icmp,1591135500,2020-06-02 22:05:00+00:00
23303653,jinan-telecom,wuhan-telecom,51.4133,0.0,icmp,1591135620,2020-06-02 22:07:00+00:00
23303875,jinan-telecom,wuhan-telecom,46.9652,0.0,icmp,1591135740,2020-06-02 22:09:00+00:00
23304126,jinan-telecom,wuhan-telecom,43.1104,0.0,icmp,1591135860,2020-06-02 22:11:00+00:00
23304328,jinan-telecom,wuhan-telecom,47.6119,0.0,icmp,1591135980,2020-06-02 22:13:00+00:00
23304584,jinan-telecom,wuhan-telecom,50.4685,0.0,icmp,1591136100,2020-06-02 22:15:00+00:00
23304820,jinan-telecom,wuhan-telecom,39.6218,0.0,icmp,1591136239,2020-06-02 22:17:19+00:00
23305019,jinan-telecom,wuhan-telecom,39.6083,0.0,icmp,1591136359,2020-06-02 22:19:19+00:00
23305249,jinan-telecom,wuhan-telecom,45.1743,0.0,icmp,1591136460,2020-06-02 22:21:00+00:00
23305507,jinan-telecom,wuhan-telecom,49.4781,0.0,icmp,1591136580,2020-06-02 22:23:00+00:00
23305713,jinan-telecom,wuhan-telecom,39.9383,0.0,icmp,1591136719,2020-06-02 22:25:19+00:00
23305970,jinan-telecom,wuhan-telecom,40.2754,0.0,icmp,1591136820,2020-06-02 22:27:00+00:00
23306179,jinan-telecom,wuhan-telecom,48.7993,0.0,icmp,1591136940,2020-06-02 22:29:00+00:00
23306399,jinan-telecom,wuhan-telecom,49.114,0.0,icmp,1591137060,2020-06-02 22:31:00+00:00
23306644,jinan-telecom,wuhan-telecom,46.4283,0.0,icmp,1591137180,2020-06-02 22:33:00+00:00
23306898,jinan-telecom,wuhan-telecom,39.827,0.0,icmp,1591137319,2020-06-02 22:35:19+00:00
23307092,jinan-telecom,wuhan-telecom,39.7619,0.0,icmp,1591137439,2020-06-02 22:37:19+00:00
23307334,jinan-telecom,wuhan-telecom,39.971,0.0,icmp,1591137540,2020-06-02 22:39:00+00:00
23307558,jinan-telecom,wuhan-telecom,48.9861,0.0,icmp,1591137660,2020-06-02 22:41:00+00:00
23307787,jinan-telecom,wuhan-telecom,50.9848,0.0,icmp,1591137780,2020-06-02 22:43:00+00:00
23308024,jinan-telecom,wuhan-telecom,40.2748,0.0,icmp,1591137919,2020-06-02 22:45:19+00:00
23308230,jinan-telecom,wuhan-telecom,49.0279,0.0,icmp,1591138020,2020-06-02 22:47:00+00:00
23308458,jinan-telecom,wuhan-telecom,40.1315,0.0,icmp,1591138140,2020-06-02 22:49:00+00:00
23308693,jinan-telecom,wuhan-telecom,50.1814,0.0,icmp,1591138260,2020-06-02 22:51:00+00:00
23308912,jinan-telecom,wuhan-telecom,50.7514,0.0,icmp,1591138380,2020-06-02 22:53:00+00:00
23309162,jinan-telecom,wuhan-telecom,51.856,0.0,icmp,1591138500,2020-06-02 22:55:00+00:00
23309392,jinan-telecom,wuhan-telecom,39.6168,0.0,icmp,1591138639,2020-06-02 22:57:19+00:00
23309620,jinan-telecom,wuhan-telecom,51.1863,0.0,icmp,1591138740,2020-06-02 22:59:00+00:00
23309848,jinan-telecom,wuhan-telecom,48.047,0.0,icmp,1591138860,2020-06-02 23:01:00+00:00
23310077,jinan-telecom,wuhan-telecom,39.753,0.0,icmp,1591138999,2020-06-02 23:03:19+00:00
23310310,jinan-telecom,wuhan-telecom,49.7236,0.0,icmp,1591139100,2020-06-02 23:05:00+00:00
23310552,jinan-telecom,wuhan-telecom,49.6694,0.0,icmp,1591139220,2020-06-02 23:07:00+00:00
23310740,jinan-telecom,wuhan-telecom,48.7956,0.0,icmp,1591139340,2020-06-02 23:09:00+00:00
23310990,jinan-telecom,wuhan-telecom,49.2444,0.0,icmp,1591139460,2020-06-02 23:11:00+00:00
23311224,jinan-telecom,wuhan-telecom,46.5659,0.0,icmp,1591139580,2020-06-02 23:13:00+00:00
23311436,jinan-telecom,wuhan-telecom,49.078,0.0,icmp,1591139700,2020-06-02 23:15:00+00:00
23311665,jinan-telecom,wuhan-telecom,51.5182,0.0,icmp,1591139820,2020-06-02 23:17:00+00:00
23311937,jinan-telecom,wuhan-telecom,47.6017,0.0,icmp,1591139940,2020-06-02 23:19:00+00:00
23312151,jinan-telecom,wuhan-telecom,39.8409,0.0,icmp,1591140079,2020-06-02 23:21:19+00:00
23312360,jinan-telecom,wuhan-telecom,50.5552,0.0,icmp,1591140180,2020-06-02 23:23:00+00:00
23312571,jinan-telecom,wuhan-telecom,44.0455,0.0,icmp,1591140300,2020-06-02 23:25:00+00:00
23312806,jinan-telecom,wuhan-telecom,50.4896,0.0,icmp,1591140420,2020-06-02 23:27:00+00:00
23313056,jinan-telecom,wuhan-telecom,41.2229,0.0,icmp,1591140540,2020-06-02 23:29:00+00:00
23313264,jinan-telecom,wuhan-telecom,46.74,0.0,icmp,1591140660,2020-06-02 23:31:00+00:00
23313510,jinan-telecom,wuhan-telecom,40.0704,0.0,icmp,1591140799,2020-06-02 23:33:19+00:00
23313738,jinan-telecom,wuhan-telecom,45.8682,0.0,icmp,1591140900,2020-06-02 23:35:00+00:00
23313958,jinan-telecom,wuhan-telecom,40.0799,0.0,icmp,1591141020,2020-06-02 23:37:00+00:00
23314184,jinan-telecom,wuhan-telecom,48.3377,0.0,icmp,1591141140,2020-06-02 23:39:00+00:00
23314436,jinan-telecom,wuhan-telecom,51.5778,0.0,icmp,1591141260,2020-06-02 23:41:00+00:00
23314644,jinan-telecom,wuhan-telecom,48.9035,0.0,icmp,1591141380,2020-06-02 23:43:00+00:00
23314885,jinan-telecom,wuhan-telecom,39.714,0.0,icmp,1591141519,2020-06-02 23:45:19+00:00
23315103,jinan-telecom,wuhan-telecom,50.6851,0.0,icmp,1591141620,2020-06-02 23:47:00+00:00
23315344,jinan-telecom,wuhan-telecom,39.8782,0.0,icmp,1591141759,2020-06-02 23:49:19+00:00
23315558,jinan-telecom,wuhan-telecom,50.3957,0.0,icmp,1591141860,2020-06-02 23:51:00+00:00
23315831,jinan-telecom,wuhan-telecom,47.9693,0.0,icmp,1591141980,2020-06-02 23:53:00+00:00
23316030,jinan-telecom,wuhan-telecom,48.1613,0.0,icmp,1591142100,2020-06-02 23:55:00+00:00
23316260,jinan-telecom,wuhan-telecom,39.9201,0.0,icmp,1591142239,2020-06-02 23:57:19+00:00
23316495,jinan-telecom,wuhan-telecom,45.2829,0.0,icmp,1591142340,2020-06-02 23:59:00+00:00
23316726,jinan-telecom,wuhan-telecom,51.8549,0.0,icmp,1591142460,2020-06-03 00:01:00+00:00
23316939,jinan-telecom,wuhan-telecom,48.3241,0.0,icmp,1591142580,2020-06-03 00:03:00+00:00
23317170,jinan-telecom,wuhan-telecom,48.224,0.0,icmp,1591142700,2020-06-03 00:05:00+00:00
23317407,jinan-telecom,wuhan-telecom,49.1632,0.0,icmp,1591142820,2020-06-03 00:07:00+00:00
23317626,jinan-telecom,wuhan-telecom,47.9683,0.0,icmp,1591142940,2020-06-03 00:09:00+00:00
23317859,jinan-telecom,wuhan-telecom,50.4502,0.0,icmp,1591143060,2020-06-03 00:11:00+00:00
23318091,jinan-telecom,wuhan-telecom,49.5135,0.0,icmp,1591143180,2020-06-03 00:13:00+00:00
23318329,jinan-telecom,wuhan-telecom,49.1873,0.0,icmp,1591143300,2020-06-03 00:15:00+00:00
23318556,jinan-telecom,wuhan-telecom,49.1647,0.0,icmp,1591143420,2020-06-03 00:17:00+00:00
23318765,jinan-telecom,wuhan-telecom,39.7226,0.0,icmp,1591143559,2020-06-03 00:19:19+00:00
23318997,jinan-telecom,wuhan-telecom,47.595,0.0,icmp,1591143660,2020-06-03 00:21:00+00:00
23319226,jinan-telecom,wuhan-telecom,49.4821,0.0,icmp,1591143780,2020-06-03 00:23:00+00:00
23319478,jinan-telecom,wuhan-telecom,48.0102,0.0,icmp,1591143900,2020-06-03 00:25:00+00:00
23319691,jinan-telecom,wuhan-telecom,42.8164,0.0,icmp,1591144020,2020-06-03 00:27:00+00:00
23319921,jinan-telecom,wuhan-telecom,39.618,0.0,icmp,1591144159,2020-06-03 00:29:19+00:00
23320136,jinan-telecom,wuhan-telecom,48.7753,0.0,icmp,1591144260,2020-06-03 00:31:00+00:00
23320379,jinan-telecom,wuhan-telecom,39.6993,0.0,icmp,1591144399,2020-06-03 00:33:19+00:00
23320597,jinan-telecom,wuhan-telecom,51.0565,0.0,icmp,1591144500,2020-06-03 00:35:00+00:00
23320837,jinan-telecom,wuhan-telecom,40.0544,0.0,icmp,1591144639,2020-06-03 00:37:19+00:00
23321055,jinan-telecom,wuhan-telecom,46.3966,0.0,icmp,1591144740,2020-06-03 00:39:00+00:00
23321320,jinan-telecom,wuhan-telecom,45.9643,0.0,icmp,1591144860,2020-06-03 00:41:00+00:00
23321525,jinan-telecom,wuhan-telecom,47.8929,0.0,icmp,1591144980,2020-06-03 00:43:00+00:00
23321747,jinan-telecom,wuhan-telecom,50.1369,0.0,icmp,1591145100,2020-06-03 00:45:00+00:00
23321978,jinan-telecom,wuhan-telecom,39.6589,0.0,icmp,1591145239,2020-06-03 00:47:19+00:00
23322191,jinan-telecom,wuhan-telecom,46.9753,0.0,icmp,1591145340,2020-06-03 00:49:00+00:00
23322422,jinan-telecom,wuhan-telecom,47.3354,0.0,icmp,1591145460,2020-06-03 00:51:00+00:00
23322679,jinan-telecom,wuhan-telecom,48.096,0.0,icmp,1591145580,2020-06-03 00:53:00+00:00
23322899,jinan-telecom,wuhan-telecom,52.7605,0.0,icmp,1591145700,2020-06-03 00:55:00+00:00
23323121,jinan-telecom,wuhan-telecom,50.9,0.0,icmp,1591145820,2020-06-03 00:57:00+00:00
23323359,jinan-telecom,wuhan-telecom,50.775,0.0,icmp,1591145940,2020-06-03 00:59:00+00:00
23323600,jinan-telecom,wuhan-telecom,48.9508,0.0,icmp,1591146060,2020-06-03 01:01:00+00:00
23323815,jinan-telecom,wuhan-telecom,49.26,0.0,icmp,1591146180,2020-06-03 01:03:00+00:00
23324031,jinan-telecom,wuhan-telecom,39.6388,0.0,icmp,1591146319,2020-06-03 01:05:19+00:00
23324259,jinan-telecom,wuhan-telecom,46.1203,0.0,icmp,1591146420,2020-06-03 01:07:00+00:00
23324509,jinan-telecom,wuhan-telecom,47.4579,0.0,icmp,1591146540,2020-06-03 01:09:00+00:00
23324722,jinan-telecom,wuhan-telecom,48.1517,0.0,icmp,1591146660,2020-06-03 01:11:00+00:00
23324980,jinan-telecom,wuhan-telecom,48.2085,0.0,icmp,1591146780,2020-06-03 01:13:00+00:00
23325191,jinan-telecom,wuhan-telecom,39.6244,0.0,icmp,1591146919,2020-06-03 01:15:19+00:00
23325406,jinan-telecom,wuhan-telecom,39.6975,0.0,icmp,1591147039,2020-06-03 01:17:19+00:00
23325659,jinan-telecom,wuhan-telecom,50.0253,0.0,icmp,1591147140,2020-06-03 01:19:00+00:00
23325881,jinan-telecom,wuhan-telecom,49.4288,0.0,icmp,1591147260,2020-06-03 01:21:00+00:00
23326112,jinan-telecom,wuhan-telecom,48.2186,0.0,icmp,1591147380,2020-06-03 01:23:00+00:00
23326323,jinan-telecom,wuhan-telecom,48.3913,0.0,icmp,1591147500,2020-06-03 01:25:00+00:00
23326547,jinan-telecom,wuhan-telecom,49.1901,0.0,icmp,1591147620,2020-06-03 01:27:00+00:00
23326777,jinan-telecom,wuhan-telecom,50.2882,0.0,icmp,1591147740,2020-06-03 01:29:00+00:00
23327009,jinan-telecom,wuhan-telecom,47.9845,0.0,icmp,1591147860,2020-06-03 01:31:00+00:00
23327254,jinan-telecom,wuhan-telecom,48.0983,0.0,icmp,1591147980,2020-06-03 01:33:00+00:00
23327473,jinan-telecom,wuhan-telecom,50.1347,0.0,icmp,1591148100,2020-06-03 01:35:00+00:00
23327695,jinan-telecom,wuhan-telecom,39.9268,0.0,icmp,1591148239,2020-06-03 01:37:19+00:00
23327942,jinan-telecom,wuhan-telecom,52.7172,0.0,icmp,1591148340,2020-06-03 01:39:00+00:00
23328151,jinan-telecom,wuhan-telecom,47.3044,0.0,icmp,1591148460,2020-06-03 01:41:00+00:00
23328381,jinan-telecom,wuhan-telecom,52.9014,0.0,icmp,1591148580,2020-06-03 01:43:00+00:00
23328617,jinan-telecom,wuhan-telecom,52.877,0.0,icmp,1591148700,2020-06-03 01:45:00+00:00
23328836,jinan-telecom,wuhan-telecom,39.7922,0.0,icmp,1591148839,2020-06-03 01:47:19+00:00
23329072,jinan-telecom,wuhan-telecom,47.0864,0.0,icmp,1591148940,2020-06-03 01:49:00+00:00
23329302,jinan-telecom,wuhan-telecom,46.0838,0.0,icmp,1591149060,2020-06-03 01:51:00+00:00
23329547,jinan-telecom,wuhan-telecom,39.9093,0.0,icmp,1591149199,2020-06-03 01:53:19+00:00
23329749,jinan-telecom,wuhan-telecom,40.0133,0.0,icmp,1591149319,2020-06-03 01:55:19+00:00
23329993,jinan-telecom,wuhan-telecom,45.3495,0.0,icmp,1591149420,2020-06-03 01:57:00+00:00
23330222,jinan-telecom,wuhan-telecom,43.2025,0.0,icmp,1591149540,2020-06-03 01:59:00+00:00
23330465,jinan-telecom,wuhan-telecom,48.7804,0.0,icmp,1591149660,2020-06-03 02:01:00+00:00
23330686,jinan-telecom,wuhan-telecom,51.727,0.0,icmp,1591149780,2020-06-03 02:03:00+00:00
23330918,jinan-telecom,wuhan-telecom,46.995,0.0,icmp,1591149900,2020-06-03 02:05:00+00:00
23331137,jinan-telecom,wuhan-telecom,43.0439,0.0,icmp,1591150020,2020-06-03 02:07:00+00:00
23331372,jinan-telecom,wuhan-telecom,47.9642,0.0,icmp,1591150140,2020-06-03 02:09:00+00:00
23331606,jinan-telecom,wuhan-telecom,47.9731,0.0,icmp,1591150260,2020-06-03 02:11:00+00:00
23331833,jinan-telecom,wuhan-telecom,39.7941,0.0,icmp,1591150399,2020-06-03 02:13:19+00:00
23332063,jinan-telecom,wuhan-telecom,50.1214,0.0,icmp,1591150500,2020-06-03 02:15:00+00:00
23332294,jinan-telecom,wuhan-telecom,39.6412,0.0,icmp,1591150639,2020-06-03 02:17:19+00:00
23332499,jinan-telecom,wuhan-telecom,47.1187,0.0,icmp,1591150740,2020-06-03 02:19:00+00:00
23332767,jinan-telecom,wuhan-telecom,47.7864,0.0,icmp,1591150860,2020-06-03 02:21:00+00:00
23332986,jinan-telecom,wuhan-telecom,51.4978,0.0,icmp,1591150980,2020-06-03 02:23:00+00:00
23333211,jinan-telecom,wuhan-telecom,51.3654,0.0,icmp,1591151100,2020-06-03 02:25:00+00:00
23333427,jinan-telecom,wuhan-telecom,47.703,0.0,icmp,1591151220,2020-06-03 02:27:00+00:00
23333656,jinan-telecom,wuhan-telecom,39.8416,0.0,icmp,1591151359,2020-06-03 02:29:19+00:00
23333880,jinan-telecom,wuhan-telecom,44.4311,0.0,icmp,1591151460,2020-06-03 02:31:00+00:00
23334116,jinan-telecom,wuhan-telecom,43.4487,0.0,icmp,1591151580,2020-06-03 02:33:00+00:00
23334338,jinan-telecom,wuhan-telecom,41.2874,0.0,icmp,1591151700,2020-06-03 02:35:00+00:00
23334570,jinan-telecom,wuhan-telecom,47.9832,0.0,icmp,1591151820,2020-06-03 02:37:00+00:00
23334819,jinan-telecom,wuhan-telecom,46.1199,0.0,icmp,1591151940,2020-06-03 02:39:00+00:00
23335063,jinan-telecom,wuhan-telecom,39.6806,0.0,icmp,1591152079,2020-06-03 02:41:19+00:00
23335259,jinan-telecom,wuhan-telecom,49.8826,0.0,icmp,1591152180,2020-06-03 02:43:00+00:00
23335481,jinan-telecom,wuhan-telecom,49.7911,0.0,icmp,1591152300,2020-06-03 02:45:00+00:00
23335730,jinan-telecom,wuhan-telecom,39.7176,0.0,icmp,1591152439,2020-06-03 02:47:19+00:00
23335958,jinan-telecom,wuhan-telecom,40.01,0.0,icmp,1591152559,2020-06-03 02:49:19+00:00
23336155,jinan-telecom,wuhan-telecom,50.1243,0.0,icmp,1591152660,2020-06-03 02:51:00+00:00
23336414,jinan-telecom,wuhan-telecom,39.8697,0.0,icmp,1591152799,2020-06-03 02:53:19+00:00
23336644,jinan-telecom,wuhan-telecom,48.1639,0.0,icmp,1591152900,2020-06-03 02:55:00+00:00
23336868,jinan-telecom,wuhan-telecom,48.613,0.0,icmp,1591153020,2020-06-03 02:57:00+00:00
23337093,jinan-telecom,wuhan-telecom,50.1413,0.0,icmp,1591153140,2020-06-03 02:59:00+00:00
23337313,jinan-telecom,wuhan-telecom,39.6336,0.0,icmp,1591153279,2020-06-03 03:01:19+00:00
23337559,jinan-telecom,wuhan-telecom,52.1561,0.0,icmp,1591153380,2020-06-03 03:03:00+00:00
23337788,jinan-telecom,wuhan-telecom,40.0493,0.0,icmp,1591153519,2020-06-03 03:05:19+00:00
23338021,jinan-telecom,wuhan-telecom,49.4798,0.0,icmp,1591153620,2020-06-03 03:07:00+00:00
23338239,jinan-telecom,wuhan-telecom,39.7798,0.0,icmp,1591153759,2020-06-03 03:09:19+00:00
23338484,jinan-telecom,wuhan-telecom,44.3424,0.0,icmp,1591153860,2020-06-03 03:11:00+00:00
23338691,jinan-telecom,wuhan-telecom,50.7789,0.0,icmp,1591153980,2020-06-03 03:13:00+00:00
23338923,jinan-telecom,wuhan-telecom,48.9688,0.0,icmp,1591154100,2020-06-03 03:15:00+00:00
23339156,jinan-telecom,wuhan-telecom,46.7893,0.0,icmp,1591154220,2020-06-03 03:17:00+00:00
23339376,jinan-telecom,wuhan-telecom,46.2002,0.0,icmp,1591154340,2020-06-03 03:19:00+00:00
23339604,jinan-telecom,wuhan-telecom,49.7124,0.0,icmp,1591154460,2020-06-03 03:21:00+00:00
23339839,jinan-telecom,wuhan-telecom,48.9682,0.0,icmp,1591154580,2020-06-03 03:23:00+00:00
23340056,jinan-telecom,wuhan-telecom,52.4698,0.0,icmp,1591154700,2020-06-03 03:25:00+00:00
23340305,jinan-telecom,wuhan-telecom,40.1223,0.0,icmp,1591154820,2020-06-03 03:27:00+00:00
23340527,jinan-telecom,wuhan-telecom,46.7843,0.0,icmp,1591154940,2020-06-03 03:29:00+00:00
23340763,jinan-telecom,wuhan-telecom,39.7851,0.0,icmp,1591155079,2020-06-03 03:31:19+00:00
23340994,jinan-telecom,wuhan-telecom,50.5099,0.0,icmp,1591155180,2020-06-03 03:33:00+00:00
23341241,jinan-telecom,wuhan-telecom,45.8159,0.0,icmp,1591155300,2020-06-03 03:35:00+00:00
23341457,jinan-telecom,wuhan-telecom,39.7863,0.0,icmp,1591155439,2020-06-03 03:37:19+00:00
23341657,jinan-telecom,wuhan-telecom,48.2067,0.0,icmp,1591155540,2020-06-03 03:39:00+00:00
23341905,jinan-telecom,wuhan-telecom,48.5837,0.0,icmp,1591155660,2020-06-03 03:41:00+00:00
23342135,jinan-telecom,wuhan-telecom,46.6957,0.0,icmp,1591155780,2020-06-03 03:43:00+00:00
23342392,jinan-telecom,wuhan-telecom,52.2588,0.0,icmp,1591155900,2020-06-03 03:45:00+00:00
23342592,jinan-telecom,wuhan-telecom,39.7528,0.0,icmp,1591156039,2020-06-03 03:47:19+00:00
23342823,jinan-telecom,wuhan-telecom,50.8172,0.0,icmp,1591156140,2020-06-03 03:49:00+00:00
23343051,jinan-telecom,wuhan-telecom,43.4478,0.0,icmp,1591156260,2020-06-03 03:51:00+00:00
23343267,jinan-telecom,wuhan-telecom,39.8453,0.0,icmp,1591156399,2020-06-03 03:53:19+00:00
23343506,jinan-telecom,wuhan-telecom,51.1622,0.0,icmp,1591156500,2020-06-03 03:55:00+00:00
23343743,jinan-telecom,wuhan-telecom,52.2528,0.0,icmp,1591156620,2020-06-03 03:57:00+00:00
23343947,jinan-telecom,wuhan-telecom,46.8693,0.0,icmp,1591156740,2020-06-03 03:59:00+00:00
23344206,jinan-telecom,wuhan-telecom,50.2028,0.0,icmp,1591156860,2020-06-03 04:01:00+00:00
23344428,jinan-telecom,wuhan-telecom,50.4306,0.0,icmp,1591156980,2020-06-03 04:03:00+00:00
23344636,jinan-telecom,wuhan-telecom,39.9839,0.0,icmp,1591157119,2020-06-03 04:05:19+00:00
23344890,jinan-telecom,wuhan-telecom,51.1472,0.0,icmp,1591157220,2020-06-03 04:07:00+00:00
23345122,jinan-telecom,wuhan-telecom,50.7611,0.0,icmp,1591157340,2020-06-03 04:09:00+00:00
23345344,jinan-telecom,wuhan-telecom,50.1774,0.0,icmp,1591157460,2020-06-03 04:11:00+00:00
23345557,jinan-telecom,wuhan-telecom,44.8904,0.0,icmp,1591157580,2020-06-03 04:13:00+00:00
23345798,jinan-telecom,wuhan-telecom,48.6091,0.0,icmp,1591157700,2020-06-03 04:15:00+00:00
23346017,jinan-telecom,wuhan-telecom,39.7755,0.0,icmp,1591157839,2020-06-03 04:17:19+00:00
23346263,jinan-telecom,wuhan-telecom,48.1181,0.0,icmp,1591157940,2020-06-03 04:19:00+00:00
23346487,jinan-telecom,wuhan-telecom,40.048,0.0,icmp,1591158079,2020-06-03 04:21:19+00:00
23346711,jinan-telecom,wuhan-telecom,46.3079,0.0,icmp,1591158180,2020-06-03 04:23:00+00:00
23346950,jinan-telecom,wuhan-telecom,47.5028,0.0,icmp,1591158300,2020-06-03 04:25:00+00:00
23347181,jinan-telecom,wuhan-telecom,48.4867,0.0,icmp,1591158420,2020-06-03 04:27:00+00:00
23347407,jinan-telecom,wuhan-telecom,50.2347,0.0,icmp,1591158540,2020-06-03 04:29:00+00:00
23347650,jinan-telecom,wuhan-telecom,51.8739,0.0,icmp,1591158660,2020-06-03 04:31:00+00:00
23347874,jinan-telecom,wuhan-telecom,50.0365,0.0,icmp,1591158780,2020-06-03 04:33:00+00:00
23348074,jinan-telecom,wuhan-telecom,47.0515,0.0,icmp,1591158900,2020-06-03 04:35:00+00:00
23348301,jinan-telecom,wuhan-telecom,48.7272,0.0,icmp,1591159020,2020-06-03 04:37:00+00:00
23348547,jinan-telecom,wuhan-telecom,51.3984,0.0,icmp,1591159140,2020-06-03 04:39:00+00:00
23348790,jinan-telecom,wuhan-telecom,40.2437,0.0,icmp,1591159279,2020-06-03 04:41:19+00:00
23349013,jinan-telecom,wuhan-telecom,52.1035,0.0,icmp,1591159380,2020-06-03 04:43:00+00:00
23349232,jinan-telecom,wuhan-telecom,39.8976,0.0,icmp,1591159519,2020-06-03 04:45:19+00:00
23349450,jinan-telecom,wuhan-telecom,47.2673,0.0,icmp,1591159620,2020-06-03 04:47:00+00:00
23349705,jinan-telecom,wuhan-telecom,41.4392,0.0,icmp,1591159740,2020-06-03 04:49:00+00:00
23349922,jinan-telecom,wuhan-telecom,50.181,0.0,icmp,1591159860,2020-06-03 04:51:00+00:00
23350145,jinan-telecom,wuhan-telecom,40.1784,0.0,icmp,1591159999,2020-06-03 04:53:19+00:00
23350372,jinan-telecom,wuhan-telecom,51.1621,0.0,icmp,1591160100,2020-06-03 04:55:00+00:00
23350606,jinan-telecom,wuhan-telecom,44.5893,0.0,icmp,1591160220,2020-06-03 04:57:00+00:00
23350833,jinan-telecom,wuhan-telecom,49.6061,0.0,icmp,1591160340,2020-06-03 04:59:00+00:00
23351077,jinan-telecom,wuhan-telecom,48.2646,0.0,icmp,1591160460,2020-06-03 05:01:00+00:00
23351284,jinan-telecom,wuhan-telecom,48.9915,0.0,icmp,1591160580,2020-06-03 05:03:00+00:00
23351522,jinan-telecom,wuhan-telecom,39.974,0.0,icmp,1591160719,2020-06-03 05:05:19+00:00
23351751,jinan-telecom,wuhan-telecom,39.8192,0.0,icmp,1591160839,2020-06-03 05:07:19+00:00
23351972,jinan-telecom,wuhan-telecom,40.2475,0.0,icmp,1591160959,2020-06-03 05:09:19+00:00
23352218,jinan-telecom,wuhan-telecom,51.6386,0.0,icmp,1591161060,2020-06-03 05:11:00+00:00
23352443,jinan-telecom,wuhan-telecom,45.6351,0.0,icmp,1591161180,2020-06-03 05:13:00+00:00
23352652,jinan-telecom,wuhan-telecom,39.7192,0.0,icmp,1591161319,2020-06-03 05:15:19+00:00
23352915,jinan-telecom,wuhan-telecom,44.7546,0.0,icmp,1591161420,2020-06-03 05:17:00+00:00
23353143,jinan-telecom,wuhan-telecom,50.1286,0.0,icmp,1591161540,2020-06-03 05:19:00+00:00
23353343,jinan-telecom,wuhan-telecom,49.2096,0.0,icmp,1591161660,2020-06-03 05:21:00+00:00
23353591,jinan-telecom,wuhan-telecom,49.1568,0.0,icmp,1591161780,2020-06-03 05:23:00+00:00
23353820,jinan-telecom,wuhan-telecom,47.0793,0.0,icmp,1591161900,2020-06-03 05:25:00+00:00
23354040,jinan-telecom,wuhan-telecom,48.9307,0.0,icmp,1591162020,2020-06-03 05:27:00+00:00
23354270,jinan-telecom,wuhan-telecom,52.6868,0.0,icmp,1591162140,2020-06-03 05:29:00+00:00
23354485,jinan-telecom,wuhan-telecom,39.7222,0.0,icmp,1591162279,2020-06-03 05:31:19+00:00
23354723,jinan-telecom,wuhan-telecom,50.1085,0.0,icmp,1591162380,2020-06-03 05:33:00+00:00
23354961,jinan-telecom,wuhan-telecom,45.3877,0.0,icmp,1591162500,2020-06-03 05:35:00+00:00
23355178,jinan-telecom,wuhan-telecom,48.7444,0.0,icmp,1591162620,2020-06-03 05:37:00+00:00
23355433,jinan-telecom,wuhan-telecom,49.896,0.0,icmp,1591162740,2020-06-03 05:39:00+00:00
23355631,jinan-telecom,wuhan-telecom,39.7889,0.0,icmp,1591162879,2020-06-03 05:41:19+00:00
23355873,jinan-telecom,wuhan-telecom,51.4295,0.0,icmp,1591162980,2020-06-03 05:43:00+00:00
23356096,jinan-telecom,wuhan-telecom,39.7808,0.0,icmp,1591163119,2020-06-03 05:45:19+00:00
23356329,jinan-telecom,wuhan-telecom,49.1347,0.0,icmp,1591163220,2020-06-03 05:47:00+00:00
23356557,jinan-telecom,wuhan-telecom,48.2119,0.0,icmp,1591163340,2020-06-03 05:49:00+00:00
23356777,jinan-telecom,wuhan-telecom,48.0694,0.0,icmp,1591163460,2020-06-03 05:51:00+00:00
23357005,jinan-telecom,wuhan-telecom,49.9026,0.0,icmp,1591163580,2020-06-03 05:53:00+00:00
23357258,jinan-telecom,wuhan-telecom,47.8395,0.0,icmp,1591163700,2020-06-03 05:55:00+00:00
23357498,jinan-telecom,wuhan-telecom,50.4786,0.0,icmp,1591163820,2020-06-03 05:57:00+00:00
23357694,jinan-telecom,wuhan-telecom,50.3813,0.0,icmp,1591163940,2020-06-03 05:59:00+00:00
23357947,jinan-telecom,wuhan-telecom,42.4538,0.0,icmp,1591164060,2020-06-03 06:01:00+00:00
23358168,jinan-telecom,wuhan-telecom,40.1459,0.0,icmp,1591164199,2020-06-03 06:03:19+00:00
23358375,jinan-telecom,wuhan-telecom,46.2356,0.0,icmp,1591164300,2020-06-03 06:05:00+00:00
23358607,jinan-telecom,wuhan-telecom,47.5378,0.0,icmp,1591164420,2020-06-03 06:07:00+00:00
23358842,jinan-telecom,wuhan-telecom,40.4797,0.0,icmp,1591164540,2020-06-03 06:09:00+00:00
23359084,jinan-telecom,wuhan-telecom,39.7275,0.0,icmp,1591164679,2020-06-03 06:11:19+00:00
23359310,jinan-telecom,wuhan-telecom,46.8695,0.0,icmp,1591164780,2020-06-03 06:13:00+00:00
23359540,jinan-telecom,wuhan-telecom,47.5615,0.0,icmp,1591164900,2020-06-03 06:15:00+00:00
23359765,jinan-telecom,wuhan-telecom,39.6315,0.0,icmp,1591165039,2020-06-03 06:17:19+00:00
23359981,jinan-telecom,wuhan-telecom,47.7277,0.0,icmp,1591165140,2020-06-03 06:19:00+00:00
23360218,jinan-telecom,wuhan-telecom,45.2316,0.0,icmp,1591165260,2020-06-03 06:21:00+00:00
23360447,jinan-telecom,wuhan-telecom,49.3657,0.0,icmp,1591165380,2020-06-03 06:23:00+00:00
23360684,jinan-telecom,wuhan-telecom,50.6204,0.0,icmp,1591165500,2020-06-03 06:25:00+00:00
23360900,jinan-telecom,wuhan-telecom,48.5577,0.0,icmp,1591165620,2020-06-03 06:27:00+00:00
23361138,jinan-telecom,wuhan-telecom,39.6411,0.0,icmp,1591165759,2020-06-03 06:29:19+00:00
23361380,jinan-telecom,wuhan-telecom,51.5889,0.0,icmp,1591165860,2020-06-03 06:31:00+00:00
23361610,jinan-telecom,wuhan-telecom,50.3826,0.0,icmp,1591165980,2020-06-03 06:33:00+00:00
23361827,jinan-telecom,wuhan-telecom,48.062,0.0,icmp,1591166100,2020-06-03 06:35:00+00:00
23362055,jinan-telecom,wuhan-telecom,39.7633,0.0,icmp,1591166239,2020-06-03 06:37:19+00:00
23362285,jinan-telecom,wuhan-telecom,39.6708,0.0,icmp,1591166359,2020-06-03 06:39:19+00:00
23362518,jinan-telecom,wuhan-telecom,39.7792,0.0,icmp,1591166479,2020-06-03 06:41:19+00:00
23362734,jinan-telecom,wuhan-telecom,49.1505,0.0,icmp,1591166580,2020-06-03 06:43:00+00:00
23362977,jinan-telecom,wuhan-telecom,51.0948,0.0,icmp,1591166700,2020-06-03 06:45:00+00:00
23363209,jinan-telecom,wuhan-telecom,39.6519,0.0,icmp,1591166839,2020-06-03 06:47:19+00:00
23363437,jinan-telecom,wuhan-telecom,50.8978,0.0,icmp,1591166940,2020-06-03 06:49:00+00:00
23363669,jinan-telecom,wuhan-telecom,49.0967,0.0,icmp,1591167060,2020-06-03 06:51:00+00:00
23363900,jinan-telecom,wuhan-telecom,47.0898,0.0,icmp,1591167180,2020-06-03 06:53:00+00:00
23364121,jinan-telecom,wuhan-telecom,49.6442,0.0,icmp,1591167300,2020-06-03 06:55:00+00:00
23364336,jinan-telecom,wuhan-telecom,39.6816,0.0,icmp,1591167439,2020-06-03 06:57:19+00:00
23364584,jinan-telecom,wuhan-telecom,50.8107,0.0,icmp,1591167540,2020-06-03 06:59:00+00:00
23364790,jinan-telecom,wuhan-telecom,39.6861,0.0,icmp,1591167679,2020-06-03 07:01:19+00:00
23365023,jinan-telecom,wuhan-telecom,49.2375,0.0,icmp,1591167780,2020-06-03 07:03:00+00:00
23365259,jinan-telecom,wuhan-telecom,47.6303,0.0,icmp,1591167900,2020-06-03 07:05:00+00:00
23365493,jinan-telecom,wuhan-telecom,51.0588,0.0,icmp,1591168020,2020-06-03 07:07:00+00:00
23365739,jinan-telecom,wuhan-telecom,44.1752,0.0,icmp,1591168140,2020-06-03 07:09:00+00:00
23365938,jinan-telecom,wuhan-telecom,54.4467,2.0,icmp,1591168260,2020-06-03 07:11:00+00:00
23366188,jinan-telecom,wuhan-telecom,47.3473,0.0,icmp,1591168380,2020-06-03 07:13:00+00:00
23366394,jinan-telecom,wuhan-telecom,48.8268,0.0,icmp,1591168500,2020-06-03 07:15:00+00:00
23366643,jinan-telecom,wuhan-telecom,49.4126,0.0,icmp,1591168620,2020-06-03 07:17:00+00:00
23366863,jinan-telecom,wuhan-telecom,49.6058,0.0,icmp,1591168740,2020-06-03 07:19:00+00:00
23367074,jinan-telecom,wuhan-telecom,46.141,0.0,icmp,1591168860,2020-06-03 07:21:00+00:00
23367324,jinan-telecom,wuhan-telecom,47.7954,0.0,icmp,1591168980,2020-06-03 07:23:00+00:00
23367548,jinan-telecom,wuhan-telecom,49.2429,0.0,icmp,1591169100,2020-06-03 07:25:00+00:00
23367778,jinan-telecom,wuhan-telecom,39.6763,0.0,icmp,1591169239,2020-06-03 07:27:19+00:00
23368003,jinan-telecom,wuhan-telecom,48.736,0.0,icmp,1591169340,2020-06-03 07:29:00+00:00
23368266,jinan-telecom,wuhan-telecom,49.5293,0.0,icmp,1591169460,2020-06-03 07:31:00+00:00
23368477,jinan-telecom,wuhan-telecom,39.9553,0.0,icmp,1591169599,2020-06-03 07:33:19+00:00
23368692,jinan-telecom,wuhan-telecom,47.0073,0.0,icmp,1591169700,2020-06-03 07:35:00+00:00
23368943,jinan-telecom,wuhan-telecom,50.5247,0.0,icmp,1591169820,2020-06-03 07:37:00+00:00
23369150,jinan-telecom,wuhan-telecom,51.9967,0.0,icmp,1591169940,2020-06-03 07:39:00+00:00
23369373,jinan-telecom,wuhan-telecom,48.395,0.0,icmp,1591170060,2020-06-03 07:41:00+00:00
23369624,jinan-telecom,wuhan-telecom,46.9809,0.0,icmp,1591170180,2020-06-03 07:43:00+00:00
23369846,jinan-telecom,wuhan-telecom,50.5889,0.0,icmp,1591170300,2020-06-03 07:45:00+00:00
23370082,jinan-telecom,wuhan-telecom,50.8416,0.0,icmp,1591170420,2020-06-03 07:47:00+00:00
23370311,jinan-telecom,wuhan-telecom,39.8137,0.0,icmp,1591170559,2020-06-03 07:49:19+00:00
23370540,jinan-telecom,wuhan-telecom,40.1057,0.0,icmp,1591170679,2020-06-03 07:51:19+00:00
23370743,jinan-telecom,wuhan-telecom,42.8948,0.0,icmp,1591170780,2020-06-03 07:53:00+00:00
23370968,jinan-telecom,wuhan-telecom,41.9324,0.0,icmp,1591170900,2020-06-03 07:55:00+00:00
23371214,jinan-telecom,wuhan-telecom,39.8529,0.0,icmp,1591171039,2020-06-03 07:57:19+00:00
23371442,jinan-telecom,wuhan-telecom,46.9098,0.0,icmp,1591171140,2020-06-03 07:59:00+00:00
23371682,jinan-telecom,wuhan-telecom,49.104,0.0,icmp,1591171260,2020-06-03 08:01:00+00:00
23371905,jinan-telecom,wuhan-telecom,39.9021,0.0,icmp,1591171399,2020-06-03 08:03:19+00:00
23372128,jinan-telecom,wuhan-telecom,46.3339,0.0,icmp,1591171500,2020-06-03 08:05:00+00:00
23372364,jinan-telecom,wuhan-telecom,43.6098,0.0,icmp,1591171620,2020-06-03 08:07:00+00:00
23372590,jinan-telecom,wuhan-telecom,49.0272,0.0,icmp,1591171740,2020-06-03 08:09:00+00:00
23372829,jinan-telecom,wuhan-telecom,47.704,0.0,icmp,1591171860,2020-06-03 08:11:00+00:00
23373044,jinan-telecom,wuhan-telecom,53.9528,0.0,icmp,1591171980,2020-06-03 08:13:00+00:00
23373294,jinan-telecom,wuhan-telecom,46.6758,0.0,icmp,1591172100,2020-06-03 08:15:00+00:00
23373520,jinan-telecom,wuhan-telecom,50.9353,0.0,icmp,1591172220,2020-06-03 08:17:00+00:00
23373738,jinan-telecom,wuhan-telecom,39.6624,0.0,icmp,1591172359,2020-06-03 08:19:19+00:00
23373971,jinan-telecom,wuhan-telecom,39.8021,0.0,icmp,1591172479,2020-06-03 08:21:19+00:00
23374186,jinan-telecom,wuhan-telecom,39.8232,0.0,icmp,1591172599,2020-06-03 08:23:19+00:00
23374420,jinan-telecom,wuhan-telecom,44.9694,0.0,icmp,1591172700,2020-06-03 08:25:00+00:00
23374649,jinan-telecom,wuhan-telecom,41.3555,0.0,icmp,1591172820,2020-06-03 08:27:00+00:00
23374868,jinan-telecom,wuhan-telecom,48.5749,0.0,icmp,1591172940,2020-06-03 08:29:00+00:00
23375100,jinan-telecom,wuhan-telecom,50.7688,0.0,icmp,1591173060,2020-06-03 08:31:00+00:00
23375325,jinan-telecom,wuhan-telecom,44.4126,0.0,icmp,1591173180,2020-06-03 08:33:00+00:00
23375570,jinan-telecom,wuhan-telecom,49.0984,0.0,icmp,1591173300,2020-06-03 08:35:00+00:00
23375781,jinan-telecom,wuhan-telecom,49.1709,0.0,icmp,1591173420,2020-06-03 08:37:00+00:00
23376016,jinan-telecom,wuhan-telecom,46.9625,0.0,icmp,1591173540,2020-06-03 08:39:00+00:00
23376261,jinan-telecom,wuhan-telecom,52.0186,0.0,icmp,1591173660,2020-06-03 08:41:00+00:00
23376473,jinan-telecom,wuhan-telecom,39.8987,0.0,icmp,1591173799,2020-06-03 08:43:19+00:00
23376740,jinan-telecom,wuhan-telecom,49.7284,0.0,icmp,1591173900,2020-06-03 08:45:00+00:00
23376939,jinan-telecom,wuhan-telecom,46.679,0.0,icmp,1591174020,2020-06-03 08:47:00+00:00
23377170,jinan-telecom,wuhan-telecom,51.2638,0.0,icmp,1591174140,2020-06-03 08:49:00+00:00
23377387,jinan-telecom,wuhan-telecom,39.873,0.0,icmp,1591174279,2020-06-03 08:51:19+00:00
23377628,jinan-telecom,wuhan-telecom,51.5359,0.0,icmp,1591174380,2020-06-03 08:53:00+00:00
23377858,jinan-telecom,wuhan-telecom,53.3736,0.0,icmp,1591174500,2020-06-03 08:55:00+00:00
23378078,jinan-telecom,wuhan-telecom,49.276,0.0,icmp,1591174620,2020-06-03 08:57:00+00:00
23378309,jinan-telecom,wuhan-telecom,45.7676,0.0,icmp,1591174740,2020-06-03 08:59:00+00:00
23378541,jinan-telecom,wuhan-telecom,51.9033,0.0,icmp,1591174860,2020-06-03 09:01:00+00:00
23378759,jinan-telecom,wuhan-telecom,48.667,0.0,icmp,1591174980,2020-06-03 09:03:00+00:00
23378998,jinan-telecom,wuhan-telecom,39.7776,0.0,icmp,1591175119,2020-06-03 09:05:19+00:00
23379236,jinan-telecom,wuhan-telecom,49.1877,0.0,icmp,1591175220,2020-06-03 09:07:00+00:00
23379440,jinan-telecom,wuhan-telecom,51.2332,0.0,icmp,1591175340,2020-06-03 09:09:00+00:00
23379689,jinan-telecom,wuhan-telecom,47.8173,0.0,icmp,1591175460,2020-06-03 09:11:00+00:00
23379931,jinan-telecom,wuhan-telecom,48.5727,0.0,icmp,1591175580,2020-06-03 09:13:00+00:00
23380152,jinan-telecom,wuhan-telecom,39.7334,0.0,icmp,1591175719,2020-06-03 09:15:19+00:00
23380389,jinan-telecom,wuhan-telecom,39.667,0.0,icmp,1591175839,2020-06-03 09:17:19+00:00
23380605,jinan-telecom,wuhan-telecom,51.3594,0.0,icmp,1591175940,2020-06-03 09:19:00+00:00
23380848,jinan-telecom,wuhan-telecom,46.5206,0.0,icmp,1591176060,2020-06-03 09:21:00+00:00
23381073,jinan-telecom,wuhan-telecom,39.768,0.0,icmp,1591176199,2020-06-03 09:23:19+00:00
23381285,jinan-telecom,wuhan-telecom,39.7122,0.0,icmp,1591176319,2020-06-03 09:25:19+00:00
23381537,jinan-telecom,wuhan-telecom,39.7356,0.0,icmp,1591176439,2020-06-03 09:27:19+00:00
23381736,jinan-telecom,wuhan-telecom,51.3059,0.0,icmp,1591176540,2020-06-03 09:29:00+00:00
23381979,jinan-telecom,wuhan-telecom,40.0396,0.0,icmp,1591176679,2020-06-03 09:31:19+00:00
23382223,jinan-telecom,wuhan-telecom,49.5404,0.0,icmp,1591176780,2020-06-03 09:33:00+00:00
23382439,jinan-telecom,wuhan-telecom,44.6131,0.0,icmp,1591176900,2020-06-03 09:35:00+00:00
23382675,jinan-telecom,wuhan-telecom,48.9563,0.0,icmp,1591177020,2020-06-03 09:37:00+00:00
23382909,jinan-telecom,wuhan-telecom,39.6116,0.0,icmp,1591177159,2020-06-03 09:39:19+00:00
23383132,jinan-telecom,wuhan-telecom,39.8128,0.0,icmp,1591177279,2020-06-03 09:41:19+00:00
23383368,jinan-telecom,wuhan-telecom,48.5536,0.0,icmp,1591177380,2020-06-03 09:43:00+00:00
23383565,jinan-telecom,wuhan-telecom,50.812,0.0,icmp,1591177500,2020-06-03 09:45:00+00:00
23383832,jinan-telecom,wuhan-telecom,48.3136,0.0,icmp,1591177620,2020-06-03 09:47:00+00:00
23384052,jinan-telecom,wuhan-telecom,49.4773,0.0,icmp,1591177740,2020-06-03 09:49:00+00:00
23384286,jinan-telecom,wuhan-telecom,39.8934,0.0,icmp,1591177879,2020-06-03 09:51:19+00:00
23384512,jinan-telecom,wuhan-telecom,40.157,0.0,icmp,1591177999,2020-06-03 09:53:19+00:00
23384724,jinan-telecom,wuhan-telecom,39.6564,0.0,icmp,1591178119,2020-06-03 09:55:19+00:00
23384979,jinan-telecom,wuhan-telecom,50.66,0.0,icmp,1591178220,2020-06-03 09:57:00+00:00
23385193,jinan-telecom,wuhan-telecom,45.0123,0.0,icmp,1591178340,2020-06-03 09:59:00+00:00
23385402,jinan-telecom,wuhan-telecom,50.8934,0.0,icmp,1591178460,2020-06-03 10:01:00+00:00
23385643,jinan-telecom,wuhan-telecom,46.8801,0.0,icmp,1591178580,2020-06-03 10:03:00+00:00
23385862,jinan-telecom,wuhan-telecom,47.4241,0.0,icmp,1591178700,2020-06-03 10:05:00+00:00
23386102,jinan-telecom,wuhan-telecom,49.7225,0.0,icmp,1591178820,2020-06-03 10:07:00+00:00
23386333,jinan-telecom,wuhan-telecom,40.9885,0.0,icmp,1591178940,2020-06-03 10:09:00+00:00
23386574,jinan-telecom,wuhan-telecom,49.7069,0.0,icmp,1591179060,2020-06-03 10:11:00+00:00
23386800,jinan-telecom,wuhan-telecom,39.8608,0.0,icmp,1591179199,2020-06-03 10:13:19+00:00
23387011,jinan-telecom,wuhan-telecom,50.0399,0.0,icmp,1591179300,2020-06-03 10:15:00+00:00
23387231,jinan-telecom,wuhan-telecom,45.1071,0.0,icmp,1591179420,2020-06-03 10:17:00+00:00
23387484,jinan-telecom,wuhan-telecom,40.5526,0.0,icmp,1591179540,2020-06-03 10:19:00+00:00
23387722,jinan-telecom,wuhan-telecom,39.8531,0.0,icmp,1591179679,2020-06-03 10:21:19+00:00
23387918,jinan-telecom,wuhan-telecom,41.2761,0.0,icmp,1591179780,2020-06-03 10:23:00+00:00
23388144,jinan-telecom,wuhan-telecom,49.2671,0.0,icmp,1591179900,2020-06-03 10:25:00+00:00
23388390,jinan-telecom,wuhan-telecom,39.7422,0.0,icmp,1591180039,2020-06-03 10:27:19+00:00
23388634,jinan-telecom,wuhan-telecom,39.7178,0.0,icmp,1591180159,2020-06-03 10:29:19+00:00
23388838,jinan-telecom,wuhan-telecom,49.779,0.0,icmp,1591180260,2020-06-03 10:31:00+00:00
23389106,jinan-telecom,wuhan-telecom,48.5621,0.0,icmp,1591180380,2020-06-03 10:33:00+00:00
23389302,jinan-telecom,wuhan-telecom,52.4852,0.0,icmp,1591180500,2020-06-03 10:35:00+00:00
23389518,jinan-telecom,wuhan-telecom,50.0767,0.0,icmp,1591180620,2020-06-03 10:37:00+00:00
23389763,jinan-telecom,wuhan-telecom,43.804,0.0,icmp,1591180740,2020-06-03 10:39:00+00:00
23389994,jinan-telecom,wuhan-telecom,49.0588,0.0,icmp,1591180860,2020-06-03 10:41:00+00:00
23390206,jinan-telecom,wuhan-telecom,48.0987,0.0,icmp,1591180980,2020-06-03 10:43:00+00:00
23390437,jinan-telecom,wuhan-telecom,50.9575,0.0,icmp,1591181100,2020-06-03 10:45:00+00:00
23390698,jinan-telecom,wuhan-telecom,48.3314,0.0,icmp,1591181220,2020-06-03 10:47:00+00:00
23390894,jinan-telecom,wuhan-telecom,51.8886,0.0,icmp,1591181340,2020-06-03 10:49:00+00:00
23391133,jinan-telecom,wuhan-telecom,42.452,0.0,icmp,1591181460,2020-06-03 10:51:00+00:00
23391361,jinan-telecom,wuhan-telecom,39.7226,0.0,icmp,1591181599,2020-06-03 10:53:19+00:00
23391586,jinan-telecom,wuhan-telecom,39.7379,0.0,icmp,1591181719,2020-06-03 10:55:19+00:00
23391844,jinan-telecom,wuhan-telecom,44.5036,0.0,icmp,1591181820,2020-06-03 10:57:00+00:00
23392049,jinan-telecom,wuhan-telecom,51.0331,0.0,icmp,1591181940,2020-06-03 10:59:00+00:00
23392287,jinan-telecom,wuhan-telecom,48.9553,0.0,icmp,1591182060,2020-06-03 11:01:00+00:00
23392520,jinan-telecom,wuhan-telecom,47.2581,0.0,icmp,1591182180,2020-06-03 11:03:00+00:00
23392727,jinan-telecom,wuhan-telecom,49.2436,0.0,icmp,1591182300,2020-06-03 11:05:00+00:00
23392973,jinan-telecom,wuhan-telecom,51.6406,0.0,icmp,1591182420,2020-06-03 11:07:00+00:00
23393205,jinan-telecom,wuhan-telecom,40.0556,0.0,icmp,1591182559,2020-06-03 11:09:19+00:00
23393434,jinan-telecom,wuhan-telecom,48.5078,0.0,icmp,1591182660,2020-06-03 11:11:00+00:00
23393642,jinan-telecom,wuhan-telecom,39.7291,0.0,icmp,1591182799,2020-06-03 11:13:19+00:00
23393877,jinan-telecom,wuhan-telecom,39.6886,0.0,icmp,1591182919,2020-06-03 11:15:19+00:00
23394108,jinan-telecom,wuhan-telecom,47.4722,0.0,icmp,1591183020,2020-06-03 11:17:00+00:00
23394341,jinan-telecom,wuhan-telecom,39.7927,0.0,icmp,1591183159,2020-06-03 11:19:19+00:00
23394559,jinan-telecom,wuhan-telecom,47.4638,0.0,icmp,1591183260,2020-06-03 11:21:00+00:00
23394807,jinan-telecom,wuhan-telecom,49.5462,0.0,icmp,1591183380,2020-06-03 11:23:00+00:00
23395032,jinan-telecom,wuhan-telecom,45.7461,0.0,icmp,1591183500,2020-06-03 11:25:00+00:00
23395255,jinan-telecom,wuhan-telecom,39.97,0.0,icmp,1591183639,2020-06-03 11:27:19+00:00
23395487,jinan-telecom,wuhan-telecom,45.6133,0.0,icmp,1591183740,2020-06-03 11:29:00+00:00
23395713,jinan-telecom,wuhan-telecom,39.6774,0.0,icmp,1591183879,2020-06-03 11:31:19+00:00
23395943,jinan-telecom,wuhan-telecom,39.9168,0.0,icmp,1591183999,2020-06-03 11:33:19+00:00
23396179,jinan-telecom,wuhan-telecom,46.5553,0.0,icmp,1591184100,2020-06-03 11:35:00+00:00
23396419,jinan-telecom,wuhan-telecom,49.2783,0.0,icmp,1591184220,2020-06-03 11:37:00+00:00
23396628,jinan-telecom,wuhan-telecom,48.1963,0.0,icmp,1591184340,2020-06-03 11:39:00+00:00
23396872,jinan-telecom,wuhan-telecom,40.8271,0.0,icmp,1591184460,2020-06-03 11:41:00+00:00
23397094,jinan-telecom,wuhan-telecom,46.0922,0.0,icmp,1591184580,2020-06-03 11:43:00+00:00
23397325,jinan-telecom,wuhan-telecom,44.305,0.0,icmp,1591184700,2020-06-03 11:45:00+00:00
23397583,jinan-telecom,wuhan-telecom,51.0216,0.0,icmp,1591184820,2020-06-03 11:47:00+00:00
23397783,jinan-telecom,wuhan-telecom,52.1093,0.0,icmp,1591184940,2020-06-03 11:49:00+00:00
23398022,jinan-telecom,wuhan-telecom,39.7518,0.0,icmp,1591185079,2020-06-03 11:51:19+00:00
23398230,jinan-telecom,wuhan-telecom,50.5505,0.0,icmp,1591185180,2020-06-03 11:53:00+00:00
23398469,jinan-telecom,wuhan-telecom,39.798,0.0,icmp,1591185319,2020-06-03 11:55:19+00:00
23398697,jinan-telecom,wuhan-telecom,50.5972,0.0,icmp,1591185420,2020-06-03 11:57:00+00:00
23398929,jinan-telecom,wuhan-telecom,49.7592,0.0,icmp,1591185540,2020-06-03 11:59:00+00:00
23399147,jinan-telecom,wuhan-telecom,49.0487,0.0,icmp,1591185660,2020-06-03 12:01:00+00:00
23399367,jinan-telecom,wuhan-telecom,39.9399,0.0,icmp,1591185799,2020-06-03 12:03:19+00:00
23399600,jinan-telecom,wuhan-telecom,47.7418,0.0,icmp,1591185900,2020-06-03 12:05:00+00:00
23399870,jinan-telecom,wuhan-telecom,50.8073,0.0,icmp,1591186020,2020-06-03 12:07:00+00:00
23400054,jinan-telecom,wuhan-telecom,39.9163,0.0,icmp,1591186159,2020-06-03 12:09:19+00:00
23400306,jinan-telecom,wuhan-telecom,47.5425,0.0,icmp,1591186260,2020-06-03 12:11:00+00:00
23400541,jinan-telecom,wuhan-telecom,40.0963,0.0,icmp,1591186399,2020-06-03 12:13:19+00:00
23400762,jinan-telecom,wuhan-telecom,46.8342,0.0,icmp,1591186500,2020-06-03 12:15:00+00:00
23400976,jinan-telecom,wuhan-telecom,48.1222,0.0,icmp,1591186620,2020-06-03 12:17:00+00:00
23401225,jinan-telecom,wuhan-telecom,40.6363,0.0,icmp,1591186740,2020-06-03 12:19:00+00:00
23401448,jinan-telecom,wuhan-telecom,48.063,0.0,icmp,1591186860,2020-06-03 12:21:00+00:00
23401684,jinan-telecom,wuhan-telecom,52.3285,0.0,icmp,1591186980,2020-06-03 12:23:00+00:00
23401904,jinan-telecom,wuhan-telecom,39.9258,0.0,icmp,1591187119,2020-06-03 12:25:19+00:00
23402132,jinan-telecom,wuhan-telecom,48.8472,0.0,icmp,1591187220,2020-06-03 12:27:00+00:00
23402352,jinan-telecom,wuhan-telecom,46.818,0.0,icmp,1591187340,2020-06-03 12:29:00+00:00
23402603,jinan-telecom,wuhan-telecom,49.1382,0.0,icmp,1591187460,2020-06-03 12:31:00+00:00
23402809,jinan-telecom,wuhan-telecom,49.3905,0.0,icmp,1591187580,2020-06-03 12:33:00+00:00
23403036,jinan-telecom,wuhan-telecom,48.9134,0.0,icmp,1591187700,2020-06-03 12:35:00+00:00
23403288,jinan-telecom,wuhan-telecom,46.4859,0.0,icmp,1591187820,2020-06-03 12:37:00+00:00
23403518,jinan-telecom,wuhan-telecom,45.9273,0.0,icmp,1591187940,2020-06-03 12:39:00+00:00
23403722,jinan-telecom,wuhan-telecom,50.022,0.0,icmp,1591188060,2020-06-03 12:41:00+00:00
23403967,jinan-telecom,wuhan-telecom,39.7435,0.0,icmp,1591188199,2020-06-03 12:43:19+00:00
29283434,jinan-telecom,wuhan-telecom,48.0309,0.0,icmp,1591188300,2020-06-03 12:45:00+00:00
29283644,jinan-telecom,wuhan-telecom,50.9343,0.0,icmp,1591188420,2020-06-03 12:47:00+00:00
29283883,jinan-telecom,wuhan-telecom,48.0649,0.0,icmp,1591188540,2020-06-03 12:49:00+00:00
29284134,jinan-telecom,wuhan-telecom,40.0595,0.0,icmp,1591188679,2020-06-03 12:51:19+00:00
29284343,jinan-telecom,wuhan-telecom,42.1212,0.0,icmp,1591188780,2020-06-03 12:53:00+00:00
29284560,jinan-telecom,wuhan-telecom,39.6474,0.0,icmp,1591188919,2020-06-03 12:55:19+00:00
29284799,jinan-telecom,wuhan-telecom,39.8639,0.0,icmp,1591189039,2020-06-03 12:57:19+00:00
29285031,jinan-telecom,wuhan-telecom,39.9295,0.0,icmp,1591189159,2020-06-03 12:59:19+00:00
29285262,jinan-telecom,wuhan-telecom,46.8292,0.0,icmp,1591189260,2020-06-03 13:01:00+00:00
29285476,jinan-telecom,wuhan-telecom,49.0899,0.0,icmp,1591189380,2020-06-03 13:03:00+00:00
29285734,jinan-telecom,wuhan-telecom,47.462,0.0,icmp,1591189500,2020-06-03 13:05:00+00:00
29285941,jinan-telecom,wuhan-telecom,42.4909,0.0,icmp,1591189620,2020-06-03 13:07:00+00:00
29286185,jinan-telecom,wuhan-telecom,50.3495,0.0,icmp,1591189740,2020-06-03 13:09:00+00:00
29286409,jinan-telecom,wuhan-telecom,44.7401,0.0,icmp,1591189860,2020-06-03 13:11:00+00:00
29286636,jinan-telecom,wuhan-telecom,39.9678,0.0,icmp,1591189999,2020-06-03 13:13:19+00:00
29286858,jinan-telecom,wuhan-telecom,44.2868,0.0,icmp,1591190100,2020-06-03 13:15:00+00:00
29287080,jinan-telecom,wuhan-telecom,51.069,0.0,icmp,1591190220,2020-06-03 13:17:00+00:00
29287338,jinan-telecom,wuhan-telecom,40.3796,0.0,icmp,1591190340,2020-06-03 13:19:00+00:00
29287543,jinan-telecom,wuhan-telecom,46.2894,0.0,icmp,1591190460,2020-06-03 13:21:00+00:00
29287787,jinan-telecom,wuhan-telecom,46.4058,0.0,icmp,1591190580,2020-06-03 13:23:00+00:00
29287997,jinan-telecom,wuhan-telecom,39.7461,0.0,icmp,1591190719,2020-06-03 13:25:19+00:00
29288270,jinan-telecom,wuhan-telecom,49.2578,0.0,icmp,1591190820,2020-06-03 13:27:00+00:00
29288469,jinan-telecom,wuhan-telecom,39.9413,0.0,icmp,1591190959,2020-06-03 13:29:19+00:00
29288692,jinan-telecom,wuhan-telecom,48.8458,0.0,icmp,1591191060,2020-06-03 13:31:00+00:00
29288920,jinan-telecom,wuhan-telecom,50.4951,0.0,icmp,1591191180,2020-06-03 13:33:00+00:00
29289148,jinan-telecom,wuhan-telecom,45.4372,0.0,icmp,1591191300,2020-06-03 13:35:00+00:00
29289378,jinan-telecom,wuhan-telecom,39.6302,0.0,icmp,1591191439,2020-06-03 13:37:19+00:00
29289611,jinan-telecom,wuhan-telecom,50.5349,0.0,icmp,1591191540,2020-06-03 13:39:00+00:00
29289828,jinan-telecom,wuhan-telecom,47.0918,0.0,icmp,1591191660,2020-06-03 13:41:00+00:00
29290062,jinan-telecom,wuhan-telecom,39.7452,0.0,icmp,1591191799,2020-06-03 13:43:19+00:00
29290299,jinan-telecom,wuhan-telecom,39.7072,0.0,icmp,1591191919,2020-06-03 13:45:19+00:00
29290528,jinan-telecom,wuhan-telecom,40.058,0.0,icmp,1591192039,2020-06-03 13:47:19+00:00
29290767,jinan-telecom,wuhan-telecom,48.7594,0.0,icmp,1591192140,2020-06-03 13:49:00+00:00
29290988,jinan-telecom,wuhan-telecom,47.3677,0.0,icmp,1591192260,2020-06-03 13:51:00+00:00
29291233,jinan-telecom,wuhan-telecom,48.2434,0.0,icmp,1591192380,2020-06-03 13:53:00+00:00
29291437,jinan-telecom,wuhan-telecom,41.7475,0.0,icmp,1591192500,2020-06-03 13:55:00+00:00
29291677,jinan-telecom,wuhan-telecom,51.6695,0.0,icmp,1591192620,2020-06-03 13:57:00+00:00
29291899,jinan-telecom,wuhan-telecom,45.1237,0.0,icmp,1591192740,2020-06-03 13:59:00+00:00
29292146,jinan-telecom,wuhan-telecom,48.5091,0.0,icmp,1591192860,2020-06-03 14:01:00+00:00
29292366,jinan-telecom,wuhan-telecom,49.4345,0.0,icmp,1591192980,2020-06-03 14:03:00+00:00
29292590,jinan-telecom,wuhan-telecom,48.8243,0.0,icmp,1591193100,2020-06-03 14:05:00+00:00
29292829,jinan-telecom,wuhan-telecom,45.858,0.0,icmp,1591193220,2020-06-03 14:07:00+00:00
29293051,jinan-telecom,wuhan-telecom,46.6575,0.0,icmp,1591193340,2020-06-03 14:09:00+00:00
29293278,jinan-telecom,wuhan-telecom,49.6013,0.0,icmp,1591193460,2020-06-03 14:11:00+00:00
29293494,jinan-telecom,wuhan-telecom,39.9418,0.0,icmp,1591193599,2020-06-03 14:13:19+00:00
29293728,jinan-telecom,wuhan-telecom,44.9081,0.0,icmp,1591193700,2020-06-03 14:15:00+00:00
29293979,jinan-telecom,wuhan-telecom,39.6563,0.0,icmp,1591193839,2020-06-03 14:17:19+00:00
29294173,jinan-telecom,wuhan-telecom,50.1336,0.0,icmp,1591193940,2020-06-03 14:19:00+00:00
29294421,jinan-telecom,wuhan-telecom,44.0876,0.0,icmp,1591194060,2020-06-03 14:21:00+00:00
29294650,jinan-telecom,wuhan-telecom,46.5836,0.0,icmp,1591194180,2020-06-03 14:23:00+00:00
29294878,jinan-telecom,wuhan-telecom,39.9076,0.0,icmp,1591194319,2020-06-03 14:25:19+00:00
29295119,jinan-telecom,wuhan-telecom,49.611,0.0,icmp,1591194420,2020-06-03 14:27:00+00:00
29295331,jinan-telecom,wuhan-telecom,46.9615,0.0,icmp,1591194540,2020-06-03 14:29:00+00:00
29295589,jinan-telecom,wuhan-telecom,39.8126,0.0,icmp,1591194679,2020-06-03 14:31:19+00:00
29295792,jinan-telecom,wuhan-telecom,49.3143,0.0,icmp,1591194780,2020-06-03 14:33:00+00:00
29296014,jinan-telecom,wuhan-telecom,50.77,0.0,icmp,1591194900,2020-06-03 14:35:00+00:00
29296243,jinan-telecom,wuhan-telecom,46.3372,0.0,icmp,1591195020,2020-06-03 14:37:00+00:00
29296494,jinan-telecom,wuhan-telecom,51.1255,0.0,icmp,1591195140,2020-06-03 14:39:00+00:00
29296710,jinan-telecom,wuhan-telecom,49.7144,0.0,icmp,1591195260,2020-06-03 14:41:00+00:00
29296946,jinan-telecom,wuhan-telecom,50.4145,0.0,icmp,1591195380,2020-06-03 14:43:00+00:00
29297171,jinan-telecom,wuhan-telecom,39.7244,0.0,icmp,1591195519,2020-06-03 14:45:19+00:00
29297401,jinan-telecom,wuhan-telecom,39.729,0.0,icmp,1591195639,2020-06-03 14:47:19+00:00
29297649,jinan-telecom,wuhan-telecom,39.9671,0.0,icmp,1591195759,2020-06-03 14:49:19+00:00
29297875,jinan-telecom,wuhan-telecom,39.6789,0.0,icmp,1591195879,2020-06-03 14:51:19+00:00
29298095,jinan-telecom,wuhan-telecom,41.4008,0.0,icmp,1591195980,2020-06-03 14:53:00+00:00
29298303,jinan-telecom,wuhan-telecom,39.6778,0.0,icmp,1591196119,2020-06-03 14:55:19+00:00
29298541,jinan-telecom,wuhan-telecom,39.6917,0.0,icmp,1591196239,2020-06-03 14:57:19+00:00
29298758,jinan-telecom,wuhan-telecom,51.2961,0.0,icmp,1591196340,2020-06-03 14:59:00+00:00
29298994,jinan-telecom,wuhan-telecom,49.7483,0.0,icmp,1591196460,2020-06-03 15:01:00+00:00
29299231,jinan-telecom,wuhan-telecom,39.8577,0.0,icmp,1591196599,2020-06-03 15:03:19+00:00
29299471,jinan-telecom,wuhan-telecom,47.3877,0.0,icmp,1591196700,2020-06-03 15:05:00+00:00
29299679,jinan-telecom,wuhan-telecom,51.5417,0.0,icmp,1591196820,2020-06-03 15:07:00+00:00
29299949,jinan-telecom,wuhan-telecom,50.5783,0.0,icmp,1591196940,2020-06-03 15:09:00+00:00
29300189,jinan-telecom,wuhan-telecom,48.4725,0.0,icmp,1591197060,2020-06-03 15:11:00+00:00
29300389,jinan-telecom,wuhan-telecom,39.8989,0.0,icmp,1591197180,2020-06-03 15:13:00+00:00
29300600,jinan-telecom,wuhan-telecom,39.7571,0.0,icmp,1591197319,2020-06-03 15:15:19+00:00
29300839,jinan-telecom,wuhan-telecom,40.0942,0.0,icmp,1591197439,2020-06-03 15:17:19+00:00
29301060,jinan-telecom,wuhan-telecom,40.1227,0.0,icmp,1591197559,2020-06-03 15:19:19+00:00
29301291,jinan-telecom,wuhan-telecom,49.947,0.0,icmp,1591197660,2020-06-03 15:21:00+00:00
29301523,jinan-telecom,wuhan-telecom,39.8736,0.0,icmp,1591197799,2020-06-03 15:23:19+00:00
29301750,jinan-telecom,wuhan-telecom,48.1598,0.0,icmp,1591197900,2020-06-03 15:25:00+00:00
29301994,jinan-telecom,wuhan-telecom,46.9528,0.0,icmp,1591198020,2020-06-03 15:27:00+00:00
29302194,jinan-telecom,wuhan-telecom,49.9838,0.0,icmp,1591198140,2020-06-03 15:29:00+00:00
29302455,jinan-telecom,wuhan-telecom,50.6361,0.0,icmp,1591198260,2020-06-03 15:31:00+00:00
29302668,jinan-telecom,wuhan-telecom,50.2908,0.0,icmp,1591198380,2020-06-03 15:33:00+00:00
29302906,jinan-telecom,wuhan-telecom,43.5331,0.0,icmp,1591198500,2020-06-03 15:35:00+00:00
29303119,jinan-telecom,wuhan-telecom,50.1114,0.0,icmp,1591198620,2020-06-03 15:37:00+00:00
29303369,jinan-telecom,wuhan-telecom,47.0659,0.0,icmp,1591198740,2020-06-03 15:39:00+00:00
29303585,jinan-telecom,wuhan-telecom,51.2699,0.0,icmp,1591198860,2020-06-03 15:41:00+00:00
29303800,jinan-telecom,wuhan-telecom,39.7216,0.0,icmp,1591198999,2020-06-03 15:43:19+00:00
29304027,jinan-telecom,wuhan-telecom,46.3552,0.0,icmp,1591199100,2020-06-03 15:45:00+00:00
29304257,jinan-telecom,wuhan-telecom,39.67,0.0,icmp,1591199239,2020-06-03 15:47:19+00:00
29304502,jinan-telecom,wuhan-telecom,39.7938,0.0,icmp,1591199359,2020-06-03 15:49:19+00:00
29304715,jinan-telecom,wuhan-telecom,50.5038,0.0,icmp,1591199460,2020-06-03 15:51:00+00:00
29304955,jinan-telecom,wuhan-telecom,46.4268,0.0,icmp,1591199580,2020-06-03 15:53:00+00:00
29305205,jinan-telecom,wuhan-telecom,49.0579,0.0,icmp,1591199700,2020-06-03 15:55:00+00:00
29305409,jinan-telecom,wuhan-telecom,46.1471,0.0,icmp,1591199820,2020-06-03 15:57:00+00:00
29305662,jinan-telecom,wuhan-telecom,45.099,0.0,icmp,1591199940,2020-06-03 15:59:00+00:00
29305866,jinan-telecom,wuhan-telecom,40.2106,0.0,icmp,1591200079,2020-06-03 16:01:19+00:00
29306108,jinan-telecom,wuhan-telecom,39.7293,0.0,icmp,1591200199,2020-06-03 16:03:19+00:00
29306335,jinan-telecom,wuhan-telecom,50.0856,0.0,icmp,1591200300,2020-06-03 16:05:00+00:00
29306564,jinan-telecom,wuhan-telecom,47.3586,0.0,icmp,1591200420,2020-06-03 16:07:00+00:00
29306795,jinan-telecom,wuhan-telecom,47.9427,0.0,icmp,1591200540,2020-06-03 16:09:00+00:00
29307012,jinan-telecom,wuhan-telecom,39.7993,0.0,icmp,1591200679,2020-06-03 16:11:19+00:00
29307263,jinan-telecom,wuhan-telecom,47.4958,0.0,icmp,1591200780,2020-06-03 16:13:00+00:00
29307461,jinan-telecom,wuhan-telecom,42.0761,0.0,icmp,1591200900,2020-06-03 16:15:00+00:00
29307689,jinan-telecom,wuhan-telecom,49.1974,0.0,icmp,1591201020,2020-06-03 16:17:00+00:00
29307944,jinan-telecom,wuhan-telecom,47.4082,0.0,icmp,1591201140,2020-06-03 16:19:00+00:00
29308154,jinan-telecom,wuhan-telecom,48.4173,0.0,icmp,1591201260,2020-06-03 16:21:00+00:00
29308400,jinan-telecom,wuhan-telecom,49.6425,0.0,icmp,1591201380,2020-06-03 16:23:00+00:00
29308621,jinan-telecom,wuhan-telecom,51.2564,0.0,icmp,1591201500,2020-06-03 16:25:00+00:00
29308852,jinan-telecom,wuhan-telecom,39.7192,0.0,icmp,1591201639,2020-06-03 16:27:19+00:00
29309084,jinan-telecom,wuhan-telecom,48.3874,0.0,icmp,1591201740,2020-06-03 16:29:00+00:00
29309300,jinan-telecom,wuhan-telecom,43.2493,0.0,icmp,1591201860,2020-06-03 16:31:00+00:00
29309535,jinan-telecom,wuhan-telecom,39.8833,0.0,icmp,1591201999,2020-06-03 16:33:19+00:00
29309764,jinan-telecom,wuhan-telecom,49.9648,0.0,icmp,1591202100,2020-06-03 16:35:00+00:00
29310002,jinan-telecom,wuhan-telecom,52.885,0.0,icmp,1591202220,2020-06-03 16:37:00+00:00
29310215,jinan-telecom,wuhan-telecom,46.8353,0.0,icmp,1591202340,2020-06-03 16:39:00+00:00
29310478,jinan-telecom,wuhan-telecom,51.5826,0.0,icmp,1591202460,2020-06-03 16:41:00+00:00
29310675,jinan-telecom,wuhan-telecom,46.76,0.0,icmp,1591202580,2020-06-03 16:43:00+00:00
29310929,jinan-telecom,wuhan-telecom,51.0256,0.0,icmp,1591202700,2020-06-03 16:45:00+00:00
29311147,jinan-telecom,wuhan-telecom,39.6942,0.0,icmp,1591202839,2020-06-03 16:47:19+00:00
29311398,jinan-telecom,wuhan-telecom,50.6291,0.0,icmp,1591202940,2020-06-03 16:49:00+00:00
29311610,jinan-telecom,wuhan-telecom,47.0902,0.0,icmp,1591203060,2020-06-03 16:51:00+00:00
29311823,jinan-telecom,wuhan-telecom,46.6436,0.0,icmp,1591203180,2020-06-03 16:53:00+00:00
29312039,jinan-telecom,wuhan-telecom,48.2383,0.0,icmp,1591203300,2020-06-03 16:55:00+00:00
29312281,jinan-telecom,wuhan-telecom,40.1533,0.0,icmp,1591203439,2020-06-03 16:57:19+00:00
29312509,jinan-telecom,wuhan-telecom,51.6886,0.0,icmp,1591203540,2020-06-03 16:59:00+00:00
29312745,jinan-telecom,wuhan-telecom,48.967,0.0,icmp,1591203660,2020-06-03 17:01:00+00:00
29312975,jinan-telecom,wuhan-telecom,46.7262,0.0,icmp,1591203780,2020-06-03 17:03:00+00:00
29313215,jinan-telecom,wuhan-telecom,49.8344,0.0,icmp,1591203900,2020-06-03 17:05:00+00:00
29313418,jinan-telecom,wuhan-telecom,43.0404,0.0,icmp,1591204020,2020-06-03 17:07:00+00:00
29313665,jinan-telecom,wuhan-telecom,50.0626,0.0,icmp,1591204140,2020-06-03 17:09:00+00:00
29313890,jinan-telecom,wuhan-telecom,51.435,0.0,icmp,1591204260,2020-06-03 17:11:00+00:00
29314106,jinan-telecom,wuhan-telecom,52.879,0.0,icmp,1591204380,2020-06-03 17:13:00+00:00
29314339,jinan-telecom,wuhan-telecom,52.6722,0.0,icmp,1591204500,2020-06-03 17:15:00+00:00
29314561,jinan-telecom,wuhan-telecom,50.2721,0.0,icmp,1591204620,2020-06-03 17:17:00+00:00
29314810,jinan-telecom,wuhan-telecom,39.8225,0.0,icmp,1591204759,2020-06-03 17:19:19+00:00
29315020,jinan-telecom,wuhan-telecom,46.5885,0.0,icmp,1591204860,2020-06-03 17:21:00+00:00
29315273,jinan-telecom,wuhan-telecom,39.8078,0.0,icmp,1591204999,2020-06-03 17:23:19+00:00
29315495,jinan-telecom,wuhan-telecom,39.9817,0.0,icmp,1591205100,2020-06-03 17:25:00+00:00
29315717,jinan-telecom,wuhan-telecom,48.8695,0.0,icmp,1591205220,2020-06-03 17:27:00+00:00
29315941,jinan-telecom,wuhan-telecom,50.3087,0.0,icmp,1591205340,2020-06-03 17:29:00+00:00
29316176,jinan-telecom,wuhan-telecom,42.9668,0.0,icmp,1591205460,2020-06-03 17:31:00+00:00
29316404,jinan-telecom,wuhan-telecom,50.2717,0.0,icmp,1591205580,2020-06-03 17:33:00+00:00
29316642,jinan-telecom,wuhan-telecom,45.4316,0.0,icmp,1591205700,2020-06-03 17:35:00+00:00
29316857,jinan-telecom,wuhan-telecom,46.8089,0.0,icmp,1591205820,2020-06-03 17:37:00+00:00
29317096,jinan-telecom,wuhan-telecom,49.3841,0.0,icmp,1591205940,2020-06-03 17:39:00+00:00
29317338,jinan-telecom,wuhan-telecom,39.765,0.0,icmp,1591206079,2020-06-03 17:41:19+00:00
29317533,jinan-telecom,wuhan-telecom,51.928,0.0,icmp,1591206180,2020-06-03 17:43:00+00:00
29317766,jinan-telecom,wuhan-telecom,39.6679,0.0,icmp,1591206319,2020-06-03 17:45:19+00:00
29318007,jinan-telecom,wuhan-telecom,47.811,0.0,icmp,1591206420,2020-06-03 17:47:00+00:00
29318244,jinan-telecom,wuhan-telecom,50.2438,0.0,icmp,1591206540,2020-06-03 17:49:00+00:00
29318463,jinan-telecom,wuhan-telecom,50.4468,0.0,icmp,1591206660,2020-06-03 17:51:00+00:00
29318686,jinan-telecom,wuhan-telecom,51.5618,0.0,icmp,1591206780,2020-06-03 17:53:00+00:00
29318932,jinan-telecom,wuhan-telecom,47.3337,0.0,icmp,1591206900,2020-06-03 17:55:00+00:00
29319147,jinan-telecom,wuhan-telecom,49.2162,0.0,icmp,1591207020,2020-06-03 17:57:00+00:00
29319373,jinan-telecom,wuhan-telecom,39.7931,0.0,icmp,1591207159,2020-06-03 17:59:19+00:00
29319612,jinan-telecom,wuhan-telecom,39.74,0.0,icmp,1591207279,2020-06-03 18:01:19+00:00
29319831,jinan-telecom,wuhan-telecom,49.1329,0.0,icmp,1591207380,2020-06-03 18:03:00+00:00
29320063,jinan-telecom,wuhan-telecom,39.6624,0.0,icmp,1591207519,2020-06-03 18:05:19+00:00
29320302,jinan-telecom,wuhan-telecom,53.2393,0.0,icmp,1591207620,2020-06-03 18:07:00+00:00
29320536,jinan-telecom,wuhan-telecom,39.7077,0.0,icmp,1591207759,2020-06-03 18:09:19+00:00
29320742,jinan-telecom,wuhan-telecom,49.6829,0.0,icmp,1591207860,2020-06-03 18:11:00+00:00
29320971,jinan-telecom,wuhan-telecom,48.2707,0.0,icmp,1591207980,2020-06-03 18:13:00+00:00
29321200,jinan-telecom,wuhan-telecom,46.6708,0.0,icmp,1591208100,2020-06-03 18:15:00+00:00
29321459,jinan-telecom,wuhan-telecom,42.5543,0.0,icmp,1591208220,2020-06-03 18:17:00+00:00
29321687,jinan-telecom,wuhan-telecom,39.7277,0.0,icmp,1591208359,2020-06-03 18:19:19+00:00
29321910,jinan-telecom,wuhan-telecom,40.3737,0.0,icmp,1591208460,2020-06-03 18:21:00+00:00
29322124,jinan-telecom,wuhan-telecom,47.0382,0.0,icmp,1591208580,2020-06-03 18:23:00+00:00
29322357,jinan-telecom,wuhan-telecom,40.0996,0.0,icmp,1591208719,2020-06-03 18:25:19+00:00
29322592,jinan-telecom,wuhan-telecom,53.3502,0.0,icmp,1591208820,2020-06-03 18:27:00+00:00
29322827,jinan-telecom,wuhan-telecom,39.6476,0.0,icmp,1591208959,2020-06-03 18:29:19+00:00
29323034,jinan-telecom,wuhan-telecom,39.8163,0.0,icmp,1591209079,2020-06-03 18:31:19+00:00
29323270,jinan-telecom,wuhan-telecom,40.4151,0.0,icmp,1591209180,2020-06-03 18:33:00+00:00
29323496,jinan-telecom,wuhan-telecom,46.1165,0.0,icmp,1591209300,2020-06-03 18:35:00+00:00
29323735,jinan-telecom,wuhan-telecom,51.9542,0.0,icmp,1591209420,2020-06-03 18:37:00+00:00
29323976,jinan-telecom,wuhan-telecom,39.9074,0.0,icmp,1591209559,2020-06-03 18:39:19+00:00
29324200,jinan-telecom,wuhan-telecom,48.1618,0.0,icmp,1591209660,2020-06-03 18:41:00+00:00
29324438,jinan-telecom,wuhan-telecom,49.5289,0.0,icmp,1591209780,2020-06-03 18:43:00+00:00
29324652,jinan-telecom,wuhan-telecom,39.8155,0.0,icmp,1591209919,2020-06-03 18:45:19+00:00
29324883,jinan-telecom,wuhan-telecom,44.5447,0.0,icmp,1591210020,2020-06-03 18:47:00+00:00
29325101,jinan-telecom,wuhan-telecom,40.8119,0.0,icmp,1591210140,2020-06-03 18:49:00+00:00
29325353,jinan-telecom,wuhan-telecom,41.0573,0.0,icmp,1591210260,2020-06-03 18:51:00+00:00
29325580,jinan-telecom,wuhan-telecom,46.1936,0.0,icmp,1591210380,2020-06-03 18:53:00+00:00
29325791,jinan-telecom,wuhan-telecom,43.9744,0.0,icmp,1591210500,2020-06-03 18:55:00+00:00
29326022,jinan-telecom,wuhan-telecom,46.7389,0.0,icmp,1591210620,2020-06-03 18:57:00+00:00
29326250,jinan-telecom,wuhan-telecom,45.5264,0.0,icmp,1591210740,2020-06-03 18:59:00+00:00
29326465,jinan-telecom,wuhan-telecom,49.1194,0.0,icmp,1591210860,2020-06-03 19:01:00+00:00
29326706,jinan-telecom,wuhan-telecom,44.8307,0.0,icmp,1591210980,2020-06-03 19:03:00+00:00
29326936,jinan-telecom,wuhan-telecom,50.7714,0.0,icmp,1591211100,2020-06-03 19:05:00+00:00
29327151,jinan-telecom,wuhan-telecom,48.8826,0.0,icmp,1591211220,2020-06-03 19:07:00+00:00
29327390,jinan-telecom,wuhan-telecom,48.2316,0.0,icmp,1591211340,2020-06-03 19:09:00+00:00
29327622,jinan-telecom,wuhan-telecom,49.6588,0.0,icmp,1591211460,2020-06-03 19:11:00+00:00
29327873,jinan-telecom,wuhan-telecom,48.319,0.0,icmp,1591211580,2020-06-03 19:13:00+00:00
29328079,jinan-telecom,wuhan-telecom,39.7433,0.0,icmp,1591211719,2020-06-03 19:15:19+00:00
29328321,jinan-telecom,wuhan-telecom,50.6279,0.0,icmp,1591211820,2020-06-03 19:17:00+00:00
29328543,jinan-telecom,wuhan-telecom,48.9621,0.0,icmp,1591211940,2020-06-03 19:19:00+00:00
29328778,jinan-telecom,wuhan-telecom,48.1724,0.0,icmp,1591212060,2020-06-03 19:21:00+00:00
29329000,jinan-telecom,wuhan-telecom,49.6616,0.0,icmp,1591212180,2020-06-03 19:23:00+00:00
29329226,jinan-telecom,wuhan-telecom,51.1454,0.0,icmp,1591212300,2020-06-03 19:25:00+00:00
29329444,jinan-telecom,wuhan-telecom,47.0045,0.0,icmp,1591212420,2020-06-03 19:27:00+00:00
29329674,jinan-telecom,wuhan-telecom,44.6374,0.0,icmp,1591212540,2020-06-03 19:29:00+00:00
29329902,jinan-telecom,wuhan-telecom,39.9448,0.0,icmp,1591212679,2020-06-03 19:31:19+00:00
29330152,jinan-telecom,wuhan-telecom,47.0321,0.0,icmp,1591212780,2020-06-03 19:33:00+00:00
29330359,jinan-telecom,wuhan-telecom,48.1948,0.0,icmp,1591212900,2020-06-03 19:35:00+00:00
29330596,jinan-telecom,wuhan-telecom,39.6512,0.0,icmp,1591213039,2020-06-03 19:37:19+00:00
29330833,jinan-telecom,wuhan-telecom,41.7512,0.0,icmp,1591213140,2020-06-03 19:39:00+00:00
29331064,jinan-telecom,wuhan-telecom,45.9298,0.0,icmp,1591213260,2020-06-03 19:41:00+00:00
29331287,jinan-telecom,wuhan-telecom,51.65,0.0,icmp,1591213380,2020-06-03 19:43:00+00:00
29331523,jinan-telecom,wuhan-telecom,39.9285,0.0,icmp,1591213519,2020-06-03 19:45:19+00:00
29331728,jinan-telecom,wuhan-telecom,45.1295,0.0,icmp,1591213620,2020-06-03 19:47:00+00:00
29331972,jinan-telecom,wuhan-telecom,44.7987,0.0,icmp,1591213740,2020-06-03 19:49:00+00:00
29332199,jinan-telecom,wuhan-telecom,45.2566,0.0,icmp,1591213860,2020-06-03 19:51:00+00:00
29332423,jinan-telecom,wuhan-telecom,50.0445,0.0,icmp,1591213980,2020-06-03 19:53:00+00:00
29332642,jinan-telecom,wuhan-telecom,40.0961,0.0,icmp,1591214100,2020-06-03 19:55:00+00:00
29332895,jinan-telecom,wuhan-telecom,49.6955,0.0,icmp,1591214220,2020-06-03 19:57:00+00:00
29333107,jinan-telecom,wuhan-telecom,48.9422,0.0,icmp,1591214340,2020-06-03 19:59:00+00:00
29333334,jinan-telecom,wuhan-telecom,39.7472,0.0,icmp,1591214479,2020-06-03 20:01:19+00:00
29333589,jinan-telecom,wuhan-telecom,39.8731,0.0,icmp,1591214599,2020-06-03 20:03:19+00:00
29333817,jinan-telecom,wuhan-telecom,39.8134,0.0,icmp,1591214719,2020-06-03 20:05:19+00:00
29334046,jinan-telecom,wuhan-telecom,50.268,0.0,icmp,1591214820,2020-06-03 20:07:00+00:00
29334260,jinan-telecom,wuhan-telecom,52.8587,0.0,icmp,1591214940,2020-06-03 20:09:00+00:00
29334482,jinan-telecom,wuhan-telecom,48.0547,0.0,icmp,1591215060,2020-06-03 20:11:00+00:00
29334726,jinan-telecom,wuhan-telecom,47.4415,0.0,icmp,1591215180,2020-06-03 20:13:00+00:00
29334946,jinan-telecom,wuhan-telecom,47.4522,0.0,icmp,1591215300,2020-06-03 20:15:00+00:00
29335176,jinan-telecom,wuhan-telecom,39.6877,0.0,icmp,1591215439,2020-06-03 20:17:19+00:00
29335420,jinan-telecom,wuhan-telecom,52.2528,0.0,icmp,1591215540,2020-06-03 20:19:00+00:00
29335635,jinan-telecom,wuhan-telecom,39.6676,0.0,icmp,1591215679,2020-06-03 20:21:19+00:00
29335872,jinan-telecom,wuhan-telecom,39.6554,0.0,icmp,1591215799,2020-06-03 20:23:19+00:00
29336080,jinan-telecom,wuhan-telecom,47.8119,0.0,icmp,1591215900,2020-06-03 20:25:00+00:00
29336320,jinan-telecom,wuhan-telecom,49.5804,0.0,icmp,1591216020,2020-06-03 20:27:00+00:00
29336537,jinan-telecom,wuhan-telecom,50.7784,0.0,icmp,1591216140,2020-06-03 20:29:00+00:00
29336773,jinan-telecom,wuhan-telecom,39.9341,0.0,icmp,1591216279,2020-06-03 20:31:19+00:00
29336996,jinan-telecom,wuhan-telecom,39.6499,0.0,icmp,1591216399,2020-06-03 20:33:19+00:00
29337256,jinan-telecom,wuhan-telecom,50.9587,0.0,icmp,1591216500,2020-06-03 20:35:00+00:00
29337490,jinan-telecom,wuhan-telecom,39.6828,0.0,icmp,1591216639,2020-06-03 20:37:19+00:00
29337704,jinan-telecom,wuhan-telecom,48.1057,0.0,icmp,1591216740,2020-06-03 20:39:00+00:00
29337932,jinan-telecom,wuhan-telecom,42.9238,0.0,icmp,1591216860,2020-06-03 20:41:00+00:00
29338151,jinan-telecom,wuhan-telecom,50.1672,0.0,icmp,1591216980,2020-06-03 20:43:00+00:00
29338375,jinan-telecom,wuhan-telecom,43.6858,0.0,icmp,1591217100,2020-06-03 20:45:00+00:00
29338609,jinan-telecom,wuhan-telecom,46.9924,0.0,icmp,1591217220,2020-06-03 20:47:00+00:00
29338850,jinan-telecom,wuhan-telecom,40.2499,0.0,icmp,1591217359,2020-06-03 20:49:19+00:00
29339078,jinan-telecom,wuhan-telecom,47.3897,0.0,icmp,1591217460,2020-06-03 20:51:00+00:00
29339296,jinan-telecom,wuhan-telecom,48.206,0.0,icmp,1591217580,2020-06-03 20:53:00+00:00
29339520,jinan-telecom,wuhan-telecom,48.7679,0.0,icmp,1591217700,2020-06-03 20:55:00+00:00
29339777,jinan-telecom,wuhan-telecom,49.9474,0.0,icmp,1591217820,2020-06-03 20:57:00+00:00
29339990,jinan-telecom,wuhan-telecom,40.038,0.0,icmp,1591217959,2020-06-03 20:59:19+00:00
29340231,jinan-telecom,wuhan-telecom,45.7797,0.0,icmp,1591218060,2020-06-03 21:01:00+00:00
29340438,jinan-telecom,wuhan-telecom,48.3706,0.0,icmp,1591218180,2020-06-03 21:03:00+00:00
29340660,jinan-telecom,wuhan-telecom,47.7649,0.0,icmp,1591218300,2020-06-03 21:05:00+00:00
29340903,jinan-telecom,wuhan-telecom,40.7831,0.0,icmp,1591218420,2020-06-03 21:07:00+00:00
29341128,jinan-telecom,wuhan-telecom,50.0024,0.0,icmp,1591218540,2020-06-03 21:09:00+00:00
29341372,jinan-telecom,wuhan-telecom,50.913,0.0,icmp,1591218660,2020-06-03 21:11:00+00:00
29341576,jinan-telecom,wuhan-telecom,52.897,0.0,icmp,1591218780,2020-06-03 21:13:00+00:00
29341824,jinan-telecom,wuhan-telecom,49.4611,0.0,icmp,1591218900,2020-06-03 21:15:00+00:00
29342053,jinan-telecom,wuhan-telecom,39.7078,0.0,icmp,1591219039,2020-06-03 21:17:19+00:00
29342296,jinan-telecom,wuhan-telecom,50.8948,0.0,icmp,1591219140,2020-06-03 21:19:00+00:00
29342511,jinan-telecom,wuhan-telecom,45.5162,0.0,icmp,1591219260,2020-06-03 21:21:00+00:00
29342745,jinan-telecom,wuhan-telecom,50.6276,0.0,icmp,1591219380,2020-06-03 21:23:00+00:00
29342969,jinan-telecom,wuhan-telecom,39.7275,0.0,icmp,1591219519,2020-06-03 21:25:19+00:00
29343209,jinan-telecom,wuhan-telecom,48.2161,0.0,icmp,1591219620,2020-06-03 21:27:00+00:00
29343436,jinan-telecom,wuhan-telecom,47.98,0.0,icmp,1591219740,2020-06-03 21:29:00+00:00
29343673,jinan-telecom,wuhan-telecom,50.3008,0.0,icmp,1591219860,2020-06-03 21:31:00+00:00
29343869,jinan-telecom,wuhan-telecom,40.4435,0.0,icmp,1591219999,2020-06-03 21:33:19+00:00
29344101,jinan-telecom,wuhan-telecom,39.9319,0.0,icmp,1591220119,2020-06-03 21:35:19+00:00
29344324,jinan-telecom,wuhan-telecom,39.7452,0.0,icmp,1591220239,2020-06-03 21:37:19+00:00
29344567,jinan-telecom,wuhan-telecom,50.4881,0.0,icmp,1591220340,2020-06-03 21:39:00+00:00
29344808,jinan-telecom,wuhan-telecom,39.8206,0.0,icmp,1591220479,2020-06-03 21:41:19+00:00
29345039,jinan-telecom,wuhan-telecom,48.591,0.0,icmp,1591220580,2020-06-03 21:43:00+00:00
29345247,jinan-telecom,wuhan-telecom,39.6368,0.0,icmp,1591220719,2020-06-03 21:45:19+00:00
29345471,jinan-telecom,wuhan-telecom,39.8679,0.0,icmp,1591220839,2020-06-03 21:47:19+00:00
29345717,jinan-telecom,wuhan-telecom,39.7136,0.0,icmp,1591220959,2020-06-03 21:49:19+00:00
29345928,jinan-telecom,wuhan-telecom,39.6973,0.0,icmp,1591221079,2020-06-03 21:51:19+00:00
29346182,jinan-telecom,wuhan-telecom,49.9551,0.0,icmp,1591221180,2020-06-03 21:53:00+00:00
29346404,jinan-telecom,wuhan-telecom,46.1621,0.0,icmp,1591221300,2020-06-03 21:55:00+00:00
29346623,jinan-telecom,wuhan-telecom,45.7242,0.0,icmp,1591221420,2020-06-03 21:57:00+00:00
29346843,jinan-telecom,wuhan-telecom,39.7235,0.0,icmp,1591221559,2020-06-03 21:59:19+00:00
29347094,jinan-telecom,wuhan-telecom,46.7504,0.0,icmp,1591221660,2020-06-03 22:01:00+00:00
29347295,jinan-telecom,wuhan-telecom,42.1058,0.0,icmp,1591221780,2020-06-03 22:03:00+00:00
29347553,jinan-telecom,wuhan-telecom,48.7859,0.0,icmp,1591221900,2020-06-03 22:05:00+00:00
29347785,jinan-telecom,wuhan-telecom,42.8182,0.0,icmp,1591222020,2020-06-03 22:07:00+00:00
29347996,jinan-telecom,wuhan-telecom,47.455,0.0,icmp,1591222140,2020-06-03 22:09:00+00:00
29348236,jinan-telecom,wuhan-telecom,46.616,0.0,icmp,1591222260,2020-06-03 22:11:00+00:00
29348451,jinan-telecom,wuhan-telecom,46.5517,0.0,icmp,1591222380,2020-06-03 22:13:00+00:00
29348691,jinan-telecom,wuhan-telecom,48.4367,0.0,icmp,1591222500,2020-06-03 22:15:00+00:00
29348928,jinan-telecom,wuhan-telecom,47.3808,0.0,icmp,1591222620,2020-06-03 22:17:00+00:00
29349139,jinan-telecom,wuhan-telecom,52.2159,0.0,icmp,1591222740,2020-06-03 22:19:00+00:00
29349375,jinan-telecom,wuhan-telecom,52.3682,0.0,icmp,1591222860,2020-06-03 22:21:00+00:00
29349623,jinan-telecom,wuhan-telecom,48.8138,0.0,icmp,1591222980,2020-06-03 22:23:00+00:00
29349847,jinan-telecom,wuhan-telecom,51.1441,0.0,icmp,1591223100,2020-06-03 22:25:00+00:00
29350048,jinan-telecom,wuhan-telecom,50.4775,0.0,icmp,1591223220,2020-06-03 22:27:00+00:00
29350293,jinan-telecom,wuhan-telecom,48.6986,0.0,icmp,1591223340,2020-06-03 22:29:00+00:00
29350536,jinan-telecom,wuhan-telecom,48.5744,0.0,icmp,1591223460,2020-06-03 22:31:00+00:00
29350746,jinan-telecom,wuhan-telecom,46.3923,0.0,icmp,1591223580,2020-06-03 22:33:00+00:00
29350973,jinan-telecom,wuhan-telecom,39.6841,0.0,icmp,1591223719,2020-06-03 22:35:19+00:00
29351202,jinan-telecom,wuhan-telecom,50.1501,0.0,icmp,1591223820,2020-06-03 22:37:00+00:00
29351430,jinan-telecom,wuhan-telecom,40.2624,0.0,icmp,1591223959,2020-06-03 22:39:19+00:00
29351670,jinan-telecom,wuhan-telecom,49.277,0.0,icmp,1591224060,2020-06-03 22:41:00+00:00
29351879,jinan-telecom,wuhan-telecom,39.7812,0.0,icmp,1591224199,2020-06-03 22:43:19+00:00
29352131,jinan-telecom,wuhan-telecom,48.0516,0.0,icmp,1591224300,2020-06-03 22:45:00+00:00
29352333,jinan-telecom,wuhan-telecom,39.6887,0.0,icmp,1591224439,2020-06-03 22:47:19+00:00
29352586,jinan-telecom,wuhan-telecom,48.1986,0.0,icmp,1591224540,2020-06-03 22:49:00+00:00
29352805,jinan-telecom,wuhan-telecom,48.1213,0.0,icmp,1591224660,2020-06-03 22:51:00+00:00
29353030,jinan-telecom,wuhan-telecom,46.2737,0.0,icmp,1591224780,2020-06-03 22:53:00+00:00
29353295,jinan-telecom,wuhan-telecom,49.1361,0.0,icmp,1591224900,2020-06-03 22:55:00+00:00
29353515,jinan-telecom,wuhan-telecom,51.3804,0.0,icmp,1591225020,2020-06-03 22:57:00+00:00
29353735,jinan-telecom,wuhan-telecom,47.9004,0.0,icmp,1591225140,2020-06-03 22:59:00+00:00
29353970,jinan-telecom,wuhan-telecom,49.9417,0.0,icmp,1591225260,2020-06-03 23:01:00+00:00
29354190,jinan-telecom,wuhan-telecom,39.6725,0.0,icmp,1591225399,2020-06-03 23:03:19+00:00
29354418,jinan-telecom,wuhan-telecom,39.8527,0.0,icmp,1591225519,2020-06-03 23:05:19+00:00
29354630,jinan-telecom,wuhan-telecom,39.7802,0.0,icmp,1591225639,2020-06-03 23:07:19+00:00
29354888,jinan-telecom,wuhan-telecom,49.1079,0.0,icmp,1591225740,2020-06-03 23:09:00+00:00
29355103,jinan-telecom,wuhan-telecom,44.3441,0.0,icmp,1591225860,2020-06-03 23:11:00+00:00
29355316,jinan-telecom,wuhan-telecom,49.4991,0.0,icmp,1591225980,2020-06-03 23:13:00+00:00
29355540,jinan-telecom,wuhan-telecom,47.9262,0.0,icmp,1591226100,2020-06-03 23:15:00+00:00
29355786,jinan-telecom,wuhan-telecom,47.2682,0.0,icmp,1591226220,2020-06-03 23:17:00+00:00
29356017,jinan-telecom,wuhan-telecom,49.8116,0.0,icmp,1591226340,2020-06-03 23:19:00+00:00
29356256,jinan-telecom,wuhan-telecom,50.7362,0.0,icmp,1591226460,2020-06-03 23:21:00+00:00
29356467,jinan-telecom,wuhan-telecom,51.2015,0.0,icmp,1591226580,2020-06-03 23:23:00+00:00
29356690,jinan-telecom,wuhan-telecom,44.3311,0.0,icmp,1591226700,2020-06-03 23:25:00+00:00
29356929,jinan-telecom,wuhan-telecom,47.5056,0.0,icmp,1591226820,2020-06-03 23:27:00+00:00
29357156,jinan-telecom,wuhan-telecom,45.9819,0.0,icmp,1591226940,2020-06-03 23:29:00+00:00
29357388,jinan-telecom,wuhan-telecom,50.5733,0.0,icmp,1591227060,2020-06-03 23:31:00+00:00
29357626,jinan-telecom,wuhan-telecom,47.49,0.0,icmp,1591227180,2020-06-03 23:33:00+00:00
29357857,jinan-telecom,wuhan-telecom,49.1954,0.0,icmp,1591227300,2020-06-03 23:35:00+00:00
29358093,jinan-telecom,wuhan-telecom,39.7518,0.0,icmp,1591227439,2020-06-03 23:37:19+00:00
29358298,jinan-telecom,wuhan-telecom,46.8271,0.0,icmp,1591227540,2020-06-03 23:39:00+00:00
29358538,jinan-telecom,wuhan-telecom,49.7341,0.0,icmp,1591227660,2020-06-03 23:41:00+00:00
29358778,jinan-telecom,wuhan-telecom,39.8606,0.0,icmp,1591227799,2020-06-03 23:43:19+00:00
29358983,jinan-telecom,wuhan-telecom,50.1135,0.0,icmp,1591227900,2020-06-03 23:45:00+00:00
29359224,jinan-telecom,wuhan-telecom,39.9105,0.0,icmp,1591228039,2020-06-03 23:47:19+00:00
29359435,jinan-telecom,wuhan-telecom,49.6179,0.0,icmp,1591228140,2020-06-03 23:49:00+00:00
29359692,jinan-telecom,wuhan-telecom,45.872,0.0,icmp,1591228260,2020-06-03 23:51:00+00:00
29359935,jinan-telecom,wuhan-telecom,49.8673,0.0,icmp,1591228380,2020-06-03 23:53:00+00:00
29360155,jinan-telecom,wuhan-telecom,49.8771,0.0,icmp,1591228500,2020-06-03 23:55:00+00:00
29360384,jinan-telecom,wuhan-telecom,47.63,0.0,icmp,1591228620,2020-06-03 23:57:00+00:00
29360612,jinan-telecom,wuhan-telecom,47.0184,0.0,icmp,1591228740,2020-06-03 23:59:00+00:00
29360819,jinan-telecom,wuhan-telecom,51.0971,0.0,icmp,1591228860,2020-06-04 00:01:00+00:00
29361040,jinan-telecom,wuhan-telecom,52.5031,0.0,icmp,1591228980,2020-06-04 00:03:00+00:00
29361272,jinan-telecom,wuhan-telecom,49.5289,0.0,icmp,1591229100,2020-06-04 00:05:00+00:00
29361522,jinan-telecom,wuhan-telecom,43.6132,0.0,icmp,1591229220,2020-06-04 00:07:00+00:00
29361739,jinan-telecom,wuhan-telecom,39.686,0.0,icmp,1591229359,2020-06-04 00:09:19+00:00
29361987,jinan-telecom,wuhan-telecom,44.3061,0.0,icmp,1591229460,2020-06-04 00:11:00+00:00
29362203,jinan-telecom,wuhan-telecom,50.4166,0.0,icmp,1591229580,2020-06-04 00:13:00+00:00
29362445,jinan-telecom,wuhan-telecom,50.1356,0.0,icmp,1591229700,2020-06-04 00:15:00+00:00
29362677,jinan-telecom,wuhan-telecom,40.2966,0.0,icmp,1591229820,2020-06-04 00:17:00+00:00
29362881,jinan-telecom,wuhan-telecom,39.7529,0.0,icmp,1591229959,2020-06-04 00:19:19+00:00
29363125,jinan-telecom,wuhan-telecom,48.5838,0.0,icmp,1591230060,2020-06-04 00:21:00+00:00
29363335,jinan-telecom,wuhan-telecom,43.3488,0.0,icmp,1591230180,2020-06-04 00:23:00+00:00
29363578,jinan-telecom,wuhan-telecom,51.7133,0.0,icmp,1591230300,2020-06-04 00:25:00+00:00
29363799,jinan-telecom,wuhan-telecom,39.6515,0.0,icmp,1591230439,2020-06-04 00:27:19+00:00
29364035,jinan-telecom,wuhan-telecom,39.6534,0.0,icmp,1591230559,2020-06-04 00:29:19+00:00
29364253,jinan-telecom,wuhan-telecom,48.0764,0.0,icmp,1591230660,2020-06-04 00:31:00+00:00
29364496,jinan-telecom,wuhan-telecom,39.6874,0.0,icmp,1591230799,2020-06-04 00:33:19+00:00
29364726,jinan-telecom,wuhan-telecom,44.73,0.0,icmp,1591230900,2020-06-04 00:35:00+00:00
29364959,jinan-telecom,wuhan-telecom,42.3695,0.0,icmp,1591231020,2020-06-04 00:37:00+00:00
29365169,jinan-telecom,wuhan-telecom,50.778,0.0,icmp,1591231140,2020-06-04 00:39:00+00:00
29365408,jinan-telecom,wuhan-telecom,50.1384,0.0,icmp,1591231260,2020-06-04 00:41:00+00:00
29365651,jinan-telecom,wuhan-telecom,50.0092,0.0,icmp,1591231380,2020-06-04 00:43:00+00:00
29365868,jinan-telecom,wuhan-telecom,52.0473,0.0,icmp,1591231500,2020-06-04 00:45:00+00:00
29366088,jinan-telecom,wuhan-telecom,49.9315,0.0,icmp,1591231620,2020-06-04 00:47:00+00:00
29366318,jinan-telecom,wuhan-telecom,47.4218,0.0,icmp,1591231740,2020-06-04 00:49:00+00:00
29366567,jinan-telecom,wuhan-telecom,39.9988,0.0,icmp,1591231879,2020-06-04 00:51:19+00:00
29366784,jinan-telecom,wuhan-telecom,44.0942,0.0,icmp,1591231980,2020-06-04 00:53:00+00:00
29367008,jinan-telecom,wuhan-telecom,49.4549,0.0,icmp,1591232100,2020-06-04 00:55:00+00:00
29367222,jinan-telecom,wuhan-telecom,40.1338,0.0,icmp,1591232220,2020-06-04 00:57:00+00:00
29367477,jinan-telecom,wuhan-telecom,49.2055,0.0,icmp,1591232340,2020-06-04 00:59:00+00:00
29367708,jinan-telecom,wuhan-telecom,43.3841,0.0,icmp,1591232460,2020-06-04 01:01:00+00:00
29367929,jinan-telecom,wuhan-telecom,50.2894,0.0,icmp,1591232580,2020-06-04 01:03:00+00:00
29368137,jinan-telecom,wuhan-telecom,52.0638,0.0,icmp,1591232700,2020-06-04 01:05:00+00:00
29368404,jinan-telecom,wuhan-telecom,49.711,0.0,icmp,1591232820,2020-06-04 01:07:00+00:00
29368607,jinan-telecom,wuhan-telecom,50.3983,0.0,icmp,1591232940,2020-06-04 01:09:00+00:00
29368841,jinan-telecom,wuhan-telecom,52.5087,0.0,icmp,1591233060,2020-06-04 01:11:00+00:00
29369073,jinan-telecom,wuhan-telecom,50.2405,0.0,icmp,1591233180,2020-06-04 01:13:00+00:00
29369324,jinan-telecom,wuhan-telecom,49.0065,0.0,icmp,1591233300,2020-06-04 01:15:00+00:00
29369520,jinan-telecom,wuhan-telecom,48.5146,0.0,icmp,1591233420,2020-06-04 01:17:00+00:00
29369758,jinan-telecom,wuhan-telecom,39.7816,0.0,icmp,1591233559,2020-06-04 01:19:19+00:00
29370001,jinan-telecom,wuhan-telecom,48.8235,0.0,icmp,1591233660,2020-06-04 01:21:00+00:00
29370227,jinan-telecom,wuhan-telecom,49.1658,0.0,icmp,1591233780,2020-06-04 01:23:00+00:00
29370443,jinan-telecom,wuhan-telecom,54.9671,0.0,icmp,1591233900,2020-06-04 01:25:00+00:00
29370685,jinan-telecom,wuhan-telecom,50.2994,0.0,icmp,1591234020,2020-06-04 01:27:00+00:00
29370909,jinan-telecom,wuhan-telecom,40.1902,0.0,icmp,1591234140,2020-06-04 01:29:00+00:00
29371130,jinan-telecom,wuhan-telecom,52.1645,0.0,icmp,1591234260,2020-06-04 01:31:00+00:00
29371349,jinan-telecom,wuhan-telecom,39.7859,0.0,icmp,1591234399,2020-06-04 01:33:19+00:00
29371583,jinan-telecom,wuhan-telecom,49.2759,0.0,icmp,1591234500,2020-06-04 01:35:00+00:00
29371818,jinan-telecom,wuhan-telecom,39.6694,0.0,icmp,1591234639,2020-06-04 01:37:19+00:00
29372043,jinan-telecom,wuhan-telecom,39.6417,0.0,icmp,1591234759,2020-06-04 01:39:19+00:00
29372275,jinan-telecom,wuhan-telecom,52.1893,0.0,icmp,1591234860,2020-06-04 01:41:00+00:00
29372515,jinan-telecom,wuhan-telecom,39.7072,0.0,icmp,1591234999,2020-06-04 01:43:19+00:00
29372730,jinan-telecom,wuhan-telecom,50.6909,0.0,icmp,1591235100,2020-06-04 01:45:00+00:00
29372951,jinan-telecom,wuhan-telecom,48.2505,0.0,icmp,1591235220,2020-06-04 01:47:00+00:00
29373186,jinan-telecom,wuhan-telecom,39.7803,0.0,icmp,1591235359,2020-06-04 01:49:19+00:00
29373420,jinan-telecom,wuhan-telecom,53.3136,0.0,icmp,1591235460,2020-06-04 01:51:00+00:00
29373639,jinan-telecom,wuhan-telecom,46.4006,0.0,icmp,1591235580,2020-06-04 01:53:00+00:00
29373892,jinan-telecom,wuhan-telecom,48.1914,0.0,icmp,1591235700,2020-06-04 01:55:00+00:00
29374116,jinan-telecom,wuhan-telecom,39.649,0.0,icmp,1591235839,2020-06-04 01:57:19+00:00
29374334,jinan-telecom,wuhan-telecom,50.1214,0.0,icmp,1591235940,2020-06-04 01:59:00+00:00
29374567,jinan-telecom,wuhan-telecom,49.2397,0.0,icmp,1591236060,2020-06-04 02:01:00+00:00
29374790,jinan-telecom,wuhan-telecom,51.4141,0.0,icmp,1591236180,2020-06-04 02:03:00+00:00
29375017,jinan-telecom,wuhan-telecom,45.6401,0.0,icmp,1591236300,2020-06-04 02:05:00+00:00
29375254,jinan-telecom,wuhan-telecom,39.6574,0.0,icmp,1591236439,2020-06-04 02:07:19+00:00
29375479,jinan-telecom,wuhan-telecom,39.6581,0.0,icmp,1591236559,2020-06-04 02:09:19+00:00
29375703,jinan-telecom,wuhan-telecom,44.008,0.0,icmp,1591236660,2020-06-04 02:11:00+00:00
29375929,jinan-telecom,wuhan-telecom,39.6866,0.0,icmp,1591236799,2020-06-04 02:13:19+00:00
29376155,jinan-telecom,wuhan-telecom,50.1451,0.0,icmp,1591236900,2020-06-04 02:15:00+00:00
29376430,jinan-telecom,wuhan-telecom,45.4791,0.0,icmp,1591237020,2020-06-04 02:17:00+00:00
29376649,jinan-telecom,wuhan-telecom,47.3211,0.0,icmp,1591237140,2020-06-04 02:19:00+00:00
29376865,jinan-telecom,wuhan-telecom,46.0004,0.0,icmp,1591237260,2020-06-04 02:21:00+00:00
29377075,jinan-telecom,wuhan-telecom,39.7432,0.0,icmp,1591237399,2020-06-04 02:23:19+00:00
29377305,jinan-telecom,wuhan-telecom,39.9021,0.0,icmp,1591237500,2020-06-04 02:25:00+00:00
29377562,jinan-telecom,wuhan-telecom,47.8494,0.0,icmp,1591237620,2020-06-04 02:27:00+00:00
29377762,jinan-telecom,wuhan-telecom,40.1641,0.0,icmp,1591237759,2020-06-04 02:29:19+00:00
29378008,jinan-telecom,wuhan-telecom,39.8415,0.0,icmp,1591237879,2020-06-04 02:31:19+00:00
29378227,jinan-telecom,wuhan-telecom,39.7004,0.0,icmp,1591237999,2020-06-04 02:33:19+00:00
29378449,jinan-telecom,wuhan-telecom,48.1016,0.0,icmp,1591238100,2020-06-04 02:35:00+00:00
29378686,jinan-telecom,wuhan-telecom,41.5587,0.0,icmp,1591238220,2020-06-04 02:37:00+00:00
29378906,jinan-telecom,wuhan-telecom,48.9761,0.0,icmp,1591238340,2020-06-04 02:39:00+00:00
29379140,jinan-telecom,wuhan-telecom,39.6696,0.0,icmp,1591238479,2020-06-04 02:41:19+00:00
29379377,jinan-telecom,wuhan-telecom,41.2059,0.0,icmp,1591238580,2020-06-04 02:43:00+00:00
29379607,jinan-telecom,wuhan-telecom,45.5808,0.0,icmp,1591238700,2020-06-04 02:45:00+00:00
29379812,jinan-telecom,wuhan-telecom,50.6709,0.0,icmp,1591238820,2020-06-04 02:47:00+00:00
29380058,jinan-telecom,wuhan-telecom,39.727,0.0,icmp,1591238959,2020-06-04 02:49:19+00:00
29380300,jinan-telecom,wuhan-telecom,39.7,0.0,icmp,1591239079,2020-06-04 02:51:19+00:00
29380536,jinan-telecom,wuhan-telecom,50.5413,0.0,icmp,1591239180,2020-06-04 02:53:00+00:00
29380746,jinan-telecom,wuhan-telecom,50.262,0.0,icmp,1591239300,2020-06-04 02:55:00+00:00
29380968,jinan-telecom,wuhan-telecom,39.6779,0.0,icmp,1591239439,2020-06-04 02:57:19+00:00
29381219,jinan-telecom,wuhan-telecom,47.257,0.0,icmp,1591239540,2020-06-04 02:59:00+00:00
29381443,jinan-telecom,wuhan-telecom,49.1473,0.0,icmp,1591239660,2020-06-04 03:01:00+00:00
29381658,jinan-telecom,wuhan-telecom,49.2622,0.0,icmp,1591239780,2020-06-04 03:03:00+00:00
29381921,jinan-telecom,wuhan-telecom,47.1498,0.0,icmp,1591239900,2020-06-04 03:05:00+00:00
29382120,jinan-telecom,wuhan-telecom,43.4886,0.0,icmp,1591240020,2020-06-04 03:07:00+00:00
29382356,jinan-telecom,wuhan-telecom,52.4136,0.0,icmp,1591240140,2020-06-04 03:09:00+00:00
29382574,jinan-telecom,wuhan-telecom,50.2617,0.0,icmp,1591240260,2020-06-04 03:11:00+00:00
29382819,jinan-telecom,wuhan-telecom,47.1816,0.0,icmp,1591240380,2020-06-04 03:13:00+00:00
29383050,jinan-telecom,wuhan-telecom,49.8471,0.0,icmp,1591240500,2020-06-04 03:15:00+00:00
29383282,jinan-telecom,wuhan-telecom,49.036,0.0,icmp,1591240620,2020-06-04 03:17:00+00:00
29383503,jinan-telecom,wuhan-telecom,52.4112,0.0,icmp,1591240740,2020-06-04 03:19:00+00:00
29383746,jinan-telecom,wuhan-telecom,50.9502,0.0,icmp,1591240860,2020-06-04 03:21:00+00:00
29383950,jinan-telecom,wuhan-telecom,49.3967,0.0,icmp,1591240980,2020-06-04 03:23:00+00:00
29384168,jinan-telecom,wuhan-telecom,40.1369,0.0,icmp,1591241119,2020-06-04 03:25:19+00:00
29384418,jinan-telecom,wuhan-telecom,40.4022,0.0,icmp,1591241220,2020-06-04 03:27:00+00:00
29384652,jinan-telecom,wuhan-telecom,50.8502,0.0,icmp,1591241340,2020-06-04 03:29:00+00:00
29384891,jinan-telecom,wuhan-telecom,49.0874,0.0,icmp,1591241460,2020-06-04 03:31:00+00:00
29385096,jinan-telecom,wuhan-telecom,44.5847,0.0,icmp,1591241580,2020-06-04 03:33:00+00:00
29385340,jinan-telecom,wuhan-telecom,47.8066,0.0,icmp,1591241700,2020-06-04 03:35:00+00:00
29385560,jinan-telecom,wuhan-telecom,48.1896,0.0,icmp,1591241820,2020-06-04 03:37:00+00:00
29385786,jinan-telecom,wuhan-telecom,54.3335,0.0,icmp,1591241940,2020-06-04 03:39:00+00:00
29386030,jinan-telecom,wuhan-telecom,52.8941,0.0,icmp,1591242060,2020-06-04 03:41:00+00:00
29386247,jinan-telecom,wuhan-telecom,51.3375,0.0,icmp,1591242180,2020-06-04 03:43:00+00:00
29386484,jinan-telecom,wuhan-telecom,39.7,0.0,icmp,1591242319,2020-06-04 03:45:19+00:00
29386697,jinan-telecom,wuhan-telecom,39.7901,0.0,icmp,1591242439,2020-06-04 03:47:19+00:00
29386943,jinan-telecom,wuhan-telecom,39.7141,0.0,icmp,1591242559,2020-06-04 03:49:19+00:00
29387171,jinan-telecom,wuhan-telecom,51.7582,0.0,icmp,1591242660,2020-06-04 03:51:00+00:00
29387370,jinan-telecom,wuhan-telecom,39.9483,0.0,icmp,1591242799,2020-06-04 03:53:19+00:00
29387621,jinan-telecom,wuhan-telecom,39.6714,0.0,icmp,1591242919,2020-06-04 03:55:19+00:00
29387827,jinan-telecom,wuhan-telecom,50.5337,0.0,icmp,1591243020,2020-06-04 03:57:00+00:00
29388098,jinan-telecom,wuhan-telecom,51.1935,0.0,icmp,1591243140,2020-06-04 03:59:00+00:00
29388314,jinan-telecom,wuhan-telecom,45.1214,0.0,icmp,1591243260,2020-06-04 04:01:00+00:00
29388540,jinan-telecom,wuhan-telecom,48.7672,0.0,icmp,1591243380,2020-06-04 04:03:00+00:00
29388753,jinan-telecom,wuhan-telecom,47.322,0.0,icmp,1591243500,2020-06-04 04:05:00+00:00
29388986,jinan-telecom,wuhan-telecom,39.7103,0.0,icmp,1591243639,2020-06-04 04:07:19+00:00
29389220,jinan-telecom,wuhan-telecom,50.6399,0.0,icmp,1591243740,2020-06-04 04:09:00+00:00
29389484,jinan-telecom,wuhan-telecom,49.7576,0.0,icmp,1591243860,2020-06-04 04:11:00+00:00
29389690,jinan-telecom,wuhan-telecom,41.7344,0.0,icmp,1591243980,2020-06-04 04:13:00+00:00
29389892,jinan-telecom,wuhan-telecom,39.6683,0.0,icmp,1591244119,2020-06-04 04:15:19+00:00
29390154,jinan-telecom,wuhan-telecom,48.8204,0.0,icmp,1591244220,2020-06-04 04:17:00+00:00
29390386,jinan-telecom,wuhan-telecom,49.6325,0.0,icmp,1591244340,2020-06-04 04:19:00+00:00
29390580,jinan-telecom,wuhan-telecom,51.5226,0.0,icmp,1591244460,2020-06-04 04:21:00+00:00
29390837,jinan-telecom,wuhan-telecom,49.7812,0.0,icmp,1591244580,2020-06-04 04:23:00+00:00
29391052,jinan-telecom,wuhan-telecom,39.6619,0.0,icmp,1591244719,2020-06-04 04:25:19+00:00
29391272,jinan-telecom,wuhan-telecom,45.9104,0.0,icmp,1591244820,2020-06-04 04:27:00+00:00
29391510,jinan-telecom,wuhan-telecom,50.6702,0.0,icmp,1591244940,2020-06-04 04:29:00+00:00
29391732,jinan-telecom,wuhan-telecom,40.2554,0.0,icmp,1591245079,2020-06-04 04:31:19+00:00
29391971,jinan-telecom,wuhan-telecom,48.0487,0.0,icmp,1591245180,2020-06-04 04:33:00+00:00
29392182,jinan-telecom,wuhan-telecom,47.9618,0.0,icmp,1591245300,2020-06-04 04:35:00+00:00
29392416,jinan-telecom,wuhan-telecom,45.2555,0.0,icmp,1591245420,2020-06-04 04:37:00+00:00
29392657,jinan-telecom,wuhan-telecom,49.6839,0.0,icmp,1591245540,2020-06-04 04:39:00+00:00
29392897,jinan-telecom,wuhan-telecom,47.2808,0.0,icmp,1591245660,2020-06-04 04:41:00+00:00
29393120,jinan-telecom,wuhan-telecom,50.5612,0.0,icmp,1591245780,2020-06-04 04:43:00+00:00
29393337,jinan-telecom,wuhan-telecom,50.0313,0.0,icmp,1591245900,2020-06-04 04:45:00+00:00
29393557,jinan-telecom,wuhan-telecom,47.573,0.0,icmp,1591246020,2020-06-04 04:47:00+00:00
29393817,jinan-telecom,wuhan-telecom,47.4035,0.0,icmp,1591246140,2020-06-04 04:49:00+00:00
29394023,jinan-telecom,wuhan-telecom,49.46,0.0,icmp,1591246260,2020-06-04 04:51:00+00:00
29394251,jinan-telecom,wuhan-telecom,50.575,0.0,icmp,1591246380,2020-06-04 04:53:00+00:00
29394513,jinan-telecom,wuhan-telecom,42.2036,0.0,icmp,1591246500,2020-06-04 04:55:00+00:00
29394715,jinan-telecom,wuhan-telecom,49.9528,0.0,icmp,1591246620,2020-06-04 04:57:00+00:00
29394941,jinan-telecom,wuhan-telecom,49.3871,0.0,icmp,1591246740,2020-06-04 04:59:00+00:00
29395177,jinan-telecom,wuhan-telecom,49.1033,0.0,icmp,1591246860,2020-06-04 05:01:00+00:00
29395404,jinan-telecom,wuhan-telecom,46.0261,0.0,icmp,1591246980,2020-06-04 05:03:00+00:00
29395634,jinan-telecom,wuhan-telecom,40.4226,0.0,icmp,1591247119,2020-06-04 05:05:19+00:00
29395868,jinan-telecom,wuhan-telecom,50.0833,0.0,icmp,1591247220,2020-06-04 05:07:00+00:00
29396099,jinan-telecom,wuhan-telecom,46.1652,0.0,icmp,1591247340,2020-06-04 05:09:00+00:00
29396337,jinan-telecom,wuhan-telecom,47.4794,0.0,icmp,1591247460,2020-06-04 05:11:00+00:00
29396550,jinan-telecom,wuhan-telecom,40.0055,0.0,icmp,1591247599,2020-06-04 05:13:19+00:00
29396773,jinan-telecom,wuhan-telecom,47.6915,0.0,icmp,1591247700,2020-06-04 05:15:00+00:00
29397000,jinan-telecom,wuhan-telecom,48.7526,0.0,icmp,1591247820,2020-06-04 05:17:00+00:00
29397248,jinan-telecom,wuhan-telecom,48.6324,0.0,icmp,1591247940,2020-06-04 05:19:00+00:00
29397450,jinan-telecom,wuhan-telecom,49.3193,0.0,icmp,1591248060,2020-06-04 05:21:00+00:00
29397695,jinan-telecom,wuhan-telecom,48.962,0.0,icmp,1591248180,2020-06-04 05:23:00+00:00
29397953,jinan-telecom,wuhan-telecom,39.6859,0.0,icmp,1591248319,2020-06-04 05:25:19+00:00
29398157,jinan-telecom,wuhan-telecom,44.3527,0.0,icmp,1591248420,2020-06-04 05:27:00+00:00
29398373,jinan-telecom,wuhan-telecom,50.6944,0.0,icmp,1591248540,2020-06-04 05:29:00+00:00
29398613,jinan-telecom,wuhan-telecom,45.0024,0.0,icmp,1591248660,2020-06-04 05:31:00+00:00
29398845,jinan-telecom,wuhan-telecom,47.8167,0.0,icmp,1591248780,2020-06-04 05:33:00+00:00
29399073,jinan-telecom,wuhan-telecom,42.0274,0.0,icmp,1591248900,2020-06-04 05:35:00+00:00
29399288,jinan-telecom,wuhan-telecom,50.4066,0.0,icmp,1591249020,2020-06-04 05:37:00+00:00
29399522,jinan-telecom,wuhan-telecom,51.0004,0.0,icmp,1591249140,2020-06-04 05:39:00+00:00
29399743,jinan-telecom,wuhan-telecom,50.7249,0.0,icmp,1591249260,2020-06-04 05:41:00+00:00
29399991,jinan-telecom,wuhan-telecom,50.6734,0.0,icmp,1591249380,2020-06-04 05:43:00+00:00
29400211,jinan-telecom,wuhan-telecom,39.7208,0.0,icmp,1591249519,2020-06-04 05:45:19+00:00
29400436,jinan-telecom,wuhan-telecom,49.7208,0.0,icmp,1591249620,2020-06-04 05:47:00+00:00
29400666,jinan-telecom,wuhan-telecom,48.9548,0.0,icmp,1591249740,2020-06-04 05:49:00+00:00
29400914,jinan-telecom,wuhan-telecom,49.5932,0.0,icmp,1591249860,2020-06-04 05:51:00+00:00
29401118,jinan-telecom,wuhan-telecom,40.271,0.0,icmp,1591249999,2020-06-04 05:53:19+00:00
30343474,jinan-telecom,wuhan-telecom,39.7435,0.0,icmp,1591188199,2020-06-03 12:43:19+00:00
30343711,jinan-telecom,wuhan-telecom,48.0595,0.0,icmp,1591188360,2020-06-03 12:46:00+00:00
30343932,jinan-telecom,wuhan-telecom,48.6782,0.0,icmp,1591188480,2020-06-03 12:48:00+00:00
30344170,jinan-telecom,wuhan-telecom,48.1209,0.0,icmp,1591188600,2020-06-03 12:50:00+00:00
30344398,jinan-telecom,wuhan-telecom,40.0595,0.0,icmp,1591188679,2020-06-03 12:51:19+00:00
30344624,jinan-telecom,wuhan-telecom,47.6156,0.0,icmp,1591188840,2020-06-03 12:54:00+00:00
30344856,jinan-telecom,wuhan-telecom,39.6474,0.0,icmp,1591188919,2020-06-03 12:55:19+00:00
30345082,jinan-telecom,wuhan-telecom,39.8639,0.0,icmp,1591189039,2020-06-03 12:57:19+00:00
30345320,jinan-telecom,wuhan-telecom,39.9295,0.0,icmp,1591189159,2020-06-03 12:59:19+00:00
30345546,jinan-telecom,wuhan-telecom,49.2746,0.0,icmp,1591189320,2020-06-03 13:02:00+00:00
30345763,jinan-telecom,wuhan-telecom,46.6043,0.0,icmp,1591189440,2020-06-03 13:04:00+00:00
30345981,jinan-telecom,wuhan-telecom,50.8247,0.0,icmp,1591189560,2020-06-03 13:06:00+00:00
30346231,jinan-telecom,wuhan-telecom,51.2262,0.0,icmp,1591189680,2020-06-03 13:08:00+00:00
30346464,jinan-telecom,wuhan-telecom,47.9457,0.0,icmp,1591189800,2020-06-03 13:10:00+00:00
30346678,jinan-telecom,wuhan-telecom,48.072,0.0,icmp,1591189920,2020-06-03 13:12:00+00:00
30346902,jinan-telecom,wuhan-telecom,39.9678,0.0,icmp,1591189999,2020-06-03 13:13:19+00:00
30347143,jinan-telecom,wuhan-telecom,39.7352,0.0,icmp,1591190160,2020-06-03 13:16:00+00:00
30347346,jinan-telecom,wuhan-telecom,49.1072,0.0,icmp,1591190280,2020-06-03 13:18:00+00:00
30347583,jinan-telecom,wuhan-telecom,50.0565,0.0,icmp,1591190400,2020-06-03 13:20:00+00:00
30347839,jinan-telecom,wuhan-telecom,49.3823,0.0,icmp,1591190520,2020-06-03 13:22:00+00:00
30348063,jinan-telecom,wuhan-telecom,47.8221,0.0,icmp,1591190640,2020-06-03 13:24:00+00:00
30348276,jinan-telecom,wuhan-telecom,39.7461,0.0,icmp,1591190719,2020-06-03 13:25:19+00:00
30348495,jinan-telecom,wuhan-telecom,48.873,0.0,icmp,1591190880,2020-06-03 13:28:00+00:00
30348722,jinan-telecom,wuhan-telecom,39.9413,0.0,icmp,1591190959,2020-06-03 13:29:19+00:00
30348961,jinan-telecom,wuhan-telecom,51.7254,0.0,icmp,1591191120,2020-06-03 13:32:00+00:00
30349199,jinan-telecom,wuhan-telecom,50.0553,0.0,icmp,1591191240,2020-06-03 13:34:00+00:00
30349440,jinan-telecom,wuhan-telecom,50.0227,0.0,icmp,1591191360,2020-06-03 13:36:00+00:00
30349650,jinan-telecom,wuhan-telecom,39.6302,0.0,icmp,1591191439,2020-06-03 13:37:19+00:00
30349878,jinan-telecom,wuhan-telecom,51.2956,0.0,icmp,1591191600,2020-06-03 13:40:00+00:00
30350096,jinan-telecom,wuhan-telecom,51.8478,0.0,icmp,1591191720,2020-06-03 13:42:00+00:00
30350339,jinan-telecom,wuhan-telecom,39.7452,0.0,icmp,1591191799,2020-06-03 13:43:19+00:00
30350579,jinan-telecom,wuhan-telecom,39.7072,0.0,icmp,1591191919,2020-06-03 13:45:19+00:00
30350788,jinan-telecom,wuhan-telecom,40.058,0.0,icmp,1591192039,2020-06-03 13:47:19+00:00
30351009,jinan-telecom,wuhan-telecom,47.5895,0.0,icmp,1591192200,2020-06-03 13:50:00+00:00
30351250,jinan-telecom,wuhan-telecom,48.5725,0.0,icmp,1591192320,2020-06-03 13:52:00+00:00
30351490,jinan-telecom,wuhan-telecom,46.9932,0.0,icmp,1591192440,2020-06-03 13:54:00+00:00
30351728,jinan-telecom,wuhan-telecom,44.397,0.0,icmp,1591192560,2020-06-03 13:56:00+00:00
30351931,jinan-telecom,wuhan-telecom,41.8239,0.0,icmp,1591192680,2020-06-03 13:58:00+00:00
30352188,jinan-telecom,wuhan-telecom,51.5261,0.0,icmp,1591192800,2020-06-03 14:00:00+00:00
30352397,jinan-telecom,wuhan-telecom,42.1597,0.0,icmp,1591192920,2020-06-03 14:02:00+00:00
30352614,jinan-telecom,wuhan-telecom,41.5961,0.0,icmp,1591193040,2020-06-03 14:04:00+00:00
30352847,jinan-telecom,wuhan-telecom,39.957,0.0,icmp,1591193160,2020-06-03 14:06:00+00:00
30353099,jinan-telecom,wuhan-telecom,40.0405,0.0,icmp,1591193280,2020-06-03 14:08:00+00:00
30353318,jinan-telecom,wuhan-telecom,53.2445,0.0,icmp,1591193400,2020-06-03 14:10:00+00:00
30353531,jinan-telecom,wuhan-telecom,49.1544,0.0,icmp,1591193520,2020-06-03 14:12:00+00:00
30353769,jinan-telecom,wuhan-telecom,39.9418,0.0,icmp,1591193599,2020-06-03 14:13:19+00:00
30354020,jinan-telecom,wuhan-telecom,43.9447,0.0,icmp,1591193760,2020-06-03 14:16:00+00:00
30354247,jinan-telecom,wuhan-telecom,39.6563,0.0,icmp,1591193839,2020-06-03 14:17:19+00:00
30354466,jinan-telecom,wuhan-telecom,46.9146,0.0,icmp,1591194000,2020-06-03 14:20:00+00:00
30354699,jinan-telecom,wuhan-telecom,50.9383,0.0,icmp,1591194120,2020-06-03 14:22:00+00:00
30354918,jinan-telecom,wuhan-telecom,50.4213,0.0,icmp,1591194240,2020-06-03 14:24:00+00:00
30355160,jinan-telecom,wuhan-telecom,39.9076,0.0,icmp,1591194319,2020-06-03 14:25:19+00:00
30355378,jinan-telecom,wuhan-telecom,51.4248,0.0,icmp,1591194480,2020-06-03 14:28:00+00:00
30355623,jinan-telecom,wuhan-telecom,49.1377,0.0,icmp,1591194600,2020-06-03 14:30:00+00:00
30355836,jinan-telecom,wuhan-telecom,39.8126,0.0,icmp,1591194679,2020-06-03 14:31:19+00:00
30356058,jinan-telecom,wuhan-telecom,48.8541,0.0,icmp,1591194840,2020-06-03 14:34:00+00:00
30356292,jinan-telecom,wuhan-telecom,50.7341,0.0,icmp,1591194960,2020-06-03 14:36:00+00:00
30356524,jinan-telecom,wuhan-telecom,50.8616,0.0,icmp,1591195080,2020-06-03 14:38:00+00:00
30356749,jinan-telecom,wuhan-telecom,48.0132,0.0,icmp,1591195200,2020-06-03 14:40:00+00:00
30356994,jinan-telecom,wuhan-telecom,47.707,0.0,icmp,1591195320,2020-06-03 14:42:00+00:00
30357225,jinan-telecom,wuhan-telecom,46.7039,0.0,icmp,1591195440,2020-06-03 14:44:00+00:00
30357457,jinan-telecom,wuhan-telecom,39.7244,0.0,icmp,1591195519,2020-06-03 14:45:19+00:00
30357689,jinan-telecom,wuhan-telecom,39.729,0.0,icmp,1591195639,2020-06-03 14:47:19+00:00
30357897,jinan-telecom,wuhan-telecom,39.9671,0.0,icmp,1591195759,2020-06-03 14:49:19+00:00
30358119,jinan-telecom,wuhan-telecom,39.6789,0.0,icmp,1591195879,2020-06-03 14:51:19+00:00
30358356,jinan-telecom,wuhan-telecom,48.705,0.0,icmp,1591196040,2020-06-03 14:54:00+00:00
30358568,jinan-telecom,wuhan-telecom,39.6778,0.0,icmp,1591196119,2020-06-03 14:55:19+00:00
30358824,jinan-telecom,wuhan-telecom,39.6917,0.0,icmp,1591196239,2020-06-03 14:57:19+00:00
30359045,jinan-telecom,wuhan-telecom,49.3018,0.0,icmp,1591196400,2020-06-03 15:00:00+00:00
30359279,jinan-telecom,wuhan-telecom,48.579,0.0,icmp,1591196520,2020-06-03 15:02:00+00:00
30359504,jinan-telecom,wuhan-telecom,39.8577,0.0,icmp,1591196599,2020-06-03 15:03:19+00:00
30359723,jinan-telecom,wuhan-telecom,49.0579,0.0,icmp,1591196760,2020-06-03 15:06:00+00:00
30359947,jinan-telecom,wuhan-telecom,48.4575,0.0,icmp,1591196880,2020-06-03 15:08:00+00:00
30360188,jinan-telecom,wuhan-telecom,51.3782,0.0,icmp,1591197000,2020-06-03 15:10:00+00:00
30360421,jinan-telecom,wuhan-telecom,42.7492,0.0,icmp,1591197120,2020-06-03 15:12:00+00:00
30360657,jinan-telecom,wuhan-telecom,50.6948,0.0,icmp,1591197240,2020-06-03 15:14:00+00:00
30360904,jinan-telecom,wuhan-telecom,39.7571,0.0,icmp,1591197319,2020-06-03 15:15:19+00:00
30361114,jinan-telecom,wuhan-telecom,40.0942,0.0,icmp,1591197439,2020-06-03 15:17:19+00:00
30361333,jinan-telecom,wuhan-telecom,40.1227,0.0,icmp,1591197559,2020-06-03 15:19:19+00:00
30361575,jinan-telecom,wuhan-telecom,49.434,0.0,icmp,1591197720,2020-06-03 15:22:00+00:00
30361798,jinan-telecom,wuhan-telecom,39.8736,0.0,icmp,1591197799,2020-06-03 15:23:19+00:00
30362014,jinan-telecom,wuhan-telecom,50.9194,0.0,icmp,1591197960,2020-06-03 15:26:00+00:00
30362260,jinan-telecom,wuhan-telecom,51.8435,0.0,icmp,1591198080,2020-06-03 15:28:00+00:00
30362481,jinan-telecom,wuhan-telecom,48.0778,0.0,icmp,1591198200,2020-06-03 15:30:00+00:00
30362697,jinan-telecom,wuhan-telecom,50.3777,0.0,icmp,1591198320,2020-06-03 15:32:00+00:00
30362925,jinan-telecom,wuhan-telecom,50.5092,0.0,icmp,1591198440,2020-06-03 15:34:00+00:00
30363160,jinan-telecom,wuhan-telecom,48.3992,0.0,icmp,1591198560,2020-06-03 15:36:00+00:00
30363390,jinan-telecom,wuhan-telecom,50.0205,0.0,icmp,1591198680,2020-06-03 15:38:00+00:00
30363627,jinan-telecom,wuhan-telecom,48.4417,0.0,icmp,1591198800,2020-06-03 15:40:00+00:00
30363856,jinan-telecom,wuhan-telecom,51.1491,0.0,icmp,1591198920,2020-06-03 15:42:00+00:00
30364083,jinan-telecom,wuhan-telecom,39.7216,0.0,icmp,1591198999,2020-06-03 15:43:19+00:00
30364315,jinan-telecom,wuhan-telecom,41.9313,0.0,icmp,1591199160,2020-06-03 15:46:00+00:00
30364551,jinan-telecom,wuhan-telecom,39.67,0.0,icmp,1591199239,2020-06-03 15:47:19+00:00
30364781,jinan-telecom,wuhan-telecom,39.7938,0.0,icmp,1591199359,2020-06-03 15:49:19+00:00
30365002,jinan-telecom,wuhan-telecom,47.9237,0.0,icmp,1591199520,2020-06-03 15:52:00+00:00
30365230,jinan-telecom,wuhan-telecom,49.8677,0.0,icmp,1591199640,2020-06-03 15:54:00+00:00
30365470,jinan-telecom,wuhan-telecom,45.6911,0.0,icmp,1591199760,2020-06-03 15:56:00+00:00
30365688,jinan-telecom,wuhan-telecom,44.1419,0.0,icmp,1591199880,2020-06-03 15:58:00+00:00
30365921,jinan-telecom,wuhan-telecom,52.0345,0.0,icmp,1591200000,2020-06-03 16:00:00+00:00
30366140,jinan-telecom,wuhan-telecom,40.2106,0.0,icmp,1591200079,2020-06-03 16:01:19+00:00
30366398,jinan-telecom,wuhan-telecom,39.7293,0.0,icmp,1591200199,2020-06-03 16:03:19+00:00
30366616,jinan-telecom,wuhan-telecom,52.5872,0.0,icmp,1591200360,2020-06-03 16:06:00+00:00
30366840,jinan-telecom,wuhan-telecom,49.9361,0.0,icmp,1591200480,2020-06-03 16:08:00+00:00
30367064,jinan-telecom,wuhan-telecom,53.4325,0.0,icmp,1591200600,2020-06-03 16:10:00+00:00
30367272,jinan-telecom,wuhan-telecom,39.7993,0.0,icmp,1591200679,2020-06-03 16:11:19+00:00
30367529,jinan-telecom,wuhan-telecom,41.4443,0.0,icmp,1591200840,2020-06-03 16:14:00+00:00
30367750,jinan-telecom,wuhan-telecom,43.3082,0.0,icmp,1591200960,2020-06-03 16:16:00+00:00
30367997,jinan-telecom,wuhan-telecom,52.7685,0.0,icmp,1591201080,2020-06-03 16:18:00+00:00
30368189,jinan-telecom,wuhan-telecom,48.0417,0.0,icmp,1591201200,2020-06-03 16:20:00+00:00
30368427,jinan-telecom,wuhan-telecom,45.6128,0.0,icmp,1591201320,2020-06-03 16:22:00+00:00
30368652,jinan-telecom,wuhan-telecom,48.0446,0.0,icmp,1591201440,2020-06-03 16:24:00+00:00
30368904,jinan-telecom,wuhan-telecom,52.1604,0.0,icmp,1591201560,2020-06-03 16:26:00+00:00
30369119,jinan-telecom,wuhan-telecom,39.7192,0.0,icmp,1591201639,2020-06-03 16:27:19+00:00
30369351,jinan-telecom,wuhan-telecom,46.8045,0.0,icmp,1591201800,2020-06-03 16:30:00+00:00
30369593,jinan-telecom,wuhan-telecom,47.6201,0.0,icmp,1591201920,2020-06-03 16:32:00+00:00
30369821,jinan-telecom,wuhan-telecom,39.8833,0.0,icmp,1591201999,2020-06-03 16:33:19+00:00
30370044,jinan-telecom,wuhan-telecom,47.5713,0.0,icmp,1591202160,2020-06-03 16:36:00+00:00
30370266,jinan-telecom,wuhan-telecom,50.351,0.0,icmp,1591202280,2020-06-03 16:38:00+00:00
30370510,jinan-telecom,wuhan-telecom,48.6596,0.0,icmp,1591202400,2020-06-03 16:40:00+00:00
30370723,jinan-telecom,wuhan-telecom,48.2146,0.0,icmp,1591202520,2020-06-03 16:42:00+00:00
30370946,jinan-telecom,wuhan-telecom,50.4309,0.0,icmp,1591202640,2020-06-03 16:44:00+00:00
30371190,jinan-telecom,wuhan-telecom,40.4696,0.0,icmp,1591202760,2020-06-03 16:46:00+00:00
30371404,jinan-telecom,wuhan-telecom,39.6942,0.0,icmp,1591202839,2020-06-03 16:47:19+00:00
30371635,jinan-telecom,wuhan-telecom,50.6802,0.0,icmp,1591203000,2020-06-03 16:50:00+00:00
30371876,jinan-telecom,wuhan-telecom,49.4023,0.0,icmp,1591203120,2020-06-03 16:52:00+00:00
30372085,jinan-telecom,wuhan-telecom,41.023,0.0,icmp,1591203240,2020-06-03 16:54:00+00:00
30372304,jinan-telecom,wuhan-telecom,49.9675,0.0,icmp,1591203360,2020-06-03 16:56:00+00:00
30372557,jinan-telecom,wuhan-telecom,40.1533,0.0,icmp,1591203439,2020-06-03 16:57:19+00:00
30372769,jinan-telecom,wuhan-telecom,48.5612,0.0,icmp,1591203600,2020-06-03 17:00:00+00:00
30373004,jinan-telecom,wuhan-telecom,47.9577,0.0,icmp,1591203720,2020-06-03 17:02:00+00:00
30373254,jinan-telecom,wuhan-telecom,49.328,0.0,icmp,1591203840,2020-06-03 17:04:00+00:00
30373479,jinan-telecom,wuhan-telecom,44.0661,0.0,icmp,1591203960,2020-06-03 17:06:00+00:00
30373710,jinan-telecom,wuhan-telecom,50.8006,0.0,icmp,1591204080,2020-06-03 17:08:00+00:00
30373935,jinan-telecom,wuhan-telecom,49.4038,0.0,icmp,1591204200,2020-06-03 17:10:00+00:00
30374159,jinan-telecom,wuhan-telecom,51.9995,0.0,icmp,1591204320,2020-06-03 17:12:00+00:00
30374388,jinan-telecom,wuhan-telecom,50.2598,0.0,icmp,1591204440,2020-06-03 17:14:00+00:00
30374614,jinan-telecom,wuhan-telecom,50.7395,0.0,icmp,1591204560,2020-06-03 17:16:00+00:00
30374836,jinan-telecom,wuhan-telecom,41.2146,0.0,icmp,1591204680,2020-06-03 17:18:00+00:00
30375068,jinan-telecom,wuhan-telecom,39.8225,0.0,icmp,1591204759,2020-06-03 17:19:19+00:00
30375296,jinan-telecom,wuhan-telecom,43.8297,0.0,icmp,1591204920,2020-06-03 17:22:00+00:00
30375536,jinan-telecom,wuhan-telecom,39.8078,0.0,icmp,1591204999,2020-06-03 17:23:19+00:00
30375744,jinan-telecom,wuhan-telecom,49.169,0.0,icmp,1591205160,2020-06-03 17:26:00+00:00
30375982,jinan-telecom,wuhan-telecom,46.2662,0.0,icmp,1591205280,2020-06-03 17:28:00+00:00
30376217,jinan-telecom,wuhan-telecom,42.1183,0.0,icmp,1591205400,2020-06-03 17:30:00+00:00
30376446,jinan-telecom,wuhan-telecom,50.3158,0.0,icmp,1591205520,2020-06-03 17:32:00+00:00
30376683,jinan-telecom,wuhan-telecom,47.9937,0.0,icmp,1591205640,2020-06-03 17:34:00+00:00
30376900,jinan-telecom,wuhan-telecom,41.5932,0.0,icmp,1591205760,2020-06-03 17:36:00+00:00
30377128,jinan-telecom,wuhan-telecom,48.63,0.0,icmp,1591205880,2020-06-03 17:38:00+00:00
30377370,jinan-telecom,wuhan-telecom,41.2207,0.0,icmp,1591206000,2020-06-03 17:40:00+00:00
30377613,jinan-telecom,wuhan-telecom,39.765,0.0,icmp,1591206079,2020-06-03 17:41:19+00:00
30377818,jinan-telecom,wuhan-telecom,45.6423,0.0,icmp,1591206240,2020-06-03 17:44:00+00:00
30378055,jinan-telecom,wuhan-telecom,39.6679,0.0,icmp,1591206319,2020-06-03 17:45:19+00:00
30378266,jinan-telecom,wuhan-telecom,47.6683,0.0,icmp,1591206480,2020-06-03 17:48:00+00:00
30378503,jinan-telecom,wuhan-telecom,49.3744,0.0,icmp,1591206600,2020-06-03 17:50:00+00:00
30378728,jinan-telecom,wuhan-telecom,50.8949,0.0,icmp,1591206720,2020-06-03 17:52:00+00:00
30378983,jinan-telecom,wuhan-telecom,46.4687,0.0,icmp,1591206840,2020-06-03 17:54:00+00:00
30379188,jinan-telecom,wuhan-telecom,49.3419,0.0,icmp,1591206960,2020-06-03 17:56:00+00:00
30379414,jinan-telecom,wuhan-telecom,47.1789,0.0,icmp,1591207080,2020-06-03 17:58:00+00:00
30379664,jinan-telecom,wuhan-telecom,39.7931,0.0,icmp,1591207159,2020-06-03 17:59:19+00:00
30379884,jinan-telecom,wuhan-telecom,39.74,0.0,icmp,1591207279,2020-06-03 18:01:19+00:00
30380110,jinan-telecom,wuhan-telecom,45.6662,0.0,icmp,1591207440,2020-06-03 18:04:00+00:00
30380333,jinan-telecom,wuhan-telecom,39.6624,0.0,icmp,1591207519,2020-06-03 18:05:19+00:00
30380573,jinan-telecom,wuhan-telecom,50.9314,0.0,icmp,1591207680,2020-06-03 18:08:00+00:00
30380807,jinan-telecom,wuhan-telecom,39.7077,0.0,icmp,1591207759,2020-06-03 18:09:19+00:00
30381022,jinan-telecom,wuhan-telecom,50.7796,0.0,icmp,1591207920,2020-06-03 18:12:00+00:00
30381241,jinan-telecom,wuhan-telecom,51.2522,0.0,icmp,1591208040,2020-06-03 18:14:00+00:00
30381484,jinan-telecom,wuhan-telecom,50.6619,0.0,icmp,1591208160,2020-06-03 18:16:00+00:00
30381715,jinan-telecom,wuhan-telecom,42.6554,0.0,icmp,1591208280,2020-06-03 18:18:00+00:00
30381928,jinan-telecom,wuhan-telecom,39.7277,0.0,icmp,1591208359,2020-06-03 18:19:19+00:00
30382180,jinan-telecom,wuhan-telecom,48.428,0.0,icmp,1591208520,2020-06-03 18:22:00+00:00
30382386,jinan-telecom,wuhan-telecom,45.6282,0.0,icmp,1591208640,2020-06-03 18:24:00+00:00
30382625,jinan-telecom,wuhan-telecom,40.0996,0.0,icmp,1591208719,2020-06-03 18:25:19+00:00
30382861,jinan-telecom,wuhan-telecom,49.8214,0.0,icmp,1591208880,2020-06-03 18:28:00+00:00
30383097,jinan-telecom,wuhan-telecom,39.6476,0.0,icmp,1591208959,2020-06-03 18:29:19+00:00
30383333,jinan-telecom,wuhan-telecom,39.8163,0.0,icmp,1591209079,2020-06-03 18:31:19+00:00
30383561,jinan-telecom,wuhan-telecom,45.4398,0.0,icmp,1591209240,2020-06-03 18:34:00+00:00
30383787,jinan-telecom,wuhan-telecom,50.972,0.0,icmp,1591209360,2020-06-03 18:36:00+00:00
30384010,jinan-telecom,wuhan-telecom,52.2201,0.0,icmp,1591209480,2020-06-03 18:38:00+00:00
30384222,jinan-telecom,wuhan-telecom,39.9074,0.0,icmp,1591209559,2020-06-03 18:39:19+00:00
30384451,jinan-telecom,wuhan-telecom,51.4798,0.0,icmp,1591209720,2020-06-03 18:42:00+00:00
30384694,jinan-telecom,wuhan-telecom,40.0033,0.0,icmp,1591209840,2020-06-03 18:44:00+00:00
30384923,jinan-telecom,wuhan-telecom,39.8155,0.0,icmp,1591209919,2020-06-03 18:45:19+00:00
30385143,jinan-telecom,wuhan-telecom,48.2999,0.0,icmp,1591210080,2020-06-03 18:48:00+00:00
30385394,jinan-telecom,wuhan-telecom,47.9459,0.0,icmp,1591210200,2020-06-03 18:50:00+00:00
30385624,jinan-telecom,wuhan-telecom,48.8115,0.0,icmp,1591210320,2020-06-03 18:52:00+00:00
30385833,jinan-telecom,wuhan-telecom,47.3848,0.0,icmp,1591210440,2020-06-03 18:54:00+00:00
30386061,jinan-telecom,wuhan-telecom,48.8232,0.0,icmp,1591210560,2020-06-03 18:56:00+00:00
30386302,jinan-telecom,wuhan-telecom,51.0357,0.0,icmp,1591210680,2020-06-03 18:58:00+00:00
30386522,jinan-telecom,wuhan-telecom,48.5492,0.0,icmp,1591210800,2020-06-03 19:00:00+00:00
30386744,jinan-telecom,wuhan-telecom,45.5332,0.0,icmp,1591210920,2020-06-03 19:02:00+00:00
30386964,jinan-telecom,wuhan-telecom,44.7651,0.0,icmp,1591211040,2020-06-03 19:04:00+00:00
30387218,jinan-telecom,wuhan-telecom,48.0423,0.0,icmp,1591211160,2020-06-03 19:06:00+00:00
30387444,jinan-telecom,wuhan-telecom,51.2694,0.0,icmp,1591211280,2020-06-03 19:08:00+00:00
30387671,jinan-telecom,wuhan-telecom,49.554,0.0,icmp,1591211400,2020-06-03 19:10:00+00:00
30387887,jinan-telecom,wuhan-telecom,50.9736,0.0,icmp,1591211520,2020-06-03 19:12:00+00:00
30388128,jinan-telecom,wuhan-telecom,50.2543,0.0,icmp,1591211640,2020-06-03 19:14:00+00:00
30388368,jinan-telecom,wuhan-telecom,39.7433,0.0,icmp,1591211719,2020-06-03 19:15:19+00:00
30388569,jinan-telecom,wuhan-telecom,52.4189,0.0,icmp,1591211880,2020-06-03 19:18:00+00:00
30388809,jinan-telecom,wuhan-telecom,51.9099,0.0,icmp,1591212000,2020-06-03 19:20:00+00:00
30389027,jinan-telecom,wuhan-telecom,51.6219,0.0,icmp,1591212120,2020-06-03 19:22:00+00:00
30389269,jinan-telecom,wuhan-telecom,46.4182,0.0,icmp,1591212240,2020-06-03 19:24:00+00:00
30389512,jinan-telecom,wuhan-telecom,48.3376,0.0,icmp,1591212360,2020-06-03 19:26:00+00:00
30389727,jinan-telecom,wuhan-telecom,48.7403,0.0,icmp,1591212480,2020-06-03 19:28:00+00:00
30389966,jinan-telecom,wuhan-telecom,47.603,0.0,icmp,1591212600,2020-06-03 19:30:00+00:00
30390197,jinan-telecom,wuhan-telecom,39.9448,0.0,icmp,1591212679,2020-06-03 19:31:19+00:00
30390399,jinan-telecom,wuhan-telecom,45.8574,0.0,icmp,1591212840,2020-06-03 19:34:00+00:00
30390637,jinan-telecom,wuhan-telecom,40.9787,0.0,icmp,1591212960,2020-06-03 19:36:00+00:00
30390834,jinan-telecom,wuhan-telecom,39.6512,0.0,icmp,1591213039,2020-06-03 19:37:19+00:00
30391115,jinan-telecom,wuhan-telecom,51.7305,0.0,icmp,1591213200,2020-06-03 19:40:00+00:00
30391339,jinan-telecom,wuhan-telecom,45.828,0.0,icmp,1591213320,2020-06-03 19:42:00+00:00
30391563,jinan-telecom,wuhan-telecom,46.554,0.0,icmp,1591213440,2020-06-03 19:44:00+00:00
30391778,jinan-telecom,wuhan-telecom,39.9285,0.0,icmp,1591213519,2020-06-03 19:45:19+00:00
30392010,jinan-telecom,wuhan-telecom,46.2074,0.0,icmp,1591213680,2020-06-03 19:48:00+00:00
30392251,jinan-telecom,wuhan-telecom,46.9159,0.0,icmp,1591213800,2020-06-03 19:50:00+00:00
30392460,jinan-telecom,wuhan-telecom,50.574,0.0,icmp,1591213920,2020-06-03 19:52:00+00:00
30392696,jinan-telecom,wuhan-telecom,49.2458,0.0,icmp,1591214040,2020-06-03 19:54:00+00:00
30392931,jinan-telecom,wuhan-telecom,49.6543,0.0,icmp,1591214160,2020-06-03 19:56:00+00:00
30393166,jinan-telecom,wuhan-telecom,51.9466,0.0,icmp,1591214280,2020-06-03 19:58:00+00:00
30393367,jinan-telecom,wuhan-telecom,49.7475,2.0,icmp,1591214400,2020-06-03 20:00:00+00:00
30393617,jinan-telecom,wuhan-telecom,39.7472,0.0,icmp,1591214479,2020-06-03 20:01:19+00:00
30393862,jinan-telecom,wuhan-telecom,39.8731,0.0,icmp,1591214599,2020-06-03 20:03:19+00:00
30394058,jinan-telecom,wuhan-telecom,39.8134,0.0,icmp,1591214719,2020-06-03 20:05:19+00:00
30394307,jinan-telecom,wuhan-telecom,51.1293,0.0,icmp,1591214880,2020-06-03 20:08:00+00:00
30394520,jinan-telecom,wuhan-telecom,50.628,0.0,icmp,1591215000,2020-06-03 20:10:00+00:00
30394770,jinan-telecom,wuhan-telecom,42.7438,0.0,icmp,1591215120,2020-06-03 20:12:00+00:00
30394997,jinan-telecom,wuhan-telecom,45.4418,0.0,icmp,1591215240,2020-06-03 20:14:00+00:00
30395225,jinan-telecom,wuhan-telecom,51.6758,0.0,icmp,1591215360,2020-06-03 20:16:00+00:00
30395445,jinan-telecom,wuhan-telecom,39.6877,0.0,icmp,1591215439,2020-06-03 20:17:19+00:00
30395672,jinan-telecom,wuhan-telecom,48.7235,0.0,icmp,1591215600,2020-06-03 20:20:00+00:00
30395904,jinan-telecom,wuhan-telecom,39.6676,0.0,icmp,1591215679,2020-06-03 20:21:19+00:00
30396120,jinan-telecom,wuhan-telecom,39.6554,0.0,icmp,1591215799,2020-06-03 20:23:19+00:00
30396374,jinan-telecom,wuhan-telecom,49.0492,0.0,icmp,1591215960,2020-06-03 20:26:00+00:00
30396591,jinan-telecom,wuhan-telecom,51.4493,0.0,icmp,1591216080,2020-06-03 20:28:00+00:00
30396826,jinan-telecom,wuhan-telecom,50.5546,0.0,icmp,1591216200,2020-06-03 20:30:00+00:00
30397035,jinan-telecom,wuhan-telecom,39.9341,0.0,icmp,1591216279,2020-06-03 20:31:19+00:00
30397279,jinan-telecom,wuhan-telecom,39.6499,0.0,icmp,1591216399,2020-06-03 20:33:19+00:00
30397510,jinan-telecom,wuhan-telecom,50.9967,0.0,icmp,1591216560,2020-06-03 20:36:00+00:00
30397755,jinan-telecom,wuhan-telecom,39.6828,0.0,icmp,1591216639,2020-06-03 20:37:19+00:00
30397975,jinan-telecom,wuhan-telecom,40.4825,0.0,icmp,1591216800,2020-06-03 20:40:00+00:00
30398191,jinan-telecom,wuhan-telecom,50.2726,0.0,icmp,1591216920,2020-06-03 20:42:00+00:00
30398425,jinan-telecom,wuhan-telecom,48.8879,0.0,icmp,1591217040,2020-06-03 20:44:00+00:00
30398647,jinan-telecom,wuhan-telecom,49.982,0.0,icmp,1591217160,2020-06-03 20:46:00+00:00
30398871,jinan-telecom,wuhan-telecom,48.4922,0.0,icmp,1591217280,2020-06-03 20:48:00+00:00
30399130,jinan-telecom,wuhan-telecom,40.2499,0.0,icmp,1591217359,2020-06-03 20:49:19+00:00
30399356,jinan-telecom,wuhan-telecom,41.4381,0.0,icmp,1591217520,2020-06-03 20:52:00+00:00
30399566,jinan-telecom,wuhan-telecom,49.1025,0.0,icmp,1591217640,2020-06-03 20:54:00+00:00
30399813,jinan-telecom,wuhan-telecom,47.4351,0.0,icmp,1591217760,2020-06-03 20:56:00+00:00
30400004,jinan-telecom,wuhan-telecom,50.149,0.0,icmp,1591217880,2020-06-03 20:58:00+00:00
30400261,jinan-telecom,wuhan-telecom,40.038,0.0,icmp,1591217959,2020-06-03 20:59:19+00:00
30400477,jinan-telecom,wuhan-telecom,50.4312,0.0,icmp,1591218120,2020-06-03 21:02:00+00:00
30400745,jinan-telecom,wuhan-telecom,50.301,0.0,icmp,1591218240,2020-06-03 21:04:00+00:00
30400939,jinan-telecom,wuhan-telecom,52.0978,0.0,icmp,1591218360,2020-06-03 21:06:00+00:00
30401163,jinan-telecom,wuhan-telecom,50.2407,0.0,icmp,1591218480,2020-06-03 21:08:00+00:00
30401384,jinan-telecom,wuhan-telecom,51.3595,0.0,icmp,1591218600,2020-06-03 21:10:00+00:00
30401638,jinan-telecom,wuhan-telecom,41.3022,0.0,icmp,1591218720,2020-06-03 21:12:00+00:00
30401878,jinan-telecom,wuhan-telecom,52.0429,0.0,icmp,1591218840,2020-06-03 21:14:00+00:00
30402092,jinan-telecom,wuhan-telecom,49.2684,0.0,icmp,1591218960,2020-06-03 21:16:00+00:00
30402310,jinan-telecom,wuhan-telecom,39.7078,0.0,icmp,1591219039,2020-06-03 21:17:19+00:00
30402540,jinan-telecom,wuhan-telecom,51.0825,0.0,icmp,1591219200,2020-06-03 21:20:00+00:00
30402774,jinan-telecom,wuhan-telecom,48.6049,0.0,icmp,1591219320,2020-06-03 21:22:00+00:00
30402993,jinan-telecom,wuhan-telecom,47.3481,0.0,icmp,1591219440,2020-06-03 21:24:00+00:00
30403221,jinan-telecom,wuhan-telecom,39.7275,0.0,icmp,1591219519,2020-06-03 21:25:19+00:00
30403478,jinan-telecom,wuhan-telecom,50.5733,0.0,icmp,1591219680,2020-06-03 21:28:00+00:00
30403697,jinan-telecom,wuhan-telecom,44.8946,0.0,icmp,1591219800,2020-06-03 21:30:00+00:00
30403937,jinan-telecom,wuhan-telecom,48.5313,0.0,icmp,1591219920,2020-06-03 21:32:00+00:00
30404153,jinan-telecom,wuhan-telecom,40.4435,0.0,icmp,1591219999,2020-06-03 21:33:19+00:00
30404378,jinan-telecom,wuhan-telecom,39.9319,0.0,icmp,1591220119,2020-06-03 21:35:19+00:00
30404599,jinan-telecom,wuhan-telecom,39.7452,0.0,icmp,1591220239,2020-06-03 21:37:19+00:00
30404853,jinan-telecom,wuhan-telecom,51.3169,0.0,icmp,1591220400,2020-06-03 21:40:00+00:00
30405056,jinan-telecom,wuhan-telecom,39.8206,0.0,icmp,1591220479,2020-06-03 21:41:19+00:00
30405312,jinan-telecom,wuhan-telecom,46.8912,0.0,icmp,1591220640,2020-06-03 21:44:00+00:00
30405525,jinan-telecom,wuhan-telecom,39.6368,0.0,icmp,1591220719,2020-06-03 21:45:19+00:00
30405759,jinan-telecom,wuhan-telecom,39.8679,0.0,icmp,1591220839,2020-06-03 21:47:19+00:00
30405986,jinan-telecom,wuhan-telecom,39.7136,0.0,icmp,1591220959,2020-06-03 21:49:19+00:00
30406214,jinan-telecom,wuhan-telecom,39.6973,0.0,icmp,1591221079,2020-06-03 21:51:19+00:00
30406449,jinan-telecom,wuhan-telecom,49.1499,0.0,icmp,1591221240,2020-06-03 21:54:00+00:00
30406664,jinan-telecom,wuhan-telecom,48.8933,0.0,icmp,1591221360,2020-06-03 21:56:00+00:00
30406882,jinan-telecom,wuhan-telecom,50.5942,0.0,icmp,1591221480,2020-06-03 21:58:00+00:00
30407111,jinan-telecom,wuhan-telecom,39.7235,0.0,icmp,1591221559,2020-06-03 21:59:19+00:00
30407329,jinan-telecom,wuhan-telecom,48.8011,0.0,icmp,1591221720,2020-06-03 22:02:00+00:00
30407576,jinan-telecom,wuhan-telecom,48.8792,0.0,icmp,1591221840,2020-06-03 22:04:00+00:00
30407816,jinan-telecom,wuhan-telecom,46.0627,0.0,icmp,1591221960,2020-06-03 22:06:00+00:00
30408049,jinan-telecom,wuhan-telecom,50.353,0.0,icmp,1591222080,2020-06-03 22:08:00+00:00
30408288,jinan-telecom,wuhan-telecom,49.4333,0.0,icmp,1591222200,2020-06-03 22:10:00+00:00
30408503,jinan-telecom,wuhan-telecom,41.8943,0.0,icmp,1591222320,2020-06-03 22:12:00+00:00
30408742,jinan-telecom,wuhan-telecom,45.0796,0.0,icmp,1591222440,2020-06-03 22:14:00+00:00
30408957,jinan-telecom,wuhan-telecom,49.8285,0.0,icmp,1591222560,2020-06-03 22:16:00+00:00
30409179,jinan-telecom,wuhan-telecom,50.4085,0.0,icmp,1591222680,2020-06-03 22:18:00+00:00
30409419,jinan-telecom,wuhan-telecom,50.0513,0.0,icmp,1591222800,2020-06-03 22:20:00+00:00
30409657,jinan-telecom,wuhan-telecom,49.8641,0.0,icmp,1591222920,2020-06-03 22:22:00+00:00
30409875,jinan-telecom,wuhan-telecom,48.5277,0.0,icmp,1591223040,2020-06-03 22:24:00+00:00
30410117,jinan-telecom,wuhan-telecom,50.4952,0.0,icmp,1591223160,2020-06-03 22:26:00+00:00
30410339,jinan-telecom,wuhan-telecom,45.1113,0.0,icmp,1591223280,2020-06-03 22:28:00+00:00
30410562,jinan-telecom,wuhan-telecom,53.471,0.0,icmp,1591223400,2020-06-03 22:30:00+00:00
30410791,jinan-telecom,wuhan-telecom,46.4642,0.0,icmp,1591223520,2020-06-03 22:32:00+00:00
30411029,jinan-telecom,wuhan-telecom,44.1238,0.0,icmp,1591223640,2020-06-03 22:34:00+00:00
30411233,jinan-telecom,wuhan-telecom,39.6841,0.0,icmp,1591223719,2020-06-03 22:35:19+00:00
30411484,jinan-telecom,wuhan-telecom,48.4486,0.0,icmp,1591223880,2020-06-03 22:38:00+00:00
30411722,jinan-telecom,wuhan-telecom,40.2624,0.0,icmp,1591223959,2020-06-03 22:39:19+00:00
30411938,jinan-telecom,wuhan-telecom,48.5886,0.0,icmp,1591224120,2020-06-03 22:42:00+00:00
30412148,jinan-telecom,wuhan-telecom,39.7812,0.0,icmp,1591224199,2020-06-03 22:43:19+00:00
30412403,jinan-telecom,wuhan-telecom,48.1955,0.0,icmp,1591224360,2020-06-03 22:46:00+00:00
30412621,jinan-telecom,wuhan-telecom,39.6887,0.0,icmp,1591224439,2020-06-03 22:47:19+00:00
30412845,jinan-telecom,wuhan-telecom,46.9771,0.0,icmp,1591224600,2020-06-03 22:50:00+00:00
30413088,jinan-telecom,wuhan-telecom,50.4657,0.0,icmp,1591224720,2020-06-03 22:52:00+00:00
30413324,jinan-telecom,wuhan-telecom,49.0071,0.0,icmp,1591224840,2020-06-03 22:54:00+00:00
30413554,jinan-telecom,wuhan-telecom,50.0745,0.0,icmp,1591224960,2020-06-03 22:56:00+00:00
30413761,jinan-telecom,wuhan-telecom,47.3868,0.0,icmp,1591225080,2020-06-03 22:58:00+00:00
30414001,jinan-telecom,wuhan-telecom,50.4886,0.0,icmp,1591225200,2020-06-03 23:00:00+00:00
30414241,jinan-telecom,wuhan-telecom,51.3393,0.0,icmp,1591225320,2020-06-03 23:02:00+00:00
30414459,jinan-telecom,wuhan-telecom,39.6725,0.0,icmp,1591225399,2020-06-03 23:03:19+00:00
30414669,jinan-telecom,wuhan-telecom,39.8527,0.0,icmp,1591225519,2020-06-03 23:05:19+00:00
30414908,jinan-telecom,wuhan-telecom,39.7802,0.0,icmp,1591225639,2020-06-03 23:07:19+00:00
30415128,jinan-telecom,wuhan-telecom,50.0504,0.0,icmp,1591225800,2020-06-03 23:10:00+00:00
30415362,jinan-telecom,wuhan-telecom,53.3645,0.0,icmp,1591225920,2020-06-03 23:12:00+00:00
30415610,jinan-telecom,wuhan-telecom,47.5786,0.0,icmp,1591226040,2020-06-03 23:14:00+00:00
30415841,jinan-telecom,wuhan-telecom,48.9586,0.0,icmp,1591226160,2020-06-03 23:16:00+00:00
30416074,jinan-telecom,wuhan-telecom,50.2513,0.0,icmp,1591226280,2020-06-03 23:18:00+00:00
30416303,jinan-telecom,wuhan-telecom,48.3073,0.0,icmp,1591226400,2020-06-03 23:20:00+00:00
30416512,jinan-telecom,wuhan-telecom,49.4626,0.0,icmp,1591226520,2020-06-03 23:22:00+00:00
30416750,jinan-telecom,wuhan-telecom,48.7777,0.0,icmp,1591226640,2020-06-03 23:24:00+00:00
30416964,jinan-telecom,wuhan-telecom,48.9282,0.0,icmp,1591226760,2020-06-03 23:26:00+00:00
30417204,jinan-telecom,wuhan-telecom,51.4906,0.0,icmp,1591226880,2020-06-03 23:28:00+00:00
30417440,jinan-telecom,wuhan-telecom,51.0292,0.0,icmp,1591227000,2020-06-03 23:30:00+00:00
30417669,jinan-telecom,wuhan-telecom,48.2011,0.0,icmp,1591227120,2020-06-03 23:32:00+00:00
30417891,jinan-telecom,wuhan-telecom,49.0714,0.0,icmp,1591227240,2020-06-03 23:34:00+00:00
30418133,jinan-telecom,wuhan-telecom,47.3587,0.0,icmp,1591227360,2020-06-03 23:36:00+00:00
30418350,jinan-telecom,wuhan-telecom,39.7518,0.0,icmp,1591227439,2020-06-03 23:37:19+00:00
30418576,jinan-telecom,wuhan-telecom,50.9854,0.0,icmp,1591227600,2020-06-03 23:40:00+00:00
30418792,jinan-telecom,wuhan-telecom,41.4443,0.0,icmp,1591227720,2020-06-03 23:42:00+00:00
30419030,jinan-telecom,wuhan-telecom,39.8606,0.0,icmp,1591227799,2020-06-03 23:43:19+00:00
30419279,jinan-telecom,wuhan-telecom,47.1132,0.0,icmp,1591227960,2020-06-03 23:46:00+00:00
30419487,jinan-telecom,wuhan-telecom,39.9105,0.0,icmp,1591228039,2020-06-03 23:47:19+00:00
30419725,jinan-telecom,wuhan-telecom,50.1899,0.0,icmp,1591228200,2020-06-03 23:50:00+00:00
30419960,jinan-telecom,wuhan-telecom,50.5237,0.0,icmp,1591228320,2020-06-03 23:52:00+00:00
30420163,jinan-telecom,wuhan-telecom,50.9696,0.0,icmp,1591228440,2020-06-03 23:54:00+00:00
30420403,jinan-telecom,wuhan-telecom,49.802,0.0,icmp,1591228560,2020-06-03 23:56:00+00:00
30420627,jinan-telecom,wuhan-telecom,44.7942,0.0,icmp,1591228680,2020-06-03 23:58:00+00:00
30420851,jinan-telecom,wuhan-telecom,47.4578,0.0,icmp,1591228800,2020-06-04 00:00:00+00:00
30421094,jinan-telecom,wuhan-telecom,49.5053,0.0,icmp,1591228920,2020-06-04 00:02:00+00:00
30421317,jinan-telecom,wuhan-telecom,48.5603,0.0,icmp,1591229040,2020-06-04 00:04:00+00:00
30421557,jinan-telecom,wuhan-telecom,50.6006,0.0,icmp,1591229160,2020-06-04 00:06:00+00:00
30421794,jinan-telecom,wuhan-telecom,43.1555,0.0,icmp,1591229280,2020-06-04 00:08:00+00:00
30422003,jinan-telecom,wuhan-telecom,39.686,0.0,icmp,1591229359,2020-06-04 00:09:19+00:00
30422256,jinan-telecom,wuhan-telecom,47.5911,0.0,icmp,1591229520,2020-06-04 00:12:00+00:00
30422490,jinan-telecom,wuhan-telecom,46.105,0.0,icmp,1591229640,2020-06-04 00:14:00+00:00
30422700,jinan-telecom,wuhan-telecom,49.9852,0.0,icmp,1591229760,2020-06-04 00:16:00+00:00
30422934,jinan-telecom,wuhan-telecom,40.0232,0.0,icmp,1591229880,2020-06-04 00:18:00+00:00
30423163,jinan-telecom,wuhan-telecom,39.7529,0.0,icmp,1591229959,2020-06-04 00:19:19+00:00
30423376,jinan-telecom,wuhan-telecom,48.3351,0.0,icmp,1591230120,2020-06-04 00:22:00+00:00
30423617,jinan-telecom,wuhan-telecom,48.7354,0.0,icmp,1591230240,2020-06-04 00:24:00+00:00
30423839,jinan-telecom,wuhan-telecom,51.498,0.0,icmp,1591230360,2020-06-04 00:26:00+00:00
30424079,jinan-telecom,wuhan-telecom,39.6515,0.0,icmp,1591230439,2020-06-04 00:27:19+00:00
30424297,jinan-telecom,wuhan-telecom,39.6534,0.0,icmp,1591230559,2020-06-04 00:29:19+00:00
30424537,jinan-telecom,wuhan-telecom,50.2832,0.0,icmp,1591230720,2020-06-04 00:32:00+00:00
30424772,jinan-telecom,wuhan-telecom,39.6874,0.0,icmp,1591230799,2020-06-04 00:33:19+00:00
30424985,jinan-telecom,wuhan-telecom,47.9275,0.0,icmp,1591230960,2020-06-04 00:36:00+00:00
30425215,jinan-telecom,wuhan-telecom,49.62,0.0,icmp,1591231080,2020-06-04 00:38:00+00:00
30425441,jinan-telecom,wuhan-telecom,51.4557,0.0,icmp,1591231200,2020-06-04 00:40:00+00:00
30425664,jinan-telecom,wuhan-telecom,42.7268,0.0,icmp,1591231320,2020-06-04 00:42:00+00:00
30425902,jinan-telecom,wuhan-telecom,50.1439,0.0,icmp,1591231440,2020-06-04 00:44:00+00:00
30426138,jinan-telecom,wuhan-telecom,48.6492,0.0,icmp,1591231560,2020-06-04 00:46:00+00:00
30426360,jinan-telecom,wuhan-telecom,49.6436,0.0,icmp,1591231680,2020-06-04 00:48:00+00:00
30426581,jinan-telecom,wuhan-telecom,52.5364,0.0,icmp,1591231800,2020-06-04 00:50:00+00:00
30426826,jinan-telecom,wuhan-telecom,39.9988,0.0,icmp,1591231879,2020-06-04 00:51:19+00:00
30427048,jinan-telecom,wuhan-telecom,48.7734,0.0,icmp,1591232040,2020-06-04 00:54:00+00:00
30427285,jinan-telecom,wuhan-telecom,49.519,0.0,icmp,1591232160,2020-06-04 00:56:00+00:00
30427550,jinan-telecom,wuhan-telecom,41.7387,0.0,icmp,1591232280,2020-06-04 00:58:00+00:00
30427726,jinan-telecom,wuhan-telecom,49.5039,0.0,icmp,1591232400,2020-06-04 01:00:00+00:00
30427963,jinan-telecom,wuhan-telecom,44.2571,0.0,icmp,1591232520,2020-06-04 01:02:00+00:00
30428212,jinan-telecom,wuhan-telecom,48.4126,0.0,icmp,1591232640,2020-06-04 01:04:00+00:00
30428426,jinan-telecom,wuhan-telecom,51.1996,0.0,icmp,1591232760,2020-06-04 01:06:00+00:00
30428658,jinan-telecom,wuhan-telecom,45.794,0.0,icmp,1591232880,2020-06-04 01:08:00+00:00
30428890,jinan-telecom,wuhan-telecom,48.9426,0.0,icmp,1591233000,2020-06-04 01:10:00+00:00
30429114,jinan-telecom,wuhan-telecom,46.9508,0.0,icmp,1591233120,2020-06-04 01:12:00+00:00
30429346,jinan-telecom,wuhan-telecom,49.0234,0.0,icmp,1591233240,2020-06-04 01:14:00+00:00
30429556,jinan-telecom,wuhan-telecom,44.4337,0.0,icmp,1591233360,2020-06-04 01:16:00+00:00
30429795,jinan-telecom,wuhan-telecom,49.6383,0.0,icmp,1591233480,2020-06-04 01:18:00+00:00
30430019,jinan-telecom,wuhan-telecom,39.7816,0.0,icmp,1591233559,2020-06-04 01:19:19+00:00
30430262,jinan-telecom,wuhan-telecom,47.7542,0.0,icmp,1591233720,2020-06-04 01:22:00+00:00
30430497,jinan-telecom,wuhan-telecom,47.9343,0.0,icmp,1591233840,2020-06-04 01:24:00+00:00
30430705,jinan-telecom,wuhan-telecom,49.9834,0.0,icmp,1591233960,2020-06-04 01:26:00+00:00
30430935,jinan-telecom,wuhan-telecom,48.0122,0.0,icmp,1591234080,2020-06-04 01:28:00+00:00
30431166,jinan-telecom,wuhan-telecom,47.2575,0.0,icmp,1591234200,2020-06-04 01:30:00+00:00
30431407,jinan-telecom,wuhan-telecom,50.0686,0.0,icmp,1591234320,2020-06-04 01:32:00+00:00
30431621,jinan-telecom,wuhan-telecom,39.7859,0.0,icmp,1591234399,2020-06-04 01:33:19+00:00
30431881,jinan-telecom,wuhan-telecom,50.3771,0.0,icmp,1591234560,2020-06-04 01:36:00+00:00
30432070,jinan-telecom,wuhan-telecom,39.6694,0.0,icmp,1591234639,2020-06-04 01:37:19+00:00
30432305,jinan-telecom,wuhan-telecom,39.6417,0.0,icmp,1591234759,2020-06-04 01:39:19+00:00
30432559,jinan-telecom,wuhan-telecom,48.9025,0.0,icmp,1591234920,2020-06-04 01:42:00+00:00
30432773,jinan-telecom,wuhan-telecom,39.7072,0.0,icmp,1591234999,2020-06-04 01:43:19+00:00
30433013,jinan-telecom,wuhan-telecom,49.8721,0.0,icmp,1591235160,2020-06-04 01:46:00+00:00
30433226,jinan-telecom,wuhan-telecom,49.3141,0.0,icmp,1591235280,2020-06-04 01:48:00+00:00
30433464,jinan-telecom,wuhan-telecom,39.7803,0.0,icmp,1591235359,2020-06-04 01:49:19+00:00
30433683,jinan-telecom,wuhan-telecom,47.2913,0.0,icmp,1591235520,2020-06-04 01:52:00+00:00
30433942,jinan-telecom,wuhan-telecom,48.9583,0.0,icmp,1591235640,2020-06-04 01:54:00+00:00
30434145,jinan-telecom,wuhan-telecom,47.44,0.0,icmp,1591235760,2020-06-04 01:56:00+00:00
30434386,jinan-telecom,wuhan-telecom,39.649,0.0,icmp,1591235839,2020-06-04 01:57:19+00:00
30434613,jinan-telecom,wuhan-telecom,48.9746,0.0,icmp,1591236000,2020-06-04 02:00:00+00:00
30434855,jinan-telecom,wuhan-telecom,48.7449,0.0,icmp,1591236120,2020-06-04 02:02:00+00:00
30435053,jinan-telecom,wuhan-telecom,46.0017,0.0,icmp,1591236240,2020-06-04 02:04:00+00:00
30435307,jinan-telecom,wuhan-telecom,53.2681,0.0,icmp,1591236360,2020-06-04 02:06:00+00:00
30435530,jinan-telecom,wuhan-telecom,39.6574,0.0,icmp,1591236439,2020-06-04 02:07:19+00:00
30435771,jinan-telecom,wuhan-telecom,39.6581,0.0,icmp,1591236559,2020-06-04 02:09:19+00:00
30435979,jinan-telecom,wuhan-telecom,48.2751,0.0,icmp,1591236720,2020-06-04 02:12:00+00:00
30436204,jinan-telecom,wuhan-telecom,39.6866,0.0,icmp,1591236799,2020-06-04 02:13:19+00:00
30436453,jinan-telecom,wuhan-telecom,48.6714,0.0,icmp,1591236960,2020-06-04 02:16:00+00:00
30436664,jinan-telecom,wuhan-telecom,51.208,0.0,icmp,1591237080,2020-06-04 02:18:00+00:00
30436896,jinan-telecom,wuhan-telecom,50.4527,0.0,icmp,1591237200,2020-06-04 02:20:00+00:00
30437149,jinan-telecom,wuhan-telecom,46.9771,0.0,icmp,1591237320,2020-06-04 02:22:00+00:00
30437355,jinan-telecom,wuhan-telecom,39.7432,0.0,icmp,1591237399,2020-06-04 02:23:19+00:00
30437590,jinan-telecom,wuhan-telecom,45.1222,0.0,icmp,1591237560,2020-06-04 02:26:00+00:00
30437824,jinan-telecom,wuhan-telecom,50.9824,0.0,icmp,1591237680,2020-06-04 02:28:00+00:00
30438040,jinan-telecom,wuhan-telecom,40.1641,0.0,icmp,1591237759,2020-06-04 02:29:19+00:00
30438273,jinan-telecom,wuhan-telecom,39.8415,0.0,icmp,1591237879,2020-06-04 02:31:19+00:00
30438488,jinan-telecom,wuhan-telecom,39.7004,0.0,icmp,1591237999,2020-06-04 02:33:19+00:00
30438751,jinan-telecom,wuhan-telecom,48.7335,0.0,icmp,1591238160,2020-06-04 02:36:00+00:00
30438965,jinan-telecom,wuhan-telecom,49.4747,0.0,icmp,1591238280,2020-06-04 02:38:00+00:00
30439187,jinan-telecom,wuhan-telecom,46.9036,0.0,icmp,1591238400,2020-06-04 02:40:00+00:00
30439406,jinan-telecom,wuhan-telecom,39.6696,0.0,icmp,1591238479,2020-06-04 02:41:19+00:00
30439663,jinan-telecom,wuhan-telecom,47.582,0.0,icmp,1591238640,2020-06-04 02:44:00+00:00
30439867,jinan-telecom,wuhan-telecom,50.3797,0.0,icmp,1591238760,2020-06-04 02:46:00+00:00
30440097,jinan-telecom,wuhan-telecom,49.3365,0.0,icmp,1591238880,2020-06-04 02:48:00+00:00
30440320,jinan-telecom,wuhan-telecom,39.727,0.0,icmp,1591238959,2020-06-04 02:49:19+00:00
30440553,jinan-telecom,wuhan-telecom,39.7,0.0,icmp,1591239079,2020-06-04 02:51:19+00:00
30440811,jinan-telecom,wuhan-telecom,50.1867,0.0,icmp,1591239240,2020-06-04 02:54:00+00:00
30441015,jinan-telecom,wuhan-telecom,44.8573,0.0,icmp,1591239360,2020-06-04 02:56:00+00:00
30441251,jinan-telecom,wuhan-telecom,39.6779,0.0,icmp,1591239439,2020-06-04 02:57:19+00:00
30441461,jinan-telecom,wuhan-telecom,46.0719,0.0,icmp,1591239600,2020-06-04 03:00:00+00:00
30441730,jinan-telecom,wuhan-telecom,50.0819,0.0,icmp,1591239720,2020-06-04 03:02:00+00:00
30441926,jinan-telecom,wuhan-telecom,45.0954,0.0,icmp,1591239840,2020-06-04 03:04:00+00:00
30442161,jinan-telecom,wuhan-telecom,50.2096,0.0,icmp,1591239960,2020-06-04 03:06:00+00:00
30442382,jinan-telecom,wuhan-telecom,50.9531,0.0,icmp,1591240080,2020-06-04 03:08:00+00:00
30442637,jinan-telecom,wuhan-telecom,49.0204,0.0,icmp,1591240200,2020-06-04 03:10:00+00:00
30442838,jinan-telecom,wuhan-telecom,46.5344,0.0,icmp,1591240320,2020-06-04 03:12:00+00:00
30443089,jinan-telecom,wuhan-telecom,51.4961,0.0,icmp,1591240440,2020-06-04 03:14:00+00:00
30443313,jinan-telecom,wuhan-telecom,51.8312,0.0,icmp,1591240560,2020-06-04 03:16:00+00:00
30443546,jinan-telecom,wuhan-telecom,48.2903,0.0,icmp,1591240680,2020-06-04 03:18:00+00:00
30443770,jinan-telecom,wuhan-telecom,52.5986,0.0,icmp,1591240800,2020-06-04 03:20:00+00:00
30444002,jinan-telecom,wuhan-telecom,50.8686,0.0,icmp,1591240920,2020-06-04 03:22:00+00:00
30444235,jinan-telecom,wuhan-telecom,48.3646,0.0,icmp,1591241040,2020-06-04 03:24:00+00:00
30444457,jinan-telecom,wuhan-telecom,40.1369,0.0,icmp,1591241119,2020-06-04 03:25:19+00:00
30444661,jinan-telecom,wuhan-telecom,50.1786,0.0,icmp,1591241280,2020-06-04 03:28:00+00:00
30444923,jinan-telecom,wuhan-telecom,49.3947,0.0,icmp,1591241400,2020-06-04 03:30:00+00:00
30445136,jinan-telecom,wuhan-telecom,51.1826,0.0,icmp,1591241520,2020-06-04 03:32:00+00:00
30445358,jinan-telecom,wuhan-telecom,45.7253,0.0,icmp,1591241640,2020-06-04 03:34:00+00:00
30445590,jinan-telecom,wuhan-telecom,50.1028,0.0,icmp,1591241760,2020-06-04 03:36:00+00:00
30445835,jinan-telecom,wuhan-telecom,41.8868,0.0,icmp,1591241880,2020-06-04 03:38:00+00:00
30446056,jinan-telecom,wuhan-telecom,49.9084,0.0,icmp,1591242000,2020-06-04 03:40:00+00:00
30446285,jinan-telecom,wuhan-telecom,48.842,0.0,icmp,1591242120,2020-06-04 03:42:00+00:00
30446525,jinan-telecom,wuhan-telecom,54.1784,0.0,icmp,1591242240,2020-06-04 03:44:00+00:00
30446750,jinan-telecom,wuhan-telecom,39.7,0.0,icmp,1591242319,2020-06-04 03:45:19+00:00
30446979,jinan-telecom,wuhan-telecom,39.7901,0.0,icmp,1591242439,2020-06-04 03:47:19+00:00
30447195,jinan-telecom,wuhan-telecom,39.7141,0.0,icmp,1591242559,2020-06-04 03:49:19+00:00
30447431,jinan-telecom,wuhan-telecom,47.7455,0.0,icmp,1591242720,2020-06-04 03:52:00+00:00
30447635,jinan-telecom,wuhan-telecom,39.9483,0.0,icmp,1591242799,2020-06-04 03:53:19+00:00
30447869,jinan-telecom,wuhan-telecom,39.6714,0.0,icmp,1591242919,2020-06-04 03:55:19+00:00
30448121,jinan-telecom,wuhan-telecom,48.6168,0.0,icmp,1591243080,2020-06-04 03:58:00+00:00
30448332,jinan-telecom,wuhan-telecom,50.5578,0.0,icmp,1591243200,2020-06-04 04:00:00+00:00
30448565,jinan-telecom,wuhan-telecom,52.667,0.0,icmp,1591243320,2020-06-04 04:02:00+00:00
30448810,jinan-telecom,wuhan-telecom,46.9336,0.0,icmp,1591243440,2020-06-04 04:04:00+00:00
30449049,jinan-telecom,wuhan-telecom,51.6131,0.0,icmp,1591243560,2020-06-04 04:06:00+00:00
30449252,jinan-telecom,wuhan-telecom,39.7103,0.0,icmp,1591243639,2020-06-04 04:07:19+00:00
30449497,jinan-telecom,wuhan-telecom,50.4624,0.0,icmp,1591243800,2020-06-04 04:10:00+00:00
30449732,jinan-telecom,wuhan-telecom,48.6083,0.0,icmp,1591243920,2020-06-04 04:12:00+00:00
30449958,jinan-telecom,wuhan-telecom,44.2611,0.0,icmp,1591244040,2020-06-04 04:14:00+00:00
30450180,jinan-telecom,wuhan-telecom,39.6683,0.0,icmp,1591244119,2020-06-04 04:15:19+00:00
30450407,jinan-telecom,wuhan-telecom,46.6237,0.0,icmp,1591244280,2020-06-04 04:18:00+00:00
30450628,jinan-telecom,wuhan-telecom,48.8761,0.0,icmp,1591244400,2020-06-04 04:20:00+00:00
30450877,jinan-telecom,wuhan-telecom,47.2877,0.0,icmp,1591244520,2020-06-04 04:22:00+00:00
30451091,jinan-telecom,wuhan-telecom,46.4347,0.0,icmp,1591244640,2020-06-04 04:24:00+00:00
30451314,jinan-telecom,wuhan-telecom,39.6619,0.0,icmp,1591244719,2020-06-04 04:25:19+00:00
30451531,jinan-telecom,wuhan-telecom,51.0515,0.0,icmp,1591244880,2020-06-04 04:28:00+00:00
30451791,jinan-telecom,wuhan-telecom,49.4301,0.0,icmp,1591245000,2020-06-04 04:30:00+00:00
30452007,jinan-telecom,wuhan-telecom,40.2554,0.0,icmp,1591245079,2020-06-04 04:31:19+00:00
30452239,jinan-telecom,wuhan-telecom,47.5569,0.0,icmp,1591245240,2020-06-04 04:34:00+00:00
30452465,jinan-telecom,wuhan-telecom,47.2663,0.0,icmp,1591245360,2020-06-04 04:36:00+00:00
30452694,jinan-telecom,wuhan-telecom,47.8171,0.0,icmp,1591245480,2020-06-04 04:38:00+00:00
30452932,jinan-telecom,wuhan-telecom,52.8031,0.0,icmp,1591245600,2020-06-04 04:40:00+00:00
30453161,jinan-telecom,wuhan-telecom,47.6828,0.0,icmp,1591245720,2020-06-04 04:42:00+00:00
30453375,jinan-telecom,wuhan-telecom,48.8827,0.0,icmp,1591245840,2020-06-04 04:44:00+00:00
30453617,jinan-telecom,wuhan-telecom,53.2398,0.0,icmp,1591245960,2020-06-04 04:46:00+00:00
30453847,jinan-telecom,wuhan-telecom,49.7213,0.0,icmp,1591246080,2020-06-04 04:48:00+00:00
30454047,jinan-telecom,wuhan-telecom,52.9328,0.0,icmp,1591246200,2020-06-04 04:50:00+00:00
30454308,jinan-telecom,wuhan-telecom,50.4608,0.0,icmp,1591246320,2020-06-04 04:52:00+00:00
30454536,jinan-telecom,wuhan-telecom,50.2548,0.0,icmp,1591246440,2020-06-04 04:54:00+00:00
30454756,jinan-telecom,wuhan-telecom,50.3258,0.0,icmp,1591246560,2020-06-04 04:56:00+00:00
30454983,jinan-telecom,wuhan-telecom,48.9517,0.0,icmp,1591246680,2020-06-04 04:58:00+00:00
30455222,jinan-telecom,wuhan-telecom,48.3416,0.0,icmp,1591246800,2020-06-04 05:00:00+00:00
30455438,jinan-telecom,wuhan-telecom,48.9979,0.0,icmp,1591246920,2020-06-04 05:02:00+00:00
30455666,jinan-telecom,wuhan-telecom,49.8844,0.0,icmp,1591247040,2020-06-04 05:04:00+00:00
30455903,jinan-telecom,wuhan-telecom,40.4226,0.0,icmp,1591247119,2020-06-04 05:05:19+00:00
30456129,jinan-telecom,wuhan-telecom,48.6381,0.0,icmp,1591247280,2020-06-04 05:08:00+00:00
30456354,jinan-telecom,wuhan-telecom,51.3855,0.0,icmp,1591247400,2020-06-04 05:10:00+00:00
30456596,jinan-telecom,wuhan-telecom,48.3094,0.0,icmp,1591247520,2020-06-04 05:12:00+00:00
30456809,jinan-telecom,wuhan-telecom,40.0055,0.0,icmp,1591247599,2020-06-04 05:13:19+00:00
30457044,jinan-telecom,wuhan-telecom,45.7191,0.0,icmp,1591247760,2020-06-04 05:16:00+00:00
30457289,jinan-telecom,wuhan-telecom,46.3614,0.0,icmp,1591247880,2020-06-04 05:18:00+00:00
30457500,jinan-telecom,wuhan-telecom,48.4718,0.0,icmp,1591248000,2020-06-04 05:20:00+00:00
30457733,jinan-telecom,wuhan-telecom,49.7068,0.0,icmp,1591248120,2020-06-04 05:22:00+00:00
30457971,jinan-telecom,wuhan-telecom,49.8745,0.0,icmp,1591248240,2020-06-04 05:24:00+00:00
30458191,jinan-telecom,wuhan-telecom,39.6859,0.0,icmp,1591248319,2020-06-04 05:25:19+00:00
30458434,jinan-telecom,wuhan-telecom,48.0752,0.0,icmp,1591248480,2020-06-04 05:28:00+00:00
30458629,jinan-telecom,wuhan-telecom,40.7959,0.0,icmp,1591248600,2020-06-04 05:30:00+00:00
30458893,jinan-telecom,wuhan-telecom,42.2128,0.0,icmp,1591248720,2020-06-04 05:32:00+00:00
30459100,jinan-telecom,wuhan-telecom,47.9006,0.0,icmp,1591248840,2020-06-04 05:34:00+00:00
30459335,jinan-telecom,wuhan-telecom,50.0218,0.0,icmp,1591248960,2020-06-04 05:36:00+00:00
30459564,jinan-telecom,wuhan-telecom,49.7563,0.0,icmp,1591249080,2020-06-04 05:38:00+00:00
30459778,jinan-telecom,wuhan-telecom,50.9591,0.0,icmp,1591249200,2020-06-04 05:40:00+00:00
30460034,jinan-telecom,wuhan-telecom,46.4815,0.0,icmp,1591249320,2020-06-04 05:42:00+00:00
30460248,jinan-telecom,wuhan-telecom,46.4822,0.0,icmp,1591249440,2020-06-04 05:44:00+00:00
30460487,jinan-telecom,wuhan-telecom,39.7208,0.0,icmp,1591249519,2020-06-04 05:45:19+00:00
30460705,jinan-telecom,wuhan-telecom,49.4863,0.0,icmp,1591249680,2020-06-04 05:48:00+00:00
30460956,jinan-telecom,wuhan-telecom,51.2197,0.0,icmp,1591249800,2020-06-04 05:50:00+00:00
30461171,jinan-telecom,wuhan-telecom,44.2375,0.0,icmp,1591249920,2020-06-04 05:52:00+00:00
36219908,jinan-telecom,wuhan-telecom,40.3387,0.0,icmp,1591250119,2020-06-04 05:55:19+00:00
36220142,jinan-telecom,wuhan-telecom,39.6446,0.0,icmp,1591250239,2020-06-04 05:57:19+00:00
36220359,jinan-telecom,wuhan-telecom,51.316,0.0,icmp,1591250340,2020-06-04 05:59:00+00:00
36220585,jinan-telecom,wuhan-telecom,39.6761,0.0,icmp,1591250479,2020-06-04 06:01:19+00:00
36220820,jinan-telecom,wuhan-telecom,39.7714,0.0,icmp,1591250599,2020-06-04 06:03:19+00:00
36221047,jinan-telecom,wuhan-telecom,39.9808,0.0,icmp,1591250719,2020-06-04 06:05:19+00:00
36221278,jinan-telecom,wuhan-telecom,46.7536,0.0,icmp,1591250820,2020-06-04 06:07:00+00:00
36221498,jinan-telecom,wuhan-telecom,48.3449,0.0,icmp,1591250940,2020-06-04 06:09:00+00:00
36221752,jinan-telecom,wuhan-telecom,48.7434,0.0,icmp,1591251060,2020-06-04 06:11:00+00:00
36221969,jinan-telecom,wuhan-telecom,39.6725,0.0,icmp,1591251199,2020-06-04 06:13:19+00:00
36222209,jinan-telecom,wuhan-telecom,47.9283,0.0,icmp,1591251300,2020-06-04 06:15:00+00:00
36222432,jinan-telecom,wuhan-telecom,44.3453,0.0,icmp,1591251420,2020-06-04 06:17:00+00:00
36222673,jinan-telecom,wuhan-telecom,45.7396,0.0,icmp,1591251540,2020-06-04 06:19:00+00:00
36222903,jinan-telecom,wuhan-telecom,49.0746,0.0,icmp,1591251660,2020-06-04 06:21:00+00:00
36223110,jinan-telecom,wuhan-telecom,49.4477,0.0,icmp,1591251780,2020-06-04 06:23:00+00:00
36223363,jinan-telecom,wuhan-telecom,48.5781,0.0,icmp,1591251900,2020-06-04 06:25:00+00:00
36223570,jinan-telecom,wuhan-telecom,49.3415,0.0,icmp,1591252020,2020-06-04 06:27:00+00:00
36223804,jinan-telecom,wuhan-telecom,53.0238,0.0,icmp,1591252140,2020-06-04 06:29:00+00:00
36224040,jinan-telecom,wuhan-telecom,49.2767,0.0,icmp,1591252260,2020-06-04 06:31:00+00:00
36224276,jinan-telecom,wuhan-telecom,39.8059,0.0,icmp,1591252399,2020-06-04 06:33:19+00:00
36224487,jinan-telecom,wuhan-telecom,46.6219,0.0,icmp,1591252500,2020-06-04 06:35:00+00:00
36224718,jinan-telecom,wuhan-telecom,49.2685,0.0,icmp,1591252620,2020-06-04 06:37:00+00:00
36224954,jinan-telecom,wuhan-telecom,46.4569,0.0,icmp,1591252740,2020-06-04 06:39:00+00:00
36225172,jinan-telecom,wuhan-telecom,49.6547,0.0,icmp,1591252860,2020-06-04 06:41:00+00:00
36225424,jinan-telecom,wuhan-telecom,41.5225,0.0,icmp,1591252980,2020-06-04 06:43:00+00:00
36225624,jinan-telecom,wuhan-telecom,48.9671,0.0,icmp,1591253100,2020-06-04 06:45:00+00:00
36225860,jinan-telecom,wuhan-telecom,39.6592,0.0,icmp,1591253239,2020-06-04 06:47:19+00:00
36226094,jinan-telecom,wuhan-telecom,39.8408,0.0,icmp,1591253359,2020-06-04 06:49:19+00:00
36226334,jinan-telecom,wuhan-telecom,51.2088,0.0,icmp,1591253460,2020-06-04 06:51:00+00:00
36226536,jinan-telecom,wuhan-telecom,47.2198,0.0,icmp,1591253580,2020-06-04 06:53:00+00:00
36226784,jinan-telecom,wuhan-telecom,48.4946,0.0,icmp,1591253700,2020-06-04 06:55:00+00:00
36227016,jinan-telecom,wuhan-telecom,50.5555,0.0,icmp,1591253820,2020-06-04 06:57:00+00:00
36227255,jinan-telecom,wuhan-telecom,48.6254,0.0,icmp,1591253940,2020-06-04 06:59:00+00:00
36227477,jinan-telecom,wuhan-telecom,39.748,0.0,icmp,1591254079,2020-06-04 07:01:19+00:00
36227699,jinan-telecom,wuhan-telecom,50.2157,0.0,icmp,1591254180,2020-06-04 07:03:00+00:00
36227919,jinan-telecom,wuhan-telecom,49.4572,0.0,icmp,1591254300,2020-06-04 07:05:00+00:00
36228150,jinan-telecom,wuhan-telecom,39.8537,0.0,icmp,1591254439,2020-06-04 07:07:19+00:00
36228385,jinan-telecom,wuhan-telecom,40.0188,0.0,icmp,1591254559,2020-06-04 07:09:19+00:00
36228609,jinan-telecom,wuhan-telecom,40.668,0.0,icmp,1591254660,2020-06-04 07:11:00+00:00
36228842,jinan-telecom,wuhan-telecom,49.1927,0.0,icmp,1591254780,2020-06-04 07:13:00+00:00
36229066,jinan-telecom,wuhan-telecom,47.5212,0.0,icmp,1591254900,2020-06-04 07:15:00+00:00
36229283,jinan-telecom,wuhan-telecom,45.0294,0.0,icmp,1591255020,2020-06-04 07:17:00+00:00
36229535,jinan-telecom,wuhan-telecom,39.6867,0.0,icmp,1591255159,2020-06-04 07:19:19+00:00
36229763,jinan-telecom,wuhan-telecom,48.154,0.0,icmp,1591255260,2020-06-04 07:21:00+00:00
36229995,jinan-telecom,wuhan-telecom,49.9418,0.0,icmp,1591255380,2020-06-04 07:23:00+00:00
36230214,jinan-telecom,wuhan-telecom,49.9117,0.0,icmp,1591255500,2020-06-04 07:25:00+00:00
36230432,jinan-telecom,wuhan-telecom,39.8518,0.0,icmp,1591255639,2020-06-04 07:27:19+00:00
36230676,jinan-telecom,wuhan-telecom,40.4718,0.0,icmp,1591255759,2020-06-04 07:29:19+00:00
36230888,jinan-telecom,wuhan-telecom,47.3938,0.0,icmp,1591255860,2020-06-04 07:31:00+00:00
36231141,jinan-telecom,wuhan-telecom,47.5649,0.0,icmp,1591255980,2020-06-04 07:33:00+00:00
36231378,jinan-telecom,wuhan-telecom,51.6113,0.0,icmp,1591256100,2020-06-04 07:35:00+00:00
36231608,jinan-telecom,wuhan-telecom,48.5715,0.0,icmp,1591256220,2020-06-04 07:37:00+00:00
36231809,jinan-telecom,wuhan-telecom,50.2873,0.0,icmp,1591256340,2020-06-04 07:39:00+00:00
36232030,jinan-telecom,wuhan-telecom,39.9622,0.0,icmp,1591256460,2020-06-04 07:41:00+00:00
36232279,jinan-telecom,wuhan-telecom,40.4147,0.0,icmp,1591256599,2020-06-04 07:43:19+00:00
36232518,jinan-telecom,wuhan-telecom,49.1897,0.0,icmp,1591256700,2020-06-04 07:45:00+00:00
36232749,jinan-telecom,wuhan-telecom,43.9987,0.0,icmp,1591256820,2020-06-04 07:47:00+00:00
36232984,jinan-telecom,wuhan-telecom,48.6723,0.0,icmp,1591256940,2020-06-04 07:49:00+00:00
36233183,jinan-telecom,wuhan-telecom,49.4429,0.0,icmp,1591257060,2020-06-04 07:51:00+00:00
36233439,jinan-telecom,wuhan-telecom,43.987,0.0,icmp,1591257180,2020-06-04 07:53:00+00:00
36233657,jinan-telecom,wuhan-telecom,47.5708,0.0,icmp,1591257300,2020-06-04 07:55:00+00:00
36233867,jinan-telecom,wuhan-telecom,51.1783,0.0,icmp,1591257420,2020-06-04 07:57:00+00:00
36234108,jinan-telecom,wuhan-telecom,45.4652,0.0,icmp,1591257540,2020-06-04 07:59:00+00:00
36234385,jinan-telecom,wuhan-telecom,47.6825,0.0,icmp,1591257660,2020-06-04 08:01:00+00:00
36234570,jinan-telecom,wuhan-telecom,50.0691,0.0,icmp,1591257780,2020-06-04 08:03:00+00:00
36234804,jinan-telecom,wuhan-telecom,40.0074,0.0,icmp,1591257919,2020-06-04 08:05:19+00:00
36235032,jinan-telecom,wuhan-telecom,51.3799,0.0,icmp,1591258020,2020-06-04 08:07:00+00:00
36235256,jinan-telecom,wuhan-telecom,49.7646,0.0,icmp,1591258140,2020-06-04 08:09:00+00:00
36235495,jinan-telecom,wuhan-telecom,47.6397,0.0,icmp,1591258260,2020-06-04 08:11:00+00:00
36235724,jinan-telecom,wuhan-telecom,42.2056,0.0,icmp,1591258380,2020-06-04 08:13:00+00:00
36235957,jinan-telecom,wuhan-telecom,39.7397,0.0,icmp,1591258519,2020-06-04 08:15:19+00:00
36236186,jinan-telecom,wuhan-telecom,39.6657,0.0,icmp,1591258639,2020-06-04 08:17:19+00:00
36236387,jinan-telecom,wuhan-telecom,40.3591,0.0,icmp,1591258740,2020-06-04 08:19:00+00:00
36236634,jinan-telecom,wuhan-telecom,40.7196,0.0,icmp,1591258860,2020-06-04 08:21:00+00:00
36236870,jinan-telecom,wuhan-telecom,50.9683,0.0,icmp,1591258980,2020-06-04 08:23:00+00:00
36237082,jinan-telecom,wuhan-telecom,47.8726,0.0,icmp,1591259100,2020-06-04 08:25:00+00:00
36237307,jinan-telecom,wuhan-telecom,44.1626,0.0,icmp,1591259220,2020-06-04 08:27:00+00:00
36237552,jinan-telecom,wuhan-telecom,48.8085,0.0,icmp,1591259340,2020-06-04 08:29:00+00:00
36237780,jinan-telecom,wuhan-telecom,51.5936,0.0,icmp,1591259460,2020-06-04 08:31:00+00:00
36237993,jinan-telecom,wuhan-telecom,48.9503,0.0,icmp,1591259580,2020-06-04 08:33:00+00:00
36238234,jinan-telecom,wuhan-telecom,44.0286,0.0,icmp,1591259700,2020-06-04 08:35:00+00:00
36238460,jinan-telecom,wuhan-telecom,48.474,0.0,icmp,1591259820,2020-06-04 08:37:00+00:00
36238692,jinan-telecom,wuhan-telecom,39.7537,0.0,icmp,1591259959,2020-06-04 08:39:19+00:00
36238938,jinan-telecom,wuhan-telecom,39.7315,0.0,icmp,1591260079,2020-06-04 08:41:19+00:00
36239162,jinan-telecom,wuhan-telecom,46.1663,0.0,icmp,1591260180,2020-06-04 08:43:00+00:00
36239382,jinan-telecom,wuhan-telecom,39.9355,0.0,icmp,1591260319,2020-06-04 08:45:19+00:00
36239623,jinan-telecom,wuhan-telecom,48.509,0.0,icmp,1591260420,2020-06-04 08:47:00+00:00
36239851,jinan-telecom,wuhan-telecom,50.4485,0.0,icmp,1591260540,2020-06-04 08:49:00+00:00
36240080,jinan-telecom,wuhan-telecom,50.4111,0.0,icmp,1591260660,2020-06-04 08:51:00+00:00
36240304,jinan-telecom,wuhan-telecom,47.7821,0.0,icmp,1591260780,2020-06-04 08:53:00+00:00
36240530,jinan-telecom,wuhan-telecom,44.2874,0.0,icmp,1591260900,2020-06-04 08:55:00+00:00
36240750,jinan-telecom,wuhan-telecom,49.8878,0.0,icmp,1591261020,2020-06-04 08:57:00+00:00
36240999,jinan-telecom,wuhan-telecom,49.2654,0.0,icmp,1591261140,2020-06-04 08:59:00+00:00
36241200,jinan-telecom,wuhan-telecom,50.2217,0.0,icmp,1591261260,2020-06-04 09:01:00+00:00
36241431,jinan-telecom,wuhan-telecom,39.8126,0.0,icmp,1591261399,2020-06-04 09:03:19+00:00
36241662,jinan-telecom,wuhan-telecom,45.2821,0.0,icmp,1591261500,2020-06-04 09:05:00+00:00
36241888,jinan-telecom,wuhan-telecom,40.0675,0.0,icmp,1591261639,2020-06-04 09:07:19+00:00
36242125,jinan-telecom,wuhan-telecom,49.5914,0.0,icmp,1591261740,2020-06-04 09:09:00+00:00
36242358,jinan-telecom,wuhan-telecom,39.6968,0.0,icmp,1591261879,2020-06-04 09:11:19+00:00
36242595,jinan-telecom,wuhan-telecom,49.9599,0.0,icmp,1591261980,2020-06-04 09:13:00+00:00
36242809,jinan-telecom,wuhan-telecom,39.6809,0.0,icmp,1591262119,2020-06-04 09:15:19+00:00
36243029,jinan-telecom,wuhan-telecom,51.9893,0.0,icmp,1591262220,2020-06-04 09:17:00+00:00
36243286,jinan-telecom,wuhan-telecom,39.6192,0.0,icmp,1591262359,2020-06-04 09:19:19+00:00
36243497,jinan-telecom,wuhan-telecom,50.6086,0.0,icmp,1591262460,2020-06-04 09:21:00+00:00
36243748,jinan-telecom,wuhan-telecom,47.306,0.0,icmp,1591262580,2020-06-04 09:23:00+00:00
36243962,jinan-telecom,wuhan-telecom,48.9288,0.0,icmp,1591262700,2020-06-04 09:25:00+00:00
36244172,jinan-telecom,wuhan-telecom,39.8355,0.0,icmp,1591262839,2020-06-04 09:27:19+00:00
36244416,jinan-telecom,wuhan-telecom,52.604,0.0,icmp,1591262940,2020-06-04 09:29:00+00:00
36244658,jinan-telecom,wuhan-telecom,50.11,0.0,icmp,1591263060,2020-06-04 09:31:00+00:00
36244866,jinan-telecom,wuhan-telecom,48.3827,0.0,icmp,1591263180,2020-06-04 09:33:00+00:00
36245091,jinan-telecom,wuhan-telecom,39.8785,0.0,icmp,1591263319,2020-06-04 09:35:19+00:00
36245343,jinan-telecom,wuhan-telecom,48.8277,0.0,icmp,1591263420,2020-06-04 09:37:00+00:00
36245569,jinan-telecom,wuhan-telecom,39.6354,0.0,icmp,1591263559,2020-06-04 09:39:19+00:00
36245808,jinan-telecom,wuhan-telecom,39.6791,0.0,icmp,1591263679,2020-06-04 09:41:19+00:00
36246021,jinan-telecom,wuhan-telecom,48.8888,0.0,icmp,1591263780,2020-06-04 09:43:00+00:00
36246244,jinan-telecom,wuhan-telecom,50.0858,0.0,icmp,1591263900,2020-06-04 09:45:00+00:00
36246477,jinan-telecom,wuhan-telecom,48.8738,0.0,icmp,1591264020,2020-06-04 09:47:00+00:00
36246695,jinan-telecom,wuhan-telecom,49.3935,0.0,icmp,1591264140,2020-06-04 09:49:00+00:00
36246930,jinan-telecom,wuhan-telecom,49.1654,0.0,icmp,1591264260,2020-06-04 09:51:00+00:00
36247153,jinan-telecom,wuhan-telecom,51.6952,0.0,icmp,1591264380,2020-06-04 09:53:00+00:00
36247384,jinan-telecom,wuhan-telecom,40.0998,0.0,icmp,1591264519,2020-06-04 09:55:19+00:00
36247627,jinan-telecom,wuhan-telecom,48.5856,0.0,icmp,1591264620,2020-06-04 09:57:00+00:00
36247880,jinan-telecom,wuhan-telecom,53.8743,0.0,icmp,1591264740,2020-06-04 09:59:00+00:00
36248069,jinan-telecom,wuhan-telecom,42.273,0.0,icmp,1591264860,2020-06-04 10:01:00+00:00
36248312,jinan-telecom,wuhan-telecom,47.0388,0.0,icmp,1591264980,2020-06-04 10:03:00+00:00
36248567,jinan-telecom,wuhan-telecom,51.4378,0.0,icmp,1591265100,2020-06-04 10:05:00+00:00
36248772,jinan-telecom,wuhan-telecom,43.7111,0.0,icmp,1591265220,2020-06-04 10:07:00+00:00
36249020,jinan-telecom,wuhan-telecom,43.2127,0.0,icmp,1591265340,2020-06-04 10:09:00+00:00
36249235,jinan-telecom,wuhan-telecom,41.5982,0.0,icmp,1591265460,2020-06-04 10:11:00+00:00
36249465,jinan-telecom,wuhan-telecom,39.9078,0.0,icmp,1591265599,2020-06-04 10:13:19+00:00
36249691,jinan-telecom,wuhan-telecom,47.6116,0.0,icmp,1591265700,2020-06-04 10:15:00+00:00
36249915,jinan-telecom,wuhan-telecom,50.7492,0.0,icmp,1591265820,2020-06-04 10:17:00+00:00
36250145,jinan-telecom,wuhan-telecom,39.6746,0.0,icmp,1591265959,2020-06-04 10:19:19+00:00
36250355,jinan-telecom,wuhan-telecom,47.1951,0.0,icmp,1591266060,2020-06-04 10:21:00+00:00
36250619,jinan-telecom,wuhan-telecom,39.8536,0.0,icmp,1591266199,2020-06-04 10:23:19+00:00
36250818,jinan-telecom,wuhan-telecom,51.8516,0.0,icmp,1591266300,2020-06-04 10:25:00+00:00
36251058,jinan-telecom,wuhan-telecom,39.8877,0.0,icmp,1591266439,2020-06-04 10:27:19+00:00
36251281,jinan-telecom,wuhan-telecom,39.652,0.0,icmp,1591266559,2020-06-04 10:29:19+00:00
36251538,jinan-telecom,wuhan-telecom,52.4513,0.0,icmp,1591266660,2020-06-04 10:31:00+00:00
36251748,jinan-telecom,wuhan-telecom,49.0273,0.0,icmp,1591266780,2020-06-04 10:33:00+00:00
36251987,jinan-telecom,wuhan-telecom,49.7635,0.0,icmp,1591266900,2020-06-04 10:35:00+00:00
36252191,jinan-telecom,wuhan-telecom,47.3744,0.0,icmp,1591267020,2020-06-04 10:37:00+00:00
36252431,jinan-telecom,wuhan-telecom,50.313,0.0,icmp,1591267140,2020-06-04 10:39:00+00:00
36252658,jinan-telecom,wuhan-telecom,39.7371,0.0,icmp,1591267279,2020-06-04 10:41:19+00:00
36252882,jinan-telecom,wuhan-telecom,47.8777,0.0,icmp,1591267380,2020-06-04 10:43:00+00:00
36253106,jinan-telecom,wuhan-telecom,47.375,0.0,icmp,1591267500,2020-06-04 10:45:00+00:00
36253338,jinan-telecom,wuhan-telecom,46.7235,0.0,icmp,1591267620,2020-06-04 10:47:00+00:00
36253581,jinan-telecom,wuhan-telecom,39.8371,0.0,icmp,1591267759,2020-06-04 10:49:19+00:00
36253812,jinan-telecom,wuhan-telecom,39.8723,0.0,icmp,1591267879,2020-06-04 10:51:19+00:00
36254028,jinan-telecom,wuhan-telecom,50.7892,0.0,icmp,1591267980,2020-06-04 10:53:00+00:00
36254278,jinan-telecom,wuhan-telecom,50.2382,0.0,icmp,1591268100,2020-06-04 10:55:00+00:00
36254503,jinan-telecom,wuhan-telecom,39.7477,0.0,icmp,1591268239,2020-06-04 10:57:19+00:00
36254739,jinan-telecom,wuhan-telecom,49.126,0.0,icmp,1591268340,2020-06-04 10:59:00+00:00
36254944,jinan-telecom,wuhan-telecom,42.5614,0.0,icmp,1591268460,2020-06-04 11:01:00+00:00
36255162,jinan-telecom,wuhan-telecom,48.9689,0.0,icmp,1591268580,2020-06-04 11:03:00+00:00
36255396,jinan-telecom,wuhan-telecom,46.9452,0.0,icmp,1591268700,2020-06-04 11:05:00+00:00
36255649,jinan-telecom,wuhan-telecom,49.7117,0.0,icmp,1591268820,2020-06-04 11:07:00+00:00
36255861,jinan-telecom,wuhan-telecom,39.8047,0.0,icmp,1591268959,2020-06-04 11:09:19+00:00
36256109,jinan-telecom,wuhan-telecom,48.2587,0.0,icmp,1591269060,2020-06-04 11:11:00+00:00
36256323,jinan-telecom,wuhan-telecom,47.9145,0.0,icmp,1591269180,2020-06-04 11:13:00+00:00
36256543,jinan-telecom,wuhan-telecom,44.9953,0.0,icmp,1591269300,2020-06-04 11:15:00+00:00
36256796,jinan-telecom,wuhan-telecom,39.8374,0.0,icmp,1591269439,2020-06-04 11:17:19+00:00
36256998,jinan-telecom,wuhan-telecom,39.861,0.0,icmp,1591269559,2020-06-04 11:19:19+00:00
36257227,jinan-telecom,wuhan-telecom,45.8143,0.0,icmp,1591269660,2020-06-04 11:21:00+00:00
36257464,jinan-telecom,wuhan-telecom,39.7444,0.0,icmp,1591269799,2020-06-04 11:23:19+00:00
36257712,jinan-telecom,wuhan-telecom,39.8452,0.0,icmp,1591269919,2020-06-04 11:25:19+00:00
36257942,jinan-telecom,wuhan-telecom,46.5219,0.0,icmp,1591270020,2020-06-04 11:27:00+00:00
36258181,jinan-telecom,wuhan-telecom,47.7281,0.0,icmp,1591270140,2020-06-04 11:29:00+00:00
36258400,jinan-telecom,wuhan-telecom,41.4933,0.0,icmp,1591270260,2020-06-04 11:31:00+00:00
36258606,jinan-telecom,wuhan-telecom,39.7365,0.0,icmp,1591270399,2020-06-04 11:33:19+00:00
36258851,jinan-telecom,wuhan-telecom,39.8078,0.0,icmp,1591270519,2020-06-04 11:35:19+00:00
36259072,jinan-telecom,wuhan-telecom,39.7255,0.0,icmp,1591270639,2020-06-04 11:37:19+00:00
36259296,jinan-telecom,wuhan-telecom,47.2038,0.0,icmp,1591270740,2020-06-04 11:39:00+00:00
36259559,jinan-telecom,wuhan-telecom,50.3052,0.0,icmp,1591270860,2020-06-04 11:41:00+00:00
36259763,jinan-telecom,wuhan-telecom,50.6705,0.0,icmp,1591270980,2020-06-04 11:43:00+00:00
36259988,jinan-telecom,wuhan-telecom,53.5875,0.0,icmp,1591271100,2020-06-04 11:45:00+00:00
36260215,jinan-telecom,wuhan-telecom,49.6709,0.0,icmp,1591271220,2020-06-04 11:47:00+00:00
36260438,jinan-telecom,wuhan-telecom,46.3909,0.0,icmp,1591271340,2020-06-04 11:49:00+00:00
36260706,jinan-telecom,wuhan-telecom,39.7975,0.0,icmp,1591271479,2020-06-04 11:51:19+00:00
36260907,jinan-telecom,wuhan-telecom,50.0021,0.0,icmp,1591271580,2020-06-04 11:53:00+00:00
36261116,jinan-telecom,wuhan-telecom,39.9122,0.0,icmp,1591271719,2020-06-04 11:55:19+00:00
36261380,jinan-telecom,wuhan-telecom,48.5537,0.0,icmp,1591271820,2020-06-04 11:57:00+00:00
36261583,jinan-telecom,wuhan-telecom,39.7711,0.0,icmp,1591271959,2020-06-04 11:59:19+00:00
36261814,jinan-telecom,wuhan-telecom,39.7187,0.0,icmp,1591272079,2020-06-04 12:01:19+00:00
36262042,jinan-telecom,wuhan-telecom,42.5436,0.0,icmp,1591272180,2020-06-04 12:03:00+00:00
36262282,jinan-telecom,wuhan-telecom,50.7101,0.0,icmp,1591272300,2020-06-04 12:05:00+00:00
36262519,jinan-telecom,wuhan-telecom,51.1743,0.0,icmp,1591272420,2020-06-04 12:07:00+00:00
36262751,jinan-telecom,wuhan-telecom,49.1373,0.0,icmp,1591272540,2020-06-04 12:09:00+00:00
36263002,jinan-telecom,wuhan-telecom,48.9072,0.0,icmp,1591272660,2020-06-04 12:11:00+00:00
36263190,jinan-telecom,wuhan-telecom,48.0861,0.0,icmp,1591272780,2020-06-04 12:13:00+00:00
36263440,jinan-telecom,wuhan-telecom,45.9947,0.0,icmp,1591272900,2020-06-04 12:15:00+00:00
36263654,jinan-telecom,wuhan-telecom,49.5034,0.0,icmp,1591273020,2020-06-04 12:17:00+00:00
36263885,jinan-telecom,wuhan-telecom,39.6416,0.0,icmp,1591273159,2020-06-04 12:19:19+00:00
36264114,jinan-telecom,wuhan-telecom,39.8454,0.0,icmp,1591273279,2020-06-04 12:21:19+00:00
36264330,jinan-telecom,wuhan-telecom,50.3852,0.0,icmp,1591273380,2020-06-04 12:23:00+00:00
36264557,jinan-telecom,wuhan-telecom,43.8758,0.0,icmp,1591273500,2020-06-04 12:25:00+00:00
36264793,jinan-telecom,wuhan-telecom,49.7052,0.0,icmp,1591273620,2020-06-04 12:27:00+00:00
36265022,jinan-telecom,wuhan-telecom,50.6543,0.0,icmp,1591273740,2020-06-04 12:29:00+00:00
36265266,jinan-telecom,wuhan-telecom,48.6148,0.0,icmp,1591273860,2020-06-04 12:31:00+00:00
36265516,jinan-telecom,wuhan-telecom,43.6575,0.0,icmp,1591273980,2020-06-04 12:33:00+00:00
36265700,jinan-telecom,wuhan-telecom,51.1782,0.0,icmp,1591274100,2020-06-04 12:35:00+00:00
36265945,jinan-telecom,wuhan-telecom,50.3768,0.0,icmp,1591274220,2020-06-04 12:37:00+00:00
36266175,jinan-telecom,wuhan-telecom,39.6849,0.0,icmp,1591274359,2020-06-04 12:39:19+00:00
36266388,jinan-telecom,wuhan-telecom,39.6772,0.0,icmp,1591274479,2020-06-04 12:41:19+00:00
36266611,jinan-telecom,wuhan-telecom,52.201,0.0,icmp,1591274580,2020-06-04 12:43:00+00:00
36266850,jinan-telecom,wuhan-telecom,50.5837,0.0,icmp,1591274700,2020-06-04 12:45:00+00:00
36267072,jinan-telecom,wuhan-telecom,48.4547,0.0,icmp,1591274820,2020-06-04 12:47:00+00:00
36267302,jinan-telecom,wuhan-telecom,43.3018,0.0,icmp,1591274940,2020-06-04 12:49:00+00:00
36267544,jinan-telecom,wuhan-telecom,46.7387,0.0,icmp,1591275060,2020-06-04 12:51:00+00:00
36267766,jinan-telecom,wuhan-telecom,49.0514,0.0,icmp,1591275180,2020-06-04 12:53:00+00:00
36268011,jinan-telecom,wuhan-telecom,48.2511,0.0,icmp,1591275300,2020-06-04 12:55:00+00:00
36268233,jinan-telecom,wuhan-telecom,46.9775,0.0,icmp,1591275420,2020-06-04 12:57:00+00:00
36268471,jinan-telecom,wuhan-telecom,45.957,0.0,icmp,1591275540,2020-06-04 12:59:00+00:00
36268699,jinan-telecom,wuhan-telecom,48.8701,0.0,icmp,1591275660,2020-06-04 13:01:00+00:00
36268910,jinan-telecom,wuhan-telecom,39.7526,0.0,icmp,1591275799,2020-06-04 13:03:19+00:00
36269131,jinan-telecom,wuhan-telecom,39.6011,0.0,icmp,1591275919,2020-06-04 13:05:19+00:00
36269365,jinan-telecom,wuhan-telecom,47.117,0.0,icmp,1591276020,2020-06-04 13:07:00+00:00
36269606,jinan-telecom,wuhan-telecom,40.0259,0.0,icmp,1591276159,2020-06-04 13:09:19+00:00
36269818,jinan-telecom,wuhan-telecom,48.4953,0.0,icmp,1591276260,2020-06-04 13:11:00+00:00
36270068,jinan-telecom,wuhan-telecom,48.8783,0.0,icmp,1591276380,2020-06-04 13:13:00+00:00
36270291,jinan-telecom,wuhan-telecom,52.2171,0.0,icmp,1591276500,2020-06-04 13:15:00+00:00
36270521,jinan-telecom,wuhan-telecom,43.9764,0.0,icmp,1591276620,2020-06-04 13:17:00+00:00
36270761,jinan-telecom,wuhan-telecom,48.4573,0.0,icmp,1591276740,2020-06-04 13:19:00+00:00
36270970,jinan-telecom,wuhan-telecom,45.8667,0.0,icmp,1591276860,2020-06-04 13:21:00+00:00
36271205,jinan-telecom,wuhan-telecom,39.698,0.0,icmp,1591276999,2020-06-04 13:23:19+00:00
36271437,jinan-telecom,wuhan-telecom,50.8441,0.0,icmp,1591277100,2020-06-04 13:25:00+00:00
36271687,jinan-telecom,wuhan-telecom,49.6353,0.0,icmp,1591277220,2020-06-04 13:27:00+00:00
36271893,jinan-telecom,wuhan-telecom,49.1852,0.0,icmp,1591277340,2020-06-04 13:29:00+00:00
36272137,jinan-telecom,wuhan-telecom,45.88,0.0,icmp,1591277460,2020-06-04 13:31:00+00:00
36272333,jinan-telecom,wuhan-telecom,50.1931,0.0,icmp,1591277580,2020-06-04 13:33:00+00:00
36272569,jinan-telecom,wuhan-telecom,51.0429,0.0,icmp,1591277700,2020-06-04 13:35:00+00:00
36272815,jinan-telecom,wuhan-telecom,44.7564,0.0,icmp,1591277820,2020-06-04 13:37:00+00:00
36273045,jinan-telecom,wuhan-telecom,47.5376,0.0,icmp,1591277940,2020-06-04 13:39:00+00:00
36273261,jinan-telecom,wuhan-telecom,39.6907,0.0,icmp,1591278079,2020-06-04 13:41:19+00:00
36273497,jinan-telecom,wuhan-telecom,48.3392,0.0,icmp,1591278180,2020-06-04 13:43:00+00:00
36273725,jinan-telecom,wuhan-telecom,50.231,0.0,icmp,1591278300,2020-06-04 13:45:00+00:00
36273964,jinan-telecom,wuhan-telecom,49.8904,0.0,icmp,1591278420,2020-06-04 13:47:00+00:00
36274184,jinan-telecom,wuhan-telecom,49.8154,0.0,icmp,1591278540,2020-06-04 13:49:00+00:00
36274415,jinan-telecom,wuhan-telecom,50.2016,0.0,icmp,1591278660,2020-06-04 13:51:00+00:00
36274629,jinan-telecom,wuhan-telecom,39.8156,0.0,icmp,1591278799,2020-06-04 13:53:19+00:00
36274874,jinan-telecom,wuhan-telecom,48.2268,0.0,icmp,1591278900,2020-06-04 13:55:00+00:00
36275107,jinan-telecom,wuhan-telecom,46.9732,0.0,icmp,1591279020,2020-06-04 13:57:00+00:00
36275311,jinan-telecom,wuhan-telecom,49.0762,0.0,icmp,1591279140,2020-06-04 13:59:00+00:00
36275600,jinan-telecom,wuhan-telecom,43.2776,0.0,icmp,1591279260,2020-06-04 14:01:00+00:00
36275767,jinan-telecom,wuhan-telecom,50.7542,0.0,icmp,1591279380,2020-06-04 14:03:00+00:00
36276016,jinan-telecom,wuhan-telecom,39.6827,0.0,icmp,1591279519,2020-06-04 14:05:19+00:00
36276256,jinan-telecom,wuhan-telecom,48.8403,0.0,icmp,1591279620,2020-06-04 14:07:00+00:00
36276456,jinan-telecom,wuhan-telecom,46.438,0.0,icmp,1591279740,2020-06-04 14:09:00+00:00
36276735,jinan-telecom,wuhan-telecom,44.6255,0.0,icmp,1591279860,2020-06-04 14:11:00+00:00
36276920,jinan-telecom,wuhan-telecom,47.0566,0.0,icmp,1591279980,2020-06-04 14:13:00+00:00
36277149,jinan-telecom,wuhan-telecom,39.7963,0.0,icmp,1591280119,2020-06-04 14:15:19+00:00
36277402,jinan-telecom,wuhan-telecom,39.8028,0.0,icmp,1591280239,2020-06-04 14:17:19+00:00
36277610,jinan-telecom,wuhan-telecom,45.0639,0.0,icmp,1591280340,2020-06-04 14:19:00+00:00
36277833,jinan-telecom,wuhan-telecom,49.8965,0.0,icmp,1591280460,2020-06-04 14:21:00+00:00
36278078,jinan-telecom,wuhan-telecom,39.7848,0.0,icmp,1591280599,2020-06-04 14:23:19+00:00
36278313,jinan-telecom,wuhan-telecom,46.5653,0.0,icmp,1591280700,2020-06-04 14:25:00+00:00
36278526,jinan-telecom,wuhan-telecom,50.5587,0.0,icmp,1591280820,2020-06-04 14:27:00+00:00
36278778,jinan-telecom,wuhan-telecom,50.5347,0.0,icmp,1591280940,2020-06-04 14:29:00+00:00
36278993,jinan-telecom,wuhan-telecom,49.7083,0.0,icmp,1591281060,2020-06-04 14:31:00+00:00
36279246,jinan-telecom,wuhan-telecom,42.8963,0.0,icmp,1591281180,2020-06-04 14:33:00+00:00
36279451,jinan-telecom,wuhan-telecom,45.412,0.0,icmp,1591281300,2020-06-04 14:35:00+00:00
36279685,jinan-telecom,wuhan-telecom,40.0428,0.0,icmp,1591281439,2020-06-04 14:37:19+00:00
36279902,jinan-telecom,wuhan-telecom,39.956,0.0,icmp,1591281559,2020-06-04 14:39:19+00:00
36280183,jinan-telecom,wuhan-telecom,48.7411,0.0,icmp,1591281660,2020-06-04 14:41:00+00:00
36280368,jinan-telecom,wuhan-telecom,48.1886,0.0,icmp,1591281780,2020-06-04 14:43:00+00:00
36280594,jinan-telecom,wuhan-telecom,51.8022,0.0,icmp,1591281900,2020-06-04 14:45:00+00:00
36280807,jinan-telecom,wuhan-telecom,44.2462,0.0,icmp,1591282020,2020-06-04 14:47:00+00:00
36281063,jinan-telecom,wuhan-telecom,53.5066,0.0,icmp,1591282140,2020-06-04 14:49:00+00:00
36281282,jinan-telecom,wuhan-telecom,50.2914,0.0,icmp,1591282260,2020-06-04 14:51:00+00:00
36281518,jinan-telecom,wuhan-telecom,49.5302,0.0,icmp,1591282380,2020-06-04 14:53:00+00:00
36281734,jinan-telecom,wuhan-telecom,45.8152,0.0,icmp,1591282500,2020-06-04 14:55:00+00:00
36281952,jinan-telecom,wuhan-telecom,39.6749,0.0,icmp,1591282639,2020-06-04 14:57:19+00:00
36282210,jinan-telecom,wuhan-telecom,49.9265,0.0,icmp,1591282740,2020-06-04 14:59:00+00:00
36282449,jinan-telecom,wuhan-telecom,48.742,0.0,icmp,1591282860,2020-06-04 15:01:00+00:00
36282646,jinan-telecom,wuhan-telecom,48.7581,0.0,icmp,1591282980,2020-06-04 15:03:00+00:00
36282895,jinan-telecom,wuhan-telecom,41.5339,0.0,icmp,1591283100,2020-06-04 15:05:00+00:00
36283114,jinan-telecom,wuhan-telecom,48.2188,0.0,icmp,1591283220,2020-06-04 15:07:00+00:00
36283354,jinan-telecom,wuhan-telecom,49.028,0.0,icmp,1591283340,2020-06-04 15:09:00+00:00
36283583,jinan-telecom,wuhan-telecom,39.7977,0.0,icmp,1591283479,2020-06-04 15:11:19+00:00
36283801,jinan-telecom,wuhan-telecom,47.5469,0.0,icmp,1591283580,2020-06-04 15:13:00+00:00
36284010,jinan-telecom,wuhan-telecom,47.7187,0.0,icmp,1591283700,2020-06-04 15:15:00+00:00
36284251,jinan-telecom,wuhan-telecom,46.928,0.0,icmp,1591283820,2020-06-04 15:17:00+00:00
36284482,jinan-telecom,wuhan-telecom,39.7444,0.0,icmp,1591283959,2020-06-04 15:19:19+00:00
36284707,jinan-telecom,wuhan-telecom,47.2191,0.0,icmp,1591284060,2020-06-04 15:21:00+00:00
36284980,jinan-telecom,wuhan-telecom,46.2238,0.0,icmp,1591284180,2020-06-04 15:23:00+00:00
36285190,jinan-telecom,wuhan-telecom,51.67,0.0,icmp,1591284300,2020-06-04 15:25:00+00:00
36285394,jinan-telecom,wuhan-telecom,39.636,0.0,icmp,1591284439,2020-06-04 15:27:19+00:00
36285645,jinan-telecom,wuhan-telecom,39.6532,0.0,icmp,1591284559,2020-06-04 15:29:19+00:00
36285860,jinan-telecom,wuhan-telecom,39.7098,0.0,icmp,1591284679,2020-06-04 15:31:19+00:00
36286084,jinan-telecom,wuhan-telecom,46.0249,0.0,icmp,1591284780,2020-06-04 15:33:00+00:00
36286323,jinan-telecom,wuhan-telecom,39.7196,0.0,icmp,1591284919,2020-06-04 15:35:19+00:00
36286548,jinan-telecom,wuhan-telecom,49.508,0.0,icmp,1591285020,2020-06-04 15:37:00+00:00
36286774,jinan-telecom,wuhan-telecom,39.67,0.0,icmp,1591285159,2020-06-04 15:39:19+00:00
36287002,jinan-telecom,wuhan-telecom,49.6652,0.0,icmp,1591285260,2020-06-04 15:41:00+00:00
36287218,jinan-telecom,wuhan-telecom,49.6671,0.0,icmp,1591285380,2020-06-04 15:43:00+00:00
36287471,jinan-telecom,wuhan-telecom,45.3532,0.0,icmp,1591285500,2020-06-04 15:45:00+00:00
36287691,jinan-telecom,wuhan-telecom,39.7,0.0,icmp,1591285639,2020-06-04 15:47:19+00:00
36287909,jinan-telecom,wuhan-telecom,46.7803,0.0,icmp,1591285740,2020-06-04 15:49:00+00:00
36288156,jinan-telecom,wuhan-telecom,44.1866,0.0,icmp,1591285860,2020-06-04 15:51:00+00:00
36288383,jinan-telecom,wuhan-telecom,39.7109,0.0,icmp,1591285999,2020-06-04 15:53:19+00:00
36288626,jinan-telecom,wuhan-telecom,51.1857,0.0,icmp,1591286100,2020-06-04 15:55:00+00:00
36288850,jinan-telecom,wuhan-telecom,46.4773,0.0,icmp,1591286220,2020-06-04 15:57:00+00:00
36289048,jinan-telecom,wuhan-telecom,52.7017,0.0,icmp,1591286340,2020-06-04 15:59:00+00:00
36289287,jinan-telecom,wuhan-telecom,39.744,0.0,icmp,1591286479,2020-06-04 16:01:19+00:00
36289521,jinan-telecom,wuhan-telecom,35.0836,0.0,icmp,1591286580,2020-06-04 16:03:00+00:00
36289755,jinan-telecom,wuhan-telecom,37.8585,0.0,icmp,1591286700,2020-06-04 16:05:00+00:00
36289994,jinan-telecom,wuhan-telecom,39.666,0.0,icmp,1591286839,2020-06-04 16:07:19+00:00
36290207,jinan-telecom,wuhan-telecom,39.7473,0.0,icmp,1591286959,2020-06-04 16:09:19+00:00
36290430,jinan-telecom,wuhan-telecom,49.5443,0.0,icmp,1591287060,2020-06-04 16:11:00+00:00
36290682,jinan-telecom,wuhan-telecom,48.5282,0.0,icmp,1591287180,2020-06-04 16:13:00+00:00
36290901,jinan-telecom,wuhan-telecom,43.0656,0.0,icmp,1591287300,2020-06-04 16:15:00+00:00
36291119,jinan-telecom,wuhan-telecom,44.5234,0.0,icmp,1591287420,2020-06-04 16:17:00+00:00
36291356,jinan-telecom,wuhan-telecom,43.3853,0.0,icmp,1591287540,2020-06-04 16:19:00+00:00
36291577,jinan-telecom,wuhan-telecom,42.461,0.0,icmp,1591287660,2020-06-04 16:21:00+00:00
36291822,jinan-telecom,wuhan-telecom,49.0655,0.0,icmp,1591287780,2020-06-04 16:23:00+00:00
36292052,jinan-telecom,wuhan-telecom,40.6102,0.0,icmp,1591287900,2020-06-04 16:25:00+00:00
36292260,jinan-telecom,wuhan-telecom,39.1608,0.0,icmp,1591288020,2020-06-04 16:27:00+00:00
36292490,jinan-telecom,wuhan-telecom,46.1788,0.0,icmp,1591288140,2020-06-04 16:29:00+00:00
36292757,jinan-telecom,wuhan-telecom,37.1016,0.0,icmp,1591288260,2020-06-04 16:31:00+00:00
36292960,jinan-telecom,wuhan-telecom,33.4944,0.0,icmp,1591288399,2020-06-04 16:33:19+00:00
36293172,jinan-telecom,wuhan-telecom,44.2746,0.0,icmp,1591288500,2020-06-04 16:35:00+00:00
36293420,jinan-telecom,wuhan-telecom,37.724,0.0,icmp,1591288620,2020-06-04 16:37:00+00:00
36293647,jinan-telecom,wuhan-telecom,33.66,0.0,icmp,1591288759,2020-06-04 16:39:19+00:00
36293924,jinan-telecom,wuhan-telecom,47.9514,0.0,icmp,1591288860,2020-06-04 16:41:00+00:00
36294130,jinan-telecom,wuhan-telecom,45.772,0.0,icmp,1591288980,2020-06-04 16:43:00+00:00
36294334,jinan-telecom,wuhan-telecom,44.3297,0.0,icmp,1591289100,2020-06-04 16:45:00+00:00
36294569,jinan-telecom,wuhan-telecom,40.5412,0.0,icmp,1591289220,2020-06-04 16:47:00+00:00
36294778,jinan-telecom,wuhan-telecom,41.7862,0.0,icmp,1591289340,2020-06-04 16:49:00+00:00
36295024,jinan-telecom,wuhan-telecom,43.7959,0.0,icmp,1591289460,2020-06-04 16:51:00+00:00
36295249,jinan-telecom,wuhan-telecom,44.1506,0.0,icmp,1591289580,2020-06-04 16:53:00+00:00
36295485,jinan-telecom,wuhan-telecom,40.8372,0.0,icmp,1591289700,2020-06-04 16:55:00+00:00
36295704,jinan-telecom,wuhan-telecom,33.4577,0.0,icmp,1591289839,2020-06-04 16:57:19+00:00
36295938,jinan-telecom,wuhan-telecom,39.8468,0.0,icmp,1591289940,2020-06-04 16:59:00+00:00
36296178,jinan-telecom,wuhan-telecom,51.4727,0.0,icmp,1591290060,2020-06-04 17:01:00+00:00
36296392,jinan-telecom,wuhan-telecom,52.0445,0.0,icmp,1591290180,2020-06-04 17:03:00+00:00
36296623,jinan-telecom,wuhan-telecom,46.1303,0.0,icmp,1591290300,2020-06-04 17:05:00+00:00
36296861,jinan-telecom,wuhan-telecom,39.7532,0.0,icmp,1591290439,2020-06-04 17:07:19+00:00
36297100,jinan-telecom,wuhan-telecom,45.9613,0.0,icmp,1591290540,2020-06-04 17:09:00+00:00
36297317,jinan-telecom,wuhan-telecom,49.72,0.0,icmp,1591290660,2020-06-04 17:11:00+00:00
36297551,jinan-telecom,wuhan-telecom,51.5909,0.0,icmp,1591290780,2020-06-04 17:13:00+00:00
36297768,jinan-telecom,wuhan-telecom,50.9577,0.0,icmp,1591290900,2020-06-04 17:15:00+00:00
36298006,jinan-telecom,wuhan-telecom,46.7149,0.0,icmp,1591291020,2020-06-04 17:17:00+00:00
36298221,jinan-telecom,wuhan-telecom,43.1994,0.0,icmp,1591291140,2020-06-04 17:19:00+00:00
36298444,jinan-telecom,wuhan-telecom,39.6831,0.0,icmp,1591291279,2020-06-04 17:21:19+00:00
36298685,jinan-telecom,wuhan-telecom,44.3385,0.0,icmp,1591291380,2020-06-04 17:23:00+00:00
36298914,jinan-telecom,wuhan-telecom,40.0768,0.0,icmp,1591291519,2020-06-04 17:25:19+00:00
36299154,jinan-telecom,wuhan-telecom,39.6855,0.0,icmp,1591291639,2020-06-04 17:27:19+00:00
36299373,jinan-telecom,wuhan-telecom,48.9878,0.0,icmp,1591291740,2020-06-04 17:29:00+00:00
36299648,jinan-telecom,wuhan-telecom,49.2399,0.0,icmp,1591291860,2020-06-04 17:31:00+00:00
36299824,jinan-telecom,wuhan-telecom,47.6286,0.0,icmp,1591291980,2020-06-04 17:33:00+00:00
36300065,jinan-telecom,wuhan-telecom,43.7081,0.0,icmp,1591292100,2020-06-04 17:35:00+00:00
36300283,jinan-telecom,wuhan-telecom,47.294,0.0,icmp,1591292220,2020-06-04 17:37:00+00:00
36300505,jinan-telecom,wuhan-telecom,40.1518,0.0,icmp,1591292359,2020-06-04 17:39:19+00:00
36300740,jinan-telecom,wuhan-telecom,45.8326,0.0,icmp,1591292460,2020-06-04 17:41:00+00:00
36300982,jinan-telecom,wuhan-telecom,49.8812,0.0,icmp,1591292580,2020-06-04 17:43:00+00:00
36301210,jinan-telecom,wuhan-telecom,49.8857,0.0,icmp,1591292700,2020-06-04 17:45:00+00:00
36301417,jinan-telecom,wuhan-telecom,51.7692,0.0,icmp,1591292820,2020-06-04 17:47:00+00:00
36301655,jinan-telecom,wuhan-telecom,39.7666,0.0,icmp,1591292959,2020-06-04 17:49:19+00:00
36301888,jinan-telecom,wuhan-telecom,39.9556,0.0,icmp,1591293079,2020-06-04 17:51:19+00:00
36302116,jinan-telecom,wuhan-telecom,39.8456,0.0,icmp,1591293199,2020-06-04 17:53:19+00:00
36302356,jinan-telecom,wuhan-telecom,40.1062,0.0,icmp,1591293319,2020-06-04 17:55:19+00:00
36302571,jinan-telecom,wuhan-telecom,45.2832,0.0,icmp,1591293420,2020-06-04 17:57:00+00:00
36302811,jinan-telecom,wuhan-telecom,50.7533,0.0,icmp,1591293540,2020-06-04 17:59:00+00:00
36303029,jinan-telecom,wuhan-telecom,51.9799,0.0,icmp,1591293660,2020-06-04 18:01:00+00:00
36303287,jinan-telecom,wuhan-telecom,39.7208,0.0,icmp,1591293799,2020-06-04 18:03:19+00:00
36303488,jinan-telecom,wuhan-telecom,51.1421,0.0,icmp,1591293900,2020-06-04 18:05:00+00:00
36303727,jinan-telecom,wuhan-telecom,52.2571,0.0,icmp,1591294020,2020-06-04 18:07:00+00:00
36303957,jinan-telecom,wuhan-telecom,49.6146,0.0,icmp,1591294140,2020-06-04 18:09:00+00:00
36304163,jinan-telecom,wuhan-telecom,50.3253,0.0,icmp,1591294260,2020-06-04 18:11:00+00:00
36304403,jinan-telecom,wuhan-telecom,40.3554,0.0,icmp,1591294380,2020-06-04 18:13:00+00:00
36304633,jinan-telecom,wuhan-telecom,40.112,0.0,icmp,1591294519,2020-06-04 18:15:19+00:00
36304862,jinan-telecom,wuhan-telecom,48.7237,0.0,icmp,1591294620,2020-06-04 18:17:00+00:00
36305094,jinan-telecom,wuhan-telecom,52.1397,0.0,icmp,1591294740,2020-06-04 18:19:00+00:00
36305331,jinan-telecom,wuhan-telecom,51.9427,0.0,icmp,1591294860,2020-06-04 18:21:00+00:00
36305566,jinan-telecom,wuhan-telecom,49.4326,0.0,icmp,1591294980,2020-06-04 18:23:00+00:00
36305793,jinan-telecom,wuhan-telecom,49.3691,0.0,icmp,1591295100,2020-06-04 18:25:00+00:00
36306011,jinan-telecom,wuhan-telecom,50.2071,0.0,icmp,1591295220,2020-06-04 18:27:00+00:00
36306252,jinan-telecom,wuhan-telecom,39.7968,0.0,icmp,1591295359,2020-06-04 18:29:19+00:00
36306458,jinan-telecom,wuhan-telecom,47.7164,0.0,icmp,1591295460,2020-06-04 18:31:00+00:00
36306698,jinan-telecom,wuhan-telecom,48.3527,0.0,icmp,1591295580,2020-06-04 18:33:00+00:00
36306936,jinan-telecom,wuhan-telecom,48.5492,0.0,icmp,1591295700,2020-06-04 18:35:00+00:00
36307185,jinan-telecom,wuhan-telecom,47.4526,0.0,icmp,1591295820,2020-06-04 18:37:00+00:00
36307399,jinan-telecom,wuhan-telecom,46.9193,0.0,icmp,1591295940,2020-06-04 18:39:00+00:00
36307630,jinan-telecom,wuhan-telecom,39.8141,0.0,icmp,1591296079,2020-06-04 18:41:19+00:00
36307840,jinan-telecom,wuhan-telecom,52.3485,0.0,icmp,1591296180,2020-06-04 18:43:00+00:00
36308070,jinan-telecom,wuhan-telecom,46.8524,0.0,icmp,1591296300,2020-06-04 18:45:00+00:00
36308327,jinan-telecom,wuhan-telecom,47.4037,0.0,icmp,1591296420,2020-06-04 18:47:00+00:00
36308551,jinan-telecom,wuhan-telecom,48.4951,0.0,icmp,1591296540,2020-06-04 18:49:00+00:00
36308744,jinan-telecom,wuhan-telecom,47.9561,0.0,icmp,1591296660,2020-06-04 18:51:00+00:00
36308975,jinan-telecom,wuhan-telecom,52.337,0.0,icmp,1591296780,2020-06-04 18:53:00+00:00
36309208,jinan-telecom,wuhan-telecom,49.8764,0.0,icmp,1591296900,2020-06-04 18:55:00+00:00
36309450,jinan-telecom,wuhan-telecom,40.8276,0.0,icmp,1591297020,2020-06-04 18:57:00+00:00
36309688,jinan-telecom,wuhan-telecom,40.1314,0.0,icmp,1591297140,2020-06-04 18:59:00+00:00
36309922,jinan-telecom,wuhan-telecom,48.8939,0.0,icmp,1591297260,2020-06-04 19:01:00+00:00
36310137,jinan-telecom,wuhan-telecom,40.3089,0.0,icmp,1591297399,2020-06-04 19:03:19+00:00
36310367,jinan-telecom,wuhan-telecom,39.9389,0.0,icmp,1591297519,2020-06-04 19:05:19+00:00
36310576,jinan-telecom,wuhan-telecom,48.2506,0.0,icmp,1591297620,2020-06-04 19:07:00+00:00
36310825,jinan-telecom,wuhan-telecom,49.6643,0.0,icmp,1591297740,2020-06-04 19:09:00+00:00
36311044,jinan-telecom,wuhan-telecom,39.9857,0.0,icmp,1591297879,2020-06-04 19:11:19+00:00
36311260,jinan-telecom,wuhan-telecom,39.9143,0.0,icmp,1591297999,2020-06-04 19:13:19+00:00
36311499,jinan-telecom,wuhan-telecom,50.4885,0.0,icmp,1591298100,2020-06-04 19:15:00+00:00
36311736,jinan-telecom,wuhan-telecom,42.0898,0.0,icmp,1591298220,2020-06-04 19:17:00+00:00
36311954,jinan-telecom,wuhan-telecom,39.7954,0.0,icmp,1591298359,2020-06-04 19:19:19+00:00
36312185,jinan-telecom,wuhan-telecom,44.0966,0.0,icmp,1591298460,2020-06-04 19:21:00+00:00
36312420,jinan-telecom,wuhan-telecom,48.8637,0.0,icmp,1591298580,2020-06-04 19:23:00+00:00
36312637,jinan-telecom,wuhan-telecom,39.9053,0.0,icmp,1591298719,2020-06-04 19:25:19+00:00
36312899,jinan-telecom,wuhan-telecom,39.6535,0.0,icmp,1591298839,2020-06-04 19:27:19+00:00
36313097,jinan-telecom,wuhan-telecom,45.5456,0.0,icmp,1591298940,2020-06-04 19:29:00+00:00
36313312,jinan-telecom,wuhan-telecom,44.7116,0.0,icmp,1591299060,2020-06-04 19:31:00+00:00
36313564,jinan-telecom,wuhan-telecom,52.8581,0.0,icmp,1591299180,2020-06-04 19:33:00+00:00
36313787,jinan-telecom,wuhan-telecom,39.6773,0.0,icmp,1591299319,2020-06-04 19:35:19+00:00
36314019,jinan-telecom,wuhan-telecom,39.7121,0.0,icmp,1591299439,2020-06-04 19:37:19+00:00
36314258,jinan-telecom,wuhan-telecom,49.1667,0.0,icmp,1591299540,2020-06-04 19:39:00+00:00
36314494,jinan-telecom,wuhan-telecom,47.7522,0.0,icmp,1591299660,2020-06-04 19:41:00+00:00
36314686,jinan-telecom,wuhan-telecom,47.2812,0.0,icmp,1591299780,2020-06-04 19:43:00+00:00
36314919,jinan-telecom,wuhan-telecom,52.5603,0.0,icmp,1591299900,2020-06-04 19:45:00+00:00
36315153,jinan-telecom,wuhan-telecom,47.0943,0.0,icmp,1591300020,2020-06-04 19:47:00+00:00
36315384,jinan-telecom,wuhan-telecom,53.5458,0.0,icmp,1591300140,2020-06-04 19:49:00+00:00
36315601,jinan-telecom,wuhan-telecom,46.3793,0.0,icmp,1591300260,2020-06-04 19:51:00+00:00
36315855,jinan-telecom,wuhan-telecom,42.9907,0.0,icmp,1591300380,2020-06-04 19:53:00+00:00
36316093,jinan-telecom,wuhan-telecom,46.2949,0.0,icmp,1591300500,2020-06-04 19:55:00+00:00
36316323,jinan-telecom,wuhan-telecom,47.8889,0.0,icmp,1591300620,2020-06-04 19:57:00+00:00
36316529,jinan-telecom,wuhan-telecom,46.9519,0.0,icmp,1591300740,2020-06-04 19:59:00+00:00
36316751,jinan-telecom,wuhan-telecom,46.6681,0.0,icmp,1591300860,2020-06-04 20:01:00+00:00
36316992,jinan-telecom,wuhan-telecom,48.7162,0.0,icmp,1591300980,2020-06-04 20:03:00+00:00
36317202,jinan-telecom,wuhan-telecom,45.7854,0.0,icmp,1591301100,2020-06-04 20:05:00+00:00
36317468,jinan-telecom,wuhan-telecom,44.9811,0.0,icmp,1591301220,2020-06-04 20:07:00+00:00
36317679,jinan-telecom,wuhan-telecom,45.101,0.0,icmp,1591301340,2020-06-04 20:09:00+00:00
36317918,jinan-telecom,wuhan-telecom,49.8056,0.0,icmp,1591301460,2020-06-04 20:11:00+00:00
36318150,jinan-telecom,wuhan-telecom,46.7604,0.0,icmp,1591301580,2020-06-04 20:13:00+00:00
36318381,jinan-telecom,wuhan-telecom,40.1364,0.0,icmp,1591301700,2020-06-04 20:15:00+00:00
36318584,jinan-telecom,wuhan-telecom,49.2915,0.0,icmp,1591301820,2020-06-04 20:17:00+00:00
36318836,jinan-telecom,wuhan-telecom,39.6455,0.0,icmp,1591301959,2020-06-04 20:19:19+00:00
36319041,jinan-telecom,wuhan-telecom,41.7621,0.0,icmp,1591302060,2020-06-04 20:21:00+00:00
36319288,jinan-telecom,wuhan-telecom,46.9695,0.0,icmp,1591302180,2020-06-04 20:23:00+00:00
36319518,jinan-telecom,wuhan-telecom,44.4773,0.0,icmp,1591302300,2020-06-04 20:25:00+00:00
36319758,jinan-telecom,wuhan-telecom,44.7927,0.0,icmp,1591302420,2020-06-04 20:27:00+00:00
36319976,jinan-telecom,wuhan-telecom,48.2529,0.0,icmp,1591302540,2020-06-04 20:29:00+00:00
36320213,jinan-telecom,wuhan-telecom,47.8154,0.0,icmp,1591302660,2020-06-04 20:31:00+00:00
36320422,jinan-telecom,wuhan-telecom,47.1783,0.0,icmp,1591302780,2020-06-04 20:33:00+00:00
36320673,jinan-telecom,wuhan-telecom,50.3975,0.0,icmp,1591302900,2020-06-04 20:35:00+00:00
36320881,jinan-telecom,wuhan-telecom,39.9816,0.0,icmp,1591303039,2020-06-04 20:37:19+00:00
36321127,jinan-telecom,wuhan-telecom,39.6497,0.0,icmp,1591303159,2020-06-04 20:39:19+00:00
36321359,jinan-telecom,wuhan-telecom,39.8978,0.0,icmp,1591303279,2020-06-04 20:41:19+00:00
36321567,jinan-telecom,wuhan-telecom,41.4987,0.0,icmp,1591303380,2020-06-04 20:43:00+00:00
36321809,jinan-telecom,wuhan-telecom,46.386,0.0,icmp,1591303500,2020-06-04 20:45:00+00:00
36322036,jinan-telecom,wuhan-telecom,39.7081,0.0,icmp,1591303639,2020-06-04 20:47:19+00:00
36322252,jinan-telecom,wuhan-telecom,49.9605,0.0,icmp,1591303740,2020-06-04 20:49:00+00:00
36322508,jinan-telecom,wuhan-telecom,48.2802,0.0,icmp,1591303860,2020-06-04 20:51:00+00:00
36322724,jinan-telecom,wuhan-telecom,51.8067,0.0,icmp,1591303980,2020-06-04 20:53:00+00:00
36322954,jinan-telecom,wuhan-telecom,49.0038,0.0,icmp,1591304100,2020-06-04 20:55:00+00:00
36323171,jinan-telecom,wuhan-telecom,39.6057,0.0,icmp,1591304239,2020-06-04 20:57:19+00:00
36323417,jinan-telecom,wuhan-telecom,49.7786,0.0,icmp,1591304340,2020-06-04 20:59:00+00:00
36323639,jinan-telecom,wuhan-telecom,49.4565,0.0,icmp,1591304460,2020-06-04 21:01:00+00:00
36323867,jinan-telecom,wuhan-telecom,53.7585,0.0,icmp,1591304580,2020-06-04 21:03:00+00:00
36324097,jinan-telecom,wuhan-telecom,49.1636,0.0,icmp,1591304700,2020-06-04 21:05:00+00:00
36324327,jinan-telecom,wuhan-telecom,49.357,0.0,icmp,1591304820,2020-06-04 21:07:00+00:00
36324541,jinan-telecom,wuhan-telecom,50.0021,0.0,icmp,1591304940,2020-06-04 21:09:00+00:00
36324783,jinan-telecom,wuhan-telecom,48.0585,0.0,icmp,1591305060,2020-06-04 21:11:00+00:00
36325002,jinan-telecom,wuhan-telecom,49.7906,0.0,icmp,1591305180,2020-06-04 21:13:00+00:00
36325230,jinan-telecom,wuhan-telecom,51.5033,0.0,icmp,1591305300,2020-06-04 21:15:00+00:00
36325488,jinan-telecom,wuhan-telecom,50.0186,0.0,icmp,1591305420,2020-06-04 21:17:00+00:00
36325711,jinan-telecom,wuhan-telecom,48.9444,0.0,icmp,1591305540,2020-06-04 21:19:00+00:00
36325953,jinan-telecom,wuhan-telecom,47.7457,0.0,icmp,1591305660,2020-06-04 21:21:00+00:00
36326160,jinan-telecom,wuhan-telecom,40.3011,0.0,icmp,1591305799,2020-06-04 21:23:19+00:00
36326387,jinan-telecom,wuhan-telecom,48.0265,0.0,icmp,1591305900,2020-06-04 21:25:00+00:00
36326626,jinan-telecom,wuhan-telecom,50.6279,0.0,icmp,1591306020,2020-06-04 21:27:00+00:00
36326858,jinan-telecom,wuhan-telecom,43.7758,0.0,icmp,1591306140,2020-06-04 21:29:00+00:00
36327085,jinan-telecom,wuhan-telecom,48.8959,0.0,icmp,1591306260,2020-06-04 21:31:00+00:00
36327317,jinan-telecom,wuhan-telecom,50.3875,0.0,icmp,1591306380,2020-06-04 21:33:00+00:00
36327519,jinan-telecom,wuhan-telecom,47.7688,0.0,icmp,1591306500,2020-06-04 21:35:00+00:00
36327768,jinan-telecom,wuhan-telecom,45.8194,0.0,icmp,1591306620,2020-06-04 21:37:00+00:00
36328008,jinan-telecom,wuhan-telecom,40.3284,0.0,icmp,1591306759,2020-06-04 21:39:19+00:00
36328219,jinan-telecom,wuhan-telecom,39.6852,0.0,icmp,1591306879,2020-06-04 21:41:19+00:00
36328426,jinan-telecom,wuhan-telecom,46.0359,0.0,icmp,1591306980,2020-06-04 21:43:00+00:00
36328662,jinan-telecom,wuhan-telecom,50.6086,0.0,icmp,1591307100,2020-06-04 21:45:00+00:00
36328910,jinan-telecom,wuhan-telecom,40.4519,0.0,icmp,1591307220,2020-06-04 21:47:00+00:00
36329133,jinan-telecom,wuhan-telecom,39.6509,0.0,icmp,1591307359,2020-06-04 21:49:19+00:00
36329359,jinan-telecom,wuhan-telecom,46.9892,0.0,icmp,1591307460,2020-06-04 21:51:00+00:00
36329586,jinan-telecom,wuhan-telecom,45.7057,0.0,icmp,1591307580,2020-06-04 21:53:00+00:00
36329813,jinan-telecom,wuhan-telecom,40.2012,0.0,icmp,1591307700,2020-06-04 21:55:00+00:00
36330050,jinan-telecom,wuhan-telecom,47.4055,0.0,icmp,1591307820,2020-06-04 21:57:00+00:00
36330279,jinan-telecom,wuhan-telecom,43.2953,0.0,icmp,1591307940,2020-06-04 21:59:00+00:00
36330522,jinan-telecom,wuhan-telecom,40.468,0.0,icmp,1591308079,2020-06-04 22:01:19+00:00
36330747,jinan-telecom,wuhan-telecom,40.0007,0.0,icmp,1591308199,2020-06-04 22:03:19+00:00
36330951,jinan-telecom,wuhan-telecom,43.5649,0.0,icmp,1591308300,2020-06-04 22:05:00+00:00
36331205,jinan-telecom,wuhan-telecom,51.5391,0.0,icmp,1591308420,2020-06-04 22:07:00+00:00
36331416,jinan-telecom,wuhan-telecom,50.5212,0.0,icmp,1591308540,2020-06-04 22:09:00+00:00
36331656,jinan-telecom,wuhan-telecom,39.7682,0.0,icmp,1591308679,2020-06-04 22:11:19+00:00
36331877,jinan-telecom,wuhan-telecom,46.967,0.0,icmp,1591308780,2020-06-04 22:13:00+00:00
36332114,jinan-telecom,wuhan-telecom,48.8222,0.0,icmp,1591308900,2020-06-04 22:15:00+00:00
36332328,jinan-telecom,wuhan-telecom,44.754,0.0,icmp,1591309020,2020-06-04 22:17:00+00:00
36332599,jinan-telecom,wuhan-telecom,39.6309,0.0,icmp,1591309159,2020-06-04 22:19:19+00:00
36332814,jinan-telecom,wuhan-telecom,47.6982,0.0,icmp,1591309260,2020-06-04 22:21:00+00:00
36333040,jinan-telecom,wuhan-telecom,48.8426,0.0,icmp,1591309380,2020-06-04 22:23:00+00:00
36333241,jinan-telecom,wuhan-telecom,42.9473,0.0,icmp,1591309500,2020-06-04 22:25:00+00:00
36333492,jinan-telecom,wuhan-telecom,52.3665,0.0,icmp,1591309620,2020-06-04 22:27:00+00:00
36333725,jinan-telecom,wuhan-telecom,49.1252,0.0,icmp,1591309740,2020-06-04 22:29:00+00:00
36333952,jinan-telecom,wuhan-telecom,47.352,0.0,icmp,1591309860,2020-06-04 22:31:00+00:00
36334157,jinan-telecom,wuhan-telecom,39.9738,0.0,icmp,1591309999,2020-06-04 22:33:19+00:00
36334402,jinan-telecom,wuhan-telecom,47.3549,0.0,icmp,1591310100,2020-06-04 22:35:00+00:00
36334624,jinan-telecom,wuhan-telecom,50.1731,0.0,icmp,1591310220,2020-06-04 22:37:00+00:00
36334853,jinan-telecom,wuhan-telecom,51.7367,0.0,icmp,1591310340,2020-06-04 22:39:00+00:00
36335096,jinan-telecom,wuhan-telecom,49.0553,0.0,icmp,1591310460,2020-06-04 22:41:00+00:00
36335324,jinan-telecom,wuhan-telecom,47.6874,0.0,icmp,1591310580,2020-06-04 22:43:00+00:00
36335550,jinan-telecom,wuhan-telecom,52.0246,0.0,icmp,1591310700,2020-06-04 22:45:00+00:00
36335766,jinan-telecom,wuhan-telecom,39.6382,0.0,icmp,1591310839,2020-06-04 22:47:19+00:00
36335991,jinan-telecom,wuhan-telecom,49.1923,0.0,icmp,1591310940,2020-06-04 22:49:00+00:00
36336227,jinan-telecom,wuhan-telecom,48.1615,0.0,icmp,1591311060,2020-06-04 22:51:00+00:00
36336465,jinan-telecom,wuhan-telecom,48.2375,0.0,icmp,1591311180,2020-06-04 22:53:00+00:00
36336706,jinan-telecom,wuhan-telecom,49.7889,0.0,icmp,1591311300,2020-06-04 22:55:00+00:00
36336943,jinan-telecom,wuhan-telecom,48.6857,0.0,icmp,1591311420,2020-06-04 22:57:00+00:00
36337140,jinan-telecom,wuhan-telecom,49.2296,0.0,icmp,1591311540,2020-06-04 22:59:00+00:00
36337372,jinan-telecom,wuhan-telecom,53.1486,0.0,icmp,1591311660,2020-06-04 23:01:00+00:00
36808739,jinan-telecom,wuhan-telecom,40.271,0.0,icmp,1591249999,2020-06-04 05:53:19+00:00
36808963,jinan-telecom,wuhan-telecom,40.3387,0.0,icmp,1591250119,2020-06-04 05:55:19+00:00
36809200,jinan-telecom,wuhan-telecom,39.6446,0.0,icmp,1591250239,2020-06-04 05:57:19+00:00
36809436,jinan-telecom,wuhan-telecom,51.0433,0.0,icmp,1591250400,2020-06-04 06:00:00+00:00
36809673,jinan-telecom,wuhan-telecom,39.6761,0.0,icmp,1591250479,2020-06-04 06:01:19+00:00
36809895,jinan-telecom,wuhan-telecom,39.7714,0.0,icmp,1591250599,2020-06-04 06:03:19+00:00
36810140,jinan-telecom,wuhan-telecom,39.9808,0.0,icmp,1591250719,2020-06-04 06:05:19+00:00
36810352,jinan-telecom,wuhan-telecom,49.7039,0.0,icmp,1591250880,2020-06-04 06:08:00+00:00
36810580,jinan-telecom,wuhan-telecom,51.6276,0.0,icmp,1591251000,2020-06-04 06:10:00+00:00
36810829,jinan-telecom,wuhan-telecom,48.4459,0.0,icmp,1591251120,2020-06-04 06:12:00+00:00
36811030,jinan-telecom,wuhan-telecom,39.6725,0.0,icmp,1591251199,2020-06-04 06:13:19+00:00
36811272,jinan-telecom,wuhan-telecom,49.2956,0.0,icmp,1591251360,2020-06-04 06:16:00+00:00
36811496,jinan-telecom,wuhan-telecom,50.607,0.0,icmp,1591251480,2020-06-04 06:18:00+00:00
36811748,jinan-telecom,wuhan-telecom,47.7882,0.0,icmp,1591251600,2020-06-04 06:20:00+00:00
36811966,jinan-telecom,wuhan-telecom,49.627,0.0,icmp,1591251720,2020-06-04 06:22:00+00:00
36812196,jinan-telecom,wuhan-telecom,42.4872,0.0,icmp,1591251840,2020-06-04 06:24:00+00:00
36812418,jinan-telecom,wuhan-telecom,51.7555,0.0,icmp,1591251960,2020-06-04 06:26:00+00:00
36812647,jinan-telecom,wuhan-telecom,49.9875,0.0,icmp,1591252080,2020-06-04 06:28:00+00:00
36812885,jinan-telecom,wuhan-telecom,49.2732,0.0,icmp,1591252200,2020-06-04 06:30:00+00:00
36813085,jinan-telecom,wuhan-telecom,50.7525,0.0,icmp,1591252320,2020-06-04 06:32:00+00:00
36813338,jinan-telecom,wuhan-telecom,39.8059,0.0,icmp,1591252399,2020-06-04 06:33:19+00:00
36813545,jinan-telecom,wuhan-telecom,50.0055,0.0,icmp,1591252560,2020-06-04 06:36:00+00:00
36813791,jinan-telecom,wuhan-telecom,48.8393,0.0,icmp,1591252680,2020-06-04 06:38:00+00:00
36814010,jinan-telecom,wuhan-telecom,48.5354,0.0,icmp,1591252800,2020-06-04 06:40:00+00:00
36814238,jinan-telecom,wuhan-telecom,49.2246,0.0,icmp,1591252920,2020-06-04 06:42:00+00:00
36814479,jinan-telecom,wuhan-telecom,40.0366,0.0,icmp,1591253040,2020-06-04 06:44:00+00:00
36814694,jinan-telecom,wuhan-telecom,50.0957,0.0,icmp,1591253160,2020-06-04 06:46:00+00:00
36814932,jinan-telecom,wuhan-telecom,39.6592,0.0,icmp,1591253239,2020-06-04 06:47:19+00:00
36815173,jinan-telecom,wuhan-telecom,39.8408,0.0,icmp,1591253359,2020-06-04 06:49:19+00:00
36815383,jinan-telecom,wuhan-telecom,47.1234,0.0,icmp,1591253520,2020-06-04 06:52:00+00:00
36815624,jinan-telecom,wuhan-telecom,51.5464,0.0,icmp,1591253640,2020-06-04 06:54:00+00:00
36815841,jinan-telecom,wuhan-telecom,53.2574,0.0,icmp,1591253760,2020-06-04 06:56:00+00:00
36816090,jinan-telecom,wuhan-telecom,50.9906,0.0,icmp,1591253880,2020-06-04 06:58:00+00:00
36816299,jinan-telecom,wuhan-telecom,49.4147,0.0,icmp,1591254000,2020-06-04 07:00:00+00:00
36816547,jinan-telecom,wuhan-telecom,39.748,0.0,icmp,1591254079,2020-06-04 07:01:19+00:00
36816768,jinan-telecom,wuhan-telecom,50.1686,0.0,icmp,1591254240,2020-06-04 07:04:00+00:00
36816990,jinan-telecom,wuhan-telecom,48.263,0.0,icmp,1591254360,2020-06-04 07:06:00+00:00
36817214,jinan-telecom,wuhan-telecom,39.8537,0.0,icmp,1591254439,2020-06-04 07:07:19+00:00
36817457,jinan-telecom,wuhan-telecom,40.0188,0.0,icmp,1591254559,2020-06-04 07:09:19+00:00
36817694,jinan-telecom,wuhan-telecom,47.7634,0.0,icmp,1591254720,2020-06-04 07:12:00+00:00
36817906,jinan-telecom,wuhan-telecom,41.7598,0.0,icmp,1591254840,2020-06-04 07:14:00+00:00
36818144,jinan-telecom,wuhan-telecom,46.3138,0.0,icmp,1591254960,2020-06-04 07:16:00+00:00
36818373,jinan-telecom,wuhan-telecom,47.5568,0.0,icmp,1591255080,2020-06-04 07:18:00+00:00
36818595,jinan-telecom,wuhan-telecom,39.6867,0.0,icmp,1591255159,2020-06-04 07:19:19+00:00
36818839,jinan-telecom,wuhan-telecom,48.0491,0.0,icmp,1591255320,2020-06-04 07:22:00+00:00
36819040,jinan-telecom,wuhan-telecom,49.3539,0.0,icmp,1591255440,2020-06-04 07:24:00+00:00
36819268,jinan-telecom,wuhan-telecom,40.2042,0.0,icmp,1591255560,2020-06-04 07:26:00+00:00
36819521,jinan-telecom,wuhan-telecom,39.8518,0.0,icmp,1591255639,2020-06-04 07:27:19+00:00
36819756,jinan-telecom,wuhan-telecom,40.4718,0.0,icmp,1591255759,2020-06-04 07:29:19+00:00
36819969,jinan-telecom,wuhan-telecom,47.6811,0.0,icmp,1591255920,2020-06-04 07:32:00+00:00
36820196,jinan-telecom,wuhan-telecom,39.8384,0.0,icmp,1591256040,2020-06-04 07:34:00+00:00
36820429,jinan-telecom,wuhan-telecom,46.951,0.0,icmp,1591256160,2020-06-04 07:36:00+00:00
36820649,jinan-telecom,wuhan-telecom,50.5763,0.0,icmp,1591256280,2020-06-04 07:38:00+00:00
36820871,jinan-telecom,wuhan-telecom,50.7047,0.0,icmp,1591256400,2020-06-04 07:40:00+00:00
36821109,jinan-telecom,wuhan-telecom,48.643,0.0,icmp,1591256520,2020-06-04 07:42:00+00:00
36821338,jinan-telecom,wuhan-telecom,40.4147,0.0,icmp,1591256599,2020-06-04 07:43:19+00:00
36821576,jinan-telecom,wuhan-telecom,43.0113,0.0,icmp,1591256760,2020-06-04 07:46:00+00:00
36821803,jinan-telecom,wuhan-telecom,47.7557,0.0,icmp,1591256880,2020-06-04 07:48:00+00:00
36822035,jinan-telecom,wuhan-telecom,45.4638,0.0,icmp,1591257000,2020-06-04 07:50:00+00:00
36822259,jinan-telecom,wuhan-telecom,47.2084,0.0,icmp,1591257120,2020-06-04 07:52:00+00:00
36822479,jinan-telecom,wuhan-telecom,45.815,0.0,icmp,1591257240,2020-06-04 07:54:00+00:00
36822723,jinan-telecom,wuhan-telecom,49.2436,0.0,icmp,1591257360,2020-06-04 07:56:00+00:00
36822961,jinan-telecom,wuhan-telecom,48.1708,0.0,icmp,1591257480,2020-06-04 07:58:00+00:00
36823164,jinan-telecom,wuhan-telecom,51.4062,0.0,icmp,1591257600,2020-06-04 08:00:00+00:00
36823422,jinan-telecom,wuhan-telecom,49.9923,0.0,icmp,1591257720,2020-06-04 08:02:00+00:00
36823632,jinan-telecom,wuhan-telecom,47.099,0.0,icmp,1591257840,2020-06-04 08:04:00+00:00
36823860,jinan-telecom,wuhan-telecom,40.0074,0.0,icmp,1591257919,2020-06-04 08:05:19+00:00
36824090,jinan-telecom,wuhan-telecom,48.6472,0.0,icmp,1591258080,2020-06-04 08:08:00+00:00
36824318,jinan-telecom,wuhan-telecom,48.1017,0.0,icmp,1591258200,2020-06-04 08:10:00+00:00
36824556,jinan-telecom,wuhan-telecom,47.7581,0.0,icmp,1591258320,2020-06-04 08:12:00+00:00
36824768,jinan-telecom,wuhan-telecom,49.3196,0.0,icmp,1591258440,2020-06-04 08:14:00+00:00
36824999,jinan-telecom,wuhan-telecom,39.7397,0.0,icmp,1591258519,2020-06-04 08:15:19+00:00
36825239,jinan-telecom,wuhan-telecom,39.6657,0.0,icmp,1591258639,2020-06-04 08:17:19+00:00
36825451,jinan-telecom,wuhan-telecom,50.258,0.0,icmp,1591258800,2020-06-04 08:20:00+00:00
36825697,jinan-telecom,wuhan-telecom,45.7627,0.0,icmp,1591258920,2020-06-04 08:22:00+00:00
36825935,jinan-telecom,wuhan-telecom,50.0692,0.0,icmp,1591259040,2020-06-04 08:24:00+00:00
36826145,jinan-telecom,wuhan-telecom,47.4018,0.0,icmp,1591259160,2020-06-04 08:26:00+00:00
36826376,jinan-telecom,wuhan-telecom,48.4513,0.0,icmp,1591259280,2020-06-04 08:28:00+00:00
36826619,jinan-telecom,wuhan-telecom,52.5847,0.0,icmp,1591259400,2020-06-04 08:30:00+00:00
36826849,jinan-telecom,wuhan-telecom,48.7953,0.0,icmp,1591259520,2020-06-04 08:32:00+00:00
36827063,jinan-telecom,wuhan-telecom,49.0368,0.0,icmp,1591259640,2020-06-04 08:34:00+00:00
36827309,jinan-telecom,wuhan-telecom,49.8749,0.0,icmp,1591259760,2020-06-04 08:36:00+00:00
36827530,jinan-telecom,wuhan-telecom,43.2602,0.0,icmp,1591259880,2020-06-04 08:38:00+00:00
36827751,jinan-telecom,wuhan-telecom,39.7537,0.0,icmp,1591259959,2020-06-04 08:39:19+00:00
36827974,jinan-telecom,wuhan-telecom,39.7315,0.0,icmp,1591260079,2020-06-04 08:41:19+00:00
36828204,jinan-telecom,wuhan-telecom,47.3721,0.0,icmp,1591260240,2020-06-04 08:44:00+00:00
36828443,jinan-telecom,wuhan-telecom,39.9355,0.0,icmp,1591260319,2020-06-04 08:45:19+00:00
36828666,jinan-telecom,wuhan-telecom,51.6987,0.0,icmp,1591260480,2020-06-04 08:48:00+00:00
36828877,jinan-telecom,wuhan-telecom,46.3672,0.0,icmp,1591260600,2020-06-04 08:50:00+00:00
36829118,jinan-telecom,wuhan-telecom,43.3309,0.0,icmp,1591260720,2020-06-04 08:52:00+00:00
36829358,jinan-telecom,wuhan-telecom,44.5855,0.0,icmp,1591260840,2020-06-04 08:54:00+00:00
36829591,jinan-telecom,wuhan-telecom,52.6498,0.0,icmp,1591260960,2020-06-04 08:56:00+00:00
36829815,jinan-telecom,wuhan-telecom,50.1854,0.0,icmp,1591261080,2020-06-04 08:58:00+00:00
36830068,jinan-telecom,wuhan-telecom,39.9632,0.0,icmp,1591261200,2020-06-04 09:00:00+00:00
36830300,jinan-telecom,wuhan-telecom,53.7954,0.0,icmp,1591261320,2020-06-04 09:02:00+00:00
36830493,jinan-telecom,wuhan-telecom,39.8126,0.0,icmp,1591261399,2020-06-04 09:03:19+00:00
36830727,jinan-telecom,wuhan-telecom,45.8522,0.0,icmp,1591261560,2020-06-04 09:06:00+00:00
36830953,jinan-telecom,wuhan-telecom,40.0675,0.0,icmp,1591261639,2020-06-04 09:07:19+00:00
36831198,jinan-telecom,wuhan-telecom,50.4151,0.0,icmp,1591261800,2020-06-04 09:10:00+00:00
36831407,jinan-telecom,wuhan-telecom,39.6968,0.0,icmp,1591261879,2020-06-04 09:11:19+00:00
36831664,jinan-telecom,wuhan-telecom,49.3989,0.0,icmp,1591262040,2020-06-04 09:14:00+00:00
36831879,jinan-telecom,wuhan-telecom,39.6809,0.0,icmp,1591262119,2020-06-04 09:15:19+00:00
36832092,jinan-telecom,wuhan-telecom,49.2454,0.0,icmp,1591262280,2020-06-04 09:18:00+00:00
36832338,jinan-telecom,wuhan-telecom,39.6192,0.0,icmp,1591262359,2020-06-04 09:19:19+00:00
36832579,jinan-telecom,wuhan-telecom,49.8564,0.0,icmp,1591262520,2020-06-04 09:22:00+00:00
36832811,jinan-telecom,wuhan-telecom,49.2764,0.0,icmp,1591262640,2020-06-04 09:24:00+00:00
36833029,jinan-telecom,wuhan-telecom,50.8699,0.0,icmp,1591262760,2020-06-04 09:26:00+00:00
36833254,jinan-telecom,wuhan-telecom,39.8355,0.0,icmp,1591262839,2020-06-04 09:27:19+00:00
36833470,jinan-telecom,wuhan-telecom,55.1584,0.0,icmp,1591263000,2020-06-04 09:30:00+00:00
36833725,jinan-telecom,wuhan-telecom,49.7327,0.0,icmp,1591263120,2020-06-04 09:32:00+00:00
36833933,jinan-telecom,wuhan-telecom,50.7542,0.0,icmp,1591263240,2020-06-04 09:34:00+00:00
36834175,jinan-telecom,wuhan-telecom,39.8785,0.0,icmp,1591263319,2020-06-04 09:35:19+00:00
36834388,jinan-telecom,wuhan-telecom,44.762,0.0,icmp,1591263480,2020-06-04 09:38:00+00:00
36834612,jinan-telecom,wuhan-telecom,39.6354,0.0,icmp,1591263559,2020-06-04 09:39:19+00:00
36834837,jinan-telecom,wuhan-telecom,39.6791,0.0,icmp,1591263679,2020-06-04 09:41:19+00:00
36835094,jinan-telecom,wuhan-telecom,48.6966,0.0,icmp,1591263840,2020-06-04 09:44:00+00:00
36835318,jinan-telecom,wuhan-telecom,51.5709,0.0,icmp,1591263960,2020-06-04 09:46:00+00:00
36835543,jinan-telecom,wuhan-telecom,50.0529,0.0,icmp,1591264080,2020-06-04 09:48:00+00:00
36835787,jinan-telecom,wuhan-telecom,50.5252,0.0,icmp,1591264200,2020-06-04 09:50:00+00:00
36835986,jinan-telecom,wuhan-telecom,50.3227,0.0,icmp,1591264320,2020-06-04 09:52:00+00:00
36836234,jinan-telecom,wuhan-telecom,47.6061,0.0,icmp,1591264440,2020-06-04 09:54:00+00:00
36836450,jinan-telecom,wuhan-telecom,40.0998,0.0,icmp,1591264519,2020-06-04 09:55:19+00:00
36836684,jinan-telecom,wuhan-telecom,49.9611,0.0,icmp,1591264680,2020-06-04 09:58:00+00:00
36836920,jinan-telecom,wuhan-telecom,47.9245,0.0,icmp,1591264800,2020-06-04 10:00:00+00:00
36837150,jinan-telecom,wuhan-telecom,47.2944,0.0,icmp,1591264920,2020-06-04 10:02:00+00:00
36837375,jinan-telecom,wuhan-telecom,52.071,0.0,icmp,1591265040,2020-06-04 10:04:00+00:00
36837611,jinan-telecom,wuhan-telecom,48.6099,0.0,icmp,1591265160,2020-06-04 10:06:00+00:00
36837805,jinan-telecom,wuhan-telecom,50.2384,0.0,icmp,1591265280,2020-06-04 10:08:00+00:00
36838064,jinan-telecom,wuhan-telecom,46.6024,0.0,icmp,1591265400,2020-06-04 10:10:00+00:00
36838301,jinan-telecom,wuhan-telecom,50.059,0.0,icmp,1591265520,2020-06-04 10:12:00+00:00
36838518,jinan-telecom,wuhan-telecom,39.9078,0.0,icmp,1591265599,2020-06-04 10:13:19+00:00
36838735,jinan-telecom,wuhan-telecom,50.591,0.0,icmp,1591265760,2020-06-04 10:16:00+00:00
36838990,jinan-telecom,wuhan-telecom,52.1344,0.0,icmp,1591265880,2020-06-04 10:18:00+00:00
36839197,jinan-telecom,wuhan-telecom,39.6746,0.0,icmp,1591265959,2020-06-04 10:19:19+00:00
36839430,jinan-telecom,wuhan-telecom,45.7666,0.0,icmp,1591266120,2020-06-04 10:22:00+00:00
36839651,jinan-telecom,wuhan-telecom,39.8536,0.0,icmp,1591266199,2020-06-04 10:23:19+00:00
36839905,jinan-telecom,wuhan-telecom,49.4279,0.0,icmp,1591266360,2020-06-04 10:26:00+00:00
36840129,jinan-telecom,wuhan-telecom,39.8877,0.0,icmp,1591266439,2020-06-04 10:27:19+00:00
36840334,jinan-telecom,wuhan-telecom,39.652,0.0,icmp,1591266559,2020-06-04 10:29:19+00:00
36840577,jinan-telecom,wuhan-telecom,51.2549,0.0,icmp,1591266720,2020-06-04 10:32:00+00:00
36840810,jinan-telecom,wuhan-telecom,46.1698,0.0,icmp,1591266840,2020-06-04 10:34:00+00:00
36841029,jinan-telecom,wuhan-telecom,48.6268,0.0,icmp,1591266960,2020-06-04 10:36:00+00:00
36841279,jinan-telecom,wuhan-telecom,50.1138,0.0,icmp,1591267080,2020-06-04 10:38:00+00:00
36841492,jinan-telecom,wuhan-telecom,41.6323,0.0,icmp,1591267200,2020-06-04 10:40:00+00:00
36841721,jinan-telecom,wuhan-telecom,39.7371,0.0,icmp,1591267279,2020-06-04 10:41:19+00:00
36841966,jinan-telecom,wuhan-telecom,50.6281,0.0,icmp,1591267440,2020-06-04 10:44:00+00:00
36842172,jinan-telecom,wuhan-telecom,49.6408,0.0,icmp,1591267560,2020-06-04 10:46:00+00:00
36842431,jinan-telecom,wuhan-telecom,48.3557,0.0,icmp,1591267680,2020-06-04 10:48:00+00:00
36842664,jinan-telecom,wuhan-telecom,39.8371,0.0,icmp,1591267759,2020-06-04 10:49:19+00:00
36842871,jinan-telecom,wuhan-telecom,39.8723,0.0,icmp,1591267879,2020-06-04 10:51:19+00:00
36843102,jinan-telecom,wuhan-telecom,50.1274,0.0,icmp,1591268040,2020-06-04 10:54:00+00:00
36843315,jinan-telecom,wuhan-telecom,48.7407,0.0,icmp,1591268160,2020-06-04 10:56:00+00:00
36843568,jinan-telecom,wuhan-telecom,39.7477,0.0,icmp,1591268239,2020-06-04 10:57:19+00:00
36843770,jinan-telecom,wuhan-telecom,49.2955,0.0,icmp,1591268400,2020-06-04 11:00:00+00:00
36844010,jinan-telecom,wuhan-telecom,48.0181,0.0,icmp,1591268520,2020-06-04 11:02:00+00:00
36844247,jinan-telecom,wuhan-telecom,44.0676,0.0,icmp,1591268640,2020-06-04 11:04:00+00:00
36844462,jinan-telecom,wuhan-telecom,51.258,0.0,icmp,1591268760,2020-06-04 11:06:00+00:00
36844699,jinan-telecom,wuhan-telecom,48.9036,0.0,icmp,1591268880,2020-06-04 11:08:00+00:00
36844939,jinan-telecom,wuhan-telecom,39.8047,0.0,icmp,1591268959,2020-06-04 11:09:19+00:00
36845152,jinan-telecom,wuhan-telecom,49.6405,0.0,icmp,1591269120,2020-06-04 11:12:00+00:00
36845404,jinan-telecom,wuhan-telecom,50.8152,0.0,icmp,1591269240,2020-06-04 11:14:00+00:00
36845627,jinan-telecom,wuhan-telecom,40.9862,0.0,icmp,1591269360,2020-06-04 11:16:00+00:00
36845836,jinan-telecom,wuhan-telecom,39.8374,0.0,icmp,1591269439,2020-06-04 11:17:19+00:00
36846071,jinan-telecom,wuhan-telecom,39.861,0.0,icmp,1591269559,2020-06-04 11:19:19+00:00
36846297,jinan-telecom,wuhan-telecom,40.1251,0.0,icmp,1591269720,2020-06-04 11:22:00+00:00
36846547,jinan-telecom,wuhan-telecom,39.7444,0.0,icmp,1591269799,2020-06-04 11:23:19+00:00
36846764,jinan-telecom,wuhan-telecom,39.8452,0.0,icmp,1591269919,2020-06-04 11:25:19+00:00
36847013,jinan-telecom,wuhan-telecom,48.2117,0.0,icmp,1591270080,2020-06-04 11:28:00+00:00
36847224,jinan-telecom,wuhan-telecom,47.6056,0.0,icmp,1591270200,2020-06-04 11:30:00+00:00
36847455,jinan-telecom,wuhan-telecom,49.2954,0.0,icmp,1591270320,2020-06-04 11:32:00+00:00
36847667,jinan-telecom,wuhan-telecom,39.7365,0.0,icmp,1591270399,2020-06-04 11:33:19+00:00
36847921,jinan-telecom,wuhan-telecom,39.8078,0.0,icmp,1591270519,2020-06-04 11:35:19+00:00
36848132,jinan-telecom,wuhan-telecom,39.7255,0.0,icmp,1591270639,2020-06-04 11:37:19+00:00
36848372,jinan-telecom,wuhan-telecom,50.6729,0.0,icmp,1591270800,2020-06-04 11:40:00+00:00
36848622,jinan-telecom,wuhan-telecom,46.9886,0.0,icmp,1591270920,2020-06-04 11:42:00+00:00
36848840,jinan-telecom,wuhan-telecom,46.4279,0.0,icmp,1591271040,2020-06-04 11:44:00+00:00
36849054,jinan-telecom,wuhan-telecom,48.587,0.0,icmp,1591271160,2020-06-04 11:46:00+00:00
36849281,jinan-telecom,wuhan-telecom,45.4311,0.0,icmp,1591271280,2020-06-04 11:48:00+00:00
36849512,jinan-telecom,wuhan-telecom,51.8037,0.0,icmp,1591271400,2020-06-04 11:50:00+00:00
36849736,jinan-telecom,wuhan-telecom,39.7975,0.0,icmp,1591271479,2020-06-04 11:51:19+00:00
36849959,jinan-telecom,wuhan-telecom,50.4739,0.0,icmp,1591271640,2020-06-04 11:54:00+00:00
36850196,jinan-telecom,wuhan-telecom,39.9122,0.0,icmp,1591271719,2020-06-04 11:55:19+00:00
36850419,jinan-telecom,wuhan-telecom,46.7275,0.0,icmp,1591271880,2020-06-04 11:58:00+00:00
36850646,jinan-telecom,wuhan-telecom,39.7711,0.0,icmp,1591271959,2020-06-04 11:59:19+00:00
36850897,jinan-telecom,wuhan-telecom,39.7187,0.0,icmp,1591272079,2020-06-04 12:01:19+00:00
36851101,jinan-telecom,wuhan-telecom,48.0337,0.0,icmp,1591272240,2020-06-04 12:04:00+00:00
36851349,jinan-telecom,wuhan-telecom,46.3163,0.0,icmp,1591272360,2020-06-04 12:06:00+00:00
36851581,jinan-telecom,wuhan-telecom,48.7464,0.0,icmp,1591272480,2020-06-04 12:08:00+00:00
36851803,jinan-telecom,wuhan-telecom,46.6343,0.0,icmp,1591272600,2020-06-04 12:10:00+00:00
36852040,jinan-telecom,wuhan-telecom,48.9918,0.0,icmp,1591272720,2020-06-04 12:12:00+00:00
36852254,jinan-telecom,wuhan-telecom,49.9272,0.0,icmp,1591272840,2020-06-04 12:14:00+00:00
36852490,jinan-telecom,wuhan-telecom,48.2131,0.0,icmp,1591272960,2020-06-04 12:16:00+00:00
36852724,jinan-telecom,wuhan-telecom,50.0331,0.0,icmp,1591273080,2020-06-04 12:18:00+00:00
36852960,jinan-telecom,wuhan-telecom,39.6416,0.0,icmp,1591273159,2020-06-04 12:19:19+00:00
36853176,jinan-telecom,wuhan-telecom,39.8454,0.0,icmp,1591273279,2020-06-04 12:21:19+00:00
36853401,jinan-telecom,wuhan-telecom,49.6627,0.0,icmp,1591273440,2020-06-04 12:24:00+00:00
36853625,jinan-telecom,wuhan-telecom,47.7891,0.0,icmp,1591273560,2020-06-04 12:26:00+00:00
36853882,jinan-telecom,wuhan-telecom,46.1587,0.0,icmp,1591273680,2020-06-04 12:28:00+00:00
36854084,jinan-telecom,wuhan-telecom,48.9762,0.0,icmp,1591273800,2020-06-04 12:30:00+00:00
36854305,jinan-telecom,wuhan-telecom,42.1341,0.0,icmp,1591273920,2020-06-04 12:32:00+00:00
36854561,jinan-telecom,wuhan-telecom,51.3959,0.0,icmp,1591274040,2020-06-04 12:34:00+00:00
36854764,jinan-telecom,wuhan-telecom,49.4194,0.0,icmp,1591274160,2020-06-04 12:36:00+00:00
36854995,jinan-telecom,wuhan-telecom,50.6907,0.0,icmp,1591274280,2020-06-04 12:38:00+00:00
36855237,jinan-telecom,wuhan-telecom,39.6849,0.0,icmp,1591274359,2020-06-04 12:39:19+00:00
36855469,jinan-telecom,wuhan-telecom,39.6772,0.0,icmp,1591274479,2020-06-04 12:41:19+00:00
36855688,jinan-telecom,wuhan-telecom,51.3783,0.0,icmp,1591274640,2020-06-04 12:44:00+00:00
36855910,jinan-telecom,wuhan-telecom,51.2997,0.0,icmp,1591274760,2020-06-04 12:46:00+00:00
36856163,jinan-telecom,wuhan-telecom,49.1292,0.0,icmp,1591274880,2020-06-04 12:48:00+00:00
36856366,jinan-telecom,wuhan-telecom,49.4255,0.0,icmp,1591275000,2020-06-04 12:50:00+00:00
36856605,jinan-telecom,wuhan-telecom,43.1226,0.0,icmp,1591275120,2020-06-04 12:52:00+00:00
36856840,jinan-telecom,wuhan-telecom,49.6177,0.0,icmp,1591275240,2020-06-04 12:54:00+00:00
36857071,jinan-telecom,wuhan-telecom,47.8216,0.0,icmp,1591275360,2020-06-04 12:56:00+00:00
36857302,jinan-telecom,wuhan-telecom,47.1949,0.0,icmp,1591275480,2020-06-04 12:58:00+00:00
36857521,jinan-telecom,wuhan-telecom,46.7794,0.0,icmp,1591275600,2020-06-04 13:00:00+00:00
36857753,jinan-telecom,wuhan-telecom,47.6513,0.0,icmp,1591275720,2020-06-04 13:02:00+00:00
36857978,jinan-telecom,wuhan-telecom,39.7526,0.0,icmp,1591275799,2020-06-04 13:03:19+00:00
36858204,jinan-telecom,wuhan-telecom,39.6011,0.0,icmp,1591275919,2020-06-04 13:05:19+00:00
36858443,jinan-telecom,wuhan-telecom,51.5554,0.0,icmp,1591276080,2020-06-04 13:08:00+00:00
36858671,jinan-telecom,wuhan-telecom,40.0259,0.0,icmp,1591276159,2020-06-04 13:09:19+00:00
36858892,jinan-telecom,wuhan-telecom,53.9568,0.0,icmp,1591276320,2020-06-04 13:12:00+00:00
36859121,jinan-telecom,wuhan-telecom,50.4149,0.0,icmp,1591276440,2020-06-04 13:14:00+00:00
36859356,jinan-telecom,wuhan-telecom,45.6561,0.0,icmp,1591276560,2020-06-04 13:16:00+00:00
36859574,jinan-telecom,wuhan-telecom,50.9554,0.0,icmp,1591276680,2020-06-04 13:18:00+00:00
36859831,jinan-telecom,wuhan-telecom,47.3467,0.0,icmp,1591276800,2020-06-04 13:20:00+00:00
36860025,jinan-telecom,wuhan-telecom,43.0777,0.0,icmp,1591276920,2020-06-04 13:22:00+00:00
36860266,jinan-telecom,wuhan-telecom,39.698,0.0,icmp,1591276999,2020-06-04 13:23:19+00:00
36860504,jinan-telecom,wuhan-telecom,47.6991,0.0,icmp,1591277160,2020-06-04 13:26:00+00:00
36860734,jinan-telecom,wuhan-telecom,45.8559,0.0,icmp,1591277280,2020-06-04 13:28:00+00:00
36860945,jinan-telecom,wuhan-telecom,50.4372,0.0,icmp,1591277400,2020-06-04 13:30:00+00:00
36861182,jinan-telecom,wuhan-telecom,49.7106,0.0,icmp,1591277520,2020-06-04 13:32:00+00:00
36861408,jinan-telecom,wuhan-telecom,52.4306,0.0,icmp,1591277640,2020-06-04 13:34:00+00:00
36861663,jinan-telecom,wuhan-telecom,42.7624,0.0,icmp,1591277760,2020-06-04 13:36:00+00:00
36861879,jinan-telecom,wuhan-telecom,48.4813,0.0,icmp,1591277880,2020-06-04 13:38:00+00:00
36862086,jinan-telecom,wuhan-telecom,49.9933,0.0,icmp,1591278000,2020-06-04 13:40:00+00:00
36862322,jinan-telecom,wuhan-telecom,39.6907,0.0,icmp,1591278079,2020-06-04 13:41:19+00:00
36862571,jinan-telecom,wuhan-telecom,50.6814,0.0,icmp,1591278240,2020-06-04 13:44:00+00:00
36862807,jinan-telecom,wuhan-telecom,44.1152,0.0,icmp,1591278360,2020-06-04 13:46:00+00:00
36863034,jinan-telecom,wuhan-telecom,51.0391,0.0,icmp,1591278480,2020-06-04 13:48:00+00:00
36863250,jinan-telecom,wuhan-telecom,48.494,0.0,icmp,1591278600,2020-06-04 13:50:00+00:00
36863490,jinan-telecom,wuhan-telecom,49.9084,0.0,icmp,1591278720,2020-06-04 13:52:00+00:00
36863710,jinan-telecom,wuhan-telecom,39.8156,0.0,icmp,1591278799,2020-06-04 13:53:19+00:00
36863926,jinan-telecom,wuhan-telecom,47.9188,0.0,icmp,1591278960,2020-06-04 13:56:00+00:00
36864153,jinan-telecom,wuhan-telecom,54.86,0.0,icmp,1591279080,2020-06-04 13:58:00+00:00
36864393,jinan-telecom,wuhan-telecom,47.0438,0.0,icmp,1591279200,2020-06-04 14:00:00+00:00
36864629,jinan-telecom,wuhan-telecom,50.4533,0.0,icmp,1591279320,2020-06-04 14:02:00+00:00
36864884,jinan-telecom,wuhan-telecom,47.1727,0.0,icmp,1591279440,2020-06-04 14:04:00+00:00
36865071,jinan-telecom,wuhan-telecom,39.6827,0.0,icmp,1591279519,2020-06-04 14:05:19+00:00
36865304,jinan-telecom,wuhan-telecom,49.5079,0.0,icmp,1591279680,2020-06-04 14:08:00+00:00
36865547,jinan-telecom,wuhan-telecom,47.7743,0.0,icmp,1591279800,2020-06-04 14:10:00+00:00
36865780,jinan-telecom,wuhan-telecom,44.4389,0.0,icmp,1591279920,2020-06-04 14:12:00+00:00
36866000,jinan-telecom,wuhan-telecom,40.3446,0.0,icmp,1591280040,2020-06-04 14:14:00+00:00
36866226,jinan-telecom,wuhan-telecom,39.7963,0.0,icmp,1591280119,2020-06-04 14:15:19+00:00
36866461,jinan-telecom,wuhan-telecom,39.8028,0.0,icmp,1591280239,2020-06-04 14:17:19+00:00
36866673,jinan-telecom,wuhan-telecom,49.6625,0.0,icmp,1591280400,2020-06-04 14:20:00+00:00
36866911,jinan-telecom,wuhan-telecom,51.3728,0.0,icmp,1591280520,2020-06-04 14:22:00+00:00
36867136,jinan-telecom,wuhan-telecom,39.7848,0.0,icmp,1591280599,2020-06-04 14:23:19+00:00
36867359,jinan-telecom,wuhan-telecom,41.77,0.0,icmp,1591280760,2020-06-04 14:26:00+00:00
36867609,jinan-telecom,wuhan-telecom,46.5816,0.0,icmp,1591280880,2020-06-04 14:28:00+00:00
36867823,jinan-telecom,wuhan-telecom,51.3138,0.0,icmp,1591281000,2020-06-04 14:30:00+00:00
36868049,jinan-telecom,wuhan-telecom,47.7342,0.0,icmp,1591281120,2020-06-04 14:32:00+00:00
36868292,jinan-telecom,wuhan-telecom,48.8504,0.0,icmp,1591281240,2020-06-04 14:34:00+00:00
36868505,jinan-telecom,wuhan-telecom,47.8189,0.0,icmp,1591281360,2020-06-04 14:36:00+00:00
36868742,jinan-telecom,wuhan-telecom,40.0428,0.0,icmp,1591281439,2020-06-04 14:37:19+00:00
36868985,jinan-telecom,wuhan-telecom,39.956,0.0,icmp,1591281559,2020-06-04 14:39:19+00:00
36869198,jinan-telecom,wuhan-telecom,47.2175,0.0,icmp,1591281720,2020-06-04 14:42:00+00:00
36869436,jinan-telecom,wuhan-telecom,51.1891,0.0,icmp,1591281840,2020-06-04 14:44:00+00:00
36869655,jinan-telecom,wuhan-telecom,45.6821,0.0,icmp,1591281960,2020-06-04 14:46:00+00:00
36869897,jinan-telecom,wuhan-telecom,51.6858,0.0,icmp,1591282080,2020-06-04 14:48:00+00:00
36870121,jinan-telecom,wuhan-telecom,47.8139,0.0,icmp,1591282200,2020-06-04 14:50:00+00:00
36870358,jinan-telecom,wuhan-telecom,41.278,0.0,icmp,1591282320,2020-06-04 14:52:00+00:00
36870560,jinan-telecom,wuhan-telecom,47.8302,0.0,icmp,1591282440,2020-06-04 14:54:00+00:00
36870794,jinan-telecom,wuhan-telecom,48.7359,0.0,icmp,1591282560,2020-06-04 14:56:00+00:00
36871026,jinan-telecom,wuhan-telecom,39.6749,0.0,icmp,1591282639,2020-06-04 14:57:19+00:00
36871268,jinan-telecom,wuhan-telecom,41.4948,0.0,icmp,1591282800,2020-06-04 15:00:00+00:00
36871483,jinan-telecom,wuhan-telecom,49.6043,0.0,icmp,1591282920,2020-06-04 15:02:00+00:00
36871710,jinan-telecom,wuhan-telecom,45.8988,0.0,icmp,1591283040,2020-06-04 15:04:00+00:00
36871948,jinan-telecom,wuhan-telecom,40.3353,0.0,icmp,1591283160,2020-06-04 15:06:00+00:00
36872164,jinan-telecom,wuhan-telecom,49.5995,0.0,icmp,1591283280,2020-06-04 15:08:00+00:00
36872400,jinan-telecom,wuhan-telecom,51.8969,0.0,icmp,1591283400,2020-06-04 15:10:00+00:00
36872630,jinan-telecom,wuhan-telecom,39.7977,0.0,icmp,1591283479,2020-06-04 15:11:19+00:00
36872885,jinan-telecom,wuhan-telecom,48.7003,0.0,icmp,1591283640,2020-06-04 15:14:00+00:00
36873107,jinan-telecom,wuhan-telecom,46.9616,0.0,icmp,1591283760,2020-06-04 15:16:00+00:00
36873331,jinan-telecom,wuhan-telecom,49.6756,0.0,icmp,1591283880,2020-06-04 15:18:00+00:00
36873544,jinan-telecom,wuhan-telecom,39.7444,0.0,icmp,1591283959,2020-06-04 15:19:19+00:00
36873785,jinan-telecom,wuhan-telecom,48.3131,0.0,icmp,1591284120,2020-06-04 15:22:00+00:00
36874006,jinan-telecom,wuhan-telecom,49.3661,0.0,icmp,1591284240,2020-06-04 15:24:00+00:00
36874225,jinan-telecom,wuhan-telecom,50.8155,0.0,icmp,1591284360,2020-06-04 15:26:00+00:00
36874483,jinan-telecom,wuhan-telecom,39.636,0.0,icmp,1591284439,2020-06-04 15:27:19+00:00
36874685,jinan-telecom,wuhan-telecom,39.6532,0.0,icmp,1591284559,2020-06-04 15:29:19+00:00
36874914,jinan-telecom,wuhan-telecom,39.7098,0.0,icmp,1591284679,2020-06-04 15:31:19+00:00
36875155,jinan-telecom,wuhan-telecom,49.4298,0.0,icmp,1591284840,2020-06-04 15:34:00+00:00
36875384,jinan-telecom,wuhan-telecom,39.7196,0.0,icmp,1591284919,2020-06-04 15:35:19+00:00
36875633,jinan-telecom,wuhan-telecom,50.2515,0.0,icmp,1591285080,2020-06-04 15:38:00+00:00
36875834,jinan-telecom,wuhan-telecom,39.67,0.0,icmp,1591285159,2020-06-04 15:39:19+00:00
36876060,jinan-telecom,wuhan-telecom,47.8449,0.0,icmp,1591285320,2020-06-04 15:42:00+00:00
36876310,jinan-telecom,wuhan-telecom,47.0451,0.0,icmp,1591285440,2020-06-04 15:44:00+00:00
36876553,jinan-telecom,wuhan-telecom,48.0322,0.0,icmp,1591285560,2020-06-04 15:46:00+00:00
36876750,jinan-telecom,wuhan-telecom,39.7,0.0,icmp,1591285639,2020-06-04 15:47:19+00:00
36876970,jinan-telecom,wuhan-telecom,46.1951,0.0,icmp,1591285800,2020-06-04 15:50:00+00:00
36877232,jinan-telecom,wuhan-telecom,50.05,0.0,icmp,1591285920,2020-06-04 15:52:00+00:00
36877460,jinan-telecom,wuhan-telecom,39.7109,0.0,icmp,1591285999,2020-06-04 15:53:19+00:00
36877680,jinan-telecom,wuhan-telecom,41.5508,0.0,icmp,1591286160,2020-06-04 15:56:00+00:00
36877918,jinan-telecom,wuhan-telecom,51.5542,0.0,icmp,1591286280,2020-06-04 15:58:00+00:00
36878160,jinan-telecom,wuhan-telecom,43.5213,0.0,icmp,1591286400,2020-06-04 16:00:00+00:00
36878376,jinan-telecom,wuhan-telecom,39.744,0.0,icmp,1591286479,2020-06-04 16:01:19+00:00
36878583,jinan-telecom,wuhan-telecom,37.7479,0.0,icmp,1591286640,2020-06-04 16:04:00+00:00
36878823,jinan-telecom,wuhan-telecom,33.5725,0.0,icmp,1591286760,2020-06-04 16:06:00+00:00
36879039,jinan-telecom,wuhan-telecom,39.666,0.0,icmp,1591286839,2020-06-04 16:07:19+00:00
36879291,jinan-telecom,wuhan-telecom,39.7473,0.0,icmp,1591286959,2020-06-04 16:09:19+00:00
36879514,jinan-telecom,wuhan-telecom,53.0736,0.0,icmp,1591287120,2020-06-04 16:12:00+00:00
36879728,jinan-telecom,wuhan-telecom,45.4664,0.0,icmp,1591287240,2020-06-04 16:14:00+00:00
36879959,jinan-telecom,wuhan-telecom,41.6919,0.0,icmp,1591287360,2020-06-04 16:16:00+00:00
36880188,jinan-telecom,wuhan-telecom,53.4707,0.0,icmp,1591287480,2020-06-04 16:18:00+00:00
36880413,jinan-telecom,wuhan-telecom,37.4266,0.0,icmp,1591287600,2020-06-04 16:20:00+00:00
36880653,jinan-telecom,wuhan-telecom,46.1522,0.0,icmp,1591287720,2020-06-04 16:22:00+00:00
36880870,jinan-telecom,wuhan-telecom,43.6596,0.0,icmp,1591287840,2020-06-04 16:24:00+00:00
36881110,jinan-telecom,wuhan-telecom,45.1798,0.0,icmp,1591287960,2020-06-04 16:26:00+00:00
36881327,jinan-telecom,wuhan-telecom,43.0783,0.0,icmp,1591288080,2020-06-04 16:28:00+00:00
36881560,jinan-telecom,wuhan-telecom,40.0648,0.0,icmp,1591288200,2020-06-04 16:30:00+00:00
36881827,jinan-telecom,wuhan-telecom,39.4374,0.0,icmp,1591288320,2020-06-04 16:32:00+00:00
36882033,jinan-telecom,wuhan-telecom,33.4944,0.0,icmp,1591288399,2020-06-04 16:33:19+00:00
36882242,jinan-telecom,wuhan-telecom,41.1955,0.0,icmp,1591288560,2020-06-04 16:36:00+00:00
36882474,jinan-telecom,wuhan-telecom,39.7069,0.0,icmp,1591288680,2020-06-04 16:38:00+00:00
36882727,jinan-telecom,wuhan-telecom,33.66,0.0,icmp,1591288759,2020-06-04 16:39:19+00:00
36882944,jinan-telecom,wuhan-telecom,45.9604,0.0,icmp,1591288920,2020-06-04 16:42:00+00:00
36883174,jinan-telecom,wuhan-telecom,44.6908,0.0,icmp,1591289040,2020-06-04 16:44:00+00:00
36883399,jinan-telecom,wuhan-telecom,45.9162,0.0,icmp,1591289160,2020-06-04 16:46:00+00:00
36883636,jinan-telecom,wuhan-telecom,45.1153,0.0,icmp,1591289280,2020-06-04 16:48:00+00:00
36883882,jinan-telecom,wuhan-telecom,40.1794,0.0,icmp,1591289400,2020-06-04 16:50:00+00:00
36884078,jinan-telecom,wuhan-telecom,42.5054,0.0,icmp,1591289520,2020-06-04 16:52:00+00:00
36884304,jinan-telecom,wuhan-telecom,43.2529,0.0,icmp,1591289640,2020-06-04 16:54:00+00:00
36884547,jinan-telecom,wuhan-telecom,39.4171,0.0,icmp,1591289760,2020-06-04 16:56:00+00:00
36884769,jinan-telecom,wuhan-telecom,33.4577,0.0,icmp,1591289839,2020-06-04 16:57:19+00:00
36885004,jinan-telecom,wuhan-telecom,43.3373,0.0,icmp,1591290000,2020-06-04 17:00:00+00:00
36885231,jinan-telecom,wuhan-telecom,48.8277,0.0,icmp,1591290120,2020-06-04 17:02:00+00:00
36885460,jinan-telecom,wuhan-telecom,50.6763,0.0,icmp,1591290240,2020-06-04 17:04:00+00:00
36885665,jinan-telecom,wuhan-telecom,46.7095,0.0,icmp,1591290360,2020-06-04 17:06:00+00:00
36885905,jinan-telecom,wuhan-telecom,39.7532,0.0,icmp,1591290439,2020-06-04 17:07:19+00:00
36886156,jinan-telecom,wuhan-telecom,49.8848,0.0,icmp,1591290600,2020-06-04 17:10:00+00:00
36886373,jinan-telecom,wuhan-telecom,50.6748,0.0,icmp,1591290720,2020-06-04 17:12:00+00:00
36886595,jinan-telecom,wuhan-telecom,47.2421,0.0,icmp,1591290840,2020-06-04 17:14:00+00:00
36886830,jinan-telecom,wuhan-telecom,51.9265,0.0,icmp,1591290960,2020-06-04 17:16:00+00:00
36887074,jinan-telecom,wuhan-telecom,48.5935,0.0,icmp,1591291080,2020-06-04 17:18:00+00:00
36887301,jinan-telecom,wuhan-telecom,43.467,0.0,icmp,1591291200,2020-06-04 17:20:00+00:00
36887514,jinan-telecom,wuhan-telecom,39.6831,0.0,icmp,1591291279,2020-06-04 17:21:19+00:00
36887763,jinan-telecom,wuhan-telecom,47.4323,0.0,icmp,1591291440,2020-06-04 17:24:00+00:00
36887979,jinan-telecom,wuhan-telecom,40.0768,0.0,icmp,1591291519,2020-06-04 17:25:19+00:00
36888220,jinan-telecom,wuhan-telecom,39.6855,0.0,icmp,1591291639,2020-06-04 17:27:19+00:00
36888431,jinan-telecom,wuhan-telecom,43.9993,0.0,icmp,1591291800,2020-06-04 17:30:00+00:00
36888667,jinan-telecom,wuhan-telecom,53.921,0.0,icmp,1591291920,2020-06-04 17:32:00+00:00
36888902,jinan-telecom,wuhan-telecom,49.7331,0.0,icmp,1591292040,2020-06-04 17:34:00+00:00
36889146,jinan-telecom,wuhan-telecom,48.0556,0.0,icmp,1591292160,2020-06-04 17:36:00+00:00
36889359,jinan-telecom,wuhan-telecom,50.1173,0.0,icmp,1591292280,2020-06-04 17:38:00+00:00
36889574,jinan-telecom,wuhan-telecom,40.1518,0.0,icmp,1591292359,2020-06-04 17:39:19+00:00
36889819,jinan-telecom,wuhan-telecom,52.5467,0.0,icmp,1591292520,2020-06-04 17:42:00+00:00
36890025,jinan-telecom,wuhan-telecom,46.0816,0.0,icmp,1591292640,2020-06-04 17:44:00+00:00
36890279,jinan-telecom,wuhan-telecom,48.4195,0.0,icmp,1591292760,2020-06-04 17:46:00+00:00
36890507,jinan-telecom,wuhan-telecom,49.6073,0.0,icmp,1591292880,2020-06-04 17:48:00+00:00
36890738,jinan-telecom,wuhan-telecom,39.7666,0.0,icmp,1591292959,2020-06-04 17:49:19+00:00
36890947,jinan-telecom,wuhan-telecom,39.9556,0.0,icmp,1591293079,2020-06-04 17:51:19+00:00
36891189,jinan-telecom,wuhan-telecom,39.8456,0.0,icmp,1591293199,2020-06-04 17:53:19+00:00
36891432,jinan-telecom,wuhan-telecom,40.1062,0.0,icmp,1591293319,2020-06-04 17:55:19+00:00
36891650,jinan-telecom,wuhan-telecom,47.351,0.0,icmp,1591293480,2020-06-04 17:58:00+00:00
36891861,jinan-telecom,wuhan-telecom,46.4543,0.0,icmp,1591293600,2020-06-04 18:00:00+00:00
36892091,jinan-telecom,wuhan-telecom,51.3377,0.0,icmp,1591293720,2020-06-04 18:02:00+00:00
36892333,jinan-telecom,wuhan-telecom,39.7208,0.0,icmp,1591293799,2020-06-04 18:03:19+00:00
36892574,jinan-telecom,wuhan-telecom,47.4871,0.0,icmp,1591293960,2020-06-04 18:06:00+00:00
36892802,jinan-telecom,wuhan-telecom,49.4158,0.0,icmp,1591294080,2020-06-04 18:08:00+00:00
36893021,jinan-telecom,wuhan-telecom,43.9259,0.0,icmp,1591294200,2020-06-04 18:10:00+00:00
36893241,jinan-telecom,wuhan-telecom,50.4488,0.0,icmp,1591294320,2020-06-04 18:12:00+00:00
36893472,jinan-telecom,wuhan-telecom,40.0465,0.0,icmp,1591294440,2020-06-04 18:14:00+00:00
36893709,jinan-telecom,wuhan-telecom,40.112,0.0,icmp,1591294519,2020-06-04 18:15:19+00:00
36893941,jinan-telecom,wuhan-telecom,49.7489,0.0,icmp,1591294680,2020-06-04 18:18:00+00:00
36894162,jinan-telecom,wuhan-telecom,51.638,0.0,icmp,1591294800,2020-06-04 18:20:00+00:00
36894390,jinan-telecom,wuhan-telecom,48.1218,0.0,icmp,1591294920,2020-06-04 18:22:00+00:00
36894640,jinan-telecom,wuhan-telecom,51.431,0.0,icmp,1591295040,2020-06-04 18:24:00+00:00
36894870,jinan-telecom,wuhan-telecom,49.9417,0.0,icmp,1591295160,2020-06-04 18:26:00+00:00
36895077,jinan-telecom,wuhan-telecom,48.1094,0.0,icmp,1591295280,2020-06-04 18:28:00+00:00
36895296,jinan-telecom,wuhan-telecom,39.7968,0.0,icmp,1591295359,2020-06-04 18:29:19+00:00
36895561,jinan-telecom,wuhan-telecom,47.4251,0.0,icmp,1591295520,2020-06-04 18:32:00+00:00
36895779,jinan-telecom,wuhan-telecom,47.124,0.0,icmp,1591295640,2020-06-04 18:34:00+00:00
36895983,jinan-telecom,wuhan-telecom,51.5611,0.0,icmp,1591295760,2020-06-04 18:36:00+00:00
36896226,jinan-telecom,wuhan-telecom,47.1311,0.0,icmp,1591295880,2020-06-04 18:38:00+00:00
36896461,jinan-telecom,wuhan-telecom,47.6314,0.0,icmp,1591296000,2020-06-04 18:40:00+00:00
36896661,jinan-telecom,wuhan-telecom,39.8141,0.0,icmp,1591296079,2020-06-04 18:41:19+00:00
36896920,jinan-telecom,wuhan-telecom,42.2429,0.0,icmp,1591296240,2020-06-04 18:44:00+00:00
36897148,jinan-telecom,wuhan-telecom,48.2087,0.0,icmp,1591296360,2020-06-04 18:46:00+00:00
36897369,jinan-telecom,wuhan-telecom,46.4778,0.0,icmp,1591296480,2020-06-04 18:48:00+00:00
36897595,jinan-telecom,wuhan-telecom,51.03,0.0,icmp,1591296600,2020-06-04 18:50:00+00:00
36897842,jinan-telecom,wuhan-telecom,49.7259,0.0,icmp,1591296720,2020-06-04 18:52:00+00:00
36898047,jinan-telecom,wuhan-telecom,50.237,0.0,icmp,1591296840,2020-06-04 18:54:00+00:00
36898277,jinan-telecom,wuhan-telecom,47.7627,0.0,icmp,1591296960,2020-06-04 18:56:00+00:00
36898547,jinan-telecom,wuhan-telecom,53.1732,0.0,icmp,1591297080,2020-06-04 18:58:00+00:00
36898737,jinan-telecom,wuhan-telecom,49.2523,0.0,icmp,1591297200,2020-06-04 19:00:00+00:00
36898968,jinan-telecom,wuhan-telecom,49.3383,0.0,icmp,1591297320,2020-06-04 19:02:00+00:00
36899206,jinan-telecom,wuhan-telecom,40.3089,0.0,icmp,1591297399,2020-06-04 19:03:19+00:00
36899441,jinan-telecom,wuhan-telecom,39.9389,0.0,icmp,1591297519,2020-06-04 19:05:19+00:00
36899651,jinan-telecom,wuhan-telecom,46.5623,0.0,icmp,1591297680,2020-06-04 19:08:00+00:00
36899891,jinan-telecom,wuhan-telecom,50.7541,0.0,icmp,1591297800,2020-06-04 19:10:00+00:00
36900129,jinan-telecom,wuhan-telecom,39.9857,0.0,icmp,1591297879,2020-06-04 19:11:19+00:00
36900346,jinan-telecom,wuhan-telecom,39.9143,0.0,icmp,1591297999,2020-06-04 19:13:19+00:00
36900571,jinan-telecom,wuhan-telecom,49.9252,0.0,icmp,1591298160,2020-06-04 19:16:00+00:00
36900802,jinan-telecom,wuhan-telecom,49.5111,0.0,icmp,1591298280,2020-06-04 19:18:00+00:00
36901048,jinan-telecom,wuhan-telecom,39.7954,0.0,icmp,1591298359,2020-06-04 19:19:19+00:00
36901264,jinan-telecom,wuhan-telecom,51.8219,0.0,icmp,1591298520,2020-06-04 19:22:00+00:00
36901477,jinan-telecom,wuhan-telecom,50.5062,0.0,icmp,1591298640,2020-06-04 19:24:00+00:00
36901694,jinan-telecom,wuhan-telecom,39.9053,0.0,icmp,1591298719,2020-06-04 19:25:19+00:00
36901957,jinan-telecom,wuhan-telecom,39.6535,0.0,icmp,1591298839,2020-06-04 19:27:19+00:00
36902169,jinan-telecom,wuhan-telecom,42.3559,0.0,icmp,1591299000,2020-06-04 19:30:00+00:00
36902396,jinan-telecom,wuhan-telecom,48.3551,0.0,icmp,1591299120,2020-06-04 19:32:00+00:00
36902624,jinan-telecom,wuhan-telecom,49.5589,0.0,icmp,1591299240,2020-06-04 19:34:00+00:00
36902874,jinan-telecom,wuhan-telecom,39.6773,0.0,icmp,1591299319,2020-06-04 19:35:19+00:00
36903093,jinan-telecom,wuhan-telecom,39.7121,0.0,icmp,1591299439,2020-06-04 19:37:19+00:00
36903330,jinan-telecom,wuhan-telecom,48.8628,0.0,icmp,1591299600,2020-06-04 19:40:00+00:00
36903533,jinan-telecom,wuhan-telecom,52.7089,0.0,icmp,1591299720,2020-06-04 19:42:00+00:00
36903783,jinan-telecom,wuhan-telecom,48.582,0.0,icmp,1591299840,2020-06-04 19:44:00+00:00
36904007,jinan-telecom,wuhan-telecom,41.1076,0.0,icmp,1591299960,2020-06-04 19:46:00+00:00
36904222,jinan-telecom,wuhan-telecom,46.6046,0.0,icmp,1591300080,2020-06-04 19:48:00+00:00
36904471,jinan-telecom,wuhan-telecom,46.3585,0.0,icmp,1591300200,2020-06-04 19:50:00+00:00
36904683,jinan-telecom,wuhan-telecom,40.5668,0.0,icmp,1591300320,2020-06-04 19:52:00+00:00
36904928,jinan-telecom,wuhan-telecom,45.4643,0.0,icmp,1591300440,2020-06-04 19:54:00+00:00
36905161,jinan-telecom,wuhan-telecom,49.3308,0.0,icmp,1591300560,2020-06-04 19:56:00+00:00
36905381,jinan-telecom,wuhan-telecom,48.9698,0.0,icmp,1591300680,2020-06-04 19:58:00+00:00
36905589,jinan-telecom,wuhan-telecom,52.3651,1.0,icmp,1591300800,2020-06-04 20:00:00+00:00
36905843,jinan-telecom,wuhan-telecom,42.0359,0.0,icmp,1591300920,2020-06-04 20:02:00+00:00
36906070,jinan-telecom,wuhan-telecom,49.1318,0.0,icmp,1591301040,2020-06-04 20:04:00+00:00
36906299,jinan-telecom,wuhan-telecom,46.4278,0.0,icmp,1591301160,2020-06-04 20:06:00+00:00
36906550,jinan-telecom,wuhan-telecom,45.2492,0.0,icmp,1591301280,2020-06-04 20:08:00+00:00
36906760,jinan-telecom,wuhan-telecom,49.7413,0.0,icmp,1591301400,2020-06-04 20:10:00+00:00
36906981,jinan-telecom,wuhan-telecom,40.6641,0.0,icmp,1591301520,2020-06-04 20:12:00+00:00
36907210,jinan-telecom,wuhan-telecom,42.7015,0.0,icmp,1591301640,2020-06-04 20:14:00+00:00
36907446,jinan-telecom,wuhan-telecom,46.7966,0.0,icmp,1591301760,2020-06-04 20:16:00+00:00
36907671,jinan-telecom,wuhan-telecom,48.2031,0.0,icmp,1591301880,2020-06-04 20:18:00+00:00
36907888,jinan-telecom,wuhan-telecom,39.6455,0.0,icmp,1591301959,2020-06-04 20:19:19+00:00
36908132,jinan-telecom,wuhan-telecom,41.8232,0.0,icmp,1591302120,2020-06-04 20:22:00+00:00
36908368,jinan-telecom,wuhan-telecom,43.9638,0.0,icmp,1591302240,2020-06-04 20:24:00+00:00
36908583,jinan-telecom,wuhan-telecom,44.8677,0.0,icmp,1591302360,2020-06-04 20:26:00+00:00
36908824,jinan-telecom,wuhan-telecom,45.6368,0.0,icmp,1591302480,2020-06-04 20:28:00+00:00
36909051,jinan-telecom,wuhan-telecom,48.4165,0.0,icmp,1591302600,2020-06-04 20:30:00+00:00
36909273,jinan-telecom,wuhan-telecom,46.1129,0.0,icmp,1591302720,2020-06-04 20:32:00+00:00
36909535,jinan-telecom,wuhan-telecom,47.3271,0.0,icmp,1591302840,2020-06-04 20:34:00+00:00
36909726,jinan-telecom,wuhan-telecom,48.839,0.0,icmp,1591302960,2020-06-04 20:36:00+00:00
36909964,jinan-telecom,wuhan-telecom,39.9816,0.0,icmp,1591303039,2020-06-04 20:37:19+00:00
36910186,jinan-telecom,wuhan-telecom,39.6497,0.0,icmp,1591303159,2020-06-04 20:39:19+00:00
36910404,jinan-telecom,wuhan-telecom,39.8978,0.0,icmp,1591303279,2020-06-04 20:41:19+00:00
36910641,jinan-telecom,wuhan-telecom,51.5563,0.0,icmp,1591303440,2020-06-04 20:44:00+00:00
36910862,jinan-telecom,wuhan-telecom,50.4164,0.0,icmp,1591303560,2020-06-04 20:46:00+00:00
36911116,jinan-telecom,wuhan-telecom,39.7081,0.0,icmp,1591303639,2020-06-04 20:47:19+00:00
36911327,jinan-telecom,wuhan-telecom,45.4133,0.0,icmp,1591303800,2020-06-04 20:50:00+00:00
36911552,jinan-telecom,wuhan-telecom,43.1134,0.0,icmp,1591303920,2020-06-04 20:52:00+00:00
36911792,jinan-telecom,wuhan-telecom,51.1978,0.0,icmp,1591304040,2020-06-04 20:54:00+00:00
36912026,jinan-telecom,wuhan-telecom,41.6644,0.0,icmp,1591304160,2020-06-04 20:56:00+00:00
36912246,jinan-telecom,wuhan-telecom,39.6057,0.0,icmp,1591304239,2020-06-04 20:57:19+00:00
36912480,jinan-telecom,wuhan-telecom,49.2664,0.0,icmp,1591304400,2020-06-04 21:00:00+00:00
36912707,jinan-telecom,wuhan-telecom,47.7895,0.0,icmp,1591304520,2020-06-04 21:02:00+00:00
36912936,jinan-telecom,wuhan-telecom,48.526,0.0,icmp,1591304640,2020-06-04 21:04:00+00:00
36913164,jinan-telecom,wuhan-telecom,47.5424,0.0,icmp,1591304760,2020-06-04 21:06:00+00:00
36913393,jinan-telecom,wuhan-telecom,50.6365,0.0,icmp,1591304880,2020-06-04 21:08:00+00:00
36913612,jinan-telecom,wuhan-telecom,47.631,0.0,icmp,1591305000,2020-06-04 21:10:00+00:00
36913860,jinan-telecom,wuhan-telecom,51.8441,0.0,icmp,1591305120,2020-06-04 21:12:00+00:00
36914095,jinan-telecom,wuhan-telecom,42.3303,0.0,icmp,1591305240,2020-06-04 21:14:00+00:00
36914301,jinan-telecom,wuhan-telecom,47.3419,0.0,icmp,1591305360,2020-06-04 21:16:00+00:00
36914531,jinan-telecom,wuhan-telecom,49.89,0.0,icmp,1591305480,2020-06-04 21:18:00+00:00
36914783,jinan-telecom,wuhan-telecom,51.9792,0.0,icmp,1591305600,2020-06-04 21:20:00+00:00
36914981,jinan-telecom,wuhan-telecom,50.7977,0.0,icmp,1591305720,2020-06-04 21:22:00+00:00
36915239,jinan-telecom,wuhan-telecom,40.3011,0.0,icmp,1591305799,2020-06-04 21:23:19+00:00
36915466,jinan-telecom,wuhan-telecom,43.2668,0.0,icmp,1591305960,2020-06-04 21:26:00+00:00
36915685,jinan-telecom,wuhan-telecom,44.5265,0.0,icmp,1591306080,2020-06-04 21:28:00+00:00
36915913,jinan-telecom,wuhan-telecom,46.9534,0.0,icmp,1591306200,2020-06-04 21:30:00+00:00
36916156,jinan-telecom,wuhan-telecom,45.5829,0.0,icmp,1591306320,2020-06-04 21:32:00+00:00
36916384,jinan-telecom,wuhan-telecom,47.1236,0.0,icmp,1591306440,2020-06-04 21:34:00+00:00
36916610,jinan-telecom,wuhan-telecom,46.1302,0.0,icmp,1591306560,2020-06-04 21:36:00+00:00
36916819,jinan-telecom,wuhan-telecom,48.0936,0.0,icmp,1591306680,2020-06-04 21:38:00+00:00
36917055,jinan-telecom,wuhan-telecom,40.3284,0.0,icmp,1591306759,2020-06-04 21:39:19+00:00
36917289,jinan-telecom,wuhan-telecom,39.6852,0.0,icmp,1591306879,2020-06-04 21:41:19+00:00
36917506,jinan-telecom,wuhan-telecom,48.2156,0.0,icmp,1591307040,2020-06-04 21:44:00+00:00
36917751,jinan-telecom,wuhan-telecom,49.0096,0.0,icmp,1591307160,2020-06-04 21:46:00+00:00
36917972,jinan-telecom,wuhan-telecom,50.5876,0.0,icmp,1591307280,2020-06-04 21:48:00+00:00
36918210,jinan-telecom,wuhan-telecom,39.6509,0.0,icmp,1591307359,2020-06-04 21:49:19+00:00
36918431,jinan-telecom,wuhan-telecom,45.8683,0.0,icmp,1591307520,2020-06-04 21:52:00+00:00
36918667,jinan-telecom,wuhan-telecom,46.5595,0.0,icmp,1591307640,2020-06-04 21:54:00+00:00
36918894,jinan-telecom,wuhan-telecom,46.143,0.0,icmp,1591307760,2020-06-04 21:56:00+00:00
36919112,jinan-telecom,wuhan-telecom,47.4007,0.0,icmp,1591307880,2020-06-04 21:58:00+00:00
36919348,jinan-telecom,wuhan-telecom,41.3559,0.0,icmp,1591308000,2020-06-04 22:00:00+00:00
36919567,jinan-telecom,wuhan-telecom,40.468,0.0,icmp,1591308079,2020-06-04 22:01:19+00:00
36919792,jinan-telecom,wuhan-telecom,40.0007,0.0,icmp,1591308199,2020-06-04 22:03:19+00:00
36920016,jinan-telecom,wuhan-telecom,47.9257,0.0,icmp,1591308360,2020-06-04 22:06:00+00:00
36920259,jinan-telecom,wuhan-telecom,51.0306,0.0,icmp,1591308480,2020-06-04 22:08:00+00:00
36920481,jinan-telecom,wuhan-telecom,44.7939,0.0,icmp,1591308600,2020-06-04 22:10:00+00:00
36920718,jinan-telecom,wuhan-telecom,39.7682,0.0,icmp,1591308679,2020-06-04 22:11:19+00:00
36920955,jinan-telecom,wuhan-telecom,47.1434,0.0,icmp,1591308840,2020-06-04 22:14:00+00:00
36921206,jinan-telecom,wuhan-telecom,41.6612,0.0,icmp,1591308960,2020-06-04 22:16:00+00:00
36921416,jinan-telecom,wuhan-telecom,48.4107,0.0,icmp,1591309080,2020-06-04 22:18:00+00:00
36921662,jinan-telecom,wuhan-telecom,39.6309,0.0,icmp,1591309159,2020-06-04 22:19:19+00:00
36921877,jinan-telecom,wuhan-telecom,49.1946,0.0,icmp,1591309320,2020-06-04 22:22:00+00:00
36922098,jinan-telecom,wuhan-telecom,49.9325,0.0,icmp,1591309440,2020-06-04 22:24:00+00:00
36922306,jinan-telecom,wuhan-telecom,48.6677,0.0,icmp,1591309560,2020-06-04 22:26:00+00:00
36922544,jinan-telecom,wuhan-telecom,52.2346,0.0,icmp,1591309680,2020-06-04 22:28:00+00:00
36922782,jinan-telecom,wuhan-telecom,48.5471,0.0,icmp,1591309800,2020-06-04 22:30:00+00:00
36923017,jinan-telecom,wuhan-telecom,47.7561,0.0,icmp,1591309920,2020-06-04 22:32:00+00:00
36923240,jinan-telecom,wuhan-telecom,39.9738,0.0,icmp,1591309999,2020-06-04 22:33:19+00:00
36923461,jinan-telecom,wuhan-telecom,48.7357,0.0,icmp,1591310160,2020-06-04 22:36:00+00:00
36923718,jinan-telecom,wuhan-telecom,50.7757,0.0,icmp,1591310280,2020-06-04 22:38:00+00:00
36923921,jinan-telecom,wuhan-telecom,47.7176,0.0,icmp,1591310400,2020-06-04 22:40:00+00:00
36924142,jinan-telecom,wuhan-telecom,49.5836,0.0,icmp,1591310520,2020-06-04 22:42:00+00:00
36924374,jinan-telecom,wuhan-telecom,48.2086,0.0,icmp,1591310640,2020-06-04 22:44:00+00:00
36924602,jinan-telecom,wuhan-telecom,53.7782,0.0,icmp,1591310760,2020-06-04 22:46:00+00:00
36924869,jinan-telecom,wuhan-telecom,39.6382,0.0,icmp,1591310839,2020-06-04 22:47:19+00:00
36925074,jinan-telecom,wuhan-telecom,50.2973,0.0,icmp,1591311000,2020-06-04 22:50:00+00:00
36925297,jinan-telecom,wuhan-telecom,49.9166,0.0,icmp,1591311120,2020-06-04 22:52:00+00:00
36925521,jinan-telecom,wuhan-telecom,46.752,0.0,icmp,1591311240,2020-06-04 22:54:00+00:00
36925759,jinan-telecom,wuhan-telecom,49.8155,0.0,icmp,1591311360,2020-06-04 22:56:00+00:00
36925976,jinan-telecom,wuhan-telecom,46.5654,0.0,icmp,1591311480,2020-06-04 22:58:00+00:00
36926216,jinan-telecom,wuhan-telecom,51.7807,0.0,icmp,1591311600,2020-06-04 23:00:00+00:00
36926441,jinan-telecom,wuhan-telecom,50.5779,0.0,icmp,1591311720,2020-06-04 23:02:00+00:00
43743576,jinan-telecom,wuhan-telecom,42.1145,0.0,icmp,1591311780,2020-06-04 23:03:00+00:00
43743812,jinan-telecom,wuhan-telecom,47.1946,0.0,icmp,1591311900,2020-06-04 23:05:00+00:00
43744017,jinan-telecom,wuhan-telecom,45.1369,0.0,icmp,1591312020,2020-06-04 23:07:00+00:00
43744255,jinan-telecom,wuhan-telecom,48.1899,0.0,icmp,1591312140,2020-06-04 23:09:00+00:00
43744477,jinan-telecom,wuhan-telecom,50.0895,0.0,icmp,1591312260,2020-06-04 23:11:00+00:00
43744719,jinan-telecom,wuhan-telecom,39.7171,0.0,icmp,1591312399,2020-06-04 23:13:19+00:00
43744954,jinan-telecom,wuhan-telecom,39.7035,0.0,icmp,1591312519,2020-06-04 23:15:19+00:00
43745186,jinan-telecom,wuhan-telecom,42.9285,0.0,icmp,1591312620,2020-06-04 23:17:00+00:00
43745413,jinan-telecom,wuhan-telecom,39.6381,0.0,icmp,1591312759,2020-06-04 23:19:19+00:00
43745644,jinan-telecom,wuhan-telecom,49.5905,0.0,icmp,1591312860,2020-06-04 23:21:00+00:00
43745868,jinan-telecom,wuhan-telecom,39.6169,0.0,icmp,1591312999,2020-06-04 23:23:19+00:00
43746101,jinan-telecom,wuhan-telecom,39.7938,0.0,icmp,1591313119,2020-06-04 23:25:19+00:00
43746304,jinan-telecom,wuhan-telecom,41.3222,0.0,icmp,1591313220,2020-06-04 23:27:00+00:00
43746556,jinan-telecom,wuhan-telecom,45.5801,0.0,icmp,1591313340,2020-06-04 23:29:00+00:00
43746789,jinan-telecom,wuhan-telecom,40.037,0.0,icmp,1591313479,2020-06-04 23:31:19+00:00
43747019,jinan-telecom,wuhan-telecom,46.5063,0.0,icmp,1591313580,2020-06-04 23:33:00+00:00
43747245,jinan-telecom,wuhan-telecom,48.8202,0.0,icmp,1591313700,2020-06-04 23:35:00+00:00
43747475,jinan-telecom,wuhan-telecom,39.886,0.0,icmp,1591313839,2020-06-04 23:37:19+00:00
43747687,jinan-telecom,wuhan-telecom,48.0297,0.0,icmp,1591313940,2020-06-04 23:39:00+00:00
43747924,jinan-telecom,wuhan-telecom,46.5879,0.0,icmp,1591314060,2020-06-04 23:41:00+00:00
43748156,jinan-telecom,wuhan-telecom,49.9397,0.0,icmp,1591314180,2020-06-04 23:43:00+00:00
43748372,jinan-telecom,wuhan-telecom,48.4704,0.0,icmp,1591314300,2020-06-04 23:45:00+00:00
43748641,jinan-telecom,wuhan-telecom,41.6297,0.0,icmp,1591314420,2020-06-04 23:47:00+00:00
43748842,jinan-telecom,wuhan-telecom,48.573,0.0,icmp,1591314540,2020-06-04 23:49:00+00:00
43749068,jinan-telecom,wuhan-telecom,44.4326,0.0,icmp,1591314660,2020-06-04 23:51:00+00:00
43749295,jinan-telecom,wuhan-telecom,44.432,0.0,icmp,1591314780,2020-06-04 23:53:00+00:00
43749533,jinan-telecom,wuhan-telecom,39.6901,0.0,icmp,1591314919,2020-06-04 23:55:19+00:00
43749759,jinan-telecom,wuhan-telecom,39.6517,0.0,icmp,1591315039,2020-06-04 23:57:19+00:00
43749987,jinan-telecom,wuhan-telecom,41.6596,0.0,icmp,1591315140,2020-06-04 23:59:00+00:00
43750209,jinan-telecom,wuhan-telecom,39.8862,0.0,icmp,1591315279,2020-06-05 00:01:19+00:00
43750469,jinan-telecom,wuhan-telecom,42.7064,0.0,icmp,1591315380,2020-06-05 00:03:00+00:00
43750672,jinan-telecom,wuhan-telecom,40.5184,0.0,icmp,1591315500,2020-06-05 00:05:00+00:00
43750898,jinan-telecom,wuhan-telecom,44.9287,0.0,icmp,1591315620,2020-06-05 00:07:00+00:00
43751123,jinan-telecom,wuhan-telecom,48.3701,0.0,icmp,1591315740,2020-06-05 00:09:00+00:00
43751357,jinan-telecom,wuhan-telecom,40.251,0.0,icmp,1591315879,2020-06-05 00:11:19+00:00
43751610,jinan-telecom,wuhan-telecom,39.7588,0.0,icmp,1591315999,2020-06-05 00:13:19+00:00
43751826,jinan-telecom,wuhan-telecom,49.8885,0.0,icmp,1591316100,2020-06-05 00:15:00+00:00
43752029,jinan-telecom,wuhan-telecom,39.6634,0.0,icmp,1591316239,2020-06-05 00:17:19+00:00
43752281,jinan-telecom,wuhan-telecom,49.1197,0.0,icmp,1591316340,2020-06-05 00:19:00+00:00
43752501,jinan-telecom,wuhan-telecom,39.6891,0.0,icmp,1591316479,2020-06-05 00:21:19+00:00
43752732,jinan-telecom,wuhan-telecom,39.8474,0.0,icmp,1591316599,2020-06-05 00:23:19+00:00
43752961,jinan-telecom,wuhan-telecom,39.6974,0.0,icmp,1591316719,2020-06-05 00:25:19+00:00
43753194,jinan-telecom,wuhan-telecom,43.1463,0.0,icmp,1591316820,2020-06-05 00:27:00+00:00
43753425,jinan-telecom,wuhan-telecom,50.3219,0.0,icmp,1591316940,2020-06-05 00:29:00+00:00
43753655,jinan-telecom,wuhan-telecom,39.7279,0.0,icmp,1591317079,2020-06-05 00:31:19+00:00
43753866,jinan-telecom,wuhan-telecom,41.0472,0.0,icmp,1591317180,2020-06-05 00:33:00+00:00
43754103,jinan-telecom,wuhan-telecom,39.6183,0.0,icmp,1591317319,2020-06-05 00:35:19+00:00
43754344,jinan-telecom,wuhan-telecom,47.5291,0.0,icmp,1591317420,2020-06-05 00:37:00+00:00
43754555,jinan-telecom,wuhan-telecom,39.6735,0.0,icmp,1591317559,2020-06-05 00:39:19+00:00
43754793,jinan-telecom,wuhan-telecom,45.7635,0.0,icmp,1591317660,2020-06-05 00:41:00+00:00
43755029,jinan-telecom,wuhan-telecom,50.1802,0.0,icmp,1591317780,2020-06-05 00:43:00+00:00
43755254,jinan-telecom,wuhan-telecom,39.7565,0.0,icmp,1591317919,2020-06-05 00:45:19+00:00
43755481,jinan-telecom,wuhan-telecom,39.6401,0.0,icmp,1591318039,2020-06-05 00:47:19+00:00
43755694,jinan-telecom,wuhan-telecom,49.4785,0.0,icmp,1591318140,2020-06-05 00:49:00+00:00
43755921,jinan-telecom,wuhan-telecom,47.4086,0.0,icmp,1591318260,2020-06-05 00:51:00+00:00
43756159,jinan-telecom,wuhan-telecom,39.6913,0.0,icmp,1591318399,2020-06-05 00:53:19+00:00
43756411,jinan-telecom,wuhan-telecom,42.7764,0.0,icmp,1591318500,2020-06-05 00:55:00+00:00
43756611,jinan-telecom,wuhan-telecom,43.2099,0.0,icmp,1591318620,2020-06-05 00:57:00+00:00
43756850,jinan-telecom,wuhan-telecom,48.7764,0.0,icmp,1591318740,2020-06-05 00:59:00+00:00
43757077,jinan-telecom,wuhan-telecom,48.608,0.0,icmp,1591318860,2020-06-05 01:01:00+00:00
43757307,jinan-telecom,wuhan-telecom,50.659,0.0,icmp,1591318980,2020-06-05 01:03:00+00:00
43757520,jinan-telecom,wuhan-telecom,50.9948,0.0,icmp,1591319100,2020-06-05 01:05:00+00:00
43757778,jinan-telecom,wuhan-telecom,45.8205,0.0,icmp,1591319220,2020-06-05 01:07:00+00:00
43757996,jinan-telecom,wuhan-telecom,44.3373,0.0,icmp,1591319340,2020-06-05 01:09:00+00:00
43758214,jinan-telecom,wuhan-telecom,48.089,0.0,icmp,1591319460,2020-06-05 01:11:00+00:00
43758457,jinan-telecom,wuhan-telecom,49.9688,0.0,icmp,1591319580,2020-06-05 01:13:00+00:00
43758683,jinan-telecom,wuhan-telecom,49.2278,0.0,icmp,1591319700,2020-06-05 01:15:00+00:00
43758907,jinan-telecom,wuhan-telecom,39.7607,0.0,icmp,1591319839,2020-06-05 01:17:19+00:00
43759140,jinan-telecom,wuhan-telecom,49.1427,0.0,icmp,1591319940,2020-06-05 01:19:00+00:00
43759373,jinan-telecom,wuhan-telecom,46.4411,0.0,icmp,1591320060,2020-06-05 01:21:00+00:00
43759583,jinan-telecom,wuhan-telecom,44.2795,0.0,icmp,1591320180,2020-06-05 01:23:00+00:00
43759825,jinan-telecom,wuhan-telecom,49.7594,0.0,icmp,1591320300,2020-06-05 01:25:00+00:00
43760052,jinan-telecom,wuhan-telecom,48.1019,0.0,icmp,1591320420,2020-06-05 01:27:00+00:00
43760260,jinan-telecom,wuhan-telecom,39.6514,0.0,icmp,1591320559,2020-06-05 01:29:19+00:00
43760507,jinan-telecom,wuhan-telecom,50.4688,0.0,icmp,1591320660,2020-06-05 01:31:00+00:00
43760941,jinan-telecom,wuhan-telecom,42.3221,0.0,icmp,1591320900,2020-06-05 01:35:00+00:00
43761164,jinan-telecom,wuhan-telecom,42.7902,0.0,icmp,1591321020,2020-06-05 01:37:00+00:00
43761390,jinan-telecom,wuhan-telecom,42.1196,0.0,icmp,1591321140,2020-06-05 01:39:00+00:00
43761638,jinan-telecom,wuhan-telecom,41.728,0.0,icmp,1591321260,2020-06-05 01:41:00+00:00
43761831,jinan-telecom,wuhan-telecom,41.5184,0.0,icmp,1591321380,2020-06-05 01:43:00+00:00
43762063,jinan-telecom,wuhan-telecom,41.0434,0.0,icmp,1591321500,2020-06-05 01:45:00+00:00
43762288,jinan-telecom,wuhan-telecom,39.6188,0.0,icmp,1591321639,2020-06-05 01:47:19+00:00
43762517,jinan-telecom,wuhan-telecom,42.3364,0.0,icmp,1591321740,2020-06-05 01:49:00+00:00
43762744,jinan-telecom,wuhan-telecom,39.7517,0.0,icmp,1591321819,2020-06-05 01:50:19+00:00
43762945,jinan-telecom,wuhan-telecom,40.3987,0.0,icmp,1591321980,2020-06-05 01:53:00+00:00
43763155,jinan-telecom,wuhan-telecom,39.8419,0.0,icmp,1591322119,2020-06-05 01:55:19+00:00
43763385,jinan-telecom,wuhan-telecom,41.4524,0.0,icmp,1591322220,2020-06-05 01:57:00+00:00
43763613,jinan-telecom,wuhan-telecom,39.6643,0.0,icmp,1591322359,2020-06-05 01:59:19+00:00
43763821,jinan-telecom,wuhan-telecom,40.7604,0.0,icmp,1591322460,2020-06-05 02:01:00+00:00
43764048,jinan-telecom,wuhan-telecom,42.202,0.0,icmp,1591322580,2020-06-05 02:03:00+00:00
43764292,jinan-telecom,wuhan-telecom,41.1556,0.0,icmp,1591322700,2020-06-05 02:05:00+00:00
43764523,jinan-telecom,wuhan-telecom,40.9368,0.0,icmp,1591322820,2020-06-05 02:07:00+00:00
43764737,jinan-telecom,wuhan-telecom,39.691,0.0,icmp,1591322959,2020-06-05 02:09:19+00:00
43764974,jinan-telecom,wuhan-telecom,39.6406,0.0,icmp,1591323079,2020-06-05 02:11:19+00:00
43765186,jinan-telecom,wuhan-telecom,41.054,0.0,icmp,1591323180,2020-06-05 02:13:00+00:00
43765440,jinan-telecom,wuhan-telecom,43.4036,0.0,icmp,1591323304,2020-06-05 02:15:04+00:00
43765657,jinan-telecom,wuhan-telecom,40.4218,0.0,icmp,1591323420,2020-06-05 02:17:00+00:00
43765879,jinan-telecom,wuhan-telecom,42.2841,0.0,icmp,1591323540,2020-06-05 02:19:00+00:00
43766110,jinan-telecom,wuhan-telecom,42.5289,0.0,icmp,1591323660,2020-06-05 02:21:00+00:00
43766360,jinan-telecom,wuhan-telecom,39.6026,0.0,icmp,1591323799,2020-06-05 02:23:19+00:00
43766563,jinan-telecom,wuhan-telecom,40.9553,0.0,icmp,1591323900,2020-06-05 02:25:00+00:00
43766802,jinan-telecom,wuhan-telecom,41.8402,0.0,icmp,1591324020,2020-06-05 02:27:00+00:00
43767021,jinan-telecom,wuhan-telecom,39.6396,0.0,icmp,1591324099,2020-06-05 02:28:19+00:00
43767271,jinan-telecom,wuhan-telecom,41.2254,0.0,icmp,1591324260,2020-06-05 02:31:00+00:00
43767501,jinan-telecom,wuhan-telecom,41.8874,0.0,icmp,1591324380,2020-06-05 02:33:00+00:00
43767742,jinan-telecom,wuhan-telecom,39.7615,0.0,icmp,1591324519,2020-06-05 02:35:19+00:00
43767964,jinan-telecom,wuhan-telecom,40.6855,0.0,icmp,1591324620,2020-06-05 02:37:00+00:00
43768184,jinan-telecom,wuhan-telecom,41.3738,0.0,icmp,1591324740,2020-06-05 02:39:00+00:00
43768384,jinan-telecom,wuhan-telecom,40.0408,0.0,icmp,1591324860,2020-06-05 02:41:00+00:00
43768635,jinan-telecom,wuhan-telecom,41.8991,0.0,icmp,1591324980,2020-06-05 02:43:00+00:00
43768849,jinan-telecom,wuhan-telecom,40.1767,0.0,icmp,1591325100,2020-06-05 02:45:00+00:00
43769074,jinan-telecom,wuhan-telecom,39.6716,0.0,icmp,1591325179,2020-06-05 02:46:19+00:00
43769327,jinan-telecom,wuhan-telecom,39.5978,0.0,icmp,1591325299,2020-06-05 02:48:19+00:00
43769564,jinan-telecom,wuhan-telecom,41.6723,0.0,icmp,1591325460,2020-06-05 02:51:00+00:00
43769791,jinan-telecom,wuhan-telecom,39.636,0.0,icmp,1591325539,2020-06-05 02:52:19+00:00
43770012,jinan-telecom,wuhan-telecom,39.6663,0.0,icmp,1591325719,2020-06-05 02:55:19+00:00
43770234,jinan-telecom,wuhan-telecom,39.6111,0.0,icmp,1591325839,2020-06-05 02:57:19+00:00
43770458,jinan-telecom,wuhan-telecom,43.2296,0.0,icmp,1591325940,2020-06-05 02:59:00+00:00
43770719,jinan-telecom,wuhan-telecom,41.046,0.0,icmp,1591326060,2020-06-05 03:01:00+00:00
43770917,jinan-telecom,wuhan-telecom,41.853,0.0,icmp,1591326180,2020-06-05 03:03:00+00:00
43771157,jinan-telecom,wuhan-telecom,41.364,0.0,icmp,1591326300,2020-06-05 03:05:00+00:00
43771384,jinan-telecom,wuhan-telecom,42.1403,0.0,icmp,1591326420,2020-06-05 03:07:00+00:00
43771618,jinan-telecom,wuhan-telecom,39.6555,0.0,icmp,1591326559,2020-06-05 03:09:19+00:00
43771843,jinan-telecom,wuhan-telecom,41.1506,0.0,icmp,1591326660,2020-06-05 03:11:00+00:00
43772062,jinan-telecom,wuhan-telecom,42.444,0.0,icmp,1591326780,2020-06-05 03:13:00+00:00
43772291,jinan-telecom,wuhan-telecom,39.7922,0.0,icmp,1591326859,2020-06-05 03:14:19+00:00
43772518,jinan-telecom,wuhan-telecom,41.19,0.0,icmp,1591327020,2020-06-05 03:17:00+00:00
43772755,jinan-telecom,wuhan-telecom,39.5823,0.0,icmp,1591327099,2020-06-05 03:18:19+00:00
43772986,jinan-telecom,wuhan-telecom,40.7797,0.0,icmp,1591327260,2020-06-05 03:21:00+00:00
43773225,jinan-telecom,wuhan-telecom,42.2482,0.0,icmp,1591327380,2020-06-05 03:23:00+00:00
43773437,jinan-telecom,wuhan-telecom,41.2924,0.0,icmp,1591327500,2020-06-05 03:25:00+00:00
43773665,jinan-telecom,wuhan-telecom,42.9777,0.0,icmp,1591327620,2020-06-05 03:27:00+00:00
43773916,jinan-telecom,wuhan-telecom,41.9309,0.0,icmp,1591327740,2020-06-05 03:29:00+00:00
43774133,jinan-telecom,wuhan-telecom,40.1721,0.0,icmp,1591327860,2020-06-05 03:31:00+00:00
43774354,jinan-telecom,wuhan-telecom,39.5936,0.0,icmp,1591327999,2020-06-05 03:33:19+00:00
43774583,jinan-telecom,wuhan-telecom,39.7467,0.0,icmp,1591328105,2020-06-05 03:35:05+00:00
43774813,jinan-telecom,wuhan-telecom,39.6301,0.0,icmp,1591328239,2020-06-05 03:37:19+00:00
43775039,jinan-telecom,wuhan-telecom,41.4198,0.0,icmp,1591328340,2020-06-05 03:39:00+00:00
43775264,jinan-telecom,wuhan-telecom,39.6162,0.0,icmp,1591328479,2020-06-05 03:41:19+00:00
43775499,jinan-telecom,wuhan-telecom,40.2866,0.0,icmp,1591328580,2020-06-05 03:43:00+00:00
43775734,jinan-telecom,wuhan-telecom,42.0705,0.0,icmp,1591328700,2020-06-05 03:45:00+00:00
43775984,jinan-telecom,wuhan-telecom,41.1196,0.0,icmp,1591328820,2020-06-05 03:47:00+00:00
43776193,jinan-telecom,wuhan-telecom,41.1945,0.0,icmp,1591328940,2020-06-05 03:49:00+00:00
43776430,jinan-telecom,wuhan-telecom,39.6073,0.0,icmp,1591329019,2020-06-05 03:50:19+00:00
43776633,jinan-telecom,wuhan-telecom,40.6371,0.0,icmp,1591329180,2020-06-05 03:53:00+00:00
43776864,jinan-telecom,wuhan-telecom,41.5989,0.0,icmp,1591329300,2020-06-05 03:55:00+00:00
43777093,jinan-telecom,wuhan-telecom,39.6609,0.0,icmp,1591329439,2020-06-05 03:57:19+00:00
43777346,jinan-telecom,wuhan-telecom,41.1932,0.0,icmp,1591329540,2020-06-05 03:59:00+00:00
43777562,jinan-telecom,wuhan-telecom,39.6118,0.0,icmp,1591329619,2020-06-05 04:00:19+00:00
43777795,jinan-telecom,wuhan-telecom,40.8496,0.0,icmp,1591329780,2020-06-05 04:03:00+00:00
43778029,jinan-telecom,wuhan-telecom,40.3494,0.0,icmp,1591329900,2020-06-05 04:05:00+00:00
43778261,jinan-telecom,wuhan-telecom,40.8875,0.0,icmp,1591330020,2020-06-05 04:07:00+00:00
43778481,jinan-telecom,wuhan-telecom,39.6984,0.0,icmp,1591330140,2020-06-05 04:09:00+00:00
43778700,jinan-telecom,wuhan-telecom,40.2393,0.0,icmp,1591330260,2020-06-05 04:11:00+00:00
43778947,jinan-telecom,wuhan-telecom,40.6467,0.0,icmp,1591330380,2020-06-05 04:13:00+00:00
43779169,jinan-telecom,wuhan-telecom,40.2614,0.0,icmp,1591330500,2020-06-05 04:15:00+00:00
43779396,jinan-telecom,wuhan-telecom,39.6797,0.0,icmp,1591330579,2020-06-05 04:16:19+00:00
43779615,jinan-telecom,wuhan-telecom,42.6485,0.0,icmp,1591330740,2020-06-05 04:19:00+00:00
43779840,jinan-telecom,wuhan-telecom,39.992,0.0,icmp,1591330860,2020-06-05 04:21:00+00:00
43780059,jinan-telecom,wuhan-telecom,40.3244,0.0,icmp,1591330980,2020-06-05 04:23:00+00:00
43780327,jinan-telecom,wuhan-telecom,40.8552,0.0,icmp,1591331100,2020-06-05 04:25:00+00:00
43780554,jinan-telecom,wuhan-telecom,39.7804,0.0,icmp,1591331179,2020-06-05 04:26:19+00:00
43780767,jinan-telecom,wuhan-telecom,40.4497,0.0,icmp,1591331340,2020-06-05 04:29:00+00:00
43781011,jinan-telecom,wuhan-telecom,40.6627,0.0,icmp,1591331460,2020-06-05 04:31:00+00:00
43781219,jinan-telecom,wuhan-telecom,41.0662,0.0,icmp,1591331580,2020-06-05 04:33:00+00:00
43781472,jinan-telecom,wuhan-telecom,40.7639,0.0,icmp,1591331700,2020-06-05 04:35:00+00:00
43781700,jinan-telecom,wuhan-telecom,39.8215,0.0,icmp,1591331820,2020-06-05 04:37:00+00:00
43781910,jinan-telecom,wuhan-telecom,40.9421,0.0,icmp,1591331940,2020-06-05 04:39:00+00:00
43782142,jinan-telecom,wuhan-telecom,42.5309,0.0,icmp,1591332060,2020-06-05 04:41:00+00:00
43782361,jinan-telecom,wuhan-telecom,40.1515,0.0,icmp,1591332180,2020-06-05 04:43:00+00:00
43782618,jinan-telecom,wuhan-telecom,41.9253,0.0,icmp,1591332300,2020-06-05 04:45:00+00:00
43782820,jinan-telecom,wuhan-telecom,40.678,0.0,icmp,1591332420,2020-06-05 04:47:00+00:00
43783052,jinan-telecom,wuhan-telecom,41.9888,0.0,icmp,1591332540,2020-06-05 04:49:00+00:00
43783298,jinan-telecom,wuhan-telecom,40.4575,0.0,icmp,1591332660,2020-06-05 04:51:00+00:00
43783510,jinan-telecom,wuhan-telecom,39.6086,0.0,icmp,1591332799,2020-06-05 04:53:19+00:00
43783737,jinan-telecom,wuhan-telecom,41.0484,0.0,icmp,1591332900,2020-06-05 04:55:00+00:00
43783966,jinan-telecom,wuhan-telecom,40.5829,0.0,icmp,1591333020,2020-06-05 04:57:00+00:00
43784200,jinan-telecom,wuhan-telecom,42.5786,0.0,icmp,1591333140,2020-06-05 04:59:00+00:00
43784431,jinan-telecom,wuhan-telecom,40.1091,0.0,icmp,1591333260,2020-06-05 05:01:00+00:00
43784655,jinan-telecom,wuhan-telecom,39.6795,0.0,icmp,1591333339,2020-06-05 05:02:19+00:00
43784884,jinan-telecom,wuhan-telecom,41.4294,0.0,icmp,1591333500,2020-06-05 05:05:00+00:00
43785135,jinan-telecom,wuhan-telecom,39.6572,0.0,icmp,1591333639,2020-06-05 05:07:19+00:00
43785336,jinan-telecom,wuhan-telecom,42.7683,0.0,icmp,1591333740,2020-06-05 05:09:00+00:00
43785581,jinan-telecom,wuhan-telecom,41.0531,0.0,icmp,1591333860,2020-06-05 05:11:00+00:00
43785789,jinan-telecom,wuhan-telecom,39.6178,0.0,icmp,1591333999,2020-06-05 05:13:19+00:00
43786040,jinan-telecom,wuhan-telecom,39.7304,0.0,icmp,1591334119,2020-06-05 05:15:19+00:00
43786263,jinan-telecom,wuhan-telecom,39.8329,0.0,icmp,1591334224,2020-06-05 05:17:04+00:00
43786507,jinan-telecom,wuhan-telecom,41.9584,0.0,icmp,1591334340,2020-06-05 05:19:00+00:00
43786755,jinan-telecom,wuhan-telecom,40.4722,0.0,icmp,1591334460,2020-06-05 05:21:00+00:00
43786959,jinan-telecom,wuhan-telecom,40.8365,0.0,icmp,1591334580,2020-06-05 05:23:00+00:00
43787186,jinan-telecom,wuhan-telecom,41.0088,0.0,icmp,1591334700,2020-06-05 05:25:00+00:00
43787434,jinan-telecom,wuhan-telecom,39.6756,0.0,icmp,1591334839,2020-06-05 05:27:19+00:00
43787642,jinan-telecom,wuhan-telecom,42.8948,0.0,icmp,1591334940,2020-06-05 05:29:00+00:00
43787873,jinan-telecom,wuhan-telecom,39.6041,0.0,icmp,1591335019,2020-06-05 05:30:19+00:00
43788125,jinan-telecom,wuhan-telecom,40.4469,0.0,icmp,1591335180,2020-06-05 05:33:00+00:00
43788330,jinan-telecom,wuhan-telecom,41.2726,0.0,icmp,1591335300,2020-06-05 05:35:00+00:00
43788576,jinan-telecom,wuhan-telecom,40.5141,0.0,icmp,1591335420,2020-06-05 05:37:00+00:00
43788779,jinan-telecom,wuhan-telecom,39.6493,0.0,icmp,1591335499,2020-06-05 05:38:19+00:00
43788996,jinan-telecom,wuhan-telecom,41.3692,0.0,icmp,1591335660,2020-06-05 05:41:00+00:00
43789239,jinan-telecom,wuhan-telecom,40.1795,0.0,icmp,1591335725,2020-06-05 05:42:05+00:00
43789450,jinan-telecom,wuhan-telecom,40.6081,0.0,icmp,1591335900,2020-06-05 05:45:00+00:00
43789695,jinan-telecom,wuhan-telecom,40.9917,0.0,icmp,1591336020,2020-06-05 05:47:00+00:00
43789948,jinan-telecom,wuhan-telecom,41.273,0.0,icmp,1591336140,2020-06-05 05:49:00+00:00
43790154,jinan-telecom,wuhan-telecom,40.8844,0.0,icmp,1591336260,2020-06-05 05:51:00+00:00
43790394,jinan-telecom,wuhan-telecom,39.6883,0.0,icmp,1591336399,2020-06-05 05:53:19+00:00
43790609,jinan-telecom,wuhan-telecom,40.2117,0.0,icmp,1591336500,2020-06-05 05:55:00+00:00
43790844,jinan-telecom,wuhan-telecom,39.6974,0.0,icmp,1591336579,2020-06-05 05:56:19+00:00
43791060,jinan-telecom,wuhan-telecom,42.0663,0.0,icmp,1591336740,2020-06-05 05:59:00+00:00
43791309,jinan-telecom,wuhan-telecom,40.8662,0.0,icmp,1591336860,2020-06-05 06:01:00+00:00
43791526,jinan-telecom,wuhan-telecom,39.6636,0.0,icmp,1591336939,2020-06-05 06:02:19+00:00
43791767,jinan-telecom,wuhan-telecom,40.827,0.0,icmp,1591337100,2020-06-05 06:05:00+00:00
43791988,jinan-telecom,wuhan-telecom,40.9884,0.0,icmp,1591337220,2020-06-05 06:07:00+00:00
43792211,jinan-telecom,wuhan-telecom,39.9453,0.0,icmp,1591337285,2020-06-05 06:08:05+00:00
43792471,jinan-telecom,wuhan-telecom,43.1658,0.0,icmp,1591337460,2020-06-05 06:11:00+00:00
43792682,jinan-telecom,wuhan-telecom,43.584,0.0,icmp,1591337580,2020-06-05 06:13:00+00:00
43792922,jinan-telecom,wuhan-telecom,41.3081,0.0,icmp,1591337700,2020-06-05 06:15:00+00:00
43793133,jinan-telecom,wuhan-telecom,41.266,0.0,icmp,1591337820,2020-06-05 06:17:00+00:00
43793352,jinan-telecom,wuhan-telecom,41.2763,0.0,icmp,1591337940,2020-06-05 06:19:00+00:00
43793590,jinan-telecom,wuhan-telecom,39.6429,0.0,icmp,1591338079,2020-06-05 06:21:19+00:00
43793822,jinan-telecom,wuhan-telecom,39.9385,0.0,icmp,1591338180,2020-06-05 06:23:00+00:00
43794047,jinan-telecom,wuhan-telecom,39.6041,0.0,icmp,1591338319,2020-06-05 06:25:19+00:00
43794285,jinan-telecom,wuhan-telecom,40.9502,0.0,icmp,1591338420,2020-06-05 06:27:00+00:00
43794523,jinan-telecom,wuhan-telecom,41.9856,0.0,icmp,1591338540,2020-06-05 06:29:00+00:00
43794732,jinan-telecom,wuhan-telecom,39.6325,0.0,icmp,1591338619,2020-06-05 06:30:19+00:00
43794967,jinan-telecom,wuhan-telecom,42.0595,0.0,icmp,1591338780,2020-06-05 06:33:00+00:00
43795193,jinan-telecom,wuhan-telecom,39.84,0.0,icmp,1591338900,2020-06-05 06:35:00+00:00
43795433,jinan-telecom,wuhan-telecom,40.4728,0.0,icmp,1591339020,2020-06-05 06:37:00+00:00
43795669,jinan-telecom,wuhan-telecom,39.6481,0.0,icmp,1591339159,2020-06-05 06:39:19+00:00
43795877,jinan-telecom,wuhan-telecom,39.9389,0.0,icmp,1591339260,2020-06-05 06:41:00+00:00
43796108,jinan-telecom,wuhan-telecom,39.6652,0.0,icmp,1591339399,2020-06-05 06:43:19+00:00
43796340,jinan-telecom,wuhan-telecom,41.1149,0.0,icmp,1591339500,2020-06-05 06:45:00+00:00
43796573,jinan-telecom,wuhan-telecom,41.9257,0.0,icmp,1591339620,2020-06-05 06:47:00+00:00
43796795,jinan-telecom,wuhan-telecom,39.6658,0.0,icmp,1591339759,2020-06-05 06:49:19+00:00
43797039,jinan-telecom,wuhan-telecom,39.6561,0.0,icmp,1591339879,2020-06-05 06:51:19+00:00
43797271,jinan-telecom,wuhan-telecom,41.3415,0.0,icmp,1591339980,2020-06-05 06:53:00+00:00
43797488,jinan-telecom,wuhan-telecom,40.7661,0.0,icmp,1591340100,2020-06-05 06:55:00+00:00
43797708,jinan-telecom,wuhan-telecom,41.8061,0.0,icmp,1591340220,2020-06-05 06:57:00+00:00
43797947,jinan-telecom,wuhan-telecom,40.4896,0.0,icmp,1591340340,2020-06-05 06:59:00+00:00
43798188,jinan-telecom,wuhan-telecom,39.6259,0.0,icmp,1591340419,2020-06-05 07:00:19+00:00
43798396,jinan-telecom,wuhan-telecom,42.0366,0.0,icmp,1591340580,2020-06-05 07:03:00+00:00
43798613,jinan-telecom,wuhan-telecom,40.8011,0.0,icmp,1591340700,2020-06-05 07:05:00+00:00
43798878,jinan-telecom,wuhan-telecom,40.0706,0.0,icmp,1591340820,2020-06-05 07:07:00+00:00
43799108,jinan-telecom,wuhan-telecom,42.5545,0.0,icmp,1591340940,2020-06-05 07:09:00+00:00
43799305,jinan-telecom,wuhan-telecom,40.5732,0.0,icmp,1591341060,2020-06-05 07:11:00+00:00
43799546,jinan-telecom,wuhan-telecom,39.6737,0.0,icmp,1591341139,2020-06-05 07:12:19+00:00
43799776,jinan-telecom,wuhan-telecom,39.929,0.0,icmp,1591341300,2020-06-05 07:15:00+00:00
43800015,jinan-telecom,wuhan-telecom,40.3238,0.0,icmp,1591341420,2020-06-05 07:17:00+00:00
43800251,jinan-telecom,wuhan-telecom,41.6301,0.0,icmp,1591341540,2020-06-05 07:19:00+00:00
43800455,jinan-telecom,wuhan-telecom,42.2417,0.0,icmp,1591341660,2020-06-05 07:21:00+00:00
43800683,jinan-telecom,wuhan-telecom,41.4558,0.0,icmp,1591341780,2020-06-05 07:23:00+00:00
43800920,jinan-telecom,wuhan-telecom,41.1597,0.0,icmp,1591341900,2020-06-05 07:25:00+00:00
43801163,jinan-telecom,wuhan-telecom,42.7846,0.0,icmp,1591342020,2020-06-05 07:27:00+00:00
43801365,jinan-telecom,wuhan-telecom,40.7556,0.0,icmp,1591342140,2020-06-05 07:29:00+00:00
43801610,jinan-telecom,wuhan-telecom,40.1939,0.0,icmp,1591342260,2020-06-05 07:31:00+00:00
43801828,jinan-telecom,wuhan-telecom,41.9275,0.0,icmp,1591342380,2020-06-05 07:33:00+00:00
43802083,jinan-telecom,wuhan-telecom,40.2675,0.0,icmp,1591342500,2020-06-05 07:35:00+00:00
43802293,jinan-telecom,wuhan-telecom,41.206,0.0,icmp,1591342620,2020-06-05 07:37:00+00:00
43802511,jinan-telecom,wuhan-telecom,40.5128,0.0,icmp,1591342740,2020-06-05 07:39:00+00:00
43802766,jinan-telecom,wuhan-telecom,39.6127,0.0,icmp,1591342879,2020-06-05 07:41:19+00:00
43802993,jinan-telecom,wuhan-telecom,41.3487,0.0,icmp,1591342980,2020-06-05 07:43:00+00:00
43803203,jinan-telecom,wuhan-telecom,39.6957,0.0,icmp,1591343100,2020-06-05 07:45:00+00:00
43803454,jinan-telecom,wuhan-telecom,35.5879,0.0,icmp,1591343220,2020-06-05 07:47:00+00:00
43803660,jinan-telecom,wuhan-telecom,34.8762,0.0,icmp,1591343340,2020-06-05 07:49:00+00:00
43803898,jinan-telecom,wuhan-telecom,34.6661,0.0,icmp,1591343460,2020-06-05 07:51:00+00:00
43804130,jinan-telecom,wuhan-telecom,34.2175,0.0,icmp,1591343580,2020-06-05 07:53:00+00:00
43804352,jinan-telecom,wuhan-telecom,33.3838,0.0,icmp,1591343659,2020-06-05 07:54:19+00:00
43804593,jinan-telecom,wuhan-telecom,37.2435,0.0,icmp,1591343820,2020-06-05 07:57:00+00:00
43804820,jinan-telecom,wuhan-telecom,39.7901,0.0,icmp,1591343959,2020-06-05 07:59:19+00:00
43805058,jinan-telecom,wuhan-telecom,39.7212,0.0,icmp,1591344079,2020-06-05 08:01:19+00:00
43805279,jinan-telecom,wuhan-telecom,40.2065,0.0,icmp,1591344180,2020-06-05 08:03:00+00:00
43805496,jinan-telecom,wuhan-telecom,41.1115,0.0,icmp,1591344300,2020-06-05 08:05:00+00:00
43805724,jinan-telecom,wuhan-telecom,40.7392,0.0,icmp,1591344420,2020-06-05 08:07:00+00:00
43805971,jinan-telecom,wuhan-telecom,41.5275,0.0,icmp,1591344540,2020-06-05 08:09:00+00:00
43806203,jinan-telecom,wuhan-telecom,39.7041,0.0,icmp,1591344619,2020-06-05 08:10:19+00:00
43806424,jinan-telecom,wuhan-telecom,40.8081,0.0,icmp,1591344780,2020-06-05 08:13:00+00:00
43806639,jinan-telecom,wuhan-telecom,40.2328,0.0,icmp,1591344900,2020-06-05 08:15:00+00:00
43806874,jinan-telecom,wuhan-telecom,41.6655,0.0,icmp,1591345020,2020-06-05 08:17:00+00:00
43807114,jinan-telecom,wuhan-telecom,41.196,0.0,icmp,1591345140,2020-06-05 08:19:00+00:00
43807346,jinan-telecom,wuhan-telecom,42.0127,0.0,icmp,1591345260,2020-06-05 08:21:00+00:00
43807552,jinan-telecom,wuhan-telecom,40.8915,0.0,icmp,1591345380,2020-06-05 08:23:00+00:00
43807810,jinan-telecom,wuhan-telecom,40.9378,0.0,icmp,1591345500,2020-06-05 08:25:00+00:00
43808005,jinan-telecom,wuhan-telecom,40.4084,0.0,icmp,1591345620,2020-06-05 08:27:00+00:00
43808255,jinan-telecom,wuhan-telecom,39.8845,0.0,icmp,1591345699,2020-06-05 08:28:19+00:00
43808492,jinan-telecom,wuhan-telecom,42.2142,0.0,icmp,1591345860,2020-06-05 08:31:00+00:00
43808699,jinan-telecom,wuhan-telecom,40.2869,0.0,icmp,1591345980,2020-06-05 08:33:00+00:00
43808945,jinan-telecom,wuhan-telecom,41.9369,0.0,icmp,1591346100,2020-06-05 08:35:00+00:00
43809174,jinan-telecom,wuhan-telecom,42.8563,0.0,icmp,1591346220,2020-06-05 08:37:00+00:00
43809401,jinan-telecom,wuhan-telecom,39.8173,0.0,icmp,1591346299,2020-06-05 08:38:19+00:00
43809630,jinan-telecom,wuhan-telecom,39.7383,0.0,icmp,1591346419,2020-06-05 08:40:19+00:00
43809867,jinan-telecom,wuhan-telecom,40.679,0.0,icmp,1591346580,2020-06-05 08:43:00+00:00
43810076,jinan-telecom,wuhan-telecom,32.0445,0.0,icmp,1591346719,2020-06-05 08:45:19+00:00
43810320,jinan-telecom,wuhan-telecom,40.4328,0.0,icmp,1591346820,2020-06-05 08:47:00+00:00
43810540,jinan-telecom,wuhan-telecom,39.687,0.0,icmp,1591346959,2020-06-05 08:49:19+00:00
43810758,jinan-telecom,wuhan-telecom,40.1964,0.0,icmp,1591347060,2020-06-05 08:51:00+00:00
43810989,jinan-telecom,wuhan-telecom,39.6246,0.0,icmp,1591347199,2020-06-05 08:53:19+00:00
43811208,jinan-telecom,wuhan-telecom,41.613,0.0,icmp,1591347300,2020-06-05 08:55:00+00:00
43811462,jinan-telecom,wuhan-telecom,41.0562,0.0,icmp,1591347420,2020-06-05 08:57:00+00:00
43811670,jinan-telecom,wuhan-telecom,41.8176,0.0,icmp,1591347540,2020-06-05 08:59:00+00:00
43811901,jinan-telecom,wuhan-telecom,42.3618,0.0,icmp,1591347660,2020-06-05 09:01:00+00:00
43812140,jinan-telecom,wuhan-telecom,41.1688,0.0,icmp,1591347780,2020-06-05 09:03:00+00:00
43812369,jinan-telecom,wuhan-telecom,39.6968,0.0,icmp,1591347859,2020-06-05 09:04:19+00:00
43812584,jinan-telecom,wuhan-telecom,39.672,0.0,icmp,1591348039,2020-06-05 09:07:19+00:00
43812823,jinan-telecom,wuhan-telecom,40.6833,0.0,icmp,1591348140,2020-06-05 09:09:00+00:00
43813098,jinan-telecom,wuhan-telecom,39.9744,0.0,icmp,1591348260,2020-06-05 09:11:00+00:00
43813279,jinan-telecom,wuhan-telecom,42.0893,0.0,icmp,1591348380,2020-06-05 09:13:00+00:00
43813497,jinan-telecom,wuhan-telecom,40.6885,0.0,icmp,1591348500,2020-06-05 09:15:00+00:00
43813742,jinan-telecom,wuhan-telecom,39.6153,0.0,icmp,1591348579,2020-06-05 09:16:19+00:00
43813972,jinan-telecom,wuhan-telecom,43.4529,0.0,icmp,1591348740,2020-06-05 09:19:00+00:00
43814213,jinan-telecom,wuhan-telecom,39.9035,0.0,icmp,1591348860,2020-06-05 09:21:00+00:00
43814445,jinan-telecom,wuhan-telecom,39.6421,0.0,icmp,1591348939,2020-06-05 09:22:19+00:00
43814667,jinan-telecom,wuhan-telecom,39.6742,0.0,icmp,1591349119,2020-06-05 09:25:19+00:00
43814901,jinan-telecom,wuhan-telecom,40.6497,0.0,icmp,1591349220,2020-06-05 09:27:00+00:00
43815106,jinan-telecom,wuhan-telecom,39.7894,0.0,icmp,1591349359,2020-06-05 09:29:19+00:00
43815349,jinan-telecom,wuhan-telecom,41.5722,0.0,icmp,1591349460,2020-06-05 09:31:00+00:00
43815570,jinan-telecom,wuhan-telecom,42.6349,0.0,icmp,1591349580,2020-06-05 09:33:00+00:00
43815802,jinan-telecom,wuhan-telecom,42.0737,0.0,icmp,1591349700,2020-06-05 09:35:00+00:00
43816038,jinan-telecom,wuhan-telecom,40.3344,0.0,icmp,1591349820,2020-06-05 09:37:00+00:00
43816248,jinan-telecom,wuhan-telecom,41.329,0.0,icmp,1591349940,2020-06-05 09:39:00+00:00
43816463,jinan-telecom,wuhan-telecom,41.2306,0.0,icmp,1591350060,2020-06-05 09:41:00+00:00
43816721,jinan-telecom,wuhan-telecom,41.1745,0.0,icmp,1591350180,2020-06-05 09:43:00+00:00
43816950,jinan-telecom,wuhan-telecom,41.4375,0.0,icmp,1591350300,2020-06-05 09:45:00+00:00
43817166,jinan-telecom,wuhan-telecom,40.5993,0.0,icmp,1591350420,2020-06-05 09:47:00+00:00
43817416,jinan-telecom,wuhan-telecom,40.2328,0.0,icmp,1591350540,2020-06-05 09:49:00+00:00
43817647,jinan-telecom,wuhan-telecom,39.7136,0.0,icmp,1591350619,2020-06-05 09:50:19+00:00
43817859,jinan-telecom,wuhan-telecom,42.3858,0.0,icmp,1591350780,2020-06-05 09:53:00+00:00
43818085,jinan-telecom,wuhan-telecom,39.6046,0.0,icmp,1591350859,2020-06-05 09:54:19+00:00
43818324,jinan-telecom,wuhan-telecom,40.3426,0.0,icmp,1591351020,2020-06-05 09:57:00+00:00
43818552,jinan-telecom,wuhan-telecom,40.7336,0.0,icmp,1591351140,2020-06-05 09:59:00+00:00
43818789,jinan-telecom,wuhan-telecom,39.6731,0.0,icmp,1591351219,2020-06-05 10:00:19+00:00
43819018,jinan-telecom,wuhan-telecom,39.6311,0.0,icmp,1591351399,2020-06-05 10:03:19+00:00
43819242,jinan-telecom,wuhan-telecom,41.913,0.0,icmp,1591351500,2020-06-05 10:05:00+00:00
43819474,jinan-telecom,wuhan-telecom,39.6359,0.0,icmp,1591351579,2020-06-05 10:06:19+00:00
43819683,jinan-telecom,wuhan-telecom,40.0589,0.0,icmp,1591351740,2020-06-05 10:09:00+00:00
43819931,jinan-telecom,wuhan-telecom,42.2776,0.0,icmp,1591351860,2020-06-05 10:11:00+00:00
43820152,jinan-telecom,wuhan-telecom,41.6021,0.0,icmp,1591351980,2020-06-05 10:13:00+00:00
43820369,jinan-telecom,wuhan-telecom,39.9681,0.0,icmp,1591352100,2020-06-05 10:15:00+00:00
43820605,jinan-telecom,wuhan-telecom,40.7624,0.0,icmp,1591352220,2020-06-05 10:17:00+00:00
43820865,jinan-telecom,wuhan-telecom,40.5324,0.0,icmp,1591352340,2020-06-05 10:19:00+00:00
43821055,jinan-telecom,wuhan-telecom,40.5144,0.0,icmp,1591352460,2020-06-05 10:21:00+00:00
43821331,jinan-telecom,wuhan-telecom,39.6225,0.0,icmp,1591352539,2020-06-05 10:22:19+00:00
43821530,jinan-telecom,wuhan-telecom,40.9992,0.0,icmp,1591352700,2020-06-05 10:25:00+00:00
43821769,jinan-telecom,wuhan-telecom,42.4232,0.0,icmp,1591352820,2020-06-05 10:27:00+00:00
43821976,jinan-telecom,wuhan-telecom,39.6236,0.0,icmp,1591352899,2020-06-05 10:28:19+00:00
43822227,jinan-telecom,wuhan-telecom,41.0245,0.0,icmp,1591353060,2020-06-05 10:31:00+00:00
43822435,jinan-telecom,wuhan-telecom,40.4658,0.0,icmp,1591353180,2020-06-05 10:33:00+00:00
43822677,jinan-telecom,wuhan-telecom,40.5033,0.0,icmp,1591353300,2020-06-05 10:35:00+00:00
43822900,jinan-telecom,wuhan-telecom,40.2833,0.0,icmp,1591353420,2020-06-05 10:37:00+00:00
43823107,jinan-telecom,wuhan-telecom,39.788,0.0,icmp,1591353544,2020-06-05 10:39:04+00:00
43823372,jinan-telecom,wuhan-telecom,41.7461,0.0,icmp,1591353660,2020-06-05 10:41:00+00:00
43823592,jinan-telecom,wuhan-telecom,42.6176,0.0,icmp,1591353780,2020-06-05 10:43:00+00:00
43823833,jinan-telecom,wuhan-telecom,39.6077,0.0,icmp,1591353859,2020-06-05 10:44:19+00:00
43824062,jinan-telecom,wuhan-telecom,40.94,0.0,icmp,1591354020,2020-06-05 10:47:00+00:00
43824289,jinan-telecom,wuhan-telecom,40.0024,0.0,icmp,1591354140,2020-06-05 10:49:00+00:00
43824507,jinan-telecom,wuhan-telecom,40.3258,0.0,icmp,1591354260,2020-06-05 10:51:00+00:00
43824741,jinan-telecom,wuhan-telecom,39.6486,0.0,icmp,1591354339,2020-06-05 10:52:19+00:00
43824972,jinan-telecom,wuhan-telecom,39.6913,0.0,icmp,1591354459,2020-06-05 10:54:19+00:00
43825187,jinan-telecom,wuhan-telecom,40.7131,0.0,icmp,1591354620,2020-06-05 10:57:00+00:00
43825434,jinan-telecom,wuhan-telecom,41.9477,0.0,icmp,1591354740,2020-06-05 10:59:00+00:00
43825648,jinan-telecom,wuhan-telecom,39.7044,0.0,icmp,1591354819,2020-06-05 11:00:19+00:00
43825882,jinan-telecom,wuhan-telecom,40.3575,0.0,icmp,1591354980,2020-06-05 11:03:00+00:00
43826109,jinan-telecom,wuhan-telecom,39.6301,0.0,icmp,1591355119,2020-06-05 11:05:19+00:00
43826333,jinan-telecom,wuhan-telecom,40.6109,0.0,icmp,1591355220,2020-06-05 11:07:00+00:00
43826570,jinan-telecom,wuhan-telecom,41.7874,0.0,icmp,1591355340,2020-06-05 11:09:00+00:00
43826780,jinan-telecom,wuhan-telecom,40.8901,0.0,icmp,1591355460,2020-06-05 11:11:00+00:00
43827034,jinan-telecom,wuhan-telecom,43.1187,0.0,icmp,1591355580,2020-06-05 11:13:00+00:00
43827259,jinan-telecom,wuhan-telecom,40.9578,0.0,icmp,1591355700,2020-06-05 11:15:00+00:00
43827475,jinan-telecom,wuhan-telecom,39.5907,0.0,icmp,1591355779,2020-06-05 11:16:19+00:00
43827707,jinan-telecom,wuhan-telecom,40.2676,0.0,icmp,1591355940,2020-06-05 11:19:00+00:00
43827937,jinan-telecom,wuhan-telecom,39.6657,0.0,icmp,1591356079,2020-06-05 11:21:19+00:00
43828171,jinan-telecom,wuhan-telecom,41.4556,0.0,icmp,1591356180,2020-06-05 11:23:00+00:00
43828415,jinan-telecom,wuhan-telecom,40.9435,0.0,icmp,1591356300,2020-06-05 11:25:00+00:00
43828633,jinan-telecom,wuhan-telecom,39.802,0.0,icmp,1591356420,2020-06-05 11:27:00+00:00
43828855,jinan-telecom,wuhan-telecom,42.4128,0.0,icmp,1591356540,2020-06-05 11:29:00+00:00
43829085,jinan-telecom,wuhan-telecom,41.9126,0.0,icmp,1591356660,2020-06-05 11:31:00+00:00
43829311,jinan-telecom,wuhan-telecom,41.0475,0.0,icmp,1591356780,2020-06-05 11:33:00+00:00
43829545,jinan-telecom,wuhan-telecom,40.9331,0.0,icmp,1591356900,2020-06-05 11:35:00+00:00
43829756,jinan-telecom,wuhan-telecom,41.8037,0.0,icmp,1591357020,2020-06-05 11:37:00+00:00
43830001,jinan-telecom,wuhan-telecom,39.6738,0.0,icmp,1591357099,2020-06-05 11:38:19+00:00
43830240,jinan-telecom,wuhan-telecom,41.3102,0.0,icmp,1591357260,2020-06-05 11:41:00+00:00
43830452,jinan-telecom,wuhan-telecom,40.2206,0.0,icmp,1591357380,2020-06-05 11:43:00+00:00
43830683,jinan-telecom,wuhan-telecom,39.6229,0.0,icmp,1591357519,2020-06-05 11:45:19+00:00
43830911,jinan-telecom,wuhan-telecom,41.4605,0.0,icmp,1591357620,2020-06-05 11:47:00+00:00
43831133,jinan-telecom,wuhan-telecom,40.2521,0.0,icmp,1591357740,2020-06-05 11:49:00+00:00
43831360,jinan-telecom,wuhan-telecom,41.8535,0.0,icmp,1591357860,2020-06-05 11:51:00+00:00
43831606,jinan-telecom,wuhan-telecom,39.7929,0.0,icmp,1591357999,2020-06-05 11:53:19+00:00
43831850,jinan-telecom,wuhan-telecom,43.452,0.0,icmp,1591358100,2020-06-05 11:55:00+00:00
43832067,jinan-telecom,wuhan-telecom,41.586,0.0,icmp,1591358220,2020-06-05 11:57:00+00:00
43832286,jinan-telecom,wuhan-telecom,40.8369,0.0,icmp,1591358340,2020-06-05 11:59:00+00:00
43832522,jinan-telecom,wuhan-telecom,41.0273,0.0,icmp,1591358460,2020-06-05 12:01:00+00:00
43832750,jinan-telecom,wuhan-telecom,39.8052,0.0,icmp,1591358580,2020-06-05 12:03:00+00:00
43832970,jinan-telecom,wuhan-telecom,39.6958,0.0,icmp,1591358659,2020-06-05 12:04:19+00:00
43833218,jinan-telecom,wuhan-telecom,41.3656,0.0,icmp,1591358820,2020-06-05 12:07:00+00:00
43833436,jinan-telecom,wuhan-telecom,41.0257,0.0,icmp,1591358940,2020-06-05 12:09:00+00:00
43833669,jinan-telecom,wuhan-telecom,40.94,0.0,icmp,1591359060,2020-06-05 12:11:00+00:00
43833888,jinan-telecom,wuhan-telecom,40.8571,0.0,icmp,1591359180,2020-06-05 12:13:00+00:00
43834107,jinan-telecom,wuhan-telecom,40.7554,0.0,icmp,1591359300,2020-06-05 12:15:00+00:00
43834358,jinan-telecom,wuhan-telecom,39.6651,0.0,icmp,1591359439,2020-06-05 12:17:19+00:00
43834566,jinan-telecom,wuhan-telecom,40.4704,0.0,icmp,1591359540,2020-06-05 12:19:00+00:00
43834794,jinan-telecom,wuhan-telecom,39.6619,0.0,icmp,1591359619,2020-06-05 12:20:19+00:00
43835054,jinan-telecom,wuhan-telecom,41.5211,0.0,icmp,1591359780,2020-06-05 12:23:00+00:00
43835261,jinan-telecom,wuhan-telecom,39.6761,0.0,icmp,1591359859,2020-06-05 12:24:19+00:00
43835497,jinan-telecom,wuhan-telecom,41.1827,0.0,icmp,1591360020,2020-06-05 12:27:00+00:00
43835731,jinan-telecom,wuhan-telecom,39.7122,0.0,icmp,1591360144,2020-06-05 12:29:04+00:00
43835953,jinan-telecom,wuhan-telecom,40.4671,0.0,icmp,1591360260,2020-06-05 12:31:00+00:00
43836193,jinan-telecom,wuhan-telecom,41.4948,0.0,icmp,1591360380,2020-06-05 12:33:00+00:00
43836421,jinan-telecom,wuhan-telecom,39.6424,0.0,icmp,1591360459,2020-06-05 12:34:19+00:00
43836630,jinan-telecom,wuhan-telecom,41.27,0.0,icmp,1591360620,2020-06-05 12:37:00+00:00
43836855,jinan-telecom,wuhan-telecom,41.5883,0.0,icmp,1591360740,2020-06-05 12:39:00+00:00
43837113,jinan-telecom,wuhan-telecom,43.4081,0.0,icmp,1591360860,2020-06-05 12:41:00+00:00
43837324,jinan-telecom,wuhan-telecom,42.3581,0.0,icmp,1591360980,2020-06-05 12:43:00+00:00
43837567,jinan-telecom,wuhan-telecom,41.0063,0.0,icmp,1591361100,2020-06-05 12:45:00+00:00
43837782,jinan-telecom,wuhan-telecom,40.4952,0.0,icmp,1591361220,2020-06-05 12:47:00+00:00
43838011,jinan-telecom,wuhan-telecom,39.6433,0.0,icmp,1591361299,2020-06-05 12:48:19+00:00
43838227,jinan-telecom,wuhan-telecom,39.6697,0.0,icmp,1591361419,2020-06-05 12:50:19+00:00
43838478,jinan-telecom,wuhan-telecom,42.2378,0.0,icmp,1591361580,2020-06-05 12:53:00+00:00
43838704,jinan-telecom,wuhan-telecom,41.0695,0.0,icmp,1591361700,2020-06-05 12:55:00+00:00
43838933,jinan-telecom,wuhan-telecom,41.0223,0.0,icmp,1591361820,2020-06-05 12:57:00+00:00
43839169,jinan-telecom,wuhan-telecom,39.9461,0.0,icmp,1591361940,2020-06-05 12:59:00+00:00
43839374,jinan-telecom,wuhan-telecom,40.7546,0.0,icmp,1591362060,2020-06-05 13:01:00+00:00
43839602,jinan-telecom,wuhan-telecom,39.6761,0.0,icmp,1591362199,2020-06-05 13:03:19+00:00
43839854,jinan-telecom,wuhan-telecom,39.9927,0.0,icmp,1591362300,2020-06-05 13:05:00+00:00
43840090,jinan-telecom,wuhan-telecom,39.6242,0.0,icmp,1591362379,2020-06-05 13:06:19+00:00
43840295,jinan-telecom,wuhan-telecom,42.1646,0.0,icmp,1591362540,2020-06-05 13:09:00+00:00
43840519,jinan-telecom,wuhan-telecom,39.6551,0.0,icmp,1591362619,2020-06-05 13:10:19+00:00
43840761,jinan-telecom,wuhan-telecom,39.6521,0.0,icmp,1591362799,2020-06-05 13:13:19+00:00
43840993,jinan-telecom,wuhan-telecom,43.5313,0.0,icmp,1591362900,2020-06-05 13:15:00+00:00
43841215,jinan-telecom,wuhan-telecom,40.5237,0.0,icmp,1591363020,2020-06-05 13:17:00+00:00
43841433,jinan-telecom,wuhan-telecom,42.7627,0.0,icmp,1591363140,2020-06-05 13:19:00+00:00
43841685,jinan-telecom,wuhan-telecom,39.7418,0.0,icmp,1591363279,2020-06-05 13:21:19+00:00
43841921,jinan-telecom,wuhan-telecom,42.0006,0.0,icmp,1591363380,2020-06-05 13:23:00+00:00
43842123,jinan-telecom,wuhan-telecom,42.2004,0.0,icmp,1591363500,2020-06-05 13:25:00+00:00
43842373,jinan-telecom,wuhan-telecom,39.6051,0.0,icmp,1591363639,2020-06-05 13:27:19+00:00
43842595,jinan-telecom,wuhan-telecom,41.7504,0.0,icmp,1591363740,2020-06-05 13:29:00+00:00
43842837,jinan-telecom,wuhan-telecom,40.7342,0.0,icmp,1591363860,2020-06-05 13:31:00+00:00
43843044,jinan-telecom,wuhan-telecom,39.6613,0.0,icmp,1591363939,2020-06-05 13:32:19+00:00
43843287,jinan-telecom,wuhan-telecom,40.7516,0.0,icmp,1591364100,2020-06-05 13:35:00+00:00
43843523,jinan-telecom,wuhan-telecom,40.1556,0.0,icmp,1591364165,2020-06-05 13:36:05+00:00
43843747,jinan-telecom,wuhan-telecom,40.3755,0.0,icmp,1591364340,2020-06-05 13:39:00+00:00
43843971,jinan-telecom,wuhan-telecom,39.6735,0.0,icmp,1591364479,2020-06-05 13:41:19+00:00
43844202,jinan-telecom,wuhan-telecom,41.908,0.0,icmp,1591364580,2020-06-05 13:43:00+00:00
43844411,jinan-telecom,wuhan-telecom,40.1229,0.0,icmp,1591364700,2020-06-05 13:45:00+00:00
43844649,jinan-telecom,wuhan-telecom,41.5132,0.0,icmp,1591364820,2020-06-05 13:47:00+00:00
43844881,jinan-telecom,wuhan-telecom,39.6012,0.0,icmp,1591364899,2020-06-05 13:48:19+00:00
43845126,jinan-telecom,wuhan-telecom,40.7257,0.0,icmp,1591365060,2020-06-05 13:51:00+00:00
43845337,jinan-telecom,wuhan-telecom,39.7046,0.0,icmp,1591365139,2020-06-05 13:52:19+00:00
43845553,jinan-telecom,wuhan-telecom,40.8576,0.0,icmp,1591365300,2020-06-05 13:55:00+00:00
43845795,jinan-telecom,wuhan-telecom,41.8149,0.0,icmp,1591365420,2020-06-05 13:57:00+00:00
43846045,jinan-telecom,wuhan-telecom,41.5427,0.0,icmp,1591365540,2020-06-05 13:59:00+00:00
43846275,jinan-telecom,wuhan-telecom,41.9,0.0,icmp,1591365660,2020-06-05 14:01:00+00:00
43846490,jinan-telecom,wuhan-telecom,41.7153,0.0,icmp,1591365780,2020-06-05 14:03:00+00:00
43846719,jinan-telecom,wuhan-telecom,41.459,0.0,icmp,1591365900,2020-06-05 14:05:00+00:00
43846956,jinan-telecom,wuhan-telecom,40.555,0.0,icmp,1591366020,2020-06-05 14:07:00+00:00
43847180,jinan-telecom,wuhan-telecom,39.6253,0.0,icmp,1591366099,2020-06-05 14:08:19+00:00
43847409,jinan-telecom,wuhan-telecom,39.6975,0.0,icmp,1591366219,2020-06-05 14:10:19+00:00
43847623,jinan-telecom,wuhan-telecom,41.355,0.0,icmp,1591366380,2020-06-05 14:13:00+00:00
43847874,jinan-telecom,wuhan-telecom,41.059,0.0,icmp,1591366500,2020-06-05 14:15:00+00:00
43848097,jinan-telecom,wuhan-telecom,39.6545,0.0,icmp,1591366579,2020-06-05 14:16:19+00:00
43848313,jinan-telecom,wuhan-telecom,41.6021,0.0,icmp,1591366740,2020-06-05 14:19:00+00:00
43848541,jinan-telecom,wuhan-telecom,42.58,0.0,icmp,1591366860,2020-06-05 14:21:00+00:00
43848779,jinan-telecom,wuhan-telecom,41.017,0.0,icmp,1591366980,2020-06-05 14:23:00+00:00
43848989,jinan-telecom,wuhan-telecom,40.0705,0.0,icmp,1591367100,2020-06-05 14:25:00+00:00
43849233,jinan-telecom,wuhan-telecom,42.5492,0.0,icmp,1591367220,2020-06-05 14:27:00+00:00
43849460,jinan-telecom,wuhan-telecom,41.2251,0.0,icmp,1591367340,2020-06-05 14:29:00+00:00
43849730,jinan-telecom,wuhan-telecom,41.281,0.0,icmp,1591367460,2020-06-05 14:31:00+00:00
43849919,jinan-telecom,wuhan-telecom,40.5872,0.0,icmp,1591367580,2020-06-05 14:33:00+00:00
43850137,jinan-telecom,wuhan-telecom,41.4402,0.0,icmp,1591367700,2020-06-05 14:35:00+00:00
43850378,jinan-telecom,wuhan-telecom,39.6639,0.0,icmp,1591367779,2020-06-05 14:36:19+00:00
43850600,jinan-telecom,wuhan-telecom,40.6897,0.0,icmp,1591367940,2020-06-05 14:39:00+00:00
43850837,jinan-telecom,wuhan-telecom,41.3478,0.0,icmp,1591368060,2020-06-05 14:41:00+00:00
43851060,jinan-telecom,wuhan-telecom,39.6625,0.0,icmp,1591368199,2020-06-05 14:43:19+00:00
43851302,jinan-telecom,wuhan-telecom,39.656,0.0,icmp,1591368319,2020-06-05 14:45:19+00:00
43851518,jinan-telecom,wuhan-telecom,42.1937,0.0,icmp,1591368420,2020-06-05 14:47:00+00:00
43851769,jinan-telecom,wuhan-telecom,40.4243,0.0,icmp,1591368540,2020-06-05 14:49:00+00:00
43851978,jinan-telecom,wuhan-telecom,40.2383,0.0,icmp,1591368660,2020-06-05 14:51:00+00:00
43852225,jinan-telecom,wuhan-telecom,40.1891,0.0,icmp,1591368780,2020-06-05 14:53:00+00:00
43852441,jinan-telecom,wuhan-telecom,39.6062,0.0,icmp,1591368919,2020-06-05 14:55:19+00:00
43852661,jinan-telecom,wuhan-telecom,42.281,0.0,icmp,1591369020,2020-06-05 14:57:00+00:00
43852889,jinan-telecom,wuhan-telecom,41.449,0.0,icmp,1591369140,2020-06-05 14:59:00+00:00
43853124,jinan-telecom,wuhan-telecom,40.9067,0.0,icmp,1591369260,2020-06-05 15:01:00+00:00
43853382,jinan-telecom,wuhan-telecom,41.026,0.0,icmp,1591369380,2020-06-05 15:03:00+00:00
43853594,jinan-telecom,wuhan-telecom,39.6721,0.0,icmp,1591369459,2020-06-05 15:04:19+00:00
43853825,jinan-telecom,wuhan-telecom,40.1732,0.0,icmp,1591369620,2020-06-05 15:07:00+00:00
43854064,jinan-telecom,wuhan-telecom,40.872,0.0,icmp,1591369740,2020-06-05 15:09:00+00:00
43854277,jinan-telecom,wuhan-telecom,39.6922,0.0,icmp,1591369879,2020-06-05 15:11:19+00:00
43854488,jinan-telecom,wuhan-telecom,40.7598,0.0,icmp,1591369980,2020-06-05 15:13:00+00:00
43854737,jinan-telecom,wuhan-telecom,41.5433,0.0,icmp,1591370100,2020-06-05 15:15:00+00:00
43854957,jinan-telecom,wuhan-telecom,39.7534,0.0,icmp,1591370179,2020-06-05 15:16:19+00:00
43855193,jinan-telecom,wuhan-telecom,42.3332,0.0,icmp,1591370340,2020-06-05 15:19:00+00:00
43855405,jinan-telecom,wuhan-telecom,39.9429,0.0,icmp,1591370460,2020-06-05 15:21:00+00:00
43855653,jinan-telecom,wuhan-telecom,41.159,0.0,icmp,1591370580,2020-06-05 15:23:00+00:00
43855893,jinan-telecom,wuhan-telecom,39.6678,0.0,icmp,1591370719,2020-06-05 15:25:19+00:00
43856117,jinan-telecom,wuhan-telecom,40.0935,0.0,icmp,1591370820,2020-06-05 15:27:00+00:00
43856318,jinan-telecom,wuhan-telecom,41.882,0.0,icmp,1591370940,2020-06-05 15:29:00+00:00
43856579,jinan-telecom,wuhan-telecom,39.7491,0.0,icmp,1591371060,2020-06-05 15:31:00+00:00
43856802,jinan-telecom,wuhan-telecom,40.5929,0.0,icmp,1591371180,2020-06-05 15:33:00+00:00
43857017,jinan-telecom,wuhan-telecom,40.5553,0.0,icmp,1591371300,2020-06-05 15:35:00+00:00
43857252,jinan-telecom,wuhan-telecom,40.5119,0.0,icmp,1591371420,2020-06-05 15:37:00+00:00
43857474,jinan-telecom,wuhan-telecom,40.8961,0.0,icmp,1591371540,2020-06-05 15:39:00+00:00
43857719,jinan-telecom,wuhan-telecom,41.7124,0.0,icmp,1591371660,2020-06-05 15:41:00+00:00
43857953,jinan-telecom,wuhan-telecom,39.6513,0.0,icmp,1591371739,2020-06-05 15:42:19+00:00
43858179,jinan-telecom,wuhan-telecom,39.6478,0.0,icmp,1591371919,2020-06-05 15:45:19+00:00
43858386,jinan-telecom,wuhan-telecom,40.8099,0.0,icmp,1591372020,2020-06-05 15:47:00+00:00
43858632,jinan-telecom,wuhan-telecom,39.6596,0.0,icmp,1591372099,2020-06-05 15:48:19+00:00
43858859,jinan-telecom,wuhan-telecom,41.0673,0.0,icmp,1591372260,2020-06-05 15:51:00+00:00
43859106,jinan-telecom,wuhan-telecom,41.0908,0.0,icmp,1591372380,2020-06-05 15:53:00+00:00
43859306,jinan-telecom,wuhan-telecom,39.6458,0.0,icmp,1591372459,2020-06-05 15:54:19+00:00
43859526,jinan-telecom,wuhan-telecom,42.5003,0.0,icmp,1591372620,2020-06-05 15:57:00+00:00
43859787,jinan-telecom,wuhan-telecom,42.2617,0.0,icmp,1591372740,2020-06-05 15:59:00+00:00
43860001,jinan-telecom,wuhan-telecom,41.1647,0.0,icmp,1591372860,2020-06-05 16:01:00+00:00
43860226,jinan-telecom,wuhan-telecom,41.2172,0.0,icmp,1591372980,2020-06-05 16:03:00+00:00
43860459,jinan-telecom,wuhan-telecom,41.7038,0.0,icmp,1591373100,2020-06-05 16:05:00+00:00
43860673,jinan-telecom,wuhan-telecom,40.7702,0.0,icmp,1591373220,2020-06-05 16:07:00+00:00
43860896,jinan-telecom,wuhan-telecom,40.3544,0.0,icmp,1591373340,2020-06-05 16:09:00+00:00
43861124,jinan-telecom,wuhan-telecom,42.1586,0.0,icmp,1591373460,2020-06-05 16:11:00+00:00
43861337,jinan-telecom,wuhan-telecom,40.1947,0.0,icmp,1591373580,2020-06-05 16:13:00+00:00
46097730,jinan-telecom,wuhan-telecom,48.6919,0.0,icmp,1591311840,2020-06-04 23:04:00+00:00
46097938,jinan-telecom,wuhan-telecom,41.165,0.0,icmp,1591311960,2020-06-04 23:06:00+00:00
46098174,jinan-telecom,wuhan-telecom,49.5473,0.0,icmp,1591312080,2020-06-04 23:08:00+00:00
46098388,jinan-telecom,wuhan-telecom,50.1358,0.0,icmp,1591312200,2020-06-04 23:10:00+00:00
46098637,jinan-telecom,wuhan-telecom,47.6866,0.0,icmp,1591312320,2020-06-04 23:12:00+00:00
46098855,jinan-telecom,wuhan-telecom,39.7171,0.0,icmp,1591312399,2020-06-04 23:13:19+00:00
46099091,jinan-telecom,wuhan-telecom,39.7035,0.0,icmp,1591312519,2020-06-04 23:15:19+00:00
46099311,jinan-telecom,wuhan-telecom,45.4886,0.0,icmp,1591312680,2020-06-04 23:18:00+00:00
46099539,jinan-telecom,wuhan-telecom,39.6381,0.0,icmp,1591312759,2020-06-04 23:19:19+00:00
46099769,jinan-telecom,wuhan-telecom,46.0685,0.0,icmp,1591312920,2020-06-04 23:22:00+00:00
46100003,jinan-telecom,wuhan-telecom,39.6169,0.0,icmp,1591312999,2020-06-04 23:23:19+00:00
46100241,jinan-telecom,wuhan-telecom,39.7938,0.0,icmp,1591313119,2020-06-04 23:25:19+00:00
46100455,jinan-telecom,wuhan-telecom,47.5859,0.0,icmp,1591313280,2020-06-04 23:28:00+00:00
46100691,jinan-telecom,wuhan-telecom,48.0293,0.0,icmp,1591313400,2020-06-04 23:30:00+00:00
46100909,jinan-telecom,wuhan-telecom,40.037,0.0,icmp,1591313479,2020-06-04 23:31:19+00:00
46101140,jinan-telecom,wuhan-telecom,49.6622,0.0,icmp,1591313640,2020-06-04 23:34:00+00:00
46101364,jinan-telecom,wuhan-telecom,46.2601,0.0,icmp,1591313760,2020-06-04 23:36:00+00:00
46101604,jinan-telecom,wuhan-telecom,39.886,0.0,icmp,1591313839,2020-06-04 23:37:19+00:00
46101822,jinan-telecom,wuhan-telecom,45.3763,0.0,icmp,1591314000,2020-06-04 23:40:00+00:00
46102049,jinan-telecom,wuhan-telecom,48.0456,0.0,icmp,1591314120,2020-06-04 23:42:00+00:00
46102290,jinan-telecom,wuhan-telecom,45.189,0.0,icmp,1591314240,2020-06-04 23:44:00+00:00
46102510,jinan-telecom,wuhan-telecom,47.9136,0.0,icmp,1591314360,2020-06-04 23:46:00+00:00
46102743,jinan-telecom,wuhan-telecom,49.4541,0.0,icmp,1591314480,2020-06-04 23:48:00+00:00
46102982,jinan-telecom,wuhan-telecom,51.1196,0.0,icmp,1591314600,2020-06-04 23:50:00+00:00
46103219,jinan-telecom,wuhan-telecom,43.1495,0.0,icmp,1591314720,2020-06-04 23:52:00+00:00
46103445,jinan-telecom,wuhan-telecom,45.8017,0.0,icmp,1591314840,2020-06-04 23:54:00+00:00
46103659,jinan-telecom,wuhan-telecom,39.6901,0.0,icmp,1591314919,2020-06-04 23:55:19+00:00
46103880,jinan-telecom,wuhan-telecom,39.6517,0.0,icmp,1591315039,2020-06-04 23:57:19+00:00
46104131,jinan-telecom,wuhan-telecom,46.5375,0.0,icmp,1591315200,2020-06-05 00:00:00+00:00
46104334,jinan-telecom,wuhan-telecom,39.8862,0.0,icmp,1591315279,2020-06-05 00:01:19+00:00
46104595,jinan-telecom,wuhan-telecom,49.87,0.0,icmp,1591315440,2020-06-05 00:04:00+00:00
46104815,jinan-telecom,wuhan-telecom,49.179,0.0,icmp,1591315560,2020-06-05 00:06:00+00:00
46105027,jinan-telecom,wuhan-telecom,49.5006,0.0,icmp,1591315680,2020-06-05 00:08:00+00:00
46105265,jinan-telecom,wuhan-telecom,46.9483,0.0,icmp,1591315800,2020-06-05 00:10:00+00:00
46105495,jinan-telecom,wuhan-telecom,40.251,0.0,icmp,1591315879,2020-06-05 00:11:19+00:00
46105737,jinan-telecom,wuhan-telecom,39.7588,0.0,icmp,1591315999,2020-06-05 00:13:19+00:00
46105960,jinan-telecom,wuhan-telecom,49.1546,0.0,icmp,1591316160,2020-06-05 00:16:00+00:00
46106170,jinan-telecom,wuhan-telecom,39.6634,0.0,icmp,1591316239,2020-06-05 00:17:19+00:00
46106415,jinan-telecom,wuhan-telecom,51.1561,0.0,icmp,1591316400,2020-06-05 00:20:00+00:00
46106642,jinan-telecom,wuhan-telecom,39.6891,0.0,icmp,1591316479,2020-06-05 00:21:19+00:00
46106876,jinan-telecom,wuhan-telecom,39.8474,0.0,icmp,1591316599,2020-06-05 00:23:19+00:00
46107113,jinan-telecom,wuhan-telecom,39.6974,0.0,icmp,1591316719,2020-06-05 00:25:19+00:00
46107323,jinan-telecom,wuhan-telecom,49.699,0.0,icmp,1591316880,2020-06-05 00:28:00+00:00
46107558,jinan-telecom,wuhan-telecom,51.5154,0.0,icmp,1591317000,2020-06-05 00:30:00+00:00
46107786,jinan-telecom,wuhan-telecom,39.7279,0.0,icmp,1591317079,2020-06-05 00:31:19+00:00
46108001,jinan-telecom,wuhan-telecom,42.6606,0.0,icmp,1591317240,2020-06-05 00:34:00+00:00
46108251,jinan-telecom,wuhan-telecom,39.6183,0.0,icmp,1591317319,2020-06-05 00:35:19+00:00
46108461,jinan-telecom,wuhan-telecom,46.7002,0.0,icmp,1591317480,2020-06-05 00:38:00+00:00
46108711,jinan-telecom,wuhan-telecom,39.6735,0.0,icmp,1591317559,2020-06-05 00:39:19+00:00
46108925,jinan-telecom,wuhan-telecom,48.0826,0.0,icmp,1591317720,2020-06-05 00:42:00+00:00
46109159,jinan-telecom,wuhan-telecom,49.1553,0.0,icmp,1591317840,2020-06-05 00:44:00+00:00
46109398,jinan-telecom,wuhan-telecom,39.7565,0.0,icmp,1591317919,2020-06-05 00:45:19+00:00
46109627,jinan-telecom,wuhan-telecom,39.6401,0.0,icmp,1591318039,2020-06-05 00:47:19+00:00
46109833,jinan-telecom,wuhan-telecom,48.7366,0.0,icmp,1591318200,2020-06-05 00:50:00+00:00
46110097,jinan-telecom,wuhan-telecom,51.3827,0.0,icmp,1591318320,2020-06-05 00:52:00+00:00
46110337,jinan-telecom,wuhan-telecom,39.6913,0.0,icmp,1591318399,2020-06-05 00:53:19+00:00
46110547,jinan-telecom,wuhan-telecom,50.1566,0.0,icmp,1591318560,2020-06-05 00:56:00+00:00
46110768,jinan-telecom,wuhan-telecom,47.0392,0.0,icmp,1591318680,2020-06-05 00:58:00+00:00
46110997,jinan-telecom,wuhan-telecom,46.5259,0.0,icmp,1591318800,2020-06-05 01:00:00+00:00
46111212,jinan-telecom,wuhan-telecom,50.0808,0.0,icmp,1591318920,2020-06-05 01:02:00+00:00
46111458,jinan-telecom,wuhan-telecom,50.5293,0.0,icmp,1591319040,2020-06-05 01:04:00+00:00
46111664,jinan-telecom,wuhan-telecom,52.059,0.0,icmp,1591319160,2020-06-05 01:06:00+00:00
46111913,jinan-telecom,wuhan-telecom,48.8369,0.0,icmp,1591319280,2020-06-05 01:08:00+00:00
46112131,jinan-telecom,wuhan-telecom,44.4476,0.0,icmp,1591319400,2020-06-05 01:10:00+00:00
46112359,jinan-telecom,wuhan-telecom,51.9463,0.0,icmp,1591319520,2020-06-05 01:12:00+00:00
46112574,jinan-telecom,wuhan-telecom,40.174,0.0,icmp,1591319640,2020-06-05 01:14:00+00:00
46112820,jinan-telecom,wuhan-telecom,48.7613,0.0,icmp,1591319760,2020-06-05 01:16:00+00:00
46113040,jinan-telecom,wuhan-telecom,39.7607,0.0,icmp,1591319839,2020-06-05 01:17:19+00:00
46113288,jinan-telecom,wuhan-telecom,49.4656,0.0,icmp,1591320000,2020-06-05 01:20:00+00:00
46113509,jinan-telecom,wuhan-telecom,46.628,0.0,icmp,1591320120,2020-06-05 01:22:00+00:00
46113727,jinan-telecom,wuhan-telecom,45.5474,0.0,icmp,1591320240,2020-06-05 01:24:00+00:00
46113957,jinan-telecom,wuhan-telecom,46.1205,0.0,icmp,1591320360,2020-06-05 01:26:00+00:00
46114187,jinan-telecom,wuhan-telecom,40.8347,0.0,icmp,1591320480,2020-06-05 01:28:00+00:00
46114414,jinan-telecom,wuhan-telecom,39.6514,0.0,icmp,1591320559,2020-06-05 01:29:19+00:00
46114651,jinan-telecom,wuhan-telecom,47.1007,0.0,icmp,1591320720,2020-06-05 01:32:00+00:00
46114854,jinan-telecom,wuhan-telecom,40.896,0.0,icmp,1591320840,2020-06-05 01:34:00+00:00
46115094,jinan-telecom,wuhan-telecom,40.1069,0.0,icmp,1591320960,2020-06-05 01:36:00+00:00
46115301,jinan-telecom,wuhan-telecom,41.558,0.0,icmp,1591321080,2020-06-05 01:38:00+00:00
46115534,jinan-telecom,wuhan-telecom,41.248,0.0,icmp,1591321200,2020-06-05 01:40:00+00:00
46115748,jinan-telecom,wuhan-telecom,39.7298,0.0,icmp,1591321320,2020-06-05 01:42:00+00:00
46115960,jinan-telecom,wuhan-telecom,40.1716,0.0,icmp,1591321440,2020-06-05 01:44:00+00:00
46116184,jinan-telecom,wuhan-telecom,40.89,0.0,icmp,1591321560,2020-06-05 01:46:00+00:00
46116423,jinan-telecom,wuhan-telecom,39.6188,0.0,icmp,1591321639,2020-06-05 01:47:19+00:00
46116648,jinan-telecom,wuhan-telecom,39.7517,0.0,icmp,1591321819,2020-06-05 01:50:19+00:00
46116851,jinan-telecom,wuhan-telecom,39.7604,0.0,icmp,1591321920,2020-06-05 01:52:00+00:00
46117055,jinan-telecom,wuhan-telecom,41.5575,0.0,icmp,1591322040,2020-06-05 01:54:00+00:00
46117295,jinan-telecom,wuhan-telecom,39.8419,0.0,icmp,1591322119,2020-06-05 01:55:19+00:00
46117496,jinan-telecom,wuhan-telecom,41.4011,0.0,icmp,1591322280,2020-06-05 01:58:00+00:00
46117728,jinan-telecom,wuhan-telecom,39.6643,0.0,icmp,1591322359,2020-06-05 01:59:19+00:00
46117954,jinan-telecom,wuhan-telecom,41.4633,0.0,icmp,1591322520,2020-06-05 02:02:00+00:00
46118189,jinan-telecom,wuhan-telecom,41.3151,0.0,icmp,1591322640,2020-06-05 02:04:00+00:00
46118400,jinan-telecom,wuhan-telecom,41.3863,0.0,icmp,1591322760,2020-06-05 02:06:00+00:00
46118651,jinan-telecom,wuhan-telecom,41.3642,0.0,icmp,1591322880,2020-06-05 02:08:00+00:00
46118851,jinan-telecom,wuhan-telecom,39.691,0.0,icmp,1591322959,2020-06-05 02:09:19+00:00
46119099,jinan-telecom,wuhan-telecom,39.6406,0.0,icmp,1591323079,2020-06-05 02:11:19+00:00
46119328,jinan-telecom,wuhan-telecom,41.4973,0.0,icmp,1591323240,2020-06-05 02:14:00+00:00
46119537,jinan-telecom,wuhan-telecom,43.4036,0.0,icmp,1591323304,2020-06-05 02:15:04+00:00
46119783,jinan-telecom,wuhan-telecom,41.1963,0.0,icmp,1591323480,2020-06-05 02:18:00+00:00
46120028,jinan-telecom,wuhan-telecom,41.2488,0.0,icmp,1591323600,2020-06-05 02:20:00+00:00
46120249,jinan-telecom,wuhan-telecom,40.3386,0.0,icmp,1591323720,2020-06-05 02:22:00+00:00
46120457,jinan-telecom,wuhan-telecom,39.6026,0.0,icmp,1591323799,2020-06-05 02:23:19+00:00
46120690,jinan-telecom,wuhan-telecom,41.6697,0.0,icmp,1591323960,2020-06-05 02:26:00+00:00
46120946,jinan-telecom,wuhan-telecom,39.6396,0.0,icmp,1591324099,2020-06-05 02:28:19+00:00
46121154,jinan-telecom,wuhan-telecom,42.303,0.0,icmp,1591324200,2020-06-05 02:30:00+00:00
46121398,jinan-telecom,wuhan-telecom,39.8292,0.0,icmp,1591324320,2020-06-05 02:32:00+00:00
46121616,jinan-telecom,wuhan-telecom,40.6137,0.0,icmp,1591324440,2020-06-05 02:34:00+00:00
46121834,jinan-telecom,wuhan-telecom,39.7615,0.0,icmp,1591324519,2020-06-05 02:35:19+00:00
46122062,jinan-telecom,wuhan-telecom,40.362,0.0,icmp,1591324680,2020-06-05 02:38:00+00:00
46122294,jinan-telecom,wuhan-telecom,40.6701,0.0,icmp,1591324800,2020-06-05 02:40:00+00:00
46122534,jinan-telecom,wuhan-telecom,40.9201,0.0,icmp,1591324920,2020-06-05 02:42:00+00:00
46122757,jinan-telecom,wuhan-telecom,41.779,0.0,icmp,1591325040,2020-06-05 02:44:00+00:00
46122984,jinan-telecom,wuhan-telecom,39.6716,0.0,icmp,1591325179,2020-06-05 02:46:19+00:00
46123209,jinan-telecom,wuhan-telecom,39.5978,0.0,icmp,1591325299,2020-06-05 02:48:19+00:00
46123459,jinan-telecom,wuhan-telecom,41.5552,0.0,icmp,1591325400,2020-06-05 02:50:00+00:00
46123690,jinan-telecom,wuhan-telecom,39.636,0.0,icmp,1591325539,2020-06-05 02:52:19+00:00
46123900,jinan-telecom,wuhan-telecom,40.9743,0.0,icmp,1591325640,2020-06-05 02:54:00+00:00
46124131,jinan-telecom,wuhan-telecom,39.6663,0.0,icmp,1591325719,2020-06-05 02:55:19+00:00
46124352,jinan-telecom,wuhan-telecom,39.6111,0.0,icmp,1591325839,2020-06-05 02:57:19+00:00
46124596,jinan-telecom,wuhan-telecom,40.0128,0.0,icmp,1591326000,2020-06-05 03:00:00+00:00
46124832,jinan-telecom,wuhan-telecom,42.1733,0.0,icmp,1591326120,2020-06-05 03:02:00+00:00
46125051,jinan-telecom,wuhan-telecom,40.924,0.0,icmp,1591326240,2020-06-05 03:04:00+00:00
46125294,jinan-telecom,wuhan-telecom,41.9519,0.0,icmp,1591326360,2020-06-05 03:06:00+00:00
46125504,jinan-telecom,wuhan-telecom,40.5744,0.0,icmp,1591326480,2020-06-05 03:08:00+00:00
46125745,jinan-telecom,wuhan-telecom,39.6555,0.0,icmp,1591326559,2020-06-05 03:09:19+00:00
46125956,jinan-telecom,wuhan-telecom,39.9259,0.0,icmp,1591326720,2020-06-05 03:12:00+00:00
46126164,jinan-telecom,wuhan-telecom,39.7922,0.0,icmp,1591326859,2020-06-05 03:14:19+00:00
46126434,jinan-telecom,wuhan-telecom,41.2764,0.0,icmp,1591326960,2020-06-05 03:16:00+00:00
46126666,jinan-telecom,wuhan-telecom,39.5823,0.0,icmp,1591327099,2020-06-05 03:18:19+00:00
46126878,jinan-telecom,wuhan-telecom,40.5341,0.0,icmp,1591327200,2020-06-05 03:20:00+00:00
46127096,jinan-telecom,wuhan-telecom,41.1455,0.0,icmp,1591327320,2020-06-05 03:22:00+00:00
46127336,jinan-telecom,wuhan-telecom,41.5423,0.0,icmp,1591327440,2020-06-05 03:24:00+00:00
46127561,jinan-telecom,wuhan-telecom,40.6602,0.0,icmp,1591327560,2020-06-05 03:26:00+00:00
46127803,jinan-telecom,wuhan-telecom,41.3089,0.0,icmp,1591327680,2020-06-05 03:28:00+00:00
46128018,jinan-telecom,wuhan-telecom,41.7043,0.0,icmp,1591327800,2020-06-05 03:30:00+00:00
46128256,jinan-telecom,wuhan-telecom,40.6292,0.0,icmp,1591327920,2020-06-05 03:32:00+00:00
46128464,jinan-telecom,wuhan-telecom,39.5936,0.0,icmp,1591327999,2020-06-05 03:33:19+00:00
46128710,jinan-telecom,wuhan-telecom,39.7467,0.0,icmp,1591328105,2020-06-05 03:35:05+00:00
46128945,jinan-telecom,wuhan-telecom,39.6301,0.0,icmp,1591328239,2020-06-05 03:37:19+00:00
46129157,jinan-telecom,wuhan-telecom,41.1651,0.0,icmp,1591328400,2020-06-05 03:40:00+00:00
46129409,jinan-telecom,wuhan-telecom,39.6162,0.0,icmp,1591328479,2020-06-05 03:41:19+00:00
46129625,jinan-telecom,wuhan-telecom,40.1803,0.0,icmp,1591328640,2020-06-05 03:44:00+00:00
46129874,jinan-telecom,wuhan-telecom,41.1645,0.0,icmp,1591328760,2020-06-05 03:46:00+00:00
46130064,jinan-telecom,wuhan-telecom,40.4856,0.0,icmp,1591328880,2020-06-05 03:48:00+00:00
46130309,jinan-telecom,wuhan-telecom,39.6073,0.0,icmp,1591329019,2020-06-05 03:50:19+00:00
46130530,jinan-telecom,wuhan-telecom,41.7099,0.0,icmp,1591329120,2020-06-05 03:52:00+00:00
46130756,jinan-telecom,wuhan-telecom,40.9427,0.0,icmp,1591329240,2020-06-05 03:54:00+00:00
46131008,jinan-telecom,wuhan-telecom,41.0056,0.0,icmp,1591329360,2020-06-05 03:56:00+00:00
46131246,jinan-telecom,wuhan-telecom,39.6609,0.0,icmp,1591329439,2020-06-05 03:57:19+00:00
46131466,jinan-telecom,wuhan-telecom,39.6118,0.0,icmp,1591329619,2020-06-05 04:00:19+00:00
46131677,jinan-telecom,wuhan-telecom,41.6935,0.0,icmp,1591329720,2020-06-05 04:02:00+00:00
46131919,jinan-telecom,wuhan-telecom,40.9338,0.0,icmp,1591329840,2020-06-05 04:04:00+00:00
46132134,jinan-telecom,wuhan-telecom,40.2617,0.0,icmp,1591329960,2020-06-05 04:06:00+00:00
46132371,jinan-telecom,wuhan-telecom,40.8029,0.0,icmp,1591330080,2020-06-05 04:08:00+00:00
46132611,jinan-telecom,wuhan-telecom,41.7243,0.0,icmp,1591330200,2020-06-05 04:10:00+00:00
46132815,jinan-telecom,wuhan-telecom,41.4613,0.0,icmp,1591330320,2020-06-05 04:12:00+00:00
46133051,jinan-telecom,wuhan-telecom,41.0806,0.0,icmp,1591330440,2020-06-05 04:14:00+00:00
46133284,jinan-telecom,wuhan-telecom,39.6797,0.0,icmp,1591330579,2020-06-05 04:16:19+00:00
46133508,jinan-telecom,wuhan-telecom,40.3969,0.0,icmp,1591330680,2020-06-05 04:18:00+00:00
46133735,jinan-telecom,wuhan-telecom,41.7624,0.0,icmp,1591330800,2020-06-05 04:20:00+00:00
46133975,jinan-telecom,wuhan-telecom,40.5527,0.0,icmp,1591330920,2020-06-05 04:22:00+00:00
46134208,jinan-telecom,wuhan-telecom,40.7743,0.0,icmp,1591331040,2020-06-05 04:24:00+00:00
46134412,jinan-telecom,wuhan-telecom,39.7804,0.0,icmp,1591331179,2020-06-05 04:26:19+00:00
46134659,jinan-telecom,wuhan-telecom,40.068,0.0,icmp,1591331280,2020-06-05 04:28:00+00:00
46134880,jinan-telecom,wuhan-telecom,40.8738,0.0,icmp,1591331400,2020-06-05 04:30:00+00:00
46135125,jinan-telecom,wuhan-telecom,41.5207,0.0,icmp,1591331520,2020-06-05 04:32:00+00:00
46135366,jinan-telecom,wuhan-telecom,40.3777,0.0,icmp,1591331640,2020-06-05 04:34:00+00:00
46135595,jinan-telecom,wuhan-telecom,40.2974,0.0,icmp,1591331760,2020-06-05 04:36:00+00:00
46135803,jinan-telecom,wuhan-telecom,40.2029,0.0,icmp,1591331880,2020-06-05 04:38:00+00:00
46136036,jinan-telecom,wuhan-telecom,40.6778,0.0,icmp,1591332000,2020-06-05 04:40:00+00:00
46136291,jinan-telecom,wuhan-telecom,40.2321,0.0,icmp,1591332120,2020-06-05 04:42:00+00:00
46136503,jinan-telecom,wuhan-telecom,40.2555,0.0,icmp,1591332240,2020-06-05 04:44:00+00:00
46136714,jinan-telecom,wuhan-telecom,40.0942,0.0,icmp,1591332360,2020-06-05 04:46:00+00:00
46136956,jinan-telecom,wuhan-telecom,41.4477,0.0,icmp,1591332480,2020-06-05 04:48:00+00:00
46137199,jinan-telecom,wuhan-telecom,41.1276,0.0,icmp,1591332600,2020-06-05 04:50:00+00:00
46137424,jinan-telecom,wuhan-telecom,39.7921,0.0,icmp,1591332720,2020-06-05 04:52:00+00:00
46137630,jinan-telecom,wuhan-telecom,39.6086,0.0,icmp,1591332799,2020-06-05 04:53:19+00:00
46137874,jinan-telecom,wuhan-telecom,40.7433,0.0,icmp,1591332960,2020-06-05 04:56:00+00:00
46138090,jinan-telecom,wuhan-telecom,41.1973,0.0,icmp,1591333080,2020-06-05 04:58:00+00:00
46138330,jinan-telecom,wuhan-telecom,40.631,0.0,icmp,1591333200,2020-06-05 05:00:00+00:00
46138552,jinan-telecom,wuhan-telecom,39.6795,0.0,icmp,1591333339,2020-06-05 05:02:19+00:00
46138818,jinan-telecom,wuhan-telecom,41.4512,0.0,icmp,1591333440,2020-06-05 05:04:00+00:00
46139014,jinan-telecom,wuhan-telecom,40.3652,0.0,icmp,1591333560,2020-06-05 05:06:00+00:00
46139251,jinan-telecom,wuhan-telecom,39.6572,0.0,icmp,1591333639,2020-06-05 05:07:19+00:00
46139463,jinan-telecom,wuhan-telecom,41.2335,0.0,icmp,1591333800,2020-06-05 05:10:00+00:00
46139693,jinan-telecom,wuhan-telecom,40.0426,0.0,icmp,1591333920,2020-06-05 05:12:00+00:00
46139913,jinan-telecom,wuhan-telecom,39.6178,0.0,icmp,1591333999,2020-06-05 05:13:19+00:00
46140156,jinan-telecom,wuhan-telecom,39.7304,0.0,icmp,1591334119,2020-06-05 05:15:19+00:00
46140397,jinan-telecom,wuhan-telecom,39.8329,0.0,icmp,1591334224,2020-06-05 05:17:04+00:00
46140638,jinan-telecom,wuhan-telecom,40.9484,0.0,icmp,1591334400,2020-06-05 05:20:00+00:00
46140854,jinan-telecom,wuhan-telecom,39.8493,0.0,icmp,1591334520,2020-06-05 05:22:00+00:00
46141080,jinan-telecom,wuhan-telecom,41.2986,0.0,icmp,1591334640,2020-06-05 05:24:00+00:00
46141298,jinan-telecom,wuhan-telecom,40.7364,0.0,icmp,1591334760,2020-06-05 05:26:00+00:00
46141543,jinan-telecom,wuhan-telecom,39.6756,0.0,icmp,1591334839,2020-06-05 05:27:19+00:00
46141772,jinan-telecom,wuhan-telecom,39.6041,0.0,icmp,1591335019,2020-06-05 05:30:19+00:00
46141997,jinan-telecom,wuhan-telecom,40.3952,0.0,icmp,1591335120,2020-06-05 05:32:00+00:00
46142224,jinan-telecom,wuhan-telecom,41.1345,0.0,icmp,1591335240,2020-06-05 05:34:00+00:00
46142437,jinan-telecom,wuhan-telecom,40.8109,0.0,icmp,1591335360,2020-06-05 05:36:00+00:00
46142681,jinan-telecom,wuhan-telecom,39.6493,0.0,icmp,1591335499,2020-06-05 05:38:19+00:00
46142910,jinan-telecom,wuhan-telecom,42.1313,0.0,icmp,1591335600,2020-06-05 05:40:00+00:00
46143130,jinan-telecom,wuhan-telecom,40.1795,0.0,icmp,1591335725,2020-06-05 05:42:05+00:00
46143363,jinan-telecom,wuhan-telecom,42.0222,0.0,icmp,1591335840,2020-06-05 05:44:00+00:00
46143591,jinan-telecom,wuhan-telecom,40.8142,0.0,icmp,1591335960,2020-06-05 05:46:00+00:00
46143860,jinan-telecom,wuhan-telecom,42.2443,0.0,icmp,1591336080,2020-06-05 05:48:00+00:00
46144066,jinan-telecom,wuhan-telecom,40.7992,0.0,icmp,1591336200,2020-06-05 05:50:00+00:00
46144274,jinan-telecom,wuhan-telecom,40.5915,0.0,icmp,1591336320,2020-06-05 05:52:00+00:00
46144516,jinan-telecom,wuhan-telecom,39.6883,0.0,icmp,1591336399,2020-06-05 05:53:19+00:00
46144759,jinan-telecom,wuhan-telecom,39.6974,0.0,icmp,1591336579,2020-06-05 05:56:19+00:00
46144957,jinan-telecom,wuhan-telecom,40.717,0.0,icmp,1591336680,2020-06-05 05:58:00+00:00
46145205,jinan-telecom,wuhan-telecom,41.5004,0.0,icmp,1591336800,2020-06-05 06:00:00+00:00
46145438,jinan-telecom,wuhan-telecom,39.6636,0.0,icmp,1591336939,2020-06-05 06:02:19+00:00
46145666,jinan-telecom,wuhan-telecom,40.8495,0.0,icmp,1591337040,2020-06-05 06:04:00+00:00
46145889,jinan-telecom,wuhan-telecom,41.1232,0.0,icmp,1591337160,2020-06-05 06:06:00+00:00
46146118,jinan-telecom,wuhan-telecom,39.9453,0.0,icmp,1591337285,2020-06-05 06:08:05+00:00
46146360,jinan-telecom,wuhan-telecom,41.9431,0.0,icmp,1591337400,2020-06-05 06:10:00+00:00
46146567,jinan-telecom,wuhan-telecom,39.8207,0.0,icmp,1591337520,2020-06-05 06:12:00+00:00
46146799,jinan-telecom,wuhan-telecom,40.8051,0.0,icmp,1591337640,2020-06-05 06:14:00+00:00
46147015,jinan-telecom,wuhan-telecom,41.1477,0.0,icmp,1591337760,2020-06-05 06:16:00+00:00
46147259,jinan-telecom,wuhan-telecom,41.4664,0.0,icmp,1591337880,2020-06-05 06:18:00+00:00
46147504,jinan-telecom,wuhan-telecom,41.2927,0.0,icmp,1591338000,2020-06-05 06:20:00+00:00
46147729,jinan-telecom,wuhan-telecom,39.6429,0.0,icmp,1591338079,2020-06-05 06:21:19+00:00
46147927,jinan-telecom,wuhan-telecom,41.7343,0.0,icmp,1591338240,2020-06-05 06:24:00+00:00
46148170,jinan-telecom,wuhan-telecom,39.6041,0.0,icmp,1591338319,2020-06-05 06:25:19+00:00
46148422,jinan-telecom,wuhan-telecom,40.2771,0.0,icmp,1591338480,2020-06-05 06:28:00+00:00
46148641,jinan-telecom,wuhan-telecom,39.6325,0.0,icmp,1591338619,2020-06-05 06:30:19+00:00
46148850,jinan-telecom,wuhan-telecom,41.7545,0.0,icmp,1591338720,2020-06-05 06:32:00+00:00
46149102,jinan-telecom,wuhan-telecom,40.4103,0.0,icmp,1591338840,2020-06-05 06:34:00+00:00
46149334,jinan-telecom,wuhan-telecom,40.9333,0.0,icmp,1591338960,2020-06-05 06:36:00+00:00
46149553,jinan-telecom,wuhan-telecom,41.1876,0.0,icmp,1591339080,2020-06-05 06:38:00+00:00
46149773,jinan-telecom,wuhan-telecom,39.6481,0.0,icmp,1591339159,2020-06-05 06:39:19+00:00
46149994,jinan-telecom,wuhan-telecom,40.3175,0.0,icmp,1591339320,2020-06-05 06:42:00+00:00
46150238,jinan-telecom,wuhan-telecom,39.6652,0.0,icmp,1591339399,2020-06-05 06:43:19+00:00
46150464,jinan-telecom,wuhan-telecom,41.3169,0.0,icmp,1591339560,2020-06-05 06:46:00+00:00
46150683,jinan-telecom,wuhan-telecom,40.4345,0.0,icmp,1591339680,2020-06-05 06:48:00+00:00
46150922,jinan-telecom,wuhan-telecom,39.6658,0.0,icmp,1591339759,2020-06-05 06:49:19+00:00
46151138,jinan-telecom,wuhan-telecom,39.6561,0.0,icmp,1591339879,2020-06-05 06:51:19+00:00
46151373,jinan-telecom,wuhan-telecom,41.3059,0.0,icmp,1591340040,2020-06-05 06:54:00+00:00
46151614,jinan-telecom,wuhan-telecom,40.9247,0.0,icmp,1591340160,2020-06-05 06:56:00+00:00
46151852,jinan-telecom,wuhan-telecom,41.4203,0.0,icmp,1591340280,2020-06-05 06:58:00+00:00
46152067,jinan-telecom,wuhan-telecom,39.6259,0.0,icmp,1591340419,2020-06-05 07:00:19+00:00
46152323,jinan-telecom,wuhan-telecom,41.6495,0.0,icmp,1591340520,2020-06-05 07:02:00+00:00
46152537,jinan-telecom,wuhan-telecom,40.6671,0.0,icmp,1591340640,2020-06-05 07:04:00+00:00
46152751,jinan-telecom,wuhan-telecom,40.4624,0.0,icmp,1591340760,2020-06-05 07:06:00+00:00
46153008,jinan-telecom,wuhan-telecom,41.0109,0.0,icmp,1591340880,2020-06-05 07:08:00+00:00
46153201,jinan-telecom,wuhan-telecom,40.6863,0.0,icmp,1591341000,2020-06-05 07:10:00+00:00
46153440,jinan-telecom,wuhan-telecom,39.6737,0.0,icmp,1591341139,2020-06-05 07:12:19+00:00
46153655,jinan-telecom,wuhan-telecom,41.3909,0.0,icmp,1591341240,2020-06-05 07:14:00+00:00
46153901,jinan-telecom,wuhan-telecom,40.5435,0.0,icmp,1591341360,2020-06-05 07:16:00+00:00
46154122,jinan-telecom,wuhan-telecom,41.0504,0.0,icmp,1591341480,2020-06-05 07:18:00+00:00
46154356,jinan-telecom,wuhan-telecom,42.1494,0.0,icmp,1591341600,2020-06-05 07:20:00+00:00
46154582,jinan-telecom,wuhan-telecom,40.7298,0.0,icmp,1591341720,2020-06-05 07:22:00+00:00
46154823,jinan-telecom,wuhan-telecom,41.2067,0.0,icmp,1591341840,2020-06-05 07:24:00+00:00
46155050,jinan-telecom,wuhan-telecom,41.9166,0.0,icmp,1591341960,2020-06-05 07:26:00+00:00
46155290,jinan-telecom,wuhan-telecom,40.8917,0.0,icmp,1591342080,2020-06-05 07:28:00+00:00
46155516,jinan-telecom,wuhan-telecom,40.2035,0.0,icmp,1591342200,2020-06-05 07:30:00+00:00
46155732,jinan-telecom,wuhan-telecom,41.0219,0.0,icmp,1591342320,2020-06-05 07:32:00+00:00
46155965,jinan-telecom,wuhan-telecom,41.6155,0.0,icmp,1591342440,2020-06-05 07:34:00+00:00
46156194,jinan-telecom,wuhan-telecom,40.7668,0.0,icmp,1591342560,2020-06-05 07:36:00+00:00
46156423,jinan-telecom,wuhan-telecom,40.6101,0.0,icmp,1591342680,2020-06-05 07:38:00+00:00
46156651,jinan-telecom,wuhan-telecom,40.8743,0.0,icmp,1591342800,2020-06-05 07:40:00+00:00
46156890,jinan-telecom,wuhan-telecom,39.6127,0.0,icmp,1591342879,2020-06-05 07:41:19+00:00
46157112,jinan-telecom,wuhan-telecom,40.2779,0.0,icmp,1591343040,2020-06-05 07:44:00+00:00
46157362,jinan-telecom,wuhan-telecom,41.8822,0.0,icmp,1591343160,2020-06-05 07:46:00+00:00
46157568,jinan-telecom,wuhan-telecom,34.7344,0.0,icmp,1591343280,2020-06-05 07:48:00+00:00
46157786,jinan-telecom,wuhan-telecom,35.5325,0.0,icmp,1591343400,2020-06-05 07:50:00+00:00
46158019,jinan-telecom,wuhan-telecom,35.7502,0.0,icmp,1591343520,2020-06-05 07:52:00+00:00
46158256,jinan-telecom,wuhan-telecom,33.3838,0.0,icmp,1591343659,2020-06-05 07:54:19+00:00
46158478,jinan-telecom,wuhan-telecom,34.2772,0.0,icmp,1591343760,2020-06-05 07:56:00+00:00
46158707,jinan-telecom,wuhan-telecom,40.5644,0.0,icmp,1591343880,2020-06-05 07:58:00+00:00
46158956,jinan-telecom,wuhan-telecom,39.7901,0.0,icmp,1591343959,2020-06-05 07:59:19+00:00
46159155,jinan-telecom,wuhan-telecom,39.7212,0.0,icmp,1591344079,2020-06-05 08:01:19+00:00
46159391,jinan-telecom,wuhan-telecom,42.1463,0.0,icmp,1591344240,2020-06-05 08:04:00+00:00
46159639,jinan-telecom,wuhan-telecom,41.215,0.0,icmp,1591344360,2020-06-05 08:06:00+00:00
46159841,jinan-telecom,wuhan-telecom,41.8948,0.0,icmp,1591344480,2020-06-05 08:08:00+00:00
46160092,jinan-telecom,wuhan-telecom,39.7041,0.0,icmp,1591344619,2020-06-05 08:10:19+00:00
46160316,jinan-telecom,wuhan-telecom,40.6187,0.0,icmp,1591344720,2020-06-05 08:12:00+00:00
46160532,jinan-telecom,wuhan-telecom,41.4192,0.0,icmp,1591344840,2020-06-05 08:14:00+00:00
46160774,jinan-telecom,wuhan-telecom,41.6066,0.0,icmp,1591344960,2020-06-05 08:16:00+00:00
46160993,jinan-telecom,wuhan-telecom,40.5674,0.0,icmp,1591345080,2020-06-05 08:18:00+00:00
46161244,jinan-telecom,wuhan-telecom,42.2078,0.0,icmp,1591345200,2020-06-05 08:20:00+00:00
46161447,jinan-telecom,wuhan-telecom,41.3802,0.0,icmp,1591345320,2020-06-05 08:22:00+00:00
46161687,jinan-telecom,wuhan-telecom,41.3205,0.0,icmp,1591345440,2020-06-05 08:24:00+00:00
46161927,jinan-telecom,wuhan-telecom,41.5799,0.0,icmp,1591345560,2020-06-05 08:26:00+00:00
46162131,jinan-telecom,wuhan-telecom,39.8845,0.0,icmp,1591345699,2020-06-05 08:28:19+00:00
46162377,jinan-telecom,wuhan-telecom,41.3073,0.0,icmp,1591345800,2020-06-05 08:30:00+00:00
46162593,jinan-telecom,wuhan-telecom,40.06,0.0,icmp,1591345920,2020-06-05 08:32:00+00:00
46162846,jinan-telecom,wuhan-telecom,40.5706,0.0,icmp,1591346040,2020-06-05 08:34:00+00:00
46163072,jinan-telecom,wuhan-telecom,41.5835,0.0,icmp,1591346160,2020-06-05 08:36:00+00:00
46163292,jinan-telecom,wuhan-telecom,39.8173,0.0,icmp,1591346299,2020-06-05 08:38:19+00:00
46163508,jinan-telecom,wuhan-telecom,39.7383,0.0,icmp,1591346419,2020-06-05 08:40:19+00:00
46163768,jinan-telecom,wuhan-telecom,40.5116,0.0,icmp,1591346520,2020-06-05 08:42:00+00:00
46163986,jinan-telecom,wuhan-telecom,42.5473,0.0,icmp,1591346640,2020-06-05 08:44:00+00:00
46164213,jinan-telecom,wuhan-telecom,32.0445,0.0,icmp,1591346719,2020-06-05 08:45:19+00:00
46164446,jinan-telecom,wuhan-telecom,40.9737,0.0,icmp,1591346880,2020-06-05 08:48:00+00:00
46164662,jinan-telecom,wuhan-telecom,39.687,0.0,icmp,1591346959,2020-06-05 08:49:19+00:00
46164880,jinan-telecom,wuhan-telecom,40.861,0.0,icmp,1591347120,2020-06-05 08:52:00+00:00
46165124,jinan-telecom,wuhan-telecom,39.6246,0.0,icmp,1591347199,2020-06-05 08:53:19+00:00
46165339,jinan-telecom,wuhan-telecom,41.1321,0.0,icmp,1591347360,2020-06-05 08:56:00+00:00
46165620,jinan-telecom,wuhan-telecom,40.2696,0.0,icmp,1591347480,2020-06-05 08:58:00+00:00
46165820,jinan-telecom,wuhan-telecom,42.4216,0.0,icmp,1591347600,2020-06-05 09:00:00+00:00
46166049,jinan-telecom,wuhan-telecom,40.3106,0.0,icmp,1591347720,2020-06-05 09:02:00+00:00
46166262,jinan-telecom,wuhan-telecom,39.6968,0.0,icmp,1591347859,2020-06-05 09:04:19+00:00
46166479,jinan-telecom,wuhan-telecom,41.3803,0.0,icmp,1591347960,2020-06-05 09:06:00+00:00
46166723,jinan-telecom,wuhan-telecom,39.672,0.0,icmp,1591348039,2020-06-05 09:07:19+00:00
46166970,jinan-telecom,wuhan-telecom,40.4703,0.0,icmp,1591348200,2020-06-05 09:10:00+00:00
46167176,jinan-telecom,wuhan-telecom,41.0848,0.0,icmp,1591348320,2020-06-05 09:12:00+00:00
46167417,jinan-telecom,wuhan-telecom,40.4644,0.0,icmp,1591348440,2020-06-05 09:14:00+00:00
46167647,jinan-telecom,wuhan-telecom,39.6153,0.0,icmp,1591348579,2020-06-05 09:16:19+00:00
46167864,jinan-telecom,wuhan-telecom,41.5478,0.0,icmp,1591348680,2020-06-05 09:18:00+00:00
46168098,jinan-telecom,wuhan-telecom,40.3988,0.0,icmp,1591348800,2020-06-05 09:20:00+00:00
46168345,jinan-telecom,wuhan-telecom,39.6421,0.0,icmp,1591348939,2020-06-05 09:22:19+00:00
46168564,jinan-telecom,wuhan-telecom,41.9063,0.0,icmp,1591349040,2020-06-05 09:24:00+00:00
46168793,jinan-telecom,wuhan-telecom,39.6742,0.0,icmp,1591349119,2020-06-05 09:25:19+00:00
46169020,jinan-telecom,wuhan-telecom,41.1906,0.0,icmp,1591349280,2020-06-05 09:28:00+00:00
46169280,jinan-telecom,wuhan-telecom,39.7894,0.0,icmp,1591349359,2020-06-05 09:29:19+00:00
46169477,jinan-telecom,wuhan-telecom,40.9464,0.0,icmp,1591349520,2020-06-05 09:32:00+00:00
46169694,jinan-telecom,wuhan-telecom,40.5346,0.0,icmp,1591349640,2020-06-05 09:34:00+00:00
46169934,jinan-telecom,wuhan-telecom,42.2806,0.0,icmp,1591349760,2020-06-05 09:36:00+00:00
46170158,jinan-telecom,wuhan-telecom,40.2322,0.0,icmp,1591349880,2020-06-05 09:38:00+00:00
46170391,jinan-telecom,wuhan-telecom,40.5976,0.0,icmp,1591350000,2020-06-05 09:40:00+00:00
46170621,jinan-telecom,wuhan-telecom,41.02,0.0,icmp,1591350120,2020-06-05 09:42:00+00:00
46170831,jinan-telecom,wuhan-telecom,42.6536,0.0,icmp,1591350240,2020-06-05 09:44:00+00:00
46171089,jinan-telecom,wuhan-telecom,40.7345,0.0,icmp,1591350360,2020-06-05 09:46:00+00:00
46171305,jinan-telecom,wuhan-telecom,40.7693,0.0,icmp,1591350480,2020-06-05 09:48:00+00:00
46171560,jinan-telecom,wuhan-telecom,39.7136,0.0,icmp,1591350619,2020-06-05 09:50:19+00:00
46171764,jinan-telecom,wuhan-telecom,40.893,0.0,icmp,1591350720,2020-06-05 09:52:00+00:00
46171988,jinan-telecom,wuhan-telecom,39.6046,0.0,icmp,1591350859,2020-06-05 09:54:19+00:00
46172236,jinan-telecom,wuhan-telecom,42.1804,0.0,icmp,1591350960,2020-06-05 09:56:00+00:00
46172464,jinan-telecom,wuhan-telecom,40.5638,0.0,icmp,1591351080,2020-06-05 09:58:00+00:00
46172674,jinan-telecom,wuhan-telecom,39.6731,0.0,icmp,1591351219,2020-06-05 10:00:19+00:00
46172913,jinan-telecom,wuhan-telecom,40.6607,0.0,icmp,1591351320,2020-06-05 10:02:00+00:00
46173142,jinan-telecom,wuhan-telecom,39.6311,0.0,icmp,1591351399,2020-06-05 10:03:19+00:00
46173379,jinan-telecom,wuhan-telecom,39.6359,0.0,icmp,1591351579,2020-06-05 10:06:19+00:00
46173596,jinan-telecom,wuhan-telecom,41.8597,0.0,icmp,1591351680,2020-06-05 10:08:00+00:00
46173812,jinan-telecom,wuhan-telecom,41.0789,0.0,icmp,1591351800,2020-06-05 10:10:00+00:00
46174061,jinan-telecom,wuhan-telecom,39.884,0.0,icmp,1591351920,2020-06-05 10:12:00+00:00
46174265,jinan-telecom,wuhan-telecom,40.3431,0.0,icmp,1591352040,2020-06-05 10:14:00+00:00
46174517,jinan-telecom,wuhan-telecom,40.4731,0.0,icmp,1591352160,2020-06-05 10:16:00+00:00
46174729,jinan-telecom,wuhan-telecom,42.559,0.0,icmp,1591352280,2020-06-05 10:18:00+00:00
46174955,jinan-telecom,wuhan-telecom,41.5149,0.0,icmp,1591352400,2020-06-05 10:20:00+00:00
46175209,jinan-telecom,wuhan-telecom,39.6225,0.0,icmp,1591352539,2020-06-05 10:22:19+00:00
46175437,jinan-telecom,wuhan-telecom,40.1231,0.0,icmp,1591352640,2020-06-05 10:24:00+00:00
46175646,jinan-telecom,wuhan-telecom,40.418,0.0,icmp,1591352760,2020-06-05 10:26:00+00:00
46175875,jinan-telecom,wuhan-telecom,39.6236,0.0,icmp,1591352899,2020-06-05 10:28:19+00:00
46176114,jinan-telecom,wuhan-telecom,41.1772,0.0,icmp,1591353000,2020-06-05 10:30:00+00:00
46176331,jinan-telecom,wuhan-telecom,42.1398,0.0,icmp,1591353120,2020-06-05 10:32:00+00:00
46176580,jinan-telecom,wuhan-telecom,42.5751,0.0,icmp,1591353240,2020-06-05 10:34:00+00:00
46176793,jinan-telecom,wuhan-telecom,40.6917,0.0,icmp,1591353360,2020-06-05 10:36:00+00:00
46177026,jinan-telecom,wuhan-telecom,40.5957,0.0,icmp,1591353480,2020-06-05 10:38:00+00:00
46177247,jinan-telecom,wuhan-telecom,39.788,0.0,icmp,1591353544,2020-06-05 10:39:04+00:00
46177496,jinan-telecom,wuhan-telecom,40.7626,0.0,icmp,1591353720,2020-06-05 10:42:00+00:00
46177705,jinan-telecom,wuhan-telecom,39.6077,0.0,icmp,1591353859,2020-06-05 10:44:19+00:00
46177946,jinan-telecom,wuhan-telecom,40.7521,0.0,icmp,1591353960,2020-06-05 10:46:00+00:00
46178179,jinan-telecom,wuhan-telecom,41.0636,0.0,icmp,1591354080,2020-06-05 10:48:00+00:00
46178414,jinan-telecom,wuhan-telecom,43.9283,0.0,icmp,1591354200,2020-06-05 10:50:00+00:00
46178614,jinan-telecom,wuhan-telecom,39.6486,0.0,icmp,1591354339,2020-06-05 10:52:19+00:00
46178847,jinan-telecom,wuhan-telecom,39.6913,0.0,icmp,1591354459,2020-06-05 10:54:19+00:00
46179073,jinan-telecom,wuhan-telecom,42.3627,0.0,icmp,1591354560,2020-06-05 10:56:00+00:00
46179329,jinan-telecom,wuhan-telecom,41.5868,0.0,icmp,1591354680,2020-06-05 10:58:00+00:00
46179537,jinan-telecom,wuhan-telecom,39.7044,0.0,icmp,1591354819,2020-06-05 11:00:19+00:00
46179778,jinan-telecom,wuhan-telecom,39.992,0.0,icmp,1591354920,2020-06-05 11:02:00+00:00
46180009,jinan-telecom,wuhan-telecom,41.684,0.0,icmp,1591355040,2020-06-05 11:04:00+00:00
46180237,jinan-telecom,wuhan-telecom,39.6301,0.0,icmp,1591355119,2020-06-05 11:05:19+00:00
46180449,jinan-telecom,wuhan-telecom,41.2377,0.0,icmp,1591355280,2020-06-05 11:08:00+00:00
46180708,jinan-telecom,wuhan-telecom,40.0443,0.0,icmp,1591355400,2020-06-05 11:10:00+00:00
46180938,jinan-telecom,wuhan-telecom,40.5578,0.0,icmp,1591355520,2020-06-05 11:12:00+00:00
46181166,jinan-telecom,wuhan-telecom,40.7473,0.0,icmp,1591355640,2020-06-05 11:14:00+00:00
46181378,jinan-telecom,wuhan-telecom,39.5907,0.0,icmp,1591355779,2020-06-05 11:16:19+00:00
46181616,jinan-telecom,wuhan-telecom,41.0172,0.0,icmp,1591355880,2020-06-05 11:18:00+00:00
46181846,jinan-telecom,wuhan-telecom,40.5668,0.0,icmp,1591356000,2020-06-05 11:20:00+00:00
46182069,jinan-telecom,wuhan-telecom,39.6657,0.0,icmp,1591356079,2020-06-05 11:21:19+00:00
46182286,jinan-telecom,wuhan-telecom,41.1068,0.0,icmp,1591356240,2020-06-05 11:24:00+00:00
46182531,jinan-telecom,wuhan-telecom,39.9279,0.0,icmp,1591356360,2020-06-05 11:26:00+00:00
46182748,jinan-telecom,wuhan-telecom,42.3747,0.0,icmp,1591356480,2020-06-05 11:28:00+00:00
46182982,jinan-telecom,wuhan-telecom,41.6665,0.0,icmp,1591356600,2020-06-05 11:30:00+00:00
46183192,jinan-telecom,wuhan-telecom,40.6,0.0,icmp,1591356720,2020-06-05 11:32:00+00:00
46183451,jinan-telecom,wuhan-telecom,40.5356,0.0,icmp,1591356840,2020-06-05 11:34:00+00:00
46183666,jinan-telecom,wuhan-telecom,40.8612,0.0,icmp,1591356960,2020-06-05 11:36:00+00:00
46183886,jinan-telecom,wuhan-telecom,39.6738,0.0,icmp,1591357099,2020-06-05 11:38:19+00:00
46184125,jinan-telecom,wuhan-telecom,40.4084,0.0,icmp,1591357200,2020-06-05 11:40:00+00:00
46184344,jinan-telecom,wuhan-telecom,40.3588,0.0,icmp,1591357320,2020-06-05 11:42:00+00:00
46184573,jinan-telecom,wuhan-telecom,40.9365,0.0,icmp,1591357440,2020-06-05 11:44:00+00:00
46184802,jinan-telecom,wuhan-telecom,39.6229,0.0,icmp,1591357519,2020-06-05 11:45:19+00:00
46185052,jinan-telecom,wuhan-telecom,41.0319,0.0,icmp,1591357680,2020-06-05 11:48:00+00:00
46185273,jinan-telecom,wuhan-telecom,41.0929,0.0,icmp,1591357800,2020-06-05 11:50:00+00:00
46185496,jinan-telecom,wuhan-telecom,40.3019,0.0,icmp,1591357920,2020-06-05 11:52:00+00:00
46185731,jinan-telecom,wuhan-telecom,39.7929,0.0,icmp,1591357999,2020-06-05 11:53:19+00:00
46185951,jinan-telecom,wuhan-telecom,40.8209,0.0,icmp,1591358160,2020-06-05 11:56:00+00:00
46186168,jinan-telecom,wuhan-telecom,40.7987,0.0,icmp,1591358280,2020-06-05 11:58:00+00:00
46186407,jinan-telecom,wuhan-telecom,40.9664,0.0,icmp,1591358400,2020-06-05 12:00:00+00:00
46186646,jinan-telecom,wuhan-telecom,40.3438,0.0,icmp,1591358520,2020-06-05 12:02:00+00:00
46186862,jinan-telecom,wuhan-telecom,39.6958,0.0,icmp,1591358659,2020-06-05 12:04:19+00:00
46187094,jinan-telecom,wuhan-telecom,40.3085,0.0,icmp,1591358760,2020-06-05 12:06:00+00:00
46187323,jinan-telecom,wuhan-telecom,40.8843,0.0,icmp,1591358880,2020-06-05 12:08:00+00:00
46187552,jinan-telecom,wuhan-telecom,40.6845,0.0,icmp,1591359000,2020-06-05 12:10:00+00:00
46187781,jinan-telecom,wuhan-telecom,41.9431,0.0,icmp,1591359120,2020-06-05 12:12:00+00:00
46188037,jinan-telecom,wuhan-telecom,40.8933,0.0,icmp,1591359240,2020-06-05 12:14:00+00:00
46188244,jinan-telecom,wuhan-telecom,41.4246,0.0,icmp,1591359360,2020-06-05 12:16:00+00:00
46188474,jinan-telecom,wuhan-telecom,39.6651,0.0,icmp,1591359439,2020-06-05 12:17:19+00:00
46188719,jinan-telecom,wuhan-telecom,39.6619,0.0,icmp,1591359619,2020-06-05 12:20:19+00:00
46188922,jinan-telecom,wuhan-telecom,41.0731,0.0,icmp,1591359720,2020-06-05 12:22:00+00:00
46189162,jinan-telecom,wuhan-telecom,39.6761,0.0,icmp,1591359859,2020-06-05 12:24:19+00:00
46189411,jinan-telecom,wuhan-telecom,40.6884,0.0,icmp,1591359960,2020-06-05 12:26:00+00:00
46189628,jinan-telecom,wuhan-telecom,42.0163,0.0,icmp,1591360080,2020-06-05 12:28:00+00:00
46189858,jinan-telecom,wuhan-telecom,39.7122,0.0,icmp,1591360144,2020-06-05 12:29:04+00:00
46190067,jinan-telecom,wuhan-telecom,41.0947,0.0,icmp,1591360320,2020-06-05 12:32:00+00:00
46190298,jinan-telecom,wuhan-telecom,39.6424,0.0,icmp,1591360459,2020-06-05 12:34:19+00:00
46190515,jinan-telecom,wuhan-telecom,40.3879,0.0,icmp,1591360560,2020-06-05 12:36:00+00:00
46190757,jinan-telecom,wuhan-telecom,40.5822,0.0,icmp,1591360680,2020-06-05 12:38:00+00:00
46190980,jinan-telecom,wuhan-telecom,41.5211,0.0,icmp,1591360800,2020-06-05 12:40:00+00:00
46191229,jinan-telecom,wuhan-telecom,41.8843,0.0,icmp,1591360920,2020-06-05 12:42:00+00:00
46191467,jinan-telecom,wuhan-telecom,40.7799,0.0,icmp,1591361040,2020-06-05 12:44:00+00:00
46191683,jinan-telecom,wuhan-telecom,40.4166,0.0,icmp,1591361160,2020-06-05 12:46:00+00:00
46191903,jinan-telecom,wuhan-telecom,39.6433,0.0,icmp,1591361299,2020-06-05 12:48:19+00:00
46192143,jinan-telecom,wuhan-telecom,39.6697,0.0,icmp,1591361419,2020-06-05 12:50:19+00:00
46192376,jinan-telecom,wuhan-telecom,41.2589,0.0,icmp,1591361520,2020-06-05 12:52:00+00:00
46192589,jinan-telecom,wuhan-telecom,41.9366,0.0,icmp,1591361640,2020-06-05 12:54:00+00:00
46192848,jinan-telecom,wuhan-telecom,40.0254,0.0,icmp,1591361760,2020-06-05 12:56:00+00:00
46193063,jinan-telecom,wuhan-telecom,40.5884,0.0,icmp,1591361880,2020-06-05 12:58:00+00:00
46193272,jinan-telecom,wuhan-telecom,40.6312,0.0,icmp,1591362000,2020-06-05 13:00:00+00:00
46193509,jinan-telecom,wuhan-telecom,41.5233,0.0,icmp,1591362120,2020-06-05 13:02:00+00:00
46193740,jinan-telecom,wuhan-telecom,39.6761,0.0,icmp,1591362199,2020-06-05 13:03:19+00:00
46193967,jinan-telecom,wuhan-telecom,39.6242,0.0,icmp,1591362379,2020-06-05 13:06:19+00:00
46194220,jinan-telecom,wuhan-telecom,41.7725,0.0,icmp,1591362480,2020-06-05 13:08:00+00:00
46194431,jinan-telecom,wuhan-telecom,39.6551,0.0,icmp,1591362619,2020-06-05 13:10:19+00:00
46194668,jinan-telecom,wuhan-telecom,40.175,0.0,icmp,1591362720,2020-06-05 13:12:00+00:00
46194895,jinan-telecom,wuhan-telecom,39.6521,0.0,icmp,1591362799,2020-06-05 13:13:19+00:00
46195121,jinan-telecom,wuhan-telecom,41.2083,0.0,icmp,1591362960,2020-06-05 13:16:00+00:00
46195338,jinan-telecom,wuhan-telecom,40.5836,0.0,icmp,1591363080,2020-06-05 13:18:00+00:00
46195592,jinan-telecom,wuhan-telecom,40.6938,0.0,icmp,1591363200,2020-06-05 13:20:00+00:00
46195804,jinan-telecom,wuhan-telecom,39.7418,0.0,icmp,1591363279,2020-06-05 13:21:19+00:00
46196025,jinan-telecom,wuhan-telecom,42.1927,0.0,icmp,1591363440,2020-06-05 13:24:00+00:00
46196257,jinan-telecom,wuhan-telecom,41.2182,0.0,icmp,1591363560,2020-06-05 13:26:00+00:00
46196482,jinan-telecom,wuhan-telecom,39.6051,0.0,icmp,1591363639,2020-06-05 13:27:19+00:00
46196732,jinan-telecom,wuhan-telecom,41.436,0.0,icmp,1591363800,2020-06-05 13:30:00+00:00
46196943,jinan-telecom,wuhan-telecom,39.6613,0.0,icmp,1591363939,2020-06-05 13:32:19+00:00
46197193,jinan-telecom,wuhan-telecom,40.9373,0.0,icmp,1591364040,2020-06-05 13:34:00+00:00
46197400,jinan-telecom,wuhan-telecom,40.1556,0.0,icmp,1591364165,2020-06-05 13:36:05+00:00
46197628,jinan-telecom,wuhan-telecom,41.3807,0.0,icmp,1591364280,2020-06-05 13:38:00+00:00
46197879,jinan-telecom,wuhan-telecom,41.0439,0.0,icmp,1591364400,2020-06-05 13:40:00+00:00
46198100,jinan-telecom,wuhan-telecom,39.6735,0.0,icmp,1591364479,2020-06-05 13:41:19+00:00
46198331,jinan-telecom,wuhan-telecom,40.1162,0.0,icmp,1591364640,2020-06-05 13:44:00+00:00
46198561,jinan-telecom,wuhan-telecom,40.2768,0.0,icmp,1591364760,2020-06-05 13:46:00+00:00
46198768,jinan-telecom,wuhan-telecom,39.6012,0.0,icmp,1591364899,2020-06-05 13:48:19+00:00
46199001,jinan-telecom,wuhan-telecom,41.3912,0.0,icmp,1591365000,2020-06-05 13:50:00+00:00
46199245,jinan-telecom,wuhan-telecom,39.7046,0.0,icmp,1591365139,2020-06-05 13:52:19+00:00
46199478,jinan-telecom,wuhan-telecom,42.1882,0.0,icmp,1591365240,2020-06-05 13:54:00+00:00
46199707,jinan-telecom,wuhan-telecom,40.9549,0.0,icmp,1591365360,2020-06-05 13:56:00+00:00
46199918,jinan-telecom,wuhan-telecom,40.4944,0.0,icmp,1591365480,2020-06-05 13:58:00+00:00
46200150,jinan-telecom,wuhan-telecom,40.8521,0.0,icmp,1591365600,2020-06-05 14:00:00+00:00
46200377,jinan-telecom,wuhan-telecom,40.0008,0.0,icmp,1591365720,2020-06-05 14:02:00+00:00
46200627,jinan-telecom,wuhan-telecom,40.3239,0.0,icmp,1591365840,2020-06-05 14:04:00+00:00
46200841,jinan-telecom,wuhan-telecom,41.5708,0.0,icmp,1591365960,2020-06-05 14:06:00+00:00
46201070,jinan-telecom,wuhan-telecom,39.6253,0.0,icmp,1591366099,2020-06-05 14:08:19+00:00
46201303,jinan-telecom,wuhan-telecom,39.6975,0.0,icmp,1591366219,2020-06-05 14:10:19+00:00
46201545,jinan-telecom,wuhan-telecom,40.5466,0.0,icmp,1591366320,2020-06-05 14:12:00+00:00
46201772,jinan-telecom,wuhan-telecom,39.8848,0.0,icmp,1591366440,2020-06-05 14:14:00+00:00
46201992,jinan-telecom,wuhan-telecom,39.6545,0.0,icmp,1591366579,2020-06-05 14:16:19+00:00
46202223,jinan-telecom,wuhan-telecom,41.342,0.0,icmp,1591366680,2020-06-05 14:18:00+00:00
46202458,jinan-telecom,wuhan-telecom,40.5804,0.0,icmp,1591366800,2020-06-05 14:20:00+00:00
46202665,jinan-telecom,wuhan-telecom,40.8667,0.0,icmp,1591366920,2020-06-05 14:22:00+00:00
46202904,jinan-telecom,wuhan-telecom,41.1758,0.0,icmp,1591367040,2020-06-05 14:24:00+00:00
46203117,jinan-telecom,wuhan-telecom,41.8551,0.0,icmp,1591367160,2020-06-05 14:26:00+00:00
46203349,jinan-telecom,wuhan-telecom,40.902,0.0,icmp,1591367280,2020-06-05 14:28:00+00:00
46203598,jinan-telecom,wuhan-telecom,40.337,0.0,icmp,1591367400,2020-06-05 14:30:00+00:00
46203834,jinan-telecom,wuhan-telecom,40.378,0.0,icmp,1591367520,2020-06-05 14:32:00+00:00
46204050,jinan-telecom,wuhan-telecom,40.1612,0.0,icmp,1591367640,2020-06-05 14:34:00+00:00
46204311,jinan-telecom,wuhan-telecom,39.6639,0.0,icmp,1591367779,2020-06-05 14:36:19+00:00
46204496,jinan-telecom,wuhan-telecom,40.1331,0.0,icmp,1591367880,2020-06-05 14:38:00+00:00
46204723,jinan-telecom,wuhan-telecom,40.9518,0.0,icmp,1591368000,2020-06-05 14:40:00+00:00
46204951,jinan-telecom,wuhan-telecom,40.7445,0.0,icmp,1591368120,2020-06-05 14:42:00+00:00
46205209,jinan-telecom,wuhan-telecom,39.6625,0.0,icmp,1591368199,2020-06-05 14:43:19+00:00
46205403,jinan-telecom,wuhan-telecom,39.656,0.0,icmp,1591368319,2020-06-05 14:45:19+00:00
46205656,jinan-telecom,wuhan-telecom,41.6303,0.0,icmp,1591368480,2020-06-05 14:48:00+00:00
46205883,jinan-telecom,wuhan-telecom,41.6851,0.0,icmp,1591368600,2020-06-05 14:50:00+00:00
46206116,jinan-telecom,wuhan-telecom,41.9181,0.0,icmp,1591368720,2020-06-05 14:52:00+00:00
46206347,jinan-telecom,wuhan-telecom,41.1867,0.0,icmp,1591368840,2020-06-05 14:54:00+00:00
46206582,jinan-telecom,wuhan-telecom,39.6062,0.0,icmp,1591368919,2020-06-05 14:55:19+00:00
46206811,jinan-telecom,wuhan-telecom,40.904,0.0,icmp,1591369080,2020-06-05 14:58:00+00:00
46207036,jinan-telecom,wuhan-telecom,41.1322,0.0,icmp,1591369200,2020-06-05 15:00:00+00:00
46207266,jinan-telecom,wuhan-telecom,40.3014,0.0,icmp,1591369320,2020-06-05 15:02:00+00:00
46207483,jinan-telecom,wuhan-telecom,39.6721,0.0,icmp,1591369459,2020-06-05 15:04:19+00:00
46207717,jinan-telecom,wuhan-telecom,40.5941,0.0,icmp,1591369560,2020-06-05 15:06:00+00:00
46207929,jinan-telecom,wuhan-telecom,41.3489,0.0,icmp,1591369680,2020-06-05 15:08:00+00:00
46208173,jinan-telecom,wuhan-telecom,40.9771,0.0,icmp,1591369800,2020-06-05 15:10:00+00:00
46208395,jinan-telecom,wuhan-telecom,39.6922,0.0,icmp,1591369879,2020-06-05 15:11:19+00:00
46208615,jinan-telecom,wuhan-telecom,40.8574,0.0,icmp,1591370040,2020-06-05 15:14:00+00:00
46208844,jinan-telecom,wuhan-telecom,39.7534,0.0,icmp,1591370179,2020-06-05 15:16:19+00:00
46209098,jinan-telecom,wuhan-telecom,41.2607,0.0,icmp,1591370280,2020-06-05 15:18:00+00:00
46209303,jinan-telecom,wuhan-telecom,42.4936,0.0,icmp,1591370400,2020-06-05 15:20:00+00:00
46209554,jinan-telecom,wuhan-telecom,40.6423,0.0,icmp,1591370520,2020-06-05 15:22:00+00:00
46209782,jinan-telecom,wuhan-telecom,42.7809,0.0,icmp,1591370640,2020-06-05 15:24:00+00:00
46210008,jinan-telecom,wuhan-telecom,39.6678,0.0,icmp,1591370719,2020-06-05 15:25:19+00:00
46210226,jinan-telecom,wuhan-telecom,40.1558,0.0,icmp,1591370880,2020-06-05 15:28:00+00:00
46210451,jinan-telecom,wuhan-telecom,40.9059,0.0,icmp,1591371000,2020-06-05 15:30:00+00:00
46210680,jinan-telecom,wuhan-telecom,41.1516,0.0,icmp,1591371120,2020-06-05 15:32:00+00:00
46210927,jinan-telecom,wuhan-telecom,40.7192,0.0,icmp,1591371240,2020-06-05 15:34:00+00:00
46211150,jinan-telecom,wuhan-telecom,41.0775,0.0,icmp,1591371360,2020-06-05 15:36:00+00:00
46211387,jinan-telecom,wuhan-telecom,40.7206,0.0,icmp,1591371480,2020-06-05 15:38:00+00:00
46211611,jinan-telecom,wuhan-telecom,41.8082,0.0,icmp,1591371600,2020-06-05 15:40:00+00:00
46211847,jinan-telecom,wuhan-telecom,39.6513,0.0,icmp,1591371739,2020-06-05 15:42:19+00:00
46212056,jinan-telecom,wuhan-telecom,40.4742,0.0,icmp,1591371840,2020-06-05 15:44:00+00:00
46212297,jinan-telecom,wuhan-telecom,39.6478,0.0,icmp,1591371919,2020-06-05 15:45:19+00:00
46212521,jinan-telecom,wuhan-telecom,39.6596,0.0,icmp,1591372099,2020-06-05 15:48:19+00:00
46212755,jinan-telecom,wuhan-telecom,41.612,0.0,icmp,1591372200,2020-06-05 15:50:00+00:00
46212972,jinan-telecom,wuhan-telecom,42.3099,0.0,icmp,1591372320,2020-06-05 15:52:00+00:00
46213211,jinan-telecom,wuhan-telecom,39.6458,0.0,icmp,1591372459,2020-06-05 15:54:19+00:00
46213444,jinan-telecom,wuhan-telecom,40.1827,0.0,icmp,1591372560,2020-06-05 15:56:00+00:00
46213652,jinan-telecom,wuhan-telecom,41.3175,0.0,icmp,1591372680,2020-06-05 15:58:00+00:00
46213889,jinan-telecom,wuhan-telecom,40.0924,0.0,icmp,1591372800,2020-06-05 16:00:00+00:00
46214112,jinan-telecom,wuhan-telecom,40.6206,0.0,icmp,1591372920,2020-06-05 16:02:00+00:00
46214344,jinan-telecom,wuhan-telecom,41.1786,0.0,icmp,1591373040,2020-06-05 16:04:00+00:00
46214583,jinan-telecom,wuhan-telecom,41.2026,0.0,icmp,1591373160,2020-06-05 16:06:00+00:00
46214797,jinan-telecom,wuhan-telecom,42.6533,0.0,icmp,1591373280,2020-06-05 16:08:00+00:00
46215024,jinan-telecom,wuhan-telecom,41.3073,0.0,icmp,1591373400,2020-06-05 16:10:00+00:00
46215228,jinan-telecom,wuhan-telecom,39.9971,0.0,icmp,1591373520,2020-06-05 16:12:00+00:00
46215463,jinan-telecom,wuhan-telecom,41.7153,0.0,icmp,1591373640,2020-06-05 16:14:00+00:00
53035908,jinan-telecom,wuhan-telecom,39.6268,0.0,icmp,1591373779,2020-06-05 16:16:19+00:00
53036132,jinan-telecom,wuhan-telecom,39.6517,0.0,icmp,1591373899,2020-06-05 16:18:19+00:00
53036362,jinan-telecom,wuhan-telecom,42.3191,0.0,icmp,1591374000,2020-06-05 16:20:00+00:00
53036569,jinan-telecom,wuhan-telecom,40.4387,0.0,icmp,1591374120,2020-06-05 16:22:00+00:00
53036813,jinan-telecom,wuhan-telecom,39.6685,0.0,icmp,1591374259,2020-06-05 16:24:19+00:00
53037021,jinan-telecom,wuhan-telecom,39.6781,0.0,icmp,1591374379,2020-06-05 16:26:19+00:00
53037241,jinan-telecom,wuhan-telecom,39.7081,0.0,icmp,1591374484,2020-06-05 16:28:04+00:00
53037471,jinan-telecom,wuhan-telecom,42.1967,0.0,icmp,1591374600,2020-06-05 16:30:00+00:00
53037688,jinan-telecom,wuhan-telecom,39.6327,0.0,icmp,1591374739,2020-06-05 16:32:19+00:00
53037913,jinan-telecom,wuhan-telecom,41.3051,0.0,icmp,1591374840,2020-06-05 16:34:00+00:00
53038125,jinan-telecom,wuhan-telecom,39.7165,0.0,icmp,1591374919,2020-06-05 16:35:19+00:00
53038347,jinan-telecom,wuhan-telecom,39.8636,0.0,icmp,1591375080,2020-06-05 16:38:00+00:00
53038576,jinan-telecom,wuhan-telecom,41.9709,0.0,icmp,1591375200,2020-06-05 16:40:00+00:00
53038807,jinan-telecom,wuhan-telecom,39.7171,0.0,icmp,1591375325,2020-06-05 16:42:05+00:00
53039018,jinan-telecom,wuhan-telecom,37.6463,0.0,icmp,1591375440,2020-06-05 16:44:00+00:00
53039235,jinan-telecom,wuhan-telecom,40.8946,0.0,icmp,1591375560,2020-06-05 16:46:00+00:00
53039473,jinan-telecom,wuhan-telecom,42.1343,0.0,icmp,1591375680,2020-06-05 16:48:00+00:00
53039690,jinan-telecom,wuhan-telecom,41.7175,0.0,icmp,1591375800,2020-06-05 16:50:00+00:00
53039917,jinan-telecom,wuhan-telecom,41.7799,0.0,icmp,1591375920,2020-06-05 16:52:00+00:00
53040141,jinan-telecom,wuhan-telecom,41.6017,0.0,icmp,1591376040,2020-06-05 16:54:00+00:00
53040372,jinan-telecom,wuhan-telecom,41.8622,0.0,icmp,1591376160,2020-06-05 16:56:00+00:00
53040581,jinan-telecom,wuhan-telecom,42.0198,0.0,icmp,1591376280,2020-06-05 16:58:00+00:00
53040796,jinan-telecom,wuhan-telecom,40.6912,0.0,icmp,1591376400,2020-06-05 17:00:00+00:00
53041032,jinan-telecom,wuhan-telecom,40.7511,0.0,icmp,1591376520,2020-06-05 17:02:00+00:00
53041232,jinan-telecom,wuhan-telecom,40.4459,0.0,icmp,1591376640,2020-06-05 17:04:00+00:00
53041480,jinan-telecom,wuhan-telecom,42.2033,0.0,icmp,1591376760,2020-06-05 17:06:00+00:00
53041691,jinan-telecom,wuhan-telecom,41.2162,0.0,icmp,1591376880,2020-06-05 17:08:00+00:00
53041897,jinan-telecom,wuhan-telecom,39.7891,0.0,icmp,1591376959,2020-06-05 17:09:19+00:00
53042119,jinan-telecom,wuhan-telecom,40.0128,0.0,icmp,1591377120,2020-06-05 17:12:00+00:00
53042368,jinan-telecom,wuhan-telecom,41.8612,0.0,icmp,1591377240,2020-06-05 17:14:00+00:00
53042575,jinan-telecom,wuhan-telecom,39.7653,0.0,icmp,1591377319,2020-06-05 17:15:19+00:00
53042797,jinan-telecom,wuhan-telecom,42.0269,0.0,icmp,1591377480,2020-06-05 17:18:00+00:00
53043018,jinan-telecom,wuhan-telecom,39.7487,0.0,icmp,1591377619,2020-06-05 17:20:19+00:00
53043234,jinan-telecom,wuhan-telecom,41.2533,0.0,icmp,1591377720,2020-06-05 17:22:00+00:00
53043473,jinan-telecom,wuhan-telecom,42.3202,0.0,icmp,1591377840,2020-06-05 17:24:00+00:00
53043679,jinan-telecom,wuhan-telecom,40.2089,0.0,icmp,1591377960,2020-06-05 17:26:00+00:00
53043905,jinan-telecom,wuhan-telecom,40.9258,0.0,icmp,1591378080,2020-06-05 17:28:00+00:00
53044140,jinan-telecom,wuhan-telecom,40.1776,0.0,icmp,1591378200,2020-06-05 17:30:00+00:00
53044366,jinan-telecom,wuhan-telecom,42.3211,0.0,icmp,1591378320,2020-06-05 17:32:00+00:00
53044581,jinan-telecom,wuhan-telecom,39.7636,0.0,icmp,1591378399,2020-06-05 17:33:19+00:00
53044823,jinan-telecom,wuhan-telecom,40.6846,0.0,icmp,1591378560,2020-06-05 17:36:00+00:00
53045048,jinan-telecom,wuhan-telecom,40.4181,0.0,icmp,1591378680,2020-06-05 17:38:00+00:00
53045297,jinan-telecom,wuhan-telecom,41.3624,0.0,icmp,1591378800,2020-06-05 17:40:00+00:00
53045481,jinan-telecom,wuhan-telecom,41.8456,0.0,icmp,1591378920,2020-06-05 17:42:00+00:00
53045718,jinan-telecom,wuhan-telecom,40.9729,0.0,icmp,1591379040,2020-06-05 17:44:00+00:00
53045933,jinan-telecom,wuhan-telecom,39.7066,0.0,icmp,1591379179,2020-06-05 17:46:19+00:00
53046178,jinan-telecom,wuhan-telecom,40.4596,0.0,icmp,1591379280,2020-06-05 17:48:00+00:00
53046384,jinan-telecom,wuhan-telecom,41.1423,0.0,icmp,1591379400,2020-06-05 17:50:00+00:00
53046613,jinan-telecom,wuhan-telecom,40.4703,0.0,icmp,1591379520,2020-06-05 17:52:00+00:00
53046866,jinan-telecom,wuhan-telecom,42.4796,0.0,icmp,1591379640,2020-06-05 17:54:00+00:00
53047052,jinan-telecom,wuhan-telecom,41.2732,0.0,icmp,1591379760,2020-06-05 17:56:00+00:00
53047285,jinan-telecom,wuhan-telecom,39.6983,0.0,icmp,1591379839,2020-06-05 17:57:19+00:00
53047524,jinan-telecom,wuhan-telecom,41.2641,0.0,icmp,1591380000,2020-06-05 18:00:00+00:00
53047747,jinan-telecom,wuhan-telecom,39.705,0.0,icmp,1591380079,2020-06-05 18:01:19+00:00
53047998,jinan-telecom,wuhan-telecom,41.3959,0.0,icmp,1591380240,2020-06-05 18:04:00+00:00
53048218,jinan-telecom,wuhan-telecom,40.8172,0.0,icmp,1591380360,2020-06-05 18:06:00+00:00
53048426,jinan-telecom,wuhan-telecom,41.3731,0.0,icmp,1591380480,2020-06-05 18:08:00+00:00
53048657,jinan-telecom,wuhan-telecom,39.7443,0.0,icmp,1591380559,2020-06-05 18:09:19+00:00
53048874,jinan-telecom,wuhan-telecom,41.0464,0.0,icmp,1591380720,2020-06-05 18:12:00+00:00
53049120,jinan-telecom,wuhan-telecom,40.8642,0.0,icmp,1591380840,2020-06-05 18:14:00+00:00
53049346,jinan-telecom,wuhan-telecom,41.1003,0.0,icmp,1591380960,2020-06-05 18:16:00+00:00
53049567,jinan-telecom,wuhan-telecom,39.6694,0.0,icmp,1591381099,2020-06-05 18:18:19+00:00
53049794,jinan-telecom,wuhan-telecom,40.5689,0.0,icmp,1591381200,2020-06-05 18:20:00+00:00
53050017,jinan-telecom,wuhan-telecom,39.6578,0.0,icmp,1591381339,2020-06-05 18:22:19+00:00
53050225,jinan-telecom,wuhan-telecom,41.1999,0.0,icmp,1591381440,2020-06-05 18:24:00+00:00
53050464,jinan-telecom,wuhan-telecom,40.3985,0.0,icmp,1591381560,2020-06-05 18:26:00+00:00
53050690,jinan-telecom,wuhan-telecom,40.1173,0.0,icmp,1591381680,2020-06-05 18:28:00+00:00
53050924,jinan-telecom,wuhan-telecom,40.922,0.0,icmp,1591381800,2020-06-05 18:30:00+00:00
53051131,jinan-telecom,wuhan-telecom,40.3711,0.0,icmp,1591381920,2020-06-05 18:32:00+00:00
53051352,jinan-telecom,wuhan-telecom,40.4798,0.0,icmp,1591382040,2020-06-05 18:34:00+00:00
53051592,jinan-telecom,wuhan-telecom,40.4976,0.0,icmp,1591382160,2020-06-05 18:36:00+00:00
53051830,jinan-telecom,wuhan-telecom,33.8168,0.0,icmp,1591382280,2020-06-05 18:38:00+00:00
53052033,jinan-telecom,wuhan-telecom,41.7557,0.0,icmp,1591382400,2020-06-05 18:40:00+00:00
53052258,jinan-telecom,wuhan-telecom,43.794,0.0,icmp,1591382520,2020-06-05 18:42:00+00:00
53052483,jinan-telecom,wuhan-telecom,40.6668,0.0,icmp,1591382640,2020-06-05 18:44:00+00:00
53052731,jinan-telecom,wuhan-telecom,40.1595,0.0,icmp,1591382760,2020-06-05 18:46:00+00:00
53052944,jinan-telecom,wuhan-telecom,41.2706,0.0,icmp,1591382880,2020-06-05 18:48:00+00:00
53053157,jinan-telecom,wuhan-telecom,41.0383,0.0,icmp,1591383000,2020-06-05 18:50:00+00:00
53053380,jinan-telecom,wuhan-telecom,40.494,0.0,icmp,1591383120,2020-06-05 18:52:00+00:00
53053620,jinan-telecom,wuhan-telecom,41.9375,0.0,icmp,1591383240,2020-06-05 18:54:00+00:00
53053861,jinan-telecom,wuhan-telecom,40.5942,0.0,icmp,1591383360,2020-06-05 18:56:00+00:00
53054107,jinan-telecom,wuhan-telecom,40.1701,0.0,icmp,1591383484,2020-06-05 18:58:04+00:00
53054311,jinan-telecom,wuhan-telecom,40.4645,0.0,icmp,1591383600,2020-06-05 19:00:00+00:00
53054534,jinan-telecom,wuhan-telecom,40.3001,0.0,icmp,1591383720,2020-06-05 19:02:00+00:00
53054762,jinan-telecom,wuhan-telecom,40.4942,0.0,icmp,1591383840,2020-06-05 19:04:00+00:00
53054985,jinan-telecom,wuhan-telecom,41.5108,0.0,icmp,1591383960,2020-06-05 19:06:00+00:00
53055210,jinan-telecom,wuhan-telecom,40.8087,0.0,icmp,1591384080,2020-06-05 19:08:00+00:00
53055444,jinan-telecom,wuhan-telecom,40.8059,0.0,icmp,1591384200,2020-06-05 19:10:00+00:00
53055693,jinan-telecom,wuhan-telecom,40.719,0.0,icmp,1591384320,2020-06-05 19:12:00+00:00
53055918,jinan-telecom,wuhan-telecom,39.6065,0.0,icmp,1591384399,2020-06-05 19:13:19+00:00
53056134,jinan-telecom,wuhan-telecom,41.2919,0.0,icmp,1591384560,2020-06-05 19:16:00+00:00
53056361,jinan-telecom,wuhan-telecom,39.6699,0.0,icmp,1591384699,2020-06-05 19:18:19+00:00
53056590,jinan-telecom,wuhan-telecom,40.5313,0.0,icmp,1591384800,2020-06-05 19:20:00+00:00
53056840,jinan-telecom,wuhan-telecom,41.1474,0.0,icmp,1591384920,2020-06-05 19:22:00+00:00
53057056,jinan-telecom,wuhan-telecom,41.251,0.0,icmp,1591385040,2020-06-05 19:24:00+00:00
53057303,jinan-telecom,wuhan-telecom,40.2788,0.0,icmp,1591385160,2020-06-05 19:26:00+00:00
53057534,jinan-telecom,wuhan-telecom,41.4462,0.0,icmp,1591385280,2020-06-05 19:28:00+00:00
53057747,jinan-telecom,wuhan-telecom,40.2016,0.0,icmp,1591385400,2020-06-05 19:30:00+00:00
53057972,jinan-telecom,wuhan-telecom,40.386,0.0,icmp,1591385520,2020-06-05 19:32:00+00:00
53058205,jinan-telecom,wuhan-telecom,40.0973,0.0,icmp,1591385640,2020-06-05 19:34:00+00:00
53058416,jinan-telecom,wuhan-telecom,40.252,0.0,icmp,1591385760,2020-06-05 19:36:00+00:00
53058660,jinan-telecom,wuhan-telecom,42.3252,0.0,icmp,1591385880,2020-06-05 19:38:00+00:00
53058890,jinan-telecom,wuhan-telecom,42.8528,0.0,icmp,1591386000,2020-06-05 19:40:00+00:00
53059130,jinan-telecom,wuhan-telecom,40.4028,0.0,icmp,1591386120,2020-06-05 19:42:00+00:00
53059363,jinan-telecom,wuhan-telecom,40.804,19.0,icmp,1591386240,2020-06-05 19:44:00+00:00
53059580,jinan-telecom,wuhan-telecom,39.7003,0.0,icmp,1591386379,2020-06-05 19:46:19+00:00
53059809,jinan-telecom,wuhan-telecom,42.433,0.0,icmp,1591386480,2020-06-05 19:48:00+00:00
53060022,jinan-telecom,wuhan-telecom,42.5109,0.0,icmp,1591386600,2020-06-05 19:50:00+00:00
53060255,jinan-telecom,wuhan-telecom,42.3909,0.0,icmp,1591386720,2020-06-05 19:52:00+00:00
53060484,jinan-telecom,wuhan-telecom,40.9833,0.0,icmp,1591386840,2020-06-05 19:54:00+00:00
53060718,jinan-telecom,wuhan-telecom,39.7478,0.0,icmp,1591386919,2020-06-05 19:55:19+00:00
53060944,jinan-telecom,wuhan-telecom,39.7155,0.0,icmp,1591387099,2020-06-05 19:58:19+00:00
53061177,jinan-telecom,wuhan-telecom,46.5618,1.0,icmp,1591387200,2020-06-05 20:00:00+00:00
53061398,jinan-telecom,wuhan-telecom,41.7083,0.0,icmp,1591387320,2020-06-05 20:02:00+00:00
53061655,jinan-telecom,wuhan-telecom,41.0327,0.0,icmp,1591387440,2020-06-05 20:04:00+00:00
53061862,jinan-telecom,wuhan-telecom,41.943,0.0,icmp,1591387560,2020-06-05 20:06:00+00:00
53062096,jinan-telecom,wuhan-telecom,43.7954,0.0,icmp,1591387680,2020-06-05 20:08:00+00:00
53062332,jinan-telecom,wuhan-telecom,41.1104,0.0,icmp,1591387800,2020-06-05 20:10:00+00:00
53062544,jinan-telecom,wuhan-telecom,40.7551,0.0,icmp,1591387920,2020-06-05 20:12:00+00:00
53062784,jinan-telecom,wuhan-telecom,41.0481,0.0,icmp,1591388040,2020-06-05 20:14:00+00:00
53063018,jinan-telecom,wuhan-telecom,39.7209,0.0,icmp,1591388179,2020-06-05 20:16:19+00:00
53063235,jinan-telecom,wuhan-telecom,40.3013,0.0,icmp,1591388280,2020-06-05 20:18:00+00:00
53063476,jinan-telecom,wuhan-telecom,40.0069,0.0,icmp,1591388400,2020-06-05 20:20:00+00:00
53063697,jinan-telecom,wuhan-telecom,40.6891,0.0,icmp,1591388520,2020-06-05 20:22:00+00:00
53063935,jinan-telecom,wuhan-telecom,40.6918,0.0,icmp,1591388640,2020-06-05 20:24:00+00:00
53064162,jinan-telecom,wuhan-telecom,41.8105,0.0,icmp,1591388760,2020-06-05 20:26:00+00:00
53064386,jinan-telecom,wuhan-telecom,40.848,0.0,icmp,1591388880,2020-06-05 20:28:00+00:00
53064621,jinan-telecom,wuhan-telecom,39.6913,0.0,icmp,1591389019,2020-06-05 20:30:19+00:00
53064847,jinan-telecom,wuhan-telecom,39.7081,0.0,icmp,1591389139,2020-06-05 20:32:19+00:00
53065079,jinan-telecom,wuhan-telecom,41.1701,0.0,icmp,1591389240,2020-06-05 20:34:00+00:00
53065298,jinan-telecom,wuhan-telecom,41.3346,0.0,icmp,1591389360,2020-06-05 20:36:00+00:00
53065538,jinan-telecom,wuhan-telecom,41.0795,0.0,icmp,1591389480,2020-06-05 20:38:00+00:00
53065768,jinan-telecom,wuhan-telecom,41.0543,34.0,icmp,1591389600,2020-06-05 20:40:00+00:00
53065980,jinan-telecom,wuhan-telecom,40.3005,0.0,icmp,1591389720,2020-06-05 20:42:00+00:00
53066233,jinan-telecom,wuhan-telecom,40.1366,0.0,icmp,1591389840,2020-06-05 20:44:00+00:00
53066456,jinan-telecom,wuhan-telecom,40.441,0.0,icmp,1591389960,2020-06-05 20:46:00+00:00
53066694,jinan-telecom,wuhan-telecom,41.5829,0.0,icmp,1591390080,2020-06-05 20:48:00+00:00
53066906,jinan-telecom,wuhan-telecom,40.1284,0.0,icmp,1591390200,2020-06-05 20:50:00+00:00
53067145,jinan-telecom,wuhan-telecom,39.7522,0.0,icmp,1591390339,2020-06-05 20:52:19+00:00
53067360,jinan-telecom,wuhan-telecom,41.7087,0.0,icmp,1591390440,2020-06-05 20:54:00+00:00
53067594,jinan-telecom,wuhan-telecom,40.8991,0.0,icmp,1591390560,2020-06-05 20:56:00+00:00
53067811,jinan-telecom,wuhan-telecom,40.8343,0.0,icmp,1591390680,2020-06-05 20:58:00+00:00
53068049,jinan-telecom,wuhan-telecom,40.8618,0.0,icmp,1591390800,2020-06-05 21:00:00+00:00
53068271,jinan-telecom,wuhan-telecom,41.3838,0.0,icmp,1591390920,2020-06-05 21:02:00+00:00
53068508,jinan-telecom,wuhan-telecom,42.889,0.0,icmp,1591391040,2020-06-05 21:04:00+00:00
53068729,jinan-telecom,wuhan-telecom,41.8015,0.0,icmp,1591391160,2020-06-05 21:06:00+00:00
53068955,jinan-telecom,wuhan-telecom,39.7492,0.0,icmp,1591391239,2020-06-05 21:07:19+00:00
53069201,jinan-telecom,wuhan-telecom,39.6292,0.0,icmp,1591391359,2020-06-05 21:09:19+00:00
53069427,jinan-telecom,wuhan-telecom,40.225,0.0,icmp,1591391520,2020-06-05 21:12:00+00:00
53069656,jinan-telecom,wuhan-telecom,39.6457,0.0,icmp,1591391599,2020-06-05 21:13:19+00:00
53069899,jinan-telecom,wuhan-telecom,39.6213,0.0,icmp,1591391779,2020-06-05 21:16:19+00:00
53070117,jinan-telecom,wuhan-telecom,41.2311,0.0,icmp,1591391880,2020-06-05 21:18:00+00:00
53070354,jinan-telecom,wuhan-telecom,39.8098,0.0,icmp,1591392000,2020-06-05 21:20:00+00:00
53070564,jinan-telecom,wuhan-telecom,39.6263,0.0,icmp,1591392079,2020-06-05 21:21:19+00:00
53070784,jinan-telecom,wuhan-telecom,41.5682,0.0,icmp,1591392240,2020-06-05 21:24:00+00:00
53071025,jinan-telecom,wuhan-telecom,40.6671,0.0,icmp,1591392360,2020-06-05 21:26:00+00:00
53071270,jinan-telecom,wuhan-telecom,40.4078,0.0,icmp,1591392480,2020-06-05 21:28:00+00:00
53071478,jinan-telecom,wuhan-telecom,41.2821,0.0,icmp,1591392600,2020-06-05 21:30:00+00:00
53071705,jinan-telecom,wuhan-telecom,39.6638,0.0,icmp,1591392739,2020-06-05 21:32:19+00:00
53071931,jinan-telecom,wuhan-telecom,41.5675,0.0,icmp,1591392840,2020-06-05 21:34:00+00:00
53072181,jinan-telecom,wuhan-telecom,39.7567,0.0,icmp,1591392919,2020-06-05 21:35:19+00:00
53072390,jinan-telecom,wuhan-telecom,40.6708,0.0,icmp,1591393080,2020-06-05 21:38:00+00:00
53072641,jinan-telecom,wuhan-telecom,40.925,0.0,icmp,1591393200,2020-06-05 21:40:00+00:00
53072866,jinan-telecom,wuhan-telecom,41.6573,0.0,icmp,1591393320,2020-06-05 21:42:00+00:00
53073103,jinan-telecom,wuhan-telecom,40.7713,0.0,icmp,1591393440,2020-06-05 21:44:00+00:00
53073324,jinan-telecom,wuhan-telecom,41.3765,0.0,icmp,1591393560,2020-06-05 21:46:00+00:00
53073549,jinan-telecom,wuhan-telecom,41.1714,0.0,icmp,1591393680,2020-06-05 21:48:00+00:00
53073777,jinan-telecom,wuhan-telecom,39.9353,0.0,icmp,1591393745,2020-06-05 21:49:05+00:00
53073999,jinan-telecom,wuhan-telecom,39.6699,0.0,icmp,1591393879,2020-06-05 21:51:19+00:00
53074239,jinan-telecom,wuhan-telecom,39.6245,0.0,icmp,1591393999,2020-06-05 21:53:19+00:00
53074474,jinan-telecom,wuhan-telecom,41.3459,0.0,icmp,1591394160,2020-06-05 21:56:00+00:00
53074695,jinan-telecom,wuhan-telecom,40.6483,0.0,icmp,1591394280,2020-06-05 21:58:00+00:00
53074920,jinan-telecom,wuhan-telecom,40.5955,0.0,icmp,1591394400,2020-06-05 22:00:00+00:00
53075151,jinan-telecom,wuhan-telecom,36.363,0.0,icmp,1591394520,2020-06-05 22:02:00+00:00
53075382,jinan-telecom,wuhan-telecom,40.6292,0.0,icmp,1591394640,2020-06-05 22:04:00+00:00
53075619,jinan-telecom,wuhan-telecom,40.7171,0.0,icmp,1591394760,2020-06-05 22:06:00+00:00
53075844,jinan-telecom,wuhan-telecom,39.617,0.0,icmp,1591394899,2020-06-05 22:08:19+00:00
53076063,jinan-telecom,wuhan-telecom,39.6961,0.0,icmp,1591395019,2020-06-05 22:10:19+00:00
53076300,jinan-telecom,wuhan-telecom,40.8229,0.0,icmp,1591395120,2020-06-05 22:12:00+00:00
53076536,jinan-telecom,wuhan-telecom,41.8199,0.0,icmp,1591395240,2020-06-05 22:14:00+00:00
53076750,jinan-telecom,wuhan-telecom,40.8868,0.0,icmp,1591395360,2020-06-05 22:16:00+00:00
53076984,jinan-telecom,wuhan-telecom,39.6625,0.0,icmp,1591395439,2020-06-05 22:17:19+00:00
53077208,jinan-telecom,wuhan-telecom,40.2238,0.0,icmp,1591395604,2020-06-05 22:20:04+00:00
53077434,jinan-telecom,wuhan-telecom,40.4204,0.0,icmp,1591395720,2020-06-05 22:22:00+00:00
53077673,jinan-telecom,wuhan-telecom,39.988,0.0,icmp,1591395840,2020-06-05 22:24:00+00:00
53077899,jinan-telecom,wuhan-telecom,39.5949,0.0,icmp,1591395979,2020-06-05 22:26:19+00:00
53078118,jinan-telecom,wuhan-telecom,42.2617,0.0,icmp,1591396080,2020-06-05 22:28:00+00:00
53078358,jinan-telecom,wuhan-telecom,40.6313,0.0,icmp,1591396200,2020-06-05 22:30:00+00:00
53078574,jinan-telecom,wuhan-telecom,40.6435,0.0,icmp,1591396320,2020-06-05 22:32:00+00:00
53078788,jinan-telecom,wuhan-telecom,41.2714,0.0,icmp,1591396444,2020-06-05 22:34:04+00:00
53079053,jinan-telecom,wuhan-telecom,41.3795,0.0,icmp,1591396560,2020-06-05 22:36:00+00:00
53079269,jinan-telecom,wuhan-telecom,41.4439,0.0,icmp,1591396680,2020-06-05 22:38:00+00:00
53079490,jinan-telecom,wuhan-telecom,40.6707,0.0,icmp,1591396800,2020-06-05 22:40:00+00:00
53079742,jinan-telecom,wuhan-telecom,40.5884,0.0,icmp,1591396920,2020-06-05 22:42:00+00:00
53079952,jinan-telecom,wuhan-telecom,39.6399,0.0,icmp,1591396999,2020-06-05 22:43:19+00:00
53080201,jinan-telecom,wuhan-telecom,41.7912,0.0,icmp,1591397160,2020-06-05 22:46:00+00:00
53080417,jinan-telecom,wuhan-telecom,40.7552,0.0,icmp,1591397280,2020-06-05 22:48:00+00:00
53080643,jinan-telecom,wuhan-telecom,42.2005,0.0,icmp,1591397400,2020-06-05 22:50:00+00:00
53080886,jinan-telecom,wuhan-telecom,41.7324,0.0,icmp,1591397520,2020-06-05 22:52:00+00:00
53081094,jinan-telecom,wuhan-telecom,41.1022,0.0,icmp,1591397640,2020-06-05 22:54:00+00:00
53081332,jinan-telecom,wuhan-telecom,40.8464,0.0,icmp,1591397760,2020-06-05 22:56:00+00:00
53081570,jinan-telecom,wuhan-telecom,39.6804,0.0,icmp,1591397839,2020-06-05 22:57:19+00:00
53081803,jinan-telecom,wuhan-telecom,41.4217,0.0,icmp,1591398000,2020-06-05 23:00:00+00:00
53082013,jinan-telecom,wuhan-telecom,40.9864,0.0,icmp,1591398120,2020-06-05 23:02:00+00:00
53082253,jinan-telecom,wuhan-telecom,39.6264,0.0,icmp,1591398259,2020-06-05 23:04:19+00:00
53082471,jinan-telecom,wuhan-telecom,40.4621,0.0,icmp,1591398360,2020-06-05 23:06:00+00:00
53082709,jinan-telecom,wuhan-telecom,41.182,0.0,icmp,1591398480,2020-06-05 23:08:00+00:00
53082946,jinan-telecom,wuhan-telecom,39.6595,0.0,icmp,1591398619,2020-06-05 23:10:19+00:00
53083162,jinan-telecom,wuhan-telecom,41.5609,0.0,icmp,1591398720,2020-06-05 23:12:00+00:00
53083423,jinan-telecom,wuhan-telecom,39.9184,0.0,icmp,1591398840,2020-06-05 23:14:00+00:00
53083635,jinan-telecom,wuhan-telecom,40.9773,0.0,icmp,1591398960,2020-06-05 23:16:00+00:00
53083857,jinan-telecom,wuhan-telecom,43.1459,0.0,icmp,1591399080,2020-06-05 23:18:00+00:00
53084084,jinan-telecom,wuhan-telecom,39.6302,0.0,icmp,1591399159,2020-06-05 23:19:19+00:00
53084320,jinan-telecom,wuhan-telecom,40.8235,0.0,icmp,1591399320,2020-06-05 23:22:00+00:00
53084540,jinan-telecom,wuhan-telecom,41.7874,0.0,icmp,1591399440,2020-06-05 23:24:00+00:00
53084756,jinan-telecom,wuhan-telecom,40.8289,0.0,icmp,1591399560,2020-06-05 23:26:00+00:00
53085017,jinan-telecom,wuhan-telecom,39.6345,0.0,icmp,1591399699,2020-06-05 23:28:19+00:00
53085232,jinan-telecom,wuhan-telecom,39.6826,0.0,icmp,1591399819,2020-06-05 23:30:19+00:00
53085470,jinan-telecom,wuhan-telecom,41.0796,0.0,icmp,1591399920,2020-06-05 23:32:00+00:00
53085682,jinan-telecom,wuhan-telecom,41.3184,0.0,icmp,1591400040,2020-06-05 23:34:00+00:00
53085909,jinan-telecom,wuhan-telecom,42.1951,0.0,icmp,1591400160,2020-06-05 23:36:00+00:00
53086139,jinan-telecom,wuhan-telecom,41.2479,0.0,icmp,1591400280,2020-06-05 23:38:00+00:00
53086370,jinan-telecom,wuhan-telecom,39.9861,0.0,icmp,1591400400,2020-06-05 23:40:00+00:00
53086604,jinan-telecom,wuhan-telecom,39.6642,0.0,icmp,1591400539,2020-06-05 23:42:19+00:00
53086825,jinan-telecom,wuhan-telecom,41.2814,0.0,icmp,1591400640,2020-06-05 23:44:00+00:00
53087066,jinan-telecom,wuhan-telecom,40.9611,0.0,icmp,1591400760,2020-06-05 23:46:00+00:00
53087280,jinan-telecom,wuhan-telecom,40.7147,0.0,icmp,1591400880,2020-06-05 23:48:00+00:00
53087521,jinan-telecom,wuhan-telecom,42.2283,0.0,icmp,1591401000,2020-06-05 23:50:00+00:00
53087742,jinan-telecom,wuhan-telecom,41.1058,0.0,icmp,1591401120,2020-06-05 23:52:00+00:00
53087970,jinan-telecom,wuhan-telecom,41.736,0.0,icmp,1591401184,2020-06-05 23:53:04+00:00
53088211,jinan-telecom,wuhan-telecom,41.4439,0.0,icmp,1591401360,2020-06-05 23:56:00+00:00
53088426,jinan-telecom,wuhan-telecom,39.6393,0.0,icmp,1591401499,2020-06-05 23:58:19+00:00
53088652,jinan-telecom,wuhan-telecom,41.7039,0.0,icmp,1591401600,2020-06-06 00:00:00+00:00
53088878,jinan-telecom,wuhan-telecom,40.5521,0.0,icmp,1591401720,2020-06-06 00:02:00+00:00
53089129,jinan-telecom,wuhan-telecom,41.5099,0.0,icmp,1591401840,2020-06-06 00:04:00+00:00
53089353,jinan-telecom,wuhan-telecom,41.2319,0.0,icmp,1591401960,2020-06-06 00:06:00+00:00
53089570,jinan-telecom,wuhan-telecom,39.6405,0.0,icmp,1591402039,2020-06-06 00:07:19+00:00
53089813,jinan-telecom,wuhan-telecom,40.5483,0.0,icmp,1591402200,2020-06-06 00:10:00+00:00
53090025,jinan-telecom,wuhan-telecom,41.1917,0.0,icmp,1591402320,2020-06-06 00:12:00+00:00
53090251,jinan-telecom,wuhan-telecom,40.5883,0.0,icmp,1591402440,2020-06-06 00:14:00+00:00
53090497,jinan-telecom,wuhan-telecom,39.8272,0.0,icmp,1591402560,2020-06-06 00:16:00+00:00
53090712,jinan-telecom,wuhan-telecom,42.0132,0.0,icmp,1591402680,2020-06-06 00:18:00+00:00
53090941,jinan-telecom,wuhan-telecom,42.1111,0.0,icmp,1591402800,2020-06-06 00:20:00+00:00
53091177,jinan-telecom,wuhan-telecom,41.34,0.0,icmp,1591402920,2020-06-06 00:22:00+00:00
53091396,jinan-telecom,wuhan-telecom,40.5533,0.0,icmp,1591403040,2020-06-06 00:24:00+00:00
53091636,jinan-telecom,wuhan-telecom,41.662,0.0,icmp,1591403160,2020-06-06 00:26:00+00:00
53091869,jinan-telecom,wuhan-telecom,42.5805,0.0,icmp,1591403280,2020-06-06 00:28:00+00:00
53092105,jinan-telecom,wuhan-telecom,39.7106,0.0,icmp,1591403419,2020-06-06 00:30:19+00:00
53092323,jinan-telecom,wuhan-telecom,40.3655,0.0,icmp,1591403520,2020-06-06 00:32:00+00:00
53092552,jinan-telecom,wuhan-telecom,41.1698,0.0,icmp,1591403640,2020-06-06 00:34:00+00:00
53092772,jinan-telecom,wuhan-telecom,39.7253,0.0,icmp,1591403779,2020-06-06 00:36:19+00:00
53093012,jinan-telecom,wuhan-telecom,31.9191,0.0,icmp,1591403899,2020-06-06 00:38:19+00:00
53093234,jinan-telecom,wuhan-telecom,40.4247,0.0,icmp,1591404000,2020-06-06 00:40:00+00:00
53093467,jinan-telecom,wuhan-telecom,39.699,0.0,icmp,1591404139,2020-06-06 00:42:19+00:00
53093694,jinan-telecom,wuhan-telecom,41.2075,0.0,icmp,1591404240,2020-06-06 00:44:00+00:00
53093940,jinan-telecom,wuhan-telecom,39.6026,0.0,icmp,1591404319,2020-06-06 00:45:19+00:00
53094162,jinan-telecom,wuhan-telecom,40.3693,0.0,icmp,1591404480,2020-06-06 00:48:00+00:00
53094372,jinan-telecom,wuhan-telecom,41.1175,0.0,icmp,1591404600,2020-06-06 00:50:00+00:00
53094615,jinan-telecom,wuhan-telecom,41.5574,0.0,icmp,1591404720,2020-06-06 00:52:00+00:00
53094850,jinan-telecom,wuhan-telecom,41.5041,0.0,icmp,1591404840,2020-06-06 00:54:00+00:00
53095073,jinan-telecom,wuhan-telecom,39.6332,0.0,icmp,1591404919,2020-06-06 00:55:19+00:00
53095308,jinan-telecom,wuhan-telecom,43.2599,0.0,icmp,1591405080,2020-06-06 00:58:00+00:00
53095529,jinan-telecom,wuhan-telecom,40.073,0.0,icmp,1591405145,2020-06-06 00:59:05+00:00
53095768,jinan-telecom,wuhan-telecom,40.6529,0.0,icmp,1591405320,2020-06-06 01:02:00+00:00
53095996,jinan-telecom,wuhan-telecom,40.4865,0.0,icmp,1591405440,2020-06-06 01:04:00+00:00
53096221,jinan-telecom,wuhan-telecom,34.0127,0.0,icmp,1591405560,2020-06-06 01:06:00+00:00
53096446,jinan-telecom,wuhan-telecom,41.3192,0.0,icmp,1591405680,2020-06-06 01:08:00+00:00
53096663,jinan-telecom,wuhan-telecom,40.9583,0.0,icmp,1591405800,2020-06-06 01:10:00+00:00
53096906,jinan-telecom,wuhan-telecom,39.7772,0.0,icmp,1591405939,2020-06-06 01:12:19+00:00
53097127,jinan-telecom,wuhan-telecom,42.1615,0.0,icmp,1591406040,2020-06-06 01:14:00+00:00
53097361,jinan-telecom,wuhan-telecom,42.0865,0.0,icmp,1591406160,2020-06-06 01:16:00+00:00
53097597,jinan-telecom,wuhan-telecom,41.3229,0.0,icmp,1591406280,2020-06-06 01:18:00+00:00
53097825,jinan-telecom,wuhan-telecom,40.226,0.0,icmp,1591406400,2020-06-06 01:20:00+00:00
53098057,jinan-telecom,wuhan-telecom,39.7046,0.0,icmp,1591406539,2020-06-06 01:22:19+00:00
53098272,jinan-telecom,wuhan-telecom,40.7516,0.0,icmp,1591406640,2020-06-06 01:24:00+00:00
53098498,jinan-telecom,wuhan-telecom,39.7463,0.0,icmp,1591406779,2020-06-06 01:26:19+00:00
53098736,jinan-telecom,wuhan-telecom,40.9625,0.0,icmp,1591406880,2020-06-06 01:28:00+00:00
53098954,jinan-telecom,wuhan-telecom,40.9047,0.0,icmp,1591407000,2020-06-06 01:30:00+00:00
53099216,jinan-telecom,wuhan-telecom,39.7605,0.0,icmp,1591407079,2020-06-06 01:31:19+00:00
53099432,jinan-telecom,wuhan-telecom,39.7605,0.0,icmp,1591407199,2020-06-06 01:33:19+00:00
53099632,jinan-telecom,wuhan-telecom,39.7566,0.0,icmp,1591407319,2020-06-06 01:35:19+00:00
53099888,jinan-telecom,wuhan-telecom,39.98,0.0,icmp,1591407485,2020-06-06 01:38:05+00:00
53100101,jinan-telecom,wuhan-telecom,41.2324,0.0,icmp,1591407600,2020-06-06 01:40:00+00:00
53100332,jinan-telecom,wuhan-telecom,40.0098,0.0,icmp,1591407720,2020-06-06 01:42:00+00:00
53100573,jinan-telecom,wuhan-telecom,40.9869,0.0,icmp,1591407840,2020-06-06 01:44:00+00:00
53100801,jinan-telecom,wuhan-telecom,40.5831,0.0,icmp,1591407960,2020-06-06 01:46:00+00:00
53101034,jinan-telecom,wuhan-telecom,39.782,0.0,icmp,1591408039,2020-06-06 01:47:19+00:00
53101269,jinan-telecom,wuhan-telecom,40.3357,0.0,icmp,1591408200,2020-06-06 01:50:00+00:00
53101489,jinan-telecom,wuhan-telecom,41.0397,0.0,icmp,1591408320,2020-06-06 01:52:00+00:00
53101717,jinan-telecom,wuhan-telecom,40.8803,0.0,icmp,1591408440,2020-06-06 01:54:00+00:00
53101941,jinan-telecom,wuhan-telecom,39.7043,0.0,icmp,1591408579,2020-06-06 01:56:19+00:00
53102185,jinan-telecom,wuhan-telecom,41.0132,0.0,icmp,1591408680,2020-06-06 01:58:00+00:00
53102402,jinan-telecom,wuhan-telecom,40.6607,0.0,icmp,1591408800,2020-06-06 02:00:00+00:00
53102643,jinan-telecom,wuhan-telecom,41.7956,0.0,icmp,1591408920,2020-06-06 02:02:00+00:00
53102873,jinan-telecom,wuhan-telecom,40.4645,0.0,icmp,1591409040,2020-06-06 02:04:00+00:00
53103121,jinan-telecom,wuhan-telecom,40.6105,0.0,icmp,1591409160,2020-06-06 02:06:00+00:00
53103332,jinan-telecom,wuhan-telecom,40.9517,0.0,icmp,1591409280,2020-06-06 02:08:00+00:00
53103520,jinan-telecom,wuhan-telecom,40.1671,0.0,icmp,1591409345,2020-06-06 02:09:05+00:00
53103788,jinan-telecom,wuhan-telecom,40.4597,0.0,icmp,1591409520,2020-06-06 02:12:00+00:00
53103994,jinan-telecom,wuhan-telecom,39.8081,0.0,icmp,1591409599,2020-06-06 02:13:19+00:00
53104217,jinan-telecom,wuhan-telecom,41.2886,0.0,icmp,1591409760,2020-06-06 02:16:00+00:00
53104472,jinan-telecom,wuhan-telecom,40.8429,0.0,icmp,1591409880,2020-06-06 02:18:00+00:00
53104695,jinan-telecom,wuhan-telecom,39.7623,0.0,icmp,1591409959,2020-06-06 02:19:19+00:00
53104938,jinan-telecom,wuhan-telecom,39.9732,0.0,icmp,1591410120,2020-06-06 02:22:00+00:00
53105153,jinan-telecom,wuhan-telecom,41.0451,0.0,icmp,1591410240,2020-06-06 02:24:00+00:00
53105376,jinan-telecom,wuhan-telecom,43.4349,0.0,icmp,1591410360,2020-06-06 02:26:00+00:00
53105609,jinan-telecom,wuhan-telecom,39.7204,0.0,icmp,1591410439,2020-06-06 02:27:19+00:00
53105822,jinan-telecom,wuhan-telecom,41.0706,0.0,icmp,1591410600,2020-06-06 02:30:00+00:00
53106057,jinan-telecom,wuhan-telecom,40.6726,0.0,icmp,1591410720,2020-06-06 02:32:00+00:00
53106300,jinan-telecom,wuhan-telecom,40.8052,0.0,icmp,1591410840,2020-06-06 02:34:00+00:00
53106517,jinan-telecom,wuhan-telecom,40.1175,0.0,icmp,1591410960,2020-06-06 02:36:00+00:00
53106749,jinan-telecom,wuhan-telecom,41.7584,0.0,icmp,1591411080,2020-06-06 02:38:00+00:00
53106980,jinan-telecom,wuhan-telecom,39.7516,0.0,icmp,1591411159,2020-06-06 02:39:19+00:00
53107221,jinan-telecom,wuhan-telecom,39.8354,0.0,icmp,1591411279,2020-06-06 02:41:19+00:00
53107436,jinan-telecom,wuhan-telecom,40.0761,0.0,icmp,1591411384,2020-06-06 02:43:04+00:00
53107656,jinan-telecom,wuhan-telecom,40.3583,0.0,icmp,1591411560,2020-06-06 02:46:00+00:00
53107894,jinan-telecom,wuhan-telecom,41.0366,0.0,icmp,1591411680,2020-06-06 02:48:00+00:00
53108132,jinan-telecom,wuhan-telecom,42.1348,0.0,icmp,1591411800,2020-06-06 02:50:00+00:00
53108345,jinan-telecom,wuhan-telecom,40.7203,0.0,icmp,1591411920,2020-06-06 02:52:00+00:00
53108577,jinan-telecom,wuhan-telecom,40.8919,0.0,icmp,1591412040,2020-06-06 02:54:00+00:00
53108813,jinan-telecom,wuhan-telecom,41.8073,0.0,icmp,1591412160,2020-06-06 02:56:00+00:00
53109026,jinan-telecom,wuhan-telecom,41.539,0.0,icmp,1591412280,2020-06-06 02:58:00+00:00
53109262,jinan-telecom,wuhan-telecom,42.0315,0.0,icmp,1591412400,2020-06-06 03:00:00+00:00
53109507,jinan-telecom,wuhan-telecom,40.8987,0.0,icmp,1591412520,2020-06-06 03:02:00+00:00
53109723,jinan-telecom,wuhan-telecom,40.8201,0.0,icmp,1591412640,2020-06-06 03:04:00+00:00
53109944,jinan-telecom,wuhan-telecom,40.4883,0.0,icmp,1591412760,2020-06-06 03:06:00+00:00
53110179,jinan-telecom,wuhan-telecom,40.7053,0.0,icmp,1591412880,2020-06-06 03:08:00+00:00
53110410,jinan-telecom,wuhan-telecom,41.9691,0.0,icmp,1591413000,2020-06-06 03:10:00+00:00
53110638,jinan-telecom,wuhan-telecom,39.7541,0.0,icmp,1591413079,2020-06-06 03:11:19+00:00
53110873,jinan-telecom,wuhan-telecom,39.745,0.0,icmp,1591413259,2020-06-06 03:14:19+00:00
53111098,jinan-telecom,wuhan-telecom,39.7237,0.0,icmp,1591413379,2020-06-06 03:16:19+00:00
53111350,jinan-telecom,wuhan-telecom,40.7798,0.0,icmp,1591413480,2020-06-06 03:18:00+00:00
53111550,jinan-telecom,wuhan-telecom,40.9786,0.0,icmp,1591413600,2020-06-06 03:20:00+00:00
53111785,jinan-telecom,wuhan-telecom,39.729,0.0,icmp,1591413679,2020-06-06 03:21:19+00:00
53112003,jinan-telecom,wuhan-telecom,39.7759,0.0,icmp,1591413859,2020-06-06 03:24:19+00:00
53112243,jinan-telecom,wuhan-telecom,41.034,0.0,icmp,1591413960,2020-06-06 03:26:00+00:00
53112474,jinan-telecom,wuhan-telecom,39.732,0.0,icmp,1591414099,2020-06-06 03:28:19+00:00
53112697,jinan-telecom,wuhan-telecom,39.7571,0.0,icmp,1591414219,2020-06-06 03:30:19+00:00
53112938,jinan-telecom,wuhan-telecom,41.8527,0.0,icmp,1591414320,2020-06-06 03:32:00+00:00
53113171,jinan-telecom,wuhan-telecom,40.0778,0.0,icmp,1591414440,2020-06-06 03:34:00+00:00
53113392,jinan-telecom,wuhan-telecom,39.817,0.0,icmp,1591414579,2020-06-06 03:36:19+00:00
53113610,jinan-telecom,wuhan-telecom,41.6384,0.0,icmp,1591414680,2020-06-06 03:38:00+00:00
53113861,jinan-telecom,wuhan-telecom,42.014,0.0,icmp,1591414800,2020-06-06 03:40:00+00:00
53114072,jinan-telecom,wuhan-telecom,40.1043,0.0,icmp,1591414920,2020-06-06 03:42:00+00:00
53114304,jinan-telecom,wuhan-telecom,39.8193,0.0,icmp,1591415044,2020-06-06 03:44:04+00:00
53114549,jinan-telecom,wuhan-telecom,40.2236,0.0,icmp,1591415160,2020-06-06 03:46:00+00:00
53114769,jinan-telecom,wuhan-telecom,39.7122,0.0,icmp,1591415299,2020-06-06 03:48:19+00:00
53114982,jinan-telecom,wuhan-telecom,40.1841,0.0,icmp,1591415400,2020-06-06 03:50:00+00:00
53115211,jinan-telecom,wuhan-telecom,41.78,0.0,icmp,1591415520,2020-06-06 03:52:00+00:00
53115466,jinan-telecom,wuhan-telecom,39.7569,0.0,icmp,1591415599,2020-06-06 03:53:19+00:00
53115681,jinan-telecom,wuhan-telecom,40.1046,0.0,icmp,1591415760,2020-06-06 03:56:00+00:00
53115911,jinan-telecom,wuhan-telecom,40.8481,0.0,icmp,1591415880,2020-06-06 03:58:00+00:00
53116147,jinan-telecom,wuhan-telecom,39.753,0.0,icmp,1591415959,2020-06-06 03:59:19+00:00
53116381,jinan-telecom,wuhan-telecom,41.7856,0.0,icmp,1591416120,2020-06-06 04:02:00+00:00
53116609,jinan-telecom,wuhan-telecom,42.6449,0.0,icmp,1591416240,2020-06-06 04:04:00+00:00
53116818,jinan-telecom,wuhan-telecom,41.5481,0.0,icmp,1591416360,2020-06-06 04:06:00+00:00
53117048,jinan-telecom,wuhan-telecom,41.5726,0.0,icmp,1591416480,2020-06-06 04:08:00+00:00
53117269,jinan-telecom,wuhan-telecom,39.7539,0.0,icmp,1591416559,2020-06-06 04:09:19+00:00
53117520,jinan-telecom,wuhan-telecom,41.1701,0.0,icmp,1591416720,2020-06-06 04:12:00+00:00
53117738,jinan-telecom,wuhan-telecom,42.9685,0.0,icmp,1591416840,2020-06-06 04:14:00+00:00
53117968,jinan-telecom,wuhan-telecom,41.0486,0.0,icmp,1591416960,2020-06-06 04:16:00+00:00
53118200,jinan-telecom,wuhan-telecom,42.9939,0.0,icmp,1591417080,2020-06-06 04:18:00+00:00
53118416,jinan-telecom,wuhan-telecom,39.7906,0.0,icmp,1591417219,2020-06-06 04:20:19+00:00
53118672,jinan-telecom,wuhan-telecom,41.5591,0.0,icmp,1591417320,2020-06-06 04:22:00+00:00
53118881,jinan-telecom,wuhan-telecom,42.0289,0.0,icmp,1591417440,2020-06-06 04:24:00+00:00
53119142,jinan-telecom,wuhan-telecom,39.732,0.0,icmp,1591417519,2020-06-06 04:25:19+00:00
53119361,jinan-telecom,wuhan-telecom,39.9495,0.0,icmp,1591417624,2020-06-06 04:27:04+00:00
53119563,jinan-telecom,wuhan-telecom,39.7061,0.0,icmp,1591417759,2020-06-06 04:29:19+00:00
53119797,jinan-telecom,wuhan-telecom,42.2766,0.0,icmp,1591417920,2020-06-06 04:32:00+00:00
53120030,jinan-telecom,wuhan-telecom,39.7613,0.0,icmp,1591417999,2020-06-06 04:33:19+00:00
53120252,jinan-telecom,wuhan-telecom,39.736,0.0,icmp,1591418119,2020-06-06 04:35:19+00:00
53120489,jinan-telecom,wuhan-telecom,41.0627,0.0,icmp,1591418280,2020-06-06 04:38:00+00:00
53120714,jinan-telecom,wuhan-telecom,42.1938,0.0,icmp,1591418400,2020-06-06 04:40:00+00:00
53120962,jinan-telecom,wuhan-telecom,40.7768,0.0,icmp,1591418520,2020-06-06 04:42:00+00:00
53121185,jinan-telecom,wuhan-telecom,40.3142,0.0,icmp,1591418640,2020-06-06 04:44:00+00:00
53121408,jinan-telecom,wuhan-telecom,40.3899,0.0,icmp,1591418760,2020-06-06 04:46:00+00:00
53121649,jinan-telecom,wuhan-telecom,39.808,0.0,icmp,1591418839,2020-06-06 04:47:19+00:00
53121854,jinan-telecom,wuhan-telecom,41.832,0.0,icmp,1591419000,2020-06-06 04:50:00+00:00
53122101,jinan-telecom,wuhan-telecom,40.7707,0.0,icmp,1591419120,2020-06-06 04:52:00+00:00
53122327,jinan-telecom,wuhan-telecom,41.5996,0.0,icmp,1591419240,2020-06-06 04:54:00+00:00
53122541,jinan-telecom,wuhan-telecom,40.8574,0.0,icmp,1591419360,2020-06-06 04:56:00+00:00
53122751,jinan-telecom,wuhan-telecom,40.6903,0.0,icmp,1591419480,2020-06-06 04:58:00+00:00
53123010,jinan-telecom,wuhan-telecom,41.2093,0.0,icmp,1591419600,2020-06-06 05:00:00+00:00
53123252,jinan-telecom,wuhan-telecom,42.8745,0.0,icmp,1591419720,2020-06-06 05:02:00+00:00
53123468,jinan-telecom,wuhan-telecom,40.1139,0.0,icmp,1591419840,2020-06-06 05:04:00+00:00
53123695,jinan-telecom,wuhan-telecom,40.4442,0.0,icmp,1591419960,2020-06-06 05:06:00+00:00
53123919,jinan-telecom,wuhan-telecom,40.6001,0.0,icmp,1591420080,2020-06-06 05:08:00+00:00
53124161,jinan-telecom,wuhan-telecom,40.8564,0.0,icmp,1591420200,2020-06-06 05:10:00+00:00
53124398,jinan-telecom,wuhan-telecom,41.1549,0.0,icmp,1591420320,2020-06-06 05:12:00+00:00
53124617,jinan-telecom,wuhan-telecom,41.6981,0.0,icmp,1591420440,2020-06-06 05:14:00+00:00
53124836,jinan-telecom,wuhan-telecom,41.571,0.0,icmp,1591420560,2020-06-06 05:16:00+00:00
53125061,jinan-telecom,wuhan-telecom,41.8578,0.0,icmp,1591420680,2020-06-06 05:18:00+00:00
53125291,jinan-telecom,wuhan-telecom,39.7052,0.0,icmp,1591420759,2020-06-06 05:19:19+00:00
53125534,jinan-telecom,wuhan-telecom,41.1167,0.0,icmp,1591420920,2020-06-06 05:22:00+00:00
53125769,jinan-telecom,wuhan-telecom,40.3976,0.0,icmp,1591421040,2020-06-06 05:24:00+00:00
53125974,jinan-telecom,wuhan-telecom,39.7405,0.0,icmp,1591421119,2020-06-06 05:25:19+00:00
53126214,jinan-telecom,wuhan-telecom,42.205,0.0,icmp,1591421280,2020-06-06 05:28:00+00:00
53126459,jinan-telecom,wuhan-telecom,41.7031,0.0,icmp,1591421400,2020-06-06 05:30:00+00:00
53126665,jinan-telecom,wuhan-telecom,40.2994,0.0,icmp,1591421520,2020-06-06 05:32:00+00:00
53126912,jinan-telecom,wuhan-telecom,39.7243,0.0,icmp,1591421599,2020-06-06 05:33:19+00:00
53127113,jinan-telecom,wuhan-telecom,39.7923,0.0,icmp,1591421779,2020-06-06 05:36:19+00:00
53127366,jinan-telecom,wuhan-telecom,39.7544,0.0,icmp,1591421899,2020-06-06 05:38:19+00:00
53127598,jinan-telecom,wuhan-telecom,41.2356,0.0,icmp,1591422000,2020-06-06 05:40:00+00:00
53127808,jinan-telecom,wuhan-telecom,40.9527,0.0,icmp,1591422120,2020-06-06 05:42:00+00:00
53128041,jinan-telecom,wuhan-telecom,41.9921,0.0,icmp,1591422240,2020-06-06 05:44:00+00:00
53128275,jinan-telecom,wuhan-telecom,40.4842,0.0,icmp,1591422360,2020-06-06 05:46:00+00:00
53128519,jinan-telecom,wuhan-telecom,39.7517,0.0,icmp,1591422499,2020-06-06 05:48:19+00:00
53128732,jinan-telecom,wuhan-telecom,40.4894,0.0,icmp,1591422600,2020-06-06 05:50:00+00:00
53128962,jinan-telecom,wuhan-telecom,40.6093,0.0,icmp,1591422720,2020-06-06 05:52:00+00:00
53129183,jinan-telecom,wuhan-telecom,41.0483,0.0,icmp,1591422840,2020-06-06 05:54:00+00:00
53129414,jinan-telecom,wuhan-telecom,43.9573,0.0,icmp,1591422960,2020-06-06 05:56:00+00:00
53129680,jinan-telecom,wuhan-telecom,41.2453,0.0,icmp,1591423080,2020-06-06 05:58:00+00:00
53129881,jinan-telecom,wuhan-telecom,39.7484,0.0,icmp,1591423219,2020-06-06 06:00:19+00:00
53130096,jinan-telecom,wuhan-telecom,41.1786,0.0,icmp,1591423320,2020-06-06 06:02:00+00:00
53130337,jinan-telecom,wuhan-telecom,41.5468,0.0,icmp,1591423440,2020-06-06 06:04:00+00:00
53130565,jinan-telecom,wuhan-telecom,41.0238,0.0,icmp,1591423560,2020-06-06 06:06:00+00:00
53130784,jinan-telecom,wuhan-telecom,41.0002,0.0,icmp,1591423680,2020-06-06 06:08:00+00:00
53131038,jinan-telecom,wuhan-telecom,41.912,0.0,icmp,1591423800,2020-06-06 06:10:00+00:00
53131249,jinan-telecom,wuhan-telecom,41.6924,0.0,icmp,1591423920,2020-06-06 06:12:00+00:00
53131472,jinan-telecom,wuhan-telecom,39.8791,0.0,icmp,1591423999,2020-06-06 06:13:19+00:00
53131701,jinan-telecom,wuhan-telecom,40.4378,0.0,icmp,1591424160,2020-06-06 06:16:00+00:00
53131941,jinan-telecom,wuhan-telecom,40.9958,0.0,icmp,1591424280,2020-06-06 06:18:00+00:00
53132159,jinan-telecom,wuhan-telecom,41.0098,0.0,icmp,1591424400,2020-06-06 06:20:00+00:00
53132401,jinan-telecom,wuhan-telecom,40.6475,0.0,icmp,1591424520,2020-06-06 06:22:00+00:00
53132613,jinan-telecom,wuhan-telecom,43.2189,0.0,icmp,1591424640,2020-06-06 06:24:00+00:00
53132854,jinan-telecom,wuhan-telecom,41.9724,0.0,icmp,1591424760,2020-06-06 06:26:00+00:00
53133094,jinan-telecom,wuhan-telecom,43.2397,0.0,icmp,1591424880,2020-06-06 06:28:00+00:00
53133315,jinan-telecom,wuhan-telecom,40.8708,0.0,icmp,1591425000,2020-06-06 06:30:00+00:00
53133534,jinan-telecom,wuhan-telecom,41.1138,0.0,icmp,1591425120,2020-06-06 06:32:00+00:00
53133773,jinan-telecom,wuhan-telecom,42.1659,0.0,icmp,1591425240,2020-06-06 06:34:00+00:00
53133997,jinan-telecom,wuhan-telecom,41.4376,0.0,icmp,1591425360,2020-06-06 06:36:00+00:00
53134223,jinan-telecom,wuhan-telecom,40.4953,0.0,icmp,1591425480,2020-06-06 06:38:00+00:00
53134455,jinan-telecom,wuhan-telecom,41.433,0.0,icmp,1591425600,2020-06-06 06:40:00+00:00
53134706,jinan-telecom,wuhan-telecom,40.2115,0.0,icmp,1591425720,2020-06-06 06:42:00+00:00
53134913,jinan-telecom,wuhan-telecom,39.7161,0.0,icmp,1591425799,2020-06-06 06:43:19+00:00
53135161,jinan-telecom,wuhan-telecom,41.5305,0.0,icmp,1591425960,2020-06-06 06:46:00+00:00
53135380,jinan-telecom,wuhan-telecom,40.6502,0.0,icmp,1591426080,2020-06-06 06:48:00+00:00
53135624,jinan-telecom,wuhan-telecom,39.9677,0.0,icmp,1591426145,2020-06-06 06:49:05+00:00
53135829,jinan-telecom,wuhan-telecom,42.1187,0.0,icmp,1591426320,2020-06-06 06:52:00+00:00
53136069,jinan-telecom,wuhan-telecom,40.8915,0.0,icmp,1591426440,2020-06-06 06:54:00+00:00
53136295,jinan-telecom,wuhan-telecom,40.0471,0.0,icmp,1591426560,2020-06-06 06:56:00+00:00
53136511,jinan-telecom,wuhan-telecom,44.2376,0.0,icmp,1591426680,2020-06-06 06:58:00+00:00
53136754,jinan-telecom,wuhan-telecom,40.8357,0.0,icmp,1591426800,2020-06-06 07:00:00+00:00
53136991,jinan-telecom,wuhan-telecom,39.7595,0.0,icmp,1591426879,2020-06-06 07:01:19+00:00
53137227,jinan-telecom,wuhan-telecom,43.087,0.0,icmp,1591427040,2020-06-06 07:04:00+00:00
53137416,jinan-telecom,wuhan-telecom,41.59,0.0,icmp,1591427160,2020-06-06 07:06:00+00:00
53137666,jinan-telecom,wuhan-telecom,39.7291,0.0,icmp,1591427239,2020-06-06 07:07:19+00:00
53137894,jinan-telecom,wuhan-telecom,39.7608,0.0,icmp,1591427359,2020-06-06 07:09:19+00:00
53138125,jinan-telecom,wuhan-telecom,40.811,0.0,icmp,1591427520,2020-06-06 07:12:00+00:00
53138345,jinan-telecom,wuhan-telecom,40.9696,0.0,icmp,1591427640,2020-06-06 07:14:00+00:00
53138578,jinan-telecom,wuhan-telecom,41.021,0.0,icmp,1591427760,2020-06-06 07:16:00+00:00
53138801,jinan-telecom,wuhan-telecom,39.7008,0.0,icmp,1591427839,2020-06-06 07:17:19+00:00
53139030,jinan-telecom,wuhan-telecom,40.9282,0.0,icmp,1591428000,2020-06-06 07:20:00+00:00
53139276,jinan-telecom,wuhan-telecom,40.9242,0.0,icmp,1591428120,2020-06-06 07:22:00+00:00
53139480,jinan-telecom,wuhan-telecom,42.1699,0.0,icmp,1591428240,2020-06-06 07:24:00+00:00
53139741,jinan-telecom,wuhan-telecom,41.5029,0.0,icmp,1591428360,2020-06-06 07:26:00+00:00
53139982,jinan-telecom,wuhan-telecom,41.0216,0.0,icmp,1591428480,2020-06-06 07:28:00+00:00
53140189,jinan-telecom,wuhan-telecom,41.9749,0.0,icmp,1591428600,2020-06-06 07:30:00+00:00
53140418,jinan-telecom,wuhan-telecom,41.0886,0.0,icmp,1591428720,2020-06-06 07:32:00+00:00
53140647,jinan-telecom,wuhan-telecom,39.739,0.0,icmp,1591428859,2020-06-06 07:34:19+00:00
53140878,jinan-telecom,wuhan-telecom,40.9011,0.0,icmp,1591428960,2020-06-06 07:36:00+00:00
53141098,jinan-telecom,wuhan-telecom,39.7164,0.0,icmp,1591429039,2020-06-06 07:37:19+00:00
53141333,jinan-telecom,wuhan-telecom,39.7055,0.0,icmp,1591429219,2020-06-06 07:40:19+00:00
53141552,jinan-telecom,wuhan-telecom,40.9002,0.0,icmp,1591429320,2020-06-06 07:42:00+00:00
53141795,jinan-telecom,wuhan-telecom,39.76,0.0,icmp,1591429459,2020-06-06 07:44:19+00:00
53142008,jinan-telecom,wuhan-telecom,40.235,0.0,icmp,1591429560,2020-06-06 07:46:00+00:00
53142248,jinan-telecom,wuhan-telecom,40.654,0.0,icmp,1591429680,2020-06-06 07:48:00+00:00
53142493,jinan-telecom,wuhan-telecom,39.7761,0.0,icmp,1591429759,2020-06-06 07:49:19+00:00
53142715,jinan-telecom,wuhan-telecom,40.9855,0.0,icmp,1591429920,2020-06-06 07:52:00+00:00
53142920,jinan-telecom,wuhan-telecom,39.7006,0.0,icmp,1591430059,2020-06-06 07:54:19+00:00
53143165,jinan-telecom,wuhan-telecom,42.8879,0.0,icmp,1591430160,2020-06-06 07:56:00+00:00
53143391,jinan-telecom,wuhan-telecom,39.7945,0.0,icmp,1591430299,2020-06-06 07:58:19+00:00
53143616,jinan-telecom,wuhan-telecom,39.9621,0.0,icmp,1591430419,2020-06-06 08:00:19+00:00
53143844,jinan-telecom,wuhan-telecom,40.9457,0.0,icmp,1591430520,2020-06-06 08:02:00+00:00
53144090,jinan-telecom,wuhan-telecom,39.8404,0.0,icmp,1591430585,2020-06-06 08:03:05+00:00
53144318,jinan-telecom,wuhan-telecom,40.1141,0.0,icmp,1591430760,2020-06-06 08:06:00+00:00
53144551,jinan-telecom,wuhan-telecom,41.0259,0.0,icmp,1591430880,2020-06-06 08:08:00+00:00
53144764,jinan-telecom,wuhan-telecom,41.8971,0.0,icmp,1591431000,2020-06-06 08:10:00+00:00
53144990,jinan-telecom,wuhan-telecom,39.9226,0.0,icmp,1591431120,2020-06-06 08:12:00+00:00
53145239,jinan-telecom,wuhan-telecom,40.6872,0.0,icmp,1591431240,2020-06-06 08:14:00+00:00
53145460,jinan-telecom,wuhan-telecom,41.1399,0.0,icmp,1591431360,2020-06-06 08:16:00+00:00
53145679,jinan-telecom,wuhan-telecom,42.7475,0.0,icmp,1591431480,2020-06-06 08:18:00+00:00
53145922,jinan-telecom,wuhan-telecom,41.206,0.0,icmp,1591431600,2020-06-06 08:20:00+00:00
53146133,jinan-telecom,wuhan-telecom,40.4519,0.0,icmp,1591431720,2020-06-06 08:22:00+00:00
53146379,jinan-telecom,wuhan-telecom,39.831,0.0,icmp,1591431784,2020-06-06 08:23:04+00:00
53146587,jinan-telecom,wuhan-telecom,42.1348,0.0,icmp,1591431960,2020-06-06 08:26:00+00:00
53146847,jinan-telecom,wuhan-telecom,41.7146,0.0,icmp,1591432080,2020-06-06 08:28:00+00:00
53147050,jinan-telecom,wuhan-telecom,39.7845,0.0,icmp,1591432159,2020-06-06 08:29:19+00:00
53147295,jinan-telecom,wuhan-telecom,40.6479,0.0,icmp,1591432320,2020-06-06 08:32:00+00:00
53147500,jinan-telecom,wuhan-telecom,40.9944,0.0,icmp,1591432440,2020-06-06 08:34:00+00:00
53147748,jinan-telecom,wuhan-telecom,41.1994,0.0,icmp,1591432505,2020-06-06 08:35:05+00:00
53147982,jinan-telecom,wuhan-telecom,39.7919,0.0,icmp,1591432639,2020-06-06 08:37:19+00:00
53148186,jinan-telecom,wuhan-telecom,42.646,0.0,icmp,1591432800,2020-06-06 08:40:00+00:00
53148416,jinan-telecom,wuhan-telecom,40.6601,0.0,icmp,1591432920,2020-06-06 08:42:00+00:00
53148655,jinan-telecom,wuhan-telecom,41.3139,0.0,icmp,1591433040,2020-06-06 08:44:00+00:00
53148882,jinan-telecom,wuhan-telecom,41.5148,0.0,icmp,1591433160,2020-06-06 08:46:00+00:00
53149120,jinan-telecom,wuhan-telecom,39.9224,0.0,icmp,1591433239,2020-06-06 08:47:19+00:00
53149344,jinan-telecom,wuhan-telecom,41.6909,0.0,icmp,1591433400,2020-06-06 08:50:00+00:00
53149588,jinan-telecom,wuhan-telecom,41.011,0.0,icmp,1591433520,2020-06-06 08:52:00+00:00
53149819,jinan-telecom,wuhan-telecom,40.3308,0.0,icmp,1591433640,2020-06-06 08:54:00+00:00
53150048,jinan-telecom,wuhan-telecom,41.0797,0.0,icmp,1591433760,2020-06-06 08:56:00+00:00
53150270,jinan-telecom,wuhan-telecom,41.54,0.0,icmp,1591433880,2020-06-06 08:58:00+00:00
53150478,jinan-telecom,wuhan-telecom,39.9883,0.0,icmp,1591434000,2020-06-06 09:00:00+00:00
53150707,jinan-telecom,wuhan-telecom,40.5428,0.0,icmp,1591434120,2020-06-06 09:02:00+00:00
53150944,jinan-telecom,wuhan-telecom,40.0183,0.0,icmp,1591434240,2020-06-06 09:04:00+00:00
53151176,jinan-telecom,wuhan-telecom,39.8454,0.0,icmp,1591434319,2020-06-06 09:05:19+00:00
53151401,jinan-telecom,wuhan-telecom,39.8719,0.0,icmp,1591434439,2020-06-06 09:07:19+00:00
53151653,jinan-telecom,wuhan-telecom,39.7895,0.0,icmp,1591434619,2020-06-06 09:10:19+00:00
53151852,jinan-telecom,wuhan-telecom,40.5602,0.0,icmp,1591434720,2020-06-06 09:12:00+00:00
53152081,jinan-telecom,wuhan-telecom,41.4444,0.0,icmp,1591434840,2020-06-06 09:14:00+00:00
53152320,jinan-telecom,wuhan-telecom,42.5467,0.0,icmp,1591434960,2020-06-06 09:16:00+00:00
53152553,jinan-telecom,wuhan-telecom,39.7381,0.0,icmp,1591435039,2020-06-06 09:17:19+00:00
53152768,jinan-telecom,wuhan-telecom,40.1449,0.0,icmp,1591435200,2020-06-06 09:20:00+00:00
53153014,jinan-telecom,wuhan-telecom,41.5812,0.0,icmp,1591435320,2020-06-06 09:22:00+00:00
53153254,jinan-telecom,wuhan-telecom,39.9903,0.0,icmp,1591435440,2020-06-06 09:24:00+00:00
53153481,jinan-telecom,wuhan-telecom,40.0221,0.0,icmp,1591435560,2020-06-06 09:26:00+00:00
53153704,jinan-telecom,wuhan-telecom,41.6033,0.0,icmp,1591373700,2020-06-05 16:15:00+00:00
53153892,jinan-telecom,wuhan-telecom,39.6268,0.0,icmp,1591373779,2020-06-05 16:16:19+00:00
53154126,jinan-telecom,wuhan-telecom,39.6517,0.0,icmp,1591373899,2020-06-05 16:18:19+00:00
53154349,jinan-telecom,wuhan-telecom,40.2796,0.0,icmp,1591374060,2020-06-05 16:21:00+00:00
53154566,jinan-telecom,wuhan-telecom,41.467,0.0,icmp,1591374180,2020-06-05 16:23:00+00:00
53154806,jinan-telecom,wuhan-telecom,39.6685,0.0,icmp,1591374259,2020-06-05 16:24:19+00:00
53155016,jinan-telecom,wuhan-telecom,39.6781,0.0,icmp,1591374379,2020-06-05 16:26:19+00:00
53155236,jinan-telecom,wuhan-telecom,39.7081,0.0,icmp,1591374484,2020-06-05 16:28:04+00:00
53155473,jinan-telecom,wuhan-telecom,40.5754,0.0,icmp,1591374660,2020-06-05 16:31:00+00:00
53155687,jinan-telecom,wuhan-telecom,39.6327,0.0,icmp,1591374739,2020-06-05 16:32:19+00:00
53155912,jinan-telecom,wuhan-telecom,39.7165,0.0,icmp,1591374919,2020-06-05 16:35:19+00:00
53156141,jinan-telecom,wuhan-telecom,40.766,0.0,icmp,1591375020,2020-06-05 16:37:00+00:00
53156365,jinan-telecom,wuhan-telecom,40.0931,0.0,icmp,1591375140,2020-06-05 16:39:00+00:00
53156572,jinan-telecom,wuhan-telecom,43.785,0.0,icmp,1591375260,2020-06-05 16:41:00+00:00
53156806,jinan-telecom,wuhan-telecom,39.7171,0.0,icmp,1591375325,2020-06-05 16:42:05+00:00
53157037,jinan-telecom,wuhan-telecom,41.3798,0.0,icmp,1591375500,2020-06-05 16:45:00+00:00
53157247,jinan-telecom,wuhan-telecom,40.7396,0.0,icmp,1591375620,2020-06-05 16:47:00+00:00
53157450,jinan-telecom,wuhan-telecom,40.4926,0.0,icmp,1591375740,2020-06-05 16:49:00+00:00
53157672,jinan-telecom,wuhan-telecom,40.8121,0.0,icmp,1591375860,2020-06-05 16:51:00+00:00
53157906,jinan-telecom,wuhan-telecom,41.5289,0.0,icmp,1591375980,2020-06-05 16:53:00+00:00
53158118,jinan-telecom,wuhan-telecom,41.68,0.0,icmp,1591376100,2020-06-05 16:55:00+00:00
53158331,jinan-telecom,wuhan-telecom,41.5757,0.0,icmp,1591376220,2020-06-05 16:57:00+00:00
53158584,jinan-telecom,wuhan-telecom,41.3672,0.0,icmp,1591376340,2020-06-05 16:59:00+00:00
53158803,jinan-telecom,wuhan-telecom,39.8733,0.0,icmp,1591376460,2020-06-05 17:01:00+00:00
53159003,jinan-telecom,wuhan-telecom,40.7148,0.0,icmp,1591376580,2020-06-05 17:03:00+00:00
53159224,jinan-telecom,wuhan-telecom,40.6405,0.0,icmp,1591376700,2020-06-05 17:05:00+00:00
53159453,jinan-telecom,wuhan-telecom,41.4275,0.0,icmp,1591376820,2020-06-05 17:07:00+00:00
53159674,jinan-telecom,wuhan-telecom,39.7891,0.0,icmp,1591376959,2020-06-05 17:09:19+00:00
53159913,jinan-telecom,wuhan-telecom,40.6542,0.0,icmp,1591377060,2020-06-05 17:11:00+00:00
53160138,jinan-telecom,wuhan-telecom,41.1676,0.0,icmp,1591377180,2020-06-05 17:13:00+00:00
53160355,jinan-telecom,wuhan-telecom,39.7653,0.0,icmp,1591377319,2020-06-05 17:15:19+00:00
53160574,jinan-telecom,wuhan-telecom,41.6222,0.0,icmp,1591377420,2020-06-05 17:17:00+00:00
53160807,jinan-telecom,wuhan-telecom,41.4197,0.0,icmp,1591377540,2020-06-05 17:19:00+00:00
53161014,jinan-telecom,wuhan-telecom,39.7487,0.0,icmp,1591377619,2020-06-05 17:20:19+00:00
53161246,jinan-telecom,wuhan-telecom,41.7488,0.0,icmp,1591377780,2020-06-05 17:23:00+00:00
53161480,jinan-telecom,wuhan-telecom,40.8094,0.0,icmp,1591377900,2020-06-05 17:25:00+00:00
53161700,jinan-telecom,wuhan-telecom,41.145,0.0,icmp,1591378020,2020-06-05 17:27:00+00:00
53161914,jinan-telecom,wuhan-telecom,40.5361,0.0,icmp,1591378140,2020-06-05 17:29:00+00:00
53162138,jinan-telecom,wuhan-telecom,41.3233,0.0,icmp,1591378260,2020-06-05 17:31:00+00:00
53162357,jinan-telecom,wuhan-telecom,39.7636,0.0,icmp,1591378399,2020-06-05 17:33:19+00:00
53162573,jinan-telecom,wuhan-telecom,41.0493,0.0,icmp,1591378500,2020-06-05 17:35:00+00:00
53162817,jinan-telecom,wuhan-telecom,40.4781,0.0,icmp,1591378620,2020-06-05 17:37:00+00:00
53163032,jinan-telecom,wuhan-telecom,40.7853,0.0,icmp,1591378740,2020-06-05 17:39:00+00:00
53163260,jinan-telecom,wuhan-telecom,40.5779,0.0,icmp,1591378860,2020-06-05 17:41:00+00:00
53163499,jinan-telecom,wuhan-telecom,42.208,0.0,icmp,1591378980,2020-06-05 17:43:00+00:00
53163730,jinan-telecom,wuhan-telecom,41.203,0.0,icmp,1591379100,2020-06-05 17:45:00+00:00
53163947,jinan-telecom,wuhan-telecom,39.7066,0.0,icmp,1591379179,2020-06-05 17:46:19+00:00
53164162,jinan-telecom,wuhan-telecom,40.6715,0.0,icmp,1591379340,2020-06-05 17:49:00+00:00
53164410,jinan-telecom,wuhan-telecom,41.6568,0.0,icmp,1591379460,2020-06-05 17:51:00+00:00
53164630,jinan-telecom,wuhan-telecom,40.4482,0.0,icmp,1591379580,2020-06-05 17:53:00+00:00
53164865,jinan-telecom,wuhan-telecom,42.4668,0.0,icmp,1591379700,2020-06-05 17:55:00+00:00
53165057,jinan-telecom,wuhan-telecom,39.6983,0.0,icmp,1591379839,2020-06-05 17:57:19+00:00
53165288,jinan-telecom,wuhan-telecom,40.4344,0.0,icmp,1591379940,2020-06-05 17:59:00+00:00
53165507,jinan-telecom,wuhan-telecom,39.705,0.0,icmp,1591380079,2020-06-05 18:01:19+00:00
53165760,jinan-telecom,wuhan-telecom,41.7173,0.0,icmp,1591380180,2020-06-05 18:03:00+00:00
53165970,jinan-telecom,wuhan-telecom,40.3205,0.0,icmp,1591380300,2020-06-05 18:05:00+00:00
53166204,jinan-telecom,wuhan-telecom,41.9094,0.0,icmp,1591380420,2020-06-05 18:07:00+00:00
53166436,jinan-telecom,wuhan-telecom,39.7443,0.0,icmp,1591380559,2020-06-05 18:09:19+00:00
53166702,jinan-telecom,wuhan-telecom,41.202,0.0,icmp,1591380660,2020-06-05 18:11:00+00:00
53166910,jinan-telecom,wuhan-telecom,41.4493,0.0,icmp,1591380780,2020-06-05 18:13:00+00:00
53167109,jinan-telecom,wuhan-telecom,33.6839,0.0,icmp,1591380900,2020-06-05 18:15:00+00:00
53167335,jinan-telecom,wuhan-telecom,41.1409,0.0,icmp,1591381020,2020-06-05 18:17:00+00:00
53167554,jinan-telecom,wuhan-telecom,39.6694,0.0,icmp,1591381099,2020-06-05 18:18:19+00:00
53167777,jinan-telecom,wuhan-telecom,39.9856,0.0,icmp,1591381260,2020-06-05 18:21:00+00:00
53167976,jinan-telecom,wuhan-telecom,39.6578,0.0,icmp,1591381339,2020-06-05 18:22:19+00:00
53168215,jinan-telecom,wuhan-telecom,42.4104,0.0,icmp,1591381500,2020-06-05 18:25:00+00:00
53168457,jinan-telecom,wuhan-telecom,41.8501,0.0,icmp,1591381620,2020-06-05 18:27:00+00:00
53168675,jinan-telecom,wuhan-telecom,41.385,0.0,icmp,1591381740,2020-06-05 18:29:00+00:00
53168934,jinan-telecom,wuhan-telecom,40.9177,0.0,icmp,1591381860,2020-06-05 18:31:00+00:00
53169138,jinan-telecom,wuhan-telecom,40.7595,0.0,icmp,1591381980,2020-06-05 18:33:00+00:00
53169371,jinan-telecom,wuhan-telecom,40.0171,0.0,icmp,1591382100,2020-06-05 18:35:00+00:00
53169582,jinan-telecom,wuhan-telecom,41.7344,0.0,icmp,1591382220,2020-06-05 18:37:00+00:00
53169811,jinan-telecom,wuhan-telecom,41.5594,0.0,icmp,1591382340,2020-06-05 18:39:00+00:00
53170033,jinan-telecom,wuhan-telecom,41.2051,0.0,icmp,1591382460,2020-06-05 18:41:00+00:00
53170253,jinan-telecom,wuhan-telecom,41.7662,0.0,icmp,1591382580,2020-06-05 18:43:00+00:00
53170490,jinan-telecom,wuhan-telecom,41.2986,0.0,icmp,1591382700,2020-06-05 18:45:00+00:00
53170712,jinan-telecom,wuhan-telecom,40.5512,0.0,icmp,1591382820,2020-06-05 18:47:00+00:00
53170955,jinan-telecom,wuhan-telecom,42.2709,0.0,icmp,1591382940,2020-06-05 18:49:00+00:00
53171159,jinan-telecom,wuhan-telecom,42.9018,0.0,icmp,1591383060,2020-06-05 18:51:00+00:00
53171393,jinan-telecom,wuhan-telecom,40.34,0.0,icmp,1591383180,2020-06-05 18:53:00+00:00
53171630,jinan-telecom,wuhan-telecom,41.1768,0.0,icmp,1591383300,2020-06-05 18:55:00+00:00
53171869,jinan-telecom,wuhan-telecom,40.7172,0.0,icmp,1591383420,2020-06-05 18:57:00+00:00
53172077,jinan-telecom,wuhan-telecom,40.1701,0.0,icmp,1591383484,2020-06-05 18:58:04+00:00
53172317,jinan-telecom,wuhan-telecom,39.9212,0.0,icmp,1591383660,2020-06-05 19:01:00+00:00
53172547,jinan-telecom,wuhan-telecom,34.9264,0.0,icmp,1591383780,2020-06-05 19:03:00+00:00
53172763,jinan-telecom,wuhan-telecom,40.3486,0.0,icmp,1591383900,2020-06-05 19:05:00+00:00
53172982,jinan-telecom,wuhan-telecom,41.3374,0.0,icmp,1591384020,2020-06-05 19:07:00+00:00
53173232,jinan-telecom,wuhan-telecom,41.0321,0.0,icmp,1591384140,2020-06-05 19:09:00+00:00
53173439,jinan-telecom,wuhan-telecom,42.3867,0.0,icmp,1591384260,2020-06-05 19:11:00+00:00
53173695,jinan-telecom,wuhan-telecom,39.6065,0.0,icmp,1591384399,2020-06-05 19:13:19+00:00
53173906,jinan-telecom,wuhan-telecom,39.8925,0.0,icmp,1591384500,2020-06-05 19:15:00+00:00
53174135,jinan-telecom,wuhan-telecom,42.2398,0.0,icmp,1591384620,2020-06-05 19:17:00+00:00
53174381,jinan-telecom,wuhan-telecom,39.6699,0.0,icmp,1591384699,2020-06-05 19:18:19+00:00
53174603,jinan-telecom,wuhan-telecom,41.9598,0.0,icmp,1591384860,2020-06-05 19:21:00+00:00
53174831,jinan-telecom,wuhan-telecom,40.0715,0.0,icmp,1591384980,2020-06-05 19:23:00+00:00
53175066,jinan-telecom,wuhan-telecom,41.8695,0.0,icmp,1591385100,2020-06-05 19:25:00+00:00
53175304,jinan-telecom,wuhan-telecom,40.8192,0.0,icmp,1591385220,2020-06-05 19:27:00+00:00
53175515,jinan-telecom,wuhan-telecom,41.221,0.0,icmp,1591385340,2020-06-05 19:29:00+00:00
53175747,jinan-telecom,wuhan-telecom,33.8229,0.0,icmp,1591385460,2020-06-05 19:31:00+00:00
53175986,jinan-telecom,wuhan-telecom,41.7143,0.0,icmp,1591385580,2020-06-05 19:33:00+00:00
53176192,jinan-telecom,wuhan-telecom,41.6236,0.0,icmp,1591385700,2020-06-05 19:35:00+00:00
53176440,jinan-telecom,wuhan-telecom,43.3813,0.0,icmp,1591385820,2020-06-05 19:37:00+00:00
53176661,jinan-telecom,wuhan-telecom,41.4646,0.0,icmp,1591385940,2020-06-05 19:39:00+00:00
53176903,jinan-telecom,wuhan-telecom,40.9922,0.0,icmp,1591386060,2020-06-05 19:41:00+00:00
53177113,jinan-telecom,wuhan-telecom,41.54,0.0,icmp,1591386180,2020-06-05 19:43:00+00:00
53177361,jinan-telecom,wuhan-telecom,33.2176,0.0,icmp,1591386300,2020-06-05 19:45:00+00:00
53177570,jinan-telecom,wuhan-telecom,39.7003,0.0,icmp,1591386379,2020-06-05 19:46:19+00:00
53177802,jinan-telecom,wuhan-telecom,41.3304,0.0,icmp,1591386540,2020-06-05 19:49:00+00:00
53178036,jinan-telecom,wuhan-telecom,42.1161,0.0,icmp,1591386660,2020-06-05 19:51:00+00:00
53178254,jinan-telecom,wuhan-telecom,41.0923,0.0,icmp,1591386780,2020-06-05 19:53:00+00:00
53178512,jinan-telecom,wuhan-telecom,39.7478,0.0,icmp,1591386919,2020-06-05 19:55:19+00:00
53178710,jinan-telecom,wuhan-telecom,40.6356,0.0,icmp,1591387020,2020-06-05 19:57:00+00:00
53178950,jinan-telecom,wuhan-telecom,39.7155,0.0,icmp,1591387099,2020-06-05 19:58:19+00:00
53179167,jinan-telecom,wuhan-telecom,42.6565,0.0,icmp,1591387260,2020-06-05 20:01:00+00:00
53179396,jinan-telecom,wuhan-telecom,40.9121,0.0,icmp,1591387380,2020-06-05 20:03:00+00:00
53179637,jinan-telecom,wuhan-telecom,41.624,0.0,icmp,1591387500,2020-06-05 20:05:00+00:00
53179873,jinan-telecom,wuhan-telecom,41.8509,0.0,icmp,1591387620,2020-06-05 20:07:00+00:00
53180102,jinan-telecom,wuhan-telecom,40.7435,0.0,icmp,1591387740,2020-06-05 20:09:00+00:00
53180327,jinan-telecom,wuhan-telecom,41.8476,0.0,icmp,1591387860,2020-06-05 20:11:00+00:00
53180544,jinan-telecom,wuhan-telecom,40.9853,0.0,icmp,1591387980,2020-06-05 20:13:00+00:00
53180776,jinan-telecom,wuhan-telecom,40.7599,0.0,icmp,1591388100,2020-06-05 20:15:00+00:00
53181003,jinan-telecom,wuhan-telecom,39.7209,0.0,icmp,1591388179,2020-06-05 20:16:19+00:00
53181255,jinan-telecom,wuhan-telecom,41.22,0.0,icmp,1591388340,2020-06-05 20:19:00+00:00
53181461,jinan-telecom,wuhan-telecom,42.2325,0.0,icmp,1591388460,2020-06-05 20:21:00+00:00
53181713,jinan-telecom,wuhan-telecom,40.069,0.0,icmp,1591388580,2020-06-05 20:23:00+00:00
53181934,jinan-telecom,wuhan-telecom,39.9624,0.0,icmp,1591388700,2020-06-05 20:25:00+00:00
53182158,jinan-telecom,wuhan-telecom,40.6496,0.0,icmp,1591388820,2020-06-05 20:27:00+00:00
53182401,jinan-telecom,wuhan-telecom,41.736,0.0,icmp,1591388940,2020-06-05 20:29:00+00:00
53182608,jinan-telecom,wuhan-telecom,39.6913,0.0,icmp,1591389019,2020-06-05 20:30:19+00:00
53182837,jinan-telecom,wuhan-telecom,39.7081,0.0,icmp,1591389139,2020-06-05 20:32:19+00:00
53183088,jinan-telecom,wuhan-telecom,40.9855,0.0,icmp,1591389300,2020-06-05 20:35:00+00:00
53183318,jinan-telecom,wuhan-telecom,41.5046,0.0,icmp,1591389420,2020-06-05 20:37:00+00:00
53183546,jinan-telecom,wuhan-telecom,41.6404,0.0,icmp,1591389540,2020-06-05 20:39:00+00:00
53183775,jinan-telecom,wuhan-telecom,41.1124,0.0,icmp,1591389660,2020-06-05 20:41:00+00:00
53184002,jinan-telecom,wuhan-telecom,39.893,0.0,icmp,1591389780,2020-06-05 20:43:00+00:00
53184209,jinan-telecom,wuhan-telecom,43.2835,0.0,icmp,1591389900,2020-06-05 20:45:00+00:00
53184432,jinan-telecom,wuhan-telecom,40.4014,0.0,icmp,1591390020,2020-06-05 20:47:00+00:00
53184682,jinan-telecom,wuhan-telecom,40.905,0.0,icmp,1591390140,2020-06-05 20:49:00+00:00
53184909,jinan-telecom,wuhan-telecom,41.4234,0.0,icmp,1591390260,2020-06-05 20:51:00+00:00
53185134,jinan-telecom,wuhan-telecom,39.7522,0.0,icmp,1591390339,2020-06-05 20:52:19+00:00
53185368,jinan-telecom,wuhan-telecom,40.4805,0.0,icmp,1591390500,2020-06-05 20:55:00+00:00
53185588,jinan-telecom,wuhan-telecom,40.8067,0.0,icmp,1591390620,2020-06-05 20:57:00+00:00
53185812,jinan-telecom,wuhan-telecom,40.6665,0.0,icmp,1591390740,2020-06-05 20:59:00+00:00
53186055,jinan-telecom,wuhan-telecom,41.7967,0.0,icmp,1591390860,2020-06-05 21:01:00+00:00
53186272,jinan-telecom,wuhan-telecom,40.9082,0.0,icmp,1591390980,2020-06-05 21:03:00+00:00
53186521,jinan-telecom,wuhan-telecom,42.6811,0.0,icmp,1591391100,2020-06-05 21:05:00+00:00
53186724,jinan-telecom,wuhan-telecom,39.7492,0.0,icmp,1591391239,2020-06-05 21:07:19+00:00
53186967,jinan-telecom,wuhan-telecom,39.6292,0.0,icmp,1591391359,2020-06-05 21:09:19+00:00
53187207,jinan-telecom,wuhan-telecom,40.7198,0.0,icmp,1591391460,2020-06-05 21:11:00+00:00
53187414,jinan-telecom,wuhan-telecom,39.6457,0.0,icmp,1591391599,2020-06-05 21:13:19+00:00
53187657,jinan-telecom,wuhan-telecom,41.4641,0.0,icmp,1591391700,2020-06-05 21:15:00+00:00
53187870,jinan-telecom,wuhan-telecom,39.6213,0.0,icmp,1591391779,2020-06-05 21:16:19+00:00
53188108,jinan-telecom,wuhan-telecom,40.7611,0.0,icmp,1591391940,2020-06-05 21:19:00+00:00
53188348,jinan-telecom,wuhan-telecom,39.6263,0.0,icmp,1591392079,2020-06-05 21:21:19+00:00
53188568,jinan-telecom,wuhan-telecom,40.1625,0.0,icmp,1591392180,2020-06-05 21:23:00+00:00
53188786,jinan-telecom,wuhan-telecom,41.1994,0.0,icmp,1591392300,2020-06-05 21:25:00+00:00
53189030,jinan-telecom,wuhan-telecom,40.9883,0.0,icmp,1591392420,2020-06-05 21:27:00+00:00
53189265,jinan-telecom,wuhan-telecom,41.1894,0.0,icmp,1591392540,2020-06-05 21:29:00+00:00
53189501,jinan-telecom,wuhan-telecom,40.8998,0.0,icmp,1591392660,2020-06-05 21:31:00+00:00
53189725,jinan-telecom,wuhan-telecom,39.6638,0.0,icmp,1591392739,2020-06-05 21:32:19+00:00
53189928,jinan-telecom,wuhan-telecom,39.7567,0.0,icmp,1591392919,2020-06-05 21:35:19+00:00
53190168,jinan-telecom,wuhan-telecom,40.8623,0.0,icmp,1591393020,2020-06-05 21:37:00+00:00
53190406,jinan-telecom,wuhan-telecom,40.2947,0.0,icmp,1591393140,2020-06-05 21:39:00+00:00
53190616,jinan-telecom,wuhan-telecom,39.7315,0.0,icmp,1591393260,2020-06-05 21:41:00+00:00
53190874,jinan-telecom,wuhan-telecom,40.6702,0.0,icmp,1591393380,2020-06-05 21:43:00+00:00
53191097,jinan-telecom,wuhan-telecom,41.2884,0.0,icmp,1591393500,2020-06-05 21:45:00+00:00
53191314,jinan-telecom,wuhan-telecom,40.5281,0.0,icmp,1591393620,2020-06-05 21:47:00+00:00
53191535,jinan-telecom,wuhan-telecom,39.9353,0.0,icmp,1591393745,2020-06-05 21:49:05+00:00
53191762,jinan-telecom,wuhan-telecom,39.6699,0.0,icmp,1591393879,2020-06-05 21:51:19+00:00
53192012,jinan-telecom,wuhan-telecom,39.6245,0.0,icmp,1591393999,2020-06-05 21:53:19+00:00
53192248,jinan-telecom,wuhan-telecom,41.1001,0.0,icmp,1591394100,2020-06-05 21:55:00+00:00
53192453,jinan-telecom,wuhan-telecom,41.785,0.0,icmp,1591394220,2020-06-05 21:57:00+00:00
53192704,jinan-telecom,wuhan-telecom,40.9077,0.0,icmp,1591394340,2020-06-05 21:59:00+00:00
53192946,jinan-telecom,wuhan-telecom,42.1132,0.0,icmp,1591394460,2020-06-05 22:01:00+00:00
53193142,jinan-telecom,wuhan-telecom,40.9998,0.0,icmp,1591394580,2020-06-05 22:03:00+00:00
53193365,jinan-telecom,wuhan-telecom,40.394,0.0,icmp,1591394700,2020-06-05 22:05:00+00:00
53193597,jinan-telecom,wuhan-telecom,42.4616,0.0,icmp,1591394820,2020-06-05 22:07:00+00:00
53193830,jinan-telecom,wuhan-telecom,39.617,0.0,icmp,1591394899,2020-06-05 22:08:19+00:00
53194050,jinan-telecom,wuhan-telecom,39.6961,0.0,icmp,1591395019,2020-06-05 22:10:19+00:00
53194281,jinan-telecom,wuhan-telecom,41.4703,0.0,icmp,1591395180,2020-06-05 22:13:00+00:00
53194516,jinan-telecom,wuhan-telecom,40.5486,0.0,icmp,1591395300,2020-06-05 22:15:00+00:00
53194752,jinan-telecom,wuhan-telecom,39.6625,0.0,icmp,1591395439,2020-06-05 22:17:19+00:00
53194978,jinan-telecom,wuhan-telecom,40.803,0.0,icmp,1591395540,2020-06-05 22:19:00+00:00
53195197,jinan-telecom,wuhan-telecom,40.2238,0.0,icmp,1591395604,2020-06-05 22:20:04+00:00
53195446,jinan-telecom,wuhan-telecom,39.8194,0.0,icmp,1591395780,2020-06-05 22:23:00+00:00
53195664,jinan-telecom,wuhan-telecom,42.8486,0.0,icmp,1591395900,2020-06-05 22:25:00+00:00
53195890,jinan-telecom,wuhan-telecom,39.5949,0.0,icmp,1591395979,2020-06-05 22:26:19+00:00
53196139,jinan-telecom,wuhan-telecom,41.878,0.0,icmp,1591396140,2020-06-05 22:29:00+00:00
53196361,jinan-telecom,wuhan-telecom,41.1237,0.0,icmp,1591396260,2020-06-05 22:31:00+00:00
53196576,jinan-telecom,wuhan-telecom,41.0802,0.0,icmp,1591396380,2020-06-05 22:33:00+00:00
53196820,jinan-telecom,wuhan-telecom,41.2714,0.0,icmp,1591396444,2020-06-05 22:34:04+00:00
53197051,jinan-telecom,wuhan-telecom,40.5037,0.0,icmp,1591396620,2020-06-05 22:37:00+00:00
53197280,jinan-telecom,wuhan-telecom,41.0424,0.0,icmp,1591396740,2020-06-05 22:39:00+00:00
53197503,jinan-telecom,wuhan-telecom,40.7777,0.0,icmp,1591396860,2020-06-05 22:41:00+00:00
53197731,jinan-telecom,wuhan-telecom,39.6399,0.0,icmp,1591396999,2020-06-05 22:43:19+00:00
53197966,jinan-telecom,wuhan-telecom,42.7939,0.0,icmp,1591397100,2020-06-05 22:45:00+00:00
53198167,jinan-telecom,wuhan-telecom,42.7541,0.0,icmp,1591397220,2020-06-05 22:47:00+00:00
53198422,jinan-telecom,wuhan-telecom,40.1547,0.0,icmp,1591397340,2020-06-05 22:49:00+00:00
53198647,jinan-telecom,wuhan-telecom,40.3363,0.0,icmp,1591397460,2020-06-05 22:51:00+00:00
53198918,jinan-telecom,wuhan-telecom,40.3101,0.0,icmp,1591397580,2020-06-05 22:53:00+00:00
53199105,jinan-telecom,wuhan-telecom,43.6514,0.0,icmp,1591397700,2020-06-05 22:55:00+00:00
53199320,jinan-telecom,wuhan-telecom,39.6804,0.0,icmp,1591397839,2020-06-05 22:57:19+00:00
53199548,jinan-telecom,wuhan-telecom,40.6452,0.0,icmp,1591397940,2020-06-05 22:59:00+00:00
53199810,jinan-telecom,wuhan-telecom,40.3603,0.0,icmp,1591398060,2020-06-05 23:01:00+00:00
53200025,jinan-telecom,wuhan-telecom,41.1172,0.0,icmp,1591398180,2020-06-05 23:03:00+00:00
53200265,jinan-telecom,wuhan-telecom,39.6264,0.0,icmp,1591398259,2020-06-05 23:04:19+00:00
53200471,jinan-telecom,wuhan-telecom,40.213,0.0,icmp,1591398420,2020-06-05 23:07:00+00:00
53200698,jinan-telecom,wuhan-telecom,41.3897,0.0,icmp,1591398540,2020-06-05 23:09:00+00:00
53200923,jinan-telecom,wuhan-telecom,39.6595,0.0,icmp,1591398619,2020-06-05 23:10:19+00:00
53201166,jinan-telecom,wuhan-telecom,41.0085,0.0,icmp,1591398780,2020-06-05 23:13:00+00:00
53201388,jinan-telecom,wuhan-telecom,40.4486,0.0,icmp,1591398900,2020-06-05 23:15:00+00:00
53201604,jinan-telecom,wuhan-telecom,40.764,0.0,icmp,1591399020,2020-06-05 23:17:00+00:00
53201868,jinan-telecom,wuhan-telecom,39.6302,0.0,icmp,1591399159,2020-06-05 23:19:19+00:00
53202074,jinan-telecom,wuhan-telecom,40.8256,0.0,icmp,1591399260,2020-06-05 23:21:00+00:00
53202305,jinan-telecom,wuhan-telecom,41.1391,0.0,icmp,1591399380,2020-06-05 23:23:00+00:00
53202540,jinan-telecom,wuhan-telecom,41.3246,0.0,icmp,1591399500,2020-06-05 23:25:00+00:00
53202768,jinan-telecom,wuhan-telecom,41.3464,0.0,icmp,1591399620,2020-06-05 23:27:00+00:00
53203011,jinan-telecom,wuhan-telecom,39.6345,0.0,icmp,1591399699,2020-06-05 23:28:19+00:00
53203235,jinan-telecom,wuhan-telecom,39.6826,0.0,icmp,1591399819,2020-06-05 23:30:19+00:00
53203445,jinan-telecom,wuhan-telecom,40.1094,0.0,icmp,1591399980,2020-06-05 23:33:00+00:00
53203705,jinan-telecom,wuhan-telecom,41.7947,0.0,icmp,1591400100,2020-06-05 23:35:00+00:00
53203899,jinan-telecom,wuhan-telecom,41.1393,0.0,icmp,1591400220,2020-06-05 23:37:00+00:00
53204149,jinan-telecom,wuhan-telecom,40.7968,0.0,icmp,1591400340,2020-06-05 23:39:00+00:00
53204387,jinan-telecom,wuhan-telecom,40.9054,0.0,icmp,1591400460,2020-06-05 23:41:00+00:00
53204593,jinan-telecom,wuhan-telecom,39.6642,0.0,icmp,1591400539,2020-06-05 23:42:19+00:00
53204816,jinan-telecom,wuhan-telecom,40.7119,0.0,icmp,1591400700,2020-06-05 23:45:00+00:00
53205051,jinan-telecom,wuhan-telecom,40.2539,0.0,icmp,1591400820,2020-06-05 23:47:00+00:00
53205302,jinan-telecom,wuhan-telecom,40.4506,0.0,icmp,1591400940,2020-06-05 23:49:00+00:00
53205514,jinan-telecom,wuhan-telecom,40.4426,0.0,icmp,1591401060,2020-06-05 23:51:00+00:00
53205747,jinan-telecom,wuhan-telecom,41.736,0.0,icmp,1591401184,2020-06-05 23:53:04+00:00
53205973,jinan-telecom,wuhan-telecom,41.6429,0.0,icmp,1591401300,2020-06-05 23:55:00+00:00
53206193,jinan-telecom,wuhan-telecom,40.6274,0.0,icmp,1591401420,2020-06-05 23:57:00+00:00
53206432,jinan-telecom,wuhan-telecom,39.6393,0.0,icmp,1591401499,2020-06-05 23:58:19+00:00
53206652,jinan-telecom,wuhan-telecom,41.4496,0.0,icmp,1591401660,2020-06-06 00:01:00+00:00
53206892,jinan-telecom,wuhan-telecom,41.5733,0.0,icmp,1591401780,2020-06-06 00:03:00+00:00
53207121,jinan-telecom,wuhan-telecom,41.6395,0.0,icmp,1591401900,2020-06-06 00:05:00+00:00
53207336,jinan-telecom,wuhan-telecom,39.6405,0.0,icmp,1591402039,2020-06-06 00:07:19+00:00
53207570,jinan-telecom,wuhan-telecom,40.2649,0.0,icmp,1591402140,2020-06-06 00:09:00+00:00
53207809,jinan-telecom,wuhan-telecom,40.9095,0.0,icmp,1591402260,2020-06-06 00:11:00+00:00
53208045,jinan-telecom,wuhan-telecom,40.8561,0.0,icmp,1591402380,2020-06-06 00:13:00+00:00
53208275,jinan-telecom,wuhan-telecom,33.2765,0.0,icmp,1591402500,2020-06-06 00:15:00+00:00
53208488,jinan-telecom,wuhan-telecom,40.6063,0.0,icmp,1591402620,2020-06-06 00:17:00+00:00
53208713,jinan-telecom,wuhan-telecom,42.0806,0.0,icmp,1591402740,2020-06-06 00:19:00+00:00
53208952,jinan-telecom,wuhan-telecom,42.8892,0.0,icmp,1591402860,2020-06-06 00:21:00+00:00
53209188,jinan-telecom,wuhan-telecom,41.0043,0.0,icmp,1591402980,2020-06-06 00:23:00+00:00
53209416,jinan-telecom,wuhan-telecom,41.8381,0.0,icmp,1591403100,2020-06-06 00:25:00+00:00
53209637,jinan-telecom,wuhan-telecom,40.4659,0.0,icmp,1591403220,2020-06-06 00:27:00+00:00
53209876,jinan-telecom,wuhan-telecom,40.3434,0.0,icmp,1591403340,2020-06-06 00:29:00+00:00
53210104,jinan-telecom,wuhan-telecom,39.7106,0.0,icmp,1591403419,2020-06-06 00:30:19+00:00
53210314,jinan-telecom,wuhan-telecom,42.0588,0.0,icmp,1591403580,2020-06-06 00:33:00+00:00
53210543,jinan-telecom,wuhan-telecom,42.5914,0.0,icmp,1591403700,2020-06-06 00:35:00+00:00
53210777,jinan-telecom,wuhan-telecom,39.7253,0.0,icmp,1591403779,2020-06-06 00:36:19+00:00
53211020,jinan-telecom,wuhan-telecom,31.9191,0.0,icmp,1591403899,2020-06-06 00:38:19+00:00
53211236,jinan-telecom,wuhan-telecom,41.5536,0.0,icmp,1591404060,2020-06-06 00:41:00+00:00
53211471,jinan-telecom,wuhan-telecom,39.699,0.0,icmp,1591404139,2020-06-06 00:42:19+00:00
53211684,jinan-telecom,wuhan-telecom,39.6026,0.0,icmp,1591404319,2020-06-06 00:45:19+00:00
53211931,jinan-telecom,wuhan-telecom,41.8224,0.0,icmp,1591404420,2020-06-06 00:47:00+00:00
53212144,jinan-telecom,wuhan-telecom,40.2064,0.0,icmp,1591404540,2020-06-06 00:49:00+00:00
53212378,jinan-telecom,wuhan-telecom,42.1482,0.0,icmp,1591404660,2020-06-06 00:51:00+00:00
53212623,jinan-telecom,wuhan-telecom,41.9088,0.0,icmp,1591404780,2020-06-06 00:53:00+00:00
53212835,jinan-telecom,wuhan-telecom,39.6332,0.0,icmp,1591404919,2020-06-06 00:55:19+00:00
53213071,jinan-telecom,wuhan-telecom,40.5951,0.0,icmp,1591405020,2020-06-06 00:57:00+00:00
53213290,jinan-telecom,wuhan-telecom,40.073,0.0,icmp,1591405145,2020-06-06 00:59:05+00:00
53213524,jinan-telecom,wuhan-telecom,41.7446,0.0,icmp,1591405260,2020-06-06 01:01:00+00:00
53213746,jinan-telecom,wuhan-telecom,40.6388,0.0,icmp,1591405380,2020-06-06 01:03:00+00:00
53214003,jinan-telecom,wuhan-telecom,42.2349,0.0,icmp,1591405500,2020-06-06 01:05:00+00:00
53214216,jinan-telecom,wuhan-telecom,39.6377,0.0,icmp,1591405620,2020-06-06 01:07:00+00:00
53214445,jinan-telecom,wuhan-telecom,40.3544,0.0,icmp,1591405740,2020-06-06 01:09:00+00:00
53214687,jinan-telecom,wuhan-telecom,40.8165,0.0,icmp,1591405860,2020-06-06 01:11:00+00:00
53214896,jinan-telecom,wuhan-telecom,39.7772,0.0,icmp,1591405939,2020-06-06 01:12:19+00:00
53215113,jinan-telecom,wuhan-telecom,41.9013,0.0,icmp,1591406100,2020-06-06 01:15:00+00:00
53215368,jinan-telecom,wuhan-telecom,41.6566,0.0,icmp,1591406220,2020-06-06 01:17:00+00:00
53215588,jinan-telecom,wuhan-telecom,41.1558,0.0,icmp,1591406340,2020-06-06 01:19:00+00:00
53215827,jinan-telecom,wuhan-telecom,39.7738,0.0,icmp,1591406460,2020-06-06 01:21:00+00:00
53216057,jinan-telecom,wuhan-telecom,39.7046,0.0,icmp,1591406539,2020-06-06 01:22:19+00:00
53216284,jinan-telecom,wuhan-telecom,42.132,0.0,icmp,1591406700,2020-06-06 01:25:00+00:00
53216507,jinan-telecom,wuhan-telecom,39.7463,0.0,icmp,1591406779,2020-06-06 01:26:19+00:00
53216734,jinan-telecom,wuhan-telecom,42.9534,0.0,icmp,1591406940,2020-06-06 01:29:00+00:00
53217009,jinan-telecom,wuhan-telecom,39.7605,0.0,icmp,1591407079,2020-06-06 01:31:19+00:00
53217242,jinan-telecom,wuhan-telecom,39.7605,0.0,icmp,1591407199,2020-06-06 01:33:19+00:00
53217439,jinan-telecom,wuhan-telecom,39.7566,0.0,icmp,1591407319,2020-06-06 01:35:19+00:00
53217669,jinan-telecom,wuhan-telecom,40.9899,0.0,icmp,1591407420,2020-06-06 01:37:00+00:00
53217870,jinan-telecom,wuhan-telecom,39.98,0.0,icmp,1591407485,2020-06-06 01:38:05+00:00
53218111,jinan-telecom,wuhan-telecom,39.8622,0.0,icmp,1591407660,2020-06-06 01:41:00+00:00
53218321,jinan-telecom,wuhan-telecom,41.6997,0.0,icmp,1591407780,2020-06-06 01:43:00+00:00
53218559,jinan-telecom,wuhan-telecom,41.5882,0.0,icmp,1591407900,2020-06-06 01:45:00+00:00
53218816,jinan-telecom,wuhan-telecom,39.782,0.0,icmp,1591408039,2020-06-06 01:47:19+00:00
53219028,jinan-telecom,wuhan-telecom,41.0437,0.0,icmp,1591408140,2020-06-06 01:49:00+00:00
53219253,jinan-telecom,wuhan-telecom,40.5497,0.0,icmp,1591408260,2020-06-06 01:51:00+00:00
53219487,jinan-telecom,wuhan-telecom,42.507,0.0,icmp,1591408380,2020-06-06 01:53:00+00:00
53219725,jinan-telecom,wuhan-telecom,40.7265,0.0,icmp,1591408500,2020-06-06 01:55:00+00:00
53219943,jinan-telecom,wuhan-telecom,39.7043,0.0,icmp,1591408579,2020-06-06 01:56:19+00:00
53220182,jinan-telecom,wuhan-telecom,40.6492,0.0,icmp,1591408740,2020-06-06 01:59:00+00:00
53220412,jinan-telecom,wuhan-telecom,41.1391,0.0,icmp,1591408860,2020-06-06 02:01:00+00:00
53220646,jinan-telecom,wuhan-telecom,42.2031,0.0,icmp,1591408980,2020-06-06 02:03:00+00:00
53220861,jinan-telecom,wuhan-telecom,40.9252,0.0,icmp,1591409100,2020-06-06 02:05:00+00:00
53221097,jinan-telecom,wuhan-telecom,42.2315,0.0,icmp,1591409220,2020-06-06 02:07:00+00:00
53221328,jinan-telecom,wuhan-telecom,40.1671,0.0,icmp,1591409345,2020-06-06 02:09:05+00:00
53221548,jinan-telecom,wuhan-telecom,41.9234,0.0,icmp,1591409460,2020-06-06 02:11:00+00:00
53221793,jinan-telecom,wuhan-telecom,39.8081,0.0,icmp,1591409599,2020-06-06 02:13:19+00:00
53222005,jinan-telecom,wuhan-telecom,41.2303,0.0,icmp,1591409700,2020-06-06 02:15:00+00:00
53222221,jinan-telecom,wuhan-telecom,41.1573,0.0,icmp,1591409820,2020-06-06 02:17:00+00:00
53222463,jinan-telecom,wuhan-telecom,39.7623,0.0,icmp,1591409959,2020-06-06 02:19:19+00:00
53222725,jinan-telecom,wuhan-telecom,43.5184,0.0,icmp,1591410060,2020-06-06 02:21:00+00:00
53222927,jinan-telecom,wuhan-telecom,40.3688,0.0,icmp,1591410180,2020-06-06 02:23:00+00:00
53223158,jinan-telecom,wuhan-telecom,40.6289,0.0,icmp,1591410300,2020-06-06 02:25:00+00:00
53223377,jinan-telecom,wuhan-telecom,39.7204,0.0,icmp,1591410439,2020-06-06 02:27:19+00:00
53223606,jinan-telecom,wuhan-telecom,41.1645,0.0,icmp,1591410540,2020-06-06 02:29:00+00:00
53223832,jinan-telecom,wuhan-telecom,41.498,0.0,icmp,1591410660,2020-06-06 02:31:00+00:00
53224094,jinan-telecom,wuhan-telecom,40.7632,0.0,icmp,1591410780,2020-06-06 02:33:00+00:00
53224287,jinan-telecom,wuhan-telecom,41.1928,0.0,icmp,1591410900,2020-06-06 02:35:00+00:00
53224507,jinan-telecom,wuhan-telecom,41.0536,0.0,icmp,1591411020,2020-06-06 02:37:00+00:00
53224754,jinan-telecom,wuhan-telecom,39.7516,0.0,icmp,1591411159,2020-06-06 02:39:19+00:00
53224983,jinan-telecom,wuhan-telecom,39.8354,0.0,icmp,1591411279,2020-06-06 02:41:19+00:00
53225199,jinan-telecom,wuhan-telecom,40.0761,0.0,icmp,1591411384,2020-06-06 02:43:04+00:00
53225436,jinan-telecom,wuhan-telecom,40.4292,0.0,icmp,1591411500,2020-06-06 02:45:00+00:00
53225669,jinan-telecom,wuhan-telecom,41.1164,0.0,icmp,1591411620,2020-06-06 02:47:00+00:00
53225928,jinan-telecom,wuhan-telecom,40.4802,0.0,icmp,1591411740,2020-06-06 02:49:00+00:00
53226139,jinan-telecom,wuhan-telecom,40.6459,0.0,icmp,1591411860,2020-06-06 02:51:00+00:00
53226344,jinan-telecom,wuhan-telecom,42.3654,0.0,icmp,1591411980,2020-06-06 02:53:00+00:00
53226568,jinan-telecom,wuhan-telecom,41.6418,0.0,icmp,1591412100,2020-06-06 02:55:00+00:00
53226805,jinan-telecom,wuhan-telecom,40.2118,0.0,icmp,1591412220,2020-06-06 02:57:00+00:00
53227050,jinan-telecom,wuhan-telecom,41.2643,0.0,icmp,1591412340,2020-06-06 02:59:00+00:00
53227263,jinan-telecom,wuhan-telecom,43.6151,0.0,icmp,1591412460,2020-06-06 03:01:00+00:00
53227496,jinan-telecom,wuhan-telecom,40.7519,0.0,icmp,1591412580,2020-06-06 03:03:00+00:00
53227728,jinan-telecom,wuhan-telecom,41.4874,0.0,icmp,1591412700,2020-06-06 03:05:00+00:00
53227936,jinan-telecom,wuhan-telecom,41.4493,0.0,icmp,1591412820,2020-06-06 03:07:00+00:00
53228190,jinan-telecom,wuhan-telecom,40.6884,0.0,icmp,1591412940,2020-06-06 03:09:00+00:00
53228432,jinan-telecom,wuhan-telecom,39.7541,0.0,icmp,1591413079,2020-06-06 03:11:19+00:00
53228657,jinan-telecom,wuhan-telecom,41.1232,0.0,icmp,1591413180,2020-06-06 03:13:00+00:00
53228883,jinan-telecom,wuhan-telecom,39.745,0.0,icmp,1591413259,2020-06-06 03:14:19+00:00
53229099,jinan-telecom,wuhan-telecom,39.7237,0.0,icmp,1591413379,2020-06-06 03:16:19+00:00
53229326,jinan-telecom,wuhan-telecom,41.7999,0.0,icmp,1591413540,2020-06-06 03:19:00+00:00
53229560,jinan-telecom,wuhan-telecom,39.729,0.0,icmp,1591413679,2020-06-06 03:21:19+00:00
53229766,jinan-telecom,wuhan-telecom,40.4185,0.0,icmp,1591413780,2020-06-06 03:23:00+00:00
53230032,jinan-telecom,wuhan-telecom,39.7759,0.0,icmp,1591413859,2020-06-06 03:24:19+00:00
53230240,jinan-telecom,wuhan-telecom,40.3535,0.0,icmp,1591414020,2020-06-06 03:27:00+00:00
53230484,jinan-telecom,wuhan-telecom,39.732,0.0,icmp,1591414099,2020-06-06 03:28:19+00:00
53230707,jinan-telecom,wuhan-telecom,39.7571,0.0,icmp,1591414219,2020-06-06 03:30:19+00:00
53230928,jinan-telecom,wuhan-telecom,40.1326,0.0,icmp,1591414380,2020-06-06 03:33:00+00:00
53231163,jinan-telecom,wuhan-telecom,40.9037,0.0,icmp,1591414500,2020-06-06 03:35:00+00:00
53231380,jinan-telecom,wuhan-telecom,39.817,0.0,icmp,1591414579,2020-06-06 03:36:19+00:00
53231628,jinan-telecom,wuhan-telecom,42.1782,0.0,icmp,1591414740,2020-06-06 03:39:00+00:00
53231838,jinan-telecom,wuhan-telecom,40.8309,0.0,icmp,1591414860,2020-06-06 03:41:00+00:00
53232087,jinan-telecom,wuhan-telecom,40.6167,0.0,icmp,1591414980,2020-06-06 03:43:00+00:00
53232316,jinan-telecom,wuhan-telecom,39.8193,0.0,icmp,1591415044,2020-06-06 03:44:04+00:00
53232533,jinan-telecom,wuhan-telecom,41.988,0.0,icmp,1591415220,2020-06-06 03:47:00+00:00
53232776,jinan-telecom,wuhan-telecom,39.7122,0.0,icmp,1591415299,2020-06-06 03:48:19+00:00
53233006,jinan-telecom,wuhan-telecom,41.9619,0.0,icmp,1591415460,2020-06-06 03:51:00+00:00
53233213,jinan-telecom,wuhan-telecom,39.7569,0.0,icmp,1591415599,2020-06-06 03:53:19+00:00
53233467,jinan-telecom,wuhan-telecom,41.5263,0.0,icmp,1591415700,2020-06-06 03:55:00+00:00
53233671,jinan-telecom,wuhan-telecom,40.8683,0.0,icmp,1591415820,2020-06-06 03:57:00+00:00
53233909,jinan-telecom,wuhan-telecom,39.753,0.0,icmp,1591415959,2020-06-06 03:59:19+00:00
53234150,jinan-telecom,wuhan-telecom,41.7208,0.0,icmp,1591416060,2020-06-06 04:01:00+00:00
53234360,jinan-telecom,wuhan-telecom,41.8973,0.0,icmp,1591416180,2020-06-06 04:03:00+00:00
53234586,jinan-telecom,wuhan-telecom,40.4344,0.0,icmp,1591416300,2020-06-06 04:05:00+00:00
53234828,jinan-telecom,wuhan-telecom,40.7811,0.0,icmp,1591416420,2020-06-06 04:07:00+00:00
53235088,jinan-telecom,wuhan-telecom,39.7539,0.0,icmp,1591416559,2020-06-06 04:09:19+00:00
53235292,jinan-telecom,wuhan-telecom,42.9043,0.0,icmp,1591416660,2020-06-06 04:11:00+00:00
53235512,jinan-telecom,wuhan-telecom,41.438,0.0,icmp,1591416780,2020-06-06 04:13:00+00:00
53235748,jinan-telecom,wuhan-telecom,40.6758,0.0,icmp,1591416900,2020-06-06 04:15:00+00:00
53235999,jinan-telecom,wuhan-telecom,43.1751,0.0,icmp,1591417020,2020-06-06 04:17:00+00:00
53236190,jinan-telecom,wuhan-telecom,41.46,0.0,icmp,1591417140,2020-06-06 04:19:00+00:00
53236423,jinan-telecom,wuhan-telecom,39.7906,0.0,icmp,1591417219,2020-06-06 04:20:19+00:00
53236658,jinan-telecom,wuhan-telecom,43.4926,0.0,icmp,1591417380,2020-06-06 04:23:00+00:00
53236893,jinan-telecom,wuhan-telecom,39.732,0.0,icmp,1591417519,2020-06-06 04:25:19+00:00
53237108,jinan-telecom,wuhan-telecom,39.9495,0.0,icmp,1591417624,2020-06-06 04:27:04+00:00
53237336,jinan-telecom,wuhan-telecom,39.7061,0.0,icmp,1591417759,2020-06-06 04:29:19+00:00
53237568,jinan-telecom,wuhan-telecom,44.0208,0.0,icmp,1591417860,2020-06-06 04:31:00+00:00
53237795,jinan-telecom,wuhan-telecom,39.7613,0.0,icmp,1591417999,2020-06-06 04:33:19+00:00
53238050,jinan-telecom,wuhan-telecom,39.736,0.0,icmp,1591418119,2020-06-06 04:35:19+00:00
53238269,jinan-telecom,wuhan-telecom,41.5461,0.0,icmp,1591418220,2020-06-06 04:37:00+00:00
53238492,jinan-telecom,wuhan-telecom,41.9389,0.0,icmp,1591418340,2020-06-06 04:39:00+00:00
53238693,jinan-telecom,wuhan-telecom,41.34,0.0,icmp,1591418460,2020-06-06 04:41:00+00:00
53238956,jinan-telecom,wuhan-telecom,41.9819,0.0,icmp,1591418580,2020-06-06 04:43:00+00:00
53239165,jinan-telecom,wuhan-telecom,41.6874,0.0,icmp,1591418700,2020-06-06 04:45:00+00:00
53239407,jinan-telecom,wuhan-telecom,39.808,0.0,icmp,1591418839,2020-06-06 04:47:19+00:00
53239636,jinan-telecom,wuhan-telecom,41.2694,0.0,icmp,1591418940,2020-06-06 04:49:00+00:00
53239879,jinan-telecom,wuhan-telecom,40.9931,0.0,icmp,1591419060,2020-06-06 04:51:00+00:00
53240097,jinan-telecom,wuhan-telecom,40.9646,0.0,icmp,1591419180,2020-06-06 04:53:00+00:00
53240310,jinan-telecom,wuhan-telecom,40.6059,0.0,icmp,1591419300,2020-06-06 04:55:00+00:00
53240556,jinan-telecom,wuhan-telecom,43.7118,0.0,icmp,1591419420,2020-06-06 04:57:00+00:00
53240792,jinan-telecom,wuhan-telecom,40.0212,0.0,icmp,1591419540,2020-06-06 04:59:00+00:00
53241006,jinan-telecom,wuhan-telecom,42.667,0.0,icmp,1591419660,2020-06-06 05:01:00+00:00
53241248,jinan-telecom,wuhan-telecom,41.1522,0.0,icmp,1591419780,2020-06-06 05:03:00+00:00
53241475,jinan-telecom,wuhan-telecom,41.6702,0.0,icmp,1591419900,2020-06-06 05:05:00+00:00
53241716,jinan-telecom,wuhan-telecom,42.0504,0.0,icmp,1591420020,2020-06-06 05:07:00+00:00
53241937,jinan-telecom,wuhan-telecom,42.0999,0.0,icmp,1591420140,2020-06-06 05:09:00+00:00
53242150,jinan-telecom,wuhan-telecom,40.1761,0.0,icmp,1591420260,2020-06-06 05:11:00+00:00
53242396,jinan-telecom,wuhan-telecom,42.6084,0.0,icmp,1591420380,2020-06-06 05:13:00+00:00
53242615,jinan-telecom,wuhan-telecom,41.4667,0.0,icmp,1591420500,2020-06-06 05:15:00+00:00
53242830,jinan-telecom,wuhan-telecom,40.8977,0.0,icmp,1591420620,2020-06-06 05:17:00+00:00
53243060,jinan-telecom,wuhan-telecom,39.7052,0.0,icmp,1591420759,2020-06-06 05:19:19+00:00
53243300,jinan-telecom,wuhan-telecom,42.3802,0.0,icmp,1591420860,2020-06-06 05:21:00+00:00
53243529,jinan-telecom,wuhan-telecom,41.1769,0.0,icmp,1591420980,2020-06-06 05:23:00+00:00
53243757,jinan-telecom,wuhan-telecom,39.7405,0.0,icmp,1591421119,2020-06-06 05:25:19+00:00
53243974,jinan-telecom,wuhan-telecom,42.2141,0.0,icmp,1591421220,2020-06-06 05:27:00+00:00
53244209,jinan-telecom,wuhan-telecom,41.5968,0.0,icmp,1591421340,2020-06-06 05:29:00+00:00
53244450,jinan-telecom,wuhan-telecom,40.7972,0.0,icmp,1591421460,2020-06-06 05:31:00+00:00
53244687,jinan-telecom,wuhan-telecom,39.7243,0.0,icmp,1591421599,2020-06-06 05:33:19+00:00
53244891,jinan-telecom,wuhan-telecom,41.6792,0.0,icmp,1591421700,2020-06-06 05:35:00+00:00
53245145,jinan-telecom,wuhan-telecom,39.7923,0.0,icmp,1591421779,2020-06-06 05:36:19+00:00
53245339,jinan-telecom,wuhan-telecom,39.7544,0.0,icmp,1591421899,2020-06-06 05:38:19+00:00
53245576,jinan-telecom,wuhan-telecom,43.1634,0.0,icmp,1591422060,2020-06-06 05:41:00+00:00
53245807,jinan-telecom,wuhan-telecom,41.7052,0.0,icmp,1591422180,2020-06-06 05:43:00+00:00
53246051,jinan-telecom,wuhan-telecom,41.525,0.0,icmp,1591422300,2020-06-06 05:45:00+00:00
53246291,jinan-telecom,wuhan-telecom,40.893,0.0,icmp,1591422420,2020-06-06 05:47:00+00:00
53246516,jinan-telecom,wuhan-telecom,39.7517,0.0,icmp,1591422499,2020-06-06 05:48:19+00:00
53246722,jinan-telecom,wuhan-telecom,43.4255,0.0,icmp,1591422660,2020-06-06 05:51:00+00:00
53246958,jinan-telecom,wuhan-telecom,41.1177,0.0,icmp,1591422780,2020-06-06 05:53:00+00:00
53247182,jinan-telecom,wuhan-telecom,41.7858,0.0,icmp,1591422900,2020-06-06 05:55:00+00:00
53247435,jinan-telecom,wuhan-telecom,40.5412,0.0,icmp,1591423020,2020-06-06 05:57:00+00:00
53247643,jinan-telecom,wuhan-telecom,41.3297,0.0,icmp,1591423140,2020-06-06 05:59:00+00:00
53247882,jinan-telecom,wuhan-telecom,39.7484,0.0,icmp,1591423219,2020-06-06 06:00:19+00:00
53248117,jinan-telecom,wuhan-telecom,41.1325,0.0,icmp,1591423380,2020-06-06 06:03:00+00:00
53248350,jinan-telecom,wuhan-telecom,40.9676,0.0,icmp,1591423500,2020-06-06 06:05:00+00:00
53248563,jinan-telecom,wuhan-telecom,40.4323,0.0,icmp,1591423620,2020-06-06 06:07:00+00:00
53248780,jinan-telecom,wuhan-telecom,40.8972,0.0,icmp,1591423740,2020-06-06 06:09:00+00:00
53249037,jinan-telecom,wuhan-telecom,41.6673,0.0,icmp,1591423860,2020-06-06 06:11:00+00:00
53249265,jinan-telecom,wuhan-telecom,39.8791,0.0,icmp,1591423999,2020-06-06 06:13:19+00:00
53249492,jinan-telecom,wuhan-telecom,41.3966,0.0,icmp,1591424100,2020-06-06 06:15:00+00:00
53249713,jinan-telecom,wuhan-telecom,41.0761,0.0,icmp,1591424220,2020-06-06 06:17:00+00:00
53249931,jinan-telecom,wuhan-telecom,40.5851,0.0,icmp,1591424340,2020-06-06 06:19:00+00:00
53250170,jinan-telecom,wuhan-telecom,40.0162,0.0,icmp,1591424460,2020-06-06 06:21:00+00:00
53250402,jinan-telecom,wuhan-telecom,41.1736,0.0,icmp,1591424580,2020-06-06 06:23:00+00:00
53250628,jinan-telecom,wuhan-telecom,42.0265,0.0,icmp,1591424700,2020-06-06 06:25:00+00:00
53250877,jinan-telecom,wuhan-telecom,39.8295,0.0,icmp,1591424820,2020-06-06 06:27:00+00:00
53251075,jinan-telecom,wuhan-telecom,42.3475,0.0,icmp,1591424940,2020-06-06 06:29:00+00:00
53251324,jinan-telecom,wuhan-telecom,40.4969,0.0,icmp,1591425060,2020-06-06 06:31:00+00:00
53251545,jinan-telecom,wuhan-telecom,40.845,0.0,icmp,1591425180,2020-06-06 06:33:00+00:00
53251762,jinan-telecom,wuhan-telecom,42.8071,0.0,icmp,1591425300,2020-06-06 06:35:00+00:00
53251997,jinan-telecom,wuhan-telecom,40.6723,0.0,icmp,1591425420,2020-06-06 06:37:00+00:00
53252229,jinan-telecom,wuhan-telecom,41.8989,0.0,icmp,1591425540,2020-06-06 06:39:00+00:00
53252473,jinan-telecom,wuhan-telecom,40.6716,0.0,icmp,1591425660,2020-06-06 06:41:00+00:00
53252682,jinan-telecom,wuhan-telecom,39.7161,0.0,icmp,1591425799,2020-06-06 06:43:19+00:00
53252923,jinan-telecom,wuhan-telecom,42.4805,0.0,icmp,1591425900,2020-06-06 06:45:00+00:00
53253148,jinan-telecom,wuhan-telecom,41.0326,0.0,icmp,1591426020,2020-06-06 06:47:00+00:00
53253356,jinan-telecom,wuhan-telecom,39.9677,0.0,icmp,1591426145,2020-06-06 06:49:05+00:00
53253609,jinan-telecom,wuhan-telecom,42.2715,0.0,icmp,1591426260,2020-06-06 06:51:00+00:00
53253833,jinan-telecom,wuhan-telecom,41.3313,0.0,icmp,1591426380,2020-06-06 06:53:00+00:00
53254078,jinan-telecom,wuhan-telecom,44.2173,0.0,icmp,1591426500,2020-06-06 06:55:00+00:00
53254310,jinan-telecom,wuhan-telecom,43.8564,0.0,icmp,1591426620,2020-06-06 06:57:00+00:00
53254522,jinan-telecom,wuhan-telecom,41.9202,0.0,icmp,1591426740,2020-06-06 06:59:00+00:00
53254749,jinan-telecom,wuhan-telecom,39.7595,0.0,icmp,1591426879,2020-06-06 07:01:19+00:00
53254971,jinan-telecom,wuhan-telecom,40.0531,0.0,icmp,1591426980,2020-06-06 07:03:00+00:00
53255222,jinan-telecom,wuhan-telecom,40.123,0.0,icmp,1591427100,2020-06-06 07:05:00+00:00
53255446,jinan-telecom,wuhan-telecom,39.7291,0.0,icmp,1591427239,2020-06-06 07:07:19+00:00
53255674,jinan-telecom,wuhan-telecom,39.7608,0.0,icmp,1591427359,2020-06-06 07:09:19+00:00
53255905,jinan-telecom,wuhan-telecom,40.6297,0.0,icmp,1591427460,2020-06-06 07:11:00+00:00
53256115,jinan-telecom,wuhan-telecom,40.433,0.0,icmp,1591427580,2020-06-06 07:13:00+00:00
53256361,jinan-telecom,wuhan-telecom,40.9554,0.0,icmp,1591427700,2020-06-06 07:15:00+00:00
53256584,jinan-telecom,wuhan-telecom,39.7008,0.0,icmp,1591427839,2020-06-06 07:17:19+00:00
53256804,jinan-telecom,wuhan-telecom,41.0138,0.0,icmp,1591427940,2020-06-06 07:19:00+00:00
53257056,jinan-telecom,wuhan-telecom,40.8269,0.0,icmp,1591428060,2020-06-06 07:21:00+00:00
53257264,jinan-telecom,wuhan-telecom,40.2996,0.0,icmp,1591428180,2020-06-06 07:23:00+00:00
53257501,jinan-telecom,wuhan-telecom,42.9066,0.0,icmp,1591428300,2020-06-06 07:25:00+00:00
53257736,jinan-telecom,wuhan-telecom,40.887,0.0,icmp,1591428420,2020-06-06 07:27:00+00:00
53257944,jinan-telecom,wuhan-telecom,42.1517,0.0,icmp,1591428540,2020-06-06 07:29:00+00:00
53258177,jinan-telecom,wuhan-telecom,40.8906,0.0,icmp,1591428660,2020-06-06 07:31:00+00:00
53258417,jinan-telecom,wuhan-telecom,42.3333,0.0,icmp,1591428780,2020-06-06 07:33:00+00:00
53258629,jinan-telecom,wuhan-telecom,39.739,0.0,icmp,1591428859,2020-06-06 07:34:19+00:00
53258877,jinan-telecom,wuhan-telecom,39.7164,0.0,icmp,1591429039,2020-06-06 07:37:19+00:00
53259101,jinan-telecom,wuhan-telecom,41.0462,0.0,icmp,1591429140,2020-06-06 07:39:00+00:00
53259344,jinan-telecom,wuhan-telecom,39.7055,0.0,icmp,1591429219,2020-06-06 07:40:19+00:00
53259548,jinan-telecom,wuhan-telecom,43.0523,0.0,icmp,1591429380,2020-06-06 07:43:00+00:00
53259776,jinan-telecom,wuhan-telecom,39.76,0.0,icmp,1591429459,2020-06-06 07:44:19+00:00
53260014,jinan-telecom,wuhan-telecom,41.5899,0.0,icmp,1591429620,2020-06-06 07:47:00+00:00
53260260,jinan-telecom,wuhan-telecom,39.7761,0.0,icmp,1591429759,2020-06-06 07:49:19+00:00
53260469,jinan-telecom,wuhan-telecom,41.2844,0.0,icmp,1591429860,2020-06-06 07:51:00+00:00
53260705,jinan-telecom,wuhan-telecom,39.9857,0.0,icmp,1591429980,2020-06-06 07:53:00+00:00
53260939,jinan-telecom,wuhan-telecom,39.7006,0.0,icmp,1591430059,2020-06-06 07:54:19+00:00
53261162,jinan-telecom,wuhan-telecom,41.1312,0.0,icmp,1591430220,2020-06-06 07:57:00+00:00
53261383,jinan-telecom,wuhan-telecom,39.7945,0.0,icmp,1591430299,2020-06-06 07:58:19+00:00
53261634,jinan-telecom,wuhan-telecom,39.9621,0.0,icmp,1591430419,2020-06-06 08:00:19+00:00
53261838,jinan-telecom,wuhan-telecom,39.8404,0.0,icmp,1591430585,2020-06-06 08:03:05+00:00
53262083,jinan-telecom,wuhan-telecom,40.4911,0.0,icmp,1591430700,2020-06-06 08:05:00+00:00
53262304,jinan-telecom,wuhan-telecom,41.5545,0.0,icmp,1591430820,2020-06-06 08:07:00+00:00
53262538,jinan-telecom,wuhan-telecom,41.4239,0.0,icmp,1591430940,2020-06-06 08:09:00+00:00
53262768,jinan-telecom,wuhan-telecom,40.2436,0.0,icmp,1591431060,2020-06-06 08:11:00+00:00
53263011,jinan-telecom,wuhan-telecom,42.7323,0.0,icmp,1591431180,2020-06-06 08:13:00+00:00
53263239,jinan-telecom,wuhan-telecom,41.1519,0.0,icmp,1591431300,2020-06-06 08:15:00+00:00
53263471,jinan-telecom,wuhan-telecom,41.9012,0.0,icmp,1591431420,2020-06-06 08:17:00+00:00
53263661,jinan-telecom,wuhan-telecom,44.0037,0.0,icmp,1591431540,2020-06-06 08:19:00+00:00
53263907,jinan-telecom,wuhan-telecom,40.7549,0.0,icmp,1591431660,2020-06-06 08:21:00+00:00
53264128,jinan-telecom,wuhan-telecom,39.831,0.0,icmp,1591431784,2020-06-06 08:23:04+00:00
53264355,jinan-telecom,wuhan-telecom,40.0537,0.0,icmp,1591431900,2020-06-06 08:25:00+00:00
53264600,jinan-telecom,wuhan-telecom,42.3874,0.0,icmp,1591432020,2020-06-06 08:27:00+00:00
53264821,jinan-telecom,wuhan-telecom,39.7845,0.0,icmp,1591432159,2020-06-06 08:29:19+00:00
53265056,jinan-telecom,wuhan-telecom,40.657,0.0,icmp,1591432260,2020-06-06 08:31:00+00:00
53265296,jinan-telecom,wuhan-telecom,43.0887,0.0,icmp,1591432380,2020-06-06 08:33:00+00:00
53265514,jinan-telecom,wuhan-telecom,41.1994,0.0,icmp,1591432505,2020-06-06 08:35:05+00:00
53265748,jinan-telecom,wuhan-telecom,39.7919,0.0,icmp,1591432639,2020-06-06 08:37:19+00:00
53265959,jinan-telecom,wuhan-telecom,40.979,0.0,icmp,1591432740,2020-06-06 08:39:00+00:00
53266199,jinan-telecom,wuhan-telecom,41.6423,0.0,icmp,1591432860,2020-06-06 08:41:00+00:00
53266426,jinan-telecom,wuhan-telecom,41.3127,0.0,icmp,1591432980,2020-06-06 08:43:00+00:00
53266667,jinan-telecom,wuhan-telecom,40.7134,0.0,icmp,1591433100,2020-06-06 08:45:00+00:00
53266879,jinan-telecom,wuhan-telecom,39.9224,0.0,icmp,1591433239,2020-06-06 08:47:19+00:00
53267119,jinan-telecom,wuhan-telecom,40.9535,0.0,icmp,1591433340,2020-06-06 08:49:00+00:00
53267331,jinan-telecom,wuhan-telecom,41.0479,0.0,icmp,1591433460,2020-06-06 08:51:00+00:00
53267563,jinan-telecom,wuhan-telecom,40.4293,0.0,icmp,1591433580,2020-06-06 08:53:00+00:00
53267805,jinan-telecom,wuhan-telecom,42.1065,0.0,icmp,1591433700,2020-06-06 08:55:00+00:00
53268045,jinan-telecom,wuhan-telecom,41.5339,0.0,icmp,1591433820,2020-06-06 08:57:00+00:00
53268271,jinan-telecom,wuhan-telecom,41.5938,0.0,icmp,1591433940,2020-06-06 08:59:00+00:00
53268486,jinan-telecom,wuhan-telecom,40.9229,0.0,icmp,1591434060,2020-06-06 09:01:00+00:00
53268705,jinan-telecom,wuhan-telecom,41.2733,0.0,icmp,1591434180,2020-06-06 09:03:00+00:00
53268943,jinan-telecom,wuhan-telecom,39.8454,0.0,icmp,1591434319,2020-06-06 09:05:19+00:00
53269171,jinan-telecom,wuhan-telecom,39.8719,0.0,icmp,1591434439,2020-06-06 09:07:19+00:00
53269416,jinan-telecom,wuhan-telecom,41.3204,0.0,icmp,1591434540,2020-06-06 09:09:00+00:00
53269643,jinan-telecom,wuhan-telecom,39.7895,0.0,icmp,1591434619,2020-06-06 09:10:19+00:00
53269850,jinan-telecom,wuhan-telecom,41.2198,0.0,icmp,1591434780,2020-06-06 09:13:00+00:00
53270082,jinan-telecom,wuhan-telecom,41.1835,0.0,icmp,1591434900,2020-06-06 09:15:00+00:00
53270324,jinan-telecom,wuhan-telecom,39.7381,0.0,icmp,1591435039,2020-06-06 09:17:19+00:00
53270540,jinan-telecom,wuhan-telecom,42.396,0.0,icmp,1591435140,2020-06-06 09:19:00+00:00
53270774,jinan-telecom,wuhan-telecom,40.2647,0.0,icmp,1591435260,2020-06-06 09:21:00+00:00
53271030,jinan-telecom,wuhan-telecom,40.2488,0.0,icmp,1591435380,2020-06-06 09:23:00+00:00
53271254,jinan-telecom,wuhan-telecom,41.2876,0.0,icmp,1591435500,2020-06-06 09:25:00+00:00
53271481,jinan-telecom,wuhan-telecom,40.1009,0.0,icmp,1591435620,2020-06-06 09:27:00+00:00
59167169,jinan-telecom,wuhan-telecom,40.6406,0.0,icmp,1591435740,2020-06-06 09:29:00+00:00
59167411,jinan-telecom,wuhan-telecom,41.6458,0.0,icmp,1591435860,2020-06-06 09:31:00+00:00
59167623,jinan-telecom,wuhan-telecom,41.7542,0.0,icmp,1591435980,2020-06-06 09:33:00+00:00
59167860,jinan-telecom,wuhan-telecom,42.6115,0.0,icmp,1591436100,2020-06-06 09:35:00+00:00
59168083,jinan-telecom,wuhan-telecom,40.0202,0.0,icmp,1591436220,2020-06-06 09:37:00+00:00
59168309,jinan-telecom,wuhan-telecom,40.7307,0.0,icmp,1591436340,2020-06-06 09:39:00+00:00
59168560,jinan-telecom,wuhan-telecom,40.5014,0.0,icmp,1591436460,2020-06-06 09:41:00+00:00
59168777,jinan-telecom,wuhan-telecom,42.2936,0.0,icmp,1591436580,2020-06-06 09:43:00+00:00
59169015,jinan-telecom,wuhan-telecom,40.6057,0.0,icmp,1591436700,2020-06-06 09:45:00+00:00
59169219,jinan-telecom,wuhan-telecom,40.9772,0.0,icmp,1591436820,2020-06-06 09:47:00+00:00
59169478,jinan-telecom,wuhan-telecom,42.0382,0.0,icmp,1591436940,2020-06-06 09:49:00+00:00
59169717,jinan-telecom,wuhan-telecom,41.0465,0.0,icmp,1591437060,2020-06-06 09:51:00+00:00
59169921,jinan-telecom,wuhan-telecom,40.8618,0.0,icmp,1591437180,2020-06-06 09:53:00+00:00
59170165,jinan-telecom,wuhan-telecom,40.751,0.0,icmp,1591437300,2020-06-06 09:55:00+00:00
59170366,jinan-telecom,wuhan-telecom,39.7578,0.0,icmp,1591437439,2020-06-06 09:57:19+00:00
59170613,jinan-telecom,wuhan-telecom,39.7504,0.0,icmp,1591437559,2020-06-06 09:59:19+00:00
59170823,jinan-telecom,wuhan-telecom,42.6247,0.0,icmp,1591437660,2020-06-06 10:01:00+00:00
59171058,jinan-telecom,wuhan-telecom,39.7685,0.0,icmp,1591437739,2020-06-06 10:02:19+00:00
59171294,jinan-telecom,wuhan-telecom,42.2727,0.0,icmp,1591437900,2020-06-06 10:05:00+00:00
59171525,jinan-telecom,wuhan-telecom,42.5867,0.0,icmp,1591438020,2020-06-06 10:07:00+00:00
59171760,jinan-telecom,wuhan-telecom,40.8439,0.0,icmp,1591438140,2020-06-06 10:09:00+00:00
59171979,jinan-telecom,wuhan-telecom,40.4591,0.0,icmp,1591438260,2020-06-06 10:11:00+00:00
59172187,jinan-telecom,wuhan-telecom,42.6701,0.0,icmp,1591438380,2020-06-06 10:13:00+00:00
59172447,jinan-telecom,wuhan-telecom,41.0864,0.0,icmp,1591438500,2020-06-06 10:15:00+00:00
59172683,jinan-telecom,wuhan-telecom,39.952,0.0,icmp,1591438620,2020-06-06 10:17:00+00:00
59172904,jinan-telecom,wuhan-telecom,39.7221,0.0,icmp,1591438759,2020-06-06 10:19:19+00:00
59173130,jinan-telecom,wuhan-telecom,42.6872,0.0,icmp,1591438860,2020-06-06 10:21:00+00:00
59173350,jinan-telecom,wuhan-telecom,40.4174,0.0,icmp,1591438980,2020-06-06 10:23:00+00:00
59173583,jinan-telecom,wuhan-telecom,41.1677,0.0,icmp,1591439100,2020-06-06 10:25:00+00:00
59173813,jinan-telecom,wuhan-telecom,41.1441,0.0,icmp,1591439220,2020-06-06 10:27:00+00:00
59174058,jinan-telecom,wuhan-telecom,40.1854,0.0,icmp,1591439340,2020-06-06 10:29:00+00:00
59174285,jinan-telecom,wuhan-telecom,40.3999,0.0,icmp,1591439460,2020-06-06 10:31:00+00:00
59174514,jinan-telecom,wuhan-telecom,40.5744,0.0,icmp,1591439580,2020-06-06 10:33:00+00:00
59174727,jinan-telecom,wuhan-telecom,39.7717,0.0,icmp,1591439659,2020-06-06 10:34:19+00:00
59174957,jinan-telecom,wuhan-telecom,39.8031,0.0,icmp,1591439839,2020-06-06 10:37:19+00:00
59175178,jinan-telecom,wuhan-telecom,41.1753,0.0,icmp,1591439940,2020-06-06 10:39:00+00:00
59175412,jinan-telecom,wuhan-telecom,42.6613,0.0,icmp,1591440060,2020-06-06 10:41:00+00:00
59175643,jinan-telecom,wuhan-telecom,39.8228,0.0,icmp,1591440139,2020-06-06 10:42:19+00:00
59175859,jinan-telecom,wuhan-telecom,43.8965,0.0,icmp,1591440300,2020-06-06 10:45:00+00:00
59176104,jinan-telecom,wuhan-telecom,41.1579,0.0,icmp,1591440420,2020-06-06 10:47:00+00:00
59176320,jinan-telecom,wuhan-telecom,39.7856,0.0,icmp,1591440559,2020-06-06 10:49:19+00:00
59176570,jinan-telecom,wuhan-telecom,40.8944,0.0,icmp,1591440660,2020-06-06 10:51:00+00:00
59176794,jinan-telecom,wuhan-telecom,42.0944,0.0,icmp,1591440780,2020-06-06 10:53:00+00:00
59177006,jinan-telecom,wuhan-telecom,41.8387,0.0,icmp,1591440900,2020-06-06 10:55:00+00:00
59177258,jinan-telecom,wuhan-telecom,39.7,0.0,icmp,1591440979,2020-06-06 10:56:19+00:00
59177491,jinan-telecom,wuhan-telecom,42.6985,0.0,icmp,1591441140,2020-06-06 10:59:00+00:00
59177709,jinan-telecom,wuhan-telecom,41.2503,0.0,icmp,1591441260,2020-06-06 11:01:00+00:00
59177943,jinan-telecom,wuhan-telecom,42.284,0.0,icmp,1591441380,2020-06-06 11:03:00+00:00
59178165,jinan-telecom,wuhan-telecom,42.4298,0.0,icmp,1591441500,2020-06-06 11:05:00+00:00
59178378,jinan-telecom,wuhan-telecom,41.2701,0.0,icmp,1591441620,2020-06-06 11:07:00+00:00
59178625,jinan-telecom,wuhan-telecom,40.8027,0.0,icmp,1591441740,2020-06-06 11:09:00+00:00
59178846,jinan-telecom,wuhan-telecom,39.7695,0.0,icmp,1591441879,2020-06-06 11:11:19+00:00
59179087,jinan-telecom,wuhan-telecom,40.7699,0.0,icmp,1591441980,2020-06-06 11:13:00+00:00
59179317,jinan-telecom,wuhan-telecom,39.7683,0.0,icmp,1591442059,2020-06-06 11:14:19+00:00
59179536,jinan-telecom,wuhan-telecom,39.8159,0.0,icmp,1591442179,2020-06-06 11:16:19+00:00
59179768,jinan-telecom,wuhan-telecom,40.8951,0.0,icmp,1591442340,2020-06-06 11:19:00+00:00
59179983,jinan-telecom,wuhan-telecom,40.0042,0.0,icmp,1591442460,2020-06-06 11:21:00+00:00
59180224,jinan-telecom,wuhan-telecom,41.594,0.0,icmp,1591442580,2020-06-06 11:23:00+00:00
59180468,jinan-telecom,wuhan-telecom,42.9803,0.0,icmp,1591442700,2020-06-06 11:25:00+00:00
59180686,jinan-telecom,wuhan-telecom,39.7176,0.0,icmp,1591442839,2020-06-06 11:27:19+00:00
59180905,jinan-telecom,wuhan-telecom,41.6289,0.0,icmp,1591442940,2020-06-06 11:29:00+00:00
59181140,jinan-telecom,wuhan-telecom,39.7495,0.0,icmp,1591443019,2020-06-06 11:30:19+00:00
59181374,jinan-telecom,wuhan-telecom,39.7904,0.0,icmp,1591443139,2020-06-06 11:32:19+00:00
59181620,jinan-telecom,wuhan-telecom,40.4744,0.0,icmp,1591443300,2020-06-06 11:35:00+00:00
59181859,jinan-telecom,wuhan-telecom,39.7544,0.0,icmp,1591443439,2020-06-06 11:37:19+00:00
59182072,jinan-telecom,wuhan-telecom,41.8859,0.0,icmp,1591443540,2020-06-06 11:39:00+00:00
59182294,jinan-telecom,wuhan-telecom,42.205,0.0,icmp,1591443660,2020-06-06 11:41:00+00:00
59182522,jinan-telecom,wuhan-telecom,41.1726,0.0,icmp,1591443780,2020-06-06 11:43:00+00:00
59182740,jinan-telecom,wuhan-telecom,40.5047,0.0,icmp,1591443900,2020-06-06 11:45:00+00:00
59182989,jinan-telecom,wuhan-telecom,41.8152,0.0,icmp,1591444020,2020-06-06 11:47:00+00:00
59183186,jinan-telecom,wuhan-telecom,41.0874,0.0,icmp,1591444140,2020-06-06 11:49:00+00:00
59183462,jinan-telecom,wuhan-telecom,39.7345,0.0,icmp,1591444279,2020-06-06 11:51:19+00:00
59183662,jinan-telecom,wuhan-telecom,39.7651,0.0,icmp,1591444399,2020-06-06 11:53:19+00:00
59183879,jinan-telecom,wuhan-telecom,43.4948,0.0,icmp,1591444500,2020-06-06 11:55:00+00:00
59184133,jinan-telecom,wuhan-telecom,41.3815,0.0,icmp,1591444620,2020-06-06 11:57:00+00:00
59184350,jinan-telecom,wuhan-telecom,41.6377,0.0,icmp,1591444740,2020-06-06 11:59:00+00:00
59184583,jinan-telecom,wuhan-telecom,40.3855,0.0,icmp,1591444860,2020-06-06 12:01:00+00:00
59184801,jinan-telecom,wuhan-telecom,39.975,0.0,icmp,1591444980,2020-06-06 12:03:00+00:00
59185035,jinan-telecom,wuhan-telecom,41.9263,0.0,icmp,1591445100,2020-06-06 12:05:00+00:00
59185275,jinan-telecom,wuhan-telecom,39.7494,0.0,icmp,1591445179,2020-06-06 12:06:19+00:00
59185477,jinan-telecom,wuhan-telecom,39.867,0.0,icmp,1591445359,2020-06-06 12:09:19+00:00
59185707,jinan-telecom,wuhan-telecom,41.0315,0.0,icmp,1591445460,2020-06-06 12:11:00+00:00
59185943,jinan-telecom,wuhan-telecom,39.7776,0.0,icmp,1591445599,2020-06-06 12:13:19+00:00
59186182,jinan-telecom,wuhan-telecom,40.7397,0.0,icmp,1591445700,2020-06-06 12:15:00+00:00
59186436,jinan-telecom,wuhan-telecom,39.7808,0.0,icmp,1591445779,2020-06-06 12:16:19+00:00
59186634,jinan-telecom,wuhan-telecom,39.761,0.0,icmp,1591445940,2020-06-06 12:19:00+00:00
59186863,jinan-telecom,wuhan-telecom,41.0551,0.0,icmp,1591446060,2020-06-06 12:21:00+00:00
59187091,jinan-telecom,wuhan-telecom,39.8422,0.0,icmp,1591446180,2020-06-06 12:23:00+00:00
59187313,jinan-telecom,wuhan-telecom,41.0546,0.0,icmp,1591446300,2020-06-06 12:25:00+00:00
59187557,jinan-telecom,wuhan-telecom,39.5144,0.0,icmp,1591446379,2020-06-06 12:26:19+00:00
59187772,jinan-telecom,wuhan-telecom,41.8695,0.0,icmp,1591446540,2020-06-06 12:29:00+00:00
59187998,jinan-telecom,wuhan-telecom,40.4382,0.0,icmp,1591446660,2020-06-06 12:31:00+00:00
59188239,jinan-telecom,wuhan-telecom,40.8411,0.0,icmp,1591446780,2020-06-06 12:33:00+00:00
59188460,jinan-telecom,wuhan-telecom,39.5884,0.0,icmp,1591446904,2020-06-06 12:35:04+00:00
59188698,jinan-telecom,wuhan-telecom,40.8394,0.0,icmp,1591447020,2020-06-06 12:37:00+00:00
59188930,jinan-telecom,wuhan-telecom,42.3683,0.0,icmp,1591447140,2020-06-06 12:39:00+00:00
59189159,jinan-telecom,wuhan-telecom,40.3499,0.0,icmp,1591447260,2020-06-06 12:41:00+00:00
59189401,jinan-telecom,wuhan-telecom,42.8812,0.0,icmp,1591447380,2020-06-06 12:43:00+00:00
59189609,jinan-telecom,wuhan-telecom,40.3538,0.0,icmp,1591447500,2020-06-06 12:45:00+00:00
59189831,jinan-telecom,wuhan-telecom,40.4619,0.0,icmp,1591447620,2020-06-06 12:47:00+00:00
59190063,jinan-telecom,wuhan-telecom,41.3304,0.0,icmp,1591447740,2020-06-06 12:49:00+00:00
59190294,jinan-telecom,wuhan-telecom,40.622,0.0,icmp,1591447860,2020-06-06 12:51:00+00:00
59190524,jinan-telecom,wuhan-telecom,40.8498,0.0,icmp,1591447980,2020-06-06 12:53:00+00:00
59190752,jinan-telecom,wuhan-telecom,41.2829,0.0,icmp,1591448100,2020-06-06 12:55:00+00:00
59190992,jinan-telecom,wuhan-telecom,40.469,0.0,icmp,1591448220,2020-06-06 12:57:00+00:00
59191205,jinan-telecom,wuhan-telecom,39.5282,0.0,icmp,1591448299,2020-06-06 12:58:19+00:00
59191456,jinan-telecom,wuhan-telecom,40.595,0.0,icmp,1591448460,2020-06-06 13:01:00+00:00
59191666,jinan-telecom,wuhan-telecom,39.4814,0.0,icmp,1591448539,2020-06-06 13:02:19+00:00
59191902,jinan-telecom,wuhan-telecom,41.3252,0.0,icmp,1591448700,2020-06-06 13:05:00+00:00
59192138,jinan-telecom,wuhan-telecom,39.62,0.0,icmp,1591448825,2020-06-06 13:07:05+00:00
59192359,jinan-telecom,wuhan-telecom,42.0071,0.0,icmp,1591448940,2020-06-06 13:09:00+00:00
59192587,jinan-telecom,wuhan-telecom,40.6591,0.0,icmp,1591449060,2020-06-06 13:11:00+00:00
59192834,jinan-telecom,wuhan-telecom,41.9709,0.0,icmp,1591449180,2020-06-06 13:13:00+00:00
59193053,jinan-telecom,wuhan-telecom,41.5885,0.0,icmp,1591449300,2020-06-06 13:15:00+00:00
59193281,jinan-telecom,wuhan-telecom,40.4412,0.0,icmp,1591449420,2020-06-06 13:17:00+00:00
59193509,jinan-telecom,wuhan-telecom,39.5252,0.0,icmp,1591449559,2020-06-06 13:19:19+00:00
59193756,jinan-telecom,wuhan-telecom,41.127,0.0,icmp,1591449660,2020-06-06 13:21:00+00:00
59193960,jinan-telecom,wuhan-telecom,39.5557,0.0,icmp,1591449799,2020-06-06 13:23:19+00:00
59194207,jinan-telecom,wuhan-telecom,41.384,0.0,icmp,1591449900,2020-06-06 13:25:00+00:00
59194411,jinan-telecom,wuhan-telecom,39.5208,0.0,icmp,1591449979,2020-06-06 13:26:19+00:00
59194656,jinan-telecom,wuhan-telecom,39.5193,0.0,icmp,1591450159,2020-06-06 13:29:19+00:00
59194874,jinan-telecom,wuhan-telecom,41.4758,0.0,icmp,1591450260,2020-06-06 13:31:00+00:00
59195120,jinan-telecom,wuhan-telecom,42.2371,0.0,icmp,1591450380,2020-06-06 13:33:00+00:00
59195328,jinan-telecom,wuhan-telecom,40.7818,0.0,icmp,1591450500,2020-06-06 13:35:00+00:00
59195561,jinan-telecom,wuhan-telecom,42.1492,0.0,icmp,1591450620,2020-06-06 13:37:00+00:00
59195797,jinan-telecom,wuhan-telecom,40.0604,0.0,icmp,1591450740,2020-06-06 13:39:00+00:00
59196046,jinan-telecom,wuhan-telecom,39.5075,0.0,icmp,1591450879,2020-06-06 13:41:19+00:00
59196254,jinan-telecom,wuhan-telecom,40.278,0.0,icmp,1591450980,2020-06-06 13:43:00+00:00
59196479,jinan-telecom,wuhan-telecom,39.4693,0.0,icmp,1591451119,2020-06-06 13:45:19+00:00
59196709,jinan-telecom,wuhan-telecom,40.0331,0.0,icmp,1591451220,2020-06-06 13:47:00+00:00
59196932,jinan-telecom,wuhan-telecom,40.1738,0.0,icmp,1591451340,2020-06-06 13:49:00+00:00
59197157,jinan-telecom,wuhan-telecom,41.0523,0.0,icmp,1591451460,2020-06-06 13:51:00+00:00
59197390,jinan-telecom,wuhan-telecom,39.5649,0.0,icmp,1591451539,2020-06-06 13:52:19+00:00
59197634,jinan-telecom,wuhan-telecom,41.7296,0.0,icmp,1591451700,2020-06-06 13:55:00+00:00
59197861,jinan-telecom,wuhan-telecom,40.1089,0.0,icmp,1591451820,2020-06-06 13:57:00+00:00
59198083,jinan-telecom,wuhan-telecom,41.5447,0.0,icmp,1591451940,2020-06-06 13:59:00+00:00
59198308,jinan-telecom,wuhan-telecom,41.9986,0.0,icmp,1591452060,2020-06-06 14:01:00+00:00
59198545,jinan-telecom,wuhan-telecom,41.4978,0.0,icmp,1591452180,2020-06-06 14:03:00+00:00
59198768,jinan-telecom,wuhan-telecom,40.3637,0.0,icmp,1591452300,2020-06-06 14:05:00+00:00
59199006,jinan-telecom,wuhan-telecom,42.1747,0.0,icmp,1591452420,2020-06-06 14:07:00+00:00
59199234,jinan-telecom,wuhan-telecom,39.4979,0.0,icmp,1591452559,2020-06-06 14:09:19+00:00
59199466,jinan-telecom,wuhan-telecom,39.6058,0.0,icmp,1591452679,2020-06-06 14:11:19+00:00
59199705,jinan-telecom,wuhan-telecom,41.9614,0.0,icmp,1591452780,2020-06-06 14:13:00+00:00
59199925,jinan-telecom,wuhan-telecom,40.2794,0.0,icmp,1591452900,2020-06-06 14:15:00+00:00
59200162,jinan-telecom,wuhan-telecom,40.913,0.0,icmp,1591453020,2020-06-06 14:17:00+00:00
59200367,jinan-telecom,wuhan-telecom,40.0753,0.0,icmp,1591453140,2020-06-06 14:19:00+00:00
59200614,jinan-telecom,wuhan-telecom,41.4685,0.0,icmp,1591453260,2020-06-06 14:21:00+00:00
59200822,jinan-telecom,wuhan-telecom,40.7601,0.0,icmp,1591453380,2020-06-06 14:23:00+00:00
59201057,jinan-telecom,wuhan-telecom,41.1153,0.0,icmp,1591453500,2020-06-06 14:25:00+00:00
59201275,jinan-telecom,wuhan-telecom,40.5464,0.0,icmp,1591453620,2020-06-06 14:27:00+00:00
59201525,jinan-telecom,wuhan-telecom,41.0082,0.0,icmp,1591453740,2020-06-06 14:29:00+00:00
59201745,jinan-telecom,wuhan-telecom,39.6108,0.0,icmp,1591453819,2020-06-06 14:30:19+00:00
59201967,jinan-telecom,wuhan-telecom,41.9417,0.0,icmp,1591453980,2020-06-06 14:33:00+00:00
59202181,jinan-telecom,wuhan-telecom,39.4853,0.0,icmp,1591454059,2020-06-06 14:34:19+00:00
59202442,jinan-telecom,wuhan-telecom,40.2082,0.0,icmp,1591454220,2020-06-06 14:37:00+00:00
59202663,jinan-telecom,wuhan-telecom,39.5104,0.0,icmp,1591454299,2020-06-06 14:38:19+00:00
59202891,jinan-telecom,wuhan-telecom,40.7751,0.0,icmp,1591454460,2020-06-06 14:41:00+00:00
59203122,jinan-telecom,wuhan-telecom,39.5327,0.0,icmp,1591454599,2020-06-06 14:43:19+00:00
59203334,jinan-telecom,wuhan-telecom,39.5173,0.0,icmp,1591454719,2020-06-06 14:45:19+00:00
59203576,jinan-telecom,wuhan-telecom,39.5212,0.0,icmp,1591454839,2020-06-06 14:47:19+00:00
59203811,jinan-telecom,wuhan-telecom,39.6451,0.0,icmp,1591454959,2020-06-06 14:49:19+00:00
59204044,jinan-telecom,wuhan-telecom,39.9606,0.0,icmp,1591455060,2020-06-06 14:51:00+00:00
59204281,jinan-telecom,wuhan-telecom,43.1746,0.0,icmp,1591455180,2020-06-06 14:53:00+00:00
59204489,jinan-telecom,wuhan-telecom,40.6521,0.0,icmp,1591455300,2020-06-06 14:55:00+00:00
59204723,jinan-telecom,wuhan-telecom,41.5491,0.0,icmp,1591455420,2020-06-06 14:57:00+00:00
59204928,jinan-telecom,wuhan-telecom,39.915,0.0,icmp,1591455540,2020-06-06 14:59:00+00:00
59205181,jinan-telecom,wuhan-telecom,39.5135,0.0,icmp,1591455619,2020-06-06 15:00:19+00:00
59205400,jinan-telecom,wuhan-telecom,39.505,0.0,icmp,1591455739,2020-06-06 15:02:19+00:00
59205633,jinan-telecom,wuhan-telecom,40.136,0.0,icmp,1591455900,2020-06-06 15:05:00+00:00
59205867,jinan-telecom,wuhan-telecom,41.463,0.0,icmp,1591456020,2020-06-06 15:07:00+00:00
59206105,jinan-telecom,wuhan-telecom,39.5202,0.0,icmp,1591456099,2020-06-06 15:08:19+00:00
59206324,jinan-telecom,wuhan-telecom,42.1045,0.0,icmp,1591456260,2020-06-06 15:11:00+00:00
59206556,jinan-telecom,wuhan-telecom,39.5316,0.0,icmp,1591456339,2020-06-06 15:12:19+00:00
59206780,jinan-telecom,wuhan-telecom,40.7851,0.0,icmp,1591456500,2020-06-06 15:15:00+00:00
59207009,jinan-telecom,wuhan-telecom,39.5119,0.0,icmp,1591456579,2020-06-06 15:16:19+00:00
59207246,jinan-telecom,wuhan-telecom,39.9749,0.0,icmp,1591456740,2020-06-06 15:19:00+00:00
59207476,jinan-telecom,wuhan-telecom,40.722,0.0,icmp,1591456860,2020-06-06 15:21:00+00:00
59207701,jinan-telecom,wuhan-telecom,41.8735,0.0,icmp,1591456980,2020-06-06 15:23:00+00:00
59207946,jinan-telecom,wuhan-telecom,39.5624,0.0,icmp,1591457105,2020-06-06 15:25:05+00:00
59208179,jinan-telecom,wuhan-telecom,39.6039,0.0,icmp,1591457239,2020-06-06 15:27:19+00:00
59208379,jinan-telecom,wuhan-telecom,39.6106,0.0,icmp,1591457359,2020-06-06 15:29:19+00:00
59208631,jinan-telecom,wuhan-telecom,40.2673,0.0,icmp,1591457460,2020-06-06 15:31:00+00:00
59208845,jinan-telecom,wuhan-telecom,39.4891,0.0,icmp,1591457539,2020-06-06 15:32:19+00:00
59209090,jinan-telecom,wuhan-telecom,40.6784,0.0,icmp,1591457700,2020-06-06 15:35:00+00:00
59209286,jinan-telecom,wuhan-telecom,40.0614,0.0,icmp,1591457820,2020-06-06 15:37:00+00:00
59209515,jinan-telecom,wuhan-telecom,41.0729,0.0,icmp,1591457940,2020-06-06 15:39:00+00:00
59209780,jinan-telecom,wuhan-telecom,40.7321,0.0,icmp,1591458060,2020-06-06 15:41:00+00:00
59209991,jinan-telecom,wuhan-telecom,41.1737,0.0,icmp,1591458180,2020-06-06 15:43:00+00:00
59210212,jinan-telecom,wuhan-telecom,40.7857,0.0,icmp,1591458300,2020-06-06 15:45:00+00:00
59210465,jinan-telecom,wuhan-telecom,42.6602,0.0,icmp,1591458420,2020-06-06 15:47:00+00:00
59210674,jinan-telecom,wuhan-telecom,42.2967,0.0,icmp,1591458540,2020-06-06 15:49:00+00:00
59210912,jinan-telecom,wuhan-telecom,42.5989,0.0,icmp,1591458660,2020-06-06 15:51:00+00:00
59211140,jinan-telecom,wuhan-telecom,40.2206,0.0,icmp,1591458780,2020-06-06 15:53:00+00:00
59211376,jinan-telecom,wuhan-telecom,41.1796,0.0,icmp,1591458900,2020-06-06 15:55:00+00:00
59211600,jinan-telecom,wuhan-telecom,40.9264,0.0,icmp,1591459020,2020-06-06 15:57:00+00:00
59211817,jinan-telecom,wuhan-telecom,42.2685,0.0,icmp,1591459140,2020-06-06 15:59:00+00:00
59212047,jinan-telecom,wuhan-telecom,42.7959,0.0,icmp,1591459260,2020-06-06 16:01:00+00:00
59212280,jinan-telecom,wuhan-telecom,39.5171,0.0,icmp,1591459339,2020-06-06 16:02:19+00:00
59212499,jinan-telecom,wuhan-telecom,39.5129,0.0,icmp,1591459459,2020-06-06 16:04:19+00:00
59212754,jinan-telecom,wuhan-telecom,40.5232,0.0,icmp,1591459620,2020-06-06 16:07:00+00:00
59212959,jinan-telecom,wuhan-telecom,41.1355,0.0,icmp,1591459740,2020-06-06 16:09:00+00:00
59213186,jinan-telecom,wuhan-telecom,41.0584,0.0,icmp,1591459860,2020-06-06 16:11:00+00:00
59213427,jinan-telecom,wuhan-telecom,40.197,0.0,icmp,1591459980,2020-06-06 16:13:00+00:00
59213653,jinan-telecom,wuhan-telecom,39.7752,0.0,icmp,1591460100,2020-06-06 16:15:00+00:00
59213877,jinan-telecom,wuhan-telecom,39.5027,0.0,icmp,1591460179,2020-06-06 16:16:19+00:00
59214103,jinan-telecom,wuhan-telecom,40.9972,0.0,icmp,1591460340,2020-06-06 16:19:00+00:00
59214354,jinan-telecom,wuhan-telecom,39.9795,0.0,icmp,1591460460,2020-06-06 16:21:00+00:00
59214562,jinan-telecom,wuhan-telecom,39.5314,0.0,icmp,1591460539,2020-06-06 16:22:19+00:00
59214818,jinan-telecom,wuhan-telecom,41.0884,0.0,icmp,1591460700,2020-06-06 16:25:00+00:00
59215036,jinan-telecom,wuhan-telecom,39.783,0.0,icmp,1591460820,2020-06-06 16:27:00+00:00
59215259,jinan-telecom,wuhan-telecom,40.8875,0.0,icmp,1591460940,2020-06-06 16:29:00+00:00
59215490,jinan-telecom,wuhan-telecom,41.009,0.0,icmp,1591461060,2020-06-06 16:31:00+00:00
59215732,jinan-telecom,wuhan-telecom,39.4834,0.0,icmp,1591461199,2020-06-06 16:33:19+00:00
59215938,jinan-telecom,wuhan-telecom,40.7672,0.0,icmp,1591461300,2020-06-06 16:35:00+00:00
59216180,jinan-telecom,wuhan-telecom,40.0663,0.0,icmp,1591461420,2020-06-06 16:37:00+00:00
59216403,jinan-telecom,wuhan-telecom,39.6489,0.0,icmp,1591461559,2020-06-06 16:39:19+00:00
59216640,jinan-telecom,wuhan-telecom,40.0791,0.0,icmp,1591461660,2020-06-06 16:41:00+00:00
59216876,jinan-telecom,wuhan-telecom,39.6596,0.0,icmp,1591461780,2020-06-06 16:43:00+00:00
59217095,jinan-telecom,wuhan-telecom,41.0705,0.0,icmp,1591461900,2020-06-06 16:45:00+00:00
59217315,jinan-telecom,wuhan-telecom,41.8195,0.0,icmp,1591462025,2020-06-06 16:47:05+00:00
59217541,jinan-telecom,wuhan-telecom,40.2767,0.0,icmp,1591462140,2020-06-06 16:49:00+00:00
59217778,jinan-telecom,wuhan-telecom,40.2728,0.0,icmp,1591462260,2020-06-06 16:51:00+00:00
59218005,jinan-telecom,wuhan-telecom,44.6162,0.0,icmp,1591462380,2020-06-06 16:53:00+00:00
59218253,jinan-telecom,wuhan-telecom,40.6464,0.0,icmp,1591462500,2020-06-06 16:55:00+00:00
59218461,jinan-telecom,wuhan-telecom,40.4532,0.0,icmp,1591462620,2020-06-06 16:57:00+00:00
59218679,jinan-telecom,wuhan-telecom,39.4814,0.0,icmp,1591462699,2020-06-06 16:58:19+00:00
59218925,jinan-telecom,wuhan-telecom,40.8238,0.0,icmp,1591462860,2020-06-06 17:01:00+00:00
59219158,jinan-telecom,wuhan-telecom,41.1908,0.0,icmp,1591462980,2020-06-06 17:03:00+00:00
59219378,jinan-telecom,wuhan-telecom,42.7238,0.0,icmp,1591463100,2020-06-06 17:05:00+00:00
59219602,jinan-telecom,wuhan-telecom,39.477,0.0,icmp,1591463179,2020-06-06 17:06:19+00:00
59219835,jinan-telecom,wuhan-telecom,41.3597,0.0,icmp,1591463340,2020-06-06 17:09:00+00:00
59220085,jinan-telecom,wuhan-telecom,40.6122,0.0,icmp,1591463460,2020-06-06 17:11:00+00:00
59220306,jinan-telecom,wuhan-telecom,40.0358,0.0,icmp,1591463580,2020-06-06 17:13:00+00:00
59220540,jinan-telecom,wuhan-telecom,43.9686,0.0,icmp,1591463700,2020-06-06 17:15:00+00:00
59220754,jinan-telecom,wuhan-telecom,41.123,0.0,icmp,1591463820,2020-06-06 17:17:00+00:00
59220991,jinan-telecom,wuhan-telecom,41.4973,0.0,icmp,1591463940,2020-06-06 17:19:00+00:00
59221205,jinan-telecom,wuhan-telecom,42.3458,0.0,icmp,1591464060,2020-06-06 17:21:00+00:00
59221440,jinan-telecom,wuhan-telecom,39.8684,0.0,icmp,1591464180,2020-06-06 17:23:00+00:00
59221683,jinan-telecom,wuhan-telecom,41.2375,0.0,icmp,1591464300,2020-06-06 17:25:00+00:00
59221910,jinan-telecom,wuhan-telecom,40.9846,0.0,icmp,1591464420,2020-06-06 17:27:00+00:00
59222123,jinan-telecom,wuhan-telecom,39.4785,0.0,icmp,1591464559,2020-06-06 17:29:19+00:00
59222360,jinan-telecom,wuhan-telecom,40.0629,0.0,icmp,1591464660,2020-06-06 17:31:00+00:00
59222593,jinan-telecom,wuhan-telecom,40.7891,0.0,icmp,1591464780,2020-06-06 17:33:00+00:00
59222834,jinan-telecom,wuhan-telecom,40.7812,0.0,icmp,1591464900,2020-06-06 17:35:00+00:00
59223039,jinan-telecom,wuhan-telecom,40.6382,0.0,icmp,1591465020,2020-06-06 17:37:00+00:00
59223293,jinan-telecom,wuhan-telecom,40.3109,0.0,icmp,1591465140,2020-06-06 17:39:00+00:00
59223497,jinan-telecom,wuhan-telecom,40.1076,0.0,icmp,1591465260,2020-06-06 17:41:00+00:00
59223732,jinan-telecom,wuhan-telecom,40.8755,0.0,icmp,1591465380,2020-06-06 17:43:00+00:00
59223970,jinan-telecom,wuhan-telecom,39.5377,0.0,icmp,1591465519,2020-06-06 17:45:19+00:00
59224179,jinan-telecom,wuhan-telecom,41.7464,0.0,icmp,1591465620,2020-06-06 17:47:00+00:00
59224429,jinan-telecom,wuhan-telecom,41.914,0.0,icmp,1591465740,2020-06-06 17:49:00+00:00
59224678,jinan-telecom,wuhan-telecom,40.5066,0.0,icmp,1591465860,2020-06-06 17:51:00+00:00
59224887,jinan-telecom,wuhan-telecom,40.8202,0.0,icmp,1591465980,2020-06-06 17:53:00+00:00
59225104,jinan-telecom,wuhan-telecom,42.0019,0.0,icmp,1591466100,2020-06-06 17:55:00+00:00
59225329,jinan-telecom,wuhan-telecom,40.441,0.0,icmp,1591466220,2020-06-06 17:57:00+00:00
59225569,jinan-telecom,wuhan-telecom,43.9324,0.0,icmp,1591466340,2020-06-06 17:59:00+00:00
59225806,jinan-telecom,wuhan-telecom,40.9979,0.0,icmp,1591466460,2020-06-06 18:01:00+00:00
59226018,jinan-telecom,wuhan-telecom,43.5501,0.0,icmp,1591466580,2020-06-06 18:03:00+00:00
59226256,jinan-telecom,wuhan-telecom,39.5089,0.0,icmp,1591466719,2020-06-06 18:05:19+00:00
59226470,jinan-telecom,wuhan-telecom,41.8229,0.0,icmp,1591466820,2020-06-06 18:07:00+00:00
59226713,jinan-telecom,wuhan-telecom,40.7968,0.0,icmp,1591466940,2020-06-06 18:09:00+00:00
59226941,jinan-telecom,wuhan-telecom,39.8279,0.0,icmp,1591467060,2020-06-06 18:11:00+00:00
59227178,jinan-telecom,wuhan-telecom,39.5232,0.0,icmp,1591467199,2020-06-06 18:13:19+00:00
59227397,jinan-telecom,wuhan-telecom,39.7426,0.0,icmp,1591467300,2020-06-06 18:15:00+00:00
59227622,jinan-telecom,wuhan-telecom,39.4872,0.0,icmp,1591467439,2020-06-06 18:17:19+00:00
59227849,jinan-telecom,wuhan-telecom,39.5558,0.0,icmp,1591467540,2020-06-06 18:19:00+00:00
59228082,jinan-telecom,wuhan-telecom,39.5787,0.0,icmp,1591467665,2020-06-06 18:21:05+00:00
59228321,jinan-telecom,wuhan-telecom,41.6976,0.0,icmp,1591467780,2020-06-06 18:23:00+00:00
59228556,jinan-telecom,wuhan-telecom,40.4476,0.0,icmp,1591467900,2020-06-06 18:25:00+00:00
59228776,jinan-telecom,wuhan-telecom,39.5167,0.0,icmp,1591467979,2020-06-06 18:26:19+00:00
59228991,jinan-telecom,wuhan-telecom,40.8011,0.0,icmp,1591468140,2020-06-06 18:29:00+00:00
59229236,jinan-telecom,wuhan-telecom,40.4038,0.0,icmp,1591468260,2020-06-06 18:31:00+00:00
59229455,jinan-telecom,wuhan-telecom,39.838,0.0,icmp,1591468384,2020-06-06 18:33:04+00:00
59229676,jinan-telecom,wuhan-telecom,40.4076,0.0,icmp,1591468500,2020-06-06 18:35:00+00:00
59229918,jinan-telecom,wuhan-telecom,40.2566,0.0,icmp,1591468620,2020-06-06 18:37:00+00:00
59230159,jinan-telecom,wuhan-telecom,39.6693,0.0,icmp,1591468740,2020-06-06 18:39:00+00:00
59230386,jinan-telecom,wuhan-telecom,40.5438,0.0,icmp,1591468860,2020-06-06 18:41:00+00:00
59230610,jinan-telecom,wuhan-telecom,40.7533,0.0,icmp,1591468980,2020-06-06 18:43:00+00:00
59230827,jinan-telecom,wuhan-telecom,41.337,0.0,icmp,1591469100,2020-06-06 18:45:00+00:00
59231077,jinan-telecom,wuhan-telecom,41.5074,0.0,icmp,1591469220,2020-06-06 18:47:00+00:00
59231287,jinan-telecom,wuhan-telecom,40.617,0.0,icmp,1591469340,2020-06-06 18:49:00+00:00
59231520,jinan-telecom,wuhan-telecom,41.3426,0.0,icmp,1591469460,2020-06-06 18:51:00+00:00
59231748,jinan-telecom,wuhan-telecom,39.8087,0.0,icmp,1591469580,2020-06-06 18:53:00+00:00
59231993,jinan-telecom,wuhan-telecom,40.1447,0.0,icmp,1591469700,2020-06-06 18:55:00+00:00
59232200,jinan-telecom,wuhan-telecom,41.8174,0.0,icmp,1591469820,2020-06-06 18:57:00+00:00
59232448,jinan-telecom,wuhan-telecom,41.8497,0.0,icmp,1591469940,2020-06-06 18:59:00+00:00
59232651,jinan-telecom,wuhan-telecom,39.5426,0.0,icmp,1591470019,2020-06-06 19:00:19+00:00
59232880,jinan-telecom,wuhan-telecom,39.5125,0.0,icmp,1591470139,2020-06-06 19:02:19+00:00
59233134,jinan-telecom,wuhan-telecom,41.0129,0.0,icmp,1591470300,2020-06-06 19:05:00+00:00
59233363,jinan-telecom,wuhan-telecom,40.8304,0.0,icmp,1591470420,2020-06-06 19:07:00+00:00
59233591,jinan-telecom,wuhan-telecom,39.5571,0.0,icmp,1591470545,2020-06-06 19:09:05+00:00
59233843,jinan-telecom,wuhan-telecom,40.9361,0.0,icmp,1591470660,2020-06-06 19:11:00+00:00
59234033,jinan-telecom,wuhan-telecom,40.6257,0.0,icmp,1591470780,2020-06-06 19:13:00+00:00
59234271,jinan-telecom,wuhan-telecom,41.2773,0.0,icmp,1591470900,2020-06-06 19:15:00+00:00
59234503,jinan-telecom,wuhan-telecom,40.3791,0.0,icmp,1591471020,2020-06-06 19:17:00+00:00
59234712,jinan-telecom,wuhan-telecom,41.259,0.0,icmp,1591471140,2020-06-06 19:19:00+00:00
59234963,jinan-telecom,wuhan-telecom,41.187,0.0,icmp,1591471260,2020-06-06 19:21:00+00:00
59235170,jinan-telecom,wuhan-telecom,39.6916,0.0,icmp,1591471385,2020-06-06 19:23:05+00:00
59235411,jinan-telecom,wuhan-telecom,40.0255,0.0,icmp,1591471500,2020-06-06 19:25:00+00:00
59235637,jinan-telecom,wuhan-telecom,41.0273,0.0,icmp,1591471620,2020-06-06 19:27:00+00:00
59235856,jinan-telecom,wuhan-telecom,39.519,0.0,icmp,1591471759,2020-06-06 19:29:19+00:00
59236107,jinan-telecom,wuhan-telecom,41.01,0.0,icmp,1591471860,2020-06-06 19:31:00+00:00
59236339,jinan-telecom,wuhan-telecom,40.8398,0.0,icmp,1591471980,2020-06-06 19:33:00+00:00
59236547,jinan-telecom,wuhan-telecom,42.4596,0.0,icmp,1591472100,2020-06-06 19:35:00+00:00
59236799,jinan-telecom,wuhan-telecom,40.4278,0.0,icmp,1591472220,2020-06-06 19:37:00+00:00
59237000,jinan-telecom,wuhan-telecom,40.1738,0.0,icmp,1591472340,2020-06-06 19:39:00+00:00
59237253,jinan-telecom,wuhan-telecom,40.7894,0.0,icmp,1591472460,2020-06-06 19:41:00+00:00
59237466,jinan-telecom,wuhan-telecom,39.5956,0.0,icmp,1591472539,2020-06-06 19:42:19+00:00
59237703,jinan-telecom,wuhan-telecom,39.4574,0.0,icmp,1591472719,2020-06-06 19:45:19+00:00
59237918,jinan-telecom,wuhan-telecom,42.4651,0.0,icmp,1591472820,2020-06-06 19:47:00+00:00
59238176,jinan-telecom,wuhan-telecom,39.5048,0.0,icmp,1591472899,2020-06-06 19:48:19+00:00
59238400,jinan-telecom,wuhan-telecom,39.5525,0.0,icmp,1591473060,2020-06-06 19:51:00+00:00
59238611,jinan-telecom,wuhan-telecom,39.4899,0.0,icmp,1591473199,2020-06-06 19:53:19+00:00
59238851,jinan-telecom,wuhan-telecom,42.3544,0.0,icmp,1591473300,2020-06-06 19:55:00+00:00
59239070,jinan-telecom,wuhan-telecom,41.8771,0.0,icmp,1591473420,2020-06-06 19:57:00+00:00
59239294,jinan-telecom,wuhan-telecom,39.5041,0.0,icmp,1591473559,2020-06-06 19:59:19+00:00
59239527,jinan-telecom,wuhan-telecom,40.4868,0.0,icmp,1591473660,2020-06-06 20:01:00+00:00
59239755,jinan-telecom,wuhan-telecom,40.6429,0.0,icmp,1591473780,2020-06-06 20:03:00+00:00
59240008,jinan-telecom,wuhan-telecom,39.5298,0.0,icmp,1591473919,2020-06-06 20:05:19+00:00
59240225,jinan-telecom,wuhan-telecom,39.5034,0.0,icmp,1591474039,2020-06-06 20:07:19+00:00
59240447,jinan-telecom,wuhan-telecom,40.869,0.0,icmp,1591474140,2020-06-06 20:09:00+00:00
59240692,jinan-telecom,wuhan-telecom,39.4732,0.0,icmp,1591474279,2020-06-06 20:11:19+00:00
59240909,jinan-telecom,wuhan-telecom,41.1982,0.0,icmp,1591474380,2020-06-06 20:13:00+00:00
59241145,jinan-telecom,wuhan-telecom,39.4858,0.0,icmp,1591474459,2020-06-06 20:14:19+00:00
59241355,jinan-telecom,wuhan-telecom,41.4816,0.0,icmp,1591474620,2020-06-06 20:17:00+00:00
59241589,jinan-telecom,wuhan-telecom,40.5457,0.0,icmp,1591474740,2020-06-06 20:19:00+00:00
59241826,jinan-telecom,wuhan-telecom,39.4546,0.0,icmp,1591474819,2020-06-06 20:20:19+00:00
59242044,jinan-telecom,wuhan-telecom,40.6209,0.0,icmp,1591474980,2020-06-06 20:23:00+00:00
59242267,jinan-telecom,wuhan-telecom,41.0051,0.0,icmp,1591475100,2020-06-06 20:25:00+00:00
59242510,jinan-telecom,wuhan-telecom,41.4137,0.0,icmp,1591475220,2020-06-06 20:27:00+00:00
59242727,jinan-telecom,wuhan-telecom,40.0694,0.0,icmp,1591475340,2020-06-06 20:29:00+00:00
59242970,jinan-telecom,wuhan-telecom,39.7591,0.0,icmp,1591475460,2020-06-06 20:31:00+00:00
59243193,jinan-telecom,wuhan-telecom,40.6924,0.0,icmp,1591475580,2020-06-06 20:33:00+00:00
59243434,jinan-telecom,wuhan-telecom,39.5044,0.0,icmp,1591475659,2020-06-06 20:34:19+00:00
59243641,jinan-telecom,wuhan-telecom,42.4357,0.0,icmp,1591475820,2020-06-06 20:37:00+00:00
59243875,jinan-telecom,wuhan-telecom,40.7716,0.0,icmp,1591475940,2020-06-06 20:39:00+00:00
59244125,jinan-telecom,wuhan-telecom,39.5102,0.0,icmp,1591476079,2020-06-06 20:41:19+00:00
59244329,jinan-telecom,wuhan-telecom,42.3583,0.0,icmp,1591476180,2020-06-06 20:43:00+00:00
59244556,jinan-telecom,wuhan-telecom,39.4767,0.0,icmp,1591476259,2020-06-06 20:44:19+00:00
59244797,jinan-telecom,wuhan-telecom,42.2087,0.0,icmp,1591476420,2020-06-06 20:47:00+00:00
59245035,jinan-telecom,wuhan-telecom,39.4757,0.0,icmp,1591476499,2020-06-06 20:48:19+00:00
59245263,jinan-telecom,wuhan-telecom,39.9662,0.0,icmp,1591476660,2020-06-06 20:51:00+00:00
59245494,jinan-telecom,wuhan-telecom,39.527,0.0,icmp,1591476799,2020-06-06 20:53:19+00:00
59245712,jinan-telecom,wuhan-telecom,40.8381,0.0,icmp,1591476900,2020-06-06 20:55:00+00:00
59245941,jinan-telecom,wuhan-telecom,41.3244,0.0,icmp,1591477020,2020-06-06 20:57:00+00:00
59246175,jinan-telecom,wuhan-telecom,41.8875,0.0,icmp,1591477140,2020-06-06 20:59:00+00:00
59246399,jinan-telecom,wuhan-telecom,40.4219,0.0,icmp,1591477260,2020-06-06 21:01:00+00:00
59246639,jinan-telecom,wuhan-telecom,42.0049,0.0,icmp,1591477380,2020-06-06 21:03:00+00:00
59246859,jinan-telecom,wuhan-telecom,39.5396,0.0,icmp,1591477519,2020-06-06 21:05:19+00:00
59247087,jinan-telecom,wuhan-telecom,40.393,0.0,icmp,1591477620,2020-06-06 21:07:00+00:00
59247309,jinan-telecom,wuhan-telecom,39.4755,0.0,icmp,1591477699,2020-06-06 21:08:19+00:00
59247559,jinan-telecom,wuhan-telecom,42.4761,0.0,icmp,1591477860,2020-06-06 21:11:00+00:00
59247793,jinan-telecom,wuhan-telecom,40.4302,0.0,icmp,1591477980,2020-06-06 21:13:00+00:00
59248011,jinan-telecom,wuhan-telecom,39.5512,0.0,icmp,1591478119,2020-06-06 21:15:19+00:00
59248255,jinan-telecom,wuhan-telecom,39.9491,0.0,icmp,1591478220,2020-06-06 21:17:00+00:00
59248462,jinan-telecom,wuhan-telecom,40.3441,0.0,icmp,1591478340,2020-06-06 21:19:00+00:00
59248704,jinan-telecom,wuhan-telecom,39.433,0.0,icmp,1591478419,2020-06-06 21:20:19+00:00
59248927,jinan-telecom,wuhan-telecom,39.4791,0.0,icmp,1591478599,2020-06-06 21:23:19+00:00
59249154,jinan-telecom,wuhan-telecom,40.9412,0.0,icmp,1591478700,2020-06-06 21:25:00+00:00
59249396,jinan-telecom,wuhan-telecom,40.3826,0.0,icmp,1591478820,2020-06-06 21:27:00+00:00
59249595,jinan-telecom,wuhan-telecom,42.0388,0.0,icmp,1591478940,2020-06-06 21:29:00+00:00
59249837,jinan-telecom,wuhan-telecom,39.5036,0.0,icmp,1591479079,2020-06-06 21:31:19+00:00
59250066,jinan-telecom,wuhan-telecom,41.2264,0.0,icmp,1591479180,2020-06-06 21:33:00+00:00
59250318,jinan-telecom,wuhan-telecom,39.48,0.0,icmp,1591479319,2020-06-06 21:35:19+00:00
59250519,jinan-telecom,wuhan-telecom,41.0807,0.0,icmp,1591479420,2020-06-06 21:37:00+00:00
59250749,jinan-telecom,wuhan-telecom,40.4399,0.0,icmp,1591479540,2020-06-06 21:39:00+00:00
59250994,jinan-telecom,wuhan-telecom,39.4805,0.0,icmp,1591479619,2020-06-06 21:40:19+00:00
59251207,jinan-telecom,wuhan-telecom,40.1788,0.0,icmp,1591479780,2020-06-06 21:43:00+00:00
59251454,jinan-telecom,wuhan-telecom,39.7118,0.0,icmp,1591479900,2020-06-06 21:45:00+00:00
59251663,jinan-telecom,wuhan-telecom,42.6566,0.0,icmp,1591480020,2020-06-06 21:47:00+00:00
59251902,jinan-telecom,wuhan-telecom,39.4788,0.0,icmp,1591480099,2020-06-06 21:48:19+00:00
59252127,jinan-telecom,wuhan-telecom,39.5098,0.0,icmp,1591480219,2020-06-06 21:50:19+00:00
59252372,jinan-telecom,wuhan-telecom,39.4669,0.0,icmp,1591480339,2020-06-06 21:52:19+00:00
59252587,jinan-telecom,wuhan-telecom,41.6129,0.0,icmp,1591480500,2020-06-06 21:55:00+00:00
59252828,jinan-telecom,wuhan-telecom,39.5153,0.0,icmp,1591480579,2020-06-06 21:56:19+00:00
59253047,jinan-telecom,wuhan-telecom,40.708,0.0,icmp,1591480740,2020-06-06 21:59:00+00:00
59253266,jinan-telecom,wuhan-telecom,39.4704,0.0,icmp,1591480819,2020-06-06 22:00:19+00:00
59253490,jinan-telecom,wuhan-telecom,40.7198,0.0,icmp,1591480980,2020-06-06 22:03:00+00:00
59253749,jinan-telecom,wuhan-telecom,40.1605,0.0,icmp,1591481100,2020-06-06 22:05:00+00:00
59253971,jinan-telecom,wuhan-telecom,41.0219,0.0,icmp,1591481220,2020-06-06 22:07:00+00:00
59254198,jinan-telecom,wuhan-telecom,40.5865,0.0,icmp,1591481340,2020-06-06 22:09:00+00:00
59254410,jinan-telecom,wuhan-telecom,39.5043,0.0,icmp,1591481419,2020-06-06 22:10:19+00:00
59254637,jinan-telecom,wuhan-telecom,40.935,0.0,icmp,1591481580,2020-06-06 22:13:00+00:00
59254890,jinan-telecom,wuhan-telecom,40.9705,0.0,icmp,1591481700,2020-06-06 22:15:00+00:00
59255109,jinan-telecom,wuhan-telecom,41.3018,0.0,icmp,1591481820,2020-06-06 22:17:00+00:00
59255343,jinan-telecom,wuhan-telecom,40.7482,0.0,icmp,1591481940,2020-06-06 22:19:00+00:00
59255576,jinan-telecom,wuhan-telecom,40.9199,0.0,icmp,1591482060,2020-06-06 22:21:00+00:00
59255786,jinan-telecom,wuhan-telecom,42.4787,0.0,icmp,1591482180,2020-06-06 22:23:00+00:00
59256011,jinan-telecom,wuhan-telecom,40.4142,0.0,icmp,1591482300,2020-06-06 22:25:00+00:00
59256249,jinan-telecom,wuhan-telecom,39.9809,0.0,icmp,1591482420,2020-06-06 22:27:00+00:00
59256491,jinan-telecom,wuhan-telecom,39.4928,0.0,icmp,1591482559,2020-06-06 22:29:19+00:00
59256718,jinan-telecom,wuhan-telecom,40.1673,0.0,icmp,1591482660,2020-06-06 22:31:00+00:00
59256943,jinan-telecom,wuhan-telecom,39.4969,0.0,icmp,1591482739,2020-06-06 22:32:19+00:00
59257164,jinan-telecom,wuhan-telecom,41.9858,0.0,icmp,1591482900,2020-06-06 22:35:00+00:00
59257401,jinan-telecom,wuhan-telecom,40.8665,0.0,icmp,1591483020,2020-06-06 22:37:00+00:00
59257642,jinan-telecom,wuhan-telecom,41.1871,0.0,icmp,1591483140,2020-06-06 22:39:00+00:00
59257867,jinan-telecom,wuhan-telecom,41.3685,0.0,icmp,1591483260,2020-06-06 22:41:00+00:00
59258088,jinan-telecom,wuhan-telecom,40.2604,0.0,icmp,1591483380,2020-06-06 22:43:00+00:00
59258321,jinan-telecom,wuhan-telecom,40.2029,0.0,icmp,1591483500,2020-06-06 22:45:00+00:00
59258538,jinan-telecom,wuhan-telecom,39.4793,0.0,icmp,1591483639,2020-06-06 22:47:19+00:00
59258762,jinan-telecom,wuhan-telecom,40.2856,0.0,icmp,1591483740,2020-06-06 22:49:00+00:00
59259001,jinan-telecom,wuhan-telecom,41.7392,0.0,icmp,1591483860,2020-06-06 22:51:00+00:00
59259213,jinan-telecom,wuhan-telecom,39.5716,0.0,icmp,1591483999,2020-06-06 22:53:19+00:00
59259465,jinan-telecom,wuhan-telecom,41.3,0.0,icmp,1591484100,2020-06-06 22:55:00+00:00
59259690,jinan-telecom,wuhan-telecom,40.5732,0.0,icmp,1591484220,2020-06-06 22:57:00+00:00
59259915,jinan-telecom,wuhan-telecom,40.7035,0.0,icmp,1591484340,2020-06-06 22:59:00+00:00
59260134,jinan-telecom,wuhan-telecom,40.8797,0.0,icmp,1591484460,2020-06-06 23:01:00+00:00
59260375,jinan-telecom,wuhan-telecom,40.5706,0.0,icmp,1591484580,2020-06-06 23:03:00+00:00
59260594,jinan-telecom,wuhan-telecom,41.6928,0.0,icmp,1591484700,2020-06-06 23:05:00+00:00
59260817,jinan-telecom,wuhan-telecom,41.7111,0.0,icmp,1591484820,2020-06-06 23:07:00+00:00
59261051,jinan-telecom,wuhan-telecom,40.5585,0.0,icmp,1591484940,2020-06-06 23:09:00+00:00
59261300,jinan-telecom,wuhan-telecom,42.3699,0.0,icmp,1591485060,2020-06-06 23:11:00+00:00
59261519,jinan-telecom,wuhan-telecom,40.7121,0.0,icmp,1591485180,2020-06-06 23:13:00+00:00
59261769,jinan-telecom,wuhan-telecom,40.482,0.0,icmp,1591485300,2020-06-06 23:15:00+00:00
59261979,jinan-telecom,wuhan-telecom,39.4502,0.0,icmp,1591485439,2020-06-06 23:17:19+00:00
59262222,jinan-telecom,wuhan-telecom,41.1317,0.0,icmp,1591485540,2020-06-06 23:19:00+00:00
59262433,jinan-telecom,wuhan-telecom,40.5211,0.0,icmp,1591485660,2020-06-06 23:21:00+00:00
59262671,jinan-telecom,wuhan-telecom,39.5605,0.0,icmp,1591485799,2020-06-06 23:23:19+00:00
59262886,jinan-telecom,wuhan-telecom,40.6109,0.0,icmp,1591485900,2020-06-06 23:25:00+00:00
59263120,jinan-telecom,wuhan-telecom,40.8951,0.0,icmp,1591486020,2020-06-06 23:27:00+00:00
59263365,jinan-telecom,wuhan-telecom,41.4188,0.0,icmp,1591486140,2020-06-06 23:29:00+00:00
59263589,jinan-telecom,wuhan-telecom,39.4847,0.0,icmp,1591486279,2020-06-06 23:31:19+00:00
59263802,jinan-telecom,wuhan-telecom,40.9443,0.0,icmp,1591486380,2020-06-06 23:33:00+00:00
59264044,jinan-telecom,wuhan-telecom,40.0354,0.0,icmp,1591486500,2020-06-06 23:35:00+00:00
59264264,jinan-telecom,wuhan-telecom,40.486,0.0,icmp,1591486620,2020-06-06 23:37:00+00:00
59264488,jinan-telecom,wuhan-telecom,39.6139,0.0,icmp,1591486745,2020-06-06 23:39:05+00:00
59264717,jinan-telecom,wuhan-telecom,39.4422,0.0,icmp,1591486879,2020-06-06 23:41:19+00:00
59264948,jinan-telecom,wuhan-telecom,43.7174,0.0,icmp,1591486980,2020-06-06 23:43:00+00:00
59265195,jinan-telecom,wuhan-telecom,39.5343,0.0,icmp,1591487119,2020-06-06 23:45:19+00:00
59265405,jinan-telecom,wuhan-telecom,40.7806,0.0,icmp,1591487220,2020-06-06 23:47:00+00:00
59265645,jinan-telecom,wuhan-telecom,39.5441,0.0,icmp,1591487359,2020-06-06 23:49:19+00:00
59265870,jinan-telecom,wuhan-telecom,41.3312,0.0,icmp,1591487460,2020-06-06 23:51:00+00:00
59266094,jinan-telecom,wuhan-telecom,42.6208,0.0,icmp,1591487580,2020-06-06 23:53:00+00:00
59266321,jinan-telecom,wuhan-telecom,40.2098,0.0,icmp,1591487700,2020-06-06 23:55:00+00:00
59266558,jinan-telecom,wuhan-telecom,41.8134,0.0,icmp,1591487820,2020-06-06 23:57:00+00:00
59266798,jinan-telecom,wuhan-telecom,42.4826,0.0,icmp,1591487940,2020-06-06 23:59:00+00:00
59267007,jinan-telecom,wuhan-telecom,40.8221,0.0,icmp,1591488060,2020-06-07 00:01:00+00:00
59267241,jinan-telecom,wuhan-telecom,41.1837,0.0,icmp,1591488180,2020-06-07 00:03:00+00:00
59267463,jinan-telecom,wuhan-telecom,40.1054,0.0,icmp,1591488300,2020-06-07 00:05:00+00:00
59267711,jinan-telecom,wuhan-telecom,39.4819,0.0,icmp,1591488439,2020-06-07 00:07:19+00:00
59267931,jinan-telecom,wuhan-telecom,40.7275,0.0,icmp,1591488540,2020-06-07 00:09:00+00:00
59268168,jinan-telecom,wuhan-telecom,39.4655,0.0,icmp,1591488679,2020-06-07 00:11:19+00:00
59268378,jinan-telecom,wuhan-telecom,40.5535,0.0,icmp,1591488780,2020-06-07 00:13:00+00:00
59268603,jinan-telecom,wuhan-telecom,39.43,0.0,icmp,1591488919,2020-06-07 00:15:19+00:00
59268854,jinan-telecom,wuhan-telecom,42.4585,0.0,icmp,1591489020,2020-06-07 00:17:00+00:00
59269078,jinan-telecom,wuhan-telecom,41.3694,0.0,icmp,1591489140,2020-06-07 00:19:00+00:00
59269302,jinan-telecom,wuhan-telecom,40.9426,0.0,icmp,1591489260,2020-06-07 00:21:00+00:00
59269538,jinan-telecom,wuhan-telecom,42.8162,0.0,icmp,1591489380,2020-06-07 00:23:00+00:00
59269766,jinan-telecom,wuhan-telecom,40.1159,0.0,icmp,1591489500,2020-06-07 00:25:00+00:00
59269991,jinan-telecom,wuhan-telecom,39.7962,0.0,icmp,1591489620,2020-06-07 00:27:00+00:00
59270207,jinan-telecom,wuhan-telecom,41.1379,0.0,icmp,1591489740,2020-06-07 00:29:00+00:00
59270460,jinan-telecom,wuhan-telecom,39.4815,0.0,icmp,1591489819,2020-06-07 00:30:19+00:00
59270688,jinan-telecom,wuhan-telecom,39.5719,0.0,icmp,1591489999,2020-06-07 00:33:19+00:00
59270908,jinan-telecom,wuhan-telecom,41.3883,0.0,icmp,1591490100,2020-06-07 00:35:00+00:00
59271148,jinan-telecom,wuhan-telecom,41.5968,0.0,icmp,1591490220,2020-06-07 00:37:00+00:00
59271383,jinan-telecom,wuhan-telecom,40.9959,0.0,icmp,1591490340,2020-06-07 00:39:00+00:00
59271590,jinan-telecom,wuhan-telecom,40.324,0.0,icmp,1591490460,2020-06-07 00:41:00+00:00
59271824,jinan-telecom,wuhan-telecom,41.3104,0.0,icmp,1591490580,2020-06-07 00:43:00+00:00
59272064,jinan-telecom,wuhan-telecom,39.478,0.0,icmp,1591490659,2020-06-07 00:44:19+00:00
59272298,jinan-telecom,wuhan-telecom,40.3746,0.0,icmp,1591490820,2020-06-07 00:47:00+00:00
59272514,jinan-telecom,wuhan-telecom,39.6512,0.0,icmp,1591490959,2020-06-07 00:49:19+00:00
59272733,jinan-telecom,wuhan-telecom,40.1113,0.0,icmp,1591491060,2020-06-07 00:51:00+00:00
59272963,jinan-telecom,wuhan-telecom,43.3778,0.0,icmp,1591491180,2020-06-07 00:53:00+00:00
59273187,jinan-telecom,wuhan-telecom,39.4877,0.0,icmp,1591491259,2020-06-07 00:54:19+00:00
59273425,jinan-telecom,wuhan-telecom,41.5497,0.0,icmp,1591491420,2020-06-07 00:57:00+00:00
59273664,jinan-telecom,wuhan-telecom,40.2053,0.0,icmp,1591491540,2020-06-07 00:59:00+00:00
59273869,jinan-telecom,wuhan-telecom,39.513,0.0,icmp,1591491619,2020-06-07 01:00:19+00:00
59274107,jinan-telecom,wuhan-telecom,39.5207,0.0,icmp,1591491739,2020-06-07 01:02:19+00:00
59274341,jinan-telecom,wuhan-telecom,41.7219,0.0,icmp,1591491900,2020-06-07 01:05:00+00:00
59274589,jinan-telecom,wuhan-telecom,40.7705,0.0,icmp,1591492020,2020-06-07 01:07:00+00:00
59274789,jinan-telecom,wuhan-telecom,41.6193,0.0,icmp,1591492140,2020-06-07 01:09:00+00:00
59275013,jinan-telecom,wuhan-telecom,41.1803,0.0,icmp,1591492260,2020-06-07 01:11:00+00:00
59275248,jinan-telecom,wuhan-telecom,39.9174,0.0,icmp,1591492380,2020-06-07 01:13:00+00:00
59275477,jinan-telecom,wuhan-telecom,40.4216,0.0,icmp,1591492500,2020-06-07 01:15:00+00:00
59275714,jinan-telecom,wuhan-telecom,39.4953,0.0,icmp,1591492639,2020-06-07 01:17:19+00:00
59275949,jinan-telecom,wuhan-telecom,39.5737,0.0,icmp,1591492740,2020-06-07 01:19:00+00:00
59276166,jinan-telecom,wuhan-telecom,39.5237,0.0,icmp,1591492819,2020-06-07 01:20:19+00:00
59276416,jinan-telecom,wuhan-telecom,39.579,0.0,icmp,1591492999,2020-06-07 01:23:19+00:00
59276635,jinan-telecom,wuhan-telecom,39.7218,0.0,icmp,1591493100,2020-06-07 01:25:00+00:00
59276842,jinan-telecom,wuhan-telecom,43.2682,0.0,icmp,1591493220,2020-06-07 01:27:00+00:00
59277072,jinan-telecom,wuhan-telecom,40.191,0.0,icmp,1591493340,2020-06-07 01:29:00+00:00
59277320,jinan-telecom,wuhan-telecom,40.7616,0.0,icmp,1591493460,2020-06-07 01:31:00+00:00
59277541,jinan-telecom,wuhan-telecom,39.5055,0.0,icmp,1591493539,2020-06-07 01:32:19+00:00
59277785,jinan-telecom,wuhan-telecom,39.9372,0.0,icmp,1591493700,2020-06-07 01:35:00+00:00
59277992,jinan-telecom,wuhan-telecom,40.555,0.0,icmp,1591493820,2020-06-07 01:37:00+00:00
59278215,jinan-telecom,wuhan-telecom,39.9569,0.0,icmp,1591493940,2020-06-07 01:39:00+00:00
59278461,jinan-telecom,wuhan-telecom,39.5252,0.0,icmp,1591494019,2020-06-07 01:40:19+00:00
59278681,jinan-telecom,wuhan-telecom,40.7214,0.0,icmp,1591494180,2020-06-07 01:43:00+00:00
59278930,jinan-telecom,wuhan-telecom,39.546,0.0,icmp,1591494259,2020-06-07 01:44:19+00:00
59279149,jinan-telecom,wuhan-telecom,39.448,0.0,icmp,1591494439,2020-06-07 01:47:19+00:00
59279371,jinan-telecom,wuhan-telecom,41.6861,0.0,icmp,1591494540,2020-06-07 01:49:00+00:00
59279598,jinan-telecom,wuhan-telecom,40.2962,0.0,icmp,1591494660,2020-06-07 01:51:00+00:00
59279832,jinan-telecom,wuhan-telecom,42.589,0.0,icmp,1591494780,2020-06-07 01:53:00+00:00
59280052,jinan-telecom,wuhan-telecom,40.632,0.0,icmp,1591494900,2020-06-07 01:55:00+00:00
59280283,jinan-telecom,wuhan-telecom,40.013,0.0,icmp,1591495020,2020-06-07 01:57:00+00:00
59280526,jinan-telecom,wuhan-telecom,40.765,0.0,icmp,1591495140,2020-06-07 01:59:00+00:00
59280748,jinan-telecom,wuhan-telecom,41.4193,0.0,icmp,1591495260,2020-06-07 02:01:00+00:00
59280998,jinan-telecom,wuhan-telecom,39.8243,0.0,icmp,1591495380,2020-06-07 02:03:00+00:00
59281216,jinan-telecom,wuhan-telecom,39.8063,0.0,icmp,1591495505,2020-06-07 02:05:05+00:00
59281448,jinan-telecom,wuhan-telecom,39.4838,0.0,icmp,1591495639,2020-06-07 02:07:19+00:00
59281665,jinan-telecom,wuhan-telecom,40.6175,0.0,icmp,1591495740,2020-06-07 02:09:00+00:00
59281901,jinan-telecom,wuhan-telecom,39.4705,0.0,icmp,1591495819,2020-06-07 02:10:19+00:00
59282140,jinan-telecom,wuhan-telecom,41.136,0.0,icmp,1591495980,2020-06-07 02:13:00+00:00
59282343,jinan-telecom,wuhan-telecom,40.5104,0.0,icmp,1591496100,2020-06-07 02:15:00+00:00
59282579,jinan-telecom,wuhan-telecom,39.4775,0.0,icmp,1591496239,2020-06-07 02:17:19+00:00
59282810,jinan-telecom,wuhan-telecom,41.4152,0.0,icmp,1591496340,2020-06-07 02:19:00+00:00
59283039,jinan-telecom,wuhan-telecom,39.5079,0.0,icmp,1591496479,2020-06-07 02:21:19+00:00
59283272,jinan-telecom,wuhan-telecom,40.5794,0.0,icmp,1591496580,2020-06-07 02:23:00+00:00
59283516,jinan-telecom,wuhan-telecom,39.5201,0.0,icmp,1591496659,2020-06-07 02:24:19+00:00
59283714,jinan-telecom,wuhan-telecom,40.2694,0.0,icmp,1591496820,2020-06-07 02:27:00+00:00
59283966,jinan-telecom,wuhan-telecom,39.9808,0.0,icmp,1591496940,2020-06-07 02:29:00+00:00
59284185,jinan-telecom,wuhan-telecom,42.0296,0.0,icmp,1591497060,2020-06-07 02:31:00+00:00
59284404,jinan-telecom,wuhan-telecom,41.8074,0.0,icmp,1591497180,2020-06-07 02:33:00+00:00
59284648,jinan-telecom,wuhan-telecom,42.5217,0.0,icmp,1591497300,2020-06-07 02:35:00+00:00
59284867,jinan-telecom,wuhan-telecom,40.5364,0.0,icmp,1591497420,2020-06-07 02:37:00+00:00
63045032,jinan-telecom,wuhan-telecom,41.1164,0.0,icmp,1591435680,2020-06-06 09:28:00+00:00
63045256,jinan-telecom,wuhan-telecom,41.241,0.0,icmp,1591435800,2020-06-06 09:30:00+00:00
63045488,jinan-telecom,wuhan-telecom,41.3226,0.0,icmp,1591435920,2020-06-06 09:32:00+00:00
63045698,jinan-telecom,wuhan-telecom,40.8102,0.0,icmp,1591436040,2020-06-06 09:34:00+00:00
63045916,jinan-telecom,wuhan-telecom,42.6188,0.0,icmp,1591436160,2020-06-06 09:36:00+00:00
63046180,jinan-telecom,wuhan-telecom,41.2507,0.0,icmp,1591436280,2020-06-06 09:38:00+00:00
63046413,jinan-telecom,wuhan-telecom,40.7699,0.0,icmp,1591436400,2020-06-06 09:40:00+00:00
63046627,jinan-telecom,wuhan-telecom,41.6376,0.0,icmp,1591436520,2020-06-06 09:42:00+00:00
63046842,jinan-telecom,wuhan-telecom,41.2053,0.0,icmp,1591436640,2020-06-06 09:44:00+00:00
63047067,jinan-telecom,wuhan-telecom,42.4243,0.0,icmp,1591436760,2020-06-06 09:46:00+00:00
63047294,jinan-telecom,wuhan-telecom,42.1542,0.0,icmp,1591436880,2020-06-06 09:48:00+00:00
63047528,jinan-telecom,wuhan-telecom,40.6194,0.0,icmp,1591437000,2020-06-06 09:50:00+00:00
63047768,jinan-telecom,wuhan-telecom,41.5079,0.0,icmp,1591437120,2020-06-06 09:52:00+00:00
63048010,jinan-telecom,wuhan-telecom,39.8575,0.0,icmp,1591437240,2020-06-06 09:54:00+00:00
63048231,jinan-telecom,wuhan-telecom,40.6375,0.0,icmp,1591437360,2020-06-06 09:56:00+00:00
63048449,jinan-telecom,wuhan-telecom,39.7578,0.0,icmp,1591437439,2020-06-06 09:57:19+00:00
63048691,jinan-telecom,wuhan-telecom,39.7504,0.0,icmp,1591437559,2020-06-06 09:59:19+00:00
63048918,jinan-telecom,wuhan-telecom,39.7685,0.0,icmp,1591437739,2020-06-06 10:02:19+00:00
63049124,jinan-telecom,wuhan-telecom,40.2058,0.0,icmp,1591437840,2020-06-06 10:04:00+00:00
63049378,jinan-telecom,wuhan-telecom,42.064,0.0,icmp,1591437960,2020-06-06 10:06:00+00:00
63049587,jinan-telecom,wuhan-telecom,40.4559,0.0,icmp,1591438080,2020-06-06 10:08:00+00:00
63049826,jinan-telecom,wuhan-telecom,41.7793,0.0,icmp,1591438200,2020-06-06 10:10:00+00:00
63050068,jinan-telecom,wuhan-telecom,41.9772,0.0,icmp,1591438320,2020-06-06 10:12:00+00:00
63050306,jinan-telecom,wuhan-telecom,40.7315,0.0,icmp,1591438440,2020-06-06 10:14:00+00:00
63050517,jinan-telecom,wuhan-telecom,41.1936,0.0,icmp,1591438560,2020-06-06 10:16:00+00:00
63050760,jinan-telecom,wuhan-telecom,42.1125,0.0,icmp,1591438680,2020-06-06 10:18:00+00:00
63050986,jinan-telecom,wuhan-telecom,39.7221,0.0,icmp,1591438759,2020-06-06 10:19:19+00:00
63051199,jinan-telecom,wuhan-telecom,41.009,0.0,icmp,1591438920,2020-06-06 10:22:00+00:00
63051418,jinan-telecom,wuhan-telecom,41.9058,0.0,icmp,1591439040,2020-06-06 10:24:00+00:00
63051655,jinan-telecom,wuhan-telecom,41.0181,0.0,icmp,1591439160,2020-06-06 10:26:00+00:00
63051888,jinan-telecom,wuhan-telecom,41.0218,0.0,icmp,1591439280,2020-06-06 10:28:00+00:00
63052128,jinan-telecom,wuhan-telecom,39.8372,0.0,icmp,1591439400,2020-06-06 10:30:00+00:00
63052337,jinan-telecom,wuhan-telecom,41.1655,0.0,icmp,1591439520,2020-06-06 10:32:00+00:00
63052570,jinan-telecom,wuhan-telecom,39.7717,0.0,icmp,1591439659,2020-06-06 10:34:19+00:00
63052812,jinan-telecom,wuhan-telecom,41.5251,0.0,icmp,1591439760,2020-06-06 10:36:00+00:00
63053031,jinan-telecom,wuhan-telecom,39.8031,0.0,icmp,1591439839,2020-06-06 10:37:19+00:00
63053251,jinan-telecom,wuhan-telecom,40.5514,0.0,icmp,1591440000,2020-06-06 10:40:00+00:00
63053470,jinan-telecom,wuhan-telecom,39.8228,0.0,icmp,1591440139,2020-06-06 10:42:19+00:00
63053724,jinan-telecom,wuhan-telecom,41.3042,0.0,icmp,1591440240,2020-06-06 10:44:00+00:00
63053965,jinan-telecom,wuhan-telecom,41.3314,0.0,icmp,1591440360,2020-06-06 10:46:00+00:00
63054192,jinan-telecom,wuhan-telecom,40.9003,0.0,icmp,1591440480,2020-06-06 10:48:00+00:00
63054419,jinan-telecom,wuhan-telecom,39.7856,0.0,icmp,1591440559,2020-06-06 10:49:19+00:00
63054637,jinan-telecom,wuhan-telecom,40.1557,0.0,icmp,1591440720,2020-06-06 10:52:00+00:00
63054861,jinan-telecom,wuhan-telecom,41.6292,0.0,icmp,1591440840,2020-06-06 10:54:00+00:00
63055082,jinan-telecom,wuhan-telecom,39.7,0.0,icmp,1591440979,2020-06-06 10:56:19+00:00
63055316,jinan-telecom,wuhan-telecom,43.2115,0.0,icmp,1591441080,2020-06-06 10:58:00+00:00
63055565,jinan-telecom,wuhan-telecom,41.0606,0.0,icmp,1591441200,2020-06-06 11:00:00+00:00
63055773,jinan-telecom,wuhan-telecom,41.2655,0.0,icmp,1591441320,2020-06-06 11:02:00+00:00
63055999,jinan-telecom,wuhan-telecom,40.4489,0.0,icmp,1591441440,2020-06-06 11:04:00+00:00
63056228,jinan-telecom,wuhan-telecom,40.4736,0.0,icmp,1591441560,2020-06-06 11:06:00+00:00
63056465,jinan-telecom,wuhan-telecom,40.4439,0.0,icmp,1591441680,2020-06-06 11:08:00+00:00
63056701,jinan-telecom,wuhan-telecom,41.2605,0.0,icmp,1591441800,2020-06-06 11:10:00+00:00
63056913,jinan-telecom,wuhan-telecom,39.7695,0.0,icmp,1591441879,2020-06-06 11:11:19+00:00
63057163,jinan-telecom,wuhan-telecom,39.7683,0.0,icmp,1591442059,2020-06-06 11:14:19+00:00
63057373,jinan-telecom,wuhan-telecom,39.8159,0.0,icmp,1591442179,2020-06-06 11:16:19+00:00
63057605,jinan-telecom,wuhan-telecom,41.3778,0.0,icmp,1591442280,2020-06-06 11:18:00+00:00
63057853,jinan-telecom,wuhan-telecom,43.0505,0.0,icmp,1591442400,2020-06-06 11:20:00+00:00
63058067,jinan-telecom,wuhan-telecom,41.0116,0.0,icmp,1591442520,2020-06-06 11:22:00+00:00
63058298,jinan-telecom,wuhan-telecom,40.8879,0.0,icmp,1591442640,2020-06-06 11:24:00+00:00
63058538,jinan-telecom,wuhan-telecom,42.5429,0.0,icmp,1591442760,2020-06-06 11:26:00+00:00
63058764,jinan-telecom,wuhan-telecom,39.7176,0.0,icmp,1591442839,2020-06-06 11:27:19+00:00
63058984,jinan-telecom,wuhan-telecom,39.7495,0.0,icmp,1591443019,2020-06-06 11:30:19+00:00
63059202,jinan-telecom,wuhan-telecom,39.7904,0.0,icmp,1591443139,2020-06-06 11:32:19+00:00
63059436,jinan-telecom,wuhan-telecom,41.6238,0.0,icmp,1591443240,2020-06-06 11:34:00+00:00
63059683,jinan-telecom,wuhan-telecom,41.3191,0.0,icmp,1591443360,2020-06-06 11:36:00+00:00
63059897,jinan-telecom,wuhan-telecom,39.7544,0.0,icmp,1591443439,2020-06-06 11:37:19+00:00
63060128,jinan-telecom,wuhan-telecom,40.6494,0.0,icmp,1591443600,2020-06-06 11:40:00+00:00
63060363,jinan-telecom,wuhan-telecom,40.9226,0.0,icmp,1591443720,2020-06-06 11:42:00+00:00
63060594,jinan-telecom,wuhan-telecom,41.9543,0.0,icmp,1591443840,2020-06-06 11:44:00+00:00
63060833,jinan-telecom,wuhan-telecom,40.8253,0.0,icmp,1591443960,2020-06-06 11:46:00+00:00
63061065,jinan-telecom,wuhan-telecom,41.6365,0.0,icmp,1591444080,2020-06-06 11:48:00+00:00
63061263,jinan-telecom,wuhan-telecom,42.1327,0.0,icmp,1591444200,2020-06-06 11:50:00+00:00
63061521,jinan-telecom,wuhan-telecom,39.7345,0.0,icmp,1591444279,2020-06-06 11:51:19+00:00
63061727,jinan-telecom,wuhan-telecom,39.7651,0.0,icmp,1591444399,2020-06-06 11:53:19+00:00
63061968,jinan-telecom,wuhan-telecom,41.6388,0.0,icmp,1591444560,2020-06-06 11:56:00+00:00
63062195,jinan-telecom,wuhan-telecom,43.9367,0.0,icmp,1591444680,2020-06-06 11:58:00+00:00
63062428,jinan-telecom,wuhan-telecom,42.1877,0.0,icmp,1591444800,2020-06-06 12:00:00+00:00
63062661,jinan-telecom,wuhan-telecom,40.0342,0.0,icmp,1591444920,2020-06-06 12:02:00+00:00
63062869,jinan-telecom,wuhan-telecom,41.2891,0.0,icmp,1591445040,2020-06-06 12:04:00+00:00
63063119,jinan-telecom,wuhan-telecom,39.7494,0.0,icmp,1591445179,2020-06-06 12:06:19+00:00
63063328,jinan-telecom,wuhan-telecom,41.6357,0.0,icmp,1591445280,2020-06-06 12:08:00+00:00
63063563,jinan-telecom,wuhan-telecom,39.867,0.0,icmp,1591445359,2020-06-06 12:09:19+00:00
63063805,jinan-telecom,wuhan-telecom,39.8783,0.0,icmp,1591445520,2020-06-06 12:12:00+00:00
63064045,jinan-telecom,wuhan-telecom,39.7776,0.0,icmp,1591445599,2020-06-06 12:13:19+00:00
63064261,jinan-telecom,wuhan-telecom,39.7808,0.0,icmp,1591445779,2020-06-06 12:16:19+00:00
63064487,jinan-telecom,wuhan-telecom,41.1379,2.0,icmp,1591445880,2020-06-06 12:18:00+00:00
63064698,jinan-telecom,wuhan-telecom,40.6983,0.0,icmp,1591446000,2020-06-06 12:20:00+00:00
63064939,jinan-telecom,wuhan-telecom,40.9839,0.0,icmp,1591446120,2020-06-06 12:22:00+00:00
63065182,jinan-telecom,wuhan-telecom,40.7313,0.0,icmp,1591446240,2020-06-06 12:24:00+00:00
63065404,jinan-telecom,wuhan-telecom,39.5144,0.0,icmp,1591446379,2020-06-06 12:26:19+00:00
63065623,jinan-telecom,wuhan-telecom,43.0488,0.0,icmp,1591446480,2020-06-06 12:28:00+00:00
63065847,jinan-telecom,wuhan-telecom,41.7522,0.0,icmp,1591446600,2020-06-06 12:30:00+00:00
63066075,jinan-telecom,wuhan-telecom,40.3822,0.0,icmp,1591446720,2020-06-06 12:32:00+00:00
63066318,jinan-telecom,wuhan-telecom,40.8988,0.0,icmp,1591446840,2020-06-06 12:34:00+00:00
63066548,jinan-telecom,wuhan-telecom,39.5884,0.0,icmp,1591446904,2020-06-06 12:35:04+00:00
63066764,jinan-telecom,wuhan-telecom,40.6008,0.0,icmp,1591447080,2020-06-06 12:38:00+00:00
63067003,jinan-telecom,wuhan-telecom,42.1044,0.0,icmp,1591447200,2020-06-06 12:40:00+00:00
63067229,jinan-telecom,wuhan-telecom,43.0769,0.0,icmp,1591447320,2020-06-06 12:42:00+00:00
63067472,jinan-telecom,wuhan-telecom,40.7971,0.0,icmp,1591447440,2020-06-06 12:44:00+00:00
63067703,jinan-telecom,wuhan-telecom,41.7096,0.0,icmp,1591447560,2020-06-06 12:46:00+00:00
63067919,jinan-telecom,wuhan-telecom,42.8435,0.0,icmp,1591447680,2020-06-06 12:48:00+00:00
63068148,jinan-telecom,wuhan-telecom,41.302,0.0,icmp,1591447800,2020-06-06 12:50:00+00:00
63068389,jinan-telecom,wuhan-telecom,40.7228,0.0,icmp,1591447920,2020-06-06 12:52:00+00:00
63068637,jinan-telecom,wuhan-telecom,40.4158,0.0,icmp,1591448040,2020-06-06 12:54:00+00:00
63068844,jinan-telecom,wuhan-telecom,40.5344,0.0,icmp,1591448160,2020-06-06 12:56:00+00:00
63069069,jinan-telecom,wuhan-telecom,39.5282,0.0,icmp,1591448299,2020-06-06 12:58:19+00:00
63069285,jinan-telecom,wuhan-telecom,40.8924,0.0,icmp,1591448400,2020-06-06 13:00:00+00:00
63069511,jinan-telecom,wuhan-telecom,39.4814,0.0,icmp,1591448539,2020-06-06 13:02:19+00:00
63069753,jinan-telecom,wuhan-telecom,41.1459,0.0,icmp,1591448640,2020-06-06 13:04:00+00:00
63069978,jinan-telecom,wuhan-telecom,42.1424,0.0,icmp,1591448760,2020-06-06 13:06:00+00:00
63070216,jinan-telecom,wuhan-telecom,39.62,0.0,icmp,1591448825,2020-06-06 13:07:05+00:00
63070434,jinan-telecom,wuhan-telecom,40.6081,0.0,icmp,1591449000,2020-06-06 13:10:00+00:00
63070668,jinan-telecom,wuhan-telecom,39.9615,0.0,icmp,1591449120,2020-06-06 13:12:00+00:00
63070899,jinan-telecom,wuhan-telecom,40.6683,0.0,icmp,1591449240,2020-06-06 13:14:00+00:00
63071130,jinan-telecom,wuhan-telecom,40.8104,0.0,icmp,1591449360,2020-06-06 13:16:00+00:00
63071360,jinan-telecom,wuhan-telecom,40.5972,0.0,icmp,1591449480,2020-06-06 13:18:00+00:00
63071587,jinan-telecom,wuhan-telecom,39.5252,0.0,icmp,1591449559,2020-06-06 13:19:19+00:00
63071803,jinan-telecom,wuhan-telecom,39.9841,0.0,icmp,1591449720,2020-06-06 13:22:00+00:00
63072044,jinan-telecom,wuhan-telecom,39.5557,0.0,icmp,1591449799,2020-06-06 13:23:19+00:00
63072281,jinan-telecom,wuhan-telecom,39.5208,0.0,icmp,1591449979,2020-06-06 13:26:19+00:00
63072492,jinan-telecom,wuhan-telecom,40.1096,0.0,icmp,1591450080,2020-06-06 13:28:00+00:00
63072731,jinan-telecom,wuhan-telecom,39.5193,0.0,icmp,1591450159,2020-06-06 13:29:19+00:00
63072980,jinan-telecom,wuhan-telecom,41.4601,0.0,icmp,1591450320,2020-06-06 13:32:00+00:00
63073212,jinan-telecom,wuhan-telecom,40.596,0.0,icmp,1591450440,2020-06-06 13:34:00+00:00
63073417,jinan-telecom,wuhan-telecom,40.1489,0.0,icmp,1591450560,2020-06-06 13:36:00+00:00
63073637,jinan-telecom,wuhan-telecom,40.7183,0.0,icmp,1591450680,2020-06-06 13:38:00+00:00
63073858,jinan-telecom,wuhan-telecom,40.6635,0.0,icmp,1591450800,2020-06-06 13:40:00+00:00
63074111,jinan-telecom,wuhan-telecom,39.5075,0.0,icmp,1591450879,2020-06-06 13:41:19+00:00
63074318,jinan-telecom,wuhan-telecom,42.5571,0.0,icmp,1591451040,2020-06-06 13:44:00+00:00
63074527,jinan-telecom,wuhan-telecom,39.4693,0.0,icmp,1591451119,2020-06-06 13:45:19+00:00
63074779,jinan-telecom,wuhan-telecom,41.6596,0.0,icmp,1591451280,2020-06-06 13:48:00+00:00
63075022,jinan-telecom,wuhan-telecom,41.0,0.0,icmp,1591451400,2020-06-06 13:50:00+00:00
63075232,jinan-telecom,wuhan-telecom,39.5649,0.0,icmp,1591451539,2020-06-06 13:52:19+00:00
63075458,jinan-telecom,wuhan-telecom,41.46,0.0,icmp,1591451640,2020-06-06 13:54:00+00:00
63075706,jinan-telecom,wuhan-telecom,40.9493,0.0,icmp,1591451760,2020-06-06 13:56:00+00:00
63075920,jinan-telecom,wuhan-telecom,41.15,0.0,icmp,1591451880,2020-06-06 13:58:00+00:00
63076149,jinan-telecom,wuhan-telecom,41.0117,0.0,icmp,1591452000,2020-06-06 14:00:00+00:00
63076397,jinan-telecom,wuhan-telecom,40.9985,0.0,icmp,1591452120,2020-06-06 14:02:00+00:00
63076613,jinan-telecom,wuhan-telecom,40.0912,0.0,icmp,1591452240,2020-06-06 14:04:00+00:00
63076838,jinan-telecom,wuhan-telecom,41.4038,0.0,icmp,1591452360,2020-06-06 14:06:00+00:00
63077081,jinan-telecom,wuhan-telecom,40.8834,0.0,icmp,1591452480,2020-06-06 14:08:00+00:00
63077313,jinan-telecom,wuhan-telecom,39.4979,0.0,icmp,1591452559,2020-06-06 14:09:19+00:00
63077551,jinan-telecom,wuhan-telecom,39.6058,0.0,icmp,1591452679,2020-06-06 14:11:19+00:00
63077765,jinan-telecom,wuhan-telecom,40.1397,0.0,icmp,1591452840,2020-06-06 14:14:00+00:00
63078003,jinan-telecom,wuhan-telecom,39.9522,0.0,icmp,1591452960,2020-06-06 14:16:00+00:00
63078214,jinan-telecom,wuhan-telecom,40.5738,0.0,icmp,1591453080,2020-06-06 14:18:00+00:00
63078438,jinan-telecom,wuhan-telecom,41.4061,0.0,icmp,1591453200,2020-06-06 14:20:00+00:00
63078681,jinan-telecom,wuhan-telecom,40.4666,0.0,icmp,1591453320,2020-06-06 14:22:00+00:00
63078907,jinan-telecom,wuhan-telecom,40.6767,0.0,icmp,1591453440,2020-06-06 14:24:00+00:00
63079135,jinan-telecom,wuhan-telecom,41.6283,0.0,icmp,1591453560,2020-06-06 14:26:00+00:00
63079385,jinan-telecom,wuhan-telecom,42.2839,0.0,icmp,1591453680,2020-06-06 14:28:00+00:00
63079602,jinan-telecom,wuhan-telecom,39.6108,0.0,icmp,1591453819,2020-06-06 14:30:19+00:00
63079821,jinan-telecom,wuhan-telecom,41.6039,0.0,icmp,1591453920,2020-06-06 14:32:00+00:00
63080062,jinan-telecom,wuhan-telecom,39.4853,0.0,icmp,1591454059,2020-06-06 14:34:19+00:00
63080280,jinan-telecom,wuhan-telecom,40.9208,0.0,icmp,1591454160,2020-06-06 14:36:00+00:00
63080502,jinan-telecom,wuhan-telecom,39.5104,0.0,icmp,1591454299,2020-06-06 14:38:19+00:00
63080743,jinan-telecom,wuhan-telecom,40.7295,0.0,icmp,1591454400,2020-06-06 14:40:00+00:00
63080985,jinan-telecom,wuhan-telecom,41.2699,0.0,icmp,1591454520,2020-06-06 14:42:00+00:00
63081202,jinan-telecom,wuhan-telecom,39.5327,0.0,icmp,1591454599,2020-06-06 14:43:19+00:00
63081433,jinan-telecom,wuhan-telecom,39.5173,0.0,icmp,1591454719,2020-06-06 14:45:19+00:00
63081651,jinan-telecom,wuhan-telecom,39.5212,0.0,icmp,1591454839,2020-06-06 14:47:19+00:00
63081895,jinan-telecom,wuhan-telecom,39.6451,0.0,icmp,1591454959,2020-06-06 14:49:19+00:00
63082090,jinan-telecom,wuhan-telecom,41.723,0.0,icmp,1591455120,2020-06-06 14:52:00+00:00
63082351,jinan-telecom,wuhan-telecom,40.7176,0.0,icmp,1591455240,2020-06-06 14:54:00+00:00
63082567,jinan-telecom,wuhan-telecom,40.4018,0.0,icmp,1591455360,2020-06-06 14:56:00+00:00
63082804,jinan-telecom,wuhan-telecom,44.1685,0.0,icmp,1591455480,2020-06-06 14:58:00+00:00
63083039,jinan-telecom,wuhan-telecom,39.5135,0.0,icmp,1591455619,2020-06-06 15:00:19+00:00
63083262,jinan-telecom,wuhan-telecom,39.505,0.0,icmp,1591455739,2020-06-06 15:02:19+00:00
63083478,jinan-telecom,wuhan-telecom,40.424,0.0,icmp,1591455840,2020-06-06 15:04:00+00:00
63083720,jinan-telecom,wuhan-telecom,42.2967,0.0,icmp,1591455960,2020-06-06 15:06:00+00:00
63083953,jinan-telecom,wuhan-telecom,39.5202,0.0,icmp,1591456099,2020-06-06 15:08:19+00:00
63084163,jinan-telecom,wuhan-telecom,41.0455,0.0,icmp,1591456200,2020-06-06 15:10:00+00:00
63084387,jinan-telecom,wuhan-telecom,39.5316,0.0,icmp,1591456339,2020-06-06 15:12:19+00:00
63084643,jinan-telecom,wuhan-telecom,41.7435,0.0,icmp,1591456440,2020-06-06 15:14:00+00:00
63084867,jinan-telecom,wuhan-telecom,39.5119,0.0,icmp,1591456579,2020-06-06 15:16:19+00:00
63085095,jinan-telecom,wuhan-telecom,40.7677,0.0,icmp,1591456680,2020-06-06 15:18:00+00:00
63085308,jinan-telecom,wuhan-telecom,40.4279,0.0,icmp,1591456800,2020-06-06 15:20:00+00:00
63085543,jinan-telecom,wuhan-telecom,39.7995,0.0,icmp,1591456920,2020-06-06 15:22:00+00:00
63085775,jinan-telecom,wuhan-telecom,39.7888,0.0,icmp,1591457040,2020-06-06 15:24:00+00:00
63086022,jinan-telecom,wuhan-telecom,39.5624,0.0,icmp,1591457105,2020-06-06 15:25:05+00:00
63086232,jinan-telecom,wuhan-telecom,39.6039,0.0,icmp,1591457239,2020-06-06 15:27:19+00:00
63086469,jinan-telecom,wuhan-telecom,39.6106,0.0,icmp,1591457359,2020-06-06 15:29:19+00:00
63086708,jinan-telecom,wuhan-telecom,39.4891,0.0,icmp,1591457539,2020-06-06 15:32:19+00:00
63086939,jinan-telecom,wuhan-telecom,41.5593,0.0,icmp,1591457640,2020-06-06 15:34:00+00:00
63087149,jinan-telecom,wuhan-telecom,40.2919,0.0,icmp,1591457760,2020-06-06 15:36:00+00:00
63087385,jinan-telecom,wuhan-telecom,40.7302,0.0,icmp,1591457880,2020-06-06 15:38:00+00:00
63087625,jinan-telecom,wuhan-telecom,40.506,0.0,icmp,1591458000,2020-06-06 15:40:00+00:00
63087844,jinan-telecom,wuhan-telecom,40.5044,0.0,icmp,1591458120,2020-06-06 15:42:00+00:00
63088078,jinan-telecom,wuhan-telecom,42.0021,0.0,icmp,1591458240,2020-06-06 15:44:00+00:00
63088308,jinan-telecom,wuhan-telecom,41.229,0.0,icmp,1591458360,2020-06-06 15:46:00+00:00
63088527,jinan-telecom,wuhan-telecom,42.7855,0.0,icmp,1591458480,2020-06-06 15:48:00+00:00
63088773,jinan-telecom,wuhan-telecom,42.0147,0.0,icmp,1591458600,2020-06-06 15:50:00+00:00
63088989,jinan-telecom,wuhan-telecom,43.0563,0.0,icmp,1591458720,2020-06-06 15:52:00+00:00
63089212,jinan-telecom,wuhan-telecom,41.318,0.0,icmp,1591458840,2020-06-06 15:54:00+00:00
63089431,jinan-telecom,wuhan-telecom,41.873,0.0,icmp,1591458960,2020-06-06 15:56:00+00:00
63089667,jinan-telecom,wuhan-telecom,40.5564,0.0,icmp,1591459080,2020-06-06 15:58:00+00:00
63089907,jinan-telecom,wuhan-telecom,41.022,0.0,icmp,1591459200,2020-06-06 16:00:00+00:00
63090132,jinan-telecom,wuhan-telecom,39.5171,0.0,icmp,1591459339,2020-06-06 16:02:19+00:00
63090346,jinan-telecom,wuhan-telecom,39.5129,0.0,icmp,1591459459,2020-06-06 16:04:19+00:00
63090610,jinan-telecom,wuhan-telecom,41.2761,0.0,icmp,1591459560,2020-06-06 16:06:00+00:00
63090815,jinan-telecom,wuhan-telecom,40.1828,0.0,icmp,1591459680,2020-06-06 16:08:00+00:00
63091036,jinan-telecom,wuhan-telecom,40.2515,0.0,icmp,1591459800,2020-06-06 16:10:00+00:00
63091262,jinan-telecom,wuhan-telecom,42.5213,0.0,icmp,1591459920,2020-06-06 16:12:00+00:00
63091511,jinan-telecom,wuhan-telecom,41.535,0.0,icmp,1591460040,2020-06-06 16:14:00+00:00
63091720,jinan-telecom,wuhan-telecom,39.5027,0.0,icmp,1591460179,2020-06-06 16:16:19+00:00
63091954,jinan-telecom,wuhan-telecom,40.9897,0.0,icmp,1591460280,2020-06-06 16:18:00+00:00
63092156,jinan-telecom,wuhan-telecom,41.0159,0.0,icmp,1591460400,2020-06-06 16:20:00+00:00
63092410,jinan-telecom,wuhan-telecom,39.5314,0.0,icmp,1591460539,2020-06-06 16:22:19+00:00
63092649,jinan-telecom,wuhan-telecom,40.1702,0.0,icmp,1591460640,2020-06-06 16:24:00+00:00
63092871,jinan-telecom,wuhan-telecom,41.4463,0.0,icmp,1591460760,2020-06-06 16:26:00+00:00
63093116,jinan-telecom,wuhan-telecom,41.926,0.0,icmp,1591460880,2020-06-06 16:28:00+00:00
63093342,jinan-telecom,wuhan-telecom,39.7953,0.0,icmp,1591461000,2020-06-06 16:30:00+00:00
63093568,jinan-telecom,wuhan-telecom,42.5261,0.0,icmp,1591461120,2020-06-06 16:32:00+00:00
63093791,jinan-telecom,wuhan-telecom,39.4834,0.0,icmp,1591461199,2020-06-06 16:33:19+00:00
63094017,jinan-telecom,wuhan-telecom,39.9183,0.0,icmp,1591461360,2020-06-06 16:36:00+00:00
63094251,jinan-telecom,wuhan-telecom,39.9229,0.0,icmp,1591461480,2020-06-06 16:38:00+00:00
63094471,jinan-telecom,wuhan-telecom,39.6489,0.0,icmp,1591461559,2020-06-06 16:39:19+00:00
63094706,jinan-telecom,wuhan-telecom,40.3847,0.0,icmp,1591461720,2020-06-06 16:42:00+00:00
63094950,jinan-telecom,wuhan-telecom,40.1705,0.0,icmp,1591461840,2020-06-06 16:44:00+00:00
63095170,jinan-telecom,wuhan-telecom,40.9264,0.0,icmp,1591461960,2020-06-06 16:46:00+00:00
63095406,jinan-telecom,wuhan-telecom,41.8195,0.0,icmp,1591462025,2020-06-06 16:47:05+00:00
63095635,jinan-telecom,wuhan-telecom,40.2998,0.0,icmp,1591462200,2020-06-06 16:50:00+00:00
63095868,jinan-telecom,wuhan-telecom,41.5261,0.0,icmp,1591462320,2020-06-06 16:52:00+00:00
63096074,jinan-telecom,wuhan-telecom,41.9396,0.0,icmp,1591462440,2020-06-06 16:54:00+00:00
63096302,jinan-telecom,wuhan-telecom,40.5604,0.0,icmp,1591462560,2020-06-06 16:56:00+00:00
63096547,jinan-telecom,wuhan-telecom,39.4814,0.0,icmp,1591462699,2020-06-06 16:58:19+00:00
63096759,jinan-telecom,wuhan-telecom,40.4566,0.0,icmp,1591462800,2020-06-06 17:00:00+00:00
63097001,jinan-telecom,wuhan-telecom,40.7351,0.0,icmp,1591462920,2020-06-06 17:02:00+00:00
63097239,jinan-telecom,wuhan-telecom,39.9738,0.0,icmp,1591463040,2020-06-06 17:04:00+00:00
63097473,jinan-telecom,wuhan-telecom,39.477,0.0,icmp,1591463179,2020-06-06 17:06:19+00:00
63097703,jinan-telecom,wuhan-telecom,39.8139,0.0,icmp,1591463280,2020-06-06 17:08:00+00:00
63097910,jinan-telecom,wuhan-telecom,41.2834,0.0,icmp,1591463400,2020-06-06 17:10:00+00:00
63098161,jinan-telecom,wuhan-telecom,40.5994,0.0,icmp,1591463520,2020-06-06 17:12:00+00:00
63098390,jinan-telecom,wuhan-telecom,42.4352,0.0,icmp,1591463640,2020-06-06 17:14:00+00:00
63098605,jinan-telecom,wuhan-telecom,42.319,0.0,icmp,1591463760,2020-06-06 17:16:00+00:00
63098843,jinan-telecom,wuhan-telecom,39.8109,0.0,icmp,1591463880,2020-06-06 17:18:00+00:00
63099062,jinan-telecom,wuhan-telecom,40.4263,0.0,icmp,1591464000,2020-06-06 17:20:00+00:00
63099280,jinan-telecom,wuhan-telecom,40.5896,0.0,icmp,1591464120,2020-06-06 17:22:00+00:00
63099534,jinan-telecom,wuhan-telecom,39.8462,0.0,icmp,1591464240,2020-06-06 17:24:00+00:00
63099761,jinan-telecom,wuhan-telecom,40.4253,0.0,icmp,1591464360,2020-06-06 17:26:00+00:00
63099965,jinan-telecom,wuhan-telecom,41.1705,0.0,icmp,1591464480,2020-06-06 17:28:00+00:00
63100209,jinan-telecom,wuhan-telecom,39.4785,0.0,icmp,1591464559,2020-06-06 17:29:19+00:00
63100433,jinan-telecom,wuhan-telecom,41.0216,0.0,icmp,1591464720,2020-06-06 17:32:00+00:00
63100656,jinan-telecom,wuhan-telecom,40.3644,0.0,icmp,1591464840,2020-06-06 17:34:00+00:00
63100879,jinan-telecom,wuhan-telecom,40.2541,0.0,icmp,1591464960,2020-06-06 17:36:00+00:00
63101115,jinan-telecom,wuhan-telecom,41.0815,0.0,icmp,1591465080,2020-06-06 17:38:00+00:00
63101329,jinan-telecom,wuhan-telecom,40.7278,0.0,icmp,1591465200,2020-06-06 17:40:00+00:00
63101584,jinan-telecom,wuhan-telecom,42.2975,0.0,icmp,1591465320,2020-06-06 17:42:00+00:00
63101819,jinan-telecom,wuhan-telecom,40.1455,0.0,icmp,1591465440,2020-06-06 17:44:00+00:00
63102027,jinan-telecom,wuhan-telecom,39.5377,0.0,icmp,1591465519,2020-06-06 17:45:19+00:00
63102267,jinan-telecom,wuhan-telecom,41.2193,0.0,icmp,1591465680,2020-06-06 17:48:00+00:00
63102500,jinan-telecom,wuhan-telecom,41.7171,0.0,icmp,1591465800,2020-06-06 17:50:00+00:00
63102743,jinan-telecom,wuhan-telecom,40.0212,0.0,icmp,1591465920,2020-06-06 17:52:00+00:00
63102940,jinan-telecom,wuhan-telecom,40.2304,0.0,icmp,1591466040,2020-06-06 17:54:00+00:00
63103171,jinan-telecom,wuhan-telecom,40.7497,0.0,icmp,1591466160,2020-06-06 17:56:00+00:00
63103414,jinan-telecom,wuhan-telecom,41.5577,0.0,icmp,1591466280,2020-06-06 17:58:00+00:00
63103653,jinan-telecom,wuhan-telecom,40.3026,0.0,icmp,1591466400,2020-06-06 18:00:00+00:00
63103884,jinan-telecom,wuhan-telecom,40.7509,0.0,icmp,1591466520,2020-06-06 18:02:00+00:00
63104091,jinan-telecom,wuhan-telecom,40.7794,0.0,icmp,1591466640,2020-06-06 18:04:00+00:00
63104328,jinan-telecom,wuhan-telecom,39.5089,0.0,icmp,1591466719,2020-06-06 18:05:19+00:00
63104543,jinan-telecom,wuhan-telecom,40.7107,0.0,icmp,1591466880,2020-06-06 18:08:00+00:00
63104808,jinan-telecom,wuhan-telecom,40.6035,0.0,icmp,1591467000,2020-06-06 18:10:00+00:00
63105027,jinan-telecom,wuhan-telecom,41.223,0.0,icmp,1591467120,2020-06-06 18:12:00+00:00
63105245,jinan-telecom,wuhan-telecom,39.5232,0.0,icmp,1591467199,2020-06-06 18:13:19+00:00
63105472,jinan-telecom,wuhan-telecom,41.4291,0.0,icmp,1591467360,2020-06-06 18:16:00+00:00
63105695,jinan-telecom,wuhan-telecom,39.4872,0.0,icmp,1591467439,2020-06-06 18:17:19+00:00
63105920,jinan-telecom,wuhan-telecom,41.3852,0.0,icmp,1591467600,2020-06-06 18:20:00+00:00
63106151,jinan-telecom,wuhan-telecom,39.5787,0.0,icmp,1591467665,2020-06-06 18:21:05+00:00
63106394,jinan-telecom,wuhan-telecom,40.9644,0.0,icmp,1591467840,2020-06-06 18:24:00+00:00
63106617,jinan-telecom,wuhan-telecom,39.5167,0.0,icmp,1591467979,2020-06-06 18:26:19+00:00
63106860,jinan-telecom,wuhan-telecom,41.0844,0.0,icmp,1591468080,2020-06-06 18:28:00+00:00
63107062,jinan-telecom,wuhan-telecom,42.3211,0.0,icmp,1591468200,2020-06-06 18:30:00+00:00
63107301,jinan-telecom,wuhan-telecom,41.2547,0.0,icmp,1591468320,2020-06-06 18:32:00+00:00
63107523,jinan-telecom,wuhan-telecom,39.838,0.0,icmp,1591468384,2020-06-06 18:33:04+00:00
63107770,jinan-telecom,wuhan-telecom,40.3956,0.0,icmp,1591468560,2020-06-06 18:36:00+00:00
63107996,jinan-telecom,wuhan-telecom,41.5291,0.0,icmp,1591468680,2020-06-06 18:38:00+00:00
63108229,jinan-telecom,wuhan-telecom,41.3099,0.0,icmp,1591468800,2020-06-06 18:40:00+00:00
63108459,jinan-telecom,wuhan-telecom,40.5937,0.0,icmp,1591468920,2020-06-06 18:42:00+00:00
63108668,jinan-telecom,wuhan-telecom,41.6496,0.0,icmp,1591469040,2020-06-06 18:44:00+00:00
63108914,jinan-telecom,wuhan-telecom,40.2283,0.0,icmp,1591469160,2020-06-06 18:46:00+00:00
63109128,jinan-telecom,wuhan-telecom,40.2481,0.0,icmp,1591469280,2020-06-06 18:48:00+00:00
63109367,jinan-telecom,wuhan-telecom,41.5434,0.0,icmp,1591469400,2020-06-06 18:50:00+00:00
63109590,jinan-telecom,wuhan-telecom,41.12,0.0,icmp,1591469520,2020-06-06 18:52:00+00:00
63109835,jinan-telecom,wuhan-telecom,40.5036,0.0,icmp,1591469640,2020-06-06 18:54:00+00:00
63110048,jinan-telecom,wuhan-telecom,42.2019,0.0,icmp,1591469760,2020-06-06 18:56:00+00:00
63110273,jinan-telecom,wuhan-telecom,41.1898,0.0,icmp,1591469880,2020-06-06 18:58:00+00:00
63110518,jinan-telecom,wuhan-telecom,39.5426,0.0,icmp,1591470019,2020-06-06 19:00:19+00:00
63110725,jinan-telecom,wuhan-telecom,39.5125,0.0,icmp,1591470139,2020-06-06 19:02:19+00:00
63110969,jinan-telecom,wuhan-telecom,41.7261,0.0,icmp,1591470240,2020-06-06 19:04:00+00:00
63111191,jinan-telecom,wuhan-telecom,40.1705,0.0,icmp,1591470360,2020-06-06 19:06:00+00:00
63111425,jinan-telecom,wuhan-telecom,40.6166,0.0,icmp,1591470480,2020-06-06 19:08:00+00:00
63111659,jinan-telecom,wuhan-telecom,39.5571,0.0,icmp,1591470545,2020-06-06 19:09:05+00:00
63111886,jinan-telecom,wuhan-telecom,41.2735,0.0,icmp,1591470720,2020-06-06 19:12:00+00:00
63112127,jinan-telecom,wuhan-telecom,41.5357,0.0,icmp,1591470840,2020-06-06 19:14:00+00:00
63112338,jinan-telecom,wuhan-telecom,41.9553,0.0,icmp,1591470960,2020-06-06 19:16:00+00:00
63112571,jinan-telecom,wuhan-telecom,42.3609,0.0,icmp,1591471080,2020-06-06 19:18:00+00:00
63112796,jinan-telecom,wuhan-telecom,40.4165,0.0,icmp,1591471200,2020-06-06 19:20:00+00:00
63113043,jinan-telecom,wuhan-telecom,40.5086,0.0,icmp,1591471320,2020-06-06 19:22:00+00:00
63113245,jinan-telecom,wuhan-telecom,39.6916,0.0,icmp,1591471385,2020-06-06 19:23:05+00:00
63113475,jinan-telecom,wuhan-telecom,40.5055,0.0,icmp,1591471560,2020-06-06 19:26:00+00:00
63113713,jinan-telecom,wuhan-telecom,42.3101,0.0,icmp,1591471680,2020-06-06 19:28:00+00:00
63113933,jinan-telecom,wuhan-telecom,39.519,0.0,icmp,1591471759,2020-06-06 19:29:19+00:00
63114175,jinan-telecom,wuhan-telecom,40.7849,0.0,icmp,1591471920,2020-06-06 19:32:00+00:00
63114393,jinan-telecom,wuhan-telecom,39.8789,0.0,icmp,1591472040,2020-06-06 19:34:00+00:00
63114611,jinan-telecom,wuhan-telecom,40.3595,0.0,icmp,1591472160,2020-06-06 19:36:00+00:00
63114856,jinan-telecom,wuhan-telecom,39.8888,0.0,icmp,1591472280,2020-06-06 19:38:00+00:00
63115094,jinan-telecom,wuhan-telecom,41.2344,0.0,icmp,1591472400,2020-06-06 19:40:00+00:00
63115321,jinan-telecom,wuhan-telecom,39.5956,0.0,icmp,1591472539,2020-06-06 19:42:19+00:00
63115558,jinan-telecom,wuhan-telecom,43.3657,0.0,icmp,1591472640,2020-06-06 19:44:00+00:00
63115761,jinan-telecom,wuhan-telecom,39.4574,0.0,icmp,1591472719,2020-06-06 19:45:19+00:00
63115993,jinan-telecom,wuhan-telecom,39.5048,0.0,icmp,1591472899,2020-06-06 19:48:19+00:00
63116224,jinan-telecom,wuhan-telecom,40.4183,0.0,icmp,1591473000,2020-06-06 19:50:00+00:00
63116481,jinan-telecom,wuhan-telecom,39.6977,0.0,icmp,1591473120,2020-06-06 19:52:00+00:00
63116686,jinan-telecom,wuhan-telecom,39.4899,0.0,icmp,1591473199,2020-06-06 19:53:19+00:00
63116926,jinan-telecom,wuhan-telecom,40.3183,0.0,icmp,1591473360,2020-06-06 19:56:00+00:00
63117139,jinan-telecom,wuhan-telecom,41.213,0.0,icmp,1591473480,2020-06-06 19:58:00+00:00
63117386,jinan-telecom,wuhan-telecom,39.5041,0.0,icmp,1591473559,2020-06-06 19:59:19+00:00
63117599,jinan-telecom,wuhan-telecom,40.7981,0.0,icmp,1591473720,2020-06-06 20:02:00+00:00
63117838,jinan-telecom,wuhan-telecom,40.3122,0.0,icmp,1591473840,2020-06-06 20:04:00+00:00
63118070,jinan-telecom,wuhan-telecom,39.5298,0.0,icmp,1591473919,2020-06-06 20:05:19+00:00
63118289,jinan-telecom,wuhan-telecom,39.5034,0.0,icmp,1591474039,2020-06-06 20:07:19+00:00
63118538,jinan-telecom,wuhan-telecom,40.2595,0.0,icmp,1591474200,2020-06-06 20:10:00+00:00
63118746,jinan-telecom,wuhan-telecom,39.4732,0.0,icmp,1591474279,2020-06-06 20:11:19+00:00
63118973,jinan-telecom,wuhan-telecom,39.4858,0.0,icmp,1591474459,2020-06-06 20:14:19+00:00
63119219,jinan-telecom,wuhan-telecom,40.6917,0.0,icmp,1591474560,2020-06-06 20:16:00+00:00
63119462,jinan-telecom,wuhan-telecom,40.7294,0.0,icmp,1591474680,2020-06-06 20:18:00+00:00
63119671,jinan-telecom,wuhan-telecom,39.4546,0.0,icmp,1591474819,2020-06-06 20:20:19+00:00
63119893,jinan-telecom,wuhan-telecom,40.3509,0.0,icmp,1591474920,2020-06-06 20:22:00+00:00
63120120,jinan-telecom,wuhan-telecom,40.4228,0.0,icmp,1591475040,2020-06-06 20:24:00+00:00
63120357,jinan-telecom,wuhan-telecom,40.8005,0.0,icmp,1591475160,2020-06-06 20:26:00+00:00
63120573,jinan-telecom,wuhan-telecom,40.4395,0.0,icmp,1591475280,2020-06-06 20:28:00+00:00
63120815,jinan-telecom,wuhan-telecom,40.2265,0.0,icmp,1591475400,2020-06-06 20:30:00+00:00
63121046,jinan-telecom,wuhan-telecom,40.1799,0.0,icmp,1591475520,2020-06-06 20:32:00+00:00
63121275,jinan-telecom,wuhan-telecom,39.5044,0.0,icmp,1591475659,2020-06-06 20:34:19+00:00
63121499,jinan-telecom,wuhan-telecom,40.2676,0.0,icmp,1591475760,2020-06-06 20:36:00+00:00
63121734,jinan-telecom,wuhan-telecom,40.5694,0.0,icmp,1591475880,2020-06-06 20:38:00+00:00
63121960,jinan-telecom,wuhan-telecom,41.0603,0.0,icmp,1591476000,2020-06-06 20:40:00+00:00
63122191,jinan-telecom,wuhan-telecom,39.5102,0.0,icmp,1591476079,2020-06-06 20:41:19+00:00
63122401,jinan-telecom,wuhan-telecom,39.4767,0.0,icmp,1591476259,2020-06-06 20:44:19+00:00
63122644,jinan-telecom,wuhan-telecom,42.8806,0.0,icmp,1591476360,2020-06-06 20:46:00+00:00
63122866,jinan-telecom,wuhan-telecom,39.4757,0.0,icmp,1591476499,2020-06-06 20:48:19+00:00
63123090,jinan-telecom,wuhan-telecom,39.8841,0.0,icmp,1591476600,2020-06-06 20:50:00+00:00
63123319,jinan-telecom,wuhan-telecom,40.414,0.0,icmp,1591476720,2020-06-06 20:52:00+00:00
63123569,jinan-telecom,wuhan-telecom,39.527,0.0,icmp,1591476799,2020-06-06 20:53:19+00:00
63123788,jinan-telecom,wuhan-telecom,40.3715,0.0,icmp,1591476960,2020-06-06 20:56:00+00:00
63124022,jinan-telecom,wuhan-telecom,40.7602,0.0,icmp,1591477080,2020-06-06 20:58:00+00:00
63124263,jinan-telecom,wuhan-telecom,42.4961,0.0,icmp,1591477200,2020-06-06 21:00:00+00:00
63124484,jinan-telecom,wuhan-telecom,40.9609,0.0,icmp,1591477320,2020-06-06 21:02:00+00:00
63124693,jinan-telecom,wuhan-telecom,40.0361,0.0,icmp,1591477440,2020-06-06 21:04:00+00:00
63124922,jinan-telecom,wuhan-telecom,39.5396,0.0,icmp,1591477519,2020-06-06 21:05:19+00:00
63125169,jinan-telecom,wuhan-telecom,39.4755,0.0,icmp,1591477699,2020-06-06 21:08:19+00:00
63125373,jinan-telecom,wuhan-telecom,41.8132,0.0,icmp,1591477800,2020-06-06 21:10:00+00:00
63125616,jinan-telecom,wuhan-telecom,42.1118,0.0,icmp,1591477920,2020-06-06 21:12:00+00:00
63125857,jinan-telecom,wuhan-telecom,42.2829,0.0,icmp,1591478040,2020-06-06 21:14:00+00:00
63126087,jinan-telecom,wuhan-telecom,39.5512,0.0,icmp,1591478119,2020-06-06 21:15:19+00:00
63126307,jinan-telecom,wuhan-telecom,40.595,0.0,icmp,1591478280,2020-06-06 21:18:00+00:00
63126536,jinan-telecom,wuhan-telecom,39.433,0.0,icmp,1591478419,2020-06-06 21:20:19+00:00
63126754,jinan-telecom,wuhan-telecom,40.5424,0.0,icmp,1591478520,2020-06-06 21:22:00+00:00
63127003,jinan-telecom,wuhan-telecom,39.4791,0.0,icmp,1591478599,2020-06-06 21:23:19+00:00
63127215,jinan-telecom,wuhan-telecom,40.8293,0.0,icmp,1591478760,2020-06-06 21:26:00+00:00
63127448,jinan-telecom,wuhan-telecom,41.0946,0.0,icmp,1591478880,2020-06-06 21:28:00+00:00
63127683,jinan-telecom,wuhan-telecom,39.8256,0.0,icmp,1591479000,2020-06-06 21:30:00+00:00
63127897,jinan-telecom,wuhan-telecom,39.5036,0.0,icmp,1591479079,2020-06-06 21:31:19+00:00
63128135,jinan-telecom,wuhan-telecom,40.9391,0.0,icmp,1591479240,2020-06-06 21:34:00+00:00
63128370,jinan-telecom,wuhan-telecom,39.48,0.0,icmp,1591479319,2020-06-06 21:35:19+00:00
63128600,jinan-telecom,wuhan-telecom,41.0224,0.0,icmp,1591479480,2020-06-06 21:38:00+00:00
63128847,jinan-telecom,wuhan-telecom,39.4805,0.0,icmp,1591479619,2020-06-06 21:40:19+00:00
63129048,jinan-telecom,wuhan-telecom,41.9608,0.0,icmp,1591479720,2020-06-06 21:42:00+00:00
63129292,jinan-telecom,wuhan-telecom,41.5676,0.0,icmp,1591479840,2020-06-06 21:44:00+00:00
63129517,jinan-telecom,wuhan-telecom,42.4162,0.0,icmp,1591479960,2020-06-06 21:46:00+00:00
63129759,jinan-telecom,wuhan-telecom,39.4788,0.0,icmp,1591480099,2020-06-06 21:48:19+00:00
63129976,jinan-telecom,wuhan-telecom,39.5098,0.0,icmp,1591480219,2020-06-06 21:50:19+00:00
63130192,jinan-telecom,wuhan-telecom,39.4669,0.0,icmp,1591480339,2020-06-06 21:52:19+00:00
63130444,jinan-telecom,wuhan-telecom,40.6379,0.0,icmp,1591480440,2020-06-06 21:54:00+00:00
63130658,jinan-telecom,wuhan-telecom,39.5153,0.0,icmp,1591480579,2020-06-06 21:56:19+00:00
63130873,jinan-telecom,wuhan-telecom,40.4665,0.0,icmp,1591480680,2020-06-06 21:58:00+00:00
63131110,jinan-telecom,wuhan-telecom,39.4704,0.0,icmp,1591480819,2020-06-06 22:00:19+00:00
63131346,jinan-telecom,wuhan-telecom,40.7064,0.0,icmp,1591480920,2020-06-06 22:02:00+00:00
63131590,jinan-telecom,wuhan-telecom,41.48,0.0,icmp,1591481040,2020-06-06 22:04:00+00:00
63131815,jinan-telecom,wuhan-telecom,40.4366,0.0,icmp,1591481160,2020-06-06 22:06:00+00:00
63132027,jinan-telecom,wuhan-telecom,41.7535,0.0,icmp,1591481280,2020-06-06 22:08:00+00:00
63132263,jinan-telecom,wuhan-telecom,39.5043,0.0,icmp,1591481419,2020-06-06 22:10:19+00:00
63132498,jinan-telecom,wuhan-telecom,40.3846,0.0,icmp,1591481520,2020-06-06 22:12:00+00:00
63132722,jinan-telecom,wuhan-telecom,41.8095,0.0,icmp,1591481640,2020-06-06 22:14:00+00:00
63132941,jinan-telecom,wuhan-telecom,40.563,0.0,icmp,1591481760,2020-06-06 22:16:00+00:00
63133168,jinan-telecom,wuhan-telecom,40.2618,0.0,icmp,1591481880,2020-06-06 22:18:00+00:00
63133411,jinan-telecom,wuhan-telecom,40.9247,0.0,icmp,1591482000,2020-06-06 22:20:00+00:00
63133641,jinan-telecom,wuhan-telecom,41.2628,0.0,icmp,1591482120,2020-06-06 22:22:00+00:00
63133858,jinan-telecom,wuhan-telecom,41.733,0.0,icmp,1591482240,2020-06-06 22:24:00+00:00
63134085,jinan-telecom,wuhan-telecom,41.1428,0.0,icmp,1591482360,2020-06-06 22:26:00+00:00
63134336,jinan-telecom,wuhan-telecom,43.3779,0.0,icmp,1591482480,2020-06-06 22:28:00+00:00
63134557,jinan-telecom,wuhan-telecom,39.4928,0.0,icmp,1591482559,2020-06-06 22:29:19+00:00
63134775,jinan-telecom,wuhan-telecom,39.4969,0.0,icmp,1591482739,2020-06-06 22:32:19+00:00
63135015,jinan-telecom,wuhan-telecom,40.0975,0.0,icmp,1591482840,2020-06-06 22:34:00+00:00
63135242,jinan-telecom,wuhan-telecom,40.5572,0.0,icmp,1591482960,2020-06-06 22:36:00+00:00
63135476,jinan-telecom,wuhan-telecom,40.0271,0.0,icmp,1591483080,2020-06-06 22:38:00+00:00
63135710,jinan-telecom,wuhan-telecom,42.0838,0.0,icmp,1591483200,2020-06-06 22:40:00+00:00
63135916,jinan-telecom,wuhan-telecom,42.6174,0.0,icmp,1591483320,2020-06-06 22:42:00+00:00
63136151,jinan-telecom,wuhan-telecom,41.6636,0.0,icmp,1591483440,2020-06-06 22:44:00+00:00
63136371,jinan-telecom,wuhan-telecom,40.7834,0.0,icmp,1591483560,2020-06-06 22:46:00+00:00
63136603,jinan-telecom,wuhan-telecom,39.4793,0.0,icmp,1591483639,2020-06-06 22:47:19+00:00
63136858,jinan-telecom,wuhan-telecom,41.4151,0.0,icmp,1591483800,2020-06-06 22:50:00+00:00
63137089,jinan-telecom,wuhan-telecom,40.7555,0.0,icmp,1591483920,2020-06-06 22:52:00+00:00
63137287,jinan-telecom,wuhan-telecom,39.5716,0.0,icmp,1591483999,2020-06-06 22:53:19+00:00
63137540,jinan-telecom,wuhan-telecom,41.2551,0.0,icmp,1591484160,2020-06-06 22:56:00+00:00
63137731,jinan-telecom,wuhan-telecom,39.7671,0.0,icmp,1591484280,2020-06-06 22:58:00+00:00
63138003,jinan-telecom,wuhan-telecom,39.9545,0.0,icmp,1591484400,2020-06-06 23:00:00+00:00
63138212,jinan-telecom,wuhan-telecom,41.1341,0.0,icmp,1591484520,2020-06-06 23:02:00+00:00
63138453,jinan-telecom,wuhan-telecom,40.7891,0.0,icmp,1591484640,2020-06-06 23:04:00+00:00
63138677,jinan-telecom,wuhan-telecom,40.0014,0.0,icmp,1591484760,2020-06-06 23:06:00+00:00
63138909,jinan-telecom,wuhan-telecom,40.8496,0.0,icmp,1591484880,2020-06-06 23:08:00+00:00
63139117,jinan-telecom,wuhan-telecom,40.967,0.0,icmp,1591485000,2020-06-06 23:10:00+00:00
63139367,jinan-telecom,wuhan-telecom,40.5591,0.0,icmp,1591485120,2020-06-06 23:12:00+00:00
63139594,jinan-telecom,wuhan-telecom,40.1428,0.0,icmp,1591485240,2020-06-06 23:14:00+00:00
63139813,jinan-telecom,wuhan-telecom,40.4256,0.0,icmp,1591485360,2020-06-06 23:16:00+00:00
63140052,jinan-telecom,wuhan-telecom,39.4502,0.0,icmp,1591485439,2020-06-06 23:17:19+00:00
63140289,jinan-telecom,wuhan-telecom,43.3899,0.0,icmp,1591485600,2020-06-06 23:20:00+00:00
63140510,jinan-telecom,wuhan-telecom,40.2059,0.0,icmp,1591485720,2020-06-06 23:22:00+00:00
63140727,jinan-telecom,wuhan-telecom,39.5605,0.0,icmp,1591485799,2020-06-06 23:23:19+00:00
63140952,jinan-telecom,wuhan-telecom,42.9896,0.0,icmp,1591485960,2020-06-06 23:26:00+00:00
63141184,jinan-telecom,wuhan-telecom,40.6206,0.0,icmp,1591486080,2020-06-06 23:28:00+00:00
63141427,jinan-telecom,wuhan-telecom,40.8073,0.0,icmp,1591486200,2020-06-06 23:30:00+00:00
63141666,jinan-telecom,wuhan-telecom,39.4847,0.0,icmp,1591486279,2020-06-06 23:31:19+00:00
63141885,jinan-telecom,wuhan-telecom,43.1667,0.0,icmp,1591486440,2020-06-06 23:34:00+00:00
63142098,jinan-telecom,wuhan-telecom,39.9513,0.0,icmp,1591486560,2020-06-06 23:36:00+00:00
63142335,jinan-telecom,wuhan-telecom,40.6986,0.0,icmp,1591486680,2020-06-06 23:38:00+00:00
63142555,jinan-telecom,wuhan-telecom,39.6139,0.0,icmp,1591486745,2020-06-06 23:39:05+00:00
63142781,jinan-telecom,wuhan-telecom,39.4422,0.0,icmp,1591486879,2020-06-06 23:41:19+00:00
63143040,jinan-telecom,wuhan-telecom,41.6594,0.0,icmp,1591487040,2020-06-06 23:44:00+00:00
63143269,jinan-telecom,wuhan-telecom,39.5343,0.0,icmp,1591487119,2020-06-06 23:45:19+00:00
63143475,jinan-telecom,wuhan-telecom,40.6287,0.0,icmp,1591487280,2020-06-06 23:48:00+00:00
63143710,jinan-telecom,wuhan-telecom,39.5441,0.0,icmp,1591487359,2020-06-06 23:49:19+00:00
63143933,jinan-telecom,wuhan-telecom,40.2808,0.0,icmp,1591487520,2020-06-06 23:52:00+00:00
63144171,jinan-telecom,wuhan-telecom,40.781,0.0,icmp,1591487640,2020-06-06 23:54:00+00:00
63144415,jinan-telecom,wuhan-telecom,40.1586,0.0,icmp,1591487760,2020-06-06 23:56:00+00:00
63144617,jinan-telecom,wuhan-telecom,40.1315,0.0,icmp,1591487880,2020-06-06 23:58:00+00:00
63144859,jinan-telecom,wuhan-telecom,41.7865,0.0,icmp,1591488000,2020-06-07 00:00:00+00:00
63145074,jinan-telecom,wuhan-telecom,41.8014,0.0,icmp,1591488120,2020-06-07 00:02:00+00:00
63145306,jinan-telecom,wuhan-telecom,41.3141,0.0,icmp,1591488240,2020-06-07 00:04:00+00:00
63145544,jinan-telecom,wuhan-telecom,40.4235,0.0,icmp,1591488360,2020-06-07 00:06:00+00:00
63145765,jinan-telecom,wuhan-telecom,39.4819,0.0,icmp,1591488439,2020-06-07 00:07:19+00:00
63146004,jinan-telecom,wuhan-telecom,40.7165,0.0,icmp,1591488600,2020-06-07 00:10:00+00:00
63146229,jinan-telecom,wuhan-telecom,39.4655,0.0,icmp,1591488679,2020-06-07 00:11:19+00:00
63146446,jinan-telecom,wuhan-telecom,39.8292,0.0,icmp,1591488840,2020-06-07 00:14:00+00:00
63146679,jinan-telecom,wuhan-telecom,39.43,0.0,icmp,1591488919,2020-06-07 00:15:19+00:00
63146911,jinan-telecom,wuhan-telecom,40.5264,0.0,icmp,1591489080,2020-06-07 00:18:00+00:00
63147146,jinan-telecom,wuhan-telecom,39.9621,0.0,icmp,1591489200,2020-06-07 00:20:00+00:00
63147367,jinan-telecom,wuhan-telecom,41.043,0.0,icmp,1591489320,2020-06-07 00:22:00+00:00
63147615,jinan-telecom,wuhan-telecom,40.5803,0.0,icmp,1591489440,2020-06-07 00:24:00+00:00
63147828,jinan-telecom,wuhan-telecom,42.255,0.0,icmp,1591489560,2020-06-07 00:26:00+00:00
63148054,jinan-telecom,wuhan-telecom,40.4043,0.0,icmp,1591489680,2020-06-07 00:28:00+00:00
63148303,jinan-telecom,wuhan-telecom,39.4815,0.0,icmp,1591489819,2020-06-07 00:30:19+00:00
63148514,jinan-telecom,wuhan-telecom,40.321,0.0,icmp,1591489920,2020-06-07 00:32:00+00:00
63148739,jinan-telecom,wuhan-telecom,39.5719,0.0,icmp,1591489999,2020-06-07 00:33:19+00:00
63148996,jinan-telecom,wuhan-telecom,41.9959,0.0,icmp,1591490160,2020-06-07 00:36:00+00:00
63149204,jinan-telecom,wuhan-telecom,40.0144,0.0,icmp,1591490280,2020-06-07 00:38:00+00:00
63149421,jinan-telecom,wuhan-telecom,40.9086,0.0,icmp,1591490400,2020-06-07 00:40:00+00:00
63149681,jinan-telecom,wuhan-telecom,39.7813,0.0,icmp,1591490520,2020-06-07 00:42:00+00:00
63149897,jinan-telecom,wuhan-telecom,39.478,0.0,icmp,1591490659,2020-06-07 00:44:19+00:00
63150102,jinan-telecom,wuhan-telecom,41.3486,0.0,icmp,1591490760,2020-06-07 00:46:00+00:00
63150351,jinan-telecom,wuhan-telecom,41.2371,0.0,icmp,1591490880,2020-06-07 00:48:00+00:00
63150588,jinan-telecom,wuhan-telecom,39.6512,0.0,icmp,1591490959,2020-06-07 00:49:19+00:00
63150817,jinan-telecom,wuhan-telecom,42.2657,0.0,icmp,1591491120,2020-06-07 00:52:00+00:00
63151055,jinan-telecom,wuhan-telecom,39.4877,0.0,icmp,1591491259,2020-06-07 00:54:19+00:00
63151284,jinan-telecom,wuhan-telecom,39.9367,0.0,icmp,1591491360,2020-06-07 00:56:00+00:00
63151500,jinan-telecom,wuhan-telecom,40.9891,0.0,icmp,1591491480,2020-06-07 00:58:00+00:00
63151727,jinan-telecom,wuhan-telecom,39.513,0.0,icmp,1591491619,2020-06-07 01:00:19+00:00
63151957,jinan-telecom,wuhan-telecom,39.5207,0.0,icmp,1591491739,2020-06-07 01:02:19+00:00
63152210,jinan-telecom,wuhan-telecom,40.4705,0.0,icmp,1591491840,2020-06-07 01:04:00+00:00
63152419,jinan-telecom,wuhan-telecom,39.9354,0.0,icmp,1591491960,2020-06-07 01:06:00+00:00
63152650,jinan-telecom,wuhan-telecom,40.5314,0.0,icmp,1591492080,2020-06-07 01:08:00+00:00
63152861,jinan-telecom,wuhan-telecom,40.8686,0.0,icmp,1591492200,2020-06-07 01:10:00+00:00
63153110,jinan-telecom,wuhan-telecom,41.0539,0.0,icmp,1591492320,2020-06-07 01:12:00+00:00
63153338,jinan-telecom,wuhan-telecom,40.3641,0.0,icmp,1591492440,2020-06-07 01:14:00+00:00
63153572,jinan-telecom,wuhan-telecom,40.9963,0.0,icmp,1591492560,2020-06-07 01:16:00+00:00
63153804,jinan-telecom,wuhan-telecom,39.4953,0.0,icmp,1591492639,2020-06-07 01:17:19+00:00
63154027,jinan-telecom,wuhan-telecom,39.5237,0.0,icmp,1591492819,2020-06-07 01:20:19+00:00
63154225,jinan-telecom,wuhan-telecom,40.7228,0.0,icmp,1591492920,2020-06-07 01:22:00+00:00
63154479,jinan-telecom,wuhan-telecom,39.579,0.0,icmp,1591492999,2020-06-07 01:23:19+00:00
63154703,jinan-telecom,wuhan-telecom,40.2115,0.0,icmp,1591493160,2020-06-07 01:26:00+00:00
63154933,jinan-telecom,wuhan-telecom,41.1714,0.0,icmp,1591493280,2020-06-07 01:28:00+00:00
63155156,jinan-telecom,wuhan-telecom,41.1901,0.0,icmp,1591493400,2020-06-07 01:30:00+00:00
63155387,jinan-telecom,wuhan-telecom,39.5055,0.0,icmp,1591493539,2020-06-07 01:32:19+00:00
63155622,jinan-telecom,wuhan-telecom,40.8925,0.0,icmp,1591493640,2020-06-07 01:34:00+00:00
63155835,jinan-telecom,wuhan-telecom,41.7152,0.0,icmp,1591493760,2020-06-07 01:36:00+00:00
63156059,jinan-telecom,wuhan-telecom,40.9522,0.0,icmp,1591493880,2020-06-07 01:38:00+00:00
63156303,jinan-telecom,wuhan-telecom,39.5252,0.0,icmp,1591494019,2020-06-07 01:40:19+00:00
63156525,jinan-telecom,wuhan-telecom,41.1371,0.0,icmp,1591494120,2020-06-07 01:42:00+00:00
63156775,jinan-telecom,wuhan-telecom,39.546,0.0,icmp,1591494259,2020-06-07 01:44:19+00:00
63156991,jinan-telecom,wuhan-telecom,41.3612,0.0,icmp,1591494360,2020-06-07 01:46:00+00:00
63157214,jinan-telecom,wuhan-telecom,39.448,0.0,icmp,1591494439,2020-06-07 01:47:19+00:00
63157452,jinan-telecom,wuhan-telecom,40.0973,0.0,icmp,1591494600,2020-06-07 01:50:00+00:00
63157689,jinan-telecom,wuhan-telecom,41.6283,0.0,icmp,1591494720,2020-06-07 01:52:00+00:00
63157909,jinan-telecom,wuhan-telecom,40.6736,0.0,icmp,1591494840,2020-06-07 01:54:00+00:00
63158129,jinan-telecom,wuhan-telecom,40.7924,0.0,icmp,1591494960,2020-06-07 01:56:00+00:00
63158368,jinan-telecom,wuhan-telecom,40.6993,0.0,icmp,1591495080,2020-06-07 01:58:00+00:00
63158590,jinan-telecom,wuhan-telecom,40.4968,0.0,icmp,1591495200,2020-06-07 02:00:00+00:00
63158832,jinan-telecom,wuhan-telecom,42.1551,0.0,icmp,1591495320,2020-06-07 02:02:00+00:00
63159058,jinan-telecom,wuhan-telecom,41.1139,0.0,icmp,1591495440,2020-06-07 02:04:00+00:00
63159288,jinan-telecom,wuhan-telecom,39.8063,0.0,icmp,1591495505,2020-06-07 02:05:05+00:00
63159522,jinan-telecom,wuhan-telecom,39.4838,0.0,icmp,1591495639,2020-06-07 02:07:19+00:00
63159722,jinan-telecom,wuhan-telecom,39.4705,0.0,icmp,1591495819,2020-06-07 02:10:19+00:00
63159966,jinan-telecom,wuhan-telecom,40.2536,0.0,icmp,1591495920,2020-06-07 02:12:00+00:00
63160202,jinan-telecom,wuhan-telecom,40.9774,0.0,icmp,1591496040,2020-06-07 02:14:00+00:00
63160416,jinan-telecom,wuhan-telecom,43.0995,0.0,icmp,1591496160,2020-06-07 02:16:00+00:00
63160656,jinan-telecom,wuhan-telecom,39.4775,0.0,icmp,1591496239,2020-06-07 02:17:19+00:00
63160886,jinan-telecom,wuhan-telecom,40.9014,0.0,icmp,1591496400,2020-06-07 02:20:00+00:00
63161118,jinan-telecom,wuhan-telecom,39.5079,0.0,icmp,1591496479,2020-06-07 02:21:19+00:00
63161354,jinan-telecom,wuhan-telecom,39.5201,0.0,icmp,1591496659,2020-06-07 02:24:19+00:00
63161578,jinan-telecom,wuhan-telecom,41.1927,0.0,icmp,1591496760,2020-06-07 02:26:00+00:00
63161793,jinan-telecom,wuhan-telecom,41.1637,0.0,icmp,1591496880,2020-06-07 02:28:00+00:00
63162028,jinan-telecom,wuhan-telecom,40.624,0.0,icmp,1591497000,2020-06-07 02:30:00+00:00
63162248,jinan-telecom,wuhan-telecom,40.2547,0.0,icmp,1591497120,2020-06-07 02:32:00+00:00
63162500,jinan-telecom,wuhan-telecom,40.8472,0.0,icmp,1591497240,2020-06-07 02:34:00+00:00
63162712,jinan-telecom,wuhan-telecom,40.0248,0.0,icmp,1591497360,2020-06-07 02:36:00+00:00
64923969,jinan-telecom,wuhan-telecom,39.4925,0.0,icmp,1591497499,2020-06-07 02:38:19+00:00
64924181,jinan-telecom,wuhan-telecom,41.2843,0.0,icmp,1591497660,2020-06-07 02:41:00+00:00
64924426,jinan-telecom,wuhan-telecom,40.385,0.0,icmp,1591497780,2020-06-07 02:43:00+00:00
64924646,jinan-telecom,wuhan-telecom,40.5219,0.0,icmp,1591497900,2020-06-07 02:45:00+00:00
64924866,jinan-telecom,wuhan-telecom,40.4851,0.0,icmp,1591498020,2020-06-07 02:47:00+00:00
64925106,jinan-telecom,wuhan-telecom,39.5157,0.0,icmp,1591498099,2020-06-07 02:48:19+00:00
64925342,jinan-telecom,wuhan-telecom,39.4724,0.0,icmp,1591498279,2020-06-07 02:51:19+00:00
64925562,jinan-telecom,wuhan-telecom,39.5404,0.0,icmp,1591498399,2020-06-07 02:53:19+00:00
64925803,jinan-telecom,wuhan-telecom,39.6134,0.0,icmp,1591498505,2020-06-07 02:55:05+00:00
64926028,jinan-telecom,wuhan-telecom,39.4979,0.0,icmp,1591498639,2020-06-07 02:57:19+00:00
64926257,jinan-telecom,wuhan-telecom,39.55,0.0,icmp,1591498759,2020-06-07 02:59:19+00:00
64926472,jinan-telecom,wuhan-telecom,40.1668,0.0,icmp,1591498860,2020-06-07 03:01:00+00:00
64926697,jinan-telecom,wuhan-telecom,42.0686,0.0,icmp,1591498980,2020-06-07 03:03:00+00:00
64926945,jinan-telecom,wuhan-telecom,40.6225,0.0,icmp,1591499100,2020-06-07 03:05:00+00:00
64927157,jinan-telecom,wuhan-telecom,40.6413,0.0,icmp,1591499220,2020-06-07 03:07:00+00:00
64927386,jinan-telecom,wuhan-telecom,41.9109,0.0,icmp,1591499340,2020-06-07 03:09:00+00:00
64927622,jinan-telecom,wuhan-telecom,41.8844,0.0,icmp,1591499460,2020-06-07 03:11:00+00:00
64927840,jinan-telecom,wuhan-telecom,41.6292,0.0,icmp,1591499580,2020-06-07 03:13:00+00:00
64928077,jinan-telecom,wuhan-telecom,40.173,0.0,icmp,1591499700,2020-06-07 03:15:00+00:00
64928317,jinan-telecom,wuhan-telecom,41.5718,0.0,icmp,1591499820,2020-06-07 03:17:00+00:00
64928528,jinan-telecom,wuhan-telecom,39.5959,0.0,icmp,1591499885,2020-06-07 03:18:05+00:00
64928769,jinan-telecom,wuhan-telecom,42.5396,0.0,icmp,1591500060,2020-06-07 03:21:00+00:00
64929000,jinan-telecom,wuhan-telecom,41.9411,0.0,icmp,1591500180,2020-06-07 03:23:00+00:00
64929215,jinan-telecom,wuhan-telecom,41.2832,0.0,icmp,1591500300,2020-06-07 03:25:00+00:00
64929462,jinan-telecom,wuhan-telecom,40.111,0.0,icmp,1591500420,2020-06-07 03:27:00+00:00
64929698,jinan-telecom,wuhan-telecom,41.5887,0.0,icmp,1591500540,2020-06-07 03:29:00+00:00
64929912,jinan-telecom,wuhan-telecom,39.4745,0.0,icmp,1591500679,2020-06-07 03:31:19+00:00
64930141,jinan-telecom,wuhan-telecom,39.9919,0.0,icmp,1591500780,2020-06-07 03:33:00+00:00
64930371,jinan-telecom,wuhan-telecom,39.4934,0.0,icmp,1591500919,2020-06-07 03:35:19+00:00
64930613,jinan-telecom,wuhan-telecom,40.997,0.0,icmp,1591501020,2020-06-07 03:37:00+00:00
64930828,jinan-telecom,wuhan-telecom,42.2684,0.0,icmp,1591501140,2020-06-07 03:39:00+00:00
64931063,jinan-telecom,wuhan-telecom,39.4941,0.0,icmp,1591501219,2020-06-07 03:40:19+00:00
64931290,jinan-telecom,wuhan-telecom,40.5035,0.0,icmp,1591501380,2020-06-07 03:43:00+00:00
64931524,jinan-telecom,wuhan-telecom,42.8065,0.0,icmp,1591501500,2020-06-07 03:45:00+00:00
64931749,jinan-telecom,wuhan-telecom,40.3702,0.0,icmp,1591501620,2020-06-07 03:47:00+00:00
64932008,jinan-telecom,wuhan-telecom,40.3318,0.0,icmp,1591501740,2020-06-07 03:49:00+00:00
64932185,jinan-telecom,wuhan-telecom,39.5227,0.0,icmp,1591501879,2020-06-07 03:51:19+00:00
64932430,jinan-telecom,wuhan-telecom,41.4042,0.0,icmp,1591501980,2020-06-07 03:53:00+00:00
64932682,jinan-telecom,wuhan-telecom,40.2124,0.0,icmp,1591502100,2020-06-07 03:55:00+00:00
64932898,jinan-telecom,wuhan-telecom,40.7307,0.0,icmp,1591502220,2020-06-07 03:57:00+00:00
64933128,jinan-telecom,wuhan-telecom,39.8266,0.0,icmp,1591502340,2020-06-07 03:59:00+00:00
64933343,jinan-telecom,wuhan-telecom,41.9946,0.0,icmp,1591502460,2020-06-07 04:01:00+00:00
64933579,jinan-telecom,wuhan-telecom,40.5669,0.0,icmp,1591502580,2020-06-07 04:03:00+00:00
64933816,jinan-telecom,wuhan-telecom,39.6009,0.0,icmp,1591502704,2020-06-07 04:05:04+00:00
64934034,jinan-telecom,wuhan-telecom,41.0985,0.0,icmp,1591502820,2020-06-07 04:07:00+00:00
64934260,jinan-telecom,wuhan-telecom,40.3291,0.0,icmp,1591502940,2020-06-07 04:09:00+00:00
64934501,jinan-telecom,wuhan-telecom,40.9208,0.0,icmp,1591503060,2020-06-07 04:11:00+00:00
64934742,jinan-telecom,wuhan-telecom,40.2905,0.0,icmp,1591503180,2020-06-07 04:13:00+00:00
64934957,jinan-telecom,wuhan-telecom,41.2851,0.0,icmp,1591503300,2020-06-07 04:15:00+00:00
64935183,jinan-telecom,wuhan-telecom,39.5045,0.0,icmp,1591503379,2020-06-07 04:16:19+00:00
64935412,jinan-telecom,wuhan-telecom,40.567,0.0,icmp,1591503540,2020-06-07 04:19:00+00:00
64935643,jinan-telecom,wuhan-telecom,40.9013,0.0,icmp,1591503660,2020-06-07 04:21:00+00:00
64935864,jinan-telecom,wuhan-telecom,40.7652,0.0,icmp,1591503780,2020-06-07 04:23:00+00:00
64936114,jinan-telecom,wuhan-telecom,40.1778,0.0,icmp,1591503900,2020-06-07 04:25:00+00:00
64936328,jinan-telecom,wuhan-telecom,39.4885,0.0,icmp,1591503979,2020-06-07 04:26:19+00:00
64936548,jinan-telecom,wuhan-telecom,41.6461,0.0,icmp,1591504140,2020-06-07 04:29:00+00:00
64936792,jinan-telecom,wuhan-telecom,41.0131,0.0,icmp,1591504260,2020-06-07 04:31:00+00:00
64937006,jinan-telecom,wuhan-telecom,42.4204,0.0,icmp,1591504380,2020-06-07 04:33:00+00:00
64937251,jinan-telecom,wuhan-telecom,40.8078,0.0,icmp,1591504500,2020-06-07 04:35:00+00:00
64937459,jinan-telecom,wuhan-telecom,40.0258,0.0,icmp,1591504620,2020-06-07 04:37:00+00:00
64937692,jinan-telecom,wuhan-telecom,40.7324,0.0,icmp,1591504740,2020-06-07 04:39:00+00:00
64937929,jinan-telecom,wuhan-telecom,40.1533,0.0,icmp,1591504860,2020-06-07 04:41:00+00:00
64938151,jinan-telecom,wuhan-telecom,39.4792,0.0,icmp,1591504999,2020-06-07 04:43:19+00:00
64938384,jinan-telecom,wuhan-telecom,43.1817,0.0,icmp,1591505100,2020-06-07 04:45:00+00:00
64938626,jinan-telecom,wuhan-telecom,40.6404,0.0,icmp,1591505220,2020-06-07 04:47:00+00:00
64938848,jinan-telecom,wuhan-telecom,40.1879,0.0,icmp,1591505340,2020-06-07 04:49:00+00:00
64939068,jinan-telecom,wuhan-telecom,39.529,0.0,icmp,1591505419,2020-06-07 04:50:19+00:00
64939280,jinan-telecom,wuhan-telecom,40.2312,0.0,icmp,1591505580,2020-06-07 04:53:00+00:00
64939522,jinan-telecom,wuhan-telecom,41.4161,0.0,icmp,1591505700,2020-06-07 04:55:00+00:00
64939762,jinan-telecom,wuhan-telecom,39.6332,0.0,icmp,1591505820,2020-06-07 04:57:00+00:00
64940008,jinan-telecom,wuhan-telecom,42.2049,0.0,icmp,1591505940,2020-06-07 04:59:00+00:00
64940235,jinan-telecom,wuhan-telecom,40.3315,0.0,icmp,1591506060,2020-06-07 05:01:00+00:00
64940455,jinan-telecom,wuhan-telecom,41.3053,0.0,icmp,1591506180,2020-06-07 05:03:00+00:00
64940682,jinan-telecom,wuhan-telecom,39.489,0.0,icmp,1591506259,2020-06-07 05:04:19+00:00
64940902,jinan-telecom,wuhan-telecom,39.5364,0.0,icmp,1591506439,2020-06-07 05:07:19+00:00
64941128,jinan-telecom,wuhan-telecom,40.5178,0.0,icmp,1591506540,2020-06-07 05:09:00+00:00
64941356,jinan-telecom,wuhan-telecom,41.1319,0.0,icmp,1591506660,2020-06-07 05:11:00+00:00
64941592,jinan-telecom,wuhan-telecom,42.3586,0.0,icmp,1591506780,2020-06-07 05:13:00+00:00
64941809,jinan-telecom,wuhan-telecom,40.5801,0.0,icmp,1591506900,2020-06-07 05:15:00+00:00
64942062,jinan-telecom,wuhan-telecom,40.1851,0.0,icmp,1591507020,2020-06-07 05:17:00+00:00
64942283,jinan-telecom,wuhan-telecom,41.5593,0.0,icmp,1591507140,2020-06-07 05:19:00+00:00
64942503,jinan-telecom,wuhan-telecom,39.5387,0.0,icmp,1591507279,2020-06-07 05:21:19+00:00
64942746,jinan-telecom,wuhan-telecom,42.2801,0.0,icmp,1591507380,2020-06-07 05:23:00+00:00
64942980,jinan-telecom,wuhan-telecom,39.5169,0.0,icmp,1591507519,2020-06-07 05:25:19+00:00
64943188,jinan-telecom,wuhan-telecom,41.883,0.0,icmp,1591507620,2020-06-07 05:27:00+00:00
64943433,jinan-telecom,wuhan-telecom,39.5068,0.0,icmp,1591507699,2020-06-07 05:28:19+00:00
64943659,jinan-telecom,wuhan-telecom,40.8304,0.0,icmp,1591507860,2020-06-07 05:31:00+00:00
64943879,jinan-telecom,wuhan-telecom,41.291,0.0,icmp,1591507980,2020-06-07 05:33:00+00:00
64944120,jinan-telecom,wuhan-telecom,39.7425,0.0,icmp,1591508044,2020-06-07 05:34:04+00:00
64944348,jinan-telecom,wuhan-telecom,40.6866,0.0,icmp,1591508220,2020-06-07 05:37:00+00:00
64944580,jinan-telecom,wuhan-telecom,40.6854,0.0,icmp,1591508340,2020-06-07 05:39:00+00:00
64944799,jinan-telecom,wuhan-telecom,41.1458,0.0,icmp,1591508460,2020-06-07 05:41:00+00:00
64945024,jinan-telecom,wuhan-telecom,40.2056,0.0,icmp,1591508580,2020-06-07 05:43:00+00:00
64945261,jinan-telecom,wuhan-telecom,41.5002,0.0,icmp,1591508700,2020-06-07 05:45:00+00:00
64945493,jinan-telecom,wuhan-telecom,40.8951,0.0,icmp,1591508820,2020-06-07 05:47:00+00:00
64945714,jinan-telecom,wuhan-telecom,39.5101,0.0,icmp,1591508959,2020-06-07 05:49:19+00:00
64945934,jinan-telecom,wuhan-telecom,40.5365,0.0,icmp,1591509060,2020-06-07 05:51:00+00:00
64946183,jinan-telecom,wuhan-telecom,41.2275,0.0,icmp,1591509180,2020-06-07 05:53:00+00:00
64946412,jinan-telecom,wuhan-telecom,39.5036,0.0,icmp,1591509319,2020-06-07 05:55:19+00:00
64946636,jinan-telecom,wuhan-telecom,39.5137,0.0,icmp,1591509439,2020-06-07 05:57:19+00:00
64946856,jinan-telecom,wuhan-telecom,40.3911,0.0,icmp,1591509540,2020-06-07 05:59:00+00:00
64947097,jinan-telecom,wuhan-telecom,40.5788,0.0,icmp,1591509660,2020-06-07 06:01:00+00:00
64947314,jinan-telecom,wuhan-telecom,40.1988,0.0,icmp,1591509780,2020-06-07 06:03:00+00:00
64947540,jinan-telecom,wuhan-telecom,40.5846,0.0,icmp,1591509900,2020-06-07 06:05:00+00:00
64947777,jinan-telecom,wuhan-telecom,46.2005,0.0,icmp,1591510020,2020-06-07 06:07:00+00:00
64948006,jinan-telecom,wuhan-telecom,39.4952,0.0,icmp,1591510099,2020-06-07 06:08:19+00:00
64948250,jinan-telecom,wuhan-telecom,39.5779,0.0,icmp,1591510219,2020-06-07 06:10:19+00:00
64948471,jinan-telecom,wuhan-telecom,41.522,0.0,icmp,1591510380,2020-06-07 06:13:00+00:00
64948689,jinan-telecom,wuhan-telecom,40.7378,0.0,icmp,1591510500,2020-06-07 06:15:00+00:00
64948938,jinan-telecom,wuhan-telecom,41.4062,0.0,icmp,1591510620,2020-06-07 06:17:00+00:00
64949161,jinan-telecom,wuhan-telecom,40.2801,0.0,icmp,1591510740,2020-06-07 06:19:00+00:00
64949379,jinan-telecom,wuhan-telecom,39.615,0.0,icmp,1591510865,2020-06-07 06:21:05+00:00
64949601,jinan-telecom,wuhan-telecom,41.831,0.0,icmp,1591510980,2020-06-07 06:23:00+00:00
64949828,jinan-telecom,wuhan-telecom,42.9341,0.0,icmp,1591511100,2020-06-07 06:25:00+00:00
64950081,jinan-telecom,wuhan-telecom,40.0437,0.0,icmp,1591511220,2020-06-07 06:27:00+00:00
64950295,jinan-telecom,wuhan-telecom,39.4749,0.0,icmp,1591511299,2020-06-07 06:28:19+00:00
64950537,jinan-telecom,wuhan-telecom,41.915,0.0,icmp,1591511460,2020-06-07 06:31:00+00:00
64950759,jinan-telecom,wuhan-telecom,40.1733,0.0,icmp,1591511580,2020-06-07 06:33:00+00:00
64950997,jinan-telecom,wuhan-telecom,41.0953,0.0,icmp,1591511700,2020-06-07 06:35:00+00:00
64951213,jinan-telecom,wuhan-telecom,39.5624,0.0,icmp,1591511779,2020-06-07 06:36:19+00:00
64951440,jinan-telecom,wuhan-telecom,39.5444,0.0,icmp,1591511959,2020-06-07 06:39:19+00:00
64951662,jinan-telecom,wuhan-telecom,43.1239,0.0,icmp,1591512060,2020-06-07 06:41:00+00:00
64951914,jinan-telecom,wuhan-telecom,40.3978,0.0,icmp,1591512180,2020-06-07 06:43:00+00:00
64952142,jinan-telecom,wuhan-telecom,39.5319,0.0,icmp,1591512259,2020-06-07 06:44:19+00:00
64952347,jinan-telecom,wuhan-telecom,41.4853,0.0,icmp,1591512420,2020-06-07 06:47:00+00:00
64952588,jinan-telecom,wuhan-telecom,40.5324,0.0,icmp,1591512540,2020-06-07 06:49:00+00:00
64952807,jinan-telecom,wuhan-telecom,40.0671,0.0,icmp,1591512660,2020-06-07 06:51:00+00:00
64953061,jinan-telecom,wuhan-telecom,40.1621,0.0,icmp,1591512780,2020-06-07 06:53:00+00:00
64953290,jinan-telecom,wuhan-telecom,42.0913,0.0,icmp,1591512900,2020-06-07 06:55:00+00:00
64953489,jinan-telecom,wuhan-telecom,39.5765,0.0,icmp,1591513026,2020-06-07 06:57:06+00:00
64953740,jinan-telecom,wuhan-telecom,39.5523,0.0,icmp,1591513159,2020-06-07 06:59:19+00:00
64953952,jinan-telecom,wuhan-telecom,39.526,0.0,icmp,1591513279,2020-06-07 07:01:19+00:00
64954183,jinan-telecom,wuhan-telecom,41.5476,0.0,icmp,1591513380,2020-06-07 07:03:00+00:00
64954411,jinan-telecom,wuhan-telecom,39.5615,0.0,icmp,1591513519,2020-06-07 07:05:19+00:00
64954664,jinan-telecom,wuhan-telecom,42.5675,0.0,icmp,1591513620,2020-06-07 07:07:00+00:00
64954893,jinan-telecom,wuhan-telecom,40.1312,0.0,icmp,1591513740,2020-06-07 07:09:00+00:00
64955113,jinan-telecom,wuhan-telecom,39.6767,0.0,icmp,1591513804,2020-06-07 07:10:04+00:00
64955335,jinan-telecom,wuhan-telecom,41.3741,0.0,icmp,1591513980,2020-06-07 07:13:00+00:00
64955559,jinan-telecom,wuhan-telecom,39.7818,0.0,icmp,1591514100,2020-06-07 07:15:00+00:00
64955804,jinan-telecom,wuhan-telecom,41.1144,0.0,icmp,1591514220,2020-06-07 07:17:00+00:00
64956030,jinan-telecom,wuhan-telecom,40.9518,0.0,icmp,1591514340,2020-06-07 07:19:00+00:00
64956272,jinan-telecom,wuhan-telecom,39.7548,0.0,icmp,1591514460,2020-06-07 07:21:00+00:00
64956472,jinan-telecom,wuhan-telecom,39.5162,0.0,icmp,1591514599,2020-06-07 07:23:19+00:00
64956705,jinan-telecom,wuhan-telecom,41.6702,0.0,icmp,1591514700,2020-06-07 07:25:00+00:00
64956959,jinan-telecom,wuhan-telecom,40.0093,0.0,icmp,1591514820,2020-06-07 07:27:00+00:00
64957182,jinan-telecom,wuhan-telecom,40.0088,0.0,icmp,1591514940,2020-06-07 07:29:00+00:00
64957385,jinan-telecom,wuhan-telecom,40.9925,0.0,icmp,1591515060,2020-06-07 07:31:00+00:00
64957628,jinan-telecom,wuhan-telecom,40.6321,0.0,icmp,1591515180,2020-06-07 07:33:00+00:00
64957863,jinan-telecom,wuhan-telecom,39.8478,0.0,icmp,1591515300,2020-06-07 07:35:00+00:00
64958105,jinan-telecom,wuhan-telecom,41.8203,0.0,icmp,1591515420,2020-06-07 07:37:00+00:00
64958323,jinan-telecom,wuhan-telecom,41.0781,0.0,icmp,1591515540,2020-06-07 07:39:00+00:00
64958540,jinan-telecom,wuhan-telecom,40.6093,0.0,icmp,1591515660,2020-06-07 07:41:00+00:00
64958776,jinan-telecom,wuhan-telecom,41.2292,0.0,icmp,1591515780,2020-06-07 07:43:00+00:00
64958986,jinan-telecom,wuhan-telecom,40.5559,0.0,icmp,1591515900,2020-06-07 07:45:00+00:00
64959242,jinan-telecom,wuhan-telecom,40.6173,0.0,icmp,1591516020,2020-06-07 07:47:00+00:00
64959452,jinan-telecom,wuhan-telecom,41.9168,0.0,icmp,1591516140,2020-06-07 07:49:00+00:00
64959674,jinan-telecom,wuhan-telecom,39.4669,0.0,icmp,1591516219,2020-06-07 07:50:19+00:00
64959914,jinan-telecom,wuhan-telecom,40.9019,0.0,icmp,1591516380,2020-06-07 07:53:00+00:00
64960133,jinan-telecom,wuhan-telecom,42.2441,0.0,icmp,1591516500,2020-06-07 07:55:00+00:00
64960365,jinan-telecom,wuhan-telecom,40.0883,0.0,icmp,1591516620,2020-06-07 07:57:00+00:00
64960613,jinan-telecom,wuhan-telecom,41.2193,0.0,icmp,1591516740,2020-06-07 07:59:00+00:00
64960831,jinan-telecom,wuhan-telecom,41.4147,0.0,icmp,1591516860,2020-06-07 08:01:00+00:00
64961070,jinan-telecom,wuhan-telecom,40.469,0.0,icmp,1591516980,2020-06-07 08:03:00+00:00
64961297,jinan-telecom,wuhan-telecom,39.5804,0.0,icmp,1591517045,2020-06-07 08:04:05+00:00
64961515,jinan-telecom,wuhan-telecom,33.1508,0.0,icmp,1591517220,2020-06-07 08:07:00+00:00
64961752,jinan-telecom,wuhan-telecom,31.7146,0.0,icmp,1591517340,2020-06-07 08:09:00+00:00
64961971,jinan-telecom,wuhan-telecom,32.0481,0.0,icmp,1591517460,2020-06-07 08:11:00+00:00
64962191,jinan-telecom,wuhan-telecom,31.1021,0.0,icmp,1591517599,2020-06-07 08:13:19+00:00
64962441,jinan-telecom,wuhan-telecom,32.6254,0.0,icmp,1591517700,2020-06-07 08:15:00+00:00
64962679,jinan-telecom,wuhan-telecom,32.5024,0.0,icmp,1591517820,2020-06-07 08:17:00+00:00
64962894,jinan-telecom,wuhan-telecom,31.2251,0.0,icmp,1591517944,2020-06-07 08:19:04+00:00
64963111,jinan-telecom,wuhan-telecom,31.5929,0.0,icmp,1591518060,2020-06-07 08:21:00+00:00
64963357,jinan-telecom,wuhan-telecom,32.2719,0.0,icmp,1591518180,2020-06-07 08:23:00+00:00
64963584,jinan-telecom,wuhan-telecom,33.5383,0.0,icmp,1591518300,2020-06-07 08:25:00+00:00
64963806,jinan-telecom,wuhan-telecom,32.0643,0.0,icmp,1591518420,2020-06-07 08:27:00+00:00
64964044,jinan-telecom,wuhan-telecom,32.8533,0.0,icmp,1591518540,2020-06-07 08:29:00+00:00
64964257,jinan-telecom,wuhan-telecom,33.9025,0.0,icmp,1591518660,2020-06-07 08:31:00+00:00
64964485,jinan-telecom,wuhan-telecom,33.87,0.0,icmp,1591518780,2020-06-07 08:33:00+00:00
64964729,jinan-telecom,wuhan-telecom,34.134,0.0,icmp,1591518900,2020-06-07 08:35:00+00:00
64964967,jinan-telecom,wuhan-telecom,32.9114,0.0,icmp,1591519020,2020-06-07 08:37:00+00:00
64965187,jinan-telecom,wuhan-telecom,31.1036,0.0,icmp,1591519140,2020-06-07 08:39:00+00:00
64965432,jinan-telecom,wuhan-telecom,32.0226,0.0,icmp,1591519260,2020-06-07 08:41:00+00:00
64965643,jinan-telecom,wuhan-telecom,31.0195,0.0,icmp,1591519339,2020-06-07 08:42:19+00:00
64965874,jinan-telecom,wuhan-telecom,33.4496,0.0,icmp,1591519500,2020-06-07 08:45:00+00:00
64966087,jinan-telecom,wuhan-telecom,31.0281,0.0,icmp,1591519579,2020-06-07 08:46:19+00:00
64966316,jinan-telecom,wuhan-telecom,30.9279,0.0,icmp,1591519759,2020-06-07 08:49:19+00:00
64966540,jinan-telecom,wuhan-telecom,33.2167,0.0,icmp,1591519860,2020-06-07 08:51:00+00:00
64966778,jinan-telecom,wuhan-telecom,30.9871,0.0,icmp,1591519980,2020-06-07 08:53:00+00:00
64967027,jinan-telecom,wuhan-telecom,33.5963,0.0,icmp,1591520100,2020-06-07 08:55:00+00:00
64967237,jinan-telecom,wuhan-telecom,34.1288,0.0,icmp,1591520220,2020-06-07 08:57:00+00:00
64967471,jinan-telecom,wuhan-telecom,33.0426,0.0,icmp,1591520340,2020-06-07 08:59:00+00:00
64967708,jinan-telecom,wuhan-telecom,31.0146,0.0,icmp,1591520479,2020-06-07 09:01:19+00:00
64967929,jinan-telecom,wuhan-telecom,30.9951,0.0,icmp,1591520599,2020-06-07 09:03:19+00:00
64968147,jinan-telecom,wuhan-telecom,33.471,0.0,icmp,1591520700,2020-06-07 09:05:00+00:00
64968381,jinan-telecom,wuhan-telecom,34.2043,0.0,icmp,1591520820,2020-06-07 09:07:00+00:00
64968621,jinan-telecom,wuhan-telecom,30.9915,0.0,icmp,1591520959,2020-06-07 09:09:19+00:00
64968844,jinan-telecom,wuhan-telecom,31.1229,0.0,icmp,1591521060,2020-06-07 09:11:00+00:00
64969069,jinan-telecom,wuhan-telecom,32.1505,0.0,icmp,1591521180,2020-06-07 09:13:00+00:00
64969317,jinan-telecom,wuhan-telecom,34.9415,0.0,icmp,1591521300,2020-06-07 09:15:00+00:00
64969536,jinan-telecom,wuhan-telecom,33.1273,0.0,icmp,1591521420,2020-06-07 09:17:00+00:00
64969779,jinan-telecom,wuhan-telecom,32.4133,0.0,icmp,1591521540,2020-06-07 09:19:00+00:00
64969994,jinan-telecom,wuhan-telecom,31.8946,0.0,icmp,1591521660,2020-06-07 09:21:00+00:00
64970222,jinan-telecom,wuhan-telecom,33.7885,0.0,icmp,1591521780,2020-06-07 09:23:00+00:00
64970445,jinan-telecom,wuhan-telecom,33.2528,0.0,icmp,1591521900,2020-06-07 09:25:00+00:00
64970688,jinan-telecom,wuhan-telecom,32.6915,0.0,icmp,1591522020,2020-06-07 09:27:00+00:00
64970906,jinan-telecom,wuhan-telecom,33.8672,0.0,icmp,1591522140,2020-06-07 09:29:00+00:00
64971130,jinan-telecom,wuhan-telecom,32.1995,0.0,icmp,1591522260,2020-06-07 09:31:00+00:00
64971358,jinan-telecom,wuhan-telecom,33.8243,0.0,icmp,1591522380,2020-06-07 09:33:00+00:00
64971598,jinan-telecom,wuhan-telecom,30.9495,0.0,icmp,1591522459,2020-06-07 09:34:19+00:00
64971839,jinan-telecom,wuhan-telecom,31.3599,0.0,icmp,1591522620,2020-06-07 09:37:00+00:00
64972069,jinan-telecom,wuhan-telecom,32.5087,0.0,icmp,1591522740,2020-06-07 09:39:00+00:00
64972288,jinan-telecom,wuhan-telecom,31.5868,0.0,icmp,1591522860,2020-06-07 09:41:00+00:00
64972520,jinan-telecom,wuhan-telecom,31.5775,0.0,icmp,1591522980,2020-06-07 09:43:00+00:00
64972751,jinan-telecom,wuhan-telecom,32.5178,0.0,icmp,1591523100,2020-06-07 09:45:00+00:00
64972956,jinan-telecom,wuhan-telecom,30.9054,0.0,icmp,1591523179,2020-06-07 09:46:19+00:00
64973179,jinan-telecom,wuhan-telecom,32.1792,0.0,icmp,1591523340,2020-06-07 09:49:00+00:00
64973429,jinan-telecom,wuhan-telecom,30.9404,0.0,icmp,1591523479,2020-06-07 09:51:19+00:00
64973652,jinan-telecom,wuhan-telecom,31.3338,0.0,icmp,1591523580,2020-06-07 09:53:00+00:00
64973889,jinan-telecom,wuhan-telecom,31.8952,0.0,icmp,1591523700,2020-06-07 09:55:00+00:00
64974116,jinan-telecom,wuhan-telecom,32.4964,0.0,icmp,1591523820,2020-06-07 09:57:00+00:00
64974321,jinan-telecom,wuhan-telecom,31.0488,0.0,icmp,1591523959,2020-06-07 09:59:19+00:00
64974564,jinan-telecom,wuhan-telecom,33.3402,0.0,icmp,1591524060,2020-06-07 10:01:00+00:00
64974806,jinan-telecom,wuhan-telecom,32.0157,0.0,icmp,1591524180,2020-06-07 10:03:00+00:00
64975036,jinan-telecom,wuhan-telecom,31.8381,0.0,icmp,1591524300,2020-06-07 10:05:00+00:00
64975270,jinan-telecom,wuhan-telecom,30.9257,0.0,icmp,1591524439,2020-06-07 10:07:19+00:00
64975476,jinan-telecom,wuhan-telecom,34.3681,0.0,icmp,1591524540,2020-06-07 10:09:00+00:00
64975716,jinan-telecom,wuhan-telecom,34.3255,0.0,icmp,1591524660,2020-06-07 10:11:00+00:00
64975943,jinan-telecom,wuhan-telecom,32.4844,0.0,icmp,1591524780,2020-06-07 10:13:00+00:00
64976174,jinan-telecom,wuhan-telecom,34.5396,0.0,icmp,1591524900,2020-06-07 10:15:00+00:00
64976390,jinan-telecom,wuhan-telecom,30.9282,0.0,icmp,1591524979,2020-06-07 10:16:19+00:00
64976649,jinan-telecom,wuhan-telecom,33.9807,0.0,icmp,1591525140,2020-06-07 10:19:00+00:00
64976874,jinan-telecom,wuhan-telecom,32.65,0.0,icmp,1591525260,2020-06-07 10:21:00+00:00
64977102,jinan-telecom,wuhan-telecom,31.0543,0.0,icmp,1591525380,2020-06-07 10:23:00+00:00
64977329,jinan-telecom,wuhan-telecom,32.7935,0.0,icmp,1591525500,2020-06-07 10:25:00+00:00
64977535,jinan-telecom,wuhan-telecom,31.207,0.0,icmp,1591525620,2020-06-07 10:27:00+00:00
64977793,jinan-telecom,wuhan-telecom,32.2373,0.0,icmp,1591525740,2020-06-07 10:29:00+00:00
64978013,jinan-telecom,wuhan-telecom,31.6847,0.0,icmp,1591525860,2020-06-07 10:31:00+00:00
64978222,jinan-telecom,wuhan-telecom,32.7718,0.0,icmp,1591525980,2020-06-07 10:33:00+00:00
64978462,jinan-telecom,wuhan-telecom,31.0891,0.0,icmp,1591526105,2020-06-07 10:35:05+00:00
64978693,jinan-telecom,wuhan-telecom,32.8241,0.0,icmp,1591526220,2020-06-07 10:37:00+00:00
64978910,jinan-telecom,wuhan-telecom,33.3895,0.0,icmp,1591526340,2020-06-07 10:39:00+00:00
64979155,jinan-telecom,wuhan-telecom,30.946,0.0,icmp,1591526419,2020-06-07 10:40:19+00:00
64979374,jinan-telecom,wuhan-telecom,32.595,0.0,icmp,1591526580,2020-06-07 10:43:00+00:00
64979609,jinan-telecom,wuhan-telecom,31.1606,0.0,icmp,1591526659,2020-06-07 10:44:19+00:00
64979853,jinan-telecom,wuhan-telecom,31.865,0.0,icmp,1591526820,2020-06-07 10:47:00+00:00
64980076,jinan-telecom,wuhan-telecom,32.901,0.0,icmp,1591526940,2020-06-07 10:49:00+00:00
64980298,jinan-telecom,wuhan-telecom,35.5733,0.0,icmp,1591527060,2020-06-07 10:51:00+00:00
64980512,jinan-telecom,wuhan-telecom,33.3541,0.0,icmp,1591527180,2020-06-07 10:53:00+00:00
64980765,jinan-telecom,wuhan-telecom,30.9993,0.0,icmp,1591527300,2020-06-07 10:55:00+00:00
64980994,jinan-telecom,wuhan-telecom,31.0256,0.0,icmp,1591527379,2020-06-07 10:56:19+00:00
64981217,jinan-telecom,wuhan-telecom,32.3088,0.0,icmp,1591527540,2020-06-07 10:59:00+00:00
64981436,jinan-telecom,wuhan-telecom,33.6595,0.0,icmp,1591527660,2020-06-07 11:01:00+00:00
64981657,jinan-telecom,wuhan-telecom,32.2013,0.0,icmp,1591527780,2020-06-07 11:03:00+00:00
64981898,jinan-telecom,wuhan-telecom,32.7219,0.0,icmp,1591527900,2020-06-07 11:05:00+00:00
64982116,jinan-telecom,wuhan-telecom,32.1245,0.0,icmp,1591528020,2020-06-07 11:07:00+00:00
64982370,jinan-telecom,wuhan-telecom,31.7084,0.0,icmp,1591528140,2020-06-07 11:09:00+00:00
64982588,jinan-telecom,wuhan-telecom,33.3266,0.0,icmp,1591528260,2020-06-07 11:11:00+00:00
64982802,jinan-telecom,wuhan-telecom,30.9125,0.0,icmp,1591528339,2020-06-07 11:12:19+00:00
64983033,jinan-telecom,wuhan-telecom,34.7577,0.0,icmp,1591528500,2020-06-07 11:15:00+00:00
64983265,jinan-telecom,wuhan-telecom,30.9813,0.0,icmp,1591528639,2020-06-07 11:17:19+00:00
64983514,jinan-telecom,wuhan-telecom,33.1188,0.0,icmp,1591528740,2020-06-07 11:19:00+00:00
64983729,jinan-telecom,wuhan-telecom,31.9934,0.0,icmp,1591528860,2020-06-07 11:21:00+00:00
64983964,jinan-telecom,wuhan-telecom,31.857,0.0,icmp,1591528980,2020-06-07 11:23:00+00:00
64984206,jinan-telecom,wuhan-telecom,31.1243,0.0,icmp,1591529045,2020-06-07 11:24:05+00:00
64984398,jinan-telecom,wuhan-telecom,30.916,0.0,icmp,1591529239,2020-06-07 11:27:19+00:00
64984633,jinan-telecom,wuhan-telecom,30.8796,0.0,icmp,1591529359,2020-06-07 11:29:19+00:00
64984885,jinan-telecom,wuhan-telecom,30.9337,0.0,icmp,1591529479,2020-06-07 11:31:19+00:00
64985107,jinan-telecom,wuhan-telecom,34.2932,0.0,icmp,1591529580,2020-06-07 11:33:00+00:00
64985337,jinan-telecom,wuhan-telecom,33.2184,0.0,icmp,1591529700,2020-06-07 11:35:00+00:00
64985576,jinan-telecom,wuhan-telecom,32.198,0.0,icmp,1591529820,2020-06-07 11:37:00+00:00
64985784,jinan-telecom,wuhan-telecom,32.3511,0.0,icmp,1591529940,2020-06-07 11:39:00+00:00
64986035,jinan-telecom,wuhan-telecom,32.7016,0.0,icmp,1591530060,2020-06-07 11:41:00+00:00
64986257,jinan-telecom,wuhan-telecom,30.9306,0.0,icmp,1591530139,2020-06-07 11:42:19+00:00
64986482,jinan-telecom,wuhan-telecom,30.9658,0.0,icmp,1591530259,2020-06-07 11:44:19+00:00
64986699,jinan-telecom,wuhan-telecom,32.635,0.0,icmp,1591530420,2020-06-07 11:47:00+00:00
64986932,jinan-telecom,wuhan-telecom,32.4688,0.0,icmp,1591530540,2020-06-07 11:49:00+00:00
64987154,jinan-telecom,wuhan-telecom,32.7059,0.0,icmp,1591530660,2020-06-07 11:51:00+00:00
64987397,jinan-telecom,wuhan-telecom,30.9226,0.0,icmp,1591530799,2020-06-07 11:53:19+00:00
64987629,jinan-telecom,wuhan-telecom,33.6792,0.0,icmp,1591530900,2020-06-07 11:55:00+00:00
64987841,jinan-telecom,wuhan-telecom,31.7228,0.0,icmp,1591531020,2020-06-07 11:57:00+00:00
64988077,jinan-telecom,wuhan-telecom,30.9374,0.0,icmp,1591531099,2020-06-07 11:58:19+00:00
64988299,jinan-telecom,wuhan-telecom,33.099,0.0,icmp,1591531260,2020-06-07 12:01:00+00:00
64988529,jinan-telecom,wuhan-telecom,34.2987,0.0,icmp,1591531380,2020-06-07 12:03:00+00:00
64988781,jinan-telecom,wuhan-telecom,31.0134,0.0,icmp,1591531459,2020-06-07 12:04:19+00:00
64988991,jinan-telecom,wuhan-telecom,31.037,0.0,icmp,1591531625,2020-06-07 12:07:05+00:00
64989213,jinan-telecom,wuhan-telecom,31.4198,0.0,icmp,1591531740,2020-06-07 12:09:00+00:00
64989446,jinan-telecom,wuhan-telecom,37.084,0.0,icmp,1591531860,2020-06-07 12:11:00+00:00
64989702,jinan-telecom,wuhan-telecom,32.0601,0.0,icmp,1591531980,2020-06-07 12:13:00+00:00
64989908,jinan-telecom,wuhan-telecom,34.2196,0.0,icmp,1591532100,2020-06-07 12:15:00+00:00
64990154,jinan-telecom,wuhan-telecom,35.2053,0.0,icmp,1591532220,2020-06-07 12:17:00+00:00
64990371,jinan-telecom,wuhan-telecom,36.3929,0.0,icmp,1591532340,2020-06-07 12:19:00+00:00
64990609,jinan-telecom,wuhan-telecom,35.1007,0.0,icmp,1591532460,2020-06-07 12:21:00+00:00
64990821,jinan-telecom,wuhan-telecom,33.5311,0.0,icmp,1591532599,2020-06-07 12:23:19+00:00
64991065,jinan-telecom,wuhan-telecom,37.5397,0.0,icmp,1591532700,2020-06-07 12:25:00+00:00
64991295,jinan-telecom,wuhan-telecom,33.5618,0.0,icmp,1591532839,2020-06-07 12:27:19+00:00
64991521,jinan-telecom,wuhan-telecom,35.4282,0.0,icmp,1591532940,2020-06-07 12:29:00+00:00
64991740,jinan-telecom,wuhan-telecom,33.1508,0.0,icmp,1591533060,2020-06-07 12:31:00+00:00
64991978,jinan-telecom,wuhan-telecom,32.4632,0.0,icmp,1591533180,2020-06-07 12:33:00+00:00
64992203,jinan-telecom,wuhan-telecom,31.1827,0.0,icmp,1591533259,2020-06-07 12:34:19+00:00
64992419,jinan-telecom,wuhan-telecom,32.9712,1.0,icmp,1591533420,2020-06-07 12:37:00+00:00
64992663,jinan-telecom,wuhan-telecom,32.4597,0.0,icmp,1591533540,2020-06-07 12:39:00+00:00
64992900,jinan-telecom,wuhan-telecom,33.4331,0.0,icmp,1591533660,2020-06-07 12:41:00+00:00
64993115,jinan-telecom,wuhan-telecom,33.6579,0.0,icmp,1591533780,2020-06-07 12:43:00+00:00
64993337,jinan-telecom,wuhan-telecom,31.172,0.0,icmp,1591533904,2020-06-07 12:45:04+00:00
64993573,jinan-telecom,wuhan-telecom,33.5013,1.0,icmp,1591534020,2020-06-07 12:47:00+00:00
64993809,jinan-telecom,wuhan-telecom,30.9365,0.0,icmp,1591534099,2020-06-07 12:48:19+00:00
64994049,jinan-telecom,wuhan-telecom,33.3574,0.0,icmp,1591534260,2020-06-07 12:51:00+00:00
64994277,jinan-telecom,wuhan-telecom,35.8819,0.0,icmp,1591534380,2020-06-07 12:53:00+00:00
64994486,jinan-telecom,wuhan-telecom,35.0902,0.0,icmp,1591534500,2020-06-07 12:55:00+00:00
64994730,jinan-telecom,wuhan-telecom,33.391,0.0,icmp,1591534565,2020-06-07 12:56:05+00:00
64994942,jinan-telecom,wuhan-telecom,38.3106,0.0,icmp,1591534740,2020-06-07 12:59:00+00:00
64995184,jinan-telecom,wuhan-telecom,34.7246,0.0,icmp,1591534860,2020-06-07 13:01:00+00:00
64995404,jinan-telecom,wuhan-telecom,34.0656,0.0,icmp,1591534980,2020-06-07 13:03:00+00:00
64995642,jinan-telecom,wuhan-telecom,34.0546,0.0,icmp,1591535100,2020-06-07 13:05:00+00:00
64995882,jinan-telecom,wuhan-telecom,34.9571,0.0,icmp,1591535220,2020-06-07 13:07:00+00:00
64996123,jinan-telecom,wuhan-telecom,37.0268,0.0,icmp,1591535340,2020-06-07 13:09:00+00:00
64996318,jinan-telecom,wuhan-telecom,38.1533,0.0,icmp,1591535460,2020-06-07 13:11:00+00:00
64996567,jinan-telecom,wuhan-telecom,39.8458,0.0,icmp,1591535580,2020-06-07 13:13:00+00:00
64996794,jinan-telecom,wuhan-telecom,39.642,0.0,icmp,1591535700,2020-06-07 13:15:00+00:00
64997000,jinan-telecom,wuhan-telecom,40.6307,0.0,icmp,1591535820,2020-06-07 13:17:00+00:00
64997247,jinan-telecom,wuhan-telecom,41.8543,0.0,icmp,1591535940,2020-06-07 13:19:00+00:00
64997466,jinan-telecom,wuhan-telecom,41.2073,0.0,icmp,1591536060,2020-06-07 13:21:00+00:00
64997711,jinan-telecom,wuhan-telecom,41.7602,0.0,icmp,1591536180,2020-06-07 13:23:00+00:00
64997915,jinan-telecom,wuhan-telecom,39.585,0.0,icmp,1591536319,2020-06-07 13:25:19+00:00
64998145,jinan-telecom,wuhan-telecom,39.5134,0.0,icmp,1591536439,2020-06-07 13:27:19+00:00
64998396,jinan-telecom,wuhan-telecom,42.246,0.0,icmp,1591536540,2020-06-07 13:29:00+00:00
64998624,jinan-telecom,wuhan-telecom,40.6243,0.0,icmp,1591536660,2020-06-07 13:31:00+00:00
64998863,jinan-telecom,wuhan-telecom,40.581,0.0,icmp,1591536780,2020-06-07 13:33:00+00:00
64999070,jinan-telecom,wuhan-telecom,40.4089,0.0,icmp,1591536900,2020-06-07 13:35:00+00:00
64999310,jinan-telecom,wuhan-telecom,40.7447,0.0,icmp,1591537020,2020-06-07 13:37:00+00:00
64999526,jinan-telecom,wuhan-telecom,41.1032,0.0,icmp,1591537140,2020-06-07 13:39:00+00:00
64999774,jinan-telecom,wuhan-telecom,40.5822,0.0,icmp,1591537260,2020-06-07 13:41:00+00:00
64999980,jinan-telecom,wuhan-telecom,39.4798,0.0,icmp,1591537399,2020-06-07 13:43:19+00:00
65000209,jinan-telecom,wuhan-telecom,41.2905,0.0,icmp,1591537500,2020-06-07 13:45:00+00:00
65000455,jinan-telecom,wuhan-telecom,41.4924,0.0,icmp,1591537620,2020-06-07 13:47:00+00:00
65000673,jinan-telecom,wuhan-telecom,42.8849,0.0,icmp,1591537740,2020-06-07 13:49:00+00:00
65000916,jinan-telecom,wuhan-telecom,39.5568,0.0,icmp,1591537819,2020-06-07 13:50:19+00:00
65001126,jinan-telecom,wuhan-telecom,39.5221,0.0,icmp,1591537999,2020-06-07 13:53:19+00:00
65001366,jinan-telecom,wuhan-telecom,40.1823,0.0,icmp,1591538100,2020-06-07 13:55:00+00:00
65001594,jinan-telecom,wuhan-telecom,39.583,0.0,icmp,1591538239,2020-06-07 13:57:19+00:00
65001828,jinan-telecom,wuhan-telecom,39.5452,0.0,icmp,1591538359,2020-06-07 13:59:19+00:00
65002056,jinan-telecom,wuhan-telecom,39.5995,0.0,icmp,1591538479,2020-06-07 14:01:19+00:00
65002278,jinan-telecom,wuhan-telecom,40.9491,0.0,icmp,1591538580,2020-06-07 14:03:00+00:00
65002515,jinan-telecom,wuhan-telecom,39.4497,0.0,icmp,1591538659,2020-06-07 14:04:19+00:00
65002739,jinan-telecom,wuhan-telecom,39.6162,0.0,icmp,1591538766,2020-06-07 14:06:06+00:00
65002964,jinan-telecom,wuhan-telecom,42.8799,0.0,icmp,1591538940,2020-06-07 14:09:00+00:00
65003180,jinan-telecom,wuhan-telecom,39.5425,0.0,icmp,1591539019,2020-06-07 14:10:19+00:00
65003412,jinan-telecom,wuhan-telecom,41.052,0.0,icmp,1591539180,2020-06-07 14:13:00+00:00
65003675,jinan-telecom,wuhan-telecom,39.9527,0.0,icmp,1591539300,2020-06-07 14:15:00+00:00
65003877,jinan-telecom,wuhan-telecom,40.3538,0.0,icmp,1591539420,2020-06-07 14:17:00+00:00
65004111,jinan-telecom,wuhan-telecom,39.5332,0.0,icmp,1591539559,2020-06-07 14:19:19+00:00
65004341,jinan-telecom,wuhan-telecom,40.8867,0.0,icmp,1591539660,2020-06-07 14:21:00+00:00
65004566,jinan-telecom,wuhan-telecom,39.9017,0.0,icmp,1591539780,2020-06-07 14:23:00+00:00
65004798,jinan-telecom,wuhan-telecom,39.4982,0.0,icmp,1591539859,2020-06-07 14:24:19+00:00
65005024,jinan-telecom,wuhan-telecom,41.081,0.0,icmp,1591540020,2020-06-07 14:27:00+00:00
65005273,jinan-telecom,wuhan-telecom,39.4969,0.0,icmp,1591540099,2020-06-07 14:28:19+00:00
65005478,jinan-telecom,wuhan-telecom,40.7229,0.0,icmp,1591540260,2020-06-07 14:31:00+00:00
65005709,jinan-telecom,wuhan-telecom,39.5012,0.0,icmp,1591540339,2020-06-07 14:32:19+00:00
65005944,jinan-telecom,wuhan-telecom,40.241,0.0,icmp,1591540500,2020-06-07 14:35:00+00:00
65006187,jinan-telecom,wuhan-telecom,39.9015,0.0,icmp,1591540625,2020-06-07 14:37:05+00:00
65006398,jinan-telecom,wuhan-telecom,42.2397,0.0,icmp,1591540740,2020-06-07 14:39:00+00:00
65006632,jinan-telecom,wuhan-telecom,39.5157,0.0,icmp,1591540819,2020-06-07 14:40:19+00:00
65006853,jinan-telecom,wuhan-telecom,39.5646,0.0,icmp,1591540939,2020-06-07 14:42:19+00:00
65007096,jinan-telecom,wuhan-telecom,41.2983,0.0,icmp,1591541100,2020-06-07 14:45:00+00:00
65007307,jinan-telecom,wuhan-telecom,42.585,0.0,icmp,1591541220,2020-06-07 14:47:00+00:00
65007554,jinan-telecom,wuhan-telecom,39.5755,0.0,icmp,1591541359,2020-06-07 14:49:19+00:00
65007757,jinan-telecom,wuhan-telecom,40.7226,0.0,icmp,1591541460,2020-06-07 14:51:00+00:00
65007999,jinan-telecom,wuhan-telecom,41.727,0.0,icmp,1591541580,2020-06-07 14:53:00+00:00
65008227,jinan-telecom,wuhan-telecom,39.4839,0.0,icmp,1591541719,2020-06-07 14:55:19+00:00
65008459,jinan-telecom,wuhan-telecom,41.3215,0.0,icmp,1591541820,2020-06-07 14:57:00+00:00
65008687,jinan-telecom,wuhan-telecom,39.7748,0.0,icmp,1591541885,2020-06-07 14:58:05+00:00
65008945,jinan-telecom,wuhan-telecom,42.2043,0.0,icmp,1591542060,2020-06-07 15:01:00+00:00
65009151,jinan-telecom,wuhan-telecom,40.1743,0.0,icmp,1591542180,2020-06-07 15:03:00+00:00
65009380,jinan-telecom,wuhan-telecom,40.1971,0.0,icmp,1591542300,2020-06-07 15:05:00+00:00
65009602,jinan-telecom,wuhan-telecom,42.1459,0.0,icmp,1591542420,2020-06-07 15:07:00+00:00
65009841,jinan-telecom,wuhan-telecom,39.5414,0.0,icmp,1591542499,2020-06-07 15:08:19+00:00
65010072,jinan-telecom,wuhan-telecom,40.3698,0.0,icmp,1591542660,2020-06-07 15:11:00+00:00
65010291,jinan-telecom,wuhan-telecom,42.0547,0.0,icmp,1591542780,2020-06-07 15:13:00+00:00
65010514,jinan-telecom,wuhan-telecom,41.0397,0.0,icmp,1591542900,2020-06-07 15:15:00+00:00
65010743,jinan-telecom,wuhan-telecom,41.4426,0.0,icmp,1591543020,2020-06-07 15:17:00+00:00
65010998,jinan-telecom,wuhan-telecom,39.782,0.0,icmp,1591543099,2020-06-07 15:18:19+00:00
65011224,jinan-telecom,wuhan-telecom,41.6451,0.0,icmp,1591543260,2020-06-07 15:21:00+00:00
65011438,jinan-telecom,wuhan-telecom,40.5281,0.0,icmp,1591543380,2020-06-07 15:23:00+00:00
65011665,jinan-telecom,wuhan-telecom,39.9834,0.0,icmp,1591543500,2020-06-07 15:25:00+00:00
65011891,jinan-telecom,wuhan-telecom,40.8571,0.0,icmp,1591543620,2020-06-07 15:27:00+00:00
65012144,jinan-telecom,wuhan-telecom,39.9538,0.0,icmp,1591543740,2020-06-07 15:29:00+00:00
65012347,jinan-telecom,wuhan-telecom,41.3996,0.0,icmp,1591543860,2020-06-07 15:31:00+00:00
65012578,jinan-telecom,wuhan-telecom,41.2965,0.0,icmp,1591543980,2020-06-07 15:33:00+00:00
65012789,jinan-telecom,wuhan-telecom,39.4956,0.0,icmp,1591544119,2020-06-07 15:35:19+00:00
65013042,jinan-telecom,wuhan-telecom,40.7731,0.0,icmp,1591544220,2020-06-07 15:37:00+00:00
65013274,jinan-telecom,wuhan-telecom,40.6595,0.0,icmp,1591544340,2020-06-07 15:39:00+00:00
65013491,jinan-telecom,wuhan-telecom,41.6592,0.0,icmp,1591544460,2020-06-07 15:41:00+00:00
65013721,jinan-telecom,wuhan-telecom,39.492,0.0,icmp,1591544599,2020-06-07 15:43:19+00:00
65013959,jinan-telecom,wuhan-telecom,41.957,0.0,icmp,1591544700,2020-06-07 15:45:00+00:00
65014177,jinan-telecom,wuhan-telecom,41.8728,0.0,icmp,1591544820,2020-06-07 15:47:00+00:00
65014406,jinan-telecom,wuhan-telecom,41.2824,0.0,icmp,1591544940,2020-06-07 15:49:00+00:00
65014654,jinan-telecom,wuhan-telecom,39.5,0.0,icmp,1591545079,2020-06-07 15:51:19+00:00
65014861,jinan-telecom,wuhan-telecom,40.7725,0.0,icmp,1591545180,2020-06-07 15:53:00+00:00
65015111,jinan-telecom,wuhan-telecom,40.7747,0.0,icmp,1591545300,2020-06-07 15:55:00+00:00
65015346,jinan-telecom,wuhan-telecom,39.558,0.0,icmp,1591545439,2020-06-07 15:57:19+00:00
65015567,jinan-telecom,wuhan-telecom,40.8492,0.0,icmp,1591545540,2020-06-07 15:59:00+00:00
65015785,jinan-telecom,wuhan-telecom,43.8284,0.0,icmp,1591545660,2020-06-07 16:01:00+00:00
65016007,jinan-telecom,wuhan-telecom,40.8906,0.0,icmp,1591545780,2020-06-07 16:03:00+00:00
65016246,jinan-telecom,wuhan-telecom,40.6634,0.0,icmp,1591545900,2020-06-07 16:05:00+00:00
65016483,jinan-telecom,wuhan-telecom,40.196,0.0,icmp,1591546020,2020-06-07 16:07:00+00:00
65016704,jinan-telecom,wuhan-telecom,43.0758,0.0,icmp,1591546140,2020-06-07 16:09:00+00:00
65016921,jinan-telecom,wuhan-telecom,40.5401,0.0,icmp,1591546260,2020-06-07 16:11:00+00:00
65017171,jinan-telecom,wuhan-telecom,40.3905,0.0,icmp,1591546380,2020-06-07 16:13:00+00:00
65017387,jinan-telecom,wuhan-telecom,39.4713,0.0,icmp,1591546519,2020-06-07 16:15:19+00:00
65017632,jinan-telecom,wuhan-telecom,40.9279,0.0,icmp,1591546620,2020-06-07 16:17:00+00:00
65017852,jinan-telecom,wuhan-telecom,39.9563,0.0,icmp,1591546740,2020-06-07 16:19:00+00:00
65018071,jinan-telecom,wuhan-telecom,40.6406,0.0,icmp,1591546860,2020-06-07 16:21:00+00:00
65018334,jinan-telecom,wuhan-telecom,40.2939,0.0,icmp,1591546980,2020-06-07 16:23:00+00:00
65018537,jinan-telecom,wuhan-telecom,39.4887,0.0,icmp,1591547059,2020-06-07 16:24:19+00:00
65018761,jinan-telecom,wuhan-telecom,40.9724,0.0,icmp,1591547220,2020-06-07 16:27:00+00:00
65019001,jinan-telecom,wuhan-telecom,39.4797,0.0,icmp,1591547359,2020-06-07 16:29:19+00:00
65019230,jinan-telecom,wuhan-telecom,40.585,0.0,icmp,1591547460,2020-06-07 16:31:00+00:00
65019464,jinan-telecom,wuhan-telecom,40.1435,0.0,icmp,1591547580,2020-06-07 16:33:00+00:00
65019672,jinan-telecom,wuhan-telecom,41.5011,0.0,icmp,1591547700,2020-06-07 16:35:00+00:00
65019922,jinan-telecom,wuhan-telecom,39.5151,0.0,icmp,1591547839,2020-06-07 16:37:19+00:00
65020169,jinan-telecom,wuhan-telecom,40.2383,0.0,icmp,1591547940,2020-06-07 16:39:00+00:00
65020387,jinan-telecom,wuhan-telecom,40.9362,0.0,icmp,1591548060,2020-06-07 16:41:00+00:00
65020592,jinan-telecom,wuhan-telecom,40.475,0.0,icmp,1591548180,2020-06-07 16:43:00+00:00
65020817,jinan-telecom,wuhan-telecom,40.6725,0.0,icmp,1591548300,2020-06-07 16:45:00+00:00
65021054,jinan-telecom,wuhan-telecom,39.5478,0.0,icmp,1591548439,2020-06-07 16:47:19+00:00
65021264,jinan-telecom,wuhan-telecom,40.3676,0.0,icmp,1591548540,2020-06-07 16:49:00+00:00
65021504,jinan-telecom,wuhan-telecom,39.5052,0.0,icmp,1591548619,2020-06-07 16:50:19+00:00
65021754,jinan-telecom,wuhan-telecom,41.0159,0.0,icmp,1591548780,2020-06-07 16:53:00+00:00
65021981,jinan-telecom,wuhan-telecom,40.7723,0.0,icmp,1591548900,2020-06-07 16:55:00+00:00
65022197,jinan-telecom,wuhan-telecom,42.1039,0.0,icmp,1591549020,2020-06-07 16:57:00+00:00
65022436,jinan-telecom,wuhan-telecom,41.0413,0.0,icmp,1591549140,2020-06-07 16:59:00+00:00
65022653,jinan-telecom,wuhan-telecom,40.0075,0.0,icmp,1591549260,2020-06-07 17:01:00+00:00
65022904,jinan-telecom,wuhan-telecom,39.4974,0.0,icmp,1591549339,2020-06-07 17:02:19+00:00
65023102,jinan-telecom,wuhan-telecom,40.9549,0.0,icmp,1591549500,2020-06-07 17:05:00+00:00
65023335,jinan-telecom,wuhan-telecom,39.9347,0.0,icmp,1591549620,2020-06-07 17:07:00+00:00
65023568,jinan-telecom,wuhan-telecom,40.6371,0.0,icmp,1591549740,2020-06-07 17:09:00+00:00
65023824,jinan-telecom,wuhan-telecom,40.5381,0.0,icmp,1591549860,2020-06-07 17:11:00+00:00
65024021,jinan-telecom,wuhan-telecom,40.6547,0.0,icmp,1591549980,2020-06-07 17:13:00+00:00
65024261,jinan-telecom,wuhan-telecom,40.0021,0.0,icmp,1591550100,2020-06-07 17:15:00+00:00
65024488,jinan-telecom,wuhan-telecom,40.5733,0.0,icmp,1591550220,2020-06-07 17:17:00+00:00
65024726,jinan-telecom,wuhan-telecom,40.6824,0.0,icmp,1591550340,2020-06-07 17:19:00+00:00
65024944,jinan-telecom,wuhan-telecom,42.2666,0.0,icmp,1591550460,2020-06-07 17:21:00+00:00
65025179,jinan-telecom,wuhan-telecom,41.297,0.0,icmp,1591550580,2020-06-07 17:23:00+00:00
65025395,jinan-telecom,wuhan-telecom,40.7741,0.0,icmp,1591550700,2020-06-07 17:25:00+00:00
65025628,jinan-telecom,wuhan-telecom,40.9525,0.0,icmp,1591550820,2020-06-07 17:27:00+00:00
65025860,jinan-telecom,wuhan-telecom,40.3803,0.0,icmp,1591550940,2020-06-07 17:29:00+00:00
65026095,jinan-telecom,wuhan-telecom,41.1197,0.0,icmp,1591551060,2020-06-07 17:31:00+00:00
65026311,jinan-telecom,wuhan-telecom,39.5537,0.0,icmp,1591551199,2020-06-07 17:33:19+00:00
65026559,jinan-telecom,wuhan-telecom,40.466,0.0,icmp,1591551300,2020-06-07 17:35:00+00:00
65026780,jinan-telecom,wuhan-telecom,39.4776,0.0,icmp,1591551439,2020-06-07 17:37:19+00:00
65026999,jinan-telecom,wuhan-telecom,41.2428,0.0,icmp,1591551540,2020-06-07 17:39:00+00:00
65027235,jinan-telecom,wuhan-telecom,39.7652,0.0,icmp,1591551660,2020-06-07 17:41:00+00:00
65027468,jinan-telecom,wuhan-telecom,39.4943,0.0,icmp,1591551799,2020-06-07 17:43:19+00:00
65027686,jinan-telecom,wuhan-telecom,41.3282,0.0,icmp,1591551900,2020-06-07 17:45:00+00:00
65027919,jinan-telecom,wuhan-telecom,40.4126,0.0,icmp,1591552020,2020-06-07 17:47:00+00:00
65028163,jinan-telecom,wuhan-telecom,42.1031,0.0,icmp,1591552140,2020-06-07 17:49:00+00:00
65028404,jinan-telecom,wuhan-telecom,42.1293,0.0,icmp,1591552260,2020-06-07 17:51:00+00:00
65028622,jinan-telecom,wuhan-telecom,40.6948,0.0,icmp,1591552380,2020-06-07 17:53:00+00:00
65028850,jinan-telecom,wuhan-telecom,41.1326,0.0,icmp,1591552500,2020-06-07 17:55:00+00:00
65029078,jinan-telecom,wuhan-telecom,42.0745,0.0,icmp,1591552620,2020-06-07 17:57:00+00:00
65029291,jinan-telecom,wuhan-telecom,41.5342,0.0,icmp,1591552740,2020-06-07 17:59:00+00:00
65029522,jinan-telecom,wuhan-telecom,41.962,0.0,icmp,1591552860,2020-06-07 18:01:00+00:00
65029775,jinan-telecom,wuhan-telecom,40.1711,0.0,icmp,1591552980,2020-06-07 18:03:00+00:00
65029987,jinan-telecom,wuhan-telecom,39.815,0.0,icmp,1591553100,2020-06-07 18:05:00+00:00
65030228,jinan-telecom,wuhan-telecom,40.8778,0.0,icmp,1591553220,2020-06-07 18:07:00+00:00
65030457,jinan-telecom,wuhan-telecom,40.5098,0.0,icmp,1591553340,2020-06-07 18:09:00+00:00
65030681,jinan-telecom,wuhan-telecom,39.5152,0.0,icmp,1591553479,2020-06-07 18:11:19+00:00
65030892,jinan-telecom,wuhan-telecom,39.4743,0.0,icmp,1591553599,2020-06-07 18:13:19+00:00
65031130,jinan-telecom,wuhan-telecom,39.9848,0.0,icmp,1591553700,2020-06-07 18:15:00+00:00
65031379,jinan-telecom,wuhan-telecom,40.005,0.0,icmp,1591553820,2020-06-07 18:17:00+00:00
65031580,jinan-telecom,wuhan-telecom,40.495,0.0,icmp,1591553940,2020-06-07 18:19:00+00:00
65031807,jinan-telecom,wuhan-telecom,40.7856,0.0,icmp,1591554060,2020-06-07 18:21:00+00:00
65032042,jinan-telecom,wuhan-telecom,39.4584,0.0,icmp,1591554199,2020-06-07 18:23:19+00:00
65032278,jinan-telecom,wuhan-telecom,39.5679,0.0,icmp,1591554305,2020-06-07 18:25:05+00:00
65032508,jinan-telecom,wuhan-telecom,40.5115,0.0,icmp,1591554420,2020-06-07 18:27:00+00:00
65032734,jinan-telecom,wuhan-telecom,39.48,0.0,icmp,1591554559,2020-06-07 18:29:19+00:00
65032970,jinan-telecom,wuhan-telecom,40.4434,0.0,icmp,1591554660,2020-06-07 18:31:00+00:00
65033189,jinan-telecom,wuhan-telecom,39.4625,0.0,icmp,1591554739,2020-06-07 18:32:19+00:00
65033417,jinan-telecom,wuhan-telecom,40.9843,0.0,icmp,1591554900,2020-06-07 18:35:00+00:00
65033666,jinan-telecom,wuhan-telecom,39.4707,0.0,icmp,1591554979,2020-06-07 18:36:19+00:00
65033880,jinan-telecom,wuhan-telecom,40.6202,0.0,icmp,1591555140,2020-06-07 18:39:00+00:00
65034105,jinan-telecom,wuhan-telecom,40.4274,0.0,icmp,1591555260,2020-06-07 18:41:00+00:00
65034360,jinan-telecom,wuhan-telecom,40.6484,0.0,icmp,1591555380,2020-06-07 18:43:00+00:00
65034577,jinan-telecom,wuhan-telecom,39.5449,0.0,icmp,1591555459,2020-06-07 18:44:19+00:00
65034789,jinan-telecom,wuhan-telecom,40.7611,0.0,icmp,1591555620,2020-06-07 18:47:00+00:00
65035036,jinan-telecom,wuhan-telecom,43.0659,0.0,icmp,1591555740,2020-06-07 18:49:00+00:00
65035283,jinan-telecom,wuhan-telecom,39.4756,0.0,icmp,1591555879,2020-06-07 18:51:19+00:00
65035498,jinan-telecom,wuhan-telecom,40.8934,0.0,icmp,1591555980,2020-06-07 18:53:00+00:00
65035684,jinan-telecom,wuhan-telecom,39.8447,0.0,icmp,1591556100,2020-06-07 18:55:00+00:00
65035948,jinan-telecom,wuhan-telecom,40.8578,0.0,icmp,1591556220,2020-06-07 18:57:00+00:00
65036159,jinan-telecom,wuhan-telecom,39.5165,0.0,icmp,1591556299,2020-06-07 18:58:19+00:00
65036391,jinan-telecom,wuhan-telecom,40.479,0.0,icmp,1591556460,2020-06-07 19:01:00+00:00
65036650,jinan-telecom,wuhan-telecom,41.4702,0.0,icmp,1591556580,2020-06-07 19:03:00+00:00
65036858,jinan-telecom,wuhan-telecom,40.4077,0.0,icmp,1591556700,2020-06-07 19:05:00+00:00
65037101,jinan-telecom,wuhan-telecom,39.9495,0.0,icmp,1591556820,2020-06-07 19:07:00+00:00
65037332,jinan-telecom,wuhan-telecom,40.4539,0.0,icmp,1591556940,2020-06-07 19:09:00+00:00
65037561,jinan-telecom,wuhan-telecom,41.9122,0.0,icmp,1591557060,2020-06-07 19:11:00+00:00
65037767,jinan-telecom,wuhan-telecom,43.3503,0.0,icmp,1591557180,2020-06-07 19:13:00+00:00
65038017,jinan-telecom,wuhan-telecom,41.1472,0.0,icmp,1591557300,2020-06-07 19:15:00+00:00
65038234,jinan-telecom,wuhan-telecom,41.6749,0.0,icmp,1591557420,2020-06-07 19:17:00+00:00
65038471,jinan-telecom,wuhan-telecom,40.4686,0.0,icmp,1591557540,2020-06-07 19:19:00+00:00
65038694,jinan-telecom,wuhan-telecom,41.5483,0.0,icmp,1591557660,2020-06-07 19:21:00+00:00
65038910,jinan-telecom,wuhan-telecom,39.4185,0.0,icmp,1591557739,2020-06-07 19:22:19+00:00
65039131,jinan-telecom,wuhan-telecom,41.0985,0.0,icmp,1591557900,2020-06-07 19:25:00+00:00
65039371,jinan-telecom,wuhan-telecom,40.9485,0.0,icmp,1591558020,2020-06-07 19:27:00+00:00
65039602,jinan-telecom,wuhan-telecom,39.4633,0.0,icmp,1591558099,2020-06-07 19:28:19+00:00
65039838,jinan-telecom,wuhan-telecom,40.4734,0.0,icmp,1591558260,2020-06-07 19:31:00+00:00
65040071,jinan-telecom,wuhan-telecom,42.0885,0.0,icmp,1591558380,2020-06-07 19:33:00+00:00
65040293,jinan-telecom,wuhan-telecom,42.5309,0.0,icmp,1591558500,2020-06-07 19:35:00+00:00
65040510,jinan-telecom,wuhan-telecom,40.7611,0.0,icmp,1591558620,2020-06-07 19:37:00+00:00
65040766,jinan-telecom,wuhan-telecom,39.4742,0.0,icmp,1591558699,2020-06-07 19:38:19+00:00
65040984,jinan-telecom,wuhan-telecom,41.2849,0.0,icmp,1591558860,2020-06-07 19:41:00+00:00
65041207,jinan-telecom,wuhan-telecom,40.6343,0.0,icmp,1591558980,2020-06-07 19:43:00+00:00
65041425,jinan-telecom,wuhan-telecom,42.0754,0.0,icmp,1591559100,2020-06-07 19:45:00+00:00
69746010,jinan-telecom,wuhan-telecom,41.539,0.0,icmp,1591559220,2020-06-07 19:47:00+00:00
69746262,jinan-telecom,wuhan-telecom,41.8874,0.0,icmp,1591559340,2020-06-07 19:49:00+00:00
69746489,jinan-telecom,wuhan-telecom,40.6345,0.0,icmp,1591559460,2020-06-07 19:51:00+00:00
69746714,jinan-telecom,wuhan-telecom,39.4351,0.0,icmp,1591559539,2020-06-07 19:52:19+00:00
69746931,jinan-telecom,wuhan-telecom,41.2694,0.0,icmp,1591559700,2020-06-07 19:55:00+00:00
69747169,jinan-telecom,wuhan-telecom,41.0824,0.0,icmp,1591559820,2020-06-07 19:57:00+00:00
69747414,jinan-telecom,wuhan-telecom,39.5647,0.0,icmp,1591559959,2020-06-07 19:59:19+00:00
69747631,jinan-telecom,wuhan-telecom,43.8288,0.0,icmp,1591560060,2020-06-07 20:01:00+00:00
69747868,jinan-telecom,wuhan-telecom,40.0807,0.0,icmp,1591560180,2020-06-07 20:03:00+00:00
69748080,jinan-telecom,wuhan-telecom,43.3316,0.0,icmp,1591560300,2020-06-07 20:05:00+00:00
69748296,jinan-telecom,wuhan-telecom,42.0647,0.0,icmp,1591560420,2020-06-07 20:07:00+00:00
69748532,jinan-telecom,wuhan-telecom,41.7605,0.0,icmp,1591560540,2020-06-07 20:09:00+00:00
69748776,jinan-telecom,wuhan-telecom,39.5348,0.0,icmp,1591560679,2020-06-07 20:11:19+00:00
69748995,jinan-telecom,wuhan-telecom,41.4785,0.0,icmp,1591560780,2020-06-07 20:13:00+00:00
69749214,jinan-telecom,wuhan-telecom,41.4276,0.0,icmp,1591560900,2020-06-07 20:15:00+00:00
69749443,jinan-telecom,wuhan-telecom,42.2803,0.0,icmp,1591561020,2020-06-07 20:17:00+00:00
69749676,jinan-telecom,wuhan-telecom,41.2071,0.0,icmp,1591561140,2020-06-07 20:19:00+00:00
69749928,jinan-telecom,wuhan-telecom,41.8232,0.0,icmp,1591561260,2020-06-07 20:21:00+00:00
69750112,jinan-telecom,wuhan-telecom,39.4558,0.0,icmp,1591561339,2020-06-07 20:22:19+00:00
69750377,jinan-telecom,wuhan-telecom,39.5146,0.0,icmp,1591561519,2020-06-07 20:25:19+00:00
69750613,jinan-telecom,wuhan-telecom,39.7357,0.0,icmp,1591561639,2020-06-07 20:27:19+00:00
69750838,jinan-telecom,wuhan-telecom,42.7217,0.0,icmp,1591561740,2020-06-07 20:29:00+00:00
69751093,jinan-telecom,wuhan-telecom,41.1378,0.0,icmp,1591561860,2020-06-07 20:31:00+00:00
69751284,jinan-telecom,wuhan-telecom,41.1622,0.0,icmp,1591561980,2020-06-07 20:33:00+00:00
69751516,jinan-telecom,wuhan-telecom,41.0458,0.0,icmp,1591562100,2020-06-07 20:35:00+00:00
69751757,jinan-telecom,wuhan-telecom,39.4925,0.0,icmp,1591562239,2020-06-07 20:37:19+00:00
69751962,jinan-telecom,wuhan-telecom,40.6316,0.0,icmp,1591562340,2020-06-07 20:39:00+00:00
69752192,jinan-telecom,wuhan-telecom,42.5509,0.0,icmp,1591562460,2020-06-07 20:41:00+00:00
69752429,jinan-telecom,wuhan-telecom,40.7495,0.0,icmp,1591562580,2020-06-07 20:43:00+00:00
69752652,jinan-telecom,wuhan-telecom,40.251,0.0,icmp,1591562700,2020-06-07 20:45:00+00:00
69752881,jinan-telecom,wuhan-telecom,40.8869,0.0,icmp,1591562820,2020-06-07 20:47:00+00:00
69753119,jinan-telecom,wuhan-telecom,40.2712,0.0,icmp,1591562940,2020-06-07 20:49:00+00:00
69753361,jinan-telecom,wuhan-telecom,39.5029,0.0,icmp,1591563079,2020-06-07 20:51:19+00:00
69753587,jinan-telecom,wuhan-telecom,42.3298,0.0,icmp,1591563180,2020-06-07 20:53:00+00:00
69753806,jinan-telecom,wuhan-telecom,40.7685,0.0,icmp,1591563300,2020-06-07 20:55:00+00:00
69754046,jinan-telecom,wuhan-telecom,41.2713,0.0,icmp,1591563420,2020-06-07 20:57:00+00:00
69754268,jinan-telecom,wuhan-telecom,44.2795,0.0,icmp,1591563540,2020-06-07 20:59:00+00:00
69754497,jinan-telecom,wuhan-telecom,42.3263,0.0,icmp,1591563660,2020-06-07 21:01:00+00:00
69754722,jinan-telecom,wuhan-telecom,42.2806,0.0,icmp,1591563780,2020-06-07 21:03:00+00:00
69754950,jinan-telecom,wuhan-telecom,39.8239,0.0,icmp,1591563900,2020-06-07 21:05:00+00:00
69755187,jinan-telecom,wuhan-telecom,39.4717,0.0,icmp,1591564039,2020-06-07 21:07:19+00:00
69755412,jinan-telecom,wuhan-telecom,41.0839,0.0,icmp,1591564140,2020-06-07 21:09:00+00:00
69755624,jinan-telecom,wuhan-telecom,39.4654,0.0,icmp,1591564219,2020-06-07 21:10:19+00:00
69755883,jinan-telecom,wuhan-telecom,40.9045,0.0,icmp,1591564380,2020-06-07 21:13:00+00:00
69756108,jinan-telecom,wuhan-telecom,40.3248,0.0,icmp,1591564500,2020-06-07 21:15:00+00:00
69756325,jinan-telecom,wuhan-telecom,41.7769,0.0,icmp,1591564620,2020-06-07 21:17:00+00:00
69756563,jinan-telecom,wuhan-telecom,39.4923,0.0,icmp,1591564759,2020-06-07 21:19:19+00:00
69756780,jinan-telecom,wuhan-telecom,39.5416,0.0,icmp,1591564879,2020-06-07 21:21:19+00:00
69757001,jinan-telecom,wuhan-telecom,40.2075,0.0,icmp,1591564980,2020-06-07 21:23:00+00:00
69757237,jinan-telecom,wuhan-telecom,39.5068,0.0,icmp,1591565119,2020-06-07 21:25:19+00:00
69757459,jinan-telecom,wuhan-telecom,40.6561,0.0,icmp,1591565220,2020-06-07 21:27:00+00:00
69757703,jinan-telecom,wuhan-telecom,40.2486,0.0,icmp,1591565340,2020-06-07 21:29:00+00:00
69757922,jinan-telecom,wuhan-telecom,39.9713,0.0,icmp,1591565460,2020-06-07 21:31:00+00:00
69758154,jinan-telecom,wuhan-telecom,39.5197,0.0,icmp,1591565599,2020-06-07 21:33:19+00:00
69758400,jinan-telecom,wuhan-telecom,40.9705,0.0,icmp,1591565700,2020-06-07 21:35:00+00:00
69758610,jinan-telecom,wuhan-telecom,42.142,0.0,icmp,1591565820,2020-06-07 21:37:00+00:00
69758846,jinan-telecom,wuhan-telecom,39.4947,0.0,icmp,1591565899,2020-06-07 21:38:19+00:00
69759088,jinan-telecom,wuhan-telecom,41.8659,0.0,icmp,1591566060,2020-06-07 21:41:00+00:00
69759293,jinan-telecom,wuhan-telecom,41.7876,0.0,icmp,1591566180,2020-06-07 21:43:00+00:00
69759544,jinan-telecom,wuhan-telecom,39.4758,0.0,icmp,1591566319,2020-06-07 21:45:19+00:00
69759747,jinan-telecom,wuhan-telecom,40.8095,0.0,icmp,1591566420,2020-06-07 21:47:00+00:00
69759979,jinan-telecom,wuhan-telecom,39.91,0.0,icmp,1591566540,2020-06-07 21:49:00+00:00
69760216,jinan-telecom,wuhan-telecom,39.4921,0.0,icmp,1591566619,2020-06-07 21:50:19+00:00
69760449,jinan-telecom,wuhan-telecom,40.6658,0.0,icmp,1591566780,2020-06-07 21:53:00+00:00
69760691,jinan-telecom,wuhan-telecom,40.2694,0.0,icmp,1591566900,2020-06-07 21:55:00+00:00
69760903,jinan-telecom,wuhan-telecom,41.0925,0.0,icmp,1591567020,2020-06-07 21:57:00+00:00
69761135,jinan-telecom,wuhan-telecom,41.4864,0.0,icmp,1591567140,2020-06-07 21:59:00+00:00
69761358,jinan-telecom,wuhan-telecom,40.6621,0.0,icmp,1591567260,2020-06-07 22:01:00+00:00
69761607,jinan-telecom,wuhan-telecom,40.546,0.0,icmp,1591567380,2020-06-07 22:03:00+00:00
69761813,jinan-telecom,wuhan-telecom,40.0873,0.0,icmp,1591567500,2020-06-07 22:05:00+00:00
69762055,jinan-telecom,wuhan-telecom,41.2189,0.0,icmp,1591567620,2020-06-07 22:07:00+00:00
69762289,jinan-telecom,wuhan-telecom,40.0609,0.0,icmp,1591567740,2020-06-07 22:09:00+00:00
69762522,jinan-telecom,wuhan-telecom,42.349,0.0,icmp,1591567860,2020-06-07 22:11:00+00:00
69762729,jinan-telecom,wuhan-telecom,39.531,0.0,icmp,1591567980,2020-06-07 22:13:00+00:00
69762966,jinan-telecom,wuhan-telecom,40.7958,0.0,icmp,1591568100,2020-06-07 22:15:00+00:00
69763195,jinan-telecom,wuhan-telecom,39.5016,0.0,icmp,1591568239,2020-06-07 22:17:19+00:00
69763435,jinan-telecom,wuhan-telecom,40.6848,0.0,icmp,1591568340,2020-06-07 22:19:00+00:00
69763661,jinan-telecom,wuhan-telecom,40.3965,0.0,icmp,1591568460,2020-06-07 22:21:00+00:00
69763875,jinan-telecom,wuhan-telecom,41.127,0.0,icmp,1591568580,2020-06-07 22:23:00+00:00
69764117,jinan-telecom,wuhan-telecom,39.4859,0.0,icmp,1591568719,2020-06-07 22:25:19+00:00
69764347,jinan-telecom,wuhan-telecom,42.6736,0.0,icmp,1591568820,2020-06-07 22:27:00+00:00
69764582,jinan-telecom,wuhan-telecom,39.4803,0.0,icmp,1591568899,2020-06-07 22:28:19+00:00
69764808,jinan-telecom,wuhan-telecom,40.9762,0.0,icmp,1591569060,2020-06-07 22:31:00+00:00
69765027,jinan-telecom,wuhan-telecom,39.4851,0.0,icmp,1591569139,2020-06-07 22:32:19+00:00
69765250,jinan-telecom,wuhan-telecom,40.2434,0.0,icmp,1591569300,2020-06-07 22:35:00+00:00
69765478,jinan-telecom,wuhan-telecom,39.481,0.0,icmp,1591569379,2020-06-07 22:36:19+00:00
69765723,jinan-telecom,wuhan-telecom,40.5854,0.0,icmp,1591569540,2020-06-07 22:39:00+00:00
69765939,jinan-telecom,wuhan-telecom,40.0638,0.0,icmp,1591569660,2020-06-07 22:41:00+00:00
69766172,jinan-telecom,wuhan-telecom,40.6018,0.0,icmp,1591569780,2020-06-07 22:43:00+00:00
69766388,jinan-telecom,wuhan-telecom,40.3388,0.0,icmp,1591569900,2020-06-07 22:45:00+00:00
69766622,jinan-telecom,wuhan-telecom,42.4542,0.0,icmp,1591570020,2020-06-07 22:47:00+00:00
69766904,jinan-telecom,wuhan-telecom,40.994,0.0,icmp,1591570140,2020-06-07 22:49:00+00:00
69767077,jinan-telecom,wuhan-telecom,40.4527,0.0,icmp,1591570260,2020-06-07 22:51:00+00:00
69767304,jinan-telecom,wuhan-telecom,39.4604,0.0,icmp,1591570399,2020-06-07 22:53:19+00:00
69767550,jinan-telecom,wuhan-telecom,40.1602,0.0,icmp,1591570500,2020-06-07 22:55:00+00:00
69767788,jinan-telecom,wuhan-telecom,41.7574,0.0,icmp,1591570620,2020-06-07 22:57:00+00:00
69768017,jinan-telecom,wuhan-telecom,39.4646,0.0,icmp,1591570699,2020-06-07 22:58:19+00:00
69768239,jinan-telecom,wuhan-telecom,41.7557,0.0,icmp,1591570860,2020-06-07 23:01:00+00:00
69768455,jinan-telecom,wuhan-telecom,42.006,0.0,icmp,1591570980,2020-06-07 23:03:00+00:00
69768684,jinan-telecom,wuhan-telecom,39.5022,0.0,icmp,1591571119,2020-06-07 23:05:19+00:00
69768917,jinan-telecom,wuhan-telecom,40.2508,0.0,icmp,1591571220,2020-06-07 23:07:00+00:00
69769140,jinan-telecom,wuhan-telecom,39.5254,0.0,icmp,1591571299,2020-06-07 23:08:19+00:00
69769376,jinan-telecom,wuhan-telecom,42.4133,0.0,icmp,1591571460,2020-06-07 23:11:00+00:00
69769592,jinan-telecom,wuhan-telecom,39.5006,0.0,icmp,1591571599,2020-06-07 23:13:19+00:00
69769836,jinan-telecom,wuhan-telecom,40.2685,0.0,icmp,1591571700,2020-06-07 23:15:00+00:00
69770081,jinan-telecom,wuhan-telecom,39.857,0.0,icmp,1591571820,2020-06-07 23:17:00+00:00
69770313,jinan-telecom,wuhan-telecom,39.6902,0.0,icmp,1591571899,2020-06-07 23:18:19+00:00
69770531,jinan-telecom,wuhan-telecom,39.7137,0.0,icmp,1591572019,2020-06-07 23:20:19+00:00
69770764,jinan-telecom,wuhan-telecom,40.9547,0.0,icmp,1591572180,2020-06-07 23:23:00+00:00
69770990,jinan-telecom,wuhan-telecom,39.4421,0.0,icmp,1591572259,2020-06-07 23:24:19+00:00
69771211,jinan-telecom,wuhan-telecom,40.3668,0.0,icmp,1591572420,2020-06-07 23:27:00+00:00
69771458,jinan-telecom,wuhan-telecom,39.5214,0.0,icmp,1591572499,2020-06-07 23:28:19+00:00
69771647,jinan-telecom,wuhan-telecom,39.4525,0.0,icmp,1591572619,2020-06-07 23:30:19+00:00
69771890,jinan-telecom,wuhan-telecom,43.4063,0.0,icmp,1591572780,2020-06-07 23:33:00+00:00
69772138,jinan-telecom,wuhan-telecom,41.1849,0.0,icmp,1591572900,2020-06-07 23:35:00+00:00
69772357,jinan-telecom,wuhan-telecom,39.5933,0.0,icmp,1591572964,2020-06-07 23:36:04+00:00
69772590,jinan-telecom,wuhan-telecom,40.614,0.0,icmp,1591573140,2020-06-07 23:39:00+00:00
69772819,jinan-telecom,wuhan-telecom,41.1038,0.0,icmp,1591573260,2020-06-07 23:41:00+00:00
69773056,jinan-telecom,wuhan-telecom,41.1193,0.0,icmp,1591573380,2020-06-07 23:43:00+00:00
69773270,jinan-telecom,wuhan-telecom,41.0319,0.0,icmp,1591573500,2020-06-07 23:45:00+00:00
69773508,jinan-telecom,wuhan-telecom,40.0683,0.0,icmp,1591573620,2020-06-07 23:47:00+00:00
69773741,jinan-telecom,wuhan-telecom,40.5446,0.0,icmp,1591573740,2020-06-07 23:49:00+00:00
69773984,jinan-telecom,wuhan-telecom,39.924,0.0,icmp,1591573860,2020-06-07 23:51:00+00:00
69774202,jinan-telecom,wuhan-telecom,39.497,0.0,icmp,1591573939,2020-06-07 23:52:19+00:00
69774405,jinan-telecom,wuhan-telecom,40.8336,0.0,icmp,1591574100,2020-06-07 23:55:00+00:00
69774647,jinan-telecom,wuhan-telecom,41.5452,0.0,icmp,1591574220,2020-06-07 23:57:00+00:00
69774860,jinan-telecom,wuhan-telecom,41.8563,0.0,icmp,1591574340,2020-06-07 23:59:00+00:00
69775112,jinan-telecom,wuhan-telecom,40.2682,0.0,icmp,1591574460,2020-06-08 00:01:00+00:00
69775334,jinan-telecom,wuhan-telecom,40.1694,0.0,icmp,1591574580,2020-06-08 00:03:00+00:00
69775576,jinan-telecom,wuhan-telecom,39.4957,0.0,icmp,1591574719,2020-06-08 00:05:19+00:00
69775781,jinan-telecom,wuhan-telecom,40.4411,0.0,icmp,1591574820,2020-06-08 00:07:00+00:00
69776032,jinan-telecom,wuhan-telecom,40.5376,0.0,icmp,1591574940,2020-06-08 00:09:00+00:00
69776240,jinan-telecom,wuhan-telecom,41.9034,0.0,icmp,1591575060,2020-06-08 00:11:00+00:00
69776481,jinan-telecom,wuhan-telecom,39.4522,0.0,icmp,1591575139,2020-06-08 00:12:19+00:00
69776724,jinan-telecom,wuhan-telecom,40.3523,0.0,icmp,1591575300,2020-06-08 00:15:00+00:00
69776927,jinan-telecom,wuhan-telecom,40.0317,0.0,icmp,1591575420,2020-06-08 00:17:00+00:00
69777154,jinan-telecom,wuhan-telecom,41.1409,0.0,icmp,1591575540,2020-06-08 00:19:00+00:00
69777373,jinan-telecom,wuhan-telecom,39.9183,0.0,icmp,1591575660,2020-06-08 00:21:00+00:00
69777624,jinan-telecom,wuhan-telecom,40.656,0.0,icmp,1591575780,2020-06-08 00:23:00+00:00
69777848,jinan-telecom,wuhan-telecom,41.679,0.0,icmp,1591575900,2020-06-08 00:25:00+00:00
69778094,jinan-telecom,wuhan-telecom,41.189,0.0,icmp,1591576020,2020-06-08 00:27:00+00:00
69778307,jinan-telecom,wuhan-telecom,40.5692,0.0,icmp,1591576140,2020-06-08 00:29:00+00:00
69778543,jinan-telecom,wuhan-telecom,42.2267,0.0,icmp,1591576260,2020-06-08 00:31:00+00:00
69778760,jinan-telecom,wuhan-telecom,39.4903,0.0,icmp,1591576339,2020-06-08 00:32:19+00:00
69778987,jinan-telecom,wuhan-telecom,40.5128,0.0,icmp,1591576500,2020-06-08 00:35:00+00:00
69779223,jinan-telecom,wuhan-telecom,40.3855,0.0,icmp,1591576624,2020-06-08 00:37:04+00:00
69779459,jinan-telecom,wuhan-telecom,40.5774,0.0,icmp,1591576740,2020-06-08 00:39:00+00:00
69779688,jinan-telecom,wuhan-telecom,43.3241,0.0,icmp,1591576860,2020-06-08 00:41:00+00:00
69779901,jinan-telecom,wuhan-telecom,39.5167,0.0,icmp,1591576939,2020-06-08 00:42:19+00:00
69780132,jinan-telecom,wuhan-telecom,43.0286,0.0,icmp,1591577100,2020-06-08 00:45:00+00:00
69780357,jinan-telecom,wuhan-telecom,41.3744,0.0,icmp,1591577220,2020-06-08 00:47:00+00:00
69780589,jinan-telecom,wuhan-telecom,39.4664,0.0,icmp,1591577299,2020-06-08 00:48:19+00:00
69780820,jinan-telecom,wuhan-telecom,40.9756,0.0,icmp,1591577460,2020-06-08 00:51:00+00:00
69781058,jinan-telecom,wuhan-telecom,40.8034,0.0,icmp,1591577580,2020-06-08 00:53:00+00:00
69781281,jinan-telecom,wuhan-telecom,40.631,0.0,icmp,1591577700,2020-06-08 00:55:00+00:00
69781522,jinan-telecom,wuhan-telecom,40.6188,0.0,icmp,1591577820,2020-06-08 00:57:00+00:00
69781745,jinan-telecom,wuhan-telecom,39.7737,0.0,icmp,1591577940,2020-06-08 00:59:00+00:00
69781987,jinan-telecom,wuhan-telecom,41.4675,0.0,icmp,1591578060,2020-06-08 01:01:00+00:00
69782194,jinan-telecom,wuhan-telecom,40.6464,0.0,icmp,1591578180,2020-06-08 01:03:00+00:00
69782448,jinan-telecom,wuhan-telecom,42.0844,0.0,icmp,1591578300,2020-06-08 01:05:00+00:00
69782653,jinan-telecom,wuhan-telecom,40.3277,0.0,icmp,1591578420,2020-06-08 01:07:00+00:00
69782891,jinan-telecom,wuhan-telecom,40.0244,0.0,icmp,1591578540,2020-06-08 01:09:00+00:00
69783108,jinan-telecom,wuhan-telecom,41.5413,0.0,icmp,1591578660,2020-06-08 01:11:00+00:00
69783328,jinan-telecom,wuhan-telecom,41.0258,0.0,icmp,1591578780,2020-06-08 01:13:00+00:00
69783563,jinan-telecom,wuhan-telecom,41.0973,0.0,icmp,1591578900,2020-06-08 01:15:00+00:00
69783804,jinan-telecom,wuhan-telecom,39.5033,0.0,icmp,1591579039,2020-06-08 01:17:19+00:00
69784028,jinan-telecom,wuhan-telecom,40.4849,0.0,icmp,1591579140,2020-06-08 01:19:00+00:00
69784264,jinan-telecom,wuhan-telecom,43.4062,0.0,icmp,1591579260,2020-06-08 01:21:00+00:00
69784486,jinan-telecom,wuhan-telecom,39.5565,0.0,icmp,1591579399,2020-06-08 01:23:19+00:00
69784708,jinan-telecom,wuhan-telecom,41.4053,0.0,icmp,1591579500,2020-06-08 01:25:00+00:00
69784958,jinan-telecom,wuhan-telecom,42.3293,0.0,icmp,1591579620,2020-06-08 01:27:00+00:00
69785191,jinan-telecom,wuhan-telecom,41.5649,0.0,icmp,1591579740,2020-06-08 01:29:00+00:00
69785411,jinan-telecom,wuhan-telecom,41.1794,0.0,icmp,1591579860,2020-06-08 01:31:00+00:00
69785652,jinan-telecom,wuhan-telecom,40.3627,0.0,icmp,1591579980,2020-06-08 01:33:00+00:00
69785863,jinan-telecom,wuhan-telecom,40.2798,0.0,icmp,1591580102,2020-06-08 01:35:02+00:00
69786098,jinan-telecom,wuhan-telecom,39.6036,0.0,icmp,1591580224,2020-06-08 01:37:04+00:00
69786325,jinan-telecom,wuhan-telecom,42.5369,0.0,icmp,1591580340,2020-06-08 01:39:00+00:00
69786541,jinan-telecom,wuhan-telecom,39.7545,0.0,icmp,1591580460,2020-06-08 01:41:00+00:00
69786786,jinan-telecom,wuhan-telecom,40.0527,0.0,icmp,1591580580,2020-06-08 01:43:00+00:00
69786993,jinan-telecom,wuhan-telecom,40.8238,0.0,icmp,1591580700,2020-06-08 01:45:00+00:00
69787235,jinan-telecom,wuhan-telecom,40.0418,0.0,icmp,1591580820,2020-06-08 01:47:00+00:00
69787468,jinan-telecom,wuhan-telecom,40.5592,0.0,icmp,1591580940,2020-06-08 01:49:00+00:00
69787705,jinan-telecom,wuhan-telecom,39.8835,0.0,icmp,1591581060,2020-06-08 01:51:00+00:00
69787926,jinan-telecom,wuhan-telecom,39.5133,0.0,icmp,1591581199,2020-06-08 01:53:19+00:00
69788156,jinan-telecom,wuhan-telecom,41.2581,0.0,icmp,1591581300,2020-06-08 01:55:00+00:00
69788397,jinan-telecom,wuhan-telecom,42.2622,0.0,icmp,1591581420,2020-06-08 01:57:00+00:00
69788614,jinan-telecom,wuhan-telecom,40.6,0.0,icmp,1591581540,2020-06-08 01:59:00+00:00
69788844,jinan-telecom,wuhan-telecom,40.3269,0.0,icmp,1591581660,2020-06-08 02:01:00+00:00
69789071,jinan-telecom,wuhan-telecom,39.8812,0.0,icmp,1591581724,2020-06-08 02:02:04+00:00
69789287,jinan-telecom,wuhan-telecom,39.5595,0.0,icmp,1591581919,2020-06-08 02:05:19+00:00
69789537,jinan-telecom,wuhan-telecom,40.9938,0.0,icmp,1591582020,2020-06-08 02:07:00+00:00
69789767,jinan-telecom,wuhan-telecom,40.4376,0.0,icmp,1591582140,2020-06-08 02:09:00+00:00
69789982,jinan-telecom,wuhan-telecom,34.0575,0.0,icmp,1591582260,2020-06-08 02:11:00+00:00
69790224,jinan-telecom,wuhan-telecom,35.0846,0.0,icmp,1591582380,2020-06-08 02:13:00+00:00
69790432,jinan-telecom,wuhan-telecom,34.8452,0.0,icmp,1591582500,2020-06-08 02:15:00+00:00
69790683,jinan-telecom,wuhan-telecom,33.4547,0.0,icmp,1591582620,2020-06-08 02:17:00+00:00
69790904,jinan-telecom,wuhan-telecom,34.1284,0.0,icmp,1591582740,2020-06-08 02:19:00+00:00
69791139,jinan-telecom,wuhan-telecom,33.3043,0.0,icmp,1591582879,2020-06-08 02:21:19+00:00
69791365,jinan-telecom,wuhan-telecom,34.1652,0.0,icmp,1591582980,2020-06-08 02:23:00+00:00
69791592,jinan-telecom,wuhan-telecom,33.1462,0.0,icmp,1591583119,2020-06-08 02:25:19+00:00
69791810,jinan-telecom,wuhan-telecom,38.0875,0.0,icmp,1591583220,2020-06-08 02:27:00+00:00
69792047,jinan-telecom,wuhan-telecom,33.1199,0.0,icmp,1591583359,2020-06-08 02:29:19+00:00
69792274,jinan-telecom,wuhan-telecom,35.0342,0.0,icmp,1591583460,2020-06-08 02:31:00+00:00
69792520,jinan-telecom,wuhan-telecom,40.2747,0.0,icmp,1591583580,2020-06-08 02:33:00+00:00
69792726,jinan-telecom,wuhan-telecom,42.7219,0.0,icmp,1591583700,2020-06-08 02:35:00+00:00
69792954,jinan-telecom,wuhan-telecom,42.8891,0.0,icmp,1591583820,2020-06-08 02:37:00+00:00
69793173,jinan-telecom,wuhan-telecom,39.8978,0.0,icmp,1591583940,2020-06-08 02:39:00+00:00
69793416,jinan-telecom,wuhan-telecom,42.2345,0.0,icmp,1591584060,2020-06-08 02:41:00+00:00
69793650,jinan-telecom,wuhan-telecom,39.5514,0.0,icmp,1591584139,2020-06-08 02:42:19+00:00
69793871,jinan-telecom,wuhan-telecom,40.6696,0.0,icmp,1591584300,2020-06-08 02:45:00+00:00
69794122,jinan-telecom,wuhan-telecom,41.0179,0.0,icmp,1591584420,2020-06-08 02:47:00+00:00
69794333,jinan-telecom,wuhan-telecom,39.456,0.0,icmp,1591584499,2020-06-08 02:48:19+00:00
69794571,jinan-telecom,wuhan-telecom,41.8906,0.0,icmp,1591584660,2020-06-08 02:51:00+00:00
69794797,jinan-telecom,wuhan-telecom,40.8874,0.0,icmp,1591584780,2020-06-08 02:53:00+00:00
69795031,jinan-telecom,wuhan-telecom,40.6009,0.0,icmp,1591584900,2020-06-08 02:55:00+00:00
69795246,jinan-telecom,wuhan-telecom,41.2155,0.0,icmp,1591585020,2020-06-08 02:57:00+00:00
69795498,jinan-telecom,wuhan-telecom,40.8966,0.0,icmp,1591585140,2020-06-08 02:59:00+00:00
69795719,jinan-telecom,wuhan-telecom,39.6419,0.0,icmp,1591585260,2020-06-08 03:01:00+00:00
69795931,jinan-telecom,wuhan-telecom,41.093,0.0,icmp,1591585380,2020-06-08 03:03:00+00:00
69796163,jinan-telecom,wuhan-telecom,40.1452,0.0,icmp,1591585500,2020-06-08 03:05:00+00:00
69796402,jinan-telecom,wuhan-telecom,39.4649,0.0,icmp,1591585579,2020-06-08 03:06:19+00:00
69796614,jinan-telecom,wuhan-telecom,40.5833,0.0,icmp,1591585740,2020-06-08 03:09:00+00:00
69796869,jinan-telecom,wuhan-telecom,39.4626,0.0,icmp,1591585879,2020-06-08 03:11:19+00:00
69797100,jinan-telecom,wuhan-telecom,40.8008,0.0,icmp,1591585980,2020-06-08 03:13:00+00:00
69797319,jinan-telecom,wuhan-telecom,41.7047,0.0,icmp,1591586100,2020-06-08 03:15:00+00:00
69797533,jinan-telecom,wuhan-telecom,41.2431,0.0,icmp,1591586220,2020-06-08 03:17:00+00:00
69797771,jinan-telecom,wuhan-telecom,41.1868,0.0,icmp,1591586340,2020-06-08 03:19:00+00:00
69798010,jinan-telecom,wuhan-telecom,41.1398,0.0,icmp,1591586460,2020-06-08 03:21:00+00:00
69798223,jinan-telecom,wuhan-telecom,41.8066,0.0,icmp,1591586580,2020-06-08 03:23:00+00:00
69798475,jinan-telecom,wuhan-telecom,40.1463,0.0,icmp,1591586700,2020-06-08 03:25:00+00:00
69798683,jinan-telecom,wuhan-telecom,40.3889,0.0,icmp,1591586820,2020-06-08 03:27:00+00:00
69798931,jinan-telecom,wuhan-telecom,41.17,0.0,icmp,1591586940,2020-06-08 03:29:00+00:00
69799141,jinan-telecom,wuhan-telecom,41.4088,0.0,icmp,1591587060,2020-06-08 03:31:00+00:00
69799387,jinan-telecom,wuhan-telecom,41.6443,0.0,icmp,1591587180,2020-06-08 03:33:00+00:00
69799602,jinan-telecom,wuhan-telecom,40.9533,0.0,icmp,1591587300,2020-06-08 03:35:00+00:00
69799829,jinan-telecom,wuhan-telecom,40.4107,0.0,icmp,1591587420,2020-06-08 03:37:00+00:00
69800073,jinan-telecom,wuhan-telecom,39.4775,0.0,icmp,1591587559,2020-06-08 03:39:19+00:00
69800283,jinan-telecom,wuhan-telecom,40.7319,0.0,icmp,1591587660,2020-06-08 03:41:00+00:00
69800532,jinan-telecom,wuhan-telecom,39.9808,0.0,icmp,1591587780,2020-06-08 03:43:00+00:00
69800758,jinan-telecom,wuhan-telecom,40.4906,0.0,icmp,1591587900,2020-06-08 03:45:00+00:00
69800973,jinan-telecom,wuhan-telecom,39.5526,0.0,icmp,1591587979,2020-06-08 03:46:19+00:00
69801205,jinan-telecom,wuhan-telecom,40.0834,0.0,icmp,1591588140,2020-06-08 03:49:00+00:00
69801446,jinan-telecom,wuhan-telecom,40.7637,0.0,icmp,1591588260,2020-06-08 03:51:00+00:00
69801653,jinan-telecom,wuhan-telecom,40.5536,0.0,icmp,1591588380,2020-06-08 03:53:00+00:00
69801881,jinan-telecom,wuhan-telecom,41.0679,0.0,icmp,1591588500,2020-06-08 03:55:00+00:00
69802131,jinan-telecom,wuhan-telecom,40.3986,0.0,icmp,1591588620,2020-06-08 03:57:00+00:00
69802342,jinan-telecom,wuhan-telecom,39.3931,0.0,icmp,1591588759,2020-06-08 03:59:19+00:00
69802594,jinan-telecom,wuhan-telecom,40.9231,0.0,icmp,1591588860,2020-06-08 04:01:00+00:00
69802812,jinan-telecom,wuhan-telecom,40.3893,0.0,icmp,1591588980,2020-06-08 04:03:00+00:00
69803038,jinan-telecom,wuhan-telecom,39.3669,0.0,icmp,1591589059,2020-06-08 04:04:19+00:00
69803265,jinan-telecom,wuhan-telecom,39.3913,0.0,icmp,1591589179,2020-06-08 04:06:19+00:00
69803488,jinan-telecom,wuhan-telecom,42.1352,0.0,icmp,1591589340,2020-06-08 04:09:00+00:00
69803729,jinan-telecom,wuhan-telecom,39.3955,0.0,icmp,1591589419,2020-06-08 04:10:19+00:00
69803943,jinan-telecom,wuhan-telecom,42.2287,0.0,icmp,1591589580,2020-06-08 04:13:00+00:00
69804185,jinan-telecom,wuhan-telecom,39.3877,0.0,icmp,1591589659,2020-06-08 04:14:19+00:00
69804402,jinan-telecom,wuhan-telecom,42.0455,0.0,icmp,1591589820,2020-06-08 04:17:00+00:00
69804650,jinan-telecom,wuhan-telecom,40.4375,0.0,icmp,1591589940,2020-06-08 04:19:00+00:00
69804872,jinan-telecom,wuhan-telecom,40.2502,0.0,icmp,1591590060,2020-06-08 04:21:00+00:00
69805103,jinan-telecom,wuhan-telecom,39.4442,0.0,icmp,1591590139,2020-06-08 04:22:19+00:00
69805320,jinan-telecom,wuhan-telecom,40.6071,0.0,icmp,1591590300,2020-06-08 04:25:00+00:00
69805547,jinan-telecom,wuhan-telecom,39.4575,0.0,icmp,1591590379,2020-06-08 04:26:19+00:00
69805776,jinan-telecom,wuhan-telecom,39.8024,0.0,icmp,1591590540,2020-06-08 04:29:00+00:00
69806015,jinan-telecom,wuhan-telecom,41.2802,0.0,icmp,1591590660,2020-06-08 04:31:00+00:00
69806244,jinan-telecom,wuhan-telecom,40.8828,0.0,icmp,1591590780,2020-06-08 04:33:00+00:00
69806480,jinan-telecom,wuhan-telecom,39.599,0.0,icmp,1591590900,2020-06-08 04:35:00+00:00
69806686,jinan-telecom,wuhan-telecom,41.6249,0.0,icmp,1591591020,2020-06-08 04:37:00+00:00
69806931,jinan-telecom,wuhan-telecom,42.2458,0.0,icmp,1591591140,2020-06-08 04:39:00+00:00
69807174,jinan-telecom,wuhan-telecom,39.5918,0.0,icmp,1591591219,2020-06-08 04:40:19+00:00
69807407,jinan-telecom,wuhan-telecom,39.4113,0.0,icmp,1591591339,2020-06-08 04:42:19+00:00
69807628,jinan-telecom,wuhan-telecom,41.1398,0.0,icmp,1591591500,2020-06-08 04:45:00+00:00
69807821,jinan-telecom,wuhan-telecom,39.4132,0.0,icmp,1591591579,2020-06-08 04:46:19+00:00
69808074,jinan-telecom,wuhan-telecom,41.6583,0.0,icmp,1591591740,2020-06-08 04:49:00+00:00
69808312,jinan-telecom,wuhan-telecom,43.0297,0.0,icmp,1591591860,2020-06-08 04:51:00+00:00
69808530,jinan-telecom,wuhan-telecom,41.3085,0.0,icmp,1591591980,2020-06-08 04:53:00+00:00
69808757,jinan-telecom,wuhan-telecom,40.5142,0.0,icmp,1591592100,2020-06-08 04:55:00+00:00
69808994,jinan-telecom,wuhan-telecom,39.4002,0.0,icmp,1591592179,2020-06-08 04:56:19+00:00
69809225,jinan-telecom,wuhan-telecom,40.0707,0.0,icmp,1591592340,2020-06-08 04:59:00+00:00
69809448,jinan-telecom,wuhan-telecom,39.42,0.0,icmp,1591592479,2020-06-08 05:01:19+00:00
69809673,jinan-telecom,wuhan-telecom,39.3939,0.0,icmp,1591592599,2020-06-08 05:03:19+00:00
69809908,jinan-telecom,wuhan-telecom,42.1894,0.0,icmp,1591592700,2020-06-08 05:05:00+00:00
69810134,jinan-telecom,wuhan-telecom,40.3319,0.0,icmp,1591592820,2020-06-08 05:07:00+00:00
69810360,jinan-telecom,wuhan-telecom,39.4139,0.0,icmp,1591592899,2020-06-08 05:08:19+00:00
69810603,jinan-telecom,wuhan-telecom,40.2106,0.0,icmp,1591593060,2020-06-08 05:11:00+00:00
69810833,jinan-telecom,wuhan-telecom,39.9925,0.0,icmp,1591593180,2020-06-08 05:13:00+00:00
69811060,jinan-telecom,wuhan-telecom,43.0941,0.0,icmp,1591593300,2020-06-08 05:15:00+00:00
69811285,jinan-telecom,wuhan-telecom,41.0125,0.0,icmp,1591593420,2020-06-08 05:17:00+00:00
69811516,jinan-telecom,wuhan-telecom,39.4264,0.0,icmp,1591593499,2020-06-08 05:18:19+00:00
69811750,jinan-telecom,wuhan-telecom,40.2764,0.0,icmp,1591593660,2020-06-08 05:21:00+00:00
69811966,jinan-telecom,wuhan-telecom,39.6711,0.0,icmp,1591593799,2020-06-08 05:23:19+00:00
69812190,jinan-telecom,wuhan-telecom,42.176,0.0,icmp,1591593900,2020-06-08 05:25:00+00:00
69812434,jinan-telecom,wuhan-telecom,39.4815,0.0,icmp,1591593979,2020-06-08 05:26:19+00:00
69812663,jinan-telecom,wuhan-telecom,39.3897,0.0,icmp,1591594099,2020-06-08 05:28:19+00:00
69812879,jinan-telecom,wuhan-telecom,41.2822,0.0,icmp,1591594260,2020-06-08 05:31:00+00:00
69813097,jinan-telecom,wuhan-telecom,41.8558,0.0,icmp,1591594380,2020-06-08 05:33:00+00:00
69813346,jinan-telecom,wuhan-telecom,39.4161,0.0,icmp,1591594459,2020-06-08 05:34:19+00:00
69813572,jinan-telecom,wuhan-telecom,40.3365,0.0,icmp,1591594620,2020-06-08 05:37:00+00:00
69813804,jinan-telecom,wuhan-telecom,40.0251,0.0,icmp,1591594740,2020-06-08 05:39:00+00:00
69814020,jinan-telecom,wuhan-telecom,39.6279,0.0,icmp,1591594860,2020-06-08 05:41:00+00:00
69814257,jinan-telecom,wuhan-telecom,40.2939,0.0,icmp,1591594980,2020-06-08 05:43:00+00:00
69814480,jinan-telecom,wuhan-telecom,39.4305,0.0,icmp,1591595059,2020-06-08 05:44:19+00:00
69814736,jinan-telecom,wuhan-telecom,39.9424,0.0,icmp,1591595220,2020-06-08 05:47:00+00:00
69814948,jinan-telecom,wuhan-telecom,39.7068,0.0,icmp,1591595340,2020-06-08 05:49:00+00:00
69815182,jinan-telecom,wuhan-telecom,39.4148,0.0,icmp,1591595419,2020-06-08 05:50:19+00:00
69815396,jinan-telecom,wuhan-telecom,41.4953,0.0,icmp,1591595580,2020-06-08 05:53:00+00:00
69815632,jinan-telecom,wuhan-telecom,39.4171,0.0,icmp,1591595659,2020-06-08 05:54:19+00:00
69815850,jinan-telecom,wuhan-telecom,41.0224,0.0,icmp,1591595820,2020-06-08 05:57:00+00:00
69816090,jinan-telecom,wuhan-telecom,39.4555,0.0,icmp,1591595885,2020-06-08 05:58:05+00:00
69816347,jinan-telecom,wuhan-telecom,41.8481,0.0,icmp,1591596060,2020-06-08 06:01:00+00:00
69816566,jinan-telecom,wuhan-telecom,39.6397,0.0,icmp,1591596180,2020-06-08 06:03:00+00:00
69816780,jinan-telecom,wuhan-telecom,41.4115,0.0,icmp,1591596300,2020-06-08 06:05:00+00:00
69817000,jinan-telecom,wuhan-telecom,40.0703,0.0,icmp,1591596420,2020-06-08 06:07:00+00:00
69817239,jinan-telecom,wuhan-telecom,39.6964,0.0,icmp,1591596540,2020-06-08 06:09:00+00:00
69817473,jinan-telecom,wuhan-telecom,40.5748,0.0,icmp,1591596660,2020-06-08 06:11:00+00:00
69817698,jinan-telecom,wuhan-telecom,40.7767,0.0,icmp,1591596780,2020-06-08 06:13:00+00:00
69817930,jinan-telecom,wuhan-telecom,43.2789,0.0,icmp,1591596900,2020-06-08 06:15:00+00:00
69818146,jinan-telecom,wuhan-telecom,40.5659,0.0,icmp,1591597020,2020-06-08 06:17:00+00:00
69818376,jinan-telecom,wuhan-telecom,40.3063,0.0,icmp,1591597140,2020-06-08 06:19:00+00:00
69818617,jinan-telecom,wuhan-telecom,39.6029,0.0,icmp,1591597265,2020-06-08 06:21:05+00:00
69818827,jinan-telecom,wuhan-telecom,43.5032,0.0,icmp,1591597380,2020-06-08 06:23:00+00:00
69819073,jinan-telecom,wuhan-telecom,42.9158,0.0,icmp,1591597500,2020-06-08 06:25:00+00:00
69819318,jinan-telecom,wuhan-telecom,40.0898,0.0,icmp,1591597620,2020-06-08 06:27:00+00:00
69819520,jinan-telecom,wuhan-telecom,39.3584,0.0,icmp,1591597759,2020-06-08 06:29:19+00:00
69819754,jinan-telecom,wuhan-telecom,41.9293,0.0,icmp,1591597860,2020-06-08 06:31:00+00:00
69819986,jinan-telecom,wuhan-telecom,39.4226,0.0,icmp,1591597999,2020-06-08 06:33:19+00:00
69820220,jinan-telecom,wuhan-telecom,40.7228,0.0,icmp,1591598100,2020-06-08 06:35:00+00:00
69820430,jinan-telecom,wuhan-telecom,40.5941,0.0,icmp,1591598220,2020-06-08 06:37:00+00:00
69820677,jinan-telecom,wuhan-telecom,39.4114,0.0,icmp,1591598359,2020-06-08 06:39:19+00:00
69820918,jinan-telecom,wuhan-telecom,41.0756,0.0,icmp,1591598460,2020-06-08 06:41:00+00:00
69821136,jinan-telecom,wuhan-telecom,43.9495,0.0,icmp,1591598580,2020-06-08 06:43:00+00:00
69821354,jinan-telecom,wuhan-telecom,40.5526,0.0,icmp,1591598700,2020-06-08 06:45:00+00:00
69821599,jinan-telecom,wuhan-telecom,40.1629,0.0,icmp,1591598820,2020-06-08 06:47:00+00:00
69821830,jinan-telecom,wuhan-telecom,42.7171,0.0,icmp,1591598940,2020-06-08 06:49:00+00:00
69822059,jinan-telecom,wuhan-telecom,39.5365,0.0,icmp,1591599019,2020-06-08 06:50:19+00:00
69822274,jinan-telecom,wuhan-telecom,39.4503,0.0,icmp,1591599180,2020-06-08 06:53:00+00:00
69822516,jinan-telecom,wuhan-telecom,40.319,0.0,icmp,1591599300,2020-06-08 06:55:00+00:00
69822716,jinan-telecom,wuhan-telecom,40.6537,0.0,icmp,1591599420,2020-06-08 06:57:00+00:00
69822955,jinan-telecom,wuhan-telecom,40.9551,0.0,icmp,1591599540,2020-06-08 06:59:00+00:00
69823198,jinan-telecom,wuhan-telecom,42.7362,0.0,icmp,1591599660,2020-06-08 07:01:00+00:00
69823431,jinan-telecom,wuhan-telecom,39.3877,0.0,icmp,1591599799,2020-06-08 07:03:19+00:00
69823665,jinan-telecom,wuhan-telecom,41.8592,0.0,icmp,1591599900,2020-06-08 07:05:00+00:00
69823865,jinan-telecom,wuhan-telecom,39.4634,0.0,icmp,1591600039,2020-06-08 07:07:19+00:00
69824095,jinan-telecom,wuhan-telecom,40.2569,0.0,icmp,1591600140,2020-06-08 07:09:00+00:00
69824347,jinan-telecom,wuhan-telecom,40.4679,0.0,icmp,1591600260,2020-06-08 07:11:00+00:00
69824565,jinan-telecom,wuhan-telecom,39.3767,0.0,icmp,1591600399,2020-06-08 07:13:19+00:00
69824801,jinan-telecom,wuhan-telecom,40.9675,0.0,icmp,1591600500,2020-06-08 07:15:00+00:00
69825011,jinan-telecom,wuhan-telecom,40.0524,0.0,icmp,1591600620,2020-06-08 07:17:00+00:00
69825254,jinan-telecom,wuhan-telecom,40.7217,0.0,icmp,1591600740,2020-06-08 07:19:00+00:00
69825479,jinan-telecom,wuhan-telecom,40.7796,0.0,icmp,1591600860,2020-06-08 07:21:00+00:00
69825698,jinan-telecom,wuhan-telecom,39.4248,0.0,icmp,1591600999,2020-06-08 07:23:19+00:00
69825936,jinan-telecom,wuhan-telecom,39.5011,0.0,icmp,1591601119,2020-06-08 07:25:19+00:00
69826175,jinan-telecom,wuhan-telecom,41.1891,0.0,icmp,1591601220,2020-06-08 07:27:00+00:00
69826397,jinan-telecom,wuhan-telecom,41.1932,0.0,icmp,1591601340,2020-06-08 07:29:00+00:00
69826613,jinan-telecom,wuhan-telecom,41.8688,0.0,icmp,1591601460,2020-06-08 07:31:00+00:00
69826840,jinan-telecom,wuhan-telecom,40.0173,0.0,icmp,1591601580,2020-06-08 07:33:00+00:00
69827061,jinan-telecom,wuhan-telecom,39.4536,0.0,icmp,1591601659,2020-06-08 07:34:19+00:00
69827327,jinan-telecom,wuhan-telecom,39.3997,0.0,icmp,1591601839,2020-06-08 07:37:19+00:00
69827550,jinan-telecom,wuhan-telecom,41.9003,0.0,icmp,1591601940,2020-06-08 07:39:00+00:00
69827778,jinan-telecom,wuhan-telecom,40.2889,0.0,icmp,1591602060,2020-06-08 07:41:00+00:00
69828012,jinan-telecom,wuhan-telecom,40.312,0.0,icmp,1591602180,2020-06-08 07:43:00+00:00
69828220,jinan-telecom,wuhan-telecom,42.5502,0.0,icmp,1591602300,2020-06-08 07:45:00+00:00
69828472,jinan-telecom,wuhan-telecom,39.789,0.0,icmp,1591602420,2020-06-08 07:47:00+00:00
69828674,jinan-telecom,wuhan-telecom,40.7432,0.0,icmp,1591602540,2020-06-08 07:49:00+00:00
69828916,jinan-telecom,wuhan-telecom,41.5728,0.0,icmp,1591602660,2020-06-08 07:51:00+00:00
69829141,jinan-telecom,wuhan-telecom,39.8945,0.0,icmp,1591602724,2020-06-08 07:52:04+00:00
69829386,jinan-telecom,wuhan-telecom,42.1983,0.0,icmp,1591602900,2020-06-08 07:55:00+00:00
69829613,jinan-telecom,wuhan-telecom,39.4192,0.0,icmp,1591602979,2020-06-08 07:56:19+00:00
69829845,jinan-telecom,wuhan-telecom,39.3718,0.0,icmp,1591603099,2020-06-08 07:58:19+00:00
69830070,jinan-telecom,wuhan-telecom,42.8195,0.0,icmp,1591603260,2020-06-08 08:01:00+00:00
69830290,jinan-telecom,wuhan-telecom,41.1127,0.0,icmp,1591603380,2020-06-08 08:03:00+00:00
69830512,jinan-telecom,wuhan-telecom,42.8185,0.0,icmp,1591603500,2020-06-08 08:05:00+00:00
69830753,jinan-telecom,wuhan-telecom,39.9838,0.0,icmp,1591603620,2020-06-08 08:07:00+00:00
69830974,jinan-telecom,wuhan-telecom,42.0385,0.0,icmp,1591603740,2020-06-08 08:09:00+00:00
69831199,jinan-telecom,wuhan-telecom,40.7513,0.0,icmp,1591603860,2020-06-08 08:11:00+00:00
69831448,jinan-telecom,wuhan-telecom,39.3864,0.0,icmp,1591603939,2020-06-08 08:12:19+00:00
69831657,jinan-telecom,wuhan-telecom,43.1513,0.0,icmp,1591604100,2020-06-08 08:15:00+00:00
69831896,jinan-telecom,wuhan-telecom,40.1084,0.0,icmp,1591604220,2020-06-08 08:17:00+00:00
69832140,jinan-telecom,wuhan-telecom,39.3775,0.0,icmp,1591604299,2020-06-08 08:18:19+00:00
69832360,jinan-telecom,wuhan-telecom,39.4668,0.0,icmp,1591604419,2020-06-08 08:20:19+00:00
69832591,jinan-telecom,wuhan-telecom,39.5999,0.0,icmp,1591604580,2020-06-08 08:23:00+00:00
69832799,jinan-telecom,wuhan-telecom,39.4332,0.0,icmp,1591604659,2020-06-08 08:24:19+00:00
69833035,jinan-telecom,wuhan-telecom,39.3874,0.0,icmp,1591604839,2020-06-08 08:27:19+00:00
69833268,jinan-telecom,wuhan-telecom,39.4395,0.0,icmp,1591604959,2020-06-08 08:29:19+00:00
69833511,jinan-telecom,wuhan-telecom,41.4442,0.0,icmp,1591605060,2020-06-08 08:31:00+00:00
69833729,jinan-telecom,wuhan-telecom,40.1651,0.0,icmp,1591605180,2020-06-08 08:33:00+00:00
69833967,jinan-telecom,wuhan-telecom,42.1581,0.0,icmp,1591605300,2020-06-08 08:35:00+00:00
69834172,jinan-telecom,wuhan-telecom,39.3957,0.0,icmp,1591605379,2020-06-08 08:36:19+00:00
69834408,jinan-telecom,wuhan-telecom,40.0268,0.0,icmp,1591605540,2020-06-08 08:39:00+00:00
69834640,jinan-telecom,wuhan-telecom,40.3097,0.0,icmp,1591605660,2020-06-08 08:41:00+00:00
69834865,jinan-telecom,wuhan-telecom,39.458,0.0,icmp,1591605739,2020-06-08 08:42:19+00:00
69835116,jinan-telecom,wuhan-telecom,41.6889,0.0,icmp,1591605900,2020-06-08 08:45:00+00:00
69835315,jinan-telecom,wuhan-telecom,40.9702,0.0,icmp,1591606020,2020-06-08 08:47:00+00:00
69835548,jinan-telecom,wuhan-telecom,39.467,0.0,icmp,1591606099,2020-06-08 08:48:19+00:00
69835777,jinan-telecom,wuhan-telecom,41.1078,0.0,icmp,1591606260,2020-06-08 08:51:00+00:00
69836025,jinan-telecom,wuhan-telecom,40.1897,0.0,icmp,1591606380,2020-06-08 08:53:00+00:00
69836236,jinan-telecom,wuhan-telecom,41.9261,0.0,icmp,1591606500,2020-06-08 08:55:00+00:00
69836481,jinan-telecom,wuhan-telecom,41.8701,0.0,icmp,1591606620,2020-06-08 08:57:00+00:00
69836710,jinan-telecom,wuhan-telecom,41.5837,0.0,icmp,1591606740,2020-06-08 08:59:00+00:00
69836924,jinan-telecom,wuhan-telecom,40.8229,0.0,icmp,1591606860,2020-06-08 09:01:00+00:00
69837162,jinan-telecom,wuhan-telecom,39.3947,0.0,icmp,1591606999,2020-06-08 09:03:19+00:00
69837388,jinan-telecom,wuhan-telecom,40.5669,0.0,icmp,1591607100,2020-06-08 09:05:00+00:00
69837635,jinan-telecom,wuhan-telecom,39.3865,0.0,icmp,1591607239,2020-06-08 09:07:19+00:00
69837852,jinan-telecom,wuhan-telecom,41.0805,0.0,icmp,1591607340,2020-06-08 09:09:00+00:00
69838079,jinan-telecom,wuhan-telecom,40.7267,0.0,icmp,1591607460,2020-06-08 09:11:00+00:00
69838295,jinan-telecom,wuhan-telecom,39.4158,0.0,icmp,1591607599,2020-06-08 09:13:19+00:00
69838524,jinan-telecom,wuhan-telecom,40.5449,0.0,icmp,1591607700,2020-06-08 09:15:00+00:00
69838750,jinan-telecom,wuhan-telecom,40.1297,0.0,icmp,1591607820,2020-06-08 09:17:00+00:00
69839006,jinan-telecom,wuhan-telecom,40.8975,0.0,icmp,1591607940,2020-06-08 09:19:00+00:00
69839214,jinan-telecom,wuhan-telecom,41.3492,0.0,icmp,1591608060,2020-06-08 09:21:00+00:00
69839465,jinan-telecom,wuhan-telecom,40.3108,0.0,icmp,1591608180,2020-06-08 09:23:00+00:00
69839687,jinan-telecom,wuhan-telecom,40.6635,0.0,icmp,1591608300,2020-06-08 09:25:00+00:00
69839894,jinan-telecom,wuhan-telecom,41.1868,0.0,icmp,1591608420,2020-06-08 09:27:00+00:00
69840138,jinan-telecom,wuhan-telecom,39.9569,0.0,icmp,1591608540,2020-06-08 09:29:00+00:00
69840355,jinan-telecom,wuhan-telecom,40.4326,0.0,icmp,1591608660,2020-06-08 09:31:00+00:00
69840605,jinan-telecom,wuhan-telecom,41.6807,0.0,icmp,1591608780,2020-06-08 09:33:00+00:00
69840808,jinan-telecom,wuhan-telecom,39.3647,0.0,icmp,1591608859,2020-06-08 09:34:19+00:00
69841051,jinan-telecom,wuhan-telecom,40.5028,0.0,icmp,1591609020,2020-06-08 09:37:00+00:00
69841281,jinan-telecom,wuhan-telecom,40.4615,0.0,icmp,1591609140,2020-06-08 09:39:00+00:00
69841509,jinan-telecom,wuhan-telecom,41.3658,0.0,icmp,1591609260,2020-06-08 09:41:00+00:00
69841742,jinan-telecom,wuhan-telecom,41.2426,0.0,icmp,1591609380,2020-06-08 09:43:00+00:00
69841961,jinan-telecom,wuhan-telecom,39.5169,0.0,icmp,1591609500,2020-06-08 09:45:00+00:00
69842190,jinan-telecom,wuhan-telecom,40.8712,0.0,icmp,1591609620,2020-06-08 09:47:00+00:00
69842429,jinan-telecom,wuhan-telecom,41.1406,0.0,icmp,1591609740,2020-06-08 09:49:00+00:00
69842663,jinan-telecom,wuhan-telecom,40.5554,0.0,icmp,1591609860,2020-06-08 09:51:00+00:00
69842879,jinan-telecom,wuhan-telecom,40.026,0.0,icmp,1591609980,2020-06-08 09:53:00+00:00
69843106,jinan-telecom,wuhan-telecom,40.3216,0.0,icmp,1591610100,2020-06-08 09:55:00+00:00
69843322,jinan-telecom,wuhan-telecom,39.427,0.0,icmp,1591610239,2020-06-08 09:57:19+00:00
69843563,jinan-telecom,wuhan-telecom,40.3921,0.0,icmp,1591610340,2020-06-08 09:59:00+00:00
69843816,jinan-telecom,wuhan-telecom,39.3969,0.0,icmp,1591610479,2020-06-08 10:01:19+00:00
69844036,jinan-telecom,wuhan-telecom,42.4152,0.0,icmp,1591610580,2020-06-08 10:03:00+00:00
69844268,jinan-telecom,wuhan-telecom,41.8932,0.0,icmp,1591610700,2020-06-08 10:05:00+00:00
69844480,jinan-telecom,wuhan-telecom,39.4512,0.0,icmp,1591610839,2020-06-08 10:07:19+00:00
69844727,jinan-telecom,wuhan-telecom,42.9691,0.0,icmp,1591610940,2020-06-08 10:09:00+00:00
69844933,jinan-telecom,wuhan-telecom,39.3612,0.0,icmp,1591611019,2020-06-08 10:10:19+00:00
69845185,jinan-telecom,wuhan-telecom,40.1553,0.0,icmp,1591611180,2020-06-08 10:13:00+00:00
69845400,jinan-telecom,wuhan-telecom,40.2944,0.0,icmp,1591611300,2020-06-08 10:15:00+00:00
69845644,jinan-telecom,wuhan-telecom,40.352,0.0,icmp,1591611420,2020-06-08 10:17:00+00:00
69845850,jinan-telecom,wuhan-telecom,39.4698,0.0,icmp,1591611559,2020-06-08 10:19:19+00:00
69846092,jinan-telecom,wuhan-telecom,40.998,0.0,icmp,1591611660,2020-06-08 10:21:00+00:00
69846310,jinan-telecom,wuhan-telecom,39.4495,0.0,icmp,1591611799,2020-06-08 10:23:19+00:00
69846548,jinan-telecom,wuhan-telecom,40.8227,0.0,icmp,1591611900,2020-06-08 10:25:00+00:00
69846794,jinan-telecom,wuhan-telecom,41.0897,0.0,icmp,1591612020,2020-06-08 10:27:00+00:00
69847019,jinan-telecom,wuhan-telecom,39.3692,0.0,icmp,1591612099,2020-06-08 10:28:19+00:00
69847249,jinan-telecom,wuhan-telecom,40.4209,0.0,icmp,1591612260,2020-06-08 10:31:00+00:00
69847466,jinan-telecom,wuhan-telecom,41.7789,0.0,icmp,1591612380,2020-06-08 10:33:00+00:00
69847685,jinan-telecom,wuhan-telecom,41.2211,0.0,icmp,1591612500,2020-06-08 10:35:00+00:00
69847917,jinan-telecom,wuhan-telecom,41.3139,0.0,icmp,1591612620,2020-06-08 10:37:00+00:00
69848150,jinan-telecom,wuhan-telecom,41.2139,0.0,icmp,1591612740,2020-06-08 10:39:00+00:00
69848396,jinan-telecom,wuhan-telecom,40.1671,0.0,icmp,1591612860,2020-06-08 10:41:00+00:00
69848607,jinan-telecom,wuhan-telecom,40.6846,0.0,icmp,1591612980,2020-06-08 10:43:00+00:00
69848844,jinan-telecom,wuhan-telecom,40.0391,0.0,icmp,1591613100,2020-06-08 10:45:00+00:00
69849063,jinan-telecom,wuhan-telecom,40.575,0.0,icmp,1591613220,2020-06-08 10:47:00+00:00
69849285,jinan-telecom,wuhan-telecom,39.434,0.0,icmp,1591613359,2020-06-08 10:49:19+00:00
69849525,jinan-telecom,wuhan-telecom,41.6861,0.0,icmp,1591613460,2020-06-08 10:51:00+00:00
69849770,jinan-telecom,wuhan-telecom,40.247,0.0,icmp,1591613580,2020-06-08 10:53:00+00:00
69849987,jinan-telecom,wuhan-telecom,40.1784,0.0,icmp,1591613700,2020-06-08 10:55:00+00:00
69850226,jinan-telecom,wuhan-telecom,42.1234,0.0,icmp,1591613820,2020-06-08 10:57:00+00:00
69850447,jinan-telecom,wuhan-telecom,39.9537,0.0,icmp,1591613940,2020-06-08 10:59:00+00:00
69850657,jinan-telecom,wuhan-telecom,40.312,0.0,icmp,1591614060,2020-06-08 11:01:00+00:00
69850893,jinan-telecom,wuhan-telecom,40.4601,0.0,icmp,1591614180,2020-06-08 11:03:00+00:00
69851125,jinan-telecom,wuhan-telecom,40.8842,0.0,icmp,1591614300,2020-06-08 11:05:00+00:00
69851359,jinan-telecom,wuhan-telecom,40.4151,0.0,icmp,1591614420,2020-06-08 11:07:00+00:00
69851582,jinan-telecom,wuhan-telecom,41.2594,0.0,icmp,1591614540,2020-06-08 11:09:00+00:00
69851810,jinan-telecom,wuhan-telecom,42.3024,0.0,icmp,1591614660,2020-06-08 11:11:00+00:00
69852056,jinan-telecom,wuhan-telecom,41.0095,0.0,icmp,1591614780,2020-06-08 11:13:00+00:00
69852266,jinan-telecom,wuhan-telecom,40.4427,0.0,icmp,1591614900,2020-06-08 11:15:00+00:00
69852482,jinan-telecom,wuhan-telecom,39.9491,0.0,icmp,1591615020,2020-06-08 11:17:00+00:00
69852743,jinan-telecom,wuhan-telecom,40.4578,0.0,icmp,1591615140,2020-06-08 11:19:00+00:00
69852974,jinan-telecom,wuhan-telecom,40.3163,0.0,icmp,1591615260,2020-06-08 11:21:00+00:00
69853193,jinan-telecom,wuhan-telecom,42.5945,0.0,icmp,1591615380,2020-06-08 11:23:00+00:00
69853434,jinan-telecom,wuhan-telecom,43.3179,0.0,icmp,1591615500,2020-06-08 11:25:00+00:00
69853641,jinan-telecom,wuhan-telecom,40.1667,0.0,icmp,1591615620,2020-06-08 11:27:00+00:00
69853868,jinan-telecom,wuhan-telecom,40.1148,0.0,icmp,1591615740,2020-06-08 11:29:00+00:00
69854100,jinan-telecom,wuhan-telecom,41.3989,0.0,icmp,1591615860,2020-06-08 11:31:00+00:00
69854346,jinan-telecom,wuhan-telecom,39.9339,0.0,icmp,1591615980,2020-06-08 11:33:00+00:00
69854573,jinan-telecom,wuhan-telecom,39.4569,0.0,icmp,1591616119,2020-06-08 11:35:19+00:00
69854788,jinan-telecom,wuhan-telecom,42.9386,0.0,icmp,1591616220,2020-06-08 11:37:00+00:00
69855024,jinan-telecom,wuhan-telecom,42.6083,0.0,icmp,1591616340,2020-06-08 11:39:00+00:00
69855241,jinan-telecom,wuhan-telecom,42.5336,0.0,icmp,1591616460,2020-06-08 11:41:00+00:00
69855487,jinan-telecom,wuhan-telecom,40.3247,0.0,icmp,1591616580,2020-06-08 11:43:00+00:00
69855703,jinan-telecom,wuhan-telecom,41.924,0.0,icmp,1591616700,2020-06-08 11:45:00+00:00
69855927,jinan-telecom,wuhan-telecom,42.182,0.0,icmp,1591616820,2020-06-08 11:47:00+00:00
69856169,jinan-telecom,wuhan-telecom,41.7587,0.0,icmp,1591616940,2020-06-08 11:49:00+00:00
69856397,jinan-telecom,wuhan-telecom,39.4433,0.0,icmp,1591617079,2020-06-08 11:51:19+00:00
69856624,jinan-telecom,wuhan-telecom,41.0762,0.0,icmp,1591617180,2020-06-08 11:53:00+00:00
69856857,jinan-telecom,wuhan-telecom,40.5433,0.0,icmp,1591617300,2020-06-08 11:55:00+00:00
69857072,jinan-telecom,wuhan-telecom,39.3766,0.0,icmp,1591617379,2020-06-08 11:56:19+00:00
69857329,jinan-telecom,wuhan-telecom,41.8798,0.0,icmp,1591617540,2020-06-08 11:59:00+00:00
69857557,jinan-telecom,wuhan-telecom,39.4498,0.0,icmp,1591617679,2020-06-08 12:01:19+00:00
69857761,jinan-telecom,wuhan-telecom,40.2755,0.0,icmp,1591617780,2020-06-08 12:03:00+00:00
69858009,jinan-telecom,wuhan-telecom,40.4554,0.0,icmp,1591617900,2020-06-08 12:05:00+00:00
69858215,jinan-telecom,wuhan-telecom,41.1324,0.0,icmp,1591618020,2020-06-08 12:07:00+00:00
69858458,jinan-telecom,wuhan-telecom,42.0837,0.0,icmp,1591618140,2020-06-08 12:09:00+00:00
69858681,jinan-telecom,wuhan-telecom,40.9664,0.0,icmp,1591618260,2020-06-08 12:11:00+00:00
69858945,jinan-telecom,wuhan-telecom,42.3912,0.0,icmp,1591618380,2020-06-08 12:13:00+00:00
69859160,jinan-telecom,wuhan-telecom,40.9662,0.0,icmp,1591618500,2020-06-08 12:15:00+00:00
69859366,jinan-telecom,wuhan-telecom,42.6129,0.0,icmp,1591618620,2020-06-08 12:17:00+00:00
69859615,jinan-telecom,wuhan-telecom,41.6155,0.0,icmp,1591618740,2020-06-08 12:19:00+00:00
69859823,jinan-telecom,wuhan-telecom,40.724,0.0,icmp,1591618860,2020-06-08 12:21:00+00:00
69860062,jinan-telecom,wuhan-telecom,39.4129,0.0,icmp,1591618999,2020-06-08 12:23:19+00:00
69860294,jinan-telecom,wuhan-telecom,41.9739,0.0,icmp,1591619100,2020-06-08 12:25:00+00:00
69860503,jinan-telecom,wuhan-telecom,39.7478,0.0,icmp,1591619220,2020-06-08 12:27:00+00:00
69860737,jinan-telecom,wuhan-telecom,40.4229,0.0,icmp,1591619340,2020-06-08 12:29:00+00:00
69860964,jinan-telecom,wuhan-telecom,39.3818,0.0,icmp,1591619419,2020-06-08 12:30:19+00:00
69861200,jinan-telecom,wuhan-telecom,39.6051,0.0,icmp,1591619584,2020-06-08 12:33:04+00:00
69861426,jinan-telecom,wuhan-telecom,40.6231,0.0,icmp,1591619700,2020-06-08 12:35:00+00:00
69861661,jinan-telecom,wuhan-telecom,39.4761,0.0,icmp,1591619839,2020-06-08 12:37:19+00:00
69861893,jinan-telecom,wuhan-telecom,39.4248,0.0,icmp,1591619959,2020-06-08 12:39:19+00:00
69862106,jinan-telecom,wuhan-telecom,39.7381,0.0,icmp,1591620060,2020-06-08 12:41:00+00:00
69862344,jinan-telecom,wuhan-telecom,40.6373,0.0,icmp,1591620180,2020-06-08 12:43:00+00:00
69862588,jinan-telecom,wuhan-telecom,40.3721,0.0,icmp,1591620300,2020-06-08 12:45:00+00:00
69862785,jinan-telecom,wuhan-telecom,42.566,0.0,icmp,1591620420,2020-06-08 12:47:00+00:00
69863031,jinan-telecom,wuhan-telecom,39.4304,0.0,icmp,1591620499,2020-06-08 12:48:19+00:00
69863263,jinan-telecom,wuhan-telecom,39.4028,0.0,icmp,1591620679,2020-06-08 12:51:19+00:00
69863495,jinan-telecom,wuhan-telecom,41.4612,0.0,icmp,1591620780,2020-06-08 12:53:00+00:00
69863726,jinan-telecom,wuhan-telecom,40.5633,0.0,icmp,1591620900,2020-06-08 12:55:00+00:00
71393827,jinan-telecom,wuhan-telecom,39.4925,0.0,icmp,1591497499,2020-06-07 02:38:19+00:00
71394052,jinan-telecom,wuhan-telecom,40.1414,0.0,icmp,1591497600,2020-06-07 02:40:00+00:00
71394279,jinan-telecom,wuhan-telecom,40.8759,0.0,icmp,1591497720,2020-06-07 02:42:00+00:00
71394488,jinan-telecom,wuhan-telecom,40.7805,0.0,icmp,1591497840,2020-06-07 02:44:00+00:00
71394740,jinan-telecom,wuhan-telecom,40.0692,0.0,icmp,1591497960,2020-06-07 02:46:00+00:00
71394953,jinan-telecom,wuhan-telecom,39.5157,0.0,icmp,1591498099,2020-06-07 02:48:19+00:00
71395168,jinan-telecom,wuhan-telecom,39.612,0.0,icmp,1591498200,2020-06-07 02:50:00+00:00
71395402,jinan-telecom,wuhan-telecom,39.4724,0.0,icmp,1591498279,2020-06-07 02:51:19+00:00
71395636,jinan-telecom,wuhan-telecom,39.5404,0.0,icmp,1591498399,2020-06-07 02:53:19+00:00
71395867,jinan-telecom,wuhan-telecom,39.6134,0.0,icmp,1591498505,2020-06-07 02:55:05+00:00
71396111,jinan-telecom,wuhan-telecom,39.4979,0.0,icmp,1591498639,2020-06-07 02:57:19+00:00
71396333,jinan-telecom,wuhan-telecom,39.55,0.0,icmp,1591498759,2020-06-07 02:59:19+00:00
71396557,jinan-telecom,wuhan-telecom,40.2293,0.0,icmp,1591498920,2020-06-07 03:02:00+00:00
71396793,jinan-telecom,wuhan-telecom,40.5269,0.0,icmp,1591499040,2020-06-07 03:04:00+00:00
71397001,jinan-telecom,wuhan-telecom,41.1319,0.0,icmp,1591499160,2020-06-07 03:06:00+00:00
71397236,jinan-telecom,wuhan-telecom,41.9542,0.0,icmp,1591499280,2020-06-07 03:08:00+00:00
71397484,jinan-telecom,wuhan-telecom,41.6052,0.0,icmp,1591499400,2020-06-07 03:10:00+00:00
71397693,jinan-telecom,wuhan-telecom,39.9326,0.0,icmp,1591499520,2020-06-07 03:12:00+00:00
71397940,jinan-telecom,wuhan-telecom,41.7731,0.0,icmp,1591499640,2020-06-07 03:14:00+00:00
71398154,jinan-telecom,wuhan-telecom,40.6506,0.0,icmp,1591499760,2020-06-07 03:16:00+00:00
71398393,jinan-telecom,wuhan-telecom,39.5959,0.0,icmp,1591499885,2020-06-07 03:18:05+00:00
71398634,jinan-telecom,wuhan-telecom,41.5496,0.0,icmp,1591500000,2020-06-07 03:20:00+00:00
71398852,jinan-telecom,wuhan-telecom,40.6862,0.0,icmp,1591500120,2020-06-07 03:22:00+00:00
71399078,jinan-telecom,wuhan-telecom,40.2476,0.0,icmp,1591500240,2020-06-07 03:24:00+00:00
71399305,jinan-telecom,wuhan-telecom,40.9571,0.0,icmp,1591500360,2020-06-07 03:26:00+00:00
71399540,jinan-telecom,wuhan-telecom,42.9252,0.0,icmp,1591500480,2020-06-07 03:28:00+00:00
71399764,jinan-telecom,wuhan-telecom,41.0869,0.0,icmp,1591500600,2020-06-07 03:30:00+00:00
71399990,jinan-telecom,wuhan-telecom,39.4745,0.0,icmp,1591500679,2020-06-07 03:31:19+00:00
71400217,jinan-telecom,wuhan-telecom,41.186,0.0,icmp,1591500840,2020-06-07 03:34:00+00:00
71400467,jinan-telecom,wuhan-telecom,39.4934,0.0,icmp,1591500919,2020-06-07 03:35:19+00:00
71400664,jinan-telecom,wuhan-telecom,41.1117,0.0,icmp,1591501080,2020-06-07 03:38:00+00:00
71400894,jinan-telecom,wuhan-telecom,39.4941,0.0,icmp,1591501219,2020-06-07 03:40:19+00:00
71401155,jinan-telecom,wuhan-telecom,40.9208,0.0,icmp,1591501320,2020-06-07 03:42:00+00:00
71401369,jinan-telecom,wuhan-telecom,41.1034,0.0,icmp,1591501440,2020-06-07 03:44:00+00:00
71401608,jinan-telecom,wuhan-telecom,40.7763,0.0,icmp,1591501560,2020-06-07 03:46:00+00:00
71401814,jinan-telecom,wuhan-telecom,41.1884,0.0,icmp,1591501680,2020-06-07 03:48:00+00:00
71402059,jinan-telecom,wuhan-telecom,41.1824,0.0,icmp,1591501800,2020-06-07 03:50:00+00:00
71402294,jinan-telecom,wuhan-telecom,39.5227,0.0,icmp,1591501879,2020-06-07 03:51:19+00:00
71402507,jinan-telecom,wuhan-telecom,41.4091,0.0,icmp,1591502040,2020-06-07 03:54:00+00:00
71402745,jinan-telecom,wuhan-telecom,40.9302,0.0,icmp,1591502160,2020-06-07 03:56:00+00:00
71402979,jinan-telecom,wuhan-telecom,40.3292,0.0,icmp,1591502280,2020-06-07 03:58:00+00:00
71403201,jinan-telecom,wuhan-telecom,41.6924,0.0,icmp,1591502400,2020-06-07 04:00:00+00:00
71403441,jinan-telecom,wuhan-telecom,40.6719,0.0,icmp,1591502520,2020-06-07 04:02:00+00:00
71403664,jinan-telecom,wuhan-telecom,40.3252,0.0,icmp,1591502640,2020-06-07 04:04:00+00:00
71403883,jinan-telecom,wuhan-telecom,39.6009,0.0,icmp,1591502704,2020-06-07 04:05:04+00:00
71404122,jinan-telecom,wuhan-telecom,40.9879,0.0,icmp,1591502880,2020-06-07 04:08:00+00:00
71404340,jinan-telecom,wuhan-telecom,40.5018,0.0,icmp,1591503000,2020-06-07 04:10:00+00:00
71404568,jinan-telecom,wuhan-telecom,39.5466,0.0,icmp,1591503120,2020-06-07 04:12:00+00:00
71404780,jinan-telecom,wuhan-telecom,40.7899,0.0,icmp,1591503240,2020-06-07 04:14:00+00:00
71405046,jinan-telecom,wuhan-telecom,39.5045,0.0,icmp,1591503379,2020-06-07 04:16:19+00:00
71405265,jinan-telecom,wuhan-telecom,40.931,0.0,icmp,1591503480,2020-06-07 04:18:00+00:00
71405504,jinan-telecom,wuhan-telecom,39.5728,0.0,icmp,1591503600,2020-06-07 04:20:00+00:00
71405726,jinan-telecom,wuhan-telecom,40.5588,0.0,icmp,1591503720,2020-06-07 04:22:00+00:00
71405954,jinan-telecom,wuhan-telecom,40.1242,0.0,icmp,1591503840,2020-06-07 04:24:00+00:00
71406188,jinan-telecom,wuhan-telecom,39.4885,0.0,icmp,1591503979,2020-06-07 04:26:19+00:00
71406415,jinan-telecom,wuhan-telecom,40.3788,0.0,icmp,1591504080,2020-06-07 04:28:00+00:00
71406618,jinan-telecom,wuhan-telecom,41.0852,0.0,icmp,1591504200,2020-06-07 04:30:00+00:00
71406880,jinan-telecom,wuhan-telecom,41.3127,0.0,icmp,1591504320,2020-06-07 04:32:00+00:00
71407128,jinan-telecom,wuhan-telecom,40.5782,0.0,icmp,1591504440,2020-06-07 04:34:00+00:00
71407327,jinan-telecom,wuhan-telecom,42.0922,0.0,icmp,1591504560,2020-06-07 04:36:00+00:00
71407559,jinan-telecom,wuhan-telecom,40.4481,0.0,icmp,1591504680,2020-06-07 04:38:00+00:00
71407795,jinan-telecom,wuhan-telecom,40.6706,0.0,icmp,1591504800,2020-06-07 04:40:00+00:00
71408001,jinan-telecom,wuhan-telecom,40.5458,0.0,icmp,1591504920,2020-06-07 04:42:00+00:00
71408231,jinan-telecom,wuhan-telecom,39.4792,0.0,icmp,1591504999,2020-06-07 04:43:19+00:00
71408463,jinan-telecom,wuhan-telecom,41.9402,0.0,icmp,1591505160,2020-06-07 04:46:00+00:00
71408685,jinan-telecom,wuhan-telecom,42.2269,0.0,icmp,1591505280,2020-06-07 04:48:00+00:00
71408925,jinan-telecom,wuhan-telecom,39.529,0.0,icmp,1591505419,2020-06-07 04:50:19+00:00
71409142,jinan-telecom,wuhan-telecom,41.3769,0.0,icmp,1591505520,2020-06-07 04:52:00+00:00
71409384,jinan-telecom,wuhan-telecom,41.2325,0.0,icmp,1591505640,2020-06-07 04:54:00+00:00
71409616,jinan-telecom,wuhan-telecom,40.5767,0.0,icmp,1591505760,2020-06-07 04:56:00+00:00
71409852,jinan-telecom,wuhan-telecom,40.6179,0.0,icmp,1591505880,2020-06-07 04:58:00+00:00
71410086,jinan-telecom,wuhan-telecom,41.1484,0.0,icmp,1591506000,2020-06-07 05:00:00+00:00
71410294,jinan-telecom,wuhan-telecom,40.5941,0.0,icmp,1591506120,2020-06-07 05:02:00+00:00
71410520,jinan-telecom,wuhan-telecom,39.489,0.0,icmp,1591506259,2020-06-07 05:04:19+00:00
71410758,jinan-telecom,wuhan-telecom,42.49,0.0,icmp,1591506360,2020-06-07 05:06:00+00:00
71410998,jinan-telecom,wuhan-telecom,39.5364,0.0,icmp,1591506439,2020-06-07 05:07:19+00:00
71411227,jinan-telecom,wuhan-telecom,40.3274,0.0,icmp,1591506600,2020-06-07 05:10:00+00:00
71411443,jinan-telecom,wuhan-telecom,40.93,0.0,icmp,1591506720,2020-06-07 05:12:00+00:00
71411663,jinan-telecom,wuhan-telecom,41.5082,0.0,icmp,1591506840,2020-06-07 05:14:00+00:00
71411909,jinan-telecom,wuhan-telecom,41.3159,0.0,icmp,1591506960,2020-06-07 05:16:00+00:00
71412149,jinan-telecom,wuhan-telecom,41.326,0.0,icmp,1591507080,2020-06-07 05:18:00+00:00
71412363,jinan-telecom,wuhan-telecom,41.642,0.0,icmp,1591507200,2020-06-07 05:20:00+00:00
71412588,jinan-telecom,wuhan-telecom,39.5387,0.0,icmp,1591507279,2020-06-07 05:21:19+00:00
71412811,jinan-telecom,wuhan-telecom,41.3308,0.0,icmp,1591507440,2020-06-07 05:24:00+00:00
71413057,jinan-telecom,wuhan-telecom,39.5169,0.0,icmp,1591507519,2020-06-07 05:25:19+00:00
71413275,jinan-telecom,wuhan-telecom,39.5068,0.0,icmp,1591507699,2020-06-07 05:28:19+00:00
71413519,jinan-telecom,wuhan-telecom,40.8908,0.0,icmp,1591507800,2020-06-07 05:30:00+00:00
71413720,jinan-telecom,wuhan-telecom,40.7563,0.0,icmp,1591507920,2020-06-07 05:32:00+00:00
71413950,jinan-telecom,wuhan-telecom,39.7425,0.0,icmp,1591508044,2020-06-07 05:34:04+00:00
71414201,jinan-telecom,wuhan-telecom,41.6222,0.0,icmp,1591508160,2020-06-07 05:36:00+00:00
71414428,jinan-telecom,wuhan-telecom,40.7388,0.0,icmp,1591508280,2020-06-07 05:38:00+00:00
71414637,jinan-telecom,wuhan-telecom,40.1232,0.0,icmp,1591508400,2020-06-07 05:40:00+00:00
71414890,jinan-telecom,wuhan-telecom,42.1754,0.0,icmp,1591508520,2020-06-07 05:42:00+00:00
71415111,jinan-telecom,wuhan-telecom,40.6949,0.0,icmp,1591508640,2020-06-07 05:44:00+00:00
71415337,jinan-telecom,wuhan-telecom,40.0369,0.0,icmp,1591508760,2020-06-07 05:46:00+00:00
71415569,jinan-telecom,wuhan-telecom,41.1094,0.0,icmp,1591508880,2020-06-07 05:48:00+00:00
71415807,jinan-telecom,wuhan-telecom,39.5101,0.0,icmp,1591508959,2020-06-07 05:49:19+00:00
71416030,jinan-telecom,wuhan-telecom,41.1471,0.0,icmp,1591509120,2020-06-07 05:52:00+00:00
71416270,jinan-telecom,wuhan-telecom,40.3097,0.0,icmp,1591509240,2020-06-07 05:54:00+00:00
71416477,jinan-telecom,wuhan-telecom,39.5036,0.0,icmp,1591509319,2020-06-07 05:55:19+00:00
71416709,jinan-telecom,wuhan-telecom,39.5137,0.0,icmp,1591509439,2020-06-07 05:57:19+00:00
71416939,jinan-telecom,wuhan-telecom,40.6273,0.0,icmp,1591509600,2020-06-07 06:00:00+00:00
71417157,jinan-telecom,wuhan-telecom,41.1032,0.0,icmp,1591509720,2020-06-07 06:02:00+00:00
71417386,jinan-telecom,wuhan-telecom,40.2938,0.0,icmp,1591509840,2020-06-07 06:04:00+00:00
71417623,jinan-telecom,wuhan-telecom,41.1921,0.0,icmp,1591509960,2020-06-07 06:06:00+00:00
71417851,jinan-telecom,wuhan-telecom,39.4952,0.0,icmp,1591510099,2020-06-07 06:08:19+00:00
71418074,jinan-telecom,wuhan-telecom,39.5779,0.0,icmp,1591510219,2020-06-07 06:10:19+00:00
71418319,jinan-telecom,wuhan-telecom,40.5529,0.0,icmp,1591510320,2020-06-07 06:12:00+00:00
71418549,jinan-telecom,wuhan-telecom,41.4042,0.0,icmp,1591510440,2020-06-07 06:14:00+00:00
71418789,jinan-telecom,wuhan-telecom,40.1441,0.0,icmp,1591510560,2020-06-07 06:16:00+00:00
71419004,jinan-telecom,wuhan-telecom,40.0423,0.0,icmp,1591510680,2020-06-07 06:18:00+00:00
71419232,jinan-telecom,wuhan-telecom,41.2106,0.0,icmp,1591510800,2020-06-07 06:20:00+00:00
71419465,jinan-telecom,wuhan-telecom,39.615,0.0,icmp,1591510865,2020-06-07 06:21:05+00:00
71419705,jinan-telecom,wuhan-telecom,40.5892,0.0,icmp,1591511040,2020-06-07 06:24:00+00:00
71419915,jinan-telecom,wuhan-telecom,40.6819,0.0,icmp,1591511160,2020-06-07 06:26:00+00:00
71420154,jinan-telecom,wuhan-telecom,39.4749,0.0,icmp,1591511299,2020-06-07 06:28:19+00:00
71420376,jinan-telecom,wuhan-telecom,42.9915,0.0,icmp,1591511400,2020-06-07 06:30:00+00:00
71420598,jinan-telecom,wuhan-telecom,41.9875,0.0,icmp,1591511520,2020-06-07 06:32:00+00:00
71420840,jinan-telecom,wuhan-telecom,42.1593,0.0,icmp,1591511640,2020-06-07 06:34:00+00:00
71421055,jinan-telecom,wuhan-telecom,39.5624,0.0,icmp,1591511779,2020-06-07 06:36:19+00:00
71421290,jinan-telecom,wuhan-telecom,42.1552,0.0,icmp,1591511880,2020-06-07 06:38:00+00:00
71421515,jinan-telecom,wuhan-telecom,39.5444,0.0,icmp,1591511959,2020-06-07 06:39:19+00:00
71421745,jinan-telecom,wuhan-telecom,39.6442,0.0,icmp,1591512120,2020-06-07 06:42:00+00:00
71421968,jinan-telecom,wuhan-telecom,39.5319,0.0,icmp,1591512259,2020-06-07 06:44:19+00:00
71422197,jinan-telecom,wuhan-telecom,40.1457,0.0,icmp,1591512360,2020-06-07 06:46:00+00:00
71422439,jinan-telecom,wuhan-telecom,42.1522,0.0,icmp,1591512480,2020-06-07 06:48:00+00:00
71422673,jinan-telecom,wuhan-telecom,41.6976,0.0,icmp,1591512600,2020-06-07 06:50:00+00:00
71422899,jinan-telecom,wuhan-telecom,40.5018,0.0,icmp,1591512720,2020-06-07 06:52:00+00:00
71423121,jinan-telecom,wuhan-telecom,39.9518,0.0,icmp,1591512840,2020-06-07 06:54:00+00:00
71423362,jinan-telecom,wuhan-telecom,40.8546,0.0,icmp,1591512960,2020-06-07 06:56:00+00:00
71423592,jinan-telecom,wuhan-telecom,39.5765,0.0,icmp,1591513026,2020-06-07 06:57:06+00:00
71423820,jinan-telecom,wuhan-telecom,39.5523,0.0,icmp,1591513159,2020-06-07 06:59:19+00:00
71424056,jinan-telecom,wuhan-telecom,39.526,0.0,icmp,1591513279,2020-06-07 07:01:19+00:00
71424264,jinan-telecom,wuhan-telecom,41.9373,0.0,icmp,1591513440,2020-06-07 07:04:00+00:00
71424517,jinan-telecom,wuhan-telecom,39.5615,0.0,icmp,1591513519,2020-06-07 07:05:19+00:00
71424730,jinan-telecom,wuhan-telecom,42.3378,0.0,icmp,1591513680,2020-06-07 07:08:00+00:00
71424970,jinan-telecom,wuhan-telecom,39.6767,0.0,icmp,1591513804,2020-06-07 07:10:04+00:00
71425196,jinan-telecom,wuhan-telecom,40.2779,0.0,icmp,1591513920,2020-06-07 07:12:00+00:00
71425406,jinan-telecom,wuhan-telecom,41.762,0.0,icmp,1591514040,2020-06-07 07:14:00+00:00
71425640,jinan-telecom,wuhan-telecom,40.7124,0.0,icmp,1591514160,2020-06-07 07:16:00+00:00
71425862,jinan-telecom,wuhan-telecom,40.3819,0.0,icmp,1591514280,2020-06-07 07:18:00+00:00
71426091,jinan-telecom,wuhan-telecom,40.9017,0.0,icmp,1591514400,2020-06-07 07:20:00+00:00
71426347,jinan-telecom,wuhan-telecom,40.3686,0.0,icmp,1591514520,2020-06-07 07:22:00+00:00
71426564,jinan-telecom,wuhan-telecom,39.5162,0.0,icmp,1591514599,2020-06-07 07:23:19+00:00
71426776,jinan-telecom,wuhan-telecom,40.5346,0.0,icmp,1591514760,2020-06-07 07:26:00+00:00
71427009,jinan-telecom,wuhan-telecom,41.337,0.0,icmp,1591514880,2020-06-07 07:28:00+00:00
71427236,jinan-telecom,wuhan-telecom,41.5178,0.0,icmp,1591515000,2020-06-07 07:30:00+00:00
71427466,jinan-telecom,wuhan-telecom,40.5547,0.0,icmp,1591515120,2020-06-07 07:32:00+00:00
71427699,jinan-telecom,wuhan-telecom,41.8277,0.0,icmp,1591515240,2020-06-07 07:34:00+00:00
71427920,jinan-telecom,wuhan-telecom,40.3819,0.0,icmp,1591515360,2020-06-07 07:36:00+00:00
71428169,jinan-telecom,wuhan-telecom,40.7057,0.0,icmp,1591515480,2020-06-07 07:38:00+00:00
71428388,jinan-telecom,wuhan-telecom,40.8631,0.0,icmp,1591515600,2020-06-07 07:40:00+00:00
71428593,jinan-telecom,wuhan-telecom,41.3993,0.0,icmp,1591515720,2020-06-07 07:42:00+00:00
71428858,jinan-telecom,wuhan-telecom,41.7503,0.0,icmp,1591515840,2020-06-07 07:44:00+00:00
71429071,jinan-telecom,wuhan-telecom,40.4738,0.0,icmp,1591515960,2020-06-07 07:46:00+00:00
71429315,jinan-telecom,wuhan-telecom,40.4066,0.0,icmp,1591516080,2020-06-07 07:48:00+00:00
71429538,jinan-telecom,wuhan-telecom,39.4669,0.0,icmp,1591516219,2020-06-07 07:50:19+00:00
71429753,jinan-telecom,wuhan-telecom,40.0017,0.0,icmp,1591516320,2020-06-07 07:52:00+00:00
71429986,jinan-telecom,wuhan-telecom,41.0723,0.0,icmp,1591516440,2020-06-07 07:54:00+00:00
71430226,jinan-telecom,wuhan-telecom,40.9574,0.0,icmp,1591516560,2020-06-07 07:56:00+00:00
71430444,jinan-telecom,wuhan-telecom,40.3367,0.0,icmp,1591516680,2020-06-07 07:58:00+00:00
71430687,jinan-telecom,wuhan-telecom,41.0231,0.0,icmp,1591516800,2020-06-07 08:00:00+00:00
71430909,jinan-telecom,wuhan-telecom,41.5011,0.0,icmp,1591516920,2020-06-07 08:02:00+00:00
71431174,jinan-telecom,wuhan-telecom,39.5804,0.0,icmp,1591517045,2020-06-07 08:04:05+00:00
71431369,jinan-telecom,wuhan-telecom,38.5074,24.0,icmp,1591517160,2020-06-07 08:06:00+00:00
71431616,jinan-telecom,wuhan-telecom,31.6583,0.0,icmp,1591517280,2020-06-07 08:08:00+00:00
71431830,jinan-telecom,wuhan-telecom,34.4077,0.0,icmp,1591517400,2020-06-07 08:10:00+00:00
71432044,jinan-telecom,wuhan-telecom,33.7383,0.0,icmp,1591517520,2020-06-07 08:12:00+00:00
71432280,jinan-telecom,wuhan-telecom,31.1021,0.0,icmp,1591517599,2020-06-07 08:13:19+00:00
71432516,jinan-telecom,wuhan-telecom,31.044,0.0,icmp,1591517760,2020-06-07 08:16:00+00:00
71432760,jinan-telecom,wuhan-telecom,33.5548,0.0,icmp,1591517880,2020-06-07 08:18:00+00:00
71432974,jinan-telecom,wuhan-telecom,31.2251,0.0,icmp,1591517944,2020-06-07 08:19:04+00:00
71433208,jinan-telecom,wuhan-telecom,32.8487,0.0,icmp,1591518120,2020-06-07 08:22:00+00:00
71433418,jinan-telecom,wuhan-telecom,34.1928,0.0,icmp,1591518240,2020-06-07 08:24:00+00:00
71433682,jinan-telecom,wuhan-telecom,33.0628,0.0,icmp,1591518360,2020-06-07 08:26:00+00:00
71433890,jinan-telecom,wuhan-telecom,32.4666,0.0,icmp,1591518480,2020-06-07 08:28:00+00:00
71434103,jinan-telecom,wuhan-telecom,32.8653,0.0,icmp,1591518600,2020-06-07 08:30:00+00:00
71434365,jinan-telecom,wuhan-telecom,32.821,0.0,icmp,1591518720,2020-06-07 08:32:00+00:00
71434574,jinan-telecom,wuhan-telecom,32.8536,0.0,icmp,1591518840,2020-06-07 08:34:00+00:00
71434814,jinan-telecom,wuhan-telecom,31.7362,0.0,icmp,1591518960,2020-06-07 08:36:00+00:00
71435044,jinan-telecom,wuhan-telecom,33.0279,0.0,icmp,1591519080,2020-06-07 08:38:00+00:00
71435267,jinan-telecom,wuhan-telecom,32.1669,0.0,icmp,1591519200,2020-06-07 08:40:00+00:00
71435488,jinan-telecom,wuhan-telecom,31.0195,0.0,icmp,1591519339,2020-06-07 08:42:19+00:00
71435723,jinan-telecom,wuhan-telecom,31.906,0.0,icmp,1591519440,2020-06-07 08:44:00+00:00
71435977,jinan-telecom,wuhan-telecom,31.0281,0.0,icmp,1591519579,2020-06-07 08:46:19+00:00
71436186,jinan-telecom,wuhan-telecom,33.4206,0.0,icmp,1591519680,2020-06-07 08:48:00+00:00
71436418,jinan-telecom,wuhan-telecom,30.9279,0.0,icmp,1591519759,2020-06-07 08:49:19+00:00
71436648,jinan-telecom,wuhan-telecom,34.1903,0.0,icmp,1591519920,2020-06-07 08:52:00+00:00
71436869,jinan-telecom,wuhan-telecom,33.0349,0.0,icmp,1591520040,2020-06-07 08:54:00+00:00
71437098,jinan-telecom,wuhan-telecom,32.3352,0.0,icmp,1591520160,2020-06-07 08:56:00+00:00
71437319,jinan-telecom,wuhan-telecom,32.6963,0.0,icmp,1591520280,2020-06-07 08:58:00+00:00
71437550,jinan-telecom,wuhan-telecom,32.3714,0.0,icmp,1591520400,2020-06-07 09:00:00+00:00
71437783,jinan-telecom,wuhan-telecom,31.0146,0.0,icmp,1591520479,2020-06-07 09:01:19+00:00
71438001,jinan-telecom,wuhan-telecom,30.9951,0.0,icmp,1591520599,2020-06-07 09:03:19+00:00
71438255,jinan-telecom,wuhan-telecom,33.8934,0.0,icmp,1591520760,2020-06-07 09:06:00+00:00
71438484,jinan-telecom,wuhan-telecom,32.3668,0.0,icmp,1591520880,2020-06-07 09:08:00+00:00
71438704,jinan-telecom,wuhan-telecom,30.9915,0.0,icmp,1591520959,2020-06-07 09:09:19+00:00
71438915,jinan-telecom,wuhan-telecom,32.725,0.0,icmp,1591521120,2020-06-07 09:12:00+00:00
71439148,jinan-telecom,wuhan-telecom,33.1484,0.0,icmp,1591521240,2020-06-07 09:14:00+00:00
71439389,jinan-telecom,wuhan-telecom,32.23,0.0,icmp,1591521360,2020-06-07 09:16:00+00:00
71439603,jinan-telecom,wuhan-telecom,31.8499,0.0,icmp,1591521480,2020-06-07 09:18:00+00:00
71439846,jinan-telecom,wuhan-telecom,33.033,0.0,icmp,1591521600,2020-06-07 09:20:00+00:00
71440085,jinan-telecom,wuhan-telecom,32.1571,0.0,icmp,1591521720,2020-06-07 09:22:00+00:00
71440303,jinan-telecom,wuhan-telecom,33.3175,0.0,icmp,1591521840,2020-06-07 09:24:00+00:00
71440532,jinan-telecom,wuhan-telecom,33.3812,0.0,icmp,1591521960,2020-06-07 09:26:00+00:00
71440767,jinan-telecom,wuhan-telecom,33.6222,0.0,icmp,1591522080,2020-06-07 09:28:00+00:00
71440976,jinan-telecom,wuhan-telecom,34.2852,0.0,icmp,1591522200,2020-06-07 09:30:00+00:00
71441219,jinan-telecom,wuhan-telecom,33.0308,0.0,icmp,1591522320,2020-06-07 09:32:00+00:00
71441457,jinan-telecom,wuhan-telecom,30.9495,0.0,icmp,1591522459,2020-06-07 09:34:19+00:00
71441666,jinan-telecom,wuhan-telecom,33.3291,0.0,icmp,1591522560,2020-06-07 09:36:00+00:00
71441896,jinan-telecom,wuhan-telecom,33.3349,0.0,icmp,1591522680,2020-06-07 09:38:00+00:00
71442127,jinan-telecom,wuhan-telecom,32.8981,0.0,icmp,1591522800,2020-06-07 09:40:00+00:00
71442385,jinan-telecom,wuhan-telecom,35.8621,0.0,icmp,1591522920,2020-06-07 09:42:00+00:00
71442583,jinan-telecom,wuhan-telecom,33.0494,0.0,icmp,1591523040,2020-06-07 09:44:00+00:00
71442828,jinan-telecom,wuhan-telecom,30.9054,0.0,icmp,1591523179,2020-06-07 09:46:19+00:00
71443039,jinan-telecom,wuhan-telecom,33.7241,0.0,icmp,1591523280,2020-06-07 09:48:00+00:00
71443292,jinan-telecom,wuhan-telecom,33.1951,0.0,icmp,1591523400,2020-06-07 09:50:00+00:00
71443497,jinan-telecom,wuhan-telecom,30.9404,0.0,icmp,1591523479,2020-06-07 09:51:19+00:00
71443721,jinan-telecom,wuhan-telecom,31.0761,0.0,icmp,1591523640,2020-06-07 09:54:00+00:00
71443962,jinan-telecom,wuhan-telecom,31.0037,0.0,icmp,1591523760,2020-06-07 09:56:00+00:00
71444193,jinan-telecom,wuhan-telecom,32.4027,0.0,icmp,1591523880,2020-06-07 09:58:00+00:00
71444413,jinan-telecom,wuhan-telecom,31.0488,0.0,icmp,1591523959,2020-06-07 09:59:19+00:00
71444641,jinan-telecom,wuhan-telecom,33.3167,0.0,icmp,1591524120,2020-06-07 10:02:00+00:00
71444885,jinan-telecom,wuhan-telecom,33.5169,0.0,icmp,1591524240,2020-06-07 10:04:00+00:00
71445104,jinan-telecom,wuhan-telecom,34.253,0.0,icmp,1591524360,2020-06-07 10:06:00+00:00
71445324,jinan-telecom,wuhan-telecom,30.9257,0.0,icmp,1591524439,2020-06-07 10:07:19+00:00
71445577,jinan-telecom,wuhan-telecom,34.2683,0.0,icmp,1591524600,2020-06-07 10:10:00+00:00
71445789,jinan-telecom,wuhan-telecom,31.5552,0.0,icmp,1591524720,2020-06-07 10:12:00+00:00
71446028,jinan-telecom,wuhan-telecom,32.4762,0.0,icmp,1591524840,2020-06-07 10:14:00+00:00
71446241,jinan-telecom,wuhan-telecom,30.9282,0.0,icmp,1591524979,2020-06-07 10:16:19+00:00
71446501,jinan-telecom,wuhan-telecom,32.6752,0.0,icmp,1591525080,2020-06-07 10:18:00+00:00
71446728,jinan-telecom,wuhan-telecom,32.7139,0.0,icmp,1591525200,2020-06-07 10:20:00+00:00
71446938,jinan-telecom,wuhan-telecom,34.1013,0.0,icmp,1591525320,2020-06-07 10:22:00+00:00
71447166,jinan-telecom,wuhan-telecom,33.1916,0.0,icmp,1591525440,2020-06-07 10:24:00+00:00
71447399,jinan-telecom,wuhan-telecom,31.5179,0.0,icmp,1591525560,2020-06-07 10:26:00+00:00
71447638,jinan-telecom,wuhan-telecom,32.8018,0.0,icmp,1591525680,2020-06-07 10:28:00+00:00
71447872,jinan-telecom,wuhan-telecom,32.3124,0.0,icmp,1591525800,2020-06-07 10:30:00+00:00
71448073,jinan-telecom,wuhan-telecom,33.0826,0.0,icmp,1591525920,2020-06-07 10:32:00+00:00
71448315,jinan-telecom,wuhan-telecom,33.1036,0.0,icmp,1591526040,2020-06-07 10:34:00+00:00
71448557,jinan-telecom,wuhan-telecom,31.0891,0.0,icmp,1591526105,2020-06-07 10:35:05+00:00
71448748,jinan-telecom,wuhan-telecom,31.2767,0.0,icmp,1591526280,2020-06-07 10:38:00+00:00
71448987,jinan-telecom,wuhan-telecom,30.946,0.0,icmp,1591526419,2020-06-07 10:40:19+00:00
71449240,jinan-telecom,wuhan-telecom,33.2385,0.0,icmp,1591526520,2020-06-07 10:42:00+00:00
71449462,jinan-telecom,wuhan-telecom,31.1606,0.0,icmp,1591526659,2020-06-07 10:44:19+00:00
71449681,jinan-telecom,wuhan-telecom,35.1856,0.0,icmp,1591526760,2020-06-07 10:46:00+00:00
71449911,jinan-telecom,wuhan-telecom,32.0665,0.0,icmp,1591526880,2020-06-07 10:48:00+00:00
71450132,jinan-telecom,wuhan-telecom,34.398,0.0,icmp,1591527000,2020-06-07 10:50:00+00:00
71450376,jinan-telecom,wuhan-telecom,33.4347,0.0,icmp,1591527120,2020-06-07 10:52:00+00:00
71450616,jinan-telecom,wuhan-telecom,33.1554,0.0,icmp,1591527240,2020-06-07 10:54:00+00:00
71450829,jinan-telecom,wuhan-telecom,31.0256,0.0,icmp,1591527379,2020-06-07 10:56:19+00:00
71451066,jinan-telecom,wuhan-telecom,32.5791,0.0,icmp,1591527480,2020-06-07 10:58:00+00:00
71451282,jinan-telecom,wuhan-telecom,34.3757,0.0,icmp,1591527600,2020-06-07 11:00:00+00:00
71451508,jinan-telecom,wuhan-telecom,32.4435,0.0,icmp,1591527720,2020-06-07 11:02:00+00:00
71451759,jinan-telecom,wuhan-telecom,31.9994,0.0,icmp,1591527840,2020-06-07 11:04:00+00:00
71451969,jinan-telecom,wuhan-telecom,32.4628,0.0,icmp,1591527960,2020-06-07 11:06:00+00:00
71452211,jinan-telecom,wuhan-telecom,32.6017,0.0,icmp,1591528080,2020-06-07 11:08:00+00:00
71452440,jinan-telecom,wuhan-telecom,32.5653,0.0,icmp,1591528200,2020-06-07 11:10:00+00:00
71452666,jinan-telecom,wuhan-telecom,30.9125,0.0,icmp,1591528339,2020-06-07 11:12:19+00:00
71452890,jinan-telecom,wuhan-telecom,34.8694,0.0,icmp,1591528440,2020-06-07 11:14:00+00:00
71453133,jinan-telecom,wuhan-telecom,33.2796,0.0,icmp,1591528560,2020-06-07 11:16:00+00:00
71453365,jinan-telecom,wuhan-telecom,30.9813,0.0,icmp,1591528639,2020-06-07 11:17:19+00:00
71453587,jinan-telecom,wuhan-telecom,32.8348,0.0,icmp,1591528800,2020-06-07 11:20:00+00:00
71453822,jinan-telecom,wuhan-telecom,33.0179,0.0,icmp,1591528920,2020-06-07 11:22:00+00:00
71454044,jinan-telecom,wuhan-telecom,31.1243,0.0,icmp,1591529045,2020-06-07 11:24:05+00:00
71454265,jinan-telecom,wuhan-telecom,32.6708,0.0,icmp,1591529160,2020-06-07 11:26:00+00:00
71454511,jinan-telecom,wuhan-telecom,30.916,0.0,icmp,1591529239,2020-06-07 11:27:19+00:00
71454728,jinan-telecom,wuhan-telecom,30.8796,0.0,icmp,1591529359,2020-06-07 11:29:19+00:00
71454944,jinan-telecom,wuhan-telecom,30.9337,0.0,icmp,1591529479,2020-06-07 11:31:19+00:00
71455186,jinan-telecom,wuhan-telecom,33.3984,0.0,icmp,1591529640,2020-06-07 11:34:00+00:00
71455440,jinan-telecom,wuhan-telecom,32.4681,0.0,icmp,1591529760,2020-06-07 11:36:00+00:00
71455646,jinan-telecom,wuhan-telecom,32.5631,0.0,icmp,1591529880,2020-06-07 11:38:00+00:00
71455861,jinan-telecom,wuhan-telecom,33.4515,0.0,icmp,1591530000,2020-06-07 11:40:00+00:00
71456114,jinan-telecom,wuhan-telecom,30.9306,0.0,icmp,1591530139,2020-06-07 11:42:19+00:00
71456332,jinan-telecom,wuhan-telecom,30.9658,0.0,icmp,1591530259,2020-06-07 11:44:19+00:00
71456560,jinan-telecom,wuhan-telecom,32.9624,0.0,icmp,1591530360,2020-06-07 11:46:00+00:00
71456800,jinan-telecom,wuhan-telecom,33.1487,0.0,icmp,1591530480,2020-06-07 11:48:00+00:00
71457010,jinan-telecom,wuhan-telecom,33.2841,0.0,icmp,1591530600,2020-06-07 11:50:00+00:00
71457248,jinan-telecom,wuhan-telecom,31.9598,0.0,icmp,1591530720,2020-06-07 11:52:00+00:00
71457492,jinan-telecom,wuhan-telecom,30.9226,0.0,icmp,1591530799,2020-06-07 11:53:19+00:00
71457719,jinan-telecom,wuhan-telecom,33.8345,0.0,icmp,1591530960,2020-06-07 11:56:00+00:00
71457943,jinan-telecom,wuhan-telecom,30.9374,0.0,icmp,1591531099,2020-06-07 11:58:19+00:00
71458161,jinan-telecom,wuhan-telecom,31.8135,0.0,icmp,1591531200,2020-06-07 12:00:00+00:00
71458388,jinan-telecom,wuhan-telecom,34.3306,0.0,icmp,1591531320,2020-06-07 12:02:00+00:00
71458608,jinan-telecom,wuhan-telecom,31.0134,0.0,icmp,1591531459,2020-06-07 12:04:19+00:00
71458848,jinan-telecom,wuhan-telecom,33.0034,0.0,icmp,1591531560,2020-06-07 12:06:00+00:00
71459070,jinan-telecom,wuhan-telecom,31.037,0.0,icmp,1591531625,2020-06-07 12:07:05+00:00
71459301,jinan-telecom,wuhan-telecom,33.6257,0.0,icmp,1591531800,2020-06-07 12:10:00+00:00
71459519,jinan-telecom,wuhan-telecom,32.751,0.0,icmp,1591531920,2020-06-07 12:12:00+00:00
71459765,jinan-telecom,wuhan-telecom,33.4575,0.0,icmp,1591532040,2020-06-07 12:14:00+00:00
71459998,jinan-telecom,wuhan-telecom,33.6532,0.0,icmp,1591532160,2020-06-07 12:16:00+00:00
71460215,jinan-telecom,wuhan-telecom,34.3405,0.0,icmp,1591532280,2020-06-07 12:18:00+00:00
71460448,jinan-telecom,wuhan-telecom,34.7747,0.0,icmp,1591532400,2020-06-07 12:20:00+00:00
71460697,jinan-telecom,wuhan-telecom,35.4128,0.0,icmp,1591532520,2020-06-07 12:22:00+00:00
71460899,jinan-telecom,wuhan-telecom,33.5311,0.0,icmp,1591532599,2020-06-07 12:23:19+00:00
71461150,jinan-telecom,wuhan-telecom,36.9254,0.0,icmp,1591532760,2020-06-07 12:26:00+00:00
71461373,jinan-telecom,wuhan-telecom,33.5618,0.0,icmp,1591532839,2020-06-07 12:27:19+00:00
71461591,jinan-telecom,wuhan-telecom,32.2947,0.0,icmp,1591533000,2020-06-07 12:30:00+00:00
71461819,jinan-telecom,wuhan-telecom,31.6493,0.0,icmp,1591533120,2020-06-07 12:32:00+00:00
71462067,jinan-telecom,wuhan-telecom,31.1827,0.0,icmp,1591533259,2020-06-07 12:34:19+00:00
71462272,jinan-telecom,wuhan-telecom,33.5617,1.0,icmp,1591533360,2020-06-07 12:36:00+00:00
71462501,jinan-telecom,wuhan-telecom,32.4763,0.0,icmp,1591533480,2020-06-07 12:38:00+00:00
71462747,jinan-telecom,wuhan-telecom,36.9007,1.0,icmp,1591533600,2020-06-07 12:40:00+00:00
71462987,jinan-telecom,wuhan-telecom,33.0531,0.0,icmp,1591533720,2020-06-07 12:42:00+00:00
71463217,jinan-telecom,wuhan-telecom,33.8699,0.0,icmp,1591533840,2020-06-07 12:44:00+00:00
71463427,jinan-telecom,wuhan-telecom,31.172,0.0,icmp,1591533904,2020-06-07 12:45:04+00:00
71463647,jinan-telecom,wuhan-telecom,30.9365,0.0,icmp,1591534099,2020-06-07 12:48:19+00:00
71463885,jinan-telecom,wuhan-telecom,32.3286,0.0,icmp,1591534200,2020-06-07 12:50:00+00:00
71464130,jinan-telecom,wuhan-telecom,34.509,0.0,icmp,1591534320,2020-06-07 12:52:00+00:00
71464335,jinan-telecom,wuhan-telecom,36.2009,0.0,icmp,1591534440,2020-06-07 12:54:00+00:00
71464582,jinan-telecom,wuhan-telecom,33.391,0.0,icmp,1591534565,2020-06-07 12:56:05+00:00
71464798,jinan-telecom,wuhan-telecom,34.6302,0.0,icmp,1591534680,2020-06-07 12:58:00+00:00
71465020,jinan-telecom,wuhan-telecom,38.2311,0.0,icmp,1591534800,2020-06-07 13:00:00+00:00
71465250,jinan-telecom,wuhan-telecom,35.7597,0.0,icmp,1591534920,2020-06-07 13:02:00+00:00
71465483,jinan-telecom,wuhan-telecom,36.6326,0.0,icmp,1591535040,2020-06-07 13:04:00+00:00
71465720,jinan-telecom,wuhan-telecom,34.9038,0.0,icmp,1591535160,2020-06-07 13:06:00+00:00
71465954,jinan-telecom,wuhan-telecom,35.0652,0.0,icmp,1591535280,2020-06-07 13:08:00+00:00
71466181,jinan-telecom,wuhan-telecom,35.1145,0.0,icmp,1591535400,2020-06-07 13:10:00+00:00
71466416,jinan-telecom,wuhan-telecom,40.48,0.0,icmp,1591535520,2020-06-07 13:12:00+00:00
71466630,jinan-telecom,wuhan-telecom,40.5174,0.0,icmp,1591535640,2020-06-07 13:14:00+00:00
71466869,jinan-telecom,wuhan-telecom,42.2407,0.0,icmp,1591535760,2020-06-07 13:16:00+00:00
71467084,jinan-telecom,wuhan-telecom,41.7517,0.0,icmp,1591535880,2020-06-07 13:18:00+00:00
71467318,jinan-telecom,wuhan-telecom,41.0874,0.0,icmp,1591536000,2020-06-07 13:20:00+00:00
71467567,jinan-telecom,wuhan-telecom,41.6971,0.0,icmp,1591536120,2020-06-07 13:22:00+00:00
71467771,jinan-telecom,wuhan-telecom,41.2821,0.0,icmp,1591536240,2020-06-07 13:24:00+00:00
71468000,jinan-telecom,wuhan-telecom,39.585,0.0,icmp,1591536319,2020-06-07 13:25:19+00:00
71468231,jinan-telecom,wuhan-telecom,39.5134,0.0,icmp,1591536439,2020-06-07 13:27:19+00:00
71468468,jinan-telecom,wuhan-telecom,40.3192,0.0,icmp,1591536600,2020-06-07 13:30:00+00:00
71468702,jinan-telecom,wuhan-telecom,41.0805,0.0,icmp,1591536720,2020-06-07 13:32:00+00:00
71468918,jinan-telecom,wuhan-telecom,40.8063,0.0,icmp,1591536840,2020-06-07 13:34:00+00:00
71469149,jinan-telecom,wuhan-telecom,41.0277,0.0,icmp,1591536960,2020-06-07 13:36:00+00:00
71469375,jinan-telecom,wuhan-telecom,41.1114,0.0,icmp,1591537080,2020-06-07 13:38:00+00:00
71469619,jinan-telecom,wuhan-telecom,41.1927,0.0,icmp,1591537200,2020-06-07 13:40:00+00:00
71469828,jinan-telecom,wuhan-telecom,41.8188,0.0,icmp,1591537320,2020-06-07 13:42:00+00:00
71470073,jinan-telecom,wuhan-telecom,39.4798,0.0,icmp,1591537399,2020-06-07 13:43:19+00:00
71470315,jinan-telecom,wuhan-telecom,41.1568,0.0,icmp,1591537560,2020-06-07 13:46:00+00:00
71470544,jinan-telecom,wuhan-telecom,40.4433,0.0,icmp,1591537680,2020-06-07 13:48:00+00:00
71470758,jinan-telecom,wuhan-telecom,39.5568,0.0,icmp,1591537819,2020-06-07 13:50:19+00:00
71470974,jinan-telecom,wuhan-telecom,41.1138,0.0,icmp,1591537920,2020-06-07 13:52:00+00:00
71471220,jinan-telecom,wuhan-telecom,39.5221,0.0,icmp,1591537999,2020-06-07 13:53:19+00:00
71471438,jinan-telecom,wuhan-telecom,41.6331,0.0,icmp,1591538160,2020-06-07 13:56:00+00:00
71471674,jinan-telecom,wuhan-telecom,39.583,0.0,icmp,1591538239,2020-06-07 13:57:19+00:00
71471902,jinan-telecom,wuhan-telecom,39.5452,0.0,icmp,1591538359,2020-06-07 13:59:19+00:00
71472129,jinan-telecom,wuhan-telecom,39.5995,0.0,icmp,1591538479,2020-06-07 14:01:19+00:00
71472348,jinan-telecom,wuhan-telecom,39.4497,0.0,icmp,1591538659,2020-06-07 14:04:19+00:00
71472578,jinan-telecom,wuhan-telecom,39.6162,0.0,icmp,1591538766,2020-06-07 14:06:06+00:00
71472829,jinan-telecom,wuhan-telecom,41.9391,0.0,icmp,1591538880,2020-06-07 14:08:00+00:00
71473056,jinan-telecom,wuhan-telecom,39.5425,0.0,icmp,1591539019,2020-06-07 14:10:19+00:00
71473244,jinan-telecom,wuhan-telecom,40.1731,0.0,icmp,1591539120,2020-06-07 14:12:00+00:00
71473511,jinan-telecom,wuhan-telecom,40.5673,0.0,icmp,1591539240,2020-06-07 14:14:00+00:00
71473728,jinan-telecom,wuhan-telecom,40.4504,0.0,icmp,1591539360,2020-06-07 14:16:00+00:00
71473968,jinan-telecom,wuhan-telecom,41.6477,0.0,icmp,1591539480,2020-06-07 14:18:00+00:00
71474188,jinan-telecom,wuhan-telecom,39.5332,0.0,icmp,1591539559,2020-06-07 14:19:19+00:00
71474413,jinan-telecom,wuhan-telecom,40.7132,0.0,icmp,1591539720,2020-06-07 14:22:00+00:00
71474641,jinan-telecom,wuhan-telecom,39.4982,0.0,icmp,1591539859,2020-06-07 14:24:19+00:00
71474860,jinan-telecom,wuhan-telecom,40.0425,0.0,icmp,1591539960,2020-06-07 14:26:00+00:00
71475113,jinan-telecom,wuhan-telecom,39.4969,0.0,icmp,1591540099,2020-06-07 14:28:19+00:00
71475338,jinan-telecom,wuhan-telecom,41.3903,0.0,icmp,1591540200,2020-06-07 14:30:00+00:00
71475565,jinan-telecom,wuhan-telecom,39.5012,0.0,icmp,1591540339,2020-06-07 14:32:19+00:00
71475788,jinan-telecom,wuhan-telecom,40.9299,0.0,icmp,1591540440,2020-06-07 14:34:00+00:00
71476025,jinan-telecom,wuhan-telecom,42.2719,0.0,icmp,1591540560,2020-06-07 14:36:00+00:00
71476242,jinan-telecom,wuhan-telecom,39.9015,0.0,icmp,1591540625,2020-06-07 14:37:05+00:00
71476474,jinan-telecom,wuhan-telecom,39.5157,0.0,icmp,1591540819,2020-06-07 14:40:19+00:00
71476708,jinan-telecom,wuhan-telecom,39.5646,0.0,icmp,1591540939,2020-06-07 14:42:19+00:00
71476958,jinan-telecom,wuhan-telecom,40.4405,0.0,icmp,1591541040,2020-06-07 14:44:00+00:00
71477183,jinan-telecom,wuhan-telecom,39.8013,0.0,icmp,1591541160,2020-06-07 14:46:00+00:00
71477387,jinan-telecom,wuhan-telecom,40.4327,0.0,icmp,1591541280,2020-06-07 14:48:00+00:00
71477639,jinan-telecom,wuhan-telecom,39.5755,0.0,icmp,1591541359,2020-06-07 14:49:19+00:00
71477885,jinan-telecom,wuhan-telecom,40.0526,0.0,icmp,1591541520,2020-06-07 14:52:00+00:00
71478084,jinan-telecom,wuhan-telecom,40.6098,0.0,icmp,1591541640,2020-06-07 14:54:00+00:00
71478305,jinan-telecom,wuhan-telecom,39.4839,0.0,icmp,1591541719,2020-06-07 14:55:19+00:00
71478557,jinan-telecom,wuhan-telecom,39.7748,0.0,icmp,1591541885,2020-06-07 14:58:05+00:00
71478761,jinan-telecom,wuhan-telecom,41.6016,0.0,icmp,1591542000,2020-06-07 15:00:00+00:00
71479000,jinan-telecom,wuhan-telecom,39.6213,0.0,icmp,1591542120,2020-06-07 15:02:00+00:00
71479237,jinan-telecom,wuhan-telecom,40.6686,0.0,icmp,1591542240,2020-06-07 15:04:00+00:00
71479459,jinan-telecom,wuhan-telecom,40.3417,0.0,icmp,1591542360,2020-06-07 15:06:00+00:00
71479678,jinan-telecom,wuhan-telecom,39.5414,0.0,icmp,1591542499,2020-06-07 15:08:19+00:00
71479907,jinan-telecom,wuhan-telecom,41.4708,0.0,icmp,1591542600,2020-06-07 15:10:00+00:00
71480147,jinan-telecom,wuhan-telecom,41.8535,0.0,icmp,1591542720,2020-06-07 15:12:00+00:00
71480368,jinan-telecom,wuhan-telecom,40.2694,0.0,icmp,1591542840,2020-06-07 15:14:00+00:00
71480606,jinan-telecom,wuhan-telecom,40.4081,0.0,icmp,1591542960,2020-06-07 15:16:00+00:00
71480815,jinan-telecom,wuhan-telecom,39.782,0.0,icmp,1591543099,2020-06-07 15:18:19+00:00
71481072,jinan-telecom,wuhan-telecom,41.7313,0.0,icmp,1591543200,2020-06-07 15:20:00+00:00
71481287,jinan-telecom,wuhan-telecom,41.1043,0.0,icmp,1591543320,2020-06-07 15:22:00+00:00
71481509,jinan-telecom,wuhan-telecom,41.5896,0.0,icmp,1591543440,2020-06-07 15:24:00+00:00
71481755,jinan-telecom,wuhan-telecom,39.7709,0.0,icmp,1591543560,2020-06-07 15:26:00+00:00
71481978,jinan-telecom,wuhan-telecom,41.281,0.0,icmp,1591543680,2020-06-07 15:28:00+00:00
71482190,jinan-telecom,wuhan-telecom,41.1155,0.0,icmp,1591543800,2020-06-07 15:30:00+00:00
71482414,jinan-telecom,wuhan-telecom,42.1761,0.0,icmp,1591543920,2020-06-07 15:32:00+00:00
71482671,jinan-telecom,wuhan-telecom,42.738,0.0,icmp,1591544040,2020-06-07 15:34:00+00:00
71482892,jinan-telecom,wuhan-telecom,39.4956,0.0,icmp,1591544119,2020-06-07 15:35:19+00:00
71483119,jinan-telecom,wuhan-telecom,41.844,0.0,icmp,1591544280,2020-06-07 15:38:00+00:00
71483359,jinan-telecom,wuhan-telecom,41.3682,0.0,icmp,1591544400,2020-06-07 15:40:00+00:00
71483577,jinan-telecom,wuhan-telecom,40.5153,0.0,icmp,1591544520,2020-06-07 15:42:00+00:00
71483813,jinan-telecom,wuhan-telecom,39.492,0.0,icmp,1591544599,2020-06-07 15:43:19+00:00
71484039,jinan-telecom,wuhan-telecom,39.9923,0.0,icmp,1591544760,2020-06-07 15:46:00+00:00
71484280,jinan-telecom,wuhan-telecom,40.758,0.0,icmp,1591544880,2020-06-07 15:48:00+00:00
71484502,jinan-telecom,wuhan-telecom,39.7658,0.0,icmp,1591545000,2020-06-07 15:50:00+00:00
71484711,jinan-telecom,wuhan-telecom,39.5,0.0,icmp,1591545079,2020-06-07 15:51:19+00:00
71484942,jinan-telecom,wuhan-telecom,41.7835,0.0,icmp,1591545240,2020-06-07 15:54:00+00:00
71485191,jinan-telecom,wuhan-telecom,40.9347,0.0,icmp,1591545360,2020-06-07 15:56:00+00:00
71485416,jinan-telecom,wuhan-telecom,39.558,0.0,icmp,1591545439,2020-06-07 15:57:19+00:00
71485636,jinan-telecom,wuhan-telecom,41.0049,0.0,icmp,1591545600,2020-06-07 16:00:00+00:00
71485892,jinan-telecom,wuhan-telecom,41.9321,0.0,icmp,1591545720,2020-06-07 16:02:00+00:00
71486105,jinan-telecom,wuhan-telecom,41.2321,0.0,icmp,1591545840,2020-06-07 16:04:00+00:00
71486338,jinan-telecom,wuhan-telecom,42.7895,0.0,icmp,1591545960,2020-06-07 16:06:00+00:00
71486560,jinan-telecom,wuhan-telecom,41.1668,0.0,icmp,1591546080,2020-06-07 16:08:00+00:00
71486762,jinan-telecom,wuhan-telecom,40.4805,0.0,icmp,1591546200,2020-06-07 16:10:00+00:00
71487012,jinan-telecom,wuhan-telecom,41.9625,0.0,icmp,1591546320,2020-06-07 16:12:00+00:00
71487252,jinan-telecom,wuhan-telecom,40.2447,0.0,icmp,1591546440,2020-06-07 16:14:00+00:00
71487465,jinan-telecom,wuhan-telecom,39.4713,0.0,icmp,1591546519,2020-06-07 16:15:19+00:00
71487704,jinan-telecom,wuhan-telecom,41.7721,0.0,icmp,1591546680,2020-06-07 16:18:00+00:00
71487931,jinan-telecom,wuhan-telecom,40.9602,0.0,icmp,1591546800,2020-06-07 16:20:00+00:00
71488161,jinan-telecom,wuhan-telecom,41.6455,0.0,icmp,1591546920,2020-06-07 16:22:00+00:00
71488383,jinan-telecom,wuhan-telecom,39.4887,0.0,icmp,1591547059,2020-06-07 16:24:19+00:00
71488621,jinan-telecom,wuhan-telecom,39.5238,0.0,icmp,1591547160,2020-06-07 16:26:00+00:00
71488854,jinan-telecom,wuhan-telecom,40.682,0.0,icmp,1591547280,2020-06-07 16:28:00+00:00
71489092,jinan-telecom,wuhan-telecom,39.4797,0.0,icmp,1591547359,2020-06-07 16:29:19+00:00
71489299,jinan-telecom,wuhan-telecom,40.5119,0.0,icmp,1591547520,2020-06-07 16:32:00+00:00
71489529,jinan-telecom,wuhan-telecom,42.2884,0.0,icmp,1591547640,2020-06-07 16:34:00+00:00
71489771,jinan-telecom,wuhan-telecom,41.4721,0.0,icmp,1591547760,2020-06-07 16:36:00+00:00
71489988,jinan-telecom,wuhan-telecom,39.5151,0.0,icmp,1591547839,2020-06-07 16:37:19+00:00
71490214,jinan-telecom,wuhan-telecom,41.4434,0.0,icmp,1591548000,2020-06-07 16:40:00+00:00
71490466,jinan-telecom,wuhan-telecom,40.0253,0.0,icmp,1591548120,2020-06-07 16:42:00+00:00
71490691,jinan-telecom,wuhan-telecom,40.2144,0.0,icmp,1591548240,2020-06-07 16:44:00+00:00
71490907,jinan-telecom,wuhan-telecom,41.212,0.0,icmp,1591548360,2020-06-07 16:46:00+00:00
71491123,jinan-telecom,wuhan-telecom,39.5478,0.0,icmp,1591548439,2020-06-07 16:47:19+00:00
71491365,jinan-telecom,wuhan-telecom,39.5052,0.0,icmp,1591548619,2020-06-07 16:50:19+00:00
71491585,jinan-telecom,wuhan-telecom,42.1024,0.0,icmp,1591548720,2020-06-07 16:52:00+00:00
71491823,jinan-telecom,wuhan-telecom,41.7582,0.0,icmp,1591548840,2020-06-07 16:54:00+00:00
71492052,jinan-telecom,wuhan-telecom,40.162,0.0,icmp,1591548960,2020-06-07 16:56:00+00:00
71492284,jinan-telecom,wuhan-telecom,41.3287,0.0,icmp,1591549080,2020-06-07 16:58:00+00:00
71492504,jinan-telecom,wuhan-telecom,41.0951,0.0,icmp,1591549200,2020-06-07 17:00:00+00:00
71492731,jinan-telecom,wuhan-telecom,39.4974,0.0,icmp,1591549339,2020-06-07 17:02:19+00:00
71492985,jinan-telecom,wuhan-telecom,41.0742,0.0,icmp,1591549440,2020-06-07 17:04:00+00:00
71493213,jinan-telecom,wuhan-telecom,40.8311,0.0,icmp,1591549560,2020-06-07 17:06:00+00:00
71493418,jinan-telecom,wuhan-telecom,40.1293,0.0,icmp,1591549680,2020-06-07 17:08:00+00:00
71493646,jinan-telecom,wuhan-telecom,40.4133,0.0,icmp,1591549800,2020-06-07 17:10:00+00:00
71493887,jinan-telecom,wuhan-telecom,40.6592,0.0,icmp,1591549920,2020-06-07 17:12:00+00:00
71494115,jinan-telecom,wuhan-telecom,42.3463,0.0,icmp,1591550040,2020-06-07 17:14:00+00:00
71494352,jinan-telecom,wuhan-telecom,42.3465,0.0,icmp,1591550160,2020-06-07 17:16:00+00:00
71494562,jinan-telecom,wuhan-telecom,40.4032,0.0,icmp,1591550280,2020-06-07 17:18:00+00:00
71494788,jinan-telecom,wuhan-telecom,40.6416,0.0,icmp,1591550400,2020-06-07 17:20:00+00:00
71495046,jinan-telecom,wuhan-telecom,40.528,0.0,icmp,1591550520,2020-06-07 17:22:00+00:00
71495262,jinan-telecom,wuhan-telecom,40.9897,0.0,icmp,1591550640,2020-06-07 17:24:00+00:00
71495464,jinan-telecom,wuhan-telecom,41.336,0.0,icmp,1591550760,2020-06-07 17:26:00+00:00
71495705,jinan-telecom,wuhan-telecom,40.4783,0.0,icmp,1591550880,2020-06-07 17:28:00+00:00
71495955,jinan-telecom,wuhan-telecom,41.0418,0.0,icmp,1591551000,2020-06-07 17:30:00+00:00
71496181,jinan-telecom,wuhan-telecom,40.3084,0.0,icmp,1591551120,2020-06-07 17:32:00+00:00
71496411,jinan-telecom,wuhan-telecom,39.5537,0.0,icmp,1591551199,2020-06-07 17:33:19+00:00
71496636,jinan-telecom,wuhan-telecom,39.6753,0.0,icmp,1591551360,2020-06-07 17:36:00+00:00
71496892,jinan-telecom,wuhan-telecom,39.4776,0.0,icmp,1591551439,2020-06-07 17:37:19+00:00
71497094,jinan-telecom,wuhan-telecom,41.3923,0.0,icmp,1591551600,2020-06-07 17:40:00+00:00
71497339,jinan-telecom,wuhan-telecom,42.8907,0.0,icmp,1591551720,2020-06-07 17:42:00+00:00
71497541,jinan-telecom,wuhan-telecom,39.4943,0.0,icmp,1591551799,2020-06-07 17:43:19+00:00
71497780,jinan-telecom,wuhan-telecom,40.564,0.0,icmp,1591551960,2020-06-07 17:46:00+00:00
71498022,jinan-telecom,wuhan-telecom,40.8569,0.0,icmp,1591552080,2020-06-07 17:48:00+00:00
71498235,jinan-telecom,wuhan-telecom,40.234,0.0,icmp,1591552200,2020-06-07 17:50:00+00:00
71498460,jinan-telecom,wuhan-telecom,40.726,0.0,icmp,1591552320,2020-06-07 17:52:00+00:00
71498689,jinan-telecom,wuhan-telecom,40.3987,0.0,icmp,1591552440,2020-06-07 17:54:00+00:00
71498932,jinan-telecom,wuhan-telecom,40.6798,0.0,icmp,1591552560,2020-06-07 17:56:00+00:00
71499159,jinan-telecom,wuhan-telecom,39.9742,0.0,icmp,1591552680,2020-06-07 17:58:00+00:00
71499389,jinan-telecom,wuhan-telecom,41.2406,0.0,icmp,1591552800,2020-06-07 18:00:00+00:00
71499608,jinan-telecom,wuhan-telecom,40.6248,0.0,icmp,1591552920,2020-06-07 18:02:00+00:00
71499838,jinan-telecom,wuhan-telecom,41.4029,0.0,icmp,1591553040,2020-06-07 18:04:00+00:00
71500054,jinan-telecom,wuhan-telecom,40.6197,0.0,icmp,1591553160,2020-06-07 18:06:00+00:00
71500308,jinan-telecom,wuhan-telecom,40.7666,0.0,icmp,1591553280,2020-06-07 18:08:00+00:00
71500513,jinan-telecom,wuhan-telecom,40.3445,0.0,icmp,1591553400,2020-06-07 18:10:00+00:00
71500752,jinan-telecom,wuhan-telecom,39.5152,0.0,icmp,1591553479,2020-06-07 18:11:19+00:00
71500973,jinan-telecom,wuhan-telecom,39.4743,0.0,icmp,1591553599,2020-06-07 18:13:19+00:00
71501222,jinan-telecom,wuhan-telecom,40.583,0.0,icmp,1591553760,2020-06-07 18:16:00+00:00
71501439,jinan-telecom,wuhan-telecom,41.0988,0.0,icmp,1591553880,2020-06-07 18:18:00+00:00
71501669,jinan-telecom,wuhan-telecom,42.8515,0.0,icmp,1591554000,2020-06-07 18:20:00+00:00
71501906,jinan-telecom,wuhan-telecom,40.6256,0.0,icmp,1591554120,2020-06-07 18:22:00+00:00
71502126,jinan-telecom,wuhan-telecom,39.4584,0.0,icmp,1591554199,2020-06-07 18:23:19+00:00
71502363,jinan-telecom,wuhan-telecom,39.5679,0.0,icmp,1591554305,2020-06-07 18:25:05+00:00
71502579,jinan-telecom,wuhan-telecom,41.3598,0.0,icmp,1591554480,2020-06-07 18:28:00+00:00
71502832,jinan-telecom,wuhan-telecom,39.48,0.0,icmp,1591554559,2020-06-07 18:29:19+00:00
71503041,jinan-telecom,wuhan-telecom,39.4625,0.0,icmp,1591554739,2020-06-07 18:32:19+00:00
71503284,jinan-telecom,wuhan-telecom,41.6505,0.0,icmp,1591554840,2020-06-07 18:34:00+00:00
71503494,jinan-telecom,wuhan-telecom,39.4707,0.0,icmp,1591554979,2020-06-07 18:36:19+00:00
71503723,jinan-telecom,wuhan-telecom,41.1118,0.0,icmp,1591555080,2020-06-07 18:38:00+00:00
71503970,jinan-telecom,wuhan-telecom,41.3454,0.0,icmp,1591555200,2020-06-07 18:40:00+00:00
71504204,jinan-telecom,wuhan-telecom,40.8505,0.0,icmp,1591555320,2020-06-07 18:42:00+00:00
71504409,jinan-telecom,wuhan-telecom,39.5449,0.0,icmp,1591555459,2020-06-07 18:44:19+00:00
71504648,jinan-telecom,wuhan-telecom,40.785,0.0,icmp,1591555560,2020-06-07 18:46:00+00:00
71504892,jinan-telecom,wuhan-telecom,40.4893,0.0,icmp,1591555680,2020-06-07 18:48:00+00:00
71505117,jinan-telecom,wuhan-telecom,40.5199,0.0,icmp,1591555800,2020-06-07 18:50:00+00:00
71505341,jinan-telecom,wuhan-telecom,39.4756,0.0,icmp,1591555879,2020-06-07 18:51:19+00:00
71505554,jinan-telecom,wuhan-telecom,41.1127,0.0,icmp,1591556040,2020-06-07 18:54:00+00:00
71505794,jinan-telecom,wuhan-telecom,40.2383,0.0,icmp,1591556160,2020-06-07 18:56:00+00:00
71506023,jinan-telecom,wuhan-telecom,39.5165,0.0,icmp,1591556299,2020-06-07 18:58:19+00:00
71506239,jinan-telecom,wuhan-telecom,40.5795,0.0,icmp,1591556400,2020-06-07 19:00:00+00:00
71506467,jinan-telecom,wuhan-telecom,40.2011,0.0,icmp,1591556520,2020-06-07 19:02:00+00:00
71506722,jinan-telecom,wuhan-telecom,40.3287,0.0,icmp,1591556640,2020-06-07 19:04:00+00:00
71506937,jinan-telecom,wuhan-telecom,41.1905,0.0,icmp,1591556760,2020-06-07 19:06:00+00:00
71507159,jinan-telecom,wuhan-telecom,40.0588,0.0,icmp,1591556880,2020-06-07 19:08:00+00:00
71507403,jinan-telecom,wuhan-telecom,41.5469,0.0,icmp,1591557000,2020-06-07 19:10:00+00:00
71507621,jinan-telecom,wuhan-telecom,42.0616,0.0,icmp,1591557120,2020-06-07 19:12:00+00:00
71507858,jinan-telecom,wuhan-telecom,40.4108,0.0,icmp,1591557240,2020-06-07 19:14:00+00:00
71508076,jinan-telecom,wuhan-telecom,41.8645,0.0,icmp,1591557360,2020-06-07 19:16:00+00:00
71508321,jinan-telecom,wuhan-telecom,42.0655,0.0,icmp,1591557480,2020-06-07 19:18:00+00:00
71508548,jinan-telecom,wuhan-telecom,39.7005,0.0,icmp,1591557600,2020-06-07 19:20:00+00:00
71508763,jinan-telecom,wuhan-telecom,39.4185,0.0,icmp,1591557739,2020-06-07 19:22:19+00:00
71508993,jinan-telecom,wuhan-telecom,40.5878,0.0,icmp,1591557840,2020-06-07 19:24:00+00:00
71509220,jinan-telecom,wuhan-telecom,42.0484,0.0,icmp,1591557960,2020-06-07 19:26:00+00:00
71509443,jinan-telecom,wuhan-telecom,39.4633,0.0,icmp,1591558099,2020-06-07 19:28:19+00:00
71509688,jinan-telecom,wuhan-telecom,41.8529,0.0,icmp,1591558200,2020-06-07 19:30:00+00:00
71509912,jinan-telecom,wuhan-telecom,40.2628,0.0,icmp,1591558320,2020-06-07 19:32:00+00:00
71510152,jinan-telecom,wuhan-telecom,39.8188,0.0,icmp,1591558440,2020-06-07 19:34:00+00:00
71510361,jinan-telecom,wuhan-telecom,40.6519,0.0,icmp,1591558560,2020-06-07 19:36:00+00:00
71510610,jinan-telecom,wuhan-telecom,39.4742,0.0,icmp,1591558699,2020-06-07 19:38:19+00:00
71510836,jinan-telecom,wuhan-telecom,42.3574,0.0,icmp,1591558800,2020-06-07 19:40:00+00:00
71511065,jinan-telecom,wuhan-telecom,39.8163,0.0,icmp,1591558920,2020-06-07 19:42:00+00:00
71511299,jinan-telecom,wuhan-telecom,41.6852,0.0,icmp,1591559040,2020-06-07 19:44:00+00:00
71511506,jinan-telecom,wuhan-telecom,41.1239,0.0,icmp,1591559160,2020-06-07 19:46:00+00:00
74217747,jinan-telecom,wuhan-telecom,43.3798,0.0,icmp,1591621020,2020-06-08 12:57:00+00:00
74217953,jinan-telecom,wuhan-telecom,39.504,0.0,icmp,1591621085,2020-06-08 12:58:05+00:00
74218190,jinan-telecom,wuhan-telecom,39.4625,0.0,icmp,1591621219,2020-06-08 13:00:19+00:00
74218429,jinan-telecom,wuhan-telecom,40.4584,0.0,icmp,1591621380,2020-06-08 13:03:00+00:00
74218665,jinan-telecom,wuhan-telecom,40.3661,0.0,icmp,1591621500,2020-06-08 13:05:00+00:00
74218882,jinan-telecom,wuhan-telecom,42.2829,0.0,icmp,1591621620,2020-06-08 13:07:00+00:00
74219103,jinan-telecom,wuhan-telecom,39.4647,0.0,icmp,1591621699,2020-06-08 13:08:19+00:00
74219335,jinan-telecom,wuhan-telecom,40.8361,0.0,icmp,1591621860,2020-06-08 13:11:00+00:00
74219559,jinan-telecom,wuhan-telecom,41.5533,0.0,icmp,1591621980,2020-06-08 13:13:00+00:00
74219783,jinan-telecom,wuhan-telecom,40.5963,0.0,icmp,1591622100,2020-06-08 13:15:00+00:00
74220016,jinan-telecom,wuhan-telecom,40.2732,0.0,icmp,1591622220,2020-06-08 13:17:00+00:00
74220245,jinan-telecom,wuhan-telecom,42.6869,0.0,icmp,1591622340,2020-06-08 13:19:00+00:00
74220479,jinan-telecom,wuhan-telecom,42.7866,0.0,icmp,1591622460,2020-06-08 13:21:00+00:00
74220708,jinan-telecom,wuhan-telecom,40.0305,0.0,icmp,1591622580,2020-06-08 13:23:00+00:00
74220950,jinan-telecom,wuhan-telecom,41.5735,0.0,icmp,1591622700,2020-06-08 13:25:00+00:00
74221177,jinan-telecom,wuhan-telecom,42.8984,0.0,icmp,1591622820,2020-06-08 13:27:00+00:00
74221382,jinan-telecom,wuhan-telecom,39.3914,0.0,icmp,1591622899,2020-06-08 13:28:19+00:00
74221612,jinan-telecom,wuhan-telecom,40.595,0.0,icmp,1591623060,2020-06-08 13:31:00+00:00
74221847,jinan-telecom,wuhan-telecom,40.318,0.0,icmp,1591623180,2020-06-08 13:33:00+00:00
74222088,jinan-telecom,wuhan-telecom,40.8964,0.0,icmp,1591623306,2020-06-08 13:35:06+00:00
74222303,jinan-telecom,wuhan-telecom,39.9957,0.0,icmp,1591623420,2020-06-08 13:37:00+00:00
74222553,jinan-telecom,wuhan-telecom,40.8971,0.0,icmp,1591623540,2020-06-08 13:39:00+00:00
74222769,jinan-telecom,wuhan-telecom,40.4181,0.0,icmp,1591623660,2020-06-08 13:41:00+00:00
74223003,jinan-telecom,wuhan-telecom,41.2133,0.0,icmp,1591623780,2020-06-08 13:43:00+00:00
74223222,jinan-telecom,wuhan-telecom,40.2611,0.0,icmp,1591623900,2020-06-08 13:45:00+00:00
74223469,jinan-telecom,wuhan-telecom,40.4311,0.0,icmp,1591624020,2020-06-08 13:47:00+00:00
74223679,jinan-telecom,wuhan-telecom,39.3745,0.0,icmp,1591624159,2020-06-08 13:49:19+00:00
74223919,jinan-telecom,wuhan-telecom,41.3963,0.0,icmp,1591624260,2020-06-08 13:51:00+00:00
74224154,jinan-telecom,wuhan-telecom,39.3635,0.0,icmp,1591624339,2020-06-08 13:52:19+00:00
74224368,jinan-telecom,wuhan-telecom,39.3604,0.0,icmp,1591624519,2020-06-08 13:55:19+00:00
74224613,jinan-telecom,wuhan-telecom,40.4217,0.0,icmp,1591624620,2020-06-08 13:57:00+00:00
74224827,jinan-telecom,wuhan-telecom,40.5455,0.0,icmp,1591624740,2020-06-08 13:59:00+00:00
74225047,jinan-telecom,wuhan-telecom,39.4212,0.0,icmp,1591624819,2020-06-08 14:00:19+00:00
74225284,jinan-telecom,wuhan-telecom,39.6533,0.0,icmp,1591624999,2020-06-08 14:03:19+00:00
74225509,jinan-telecom,wuhan-telecom,40.3395,0.0,icmp,1591625100,2020-06-08 14:05:00+00:00
74225751,jinan-telecom,wuhan-telecom,40.9836,0.0,icmp,1591625220,2020-06-08 14:07:00+00:00
74225964,jinan-telecom,wuhan-telecom,40.6136,0.0,icmp,1591625340,2020-06-08 14:09:00+00:00
74226200,jinan-telecom,wuhan-telecom,39.5091,0.0,icmp,1591625479,2020-06-08 14:11:19+00:00
74226427,jinan-telecom,wuhan-telecom,40.4821,0.0,icmp,1591625580,2020-06-08 14:13:00+00:00
74226666,jinan-telecom,wuhan-telecom,39.4129,0.0,icmp,1591625719,2020-06-08 14:15:19+00:00
74226890,jinan-telecom,wuhan-telecom,39.431,0.0,icmp,1591625839,2020-06-08 14:17:19+00:00
74227115,jinan-telecom,wuhan-telecom,40.1267,0.0,icmp,1591625940,2020-06-08 14:19:00+00:00
74227348,jinan-telecom,wuhan-telecom,39.4653,0.0,icmp,1591626079,2020-06-08 14:21:19+00:00
74227571,jinan-telecom,wuhan-telecom,40.7354,0.0,icmp,1591626180,2020-06-08 14:23:00+00:00
74227807,jinan-telecom,wuhan-telecom,40.0346,0.0,icmp,1591626300,2020-06-08 14:25:00+00:00
74228044,jinan-telecom,wuhan-telecom,40.3971,0.0,icmp,1591626420,2020-06-08 14:27:00+00:00
74228281,jinan-telecom,wuhan-telecom,39.8439,0.0,icmp,1591626540,2020-06-08 14:29:00+00:00
74228494,jinan-telecom,wuhan-telecom,39.4389,0.0,icmp,1591626679,2020-06-08 14:31:19+00:00
74228717,jinan-telecom,wuhan-telecom,39.3939,0.0,icmp,1591626799,2020-06-08 14:33:19+00:00
74228952,jinan-telecom,wuhan-telecom,40.1887,0.0,icmp,1591626900,2020-06-08 14:35:00+00:00
74229174,jinan-telecom,wuhan-telecom,39.4006,0.0,icmp,1591627039,2020-06-08 14:37:19+00:00
74229401,jinan-telecom,wuhan-telecom,40.2663,0.0,icmp,1591627140,2020-06-08 14:39:00+00:00
74229640,jinan-telecom,wuhan-telecom,41.9686,0.0,icmp,1591627260,2020-06-08 14:41:00+00:00
74229861,jinan-telecom,wuhan-telecom,40.4762,0.0,icmp,1591627380,2020-06-08 14:43:00+00:00
74230084,jinan-telecom,wuhan-telecom,41.7165,0.0,icmp,1591627500,2020-06-08 14:45:00+00:00
74230327,jinan-telecom,wuhan-telecom,42.5191,0.0,icmp,1591627620,2020-06-08 14:47:00+00:00
74230546,jinan-telecom,wuhan-telecom,40.8462,0.0,icmp,1591627740,2020-06-08 14:49:00+00:00
74230782,jinan-telecom,wuhan-telecom,42.3096,0.0,icmp,1591627860,2020-06-08 14:51:00+00:00
74231012,jinan-telecom,wuhan-telecom,43.7261,0.0,icmp,1591627980,2020-06-08 14:53:00+00:00
74231231,jinan-telecom,wuhan-telecom,39.6809,0.0,icmp,1591628100,2020-06-08 14:55:00+00:00
74231465,jinan-telecom,wuhan-telecom,40.3899,0.0,icmp,1591628220,2020-06-08 14:57:00+00:00
74231704,jinan-telecom,wuhan-telecom,40.1638,0.0,icmp,1591628340,2020-06-08 14:59:00+00:00
74231944,jinan-telecom,wuhan-telecom,42.0413,0.0,icmp,1591628460,2020-06-08 15:01:00+00:00
74232152,jinan-telecom,wuhan-telecom,39.437,0.0,icmp,1591628539,2020-06-08 15:02:19+00:00
74232389,jinan-telecom,wuhan-telecom,42.4679,0.0,icmp,1591628700,2020-06-08 15:05:00+00:00
74232606,jinan-telecom,wuhan-telecom,40.4489,0.0,icmp,1591628820,2020-06-08 15:07:00+00:00
74232852,jinan-telecom,wuhan-telecom,39.3974,0.0,icmp,1591628959,2020-06-08 15:09:19+00:00
74233065,jinan-telecom,wuhan-telecom,39.5278,0.0,icmp,1591629079,2020-06-08 15:11:19+00:00
74233305,jinan-telecom,wuhan-telecom,39.396,0.0,icmp,1591629199,2020-06-08 15:13:19+00:00
74233520,jinan-telecom,wuhan-telecom,42.63,0.0,icmp,1591629300,2020-06-08 15:15:00+00:00
74233768,jinan-telecom,wuhan-telecom,40.7946,0.0,icmp,1591629420,2020-06-08 15:17:00+00:00
74234001,jinan-telecom,wuhan-telecom,40.8817,0.0,icmp,1591629540,2020-06-08 15:19:00+00:00
74234221,jinan-telecom,wuhan-telecom,42.612,0.0,icmp,1591629660,2020-06-08 15:21:00+00:00
74234449,jinan-telecom,wuhan-telecom,40.4104,0.0,icmp,1591629780,2020-06-08 15:23:00+00:00
74234673,jinan-telecom,wuhan-telecom,40.1963,0.0,icmp,1591629900,2020-06-08 15:25:00+00:00
74234906,jinan-telecom,wuhan-telecom,41.9371,0.0,icmp,1591630020,2020-06-08 15:27:00+00:00
74235141,jinan-telecom,wuhan-telecom,40.6085,0.0,icmp,1591630140,2020-06-08 15:29:00+00:00
74235353,jinan-telecom,wuhan-telecom,39.9292,0.0,icmp,1591630260,2020-06-08 15:31:00+00:00
74235584,jinan-telecom,wuhan-telecom,40.4599,0.0,icmp,1591630380,2020-06-08 15:33:00+00:00
74235818,jinan-telecom,wuhan-telecom,41.2103,0.0,icmp,1591630500,2020-06-08 15:35:00+00:00
74236069,jinan-telecom,wuhan-telecom,40.3691,0.0,icmp,1591630620,2020-06-08 15:37:00+00:00
74236277,jinan-telecom,wuhan-telecom,39.4128,0.0,icmp,1591630699,2020-06-08 15:38:19+00:00
74236514,jinan-telecom,wuhan-telecom,40.763,0.0,icmp,1591630860,2020-06-08 15:41:00+00:00
74236740,jinan-telecom,wuhan-telecom,40.5993,0.0,icmp,1591630980,2020-06-08 15:43:00+00:00
74236960,jinan-telecom,wuhan-telecom,41.1126,0.0,icmp,1591631100,2020-06-08 15:45:00+00:00
74237202,jinan-telecom,wuhan-telecom,40.1921,0.0,icmp,1591631220,2020-06-08 15:47:00+00:00
74237418,jinan-telecom,wuhan-telecom,43.0421,0.0,icmp,1591631340,2020-06-08 15:49:00+00:00
74237656,jinan-telecom,wuhan-telecom,39.9244,0.0,icmp,1591631460,2020-06-08 15:51:00+00:00
74237878,jinan-telecom,wuhan-telecom,41.4972,0.0,icmp,1591631580,2020-06-08 15:53:00+00:00
74238123,jinan-telecom,wuhan-telecom,40.2341,0.0,icmp,1591631700,2020-06-08 15:55:00+00:00
74238356,jinan-telecom,wuhan-telecom,41.6336,0.0,icmp,1591631820,2020-06-08 15:57:00+00:00
74238567,jinan-telecom,wuhan-telecom,39.3993,0.0,icmp,1591631959,2020-06-08 15:59:19+00:00
74238814,jinan-telecom,wuhan-telecom,40.5034,0.0,icmp,1591632060,2020-06-08 16:01:00+00:00
74239019,jinan-telecom,wuhan-telecom,40.4965,0.0,icmp,1591632180,2020-06-08 16:03:00+00:00
74239252,jinan-telecom,wuhan-telecom,39.426,0.0,icmp,1591632319,2020-06-08 16:05:19+00:00
74239497,jinan-telecom,wuhan-telecom,40.1245,0.0,icmp,1591632420,2020-06-08 16:07:00+00:00
74239710,jinan-telecom,wuhan-telecom,40.443,0.0,icmp,1591632540,2020-06-08 16:09:00+00:00
74239937,jinan-telecom,wuhan-telecom,40.4681,0.0,icmp,1591632660,2020-06-08 16:11:00+00:00
74240179,jinan-telecom,wuhan-telecom,42.0429,0.0,icmp,1591632780,2020-06-08 16:13:00+00:00
74240405,jinan-telecom,wuhan-telecom,43.0906,0.0,icmp,1591632900,2020-06-08 16:15:00+00:00
74240635,jinan-telecom,wuhan-telecom,39.419,0.0,icmp,1591633039,2020-06-08 16:17:19+00:00
74240876,jinan-telecom,wuhan-telecom,39.3973,0.0,icmp,1591633159,2020-06-08 16:19:19+00:00
74241094,jinan-telecom,wuhan-telecom,40.1203,0.0,icmp,1591633260,2020-06-08 16:21:00+00:00
74241323,jinan-telecom,wuhan-telecom,40.2752,0.0,icmp,1591633380,2020-06-08 16:23:00+00:00
74241536,jinan-telecom,wuhan-telecom,39.4577,0.0,icmp,1591633519,2020-06-08 16:25:19+00:00
74241759,jinan-telecom,wuhan-telecom,43.8401,0.0,icmp,1591633620,2020-06-08 16:27:00+00:00
74242020,jinan-telecom,wuhan-telecom,39.4042,0.0,icmp,1591633699,2020-06-08 16:28:19+00:00
74242224,jinan-telecom,wuhan-telecom,39.4429,0.0,icmp,1591633879,2020-06-08 16:31:19+00:00
74242452,jinan-telecom,wuhan-telecom,39.3919,0.0,icmp,1591633999,2020-06-08 16:33:19+00:00
74242690,jinan-telecom,wuhan-telecom,42.145,0.0,icmp,1591634100,2020-06-08 16:35:00+00:00
74242911,jinan-telecom,wuhan-telecom,39.372,0.0,icmp,1591634179,2020-06-08 16:36:19+00:00
74243166,jinan-telecom,wuhan-telecom,39.3912,0.0,icmp,1591634299,2020-06-08 16:38:19+00:00
74243386,jinan-telecom,wuhan-telecom,39.9877,0.0,icmp,1591634460,2020-06-08 16:41:00+00:00
74243617,jinan-telecom,wuhan-telecom,39.366,0.0,icmp,1591634599,2020-06-08 16:43:19+00:00
74243831,jinan-telecom,wuhan-telecom,41.1459,0.0,icmp,1591634700,2020-06-08 16:45:00+00:00
74244078,jinan-telecom,wuhan-telecom,40.6216,0.0,icmp,1591634820,2020-06-08 16:47:00+00:00
74244295,jinan-telecom,wuhan-telecom,41.5627,0.0,icmp,1591634940,2020-06-08 16:49:00+00:00
74244531,jinan-telecom,wuhan-telecom,41.4666,0.0,icmp,1591635060,2020-06-08 16:51:00+00:00
74244739,jinan-telecom,wuhan-telecom,40.8912,0.0,icmp,1591635180,2020-06-08 16:53:00+00:00
74244999,jinan-telecom,wuhan-telecom,40.7184,0.0,icmp,1591635300,2020-06-08 16:55:00+00:00
74245209,jinan-telecom,wuhan-telecom,40.7449,0.0,icmp,1591635420,2020-06-08 16:57:00+00:00
74245452,jinan-telecom,wuhan-telecom,40.4644,0.0,icmp,1591635540,2020-06-08 16:59:00+00:00
74245659,jinan-telecom,wuhan-telecom,41.0156,0.0,icmp,1591635660,2020-06-08 17:01:00+00:00
74245900,jinan-telecom,wuhan-telecom,41.3949,0.0,icmp,1591635780,2020-06-08 17:03:00+00:00
74246115,jinan-telecom,wuhan-telecom,40.6078,0.0,icmp,1591635844,2020-06-08 17:04:04+00:00
74246342,jinan-telecom,wuhan-telecom,39.373,0.0,icmp,1591635979,2020-06-08 17:06:19+00:00
74246591,jinan-telecom,wuhan-telecom,40.2614,0.0,icmp,1591636140,2020-06-08 17:09:00+00:00
74246814,jinan-telecom,wuhan-telecom,39.3929,0.0,icmp,1591636219,2020-06-08 17:10:19+00:00
74247030,jinan-telecom,wuhan-telecom,41.6932,0.0,icmp,1591636380,2020-06-08 17:13:00+00:00
74247283,jinan-telecom,wuhan-telecom,40.1276,0.0,icmp,1591636500,2020-06-08 17:15:00+00:00
74247512,jinan-telecom,wuhan-telecom,39.3822,0.0,icmp,1591636639,2020-06-08 17:17:19+00:00
74247758,jinan-telecom,wuhan-telecom,40.4191,0.0,icmp,1591636740,2020-06-08 17:19:00+00:00
74247945,jinan-telecom,wuhan-telecom,42.1831,0.0,icmp,1591636860,2020-06-08 17:21:00+00:00
74248175,jinan-telecom,wuhan-telecom,39.3949,0.0,icmp,1591636999,2020-06-08 17:23:19+00:00
74248416,jinan-telecom,wuhan-telecom,40.9792,0.0,icmp,1591637100,2020-06-08 17:25:00+00:00
74248650,jinan-telecom,wuhan-telecom,39.3924,0.0,icmp,1591637239,2020-06-08 17:27:19+00:00
74248881,jinan-telecom,wuhan-telecom,41.8276,0.0,icmp,1591637340,2020-06-08 17:29:00+00:00
74249104,jinan-telecom,wuhan-telecom,41.2287,0.0,icmp,1591637460,2020-06-08 17:31:00+00:00
74249326,jinan-telecom,wuhan-telecom,39.4089,0.0,icmp,1591637539,2020-06-08 17:32:19+00:00
74249570,jinan-telecom,wuhan-telecom,40.4227,0.0,icmp,1591637700,2020-06-08 17:35:00+00:00
74249789,jinan-telecom,wuhan-telecom,39.7703,0.0,icmp,1591637820,2020-06-08 17:37:00+00:00
74250017,jinan-telecom,wuhan-telecom,42.282,0.0,icmp,1591637940,2020-06-08 17:39:00+00:00
74250251,jinan-telecom,wuhan-telecom,40.6488,0.0,icmp,1591638060,2020-06-08 17:41:00+00:00
74250469,jinan-telecom,wuhan-telecom,42.4918,0.0,icmp,1591638180,2020-06-08 17:43:00+00:00
74250708,jinan-telecom,wuhan-telecom,40.1324,0.0,icmp,1591638300,2020-06-08 17:45:00+00:00
74250945,jinan-telecom,wuhan-telecom,41.2006,0.0,icmp,1591638420,2020-06-08 17:47:00+00:00
74251173,jinan-telecom,wuhan-telecom,40.6238,0.0,icmp,1591638540,2020-06-08 17:49:00+00:00
74251408,jinan-telecom,wuhan-telecom,40.3753,0.0,icmp,1591638660,2020-06-08 17:51:00+00:00
74251636,jinan-telecom,wuhan-telecom,40.8015,0.0,icmp,1591638780,2020-06-08 17:53:00+00:00
74251845,jinan-telecom,wuhan-telecom,41.3923,0.0,icmp,1591638900,2020-06-08 17:55:00+00:00
74252079,jinan-telecom,wuhan-telecom,40.4722,0.0,icmp,1591639020,2020-06-08 17:57:00+00:00
74252319,jinan-telecom,wuhan-telecom,39.5202,0.0,icmp,1591639159,2020-06-08 17:59:19+00:00
74252545,jinan-telecom,wuhan-telecom,39.5973,0.0,icmp,1591639260,2020-06-08 18:01:00+00:00
74252761,jinan-telecom,wuhan-telecom,41.3965,0.0,icmp,1591639380,2020-06-08 18:03:00+00:00
74253002,jinan-telecom,wuhan-telecom,40.5533,0.0,icmp,1591639500,2020-06-08 18:05:00+00:00
74253225,jinan-telecom,wuhan-telecom,41.335,0.0,icmp,1591639620,2020-06-08 18:07:00+00:00
74253457,jinan-telecom,wuhan-telecom,41.1282,0.0,icmp,1591639740,2020-06-08 18:09:00+00:00
74253674,jinan-telecom,wuhan-telecom,41.6674,0.0,icmp,1591639860,2020-06-08 18:11:00+00:00
74253927,jinan-telecom,wuhan-telecom,39.379,0.0,icmp,1591639980,2020-06-08 18:13:00+00:00
74254133,jinan-telecom,wuhan-telecom,40.5837,0.0,icmp,1591640100,2020-06-08 18:15:00+00:00
74254378,jinan-telecom,wuhan-telecom,41.92,0.0,icmp,1591640220,2020-06-08 18:17:00+00:00
74254603,jinan-telecom,wuhan-telecom,40.6364,0.0,icmp,1591640340,2020-06-08 18:19:00+00:00
74254840,jinan-telecom,wuhan-telecom,42.7872,0.0,icmp,1591640460,2020-06-08 18:21:00+00:00
74255061,jinan-telecom,wuhan-telecom,40.247,0.0,icmp,1591640580,2020-06-08 18:23:00+00:00
74255291,jinan-telecom,wuhan-telecom,41.0058,0.0,icmp,1591640700,2020-06-08 18:25:00+00:00
74255512,jinan-telecom,wuhan-telecom,40.4064,0.0,icmp,1591640820,2020-06-08 18:27:00+00:00
74255762,jinan-telecom,wuhan-telecom,40.5579,0.0,icmp,1591640940,2020-06-08 18:29:00+00:00
74256000,jinan-telecom,wuhan-telecom,39.3576,0.0,icmp,1591641079,2020-06-08 18:31:19+00:00
74256216,jinan-telecom,wuhan-telecom,40.1755,0.0,icmp,1591641180,2020-06-08 18:33:00+00:00
74256433,jinan-telecom,wuhan-telecom,39.4347,0.0,icmp,1591641319,2020-06-08 18:35:19+00:00
74256649,jinan-telecom,wuhan-telecom,40.4502,0.0,icmp,1591641420,2020-06-08 18:37:00+00:00
74256887,jinan-telecom,wuhan-telecom,39.5207,0.0,icmp,1591641559,2020-06-08 18:39:19+00:00
74257134,jinan-telecom,wuhan-telecom,39.9269,0.0,icmp,1591641660,2020-06-08 18:41:00+00:00
74257363,jinan-telecom,wuhan-telecom,39.5372,0.0,icmp,1591641725,2020-06-08 18:42:05+00:00
74257586,jinan-telecom,wuhan-telecom,42.1989,0.0,icmp,1591641900,2020-06-08 18:45:00+00:00
74257806,jinan-telecom,wuhan-telecom,39.3648,0.0,icmp,1591642039,2020-06-08 18:47:19+00:00
74258039,jinan-telecom,wuhan-telecom,42.8011,0.0,icmp,1591642140,2020-06-08 18:49:00+00:00
74258262,jinan-telecom,wuhan-telecom,40.0112,0.0,icmp,1591642260,2020-06-08 18:51:00+00:00
74258478,jinan-telecom,wuhan-telecom,41.7797,0.0,icmp,1591642380,2020-06-08 18:53:00+00:00
74258732,jinan-telecom,wuhan-telecom,39.4145,0.0,icmp,1591642519,2020-06-08 18:55:19+00:00
74258949,jinan-telecom,wuhan-telecom,40.8154,0.0,icmp,1591642620,2020-06-08 18:57:00+00:00
74259172,jinan-telecom,wuhan-telecom,40.1981,0.0,icmp,1591642740,2020-06-08 18:59:00+00:00
74259419,jinan-telecom,wuhan-telecom,39.3823,0.0,icmp,1591642879,2020-06-08 19:01:19+00:00
74259631,jinan-telecom,wuhan-telecom,40.9158,0.0,icmp,1591642980,2020-06-08 19:03:00+00:00
74259856,jinan-telecom,wuhan-telecom,39.8748,0.0,icmp,1591643100,2020-06-08 19:05:00+00:00
74260103,jinan-telecom,wuhan-telecom,39.7368,0.0,icmp,1591643220,2020-06-08 19:07:00+00:00
74260321,jinan-telecom,wuhan-telecom,40.2581,0.0,icmp,1591643340,2020-06-08 19:09:00+00:00
74260558,jinan-telecom,wuhan-telecom,41.1057,0.0,icmp,1591643460,2020-06-08 19:11:00+00:00
74260798,jinan-telecom,wuhan-telecom,40.8395,0.0,icmp,1591643580,2020-06-08 19:13:00+00:00
74261023,jinan-telecom,wuhan-telecom,39.362,0.0,icmp,1591643659,2020-06-08 19:14:19+00:00
74261241,jinan-telecom,wuhan-telecom,40.8866,0.0,icmp,1591643820,2020-06-08 19:17:00+00:00
74261464,jinan-telecom,wuhan-telecom,42.9169,0.0,icmp,1591643940,2020-06-08 19:19:00+00:00
74261716,jinan-telecom,wuhan-telecom,40.3609,0.0,icmp,1591644060,2020-06-08 19:21:00+00:00
74261916,jinan-telecom,wuhan-telecom,39.8337,0.0,icmp,1591644180,2020-06-08 19:23:00+00:00
74262162,jinan-telecom,wuhan-telecom,40.6748,0.0,icmp,1591644300,2020-06-08 19:25:00+00:00
74262394,jinan-telecom,wuhan-telecom,40.3563,0.0,icmp,1591644420,2020-06-08 19:27:00+00:00
74262617,jinan-telecom,wuhan-telecom,40.9397,0.0,icmp,1591644540,2020-06-08 19:29:00+00:00
74262844,jinan-telecom,wuhan-telecom,41.6399,0.0,icmp,1591644660,2020-06-08 19:31:00+00:00
74263084,jinan-telecom,wuhan-telecom,41.1081,0.0,icmp,1591644780,2020-06-08 19:33:00+00:00
74263290,jinan-telecom,wuhan-telecom,40.6906,0.0,icmp,1591644900,2020-06-08 19:35:00+00:00
74263523,jinan-telecom,wuhan-telecom,41.0907,0.0,icmp,1591645020,2020-06-08 19:37:00+00:00
74263754,jinan-telecom,wuhan-telecom,39.688,0.0,icmp,1591645140,2020-06-08 19:39:00+00:00
74264000,jinan-telecom,wuhan-telecom,39.371,0.0,icmp,1591645219,2020-06-08 19:40:19+00:00
74264217,jinan-telecom,wuhan-telecom,40.5989,0.0,icmp,1591645380,2020-06-08 19:43:00+00:00
74264456,jinan-telecom,wuhan-telecom,40.1749,0.0,icmp,1591645500,2020-06-08 19:45:00+00:00
74264682,jinan-telecom,wuhan-telecom,39.8805,0.0,icmp,1591645620,2020-06-08 19:47:00+00:00
74264902,jinan-telecom,wuhan-telecom,39.4109,0.0,icmp,1591645699,2020-06-08 19:48:19+00:00
74265139,jinan-telecom,wuhan-telecom,39.5539,0.0,icmp,1591645879,2020-06-08 19:51:19+00:00
74265365,jinan-telecom,wuhan-telecom,40.2573,0.0,icmp,1591645980,2020-06-08 19:53:00+00:00
74265583,jinan-telecom,wuhan-telecom,40.6149,0.0,icmp,1591646100,2020-06-08 19:55:00+00:00
74265823,jinan-telecom,wuhan-telecom,40.6183,0.0,icmp,1591646220,2020-06-08 19:57:00+00:00
74266063,jinan-telecom,wuhan-telecom,40.5863,0.0,icmp,1591646340,2020-06-08 19:59:00+00:00
74266274,jinan-telecom,wuhan-telecom,40.8388,0.0,icmp,1591646460,2020-06-08 20:01:00+00:00
74266508,jinan-telecom,wuhan-telecom,40.6199,0.0,icmp,1591646580,2020-06-08 20:03:00+00:00
74266742,jinan-telecom,wuhan-telecom,39.9837,0.0,icmp,1591646700,2020-06-08 20:05:00+00:00
74266992,jinan-telecom,wuhan-telecom,40.4171,0.0,icmp,1591646820,2020-06-08 20:07:00+00:00
74267183,jinan-telecom,wuhan-telecom,41.3902,0.0,icmp,1591646940,2020-06-08 20:09:00+00:00
74267420,jinan-telecom,wuhan-telecom,40.627,0.0,icmp,1591647060,2020-06-08 20:11:00+00:00
74267650,jinan-telecom,wuhan-telecom,41.5246,0.0,icmp,1591647180,2020-06-08 20:13:00+00:00
74267894,jinan-telecom,wuhan-telecom,42.1884,0.0,icmp,1591647300,2020-06-08 20:15:00+00:00
74268106,jinan-telecom,wuhan-telecom,39.4697,0.0,icmp,1591647439,2020-06-08 20:17:19+00:00
74268350,jinan-telecom,wuhan-telecom,39.388,0.0,icmp,1591647559,2020-06-08 20:19:19+00:00
74268568,jinan-telecom,wuhan-telecom,42.2859,0.0,icmp,1591647660,2020-06-08 20:21:00+00:00
74268787,jinan-telecom,wuhan-telecom,41.4802,0.0,icmp,1591647780,2020-06-08 20:23:00+00:00
74269029,jinan-telecom,wuhan-telecom,42.4033,0.0,icmp,1591647900,2020-06-08 20:25:00+00:00
74269251,jinan-telecom,wuhan-telecom,39.4321,0.0,icmp,1591647979,2020-06-08 20:26:19+00:00
74269485,jinan-telecom,wuhan-telecom,40.7798,0.0,icmp,1591648140,2020-06-08 20:29:00+00:00
74269709,jinan-telecom,wuhan-telecom,40.2142,0.0,icmp,1591648260,2020-06-08 20:31:00+00:00
74269942,jinan-telecom,wuhan-telecom,39.3405,0.0,icmp,1591648399,2020-06-08 20:33:19+00:00
74270187,jinan-telecom,wuhan-telecom,41.2885,0.0,icmp,1591648500,2020-06-08 20:35:00+00:00
74270392,jinan-telecom,wuhan-telecom,39.3927,0.0,icmp,1591648579,2020-06-08 20:36:19+00:00
74270642,jinan-telecom,wuhan-telecom,41.5769,0.0,icmp,1591648740,2020-06-08 20:39:00+00:00
74270861,jinan-telecom,wuhan-telecom,40.4676,0.0,icmp,1591648860,2020-06-08 20:41:00+00:00
74271082,jinan-telecom,wuhan-telecom,41.3707,0.0,icmp,1591648980,2020-06-08 20:43:00+00:00
74271317,jinan-telecom,wuhan-telecom,40.5377,0.0,icmp,1591649100,2020-06-08 20:45:00+00:00
74271527,jinan-telecom,wuhan-telecom,39.4144,0.0,icmp,1591649239,2020-06-08 20:47:19+00:00
74271790,jinan-telecom,wuhan-telecom,40.4298,0.0,icmp,1591649340,2020-06-08 20:49:00+00:00
74272018,jinan-telecom,wuhan-telecom,39.3946,0.0,icmp,1591649479,2020-06-08 20:51:19+00:00
74272227,jinan-telecom,wuhan-telecom,40.4954,0.0,icmp,1591649580,2020-06-08 20:53:00+00:00
74272464,jinan-telecom,wuhan-telecom,40.4495,0.0,icmp,1591649700,2020-06-08 20:55:00+00:00
74272678,jinan-telecom,wuhan-telecom,43.0068,0.0,icmp,1591649820,2020-06-08 20:57:00+00:00
74272930,jinan-telecom,wuhan-telecom,41.4857,0.0,icmp,1591649940,2020-06-08 20:59:00+00:00
74273137,jinan-telecom,wuhan-telecom,39.9933,0.0,icmp,1591650060,2020-06-08 21:01:00+00:00
74273381,jinan-telecom,wuhan-telecom,39.3794,0.0,icmp,1591650139,2020-06-08 21:02:19+00:00
74273606,jinan-telecom,wuhan-telecom,40.5803,0.0,icmp,1591650300,2020-06-08 21:05:00+00:00
74273820,jinan-telecom,wuhan-telecom,40.7018,0.0,icmp,1591650420,2020-06-08 21:07:00+00:00
74274074,jinan-telecom,wuhan-telecom,40.3202,0.0,icmp,1591650540,2020-06-08 21:09:00+00:00
74274299,jinan-telecom,wuhan-telecom,40.539,0.0,icmp,1591650660,2020-06-08 21:11:00+00:00
74274540,jinan-telecom,wuhan-telecom,40.422,0.0,icmp,1591650780,2020-06-08 21:13:00+00:00
74274769,jinan-telecom,wuhan-telecom,42.4269,0.0,icmp,1591650900,2020-06-08 21:15:00+00:00
74274994,jinan-telecom,wuhan-telecom,40.127,0.0,icmp,1591651020,2020-06-08 21:17:00+00:00
74275203,jinan-telecom,wuhan-telecom,40.5944,0.0,icmp,1591651140,2020-06-08 21:19:00+00:00
74275448,jinan-telecom,wuhan-telecom,40.5452,0.0,icmp,1591651260,2020-06-08 21:21:00+00:00
74275660,jinan-telecom,wuhan-telecom,39.6409,0.0,icmp,1591651399,2020-06-08 21:23:19+00:00
74275899,jinan-telecom,wuhan-telecom,40.1846,0.0,icmp,1591651500,2020-06-08 21:25:00+00:00
74276142,jinan-telecom,wuhan-telecom,40.5735,0.0,icmp,1591651620,2020-06-08 21:27:00+00:00
74276367,jinan-telecom,wuhan-telecom,39.3526,0.0,icmp,1591651759,2020-06-08 21:29:19+00:00
74276581,jinan-telecom,wuhan-telecom,43.076,0.0,icmp,1591651860,2020-06-08 21:31:00+00:00
74276812,jinan-telecom,wuhan-telecom,40.1393,0.0,icmp,1591651980,2020-06-08 21:33:00+00:00
74277031,jinan-telecom,wuhan-telecom,39.3668,0.0,icmp,1591652119,2020-06-08 21:35:19+00:00
74277271,jinan-telecom,wuhan-telecom,40.1483,0.0,icmp,1591652220,2020-06-08 21:37:00+00:00
74277520,jinan-telecom,wuhan-telecom,39.4115,0.0,icmp,1591652359,2020-06-08 21:39:19+00:00
74277729,jinan-telecom,wuhan-telecom,42.8463,0.0,icmp,1591652460,2020-06-08 21:41:00+00:00
74277952,jinan-telecom,wuhan-telecom,39.4027,0.0,icmp,1591652599,2020-06-08 21:43:19+00:00
74278195,jinan-telecom,wuhan-telecom,41.4653,0.0,icmp,1591652700,2020-06-08 21:45:00+00:00
74278416,jinan-telecom,wuhan-telecom,41.0444,0.0,icmp,1591652820,2020-06-08 21:47:00+00:00
74278648,jinan-telecom,wuhan-telecom,40.3658,0.0,icmp,1591652940,2020-06-08 21:49:00+00:00
74278885,jinan-telecom,wuhan-telecom,40.9871,0.0,icmp,1591653060,2020-06-08 21:51:00+00:00
74279101,jinan-telecom,wuhan-telecom,40.3205,0.0,icmp,1591653180,2020-06-08 21:53:00+00:00
74279340,jinan-telecom,wuhan-telecom,40.7523,0.0,icmp,1591653300,2020-06-08 21:55:00+00:00
74279553,jinan-telecom,wuhan-telecom,42.3486,0.0,icmp,1591653420,2020-06-08 21:57:00+00:00
74279792,jinan-telecom,wuhan-telecom,40.3759,0.0,icmp,1591653540,2020-06-08 21:59:00+00:00
74280024,jinan-telecom,wuhan-telecom,39.7561,0.0,icmp,1591653660,2020-06-08 22:01:00+00:00
74280241,jinan-telecom,wuhan-telecom,41.1053,0.0,icmp,1591653780,2020-06-08 22:03:00+00:00
74280486,jinan-telecom,wuhan-telecom,40.1828,0.0,icmp,1591653900,2020-06-08 22:05:00+00:00
74280692,jinan-telecom,wuhan-telecom,40.5029,0.0,icmp,1591654020,2020-06-08 22:07:00+00:00
74280939,jinan-telecom,wuhan-telecom,39.3784,0.0,icmp,1591654099,2020-06-08 22:08:19+00:00
74281164,jinan-telecom,wuhan-telecom,40.0635,0.0,icmp,1591654260,2020-06-08 22:11:00+00:00
74281397,jinan-telecom,wuhan-telecom,42.0733,0.0,icmp,1591654380,2020-06-08 22:13:00+00:00
74281644,jinan-telecom,wuhan-telecom,40.1462,0.0,icmp,1591654500,2020-06-08 22:15:00+00:00
74281860,jinan-telecom,wuhan-telecom,39.3777,0.0,icmp,1591654579,2020-06-08 22:16:19+00:00
74282096,jinan-telecom,wuhan-telecom,40.927,0.0,icmp,1591654740,2020-06-08 22:19:00+00:00
74282319,jinan-telecom,wuhan-telecom,40.3266,0.0,icmp,1591654860,2020-06-08 22:21:00+00:00
74282545,jinan-telecom,wuhan-telecom,42.7545,0.0,icmp,1591654980,2020-06-08 22:23:00+00:00
74282775,jinan-telecom,wuhan-telecom,39.5395,0.0,icmp,1591655119,2020-06-08 22:25:19+00:00
74282995,jinan-telecom,wuhan-telecom,43.2495,0.0,icmp,1591655220,2020-06-08 22:27:00+00:00
74283227,jinan-telecom,wuhan-telecom,42.4134,0.0,icmp,1591655340,2020-06-08 22:29:00+00:00
74283442,jinan-telecom,wuhan-telecom,41.7734,0.0,icmp,1591655404,2020-06-08 22:30:04+00:00
74283681,jinan-telecom,wuhan-telecom,41.0009,0.0,icmp,1591655580,2020-06-08 22:33:00+00:00
74283905,jinan-telecom,wuhan-telecom,40.1308,0.0,icmp,1591655700,2020-06-08 22:35:00+00:00
74284158,jinan-telecom,wuhan-telecom,39.7621,0.0,icmp,1591655820,2020-06-08 22:37:00+00:00
74284377,jinan-telecom,wuhan-telecom,42.3261,0.0,icmp,1591655940,2020-06-08 22:39:00+00:00
74284589,jinan-telecom,wuhan-telecom,40.1694,0.0,icmp,1591656060,2020-06-08 22:41:00+00:00
74284837,jinan-telecom,wuhan-telecom,39.4323,0.0,icmp,1591656199,2020-06-08 22:43:19+00:00
74285070,jinan-telecom,wuhan-telecom,41.1719,0.0,icmp,1591656300,2020-06-08 22:45:00+00:00
74285285,jinan-telecom,wuhan-telecom,39.3814,0.0,icmp,1591656379,2020-06-08 22:46:19+00:00
74285523,jinan-telecom,wuhan-telecom,40.5869,0.0,icmp,1591656540,2020-06-08 22:49:00+00:00
74285747,jinan-telecom,wuhan-telecom,39.3508,0.0,icmp,1591656619,2020-06-08 22:50:19+00:00
74285990,jinan-telecom,wuhan-telecom,40.9,0.0,icmp,1591656780,2020-06-08 22:53:00+00:00
74286214,jinan-telecom,wuhan-telecom,41.4641,0.0,icmp,1591656900,2020-06-08 22:55:00+00:00
74286454,jinan-telecom,wuhan-telecom,40.3972,0.0,icmp,1591657020,2020-06-08 22:57:00+00:00
74286653,jinan-telecom,wuhan-telecom,40.329,0.0,icmp,1591657140,2020-06-08 22:59:00+00:00
74286890,jinan-telecom,wuhan-telecom,42.8988,0.0,icmp,1591657260,2020-06-08 23:01:00+00:00
74287126,jinan-telecom,wuhan-telecom,41.8014,0.0,icmp,1591657380,2020-06-08 23:03:00+00:00
74287339,jinan-telecom,wuhan-telecom,40.2499,0.0,icmp,1591657500,2020-06-08 23:05:00+00:00
74287573,jinan-telecom,wuhan-telecom,42.3731,0.0,icmp,1591657620,2020-06-08 23:07:00+00:00
74287792,jinan-telecom,wuhan-telecom,40.4318,0.0,icmp,1591657740,2020-06-08 23:09:00+00:00
74288044,jinan-telecom,wuhan-telecom,41.4076,0.0,icmp,1591657860,2020-06-08 23:11:00+00:00
74288286,jinan-telecom,wuhan-telecom,39.43,0.0,icmp,1591657939,2020-06-08 23:12:19+00:00
74288532,jinan-telecom,wuhan-telecom,40.9614,0.0,icmp,1591658100,2020-06-08 23:15:00+00:00
74288734,jinan-telecom,wuhan-telecom,40.347,0.0,icmp,1591658220,2020-06-08 23:17:00+00:00
74288964,jinan-telecom,wuhan-telecom,39.4286,0.0,icmp,1591658359,2020-06-08 23:19:19+00:00
74289177,jinan-telecom,wuhan-telecom,42.5886,0.0,icmp,1591658460,2020-06-08 23:21:00+00:00
74289422,jinan-telecom,wuhan-telecom,40.6794,0.0,icmp,1591658580,2020-06-08 23:23:00+00:00
74289627,jinan-telecom,wuhan-telecom,41.1373,0.0,icmp,1591658700,2020-06-08 23:25:00+00:00
74289877,jinan-telecom,wuhan-telecom,42.382,0.0,icmp,1591658820,2020-06-08 23:27:00+00:00
74290103,jinan-telecom,wuhan-telecom,39.3957,0.0,icmp,1591658899,2020-06-08 23:28:19+00:00
74290340,jinan-telecom,wuhan-telecom,40.9318,0.0,icmp,1591659060,2020-06-08 23:31:00+00:00
74290549,jinan-telecom,wuhan-telecom,40.0527,0.0,icmp,1591659180,2020-06-08 23:33:00+00:00
74290789,jinan-telecom,wuhan-telecom,40.0414,0.0,icmp,1591659300,2020-06-08 23:35:00+00:00
74291012,jinan-telecom,wuhan-telecom,40.8185,0.0,icmp,1591659420,2020-06-08 23:37:00+00:00
74291249,jinan-telecom,wuhan-telecom,41.1274,0.0,icmp,1591659540,2020-06-08 23:39:00+00:00
74291497,jinan-telecom,wuhan-telecom,40.7431,0.0,icmp,1591659660,2020-06-08 23:41:00+00:00
74291714,jinan-telecom,wuhan-telecom,39.443,0.0,icmp,1591659739,2020-06-08 23:42:19+00:00
74291925,jinan-telecom,wuhan-telecom,41.0093,0.0,icmp,1591659900,2020-06-08 23:45:00+00:00
74292143,jinan-telecom,wuhan-telecom,39.4126,0.0,icmp,1591659979,2020-06-08 23:46:19+00:00
74292398,jinan-telecom,wuhan-telecom,40.0615,0.0,icmp,1591660140,2020-06-08 23:49:00+00:00
74292627,jinan-telecom,wuhan-telecom,41.1286,0.0,icmp,1591660260,2020-06-08 23:51:00+00:00
74292870,jinan-telecom,wuhan-telecom,41.2967,0.0,icmp,1591660380,2020-06-08 23:53:00+00:00
74293060,jinan-telecom,wuhan-telecom,40.5484,0.0,icmp,1591660500,2020-06-08 23:55:00+00:00
74293294,jinan-telecom,wuhan-telecom,41.5329,0.0,icmp,1591660620,2020-06-08 23:57:00+00:00
74293524,jinan-telecom,wuhan-telecom,41.0604,0.0,icmp,1591660740,2020-06-08 23:59:00+00:00
74293749,jinan-telecom,wuhan-telecom,40.1507,0.0,icmp,1591660860,2020-06-09 00:01:00+00:00
74293985,jinan-telecom,wuhan-telecom,40.459,0.0,icmp,1591660980,2020-06-09 00:03:00+00:00
74294230,jinan-telecom,wuhan-telecom,41.7981,0.0,icmp,1591661100,2020-06-09 00:05:00+00:00
74294451,jinan-telecom,wuhan-telecom,40.8423,0.0,icmp,1591661220,2020-06-09 00:07:00+00:00
74294681,jinan-telecom,wuhan-telecom,40.502,0.0,icmp,1591661340,2020-06-09 00:09:00+00:00
74294918,jinan-telecom,wuhan-telecom,40.7727,0.0,icmp,1591661460,2020-06-09 00:11:00+00:00
74295142,jinan-telecom,wuhan-telecom,39.6911,0.0,icmp,1591661580,2020-06-09 00:13:00+00:00
74295349,jinan-telecom,wuhan-telecom,41.1051,0.0,icmp,1591661700,2020-06-09 00:15:00+00:00
74295581,jinan-telecom,wuhan-telecom,40.7743,0.0,icmp,1591661820,2020-06-09 00:17:00+00:00
74295815,jinan-telecom,wuhan-telecom,40.2741,0.0,icmp,1591661940,2020-06-09 00:19:00+00:00
74296052,jinan-telecom,wuhan-telecom,43.3533,0.0,icmp,1591662060,2020-06-09 00:21:00+00:00
74296271,jinan-telecom,wuhan-telecom,40.7948,0.0,icmp,1591662180,2020-06-09 00:23:00+00:00
74296529,jinan-telecom,wuhan-telecom,40.56,0.0,icmp,1591662300,2020-06-09 00:25:00+00:00
74296722,jinan-telecom,wuhan-telecom,40.6373,0.0,icmp,1591662420,2020-06-09 00:27:00+00:00
74296954,jinan-telecom,wuhan-telecom,41.2097,0.0,icmp,1591662540,2020-06-09 00:29:00+00:00
74297205,jinan-telecom,wuhan-telecom,41.3591,0.0,icmp,1591662660,2020-06-09 00:31:00+00:00
74297412,jinan-telecom,wuhan-telecom,40.5744,0.0,icmp,1591662780,2020-06-09 00:33:00+00:00
74297659,jinan-telecom,wuhan-telecom,39.4398,0.0,icmp,1591662859,2020-06-09 00:34:19+00:00
74297880,jinan-telecom,wuhan-telecom,41.7035,0.0,icmp,1591663020,2020-06-09 00:37:00+00:00
74298130,jinan-telecom,wuhan-telecom,39.4112,0.0,icmp,1591663159,2020-06-09 00:39:19+00:00
74298317,jinan-telecom,wuhan-telecom,41.7616,0.0,icmp,1591663260,2020-06-09 00:41:00+00:00
74298570,jinan-telecom,wuhan-telecom,40.677,0.0,icmp,1591663380,2020-06-09 00:43:00+00:00
74298809,jinan-telecom,wuhan-telecom,39.4463,0.0,icmp,1591663459,2020-06-09 00:44:19+00:00
74299039,jinan-telecom,wuhan-telecom,41.1754,0.0,icmp,1591663620,2020-06-09 00:47:00+00:00
74299263,jinan-telecom,wuhan-telecom,39.5769,0.0,icmp,1591663740,2020-06-09 00:49:00+00:00
74299484,jinan-telecom,wuhan-telecom,40.454,0.0,icmp,1591663860,2020-06-09 00:51:00+00:00
74299716,jinan-telecom,wuhan-telecom,39.4231,0.0,icmp,1591663939,2020-06-09 00:52:19+00:00
74299938,jinan-telecom,wuhan-telecom,40.2649,0.0,icmp,1591664100,2020-06-09 00:55:00+00:00
74300172,jinan-telecom,wuhan-telecom,42.1502,0.0,icmp,1591664220,2020-06-09 00:57:00+00:00
74300395,jinan-telecom,wuhan-telecom,41.2048,0.0,icmp,1591664340,2020-06-09 00:59:00+00:00
74300646,jinan-telecom,wuhan-telecom,40.4624,0.0,icmp,1591664460,2020-06-09 01:01:00+00:00
74300859,jinan-telecom,wuhan-telecom,42.3979,0.0,icmp,1591664580,2020-06-09 01:03:00+00:00
74301106,jinan-telecom,wuhan-telecom,41.5506,0.0,icmp,1591664700,2020-06-09 01:05:00+00:00
74301300,jinan-telecom,wuhan-telecom,40.6152,0.0,icmp,1591664820,2020-06-09 01:07:00+00:00
74301547,jinan-telecom,wuhan-telecom,40.498,0.0,icmp,1591664940,2020-06-09 01:09:00+00:00
74301785,jinan-telecom,wuhan-telecom,41.8216,0.0,icmp,1591665060,2020-06-09 01:11:00+00:00
74301991,jinan-telecom,wuhan-telecom,41.069,0.0,icmp,1591665180,2020-06-09 01:13:00+00:00
74302220,jinan-telecom,wuhan-telecom,39.4622,0.0,icmp,1591665319,2020-06-09 01:15:19+00:00
74302454,jinan-telecom,wuhan-telecom,40.8672,0.0,icmp,1591665420,2020-06-09 01:17:00+00:00
74302693,jinan-telecom,wuhan-telecom,40.4057,0.0,icmp,1591665540,2020-06-09 01:19:00+00:00
74302916,jinan-telecom,wuhan-telecom,40.6853,0.0,icmp,1591665660,2020-06-09 01:21:00+00:00
74303154,jinan-telecom,wuhan-telecom,40.0136,0.0,icmp,1591665780,2020-06-09 01:23:00+00:00
74303372,jinan-telecom,wuhan-telecom,39.3792,0.0,icmp,1591665859,2020-06-09 01:24:19+00:00
74303611,jinan-telecom,wuhan-telecom,41.522,0.0,icmp,1591666020,2020-06-09 01:27:00+00:00
74303828,jinan-telecom,wuhan-telecom,40.3287,0.0,icmp,1591666140,2020-06-09 01:29:00+00:00
74304065,jinan-telecom,wuhan-telecom,40.8446,0.0,icmp,1591666260,2020-06-09 01:31:00+00:00
74304297,jinan-telecom,wuhan-telecom,39.9963,0.0,icmp,1591666380,2020-06-09 01:33:00+00:00
74304525,jinan-telecom,wuhan-telecom,39.3742,0.0,icmp,1591666459,2020-06-09 01:34:19+00:00
74304761,jinan-telecom,wuhan-telecom,40.4029,0.0,icmp,1591666620,2020-06-09 01:37:00+00:00
74304982,jinan-telecom,wuhan-telecom,41.0031,0.0,icmp,1591666740,2020-06-09 01:39:00+00:00
74305217,jinan-telecom,wuhan-telecom,39.468,0.0,icmp,1591666819,2020-06-09 01:40:19+00:00
74305429,jinan-telecom,wuhan-telecom,40.4283,0.0,icmp,1591666980,2020-06-09 01:43:00+00:00
74305658,jinan-telecom,wuhan-telecom,40.3071,0.0,icmp,1591667100,2020-06-09 01:45:00+00:00
74305884,jinan-telecom,wuhan-telecom,39.8496,0.0,icmp,1591667165,2020-06-09 01:46:05+00:00
74306126,jinan-telecom,wuhan-telecom,40.4575,0.0,icmp,1591667340,2020-06-09 01:49:00+00:00
74306345,jinan-telecom,wuhan-telecom,40.0045,0.0,icmp,1591667460,2020-06-09 01:51:00+00:00
74306558,jinan-telecom,wuhan-telecom,40.6005,0.0,icmp,1591667580,2020-06-09 01:53:00+00:00
74306825,jinan-telecom,wuhan-telecom,40.4644,0.0,icmp,1591667700,2020-06-09 01:55:00+00:00
74307053,jinan-telecom,wuhan-telecom,39.4118,0.0,icmp,1591667779,2020-06-09 01:56:19+00:00
74307273,jinan-telecom,wuhan-telecom,42.3738,0.0,icmp,1591667940,2020-06-09 01:59:00+00:00
74307495,jinan-telecom,wuhan-telecom,39.8845,0.0,icmp,1591668060,2020-06-09 02:01:00+00:00
74307724,jinan-telecom,wuhan-telecom,39.4218,0.0,icmp,1591668139,2020-06-09 02:02:19+00:00
74307960,jinan-telecom,wuhan-telecom,39.3941,0.0,icmp,1591668259,2020-06-09 02:04:19+00:00
74308183,jinan-telecom,wuhan-telecom,41.1779,0.0,icmp,1591668420,2020-06-09 02:07:00+00:00
74308402,jinan-telecom,wuhan-telecom,39.3708,0.0,icmp,1591668499,2020-06-09 02:08:19+00:00
74308640,jinan-telecom,wuhan-telecom,39.427,0.0,icmp,1591668619,2020-06-09 02:10:19+00:00
74308871,jinan-telecom,wuhan-telecom,39.3821,0.0,icmp,1591668799,2020-06-09 02:13:19+00:00
74309105,jinan-telecom,wuhan-telecom,39.4592,0.0,icmp,1591668919,2020-06-09 02:15:19+00:00
74309333,jinan-telecom,wuhan-telecom,39.7258,0.0,icmp,1591669020,2020-06-09 02:17:00+00:00
74309577,jinan-telecom,wuhan-telecom,40.9775,0.0,icmp,1591669140,2020-06-09 02:19:00+00:00
74309817,jinan-telecom,wuhan-telecom,40.5499,0.0,icmp,1591669260,2020-06-09 02:21:00+00:00
74310032,jinan-telecom,wuhan-telecom,39.3861,0.0,icmp,1591669399,2020-06-09 02:23:19+00:00
74310247,jinan-telecom,wuhan-telecom,39.9854,0.0,icmp,1591669500,2020-06-09 02:25:00+00:00
74310466,jinan-telecom,wuhan-telecom,41.7588,0.0,icmp,1591669620,2020-06-09 02:27:00+00:00
74310713,jinan-telecom,wuhan-telecom,39.382,0.0,icmp,1591669699,2020-06-09 02:28:19+00:00
74310949,jinan-telecom,wuhan-telecom,40.3153,0.0,icmp,1591669860,2020-06-09 02:31:00+00:00
74311167,jinan-telecom,wuhan-telecom,39.9672,0.0,icmp,1591669980,2020-06-09 02:33:00+00:00
74311387,jinan-telecom,wuhan-telecom,42.6522,0.0,icmp,1591670100,2020-06-09 02:35:00+00:00
74311616,jinan-telecom,wuhan-telecom,40.3663,0.0,icmp,1591670220,2020-06-09 02:37:00+00:00
74311849,jinan-telecom,wuhan-telecom,40.8264,0.0,icmp,1591670340,2020-06-09 02:39:00+00:00
74312089,jinan-telecom,wuhan-telecom,39.436,0.0,icmp,1591670479,2020-06-09 02:41:19+00:00
74312309,jinan-telecom,wuhan-telecom,41.1956,0.0,icmp,1591670580,2020-06-09 02:43:00+00:00
74312544,jinan-telecom,wuhan-telecom,40.0384,0.0,icmp,1591670700,2020-06-09 02:45:00+00:00
74312779,jinan-telecom,wuhan-telecom,40.5437,0.0,icmp,1591670820,2020-06-09 02:47:00+00:00
74312975,jinan-telecom,wuhan-telecom,40.4078,0.0,icmp,1591670940,2020-06-09 02:49:00+00:00
74313228,jinan-telecom,wuhan-telecom,42.3831,0.0,icmp,1591671060,2020-06-09 02:51:00+00:00
74313437,jinan-telecom,wuhan-telecom,43.4569,0.0,icmp,1591671180,2020-06-09 02:53:00+00:00
74313682,jinan-telecom,wuhan-telecom,41.4179,0.0,icmp,1591671300,2020-06-09 02:55:00+00:00
74313897,jinan-telecom,wuhan-telecom,42.2426,0.0,icmp,1591671420,2020-06-09 02:57:00+00:00
74314144,jinan-telecom,wuhan-telecom,40.2829,0.0,icmp,1591671540,2020-06-09 02:59:00+00:00
74314374,jinan-telecom,wuhan-telecom,39.5053,0.0,icmp,1591671679,2020-06-09 03:01:19+00:00
74314600,jinan-telecom,wuhan-telecom,40.0873,0.0,icmp,1591671780,2020-06-09 03:03:00+00:00
74314830,jinan-telecom,wuhan-telecom,41.6923,0.0,icmp,1591671900,2020-06-09 03:05:00+00:00
74315040,jinan-telecom,wuhan-telecom,40.0693,0.0,icmp,1591672020,2020-06-09 03:07:00+00:00
74315289,jinan-telecom,wuhan-telecom,39.3986,0.0,icmp,1591672159,2020-06-09 03:09:19+00:00
74315517,jinan-telecom,wuhan-telecom,41.0422,0.0,icmp,1591672260,2020-06-09 03:11:00+00:00
74315752,jinan-telecom,wuhan-telecom,40.1343,0.0,icmp,1591672380,2020-06-09 03:13:00+00:00
74315964,jinan-telecom,wuhan-telecom,40.3395,0.0,icmp,1591672500,2020-06-09 03:15:00+00:00
74316192,jinan-telecom,wuhan-telecom,39.4128,0.0,icmp,1591672639,2020-06-09 03:17:19+00:00
74316435,jinan-telecom,wuhan-telecom,39.3842,0.0,icmp,1591672759,2020-06-09 03:19:19+00:00
74316639,jinan-telecom,wuhan-telecom,39.9472,0.0,icmp,1591672860,2020-06-09 03:21:00+00:00
74316899,jinan-telecom,wuhan-telecom,40.4665,0.0,icmp,1591672980,2020-06-09 03:23:00+00:00
74317094,jinan-telecom,wuhan-telecom,39.4029,0.0,icmp,1591673059,2020-06-09 03:24:19+00:00
74317335,jinan-telecom,wuhan-telecom,42.1556,0.0,icmp,1591673220,2020-06-09 03:27:00+00:00
74317561,jinan-telecom,wuhan-telecom,39.4179,0.0,icmp,1591673359,2020-06-09 03:29:19+00:00
74317793,jinan-telecom,wuhan-telecom,39.5368,0.0,icmp,1591673464,2020-06-09 03:31:04+00:00
74318022,jinan-telecom,wuhan-telecom,41.8024,0.0,icmp,1591673580,2020-06-09 03:33:00+00:00
74318265,jinan-telecom,wuhan-telecom,41.9837,0.0,icmp,1591673700,2020-06-09 03:35:00+00:00
74318467,jinan-telecom,wuhan-telecom,39.8209,0.0,icmp,1591673764,2020-06-09 03:36:04+00:00
74318696,jinan-telecom,wuhan-telecom,41.6185,0.0,icmp,1591673940,2020-06-09 03:39:00+00:00
74318952,jinan-telecom,wuhan-telecom,39.4668,0.0,icmp,1591674079,2020-06-09 03:41:19+00:00
74319165,jinan-telecom,wuhan-telecom,41.3316,0.0,icmp,1591674180,2020-06-09 03:43:00+00:00
74319379,jinan-telecom,wuhan-telecom,41.8431,0.0,icmp,1591674300,2020-06-09 03:45:00+00:00
74319630,jinan-telecom,wuhan-telecom,40.9779,0.0,icmp,1591674420,2020-06-09 03:47:00+00:00
74319842,jinan-telecom,wuhan-telecom,40.403,0.0,icmp,1591674540,2020-06-09 03:49:00+00:00
74320064,jinan-telecom,wuhan-telecom,39.4211,0.0,icmp,1591674619,2020-06-09 03:50:19+00:00
74320285,jinan-telecom,wuhan-telecom,39.6093,0.0,icmp,1591674780,2020-06-09 03:53:00+00:00
74320550,jinan-telecom,wuhan-telecom,40.0706,0.0,icmp,1591674900,2020-06-09 03:55:00+00:00
74320772,jinan-telecom,wuhan-telecom,39.9105,0.0,icmp,1591675020,2020-06-09 03:57:00+00:00
74320986,jinan-telecom,wuhan-telecom,41.9613,0.0,icmp,1591675140,2020-06-09 03:59:00+00:00
74321200,jinan-telecom,wuhan-telecom,39.4749,0.0,icmp,1591675279,2020-06-09 04:01:19+00:00
74321426,jinan-telecom,wuhan-telecom,40.6738,0.0,icmp,1591675380,2020-06-09 04:03:00+00:00
74321688,jinan-telecom,wuhan-telecom,40.3136,0.0,icmp,1591675500,2020-06-09 04:05:00+00:00
74321927,jinan-telecom,wuhan-telecom,40.1647,0.0,icmp,1591675620,2020-06-09 04:07:00+00:00
74322135,jinan-telecom,wuhan-telecom,41.175,0.0,icmp,1591675740,2020-06-09 04:09:00+00:00
74322378,jinan-telecom,wuhan-telecom,40.3976,0.0,icmp,1591675860,2020-06-09 04:11:00+00:00
74322596,jinan-telecom,wuhan-telecom,39.4327,0.0,icmp,1591675999,2020-06-09 04:13:19+00:00
74322825,jinan-telecom,wuhan-telecom,40.0023,0.0,icmp,1591676100,2020-06-09 04:15:00+00:00
74323062,jinan-telecom,wuhan-telecom,40.4934,0.0,icmp,1591676220,2020-06-09 04:17:00+00:00
74323290,jinan-telecom,wuhan-telecom,39.4137,0.0,icmp,1591676359,2020-06-09 04:19:19+00:00
74323500,jinan-telecom,wuhan-telecom,41.0525,0.0,icmp,1591676460,2020-06-09 04:21:00+00:00
74323749,jinan-telecom,wuhan-telecom,43.1161,0.0,icmp,1591676580,2020-06-09 04:23:00+00:00
74323986,jinan-telecom,wuhan-telecom,40.9752,0.0,icmp,1591676700,2020-06-09 04:25:00+00:00
74324219,jinan-telecom,wuhan-telecom,39.4136,0.0,icmp,1591676839,2020-06-09 04:27:19+00:00
74324428,jinan-telecom,wuhan-telecom,40.059,0.0,icmp,1591676940,2020-06-09 04:29:00+00:00
74324665,jinan-telecom,wuhan-telecom,39.442,0.0,icmp,1591677079,2020-06-09 04:31:19+00:00
74324889,jinan-telecom,wuhan-telecom,39.399,0.0,icmp,1591677199,2020-06-09 04:33:19+00:00
74325114,jinan-telecom,wuhan-telecom,41.3219,0.0,icmp,1591677300,2020-06-09 04:35:00+00:00
74325365,jinan-telecom,wuhan-telecom,40.7614,0.0,icmp,1591677420,2020-06-09 04:37:00+00:00
74325584,jinan-telecom,wuhan-telecom,43.405,0.0,icmp,1591677540,2020-06-09 04:39:00+00:00
74325799,jinan-telecom,wuhan-telecom,39.4366,0.0,icmp,1591677679,2020-06-09 04:41:19+00:00
74326048,jinan-telecom,wuhan-telecom,39.8499,0.0,icmp,1591677799,2020-06-09 04:43:19+00:00
74326256,jinan-telecom,wuhan-telecom,41.8209,0.0,icmp,1591677905,2020-06-09 04:45:05+00:00
74326504,jinan-telecom,wuhan-telecom,39.3887,0.0,icmp,1591678039,2020-06-09 04:47:19+00:00
74326710,jinan-telecom,wuhan-telecom,40.0381,0.0,icmp,1591678140,2020-06-09 04:49:00+00:00
74326948,jinan-telecom,wuhan-telecom,40.5773,0.0,icmp,1591678260,2020-06-09 04:51:00+00:00
74327167,jinan-telecom,wuhan-telecom,40.3341,0.0,icmp,1591678380,2020-06-09 04:53:00+00:00
74327409,jinan-telecom,wuhan-telecom,39.6497,0.0,icmp,1591678459,2020-06-09 04:54:19+00:00
74327629,jinan-telecom,wuhan-telecom,40.2298,0.0,icmp,1591678620,2020-06-09 04:57:00+00:00
74327834,jinan-telecom,wuhan-telecom,40.0256,0.0,icmp,1591678740,2020-06-09 04:59:00+00:00
74328104,jinan-telecom,wuhan-telecom,39.3891,0.0,icmp,1591678879,2020-06-09 05:01:19+00:00
74328327,jinan-telecom,wuhan-telecom,44.5384,0.0,icmp,1591678980,2020-06-09 05:03:00+00:00
74328548,jinan-telecom,wuhan-telecom,40.1432,0.0,icmp,1591679100,2020-06-09 05:05:00+00:00
74328766,jinan-telecom,wuhan-telecom,40.2446,0.0,icmp,1591679220,2020-06-09 05:07:00+00:00
74329002,jinan-telecom,wuhan-telecom,39.5649,0.0,icmp,1591679299,2020-06-09 05:08:19+00:00
74329224,jinan-telecom,wuhan-telecom,41.7324,0.0,icmp,1591679460,2020-06-09 05:11:00+00:00
74329461,jinan-telecom,wuhan-telecom,41.934,0.0,icmp,1591679580,2020-06-09 05:13:00+00:00
74329684,jinan-telecom,wuhan-telecom,40.4544,0.0,icmp,1591679700,2020-06-09 05:15:00+00:00
74329941,jinan-telecom,wuhan-telecom,39.9366,0.0,icmp,1591679820,2020-06-09 05:17:00+00:00
74330164,jinan-telecom,wuhan-telecom,41.6838,0.0,icmp,1591679940,2020-06-09 05:19:00+00:00
74330398,jinan-telecom,wuhan-telecom,41.3613,0.0,icmp,1591680060,2020-06-09 05:21:00+00:00
74330623,jinan-telecom,wuhan-telecom,39.5335,0.0,icmp,1591680124,2020-06-09 05:22:04+00:00
74330846,jinan-telecom,wuhan-telecom,39.4245,0.0,icmp,1591680319,2020-06-09 05:25:19+00:00
74331057,jinan-telecom,wuhan-telecom,40.0776,0.0,icmp,1591680420,2020-06-09 05:27:00+00:00
74331299,jinan-telecom,wuhan-telecom,39.5883,0.0,icmp,1591680559,2020-06-09 05:29:19+00:00
74331527,jinan-telecom,wuhan-telecom,39.9439,0.0,icmp,1591680660,2020-06-09 05:31:00+00:00
74331771,jinan-telecom,wuhan-telecom,40.6419,0.0,icmp,1591680780,2020-06-09 05:33:00+00:00
74331970,jinan-telecom,wuhan-telecom,40.3157,0.0,icmp,1591680900,2020-06-09 05:35:00+00:00
74332211,jinan-telecom,wuhan-telecom,40.7785,0.0,icmp,1591681020,2020-06-09 05:37:00+00:00
74332456,jinan-telecom,wuhan-telecom,39.4296,0.0,icmp,1591681159,2020-06-09 05:39:19+00:00
74332656,jinan-telecom,wuhan-telecom,39.4339,0.0,icmp,1591681279,2020-06-09 05:41:19+00:00
74332915,jinan-telecom,wuhan-telecom,40.6799,0.0,icmp,1591681380,2020-06-09 05:43:00+00:00
74333137,jinan-telecom,wuhan-telecom,39.418,0.0,icmp,1591681459,2020-06-09 05:44:19+00:00
74333363,jinan-telecom,wuhan-telecom,39.4142,0.0,icmp,1591681639,2020-06-09 05:47:19+00:00
74333592,jinan-telecom,wuhan-telecom,39.4212,0.0,icmp,1591681759,2020-06-09 05:49:19+00:00
74333816,jinan-telecom,wuhan-telecom,40.8566,0.0,icmp,1591681860,2020-06-09 05:51:00+00:00
74334060,jinan-telecom,wuhan-telecom,40.6921,0.0,icmp,1591681980,2020-06-09 05:53:00+00:00
74334275,jinan-telecom,wuhan-telecom,40.3374,0.0,icmp,1591682100,2020-06-09 05:55:00+00:00
74334507,jinan-telecom,wuhan-telecom,40.6485,0.0,icmp,1591682220,2020-06-09 05:57:00+00:00
74334732,jinan-telecom,wuhan-telecom,39.4818,0.0,icmp,1591682359,2020-06-09 05:59:19+00:00
74334930,jinan-telecom,wuhan-telecom,41.2007,0.0,icmp,1591682460,2020-06-09 06:01:00+00:00
74335169,jinan-telecom,wuhan-telecom,39.655,0.0,icmp,1591682580,2020-06-09 06:03:00+00:00
74335375,jinan-telecom,wuhan-telecom,40.4727,0.0,icmp,1591682700,2020-06-09 06:05:00+00:00
80559998,jinan-telecom,wuhan-telecom,41.7682,0.0,icmp,1591559280,2020-06-07 19:48:00+00:00
80560243,jinan-telecom,wuhan-telecom,41.5067,0.0,icmp,1591559400,2020-06-07 19:50:00+00:00
80560499,jinan-telecom,wuhan-telecom,39.4351,0.0,icmp,1591559539,2020-06-07 19:52:19+00:00
80560705,jinan-telecom,wuhan-telecom,41.7165,0.0,icmp,1591559640,2020-06-07 19:54:00+00:00
80560953,jinan-telecom,wuhan-telecom,40.4769,0.0,icmp,1591559760,2020-06-07 19:56:00+00:00
80561164,jinan-telecom,wuhan-telecom,39.8217,0.0,icmp,1591559880,2020-06-07 19:58:00+00:00
80561390,jinan-telecom,wuhan-telecom,39.5647,0.0,icmp,1591559959,2020-06-07 19:59:19+00:00
80561639,jinan-telecom,wuhan-telecom,40.8193,0.0,icmp,1591560120,2020-06-07 20:02:00+00:00
80561846,jinan-telecom,wuhan-telecom,42.4518,0.0,icmp,1591560240,2020-06-07 20:04:00+00:00
80562088,jinan-telecom,wuhan-telecom,42.0749,0.0,icmp,1591560360,2020-06-07 20:06:00+00:00
80562311,jinan-telecom,wuhan-telecom,39.9457,0.0,icmp,1591560480,2020-06-07 20:08:00+00:00
80562532,jinan-telecom,wuhan-telecom,40.0164,0.0,icmp,1591560600,2020-06-07 20:10:00+00:00
80562766,jinan-telecom,wuhan-telecom,39.5348,0.0,icmp,1591560679,2020-06-07 20:11:19+00:00
80562986,jinan-telecom,wuhan-telecom,40.9719,0.0,icmp,1591560840,2020-06-07 20:14:00+00:00
80563235,jinan-telecom,wuhan-telecom,39.9013,0.0,icmp,1591560960,2020-06-07 20:16:00+00:00
80563453,jinan-telecom,wuhan-telecom,40.5694,0.0,icmp,1591561080,2020-06-07 20:18:00+00:00
80563668,jinan-telecom,wuhan-telecom,41.8278,0.0,icmp,1591561200,2020-06-07 20:20:00+00:00
80563911,jinan-telecom,wuhan-telecom,39.4558,0.0,icmp,1591561339,2020-06-07 20:22:19+00:00
80564148,jinan-telecom,wuhan-telecom,42.106,0.0,icmp,1591561440,2020-06-07 20:24:00+00:00
80564373,jinan-telecom,wuhan-telecom,39.5146,0.0,icmp,1591561519,2020-06-07 20:25:19+00:00
80564611,jinan-telecom,wuhan-telecom,39.7357,0.0,icmp,1591561639,2020-06-07 20:27:19+00:00
80564832,jinan-telecom,wuhan-telecom,40.507,0.0,icmp,1591561800,2020-06-07 20:30:00+00:00
80565045,jinan-telecom,wuhan-telecom,40.8187,0.0,icmp,1591561920,2020-06-07 20:32:00+00:00
80565303,jinan-telecom,wuhan-telecom,41.2034,0.0,icmp,1591562040,2020-06-07 20:34:00+00:00
80565541,jinan-telecom,wuhan-telecom,40.6833,0.0,icmp,1591562160,2020-06-07 20:36:00+00:00
80565761,jinan-telecom,wuhan-telecom,39.4925,0.0,icmp,1591562239,2020-06-07 20:37:19+00:00
80565969,jinan-telecom,wuhan-telecom,42.0953,0.0,icmp,1591562400,2020-06-07 20:40:00+00:00
80566194,jinan-telecom,wuhan-telecom,41.9144,0.0,icmp,1591562520,2020-06-07 20:42:00+00:00
80566423,jinan-telecom,wuhan-telecom,41.1183,0.0,icmp,1591562640,2020-06-07 20:44:00+00:00
80566655,jinan-telecom,wuhan-telecom,41.1215,0.0,icmp,1591562760,2020-06-07 20:46:00+00:00
80566896,jinan-telecom,wuhan-telecom,42.2692,0.0,icmp,1591562880,2020-06-07 20:48:00+00:00
80567129,jinan-telecom,wuhan-telecom,42.0317,0.0,icmp,1591563000,2020-06-07 20:50:00+00:00
80567351,jinan-telecom,wuhan-telecom,39.5029,0.0,icmp,1591563079,2020-06-07 20:51:19+00:00
80567562,jinan-telecom,wuhan-telecom,41.0129,0.0,icmp,1591563240,2020-06-07 20:54:00+00:00
80567815,jinan-telecom,wuhan-telecom,41.6679,0.0,icmp,1591563360,2020-06-07 20:56:00+00:00
80568042,jinan-telecom,wuhan-telecom,40.4193,0.0,icmp,1591563480,2020-06-07 20:58:00+00:00
80568293,jinan-telecom,wuhan-telecom,41.0374,0.0,icmp,1591563600,2020-06-07 21:00:00+00:00
80568494,jinan-telecom,wuhan-telecom,40.7362,0.0,icmp,1591563720,2020-06-07 21:02:00+00:00
80568707,jinan-telecom,wuhan-telecom,39.8689,0.0,icmp,1591563840,2020-06-07 21:04:00+00:00
80568939,jinan-telecom,wuhan-telecom,40.8668,0.0,icmp,1591563960,2020-06-07 21:06:00+00:00
80569182,jinan-telecom,wuhan-telecom,39.4717,0.0,icmp,1591564039,2020-06-07 21:07:19+00:00
80569405,jinan-telecom,wuhan-telecom,39.4654,0.0,icmp,1591564219,2020-06-07 21:10:19+00:00
80569645,jinan-telecom,wuhan-telecom,40.8769,0.0,icmp,1591564320,2020-06-07 21:12:00+00:00
80569863,jinan-telecom,wuhan-telecom,41.1772,0.0,icmp,1591564440,2020-06-07 21:14:00+00:00
80570088,jinan-telecom,wuhan-telecom,40.8965,0.0,icmp,1591564560,2020-06-07 21:16:00+00:00
80570340,jinan-telecom,wuhan-telecom,41.8627,0.0,icmp,1591564680,2020-06-07 21:18:00+00:00
80570564,jinan-telecom,wuhan-telecom,39.4923,0.0,icmp,1591564759,2020-06-07 21:19:19+00:00
80570782,jinan-telecom,wuhan-telecom,39.5416,0.0,icmp,1591564879,2020-06-07 21:21:19+00:00
80571009,jinan-telecom,wuhan-telecom,41.982,0.0,icmp,1591565040,2020-06-07 21:24:00+00:00
80571218,jinan-telecom,wuhan-telecom,39.5068,0.0,icmp,1591565119,2020-06-07 21:25:19+00:00
80571474,jinan-telecom,wuhan-telecom,41.0728,0.0,icmp,1591565280,2020-06-07 21:28:00+00:00
80571717,jinan-telecom,wuhan-telecom,40.5264,0.0,icmp,1591565400,2020-06-07 21:30:00+00:00
80571933,jinan-telecom,wuhan-telecom,41.2784,0.0,icmp,1591565520,2020-06-07 21:32:00+00:00
80572163,jinan-telecom,wuhan-telecom,39.5197,0.0,icmp,1591565599,2020-06-07 21:33:19+00:00
80572381,jinan-telecom,wuhan-telecom,42.1086,0.0,icmp,1591565760,2020-06-07 21:36:00+00:00
80572616,jinan-telecom,wuhan-telecom,39.4947,0.0,icmp,1591565899,2020-06-07 21:38:19+00:00
80572842,jinan-telecom,wuhan-telecom,41.9564,0.0,icmp,1591566000,2020-06-07 21:40:00+00:00
80573088,jinan-telecom,wuhan-telecom,40.5266,0.0,icmp,1591566120,2020-06-07 21:42:00+00:00
80573319,jinan-telecom,wuhan-telecom,41.7555,0.0,icmp,1591566240,2020-06-07 21:44:00+00:00
80573529,jinan-telecom,wuhan-telecom,39.4758,0.0,icmp,1591566319,2020-06-07 21:45:19+00:00
80573769,jinan-telecom,wuhan-telecom,40.4971,0.0,icmp,1591566480,2020-06-07 21:48:00+00:00
80573985,jinan-telecom,wuhan-telecom,39.4921,0.0,icmp,1591566619,2020-06-07 21:50:19+00:00
80574216,jinan-telecom,wuhan-telecom,40.3665,0.0,icmp,1591566720,2020-06-07 21:52:00+00:00
80574462,jinan-telecom,wuhan-telecom,41.6291,0.0,icmp,1591566840,2020-06-07 21:54:00+00:00
80574681,jinan-telecom,wuhan-telecom,41.4314,0.0,icmp,1591566960,2020-06-07 21:56:00+00:00
80574896,jinan-telecom,wuhan-telecom,41.8691,0.0,icmp,1591567080,2020-06-07 21:58:00+00:00
80575128,jinan-telecom,wuhan-telecom,40.2394,0.0,icmp,1591567200,2020-06-07 22:00:00+00:00
80575400,jinan-telecom,wuhan-telecom,41.3708,0.0,icmp,1591567320,2020-06-07 22:02:00+00:00
80575593,jinan-telecom,wuhan-telecom,40.4942,0.0,icmp,1591567440,2020-06-07 22:04:00+00:00
80575818,jinan-telecom,wuhan-telecom,40.3874,0.0,icmp,1591567560,2020-06-07 22:06:00+00:00
80576064,jinan-telecom,wuhan-telecom,40.5445,0.0,icmp,1591567680,2020-06-07 22:08:00+00:00
80576281,jinan-telecom,wuhan-telecom,40.7406,0.0,icmp,1591567800,2020-06-07 22:10:00+00:00
80576508,jinan-telecom,wuhan-telecom,40.5872,0.0,icmp,1591567920,2020-06-07 22:12:00+00:00
80576729,jinan-telecom,wuhan-telecom,40.6082,0.0,icmp,1591568040,2020-06-07 22:14:00+00:00
80576955,jinan-telecom,wuhan-telecom,41.5185,0.0,icmp,1591568160,2020-06-07 22:16:00+00:00
80577185,jinan-telecom,wuhan-telecom,39.5016,0.0,icmp,1591568239,2020-06-07 22:17:19+00:00
80577426,jinan-telecom,wuhan-telecom,41.0486,0.0,icmp,1591568400,2020-06-07 22:20:00+00:00
80577647,jinan-telecom,wuhan-telecom,41.4249,0.0,icmp,1591568520,2020-06-07 22:22:00+00:00
80577895,jinan-telecom,wuhan-telecom,39.7237,0.0,icmp,1591568640,2020-06-07 22:24:00+00:00
80578102,jinan-telecom,wuhan-telecom,39.4859,0.0,icmp,1591568719,2020-06-07 22:25:19+00:00
80578344,jinan-telecom,wuhan-telecom,39.4803,0.0,icmp,1591568899,2020-06-07 22:28:19+00:00
80578562,jinan-telecom,wuhan-telecom,41.4051,0.0,icmp,1591569000,2020-06-07 22:30:00+00:00
80578811,jinan-telecom,wuhan-telecom,39.4851,0.0,icmp,1591569139,2020-06-07 22:32:19+00:00
80579034,jinan-telecom,wuhan-telecom,40.4772,0.0,icmp,1591569240,2020-06-07 22:34:00+00:00
80579259,jinan-telecom,wuhan-telecom,39.481,0.0,icmp,1591569379,2020-06-07 22:36:19+00:00
80579489,jinan-telecom,wuhan-telecom,41.5425,0.0,icmp,1591569480,2020-06-07 22:38:00+00:00
80579717,jinan-telecom,wuhan-telecom,40.1735,0.0,icmp,1591569600,2020-06-07 22:40:00+00:00
80579943,jinan-telecom,wuhan-telecom,40.3067,0.0,icmp,1591569720,2020-06-07 22:42:00+00:00
80580160,jinan-telecom,wuhan-telecom,40.3381,0.0,icmp,1591569840,2020-06-07 22:44:00+00:00
80580404,jinan-telecom,wuhan-telecom,40.1553,0.0,icmp,1591569960,2020-06-07 22:46:00+00:00
80580625,jinan-telecom,wuhan-telecom,40.2505,0.0,icmp,1591570080,2020-06-07 22:48:00+00:00
80580854,jinan-telecom,wuhan-telecom,42.1637,0.0,icmp,1591570200,2020-06-07 22:50:00+00:00
80581091,jinan-telecom,wuhan-telecom,40.8227,0.0,icmp,1591570320,2020-06-07 22:52:00+00:00
80581315,jinan-telecom,wuhan-telecom,39.4604,0.0,icmp,1591570399,2020-06-07 22:53:19+00:00
80581538,jinan-telecom,wuhan-telecom,40.836,0.0,icmp,1591570560,2020-06-07 22:56:00+00:00
80581789,jinan-telecom,wuhan-telecom,39.4646,0.0,icmp,1591570699,2020-06-07 22:58:19+00:00
80582007,jinan-telecom,wuhan-telecom,41.7011,0.0,icmp,1591570800,2020-06-07 23:00:00+00:00
80582249,jinan-telecom,wuhan-telecom,40.5088,0.0,icmp,1591570920,2020-06-07 23:02:00+00:00
80582450,jinan-telecom,wuhan-telecom,40.6304,0.0,icmp,1591571040,2020-06-07 23:04:00+00:00
80582680,jinan-telecom,wuhan-telecom,39.5022,0.0,icmp,1591571119,2020-06-07 23:05:19+00:00
80582910,jinan-telecom,wuhan-telecom,39.5254,0.0,icmp,1591571299,2020-06-07 23:08:19+00:00
80583141,jinan-telecom,wuhan-telecom,40.7651,0.0,icmp,1591571400,2020-06-07 23:10:00+00:00
80583366,jinan-telecom,wuhan-telecom,40.2893,0.0,icmp,1591571520,2020-06-07 23:12:00+00:00
80583595,jinan-telecom,wuhan-telecom,39.5006,0.0,icmp,1591571599,2020-06-07 23:13:19+00:00
80583845,jinan-telecom,wuhan-telecom,42.7997,0.0,icmp,1591571760,2020-06-07 23:16:00+00:00
80584071,jinan-telecom,wuhan-telecom,39.6902,0.0,icmp,1591571899,2020-06-07 23:18:19+00:00
80584292,jinan-telecom,wuhan-telecom,39.7137,0.0,icmp,1591572019,2020-06-07 23:20:19+00:00
80584522,jinan-telecom,wuhan-telecom,40.9006,0.0,icmp,1591572120,2020-06-07 23:22:00+00:00
80584764,jinan-telecom,wuhan-telecom,39.4421,0.0,icmp,1591572259,2020-06-07 23:24:19+00:00
80584986,jinan-telecom,wuhan-telecom,40.5794,0.0,icmp,1591572360,2020-06-07 23:26:00+00:00
80585226,jinan-telecom,wuhan-telecom,39.5214,0.0,icmp,1591572499,2020-06-07 23:28:19+00:00
80585445,jinan-telecom,wuhan-telecom,39.4525,0.0,icmp,1591572619,2020-06-07 23:30:19+00:00
80585655,jinan-telecom,wuhan-telecom,41.8933,0.0,icmp,1591572720,2020-06-07 23:32:00+00:00
80585901,jinan-telecom,wuhan-telecom,40.3062,0.0,icmp,1591572840,2020-06-07 23:34:00+00:00
80586140,jinan-telecom,wuhan-telecom,39.5933,0.0,icmp,1591572964,2020-06-07 23:36:04+00:00
80586370,jinan-telecom,wuhan-telecom,40.0911,0.0,icmp,1591573080,2020-06-07 23:38:00+00:00
80586578,jinan-telecom,wuhan-telecom,42.5018,0.0,icmp,1591573200,2020-06-07 23:40:00+00:00
80586835,jinan-telecom,wuhan-telecom,40.4808,0.0,icmp,1591573320,2020-06-07 23:42:00+00:00
80587049,jinan-telecom,wuhan-telecom,41.7581,0.0,icmp,1591573440,2020-06-07 23:44:00+00:00
80587263,jinan-telecom,wuhan-telecom,40.0352,0.0,icmp,1591573560,2020-06-07 23:46:00+00:00
80587507,jinan-telecom,wuhan-telecom,41.2412,0.0,icmp,1591573680,2020-06-07 23:48:00+00:00
80587718,jinan-telecom,wuhan-telecom,40.3398,0.0,icmp,1591573800,2020-06-07 23:50:00+00:00
80587955,jinan-telecom,wuhan-telecom,39.497,0.0,icmp,1591573939,2020-06-07 23:52:19+00:00
80588180,jinan-telecom,wuhan-telecom,40.4055,0.0,icmp,1591574040,2020-06-07 23:54:00+00:00
80588410,jinan-telecom,wuhan-telecom,41.0054,0.0,icmp,1591574160,2020-06-07 23:56:00+00:00
80588654,jinan-telecom,wuhan-telecom,41.1478,0.0,icmp,1591574280,2020-06-07 23:58:00+00:00
80588862,jinan-telecom,wuhan-telecom,40.5062,0.0,icmp,1591574400,2020-06-08 00:00:00+00:00
80589102,jinan-telecom,wuhan-telecom,40.5459,0.0,icmp,1591574520,2020-06-08 00:02:00+00:00
80589322,jinan-telecom,wuhan-telecom,40.8601,0.0,icmp,1591574640,2020-06-08 00:04:00+00:00
80589585,jinan-telecom,wuhan-telecom,39.4957,0.0,icmp,1591574719,2020-06-08 00:05:19+00:00
80589801,jinan-telecom,wuhan-telecom,39.9824,0.0,icmp,1591574880,2020-06-08 00:08:00+00:00
80590015,jinan-telecom,wuhan-telecom,40.5951,0.0,icmp,1591575000,2020-06-08 00:10:00+00:00
80590263,jinan-telecom,wuhan-telecom,39.4522,0.0,icmp,1591575139,2020-06-08 00:12:19+00:00
80590475,jinan-telecom,wuhan-telecom,41.8562,0.0,icmp,1591575240,2020-06-08 00:14:00+00:00
80590721,jinan-telecom,wuhan-telecom,39.8783,0.0,icmp,1591575360,2020-06-08 00:16:00+00:00
80590940,jinan-telecom,wuhan-telecom,40.6256,0.0,icmp,1591575480,2020-06-08 00:18:00+00:00
80591178,jinan-telecom,wuhan-telecom,41.4452,0.0,icmp,1591575600,2020-06-08 00:20:00+00:00
80591411,jinan-telecom,wuhan-telecom,40.6688,0.0,icmp,1591575720,2020-06-08 00:22:00+00:00
80591625,jinan-telecom,wuhan-telecom,39.6655,0.0,icmp,1591575840,2020-06-08 00:24:00+00:00
80591845,jinan-telecom,wuhan-telecom,41.0011,0.0,icmp,1591575960,2020-06-08 00:26:00+00:00
80592099,jinan-telecom,wuhan-telecom,40.2243,0.0,icmp,1591576080,2020-06-08 00:28:00+00:00
80592311,jinan-telecom,wuhan-telecom,40.7619,0.0,icmp,1591576200,2020-06-08 00:30:00+00:00
80592551,jinan-telecom,wuhan-telecom,39.4903,0.0,icmp,1591576339,2020-06-08 00:32:19+00:00
80592783,jinan-telecom,wuhan-telecom,40.7593,0.0,icmp,1591576440,2020-06-08 00:34:00+00:00
80592987,jinan-telecom,wuhan-telecom,40.5155,0.0,icmp,1591576560,2020-06-08 00:36:00+00:00
80593210,jinan-telecom,wuhan-telecom,40.3855,0.0,icmp,1591576624,2020-06-08 00:37:04+00:00
80593445,jinan-telecom,wuhan-telecom,40.8414,0.0,icmp,1591576800,2020-06-08 00:40:00+00:00
80593690,jinan-telecom,wuhan-telecom,39.5167,0.0,icmp,1591576939,2020-06-08 00:42:19+00:00
80593929,jinan-telecom,wuhan-telecom,41.7682,0.0,icmp,1591577040,2020-06-08 00:44:00+00:00
80594153,jinan-telecom,wuhan-telecom,41.5864,0.0,icmp,1591577160,2020-06-08 00:46:00+00:00
80594367,jinan-telecom,wuhan-telecom,39.4664,0.0,icmp,1591577299,2020-06-08 00:48:19+00:00
80594606,jinan-telecom,wuhan-telecom,40.2763,0.0,icmp,1591577400,2020-06-08 00:50:00+00:00
80594847,jinan-telecom,wuhan-telecom,41.2771,0.0,icmp,1591577520,2020-06-08 00:52:00+00:00
80595067,jinan-telecom,wuhan-telecom,41.1785,0.0,icmp,1591577640,2020-06-08 00:54:00+00:00
80595298,jinan-telecom,wuhan-telecom,40.2877,0.0,icmp,1591577760,2020-06-08 00:56:00+00:00
80595506,jinan-telecom,wuhan-telecom,41.9082,0.0,icmp,1591577880,2020-06-08 00:58:00+00:00
80595746,jinan-telecom,wuhan-telecom,40.4447,0.0,icmp,1591578000,2020-06-08 01:00:00+00:00
80595987,jinan-telecom,wuhan-telecom,40.2066,0.0,icmp,1591578120,2020-06-08 01:02:00+00:00
80596207,jinan-telecom,wuhan-telecom,41.1387,0.0,icmp,1591578240,2020-06-08 01:04:00+00:00
80596426,jinan-telecom,wuhan-telecom,39.6315,0.0,icmp,1591578360,2020-06-08 01:06:00+00:00
80596649,jinan-telecom,wuhan-telecom,41.3417,0.0,icmp,1591578480,2020-06-08 01:08:00+00:00
80596886,jinan-telecom,wuhan-telecom,41.1799,0.0,icmp,1591578600,2020-06-08 01:10:00+00:00
80597111,jinan-telecom,wuhan-telecom,40.2444,0.0,icmp,1591578720,2020-06-08 01:12:00+00:00
80597337,jinan-telecom,wuhan-telecom,40.7465,0.0,icmp,1591578840,2020-06-08 01:14:00+00:00
80597562,jinan-telecom,wuhan-telecom,40.4493,0.0,icmp,1591578960,2020-06-08 01:16:00+00:00
80597794,jinan-telecom,wuhan-telecom,39.5033,0.0,icmp,1591579039,2020-06-08 01:17:19+00:00
80598029,jinan-telecom,wuhan-telecom,40.1363,0.0,icmp,1591579200,2020-06-08 01:20:00+00:00
80598240,jinan-telecom,wuhan-telecom,40.6082,0.0,icmp,1591579320,2020-06-08 01:22:00+00:00
80598483,jinan-telecom,wuhan-telecom,39.5565,0.0,icmp,1591579399,2020-06-08 01:23:19+00:00
80598722,jinan-telecom,wuhan-telecom,42.1098,0.0,icmp,1591579560,2020-06-08 01:26:00+00:00
80598950,jinan-telecom,wuhan-telecom,41.4429,0.0,icmp,1591579680,2020-06-08 01:28:00+00:00
80599208,jinan-telecom,wuhan-telecom,40.8205,0.0,icmp,1591579800,2020-06-08 01:30:00+00:00
80599425,jinan-telecom,wuhan-telecom,42.0585,0.0,icmp,1591579920,2020-06-08 01:32:00+00:00
80599685,jinan-telecom,wuhan-telecom,40.7428,0.0,icmp,1591580040,2020-06-08 01:34:00+00:00
80599872,jinan-telecom,wuhan-telecom,41.701,0.0,icmp,1591580160,2020-06-08 01:36:00+00:00
80600114,jinan-telecom,wuhan-telecom,39.6036,0.0,icmp,1591580224,2020-06-08 01:37:04+00:00
80600322,jinan-telecom,wuhan-telecom,40.8935,0.0,icmp,1591580400,2020-06-08 01:40:00+00:00
80600552,jinan-telecom,wuhan-telecom,41.3356,0.0,icmp,1591580520,2020-06-08 01:42:00+00:00
80600770,jinan-telecom,wuhan-telecom,41.7649,0.0,icmp,1591580640,2020-06-08 01:44:00+00:00
80601015,jinan-telecom,wuhan-telecom,40.2129,0.0,icmp,1591580760,2020-06-08 01:46:00+00:00
80601249,jinan-telecom,wuhan-telecom,39.739,0.0,icmp,1591580880,2020-06-08 01:48:00+00:00
80601471,jinan-telecom,wuhan-telecom,40.6902,0.0,icmp,1591581000,2020-06-08 01:50:00+00:00
80601689,jinan-telecom,wuhan-telecom,40.3449,0.0,icmp,1591581120,2020-06-08 01:52:00+00:00
80601918,jinan-telecom,wuhan-telecom,39.5133,0.0,icmp,1591581199,2020-06-08 01:53:19+00:00
80602146,jinan-telecom,wuhan-telecom,40.1075,0.0,icmp,1591581360,2020-06-08 01:56:00+00:00
80602389,jinan-telecom,wuhan-telecom,40.2373,0.0,icmp,1591581480,2020-06-08 01:58:00+00:00
80602616,jinan-telecom,wuhan-telecom,41.3001,0.0,icmp,1591581600,2020-06-08 02:00:00+00:00
80602832,jinan-telecom,wuhan-telecom,39.8812,0.0,icmp,1591581724,2020-06-08 02:02:04+00:00
80603049,jinan-telecom,wuhan-telecom,42.3067,0.0,icmp,1591581840,2020-06-08 02:04:00+00:00
80603317,jinan-telecom,wuhan-telecom,39.5595,0.0,icmp,1591581919,2020-06-08 02:05:19+00:00
80603525,jinan-telecom,wuhan-telecom,41.6927,0.0,icmp,1591582080,2020-06-08 02:08:00+00:00
80603771,jinan-telecom,wuhan-telecom,38.6874,11.0,icmp,1591582200,2020-06-08 02:10:00+00:00
80603988,jinan-telecom,wuhan-telecom,35.5123,0.0,icmp,1591582320,2020-06-08 02:12:00+00:00
80604217,jinan-telecom,wuhan-telecom,34.2112,0.0,icmp,1591582440,2020-06-08 02:14:00+00:00
80604453,jinan-telecom,wuhan-telecom,34.1764,0.0,icmp,1591582560,2020-06-08 02:16:00+00:00
80604667,jinan-telecom,wuhan-telecom,34.7587,0.0,icmp,1591582680,2020-06-08 02:18:00+00:00
80604896,jinan-telecom,wuhan-telecom,35.0015,0.0,icmp,1591582800,2020-06-08 02:20:00+00:00
80605144,jinan-telecom,wuhan-telecom,33.3043,0.0,icmp,1591582879,2020-06-08 02:21:19+00:00
80605350,jinan-telecom,wuhan-telecom,35.1639,0.0,icmp,1591583040,2020-06-08 02:24:00+00:00
80605599,jinan-telecom,wuhan-telecom,33.1462,0.0,icmp,1591583119,2020-06-08 02:25:19+00:00
80605812,jinan-telecom,wuhan-telecom,36.3177,0.0,icmp,1591583280,2020-06-08 02:28:00+00:00
80606060,jinan-telecom,wuhan-telecom,33.1199,0.0,icmp,1591583359,2020-06-08 02:29:19+00:00
80606276,jinan-telecom,wuhan-telecom,40.5712,0.0,icmp,1591583520,2020-06-08 02:32:00+00:00
80606523,jinan-telecom,wuhan-telecom,40.3834,0.0,icmp,1591583640,2020-06-08 02:34:00+00:00
80606738,jinan-telecom,wuhan-telecom,40.2388,0.0,icmp,1591583760,2020-06-08 02:36:00+00:00
80606972,jinan-telecom,wuhan-telecom,40.5094,0.0,icmp,1591583880,2020-06-08 02:38:00+00:00
80607197,jinan-telecom,wuhan-telecom,40.8426,0.0,icmp,1591584000,2020-06-08 02:40:00+00:00
80607434,jinan-telecom,wuhan-telecom,39.5514,0.0,icmp,1591584139,2020-06-08 02:42:19+00:00
80607668,jinan-telecom,wuhan-telecom,41.2671,0.0,icmp,1591584240,2020-06-08 02:44:00+00:00
80607897,jinan-telecom,wuhan-telecom,40.2766,0.0,icmp,1591584360,2020-06-08 02:46:00+00:00
80608122,jinan-telecom,wuhan-telecom,39.456,0.0,icmp,1591584499,2020-06-08 02:48:19+00:00
80608333,jinan-telecom,wuhan-telecom,41.4795,0.0,icmp,1591584600,2020-06-08 02:50:00+00:00
80608560,jinan-telecom,wuhan-telecom,41.1649,0.0,icmp,1591584720,2020-06-08 02:52:00+00:00
80608813,jinan-telecom,wuhan-telecom,40.9866,0.0,icmp,1591584840,2020-06-08 02:54:00+00:00
80609020,jinan-telecom,wuhan-telecom,41.8336,0.0,icmp,1591584960,2020-06-08 02:56:00+00:00
80609259,jinan-telecom,wuhan-telecom,40.9765,0.0,icmp,1591585080,2020-06-08 02:58:00+00:00
80609471,jinan-telecom,wuhan-telecom,41.3356,0.0,icmp,1591585200,2020-06-08 03:00:00+00:00
80609701,jinan-telecom,wuhan-telecom,43.3027,0.0,icmp,1591585320,2020-06-08 03:02:00+00:00
80609934,jinan-telecom,wuhan-telecom,41.4145,0.0,icmp,1591585440,2020-06-08 03:04:00+00:00
80610174,jinan-telecom,wuhan-telecom,39.4649,0.0,icmp,1591585579,2020-06-08 03:06:19+00:00
80610399,jinan-telecom,wuhan-telecom,40.312,0.0,icmp,1591585680,2020-06-08 03:08:00+00:00
80610606,jinan-telecom,wuhan-telecom,42.1596,0.0,icmp,1591585800,2020-06-08 03:10:00+00:00
80610868,jinan-telecom,wuhan-telecom,39.4626,0.0,icmp,1591585879,2020-06-08 03:11:19+00:00
80611094,jinan-telecom,wuhan-telecom,40.3004,0.0,icmp,1591586040,2020-06-08 03:14:00+00:00
80611329,jinan-telecom,wuhan-telecom,39.9415,0.0,icmp,1591586160,2020-06-08 03:16:00+00:00
80611536,jinan-telecom,wuhan-telecom,40.0816,0.0,icmp,1591586280,2020-06-08 03:18:00+00:00
80611764,jinan-telecom,wuhan-telecom,39.6534,0.0,icmp,1591586400,2020-06-08 03:20:00+00:00
80611996,jinan-telecom,wuhan-telecom,40.9771,0.0,icmp,1591586520,2020-06-08 03:22:00+00:00
80612223,jinan-telecom,wuhan-telecom,40.0041,0.0,icmp,1591586640,2020-06-08 03:24:00+00:00
80612487,jinan-telecom,wuhan-telecom,40.3083,0.0,icmp,1591586760,2020-06-08 03:26:00+00:00
80612697,jinan-telecom,wuhan-telecom,40.8195,0.0,icmp,1591586880,2020-06-08 03:28:00+00:00
80612914,jinan-telecom,wuhan-telecom,39.7243,0.0,icmp,1591587000,2020-06-08 03:30:00+00:00
80613149,jinan-telecom,wuhan-telecom,41.2031,0.0,icmp,1591587120,2020-06-08 03:32:00+00:00
80613370,jinan-telecom,wuhan-telecom,39.8636,0.0,icmp,1591587240,2020-06-08 03:34:00+00:00
80613619,jinan-telecom,wuhan-telecom,40.241,0.0,icmp,1591587360,2020-06-08 03:36:00+00:00
80613835,jinan-telecom,wuhan-telecom,39.7607,0.0,icmp,1591587480,2020-06-08 03:38:00+00:00
80614066,jinan-telecom,wuhan-telecom,39.4775,0.0,icmp,1591587559,2020-06-08 03:39:19+00:00
80614288,jinan-telecom,wuhan-telecom,41.1228,0.0,icmp,1591587720,2020-06-08 03:42:00+00:00
80614517,jinan-telecom,wuhan-telecom,40.2892,0.0,icmp,1591587840,2020-06-08 03:44:00+00:00
80614761,jinan-telecom,wuhan-telecom,39.5526,0.0,icmp,1591587979,2020-06-08 03:46:19+00:00
80614982,jinan-telecom,wuhan-telecom,40.0586,0.0,icmp,1591588080,2020-06-08 03:48:00+00:00
80615195,jinan-telecom,wuhan-telecom,41.0958,0.0,icmp,1591588200,2020-06-08 03:50:00+00:00
80615426,jinan-telecom,wuhan-telecom,41.046,0.0,icmp,1591588320,2020-06-08 03:52:00+00:00
80615655,jinan-telecom,wuhan-telecom,40.3604,0.0,icmp,1591588440,2020-06-08 03:54:00+00:00
80615914,jinan-telecom,wuhan-telecom,40.5477,0.0,icmp,1591588560,2020-06-08 03:56:00+00:00
80616125,jinan-telecom,wuhan-telecom,40.1598,0.0,icmp,1591588680,2020-06-08 03:58:00+00:00
80616359,jinan-telecom,wuhan-telecom,39.3931,0.0,icmp,1591588759,2020-06-08 03:59:19+00:00
80616573,jinan-telecom,wuhan-telecom,39.478,0.0,icmp,1591588920,2020-06-08 04:02:00+00:00
80616804,jinan-telecom,wuhan-telecom,39.3669,0.0,icmp,1591589059,2020-06-08 04:04:19+00:00
80617035,jinan-telecom,wuhan-telecom,39.3913,0.0,icmp,1591589179,2020-06-08 04:06:19+00:00
80617258,jinan-telecom,wuhan-telecom,40.8808,0.0,icmp,1591589280,2020-06-08 04:08:00+00:00
80617499,jinan-telecom,wuhan-telecom,39.3955,0.0,icmp,1591589419,2020-06-08 04:10:19+00:00
80617744,jinan-telecom,wuhan-telecom,40.6454,0.0,icmp,1591589520,2020-06-08 04:12:00+00:00
80617947,jinan-telecom,wuhan-telecom,39.3877,0.0,icmp,1591589659,2020-06-08 04:14:19+00:00
80618190,jinan-telecom,wuhan-telecom,40.6287,0.0,icmp,1591589760,2020-06-08 04:16:00+00:00
80618402,jinan-telecom,wuhan-telecom,40.2729,0.0,icmp,1591589880,2020-06-08 04:18:00+00:00
80618639,jinan-telecom,wuhan-telecom,42.2034,0.0,icmp,1591590000,2020-06-08 04:20:00+00:00
80618866,jinan-telecom,wuhan-telecom,39.4442,0.0,icmp,1591590139,2020-06-08 04:22:19+00:00
80619100,jinan-telecom,wuhan-telecom,41.3956,0.0,icmp,1591590240,2020-06-08 04:24:00+00:00
80619331,jinan-telecom,wuhan-telecom,39.4575,0.0,icmp,1591590379,2020-06-08 04:26:19+00:00
80619553,jinan-telecom,wuhan-telecom,40.6208,0.0,icmp,1591590480,2020-06-08 04:28:00+00:00
80619802,jinan-telecom,wuhan-telecom,41.2165,0.0,icmp,1591590600,2020-06-08 04:30:00+00:00
80620026,jinan-telecom,wuhan-telecom,40.9346,0.0,icmp,1591590720,2020-06-08 04:32:00+00:00
80620244,jinan-telecom,wuhan-telecom,40.752,0.0,icmp,1591590840,2020-06-08 04:34:00+00:00
80620472,jinan-telecom,wuhan-telecom,40.0462,0.0,icmp,1591590960,2020-06-08 04:36:00+00:00
80620717,jinan-telecom,wuhan-telecom,40.016,0.0,icmp,1591591080,2020-06-08 04:38:00+00:00
80620925,jinan-telecom,wuhan-telecom,39.5918,0.0,icmp,1591591219,2020-06-08 04:40:19+00:00
80621151,jinan-telecom,wuhan-telecom,39.4113,0.0,icmp,1591591339,2020-06-08 04:42:19+00:00
80621386,jinan-telecom,wuhan-telecom,40.2264,0.0,icmp,1591591440,2020-06-08 04:44:00+00:00
80621633,jinan-telecom,wuhan-telecom,39.4132,0.0,icmp,1591591579,2020-06-08 04:46:19+00:00
80621853,jinan-telecom,wuhan-telecom,40.3159,0.0,icmp,1591591680,2020-06-08 04:48:00+00:00
80622109,jinan-telecom,wuhan-telecom,39.7337,0.0,icmp,1591591800,2020-06-08 04:50:00+00:00
80622314,jinan-telecom,wuhan-telecom,41.0734,0.0,icmp,1591591920,2020-06-08 04:52:00+00:00
80622566,jinan-telecom,wuhan-telecom,40.1206,0.0,icmp,1591592040,2020-06-08 04:54:00+00:00
80622761,jinan-telecom,wuhan-telecom,39.4002,0.0,icmp,1591592179,2020-06-08 04:56:19+00:00
80622986,jinan-telecom,wuhan-telecom,41.6315,0.0,icmp,1591592280,2020-06-08 04:58:00+00:00
80623226,jinan-telecom,wuhan-telecom,41.9836,0.0,icmp,1591592400,2020-06-08 05:00:00+00:00
80623452,jinan-telecom,wuhan-telecom,39.42,0.0,icmp,1591592479,2020-06-08 05:01:19+00:00
80623685,jinan-telecom,wuhan-telecom,39.3939,0.0,icmp,1591592599,2020-06-08 05:03:19+00:00
80623896,jinan-telecom,wuhan-telecom,41.8066,0.0,icmp,1591592760,2020-06-08 05:06:00+00:00
80624146,jinan-telecom,wuhan-telecom,39.4139,0.0,icmp,1591592899,2020-06-08 05:08:19+00:00
80624360,jinan-telecom,wuhan-telecom,40.5109,0.0,icmp,1591593000,2020-06-08 05:10:00+00:00
80624611,jinan-telecom,wuhan-telecom,40.6463,0.0,icmp,1591593120,2020-06-08 05:12:00+00:00
80624816,jinan-telecom,wuhan-telecom,41.2777,0.0,icmp,1591593240,2020-06-08 05:14:00+00:00
80625069,jinan-telecom,wuhan-telecom,40.8516,0.0,icmp,1591593360,2020-06-08 05:16:00+00:00
80625286,jinan-telecom,wuhan-telecom,39.4264,0.0,icmp,1591593499,2020-06-08 05:18:19+00:00
80625514,jinan-telecom,wuhan-telecom,42.077,0.0,icmp,1591593600,2020-06-08 05:20:00+00:00
80625758,jinan-telecom,wuhan-telecom,40.7621,0.0,icmp,1591593720,2020-06-08 05:22:00+00:00
80625975,jinan-telecom,wuhan-telecom,39.6711,0.0,icmp,1591593799,2020-06-08 05:23:19+00:00
80626199,jinan-telecom,wuhan-telecom,39.4815,0.0,icmp,1591593979,2020-06-08 05:26:19+00:00
80626411,jinan-telecom,wuhan-telecom,39.3897,0.0,icmp,1591594099,2020-06-08 05:28:19+00:00
80626646,jinan-telecom,wuhan-telecom,41.3351,0.0,icmp,1591594200,2020-06-08 05:30:00+00:00
80626897,jinan-telecom,wuhan-telecom,40.5475,0.0,icmp,1591594320,2020-06-08 05:32:00+00:00
80627120,jinan-telecom,wuhan-telecom,39.4161,0.0,icmp,1591594459,2020-06-08 05:34:19+00:00
80627353,jinan-telecom,wuhan-telecom,40.523,0.0,icmp,1591594560,2020-06-08 05:36:00+00:00
80627566,jinan-telecom,wuhan-telecom,40.0684,0.0,icmp,1591594680,2020-06-08 05:38:00+00:00
80627798,jinan-telecom,wuhan-telecom,40.2157,0.0,icmp,1591594800,2020-06-08 05:40:00+00:00
80628017,jinan-telecom,wuhan-telecom,41.131,0.0,icmp,1591594920,2020-06-08 05:42:00+00:00
80628252,jinan-telecom,wuhan-telecom,39.4305,0.0,icmp,1591595059,2020-06-08 05:44:19+00:00
80628511,jinan-telecom,wuhan-telecom,41.1213,0.0,icmp,1591595160,2020-06-08 05:46:00+00:00
80628703,jinan-telecom,wuhan-telecom,40.5297,0.0,icmp,1591595280,2020-06-08 05:48:00+00:00
80628955,jinan-telecom,wuhan-telecom,39.4148,0.0,icmp,1591595419,2020-06-08 05:50:19+00:00
80629200,jinan-telecom,wuhan-telecom,42.1073,0.0,icmp,1591595520,2020-06-08 05:52:00+00:00
80629411,jinan-telecom,wuhan-telecom,39.4171,0.0,icmp,1591595659,2020-06-08 05:54:19+00:00
80629635,jinan-telecom,wuhan-telecom,40.1247,0.0,icmp,1591595760,2020-06-08 05:56:00+00:00
80629884,jinan-telecom,wuhan-telecom,39.4555,0.0,icmp,1591595885,2020-06-08 05:58:05+00:00
80630088,jinan-telecom,wuhan-telecom,40.4124,0.0,icmp,1591596000,2020-06-08 06:00:00+00:00
80630323,jinan-telecom,wuhan-telecom,40.9271,0.0,icmp,1591596120,2020-06-08 06:02:00+00:00
80630569,jinan-telecom,wuhan-telecom,40.9751,0.0,icmp,1591596240,2020-06-08 06:04:00+00:00
80630786,jinan-telecom,wuhan-telecom,40.0166,0.0,icmp,1591596360,2020-06-08 06:06:00+00:00
80631026,jinan-telecom,wuhan-telecom,40.0005,0.0,icmp,1591596480,2020-06-08 06:08:00+00:00
80631244,jinan-telecom,wuhan-telecom,40.8753,0.0,icmp,1591596600,2020-06-08 06:10:00+00:00
80631475,jinan-telecom,wuhan-telecom,41.0005,0.0,icmp,1591596720,2020-06-08 06:12:00+00:00
80631708,jinan-telecom,wuhan-telecom,40.8689,0.0,icmp,1591596840,2020-06-08 06:14:00+00:00
80631920,jinan-telecom,wuhan-telecom,42.0376,0.0,icmp,1591596960,2020-06-08 06:16:00+00:00
80632134,jinan-telecom,wuhan-telecom,40.1447,0.0,icmp,1591597080,2020-06-08 06:18:00+00:00
80632383,jinan-telecom,wuhan-telecom,41.2467,0.0,icmp,1591597200,2020-06-08 06:20:00+00:00
80632604,jinan-telecom,wuhan-telecom,39.6029,0.0,icmp,1591597265,2020-06-08 06:21:05+00:00
80632833,jinan-telecom,wuhan-telecom,40.5927,0.0,icmp,1591597440,2020-06-08 06:24:00+00:00
80633067,jinan-telecom,wuhan-telecom,40.5067,0.0,icmp,1591597560,2020-06-08 06:26:00+00:00
80633289,jinan-telecom,wuhan-telecom,40.1849,0.0,icmp,1591597680,2020-06-08 06:28:00+00:00
80633544,jinan-telecom,wuhan-telecom,39.3584,0.0,icmp,1591597759,2020-06-08 06:29:19+00:00
80633769,jinan-telecom,wuhan-telecom,40.2205,0.0,icmp,1591597920,2020-06-08 06:32:00+00:00
80633996,jinan-telecom,wuhan-telecom,39.4226,0.0,icmp,1591597999,2020-06-08 06:33:19+00:00
80634226,jinan-telecom,wuhan-telecom,41.2549,0.0,icmp,1591598160,2020-06-08 06:36:00+00:00
80634444,jinan-telecom,wuhan-telecom,40.3986,0.0,icmp,1591598280,2020-06-08 06:38:00+00:00
80634678,jinan-telecom,wuhan-telecom,39.4114,0.0,icmp,1591598359,2020-06-08 06:39:19+00:00
80634900,jinan-telecom,wuhan-telecom,40.2066,0.0,icmp,1591598520,2020-06-08 06:42:00+00:00
80635133,jinan-telecom,wuhan-telecom,40.2179,0.0,icmp,1591598640,2020-06-08 06:44:00+00:00
80635373,jinan-telecom,wuhan-telecom,40.7056,0.0,icmp,1591598760,2020-06-08 06:46:00+00:00
80635590,jinan-telecom,wuhan-telecom,39.6189,0.0,icmp,1591598880,2020-06-08 06:48:00+00:00
80635832,jinan-telecom,wuhan-telecom,39.5365,0.0,icmp,1591599019,2020-06-08 06:50:19+00:00
80636035,jinan-telecom,wuhan-telecom,39.8179,0.0,icmp,1591599120,2020-06-08 06:52:00+00:00
80636289,jinan-telecom,wuhan-telecom,39.9837,0.0,icmp,1591599240,2020-06-08 06:54:00+00:00
80636506,jinan-telecom,wuhan-telecom,40.7938,0.0,icmp,1591599360,2020-06-08 06:56:00+00:00
80636749,jinan-telecom,wuhan-telecom,40.8254,0.0,icmp,1591599480,2020-06-08 06:58:00+00:00
80636971,jinan-telecom,wuhan-telecom,41.2715,0.0,icmp,1591599600,2020-06-08 07:00:00+00:00
80637182,jinan-telecom,wuhan-telecom,41.5052,0.0,icmp,1591599720,2020-06-08 07:02:00+00:00
80637429,jinan-telecom,wuhan-telecom,39.3877,0.0,icmp,1591599799,2020-06-08 07:03:19+00:00
80637669,jinan-telecom,wuhan-telecom,42.7742,0.0,icmp,1591599960,2020-06-08 07:06:00+00:00
80637872,jinan-telecom,wuhan-telecom,39.4634,0.0,icmp,1591600039,2020-06-08 07:07:19+00:00
80638110,jinan-telecom,wuhan-telecom,41.156,0.0,icmp,1591600200,2020-06-08 07:10:00+00:00
80638328,jinan-telecom,wuhan-telecom,41.257,0.0,icmp,1591600320,2020-06-08 07:12:00+00:00
80638574,jinan-telecom,wuhan-telecom,39.3767,0.0,icmp,1591600399,2020-06-08 07:13:19+00:00
80638804,jinan-telecom,wuhan-telecom,40.0819,0.0,icmp,1591600560,2020-06-08 07:16:00+00:00
80639031,jinan-telecom,wuhan-telecom,40.2155,0.0,icmp,1591600680,2020-06-08 07:18:00+00:00
80639249,jinan-telecom,wuhan-telecom,40.4811,0.0,icmp,1591600800,2020-06-08 07:20:00+00:00
80639482,jinan-telecom,wuhan-telecom,41.2425,0.0,icmp,1591600920,2020-06-08 07:22:00+00:00
80639697,jinan-telecom,wuhan-telecom,39.4248,0.0,icmp,1591600999,2020-06-08 07:23:19+00:00
80639950,jinan-telecom,wuhan-telecom,39.5011,0.0,icmp,1591601119,2020-06-08 07:25:19+00:00
80640160,jinan-telecom,wuhan-telecom,40.3794,0.0,icmp,1591601280,2020-06-08 07:28:00+00:00
80640387,jinan-telecom,wuhan-telecom,40.3045,0.0,icmp,1591601400,2020-06-08 07:30:00+00:00
80640614,jinan-telecom,wuhan-telecom,40.5271,0.0,icmp,1591601520,2020-06-08 07:32:00+00:00
80640873,jinan-telecom,wuhan-telecom,39.4536,0.0,icmp,1591601659,2020-06-08 07:34:19+00:00
80641084,jinan-telecom,wuhan-telecom,42.2271,0.0,icmp,1591601760,2020-06-08 07:36:00+00:00
80641323,jinan-telecom,wuhan-telecom,39.3997,0.0,icmp,1591601839,2020-06-08 07:37:19+00:00
80641544,jinan-telecom,wuhan-telecom,40.6681,0.0,icmp,1591602000,2020-06-08 07:40:00+00:00
80641776,jinan-telecom,wuhan-telecom,40.1189,0.0,icmp,1591602120,2020-06-08 07:42:00+00:00
80642018,jinan-telecom,wuhan-telecom,41.5589,0.0,icmp,1591602240,2020-06-08 07:44:00+00:00
80642246,jinan-telecom,wuhan-telecom,41.4877,0.0,icmp,1591602360,2020-06-08 07:46:00+00:00
80642465,jinan-telecom,wuhan-telecom,40.3384,0.0,icmp,1591602480,2020-06-08 07:48:00+00:00
80642711,jinan-telecom,wuhan-telecom,40.3013,0.0,icmp,1591602600,2020-06-08 07:50:00+00:00
80642907,jinan-telecom,wuhan-telecom,39.8945,0.0,icmp,1591602724,2020-06-08 07:52:04+00:00
80643151,jinan-telecom,wuhan-telecom,39.4872,0.0,icmp,1591602840,2020-06-08 07:54:00+00:00
80643370,jinan-telecom,wuhan-telecom,39.4192,0.0,icmp,1591602979,2020-06-08 07:56:19+00:00
80643608,jinan-telecom,wuhan-telecom,39.3718,0.0,icmp,1591603099,2020-06-08 07:58:19+00:00
80643848,jinan-telecom,wuhan-telecom,40.6793,0.0,icmp,1591603200,2020-06-08 08:00:00+00:00
80644056,jinan-telecom,wuhan-telecom,41.5809,0.0,icmp,1591603320,2020-06-08 08:02:00+00:00
80644302,jinan-telecom,wuhan-telecom,40.7399,0.0,icmp,1591603440,2020-06-08 08:04:00+00:00
80644517,jinan-telecom,wuhan-telecom,40.3653,0.0,icmp,1591603560,2020-06-08 08:06:00+00:00
80644738,jinan-telecom,wuhan-telecom,39.9696,0.0,icmp,1591603680,2020-06-08 08:08:00+00:00
80644979,jinan-telecom,wuhan-telecom,41.6304,0.0,icmp,1591603800,2020-06-08 08:10:00+00:00
80645222,jinan-telecom,wuhan-telecom,39.3864,0.0,icmp,1591603939,2020-06-08 08:12:19+00:00
80645458,jinan-telecom,wuhan-telecom,41.1969,0.0,icmp,1591604040,2020-06-08 08:14:00+00:00
80645659,jinan-telecom,wuhan-telecom,40.5068,0.0,icmp,1591604160,2020-06-08 08:16:00+00:00
80645898,jinan-telecom,wuhan-telecom,39.3775,0.0,icmp,1591604299,2020-06-08 08:18:19+00:00
80646138,jinan-telecom,wuhan-telecom,39.4668,0.0,icmp,1591604419,2020-06-08 08:20:19+00:00
80646352,jinan-telecom,wuhan-telecom,40.3592,0.0,icmp,1591604520,2020-06-08 08:22:00+00:00
80646597,jinan-telecom,wuhan-telecom,39.4332,0.0,icmp,1591604659,2020-06-08 08:24:19+00:00
80646808,jinan-telecom,wuhan-telecom,40.6913,0.0,icmp,1591604760,2020-06-08 08:26:00+00:00
80647059,jinan-telecom,wuhan-telecom,39.3874,0.0,icmp,1591604839,2020-06-08 08:27:19+00:00
80647304,jinan-telecom,wuhan-telecom,39.4395,0.0,icmp,1591604959,2020-06-08 08:29:19+00:00
80647491,jinan-telecom,wuhan-telecom,39.9528,0.0,icmp,1591605120,2020-06-08 08:32:00+00:00
80647719,jinan-telecom,wuhan-telecom,39.9115,0.0,icmp,1591605240,2020-06-08 08:34:00+00:00
80647957,jinan-telecom,wuhan-telecom,39.3957,0.0,icmp,1591605379,2020-06-08 08:36:19+00:00
80648197,jinan-telecom,wuhan-telecom,39.6829,0.0,icmp,1591605480,2020-06-08 08:38:00+00:00
80648427,jinan-telecom,wuhan-telecom,41.0671,0.0,icmp,1591605600,2020-06-08 08:40:00+00:00
80648638,jinan-telecom,wuhan-telecom,39.458,0.0,icmp,1591605739,2020-06-08 08:42:19+00:00
80648887,jinan-telecom,wuhan-telecom,40.4439,0.0,icmp,1591605840,2020-06-08 08:44:00+00:00
80649103,jinan-telecom,wuhan-telecom,41.9965,0.0,icmp,1591605960,2020-06-08 08:46:00+00:00
80649335,jinan-telecom,wuhan-telecom,39.467,0.0,icmp,1591606099,2020-06-08 08:48:19+00:00
80649566,jinan-telecom,wuhan-telecom,41.7952,0.0,icmp,1591606200,2020-06-08 08:50:00+00:00
80649790,jinan-telecom,wuhan-telecom,40.9393,0.0,icmp,1591606320,2020-06-08 08:52:00+00:00
80650014,jinan-telecom,wuhan-telecom,40.7451,0.0,icmp,1591606440,2020-06-08 08:54:00+00:00
80650255,jinan-telecom,wuhan-telecom,41.2276,0.0,icmp,1591606560,2020-06-08 08:56:00+00:00
80650479,jinan-telecom,wuhan-telecom,41.3402,0.0,icmp,1591606680,2020-06-08 08:58:00+00:00
80650705,jinan-telecom,wuhan-telecom,40.8561,0.0,icmp,1591606800,2020-06-08 09:00:00+00:00
80650925,jinan-telecom,wuhan-telecom,40.6996,0.0,icmp,1591606920,2020-06-08 09:02:00+00:00
80651155,jinan-telecom,wuhan-telecom,39.3947,0.0,icmp,1591606999,2020-06-08 09:03:19+00:00
80651392,jinan-telecom,wuhan-telecom,40.4322,0.0,icmp,1591607160,2020-06-08 09:06:00+00:00
80651612,jinan-telecom,wuhan-telecom,39.3865,0.0,icmp,1591607239,2020-06-08 09:07:19+00:00
80651841,jinan-telecom,wuhan-telecom,40.2032,0.0,icmp,1591607400,2020-06-08 09:10:00+00:00
80652070,jinan-telecom,wuhan-telecom,42.0333,0.0,icmp,1591607520,2020-06-08 09:12:00+00:00
80652305,jinan-telecom,wuhan-telecom,39.4158,0.0,icmp,1591607599,2020-06-08 09:13:19+00:00
80652537,jinan-telecom,wuhan-telecom,41.5567,0.0,icmp,1591607760,2020-06-08 09:16:00+00:00
80652752,jinan-telecom,wuhan-telecom,40.8675,0.0,icmp,1591607880,2020-06-08 09:18:00+00:00
80652987,jinan-telecom,wuhan-telecom,39.9664,0.0,icmp,1591608000,2020-06-08 09:20:00+00:00
80653228,jinan-telecom,wuhan-telecom,41.7661,0.0,icmp,1591608120,2020-06-08 09:22:00+00:00
80653466,jinan-telecom,wuhan-telecom,41.5678,0.0,icmp,1591608240,2020-06-08 09:24:00+00:00
80653670,jinan-telecom,wuhan-telecom,40.6869,0.0,icmp,1591608360,2020-06-08 09:26:00+00:00
80653908,jinan-telecom,wuhan-telecom,40.2023,0.0,icmp,1591608480,2020-06-08 09:28:00+00:00
80654140,jinan-telecom,wuhan-telecom,40.9928,0.0,icmp,1591608600,2020-06-08 09:30:00+00:00
80654379,jinan-telecom,wuhan-telecom,39.8819,0.0,icmp,1591608720,2020-06-08 09:32:00+00:00
80654596,jinan-telecom,wuhan-telecom,39.3647,0.0,icmp,1591608859,2020-06-08 09:34:19+00:00
80654831,jinan-telecom,wuhan-telecom,40.3932,0.0,icmp,1591608960,2020-06-08 09:36:00+00:00
80655047,jinan-telecom,wuhan-telecom,39.9724,0.0,icmp,1591609080,2020-06-08 09:38:00+00:00
80655287,jinan-telecom,wuhan-telecom,39.7629,0.0,icmp,1591609200,2020-06-08 09:40:00+00:00
80655520,jinan-telecom,wuhan-telecom,41.0665,0.0,icmp,1591609320,2020-06-08 09:42:00+00:00
80655743,jinan-telecom,wuhan-telecom,40.3961,0.0,icmp,1591609440,2020-06-08 09:44:00+00:00
80655978,jinan-telecom,wuhan-telecom,42.1507,0.0,icmp,1591609560,2020-06-08 09:46:00+00:00
80656215,jinan-telecom,wuhan-telecom,42.1934,0.0,icmp,1591609680,2020-06-08 09:48:00+00:00
80656434,jinan-telecom,wuhan-telecom,40.5606,0.0,icmp,1591609800,2020-06-08 09:50:00+00:00
80656647,jinan-telecom,wuhan-telecom,40.4583,0.0,icmp,1591609920,2020-06-08 09:52:00+00:00
80656896,jinan-telecom,wuhan-telecom,40.8541,0.0,icmp,1591610040,2020-06-08 09:54:00+00:00
80657126,jinan-telecom,wuhan-telecom,40.974,0.0,icmp,1591610160,2020-06-08 09:56:00+00:00
80657341,jinan-telecom,wuhan-telecom,39.427,0.0,icmp,1591610239,2020-06-08 09:57:19+00:00
80657592,jinan-telecom,wuhan-telecom,42.4441,0.0,icmp,1591610400,2020-06-08 10:00:00+00:00
80657783,jinan-telecom,wuhan-telecom,39.3969,0.0,icmp,1591610479,2020-06-08 10:01:19+00:00
80658035,jinan-telecom,wuhan-telecom,40.7742,0.0,icmp,1591610640,2020-06-08 10:04:00+00:00
80658251,jinan-telecom,wuhan-telecom,40.8719,0.0,icmp,1591610760,2020-06-08 10:06:00+00:00
80658494,jinan-telecom,wuhan-telecom,39.4512,0.0,icmp,1591610839,2020-06-08 10:07:19+00:00
80658722,jinan-telecom,wuhan-telecom,39.3612,0.0,icmp,1591611019,2020-06-08 10:10:19+00:00
80658934,jinan-telecom,wuhan-telecom,40.2319,0.0,icmp,1591611120,2020-06-08 10:12:00+00:00
80659165,jinan-telecom,wuhan-telecom,40.2501,0.0,icmp,1591611240,2020-06-08 10:14:00+00:00
80659392,jinan-telecom,wuhan-telecom,40.1495,0.0,icmp,1591611360,2020-06-08 10:16:00+00:00
80659651,jinan-telecom,wuhan-telecom,41.7761,0.0,icmp,1591611480,2020-06-08 10:18:00+00:00
80659865,jinan-telecom,wuhan-telecom,39.4698,0.0,icmp,1591611559,2020-06-08 10:19:19+00:00
80660102,jinan-telecom,wuhan-telecom,41.6369,0.0,icmp,1591611720,2020-06-08 10:22:00+00:00
80660323,jinan-telecom,wuhan-telecom,39.4495,0.0,icmp,1591611799,2020-06-08 10:23:19+00:00
80660544,jinan-telecom,wuhan-telecom,41.3051,0.0,icmp,1591611960,2020-06-08 10:26:00+00:00
80660778,jinan-telecom,wuhan-telecom,39.3692,0.0,icmp,1591612099,2020-06-08 10:28:19+00:00
80661005,jinan-telecom,wuhan-telecom,40.2691,0.0,icmp,1591612200,2020-06-08 10:30:00+00:00
80661235,jinan-telecom,wuhan-telecom,40.6337,0.0,icmp,1591612320,2020-06-08 10:32:00+00:00
80661469,jinan-telecom,wuhan-telecom,40.627,0.0,icmp,1591612440,2020-06-08 10:34:00+00:00
80661695,jinan-telecom,wuhan-telecom,42.0813,0.0,icmp,1591612560,2020-06-08 10:36:00+00:00
80661926,jinan-telecom,wuhan-telecom,40.1525,0.0,icmp,1591612680,2020-06-08 10:38:00+00:00
80662125,jinan-telecom,wuhan-telecom,41.6273,0.0,icmp,1591612800,2020-06-08 10:40:00+00:00
80662399,jinan-telecom,wuhan-telecom,40.0395,0.0,icmp,1591612920,2020-06-08 10:42:00+00:00
80662609,jinan-telecom,wuhan-telecom,41.1413,0.0,icmp,1591613040,2020-06-08 10:44:00+00:00
80662856,jinan-telecom,wuhan-telecom,41.016,0.0,icmp,1591613160,2020-06-08 10:46:00+00:00
80663068,jinan-telecom,wuhan-telecom,41.0727,0.0,icmp,1591613280,2020-06-08 10:48:00+00:00
80663314,jinan-telecom,wuhan-telecom,39.434,0.0,icmp,1591613359,2020-06-08 10:49:19+00:00
80663516,jinan-telecom,wuhan-telecom,41.3148,0.0,icmp,1591613520,2020-06-08 10:52:00+00:00
80663742,jinan-telecom,wuhan-telecom,41.4592,0.0,icmp,1591613640,2020-06-08 10:54:00+00:00
80663983,jinan-telecom,wuhan-telecom,40.8871,0.0,icmp,1591613760,2020-06-08 10:56:00+00:00
80664207,jinan-telecom,wuhan-telecom,41.6675,0.0,icmp,1591613880,2020-06-08 10:58:00+00:00
80664448,jinan-telecom,wuhan-telecom,41.5784,0.0,icmp,1591614000,2020-06-08 11:00:00+00:00
80664670,jinan-telecom,wuhan-telecom,42.1928,0.0,icmp,1591614120,2020-06-08 11:02:00+00:00
80664904,jinan-telecom,wuhan-telecom,40.7141,0.0,icmp,1591614240,2020-06-08 11:04:00+00:00
80665134,jinan-telecom,wuhan-telecom,39.7443,0.0,icmp,1591614360,2020-06-08 11:06:00+00:00
80665378,jinan-telecom,wuhan-telecom,40.5411,0.0,icmp,1591614480,2020-06-08 11:08:00+00:00
80665609,jinan-telecom,wuhan-telecom,42.0124,0.0,icmp,1591614600,2020-06-08 11:10:00+00:00
80665827,jinan-telecom,wuhan-telecom,41.3353,0.0,icmp,1591614720,2020-06-08 11:12:00+00:00
80666054,jinan-telecom,wuhan-telecom,41.3414,0.0,icmp,1591614840,2020-06-08 11:14:00+00:00
80666290,jinan-telecom,wuhan-telecom,40.6702,0.0,icmp,1591614960,2020-06-08 11:16:00+00:00
80666507,jinan-telecom,wuhan-telecom,40.5737,0.0,icmp,1591615080,2020-06-08 11:18:00+00:00
80666726,jinan-telecom,wuhan-telecom,41.1287,0.0,icmp,1591615200,2020-06-08 11:20:00+00:00
80666980,jinan-telecom,wuhan-telecom,39.8496,0.0,icmp,1591615320,2020-06-08 11:22:00+00:00
80667211,jinan-telecom,wuhan-telecom,41.1801,0.0,icmp,1591615440,2020-06-08 11:24:00+00:00
80667437,jinan-telecom,wuhan-telecom,39.8859,0.0,icmp,1591615560,2020-06-08 11:26:00+00:00
80667648,jinan-telecom,wuhan-telecom,41.369,0.0,icmp,1591615680,2020-06-08 11:28:00+00:00
80667881,jinan-telecom,wuhan-telecom,39.6928,0.0,icmp,1591615800,2020-06-08 11:30:00+00:00
80668108,jinan-telecom,wuhan-telecom,40.1269,0.0,icmp,1591615920,2020-06-08 11:32:00+00:00
80668344,jinan-telecom,wuhan-telecom,40.1682,0.0,icmp,1591616040,2020-06-08 11:34:00+00:00
80668564,jinan-telecom,wuhan-telecom,39.4569,0.0,icmp,1591616119,2020-06-08 11:35:19+00:00
80668801,jinan-telecom,wuhan-telecom,41.5673,0.0,icmp,1591616280,2020-06-08 11:38:00+00:00
80669057,jinan-telecom,wuhan-telecom,41.0725,0.0,icmp,1591616400,2020-06-08 11:40:00+00:00
80669268,jinan-telecom,wuhan-telecom,42.8321,0.0,icmp,1591616520,2020-06-08 11:42:00+00:00
80669470,jinan-telecom,wuhan-telecom,40.6378,0.0,icmp,1591616640,2020-06-08 11:44:00+00:00
80669723,jinan-telecom,wuhan-telecom,42.01,0.0,icmp,1591616760,2020-06-08 11:46:00+00:00
80669929,jinan-telecom,wuhan-telecom,41.3134,0.0,icmp,1591616880,2020-06-08 11:48:00+00:00
80670178,jinan-telecom,wuhan-telecom,40.7345,0.0,icmp,1591617000,2020-06-08 11:50:00+00:00
80670403,jinan-telecom,wuhan-telecom,39.4433,0.0,icmp,1591617079,2020-06-08 11:51:19+00:00
80670624,jinan-telecom,wuhan-telecom,39.9402,0.0,icmp,1591617240,2020-06-08 11:54:00+00:00
80670864,jinan-telecom,wuhan-telecom,39.3766,0.0,icmp,1591617379,2020-06-08 11:56:19+00:00
80671096,jinan-telecom,wuhan-telecom,41.7705,0.0,icmp,1591617480,2020-06-08 11:58:00+00:00
80671308,jinan-telecom,wuhan-telecom,40.5318,0.0,icmp,1591617600,2020-06-08 12:00:00+00:00
80671547,jinan-telecom,wuhan-telecom,39.4498,0.0,icmp,1591617679,2020-06-08 12:01:19+00:00
80671776,jinan-telecom,wuhan-telecom,40.3336,0.0,icmp,1591617840,2020-06-08 12:04:00+00:00
80672007,jinan-telecom,wuhan-telecom,40.1581,0.0,icmp,1591617960,2020-06-08 12:06:00+00:00
80672230,jinan-telecom,wuhan-telecom,40.3531,0.0,icmp,1591618080,2020-06-08 12:08:00+00:00
80672451,jinan-telecom,wuhan-telecom,42.047,0.0,icmp,1591618200,2020-06-08 12:10:00+00:00
80672695,jinan-telecom,wuhan-telecom,40.1335,0.0,icmp,1591618320,2020-06-08 12:12:00+00:00
80672926,jinan-telecom,wuhan-telecom,42.1911,0.0,icmp,1591618440,2020-06-08 12:14:00+00:00
80673153,jinan-telecom,wuhan-telecom,40.5908,0.0,icmp,1591618560,2020-06-08 12:16:00+00:00
80673360,jinan-telecom,wuhan-telecom,41.1672,0.0,icmp,1591618680,2020-06-08 12:18:00+00:00
80673601,jinan-telecom,wuhan-telecom,40.3345,0.0,icmp,1591618800,2020-06-08 12:20:00+00:00
80673838,jinan-telecom,wuhan-telecom,40.4244,0.0,icmp,1591618920,2020-06-08 12:22:00+00:00
80674068,jinan-telecom,wuhan-telecom,39.4129,0.0,icmp,1591618999,2020-06-08 12:23:19+00:00
80674286,jinan-telecom,wuhan-telecom,42.5421,0.0,icmp,1591619160,2020-06-08 12:26:00+00:00
80674523,jinan-telecom,wuhan-telecom,39.6186,0.0,icmp,1591619280,2020-06-08 12:28:00+00:00
80674751,jinan-telecom,wuhan-telecom,39.3818,0.0,icmp,1591619419,2020-06-08 12:30:19+00:00
80674978,jinan-telecom,wuhan-telecom,40.3485,0.0,icmp,1591619520,2020-06-08 12:32:00+00:00
80675205,jinan-telecom,wuhan-telecom,39.6051,0.0,icmp,1591619584,2020-06-08 12:33:04+00:00
80675426,jinan-telecom,wuhan-telecom,41.1569,0.0,icmp,1591619760,2020-06-08 12:36:00+00:00
80675645,jinan-telecom,wuhan-telecom,39.4761,0.0,icmp,1591619839,2020-06-08 12:37:19+00:00
80675885,jinan-telecom,wuhan-telecom,39.4248,0.0,icmp,1591619959,2020-06-08 12:39:19+00:00
80676133,jinan-telecom,wuhan-telecom,40.1559,0.0,icmp,1591620120,2020-06-08 12:42:00+00:00
80676355,jinan-telecom,wuhan-telecom,40.3575,0.0,icmp,1591620240,2020-06-08 12:44:00+00:00
80676568,jinan-telecom,wuhan-telecom,41.0712,0.0,icmp,1591620360,2020-06-08 12:46:00+00:00
80676807,jinan-telecom,wuhan-telecom,39.4304,0.0,icmp,1591620499,2020-06-08 12:48:19+00:00
80677044,jinan-telecom,wuhan-telecom,40.0952,0.0,icmp,1591620600,2020-06-08 12:50:00+00:00
80677253,jinan-telecom,wuhan-telecom,39.4028,0.0,icmp,1591620679,2020-06-08 12:51:19+00:00
80677513,jinan-telecom,wuhan-telecom,44.2048,0.0,icmp,1591620840,2020-06-08 12:54:00+00:00
80677722,jinan-telecom,wuhan-telecom,40.3566,0.0,icmp,1591620960,2020-06-08 12:56:00+00:00
80811672,jinan-telecom,wuhan-telecom,39.4107,0.0,icmp,1591682839,2020-06-09 06:07:19+00:00
80811895,jinan-telecom,wuhan-telecom,42.4081,0.0,icmp,1591682940,2020-06-09 06:09:00+00:00
80812111,jinan-telecom,wuhan-telecom,41.5108,0.0,icmp,1591683060,2020-06-09 06:11:00+00:00
80812343,jinan-telecom,wuhan-telecom,42.496,0.0,icmp,1591683180,2020-06-09 06:13:00+00:00
80812563,jinan-telecom,wuhan-telecom,45.7656,0.0,icmp,1591683300,2020-06-09 06:15:00+00:00
80812757,jinan-telecom,wuhan-telecom,43.3268,0.0,icmp,1591683420,2020-06-09 06:17:00+00:00
80812987,jinan-telecom,wuhan-telecom,43.2202,0.0,icmp,1591683540,2020-06-09 06:19:00+00:00
80813203,jinan-telecom,wuhan-telecom,39.4431,0.0,icmp,1591683619,2020-06-09 06:20:19+00:00
80813431,jinan-telecom,wuhan-telecom,39.3211,0.0,icmp,1591683799,2020-06-09 06:23:19+00:00
80813645,jinan-telecom,wuhan-telecom,45.6252,0.0,icmp,1591683900,2020-06-09 06:25:00+00:00
80813876,jinan-telecom,wuhan-telecom,45.3554,0.0,icmp,1591684020,2020-06-09 06:27:00+00:00
80814111,jinan-telecom,wuhan-telecom,45.9243,0.0,icmp,1591684140,2020-06-09 06:29:00+00:00
80814307,jinan-telecom,wuhan-telecom,44.9542,0.0,icmp,1591684260,2020-06-09 06:31:00+00:00
80814550,jinan-telecom,wuhan-telecom,45.8003,0.0,icmp,1591684380,2020-06-09 06:33:00+00:00
80814790,jinan-telecom,wuhan-telecom,47.3563,0.0,icmp,1591684500,2020-06-09 06:35:00+00:00
80815017,jinan-telecom,wuhan-telecom,45.4187,0.0,icmp,1591684620,2020-06-09 06:37:00+00:00
80815251,jinan-telecom,wuhan-telecom,48.2076,0.0,icmp,1591684740,2020-06-09 06:39:00+00:00
80815471,jinan-telecom,wuhan-telecom,48.9135,0.0,icmp,1591684860,2020-06-09 06:41:00+00:00
80815703,jinan-telecom,wuhan-telecom,48.1144,0.0,icmp,1591684980,2020-06-09 06:43:00+00:00
80815941,jinan-telecom,wuhan-telecom,49.4942,0.0,icmp,1591685100,2020-06-09 06:45:00+00:00
80816162,jinan-telecom,wuhan-telecom,47.2186,0.0,icmp,1591685220,2020-06-09 06:47:00+00:00
80816389,jinan-telecom,wuhan-telecom,39.3257,0.0,icmp,1591685299,2020-06-09 06:48:19+00:00
80816626,jinan-telecom,wuhan-telecom,39.4389,0.0,icmp,1591685464,2020-06-09 06:51:04+00:00
80816856,jinan-telecom,wuhan-telecom,45.8536,0.0,icmp,1591685580,2020-06-09 06:53:00+00:00
80817082,jinan-telecom,wuhan-telecom,39.3978,0.0,icmp,1591685719,2020-06-09 06:55:19+00:00
80817302,jinan-telecom,wuhan-telecom,47.2286,0.0,icmp,1591685820,2020-06-09 06:57:00+00:00
80817538,jinan-telecom,wuhan-telecom,48.5998,0.0,icmp,1591685940,2020-06-09 06:59:00+00:00
80817754,jinan-telecom,wuhan-telecom,47.3299,0.0,icmp,1591686060,2020-06-09 07:01:00+00:00
80817974,jinan-telecom,wuhan-telecom,46.5447,0.0,icmp,1591686180,2020-06-09 07:03:00+00:00
80818225,jinan-telecom,wuhan-telecom,48.5717,0.0,icmp,1591686300,2020-06-09 07:05:00+00:00
80818457,jinan-telecom,wuhan-telecom,42.2607,0.0,icmp,1591686420,2020-06-09 07:07:00+00:00
80818671,jinan-telecom,wuhan-telecom,39.3334,0.0,icmp,1591686499,2020-06-09 07:08:19+00:00
80818896,jinan-telecom,wuhan-telecom,48.8953,0.0,icmp,1591686660,2020-06-09 07:11:00+00:00
80819117,jinan-telecom,wuhan-telecom,48.8201,0.0,icmp,1591686780,2020-06-09 07:13:00+00:00
80819371,jinan-telecom,wuhan-telecom,45.0036,0.0,icmp,1591686900,2020-06-09 07:15:00+00:00
80819609,jinan-telecom,wuhan-telecom,44.7851,0.0,icmp,1591687020,2020-06-09 07:17:00+00:00
80819827,jinan-telecom,wuhan-telecom,46.542,0.0,icmp,1591687140,2020-06-09 07:19:00+00:00
80820052,jinan-telecom,wuhan-telecom,40.9797,0.0,icmp,1591687260,2020-06-09 07:21:00+00:00
80820272,jinan-telecom,wuhan-telecom,45.9106,0.0,icmp,1591687380,2020-06-09 07:23:00+00:00
80820511,jinan-telecom,wuhan-telecom,45.335,0.0,icmp,1591687500,2020-06-09 07:25:00+00:00
80820736,jinan-telecom,wuhan-telecom,47.9576,0.0,icmp,1591687620,2020-06-09 07:27:00+00:00
80820971,jinan-telecom,wuhan-telecom,39.3762,0.0,icmp,1591687759,2020-06-09 07:29:19+00:00
80821206,jinan-telecom,wuhan-telecom,39.4289,0.0,icmp,1591687879,2020-06-09 07:31:19+00:00
80821423,jinan-telecom,wuhan-telecom,46.3238,0.0,icmp,1591687980,2020-06-09 07:33:00+00:00
80821676,jinan-telecom,wuhan-telecom,45.7297,0.0,icmp,1591688100,2020-06-09 07:35:00+00:00
80821872,jinan-telecom,wuhan-telecom,49.0107,0.0,icmp,1591688220,2020-06-09 07:37:00+00:00
80822097,jinan-telecom,wuhan-telecom,48.0822,0.0,icmp,1591688340,2020-06-09 07:39:00+00:00
80822350,jinan-telecom,wuhan-telecom,47.1055,0.0,icmp,1591688460,2020-06-09 07:41:00+00:00
80822581,jinan-telecom,wuhan-telecom,39.3861,0.0,icmp,1591688539,2020-06-09 07:42:19+00:00
80822812,jinan-telecom,wuhan-telecom,44.923,0.0,icmp,1591688700,2020-06-09 07:45:00+00:00
80823054,jinan-telecom,wuhan-telecom,46.8732,0.0,icmp,1591688820,2020-06-09 07:47:00+00:00
80823262,jinan-telecom,wuhan-telecom,47.4202,0.0,icmp,1591688940,2020-06-09 07:49:00+00:00
80823491,jinan-telecom,wuhan-telecom,50.5542,0.0,icmp,1591689060,2020-06-09 07:51:00+00:00
80823730,jinan-telecom,wuhan-telecom,39.3851,0.0,icmp,1591689139,2020-06-09 07:52:19+00:00
80823949,jinan-telecom,wuhan-telecom,47.7116,0.0,icmp,1591689300,2020-06-09 07:55:00+00:00
80824173,jinan-telecom,wuhan-telecom,46.0032,0.0,icmp,1591689420,2020-06-09 07:57:00+00:00
80824399,jinan-telecom,wuhan-telecom,48.0759,0.0,icmp,1591689540,2020-06-09 07:59:00+00:00
80824624,jinan-telecom,wuhan-telecom,47.9155,0.0,icmp,1591689660,2020-06-09 08:01:00+00:00
80824870,jinan-telecom,wuhan-telecom,47.4494,0.0,icmp,1591689780,2020-06-09 08:03:00+00:00
80825086,jinan-telecom,wuhan-telecom,45.1436,0.0,icmp,1591689900,2020-06-09 08:05:00+00:00
80825318,jinan-telecom,wuhan-telecom,48.4114,0.0,icmp,1591690020,2020-06-09 08:07:00+00:00
80825545,jinan-telecom,wuhan-telecom,45.6782,0.0,icmp,1591690140,2020-06-09 08:09:00+00:00
80825784,jinan-telecom,wuhan-telecom,51.6374,0.0,icmp,1591690260,2020-06-09 08:11:00+00:00
80826053,jinan-telecom,wuhan-telecom,46.073,0.0,icmp,1591690380,2020-06-09 08:13:00+00:00
80826249,jinan-telecom,wuhan-telecom,46.6888,0.0,icmp,1591690500,2020-06-09 08:15:00+00:00
80826476,jinan-telecom,wuhan-telecom,39.3536,0.0,icmp,1591690579,2020-06-09 08:16:19+00:00
80826688,jinan-telecom,wuhan-telecom,48.9549,0.0,icmp,1591690740,2020-06-09 08:19:00+00:00
80826922,jinan-telecom,wuhan-telecom,39.4161,0.0,icmp,1591690819,2020-06-09 08:20:19+00:00
80827161,jinan-telecom,wuhan-telecom,46.8739,0.0,icmp,1591690980,2020-06-09 08:23:00+00:00
80827383,jinan-telecom,wuhan-telecom,39.4064,0.0,icmp,1591691059,2020-06-09 08:24:19+00:00
80827626,jinan-telecom,wuhan-telecom,46.3804,0.0,icmp,1591691220,2020-06-09 08:27:00+00:00
80827834,jinan-telecom,wuhan-telecom,48.1018,0.0,icmp,1591691340,2020-06-09 08:29:00+00:00
80828045,jinan-telecom,wuhan-telecom,45.0667,0.0,icmp,1591691460,2020-06-09 08:31:00+00:00
80828303,jinan-telecom,wuhan-telecom,39.3879,0.0,icmp,1591691599,2020-06-09 08:33:19+00:00
80828533,jinan-telecom,wuhan-telecom,45.9481,0.0,icmp,1591691700,2020-06-09 08:35:00+00:00
80828751,jinan-telecom,wuhan-telecom,39.3391,0.0,icmp,1591691779,2020-06-09 08:36:19+00:00
80828986,jinan-telecom,wuhan-telecom,47.9625,0.0,icmp,1591691940,2020-06-09 08:39:00+00:00
80829203,jinan-telecom,wuhan-telecom,46.5608,0.0,icmp,1591692060,2020-06-09 08:41:00+00:00
80829436,jinan-telecom,wuhan-telecom,47.4279,0.0,icmp,1591692180,2020-06-09 08:43:00+00:00
80829657,jinan-telecom,wuhan-telecom,48.7365,0.0,icmp,1591692300,2020-06-09 08:45:00+00:00
80829888,jinan-telecom,wuhan-telecom,48.965,0.0,icmp,1591692420,2020-06-09 08:47:00+00:00
80830139,jinan-telecom,wuhan-telecom,39.5405,0.0,icmp,1591692559,2020-06-09 08:49:19+00:00
80830357,jinan-telecom,wuhan-telecom,48.1272,0.0,icmp,1591692660,2020-06-09 08:51:00+00:00
80830592,jinan-telecom,wuhan-telecom,39.3737,0.0,icmp,1591692739,2020-06-09 08:52:19+00:00
80830830,jinan-telecom,wuhan-telecom,48.4418,0.0,icmp,1591692900,2020-06-09 08:55:00+00:00
80831043,jinan-telecom,wuhan-telecom,46.2103,0.0,icmp,1591693020,2020-06-09 08:57:00+00:00
80831273,jinan-telecom,wuhan-telecom,47.6896,0.0,icmp,1591693140,2020-06-09 08:59:00+00:00
80831504,jinan-telecom,wuhan-telecom,39.4888,0.0,icmp,1591693205,2020-06-09 09:00:05+00:00
80831708,jinan-telecom,wuhan-telecom,47.5256,0.0,icmp,1591693380,2020-06-09 09:03:00+00:00
80831992,jinan-telecom,wuhan-telecom,46.6972,0.0,icmp,1591693500,2020-06-09 09:05:00+00:00
80832174,jinan-telecom,wuhan-telecom,47.3064,0.0,icmp,1591693620,2020-06-09 09:07:00+00:00
80832399,jinan-telecom,wuhan-telecom,48.6612,0.0,icmp,1591693740,2020-06-09 09:09:00+00:00
80832646,jinan-telecom,wuhan-telecom,50.8831,0.0,icmp,1591693860,2020-06-09 09:11:00+00:00
80832871,jinan-telecom,wuhan-telecom,39.3842,0.0,icmp,1591693939,2020-06-09 09:12:19+00:00
80833114,jinan-telecom,wuhan-telecom,39.7798,0.0,icmp,1591694059,2020-06-09 09:14:19+00:00
80833339,jinan-telecom,wuhan-telecom,48.7891,0.0,icmp,1591694220,2020-06-09 09:17:00+00:00
80833564,jinan-telecom,wuhan-telecom,49.3777,0.0,icmp,1591694340,2020-06-09 09:19:00+00:00
80833785,jinan-telecom,wuhan-telecom,50.9137,0.0,icmp,1591694460,2020-06-09 09:21:00+00:00
80834006,jinan-telecom,wuhan-telecom,39.4799,0.0,icmp,1591694584,2020-06-09 09:23:04+00:00
80834258,jinan-telecom,wuhan-telecom,47.3004,0.0,icmp,1591694700,2020-06-09 09:25:00+00:00
80834485,jinan-telecom,wuhan-telecom,39.3527,0.0,icmp,1591694839,2020-06-09 09:27:19+00:00
80834719,jinan-telecom,wuhan-telecom,52.0652,0.0,icmp,1591694940,2020-06-09 09:29:00+00:00
80834965,jinan-telecom,wuhan-telecom,45.9576,0.0,icmp,1591695060,2020-06-09 09:31:00+00:00
80835162,jinan-telecom,wuhan-telecom,47.4474,0.0,icmp,1591695180,2020-06-09 09:33:00+00:00
80835386,jinan-telecom,wuhan-telecom,39.396,0.0,icmp,1591695259,2020-06-09 09:34:19+00:00
80835613,jinan-telecom,wuhan-telecom,39.3777,0.0,icmp,1591695439,2020-06-09 09:37:19+00:00
80835849,jinan-telecom,wuhan-telecom,46.8673,0.0,icmp,1591695540,2020-06-09 09:39:00+00:00
80836087,jinan-telecom,wuhan-telecom,46.857,0.0,icmp,1591695660,2020-06-09 09:41:00+00:00
80836347,jinan-telecom,wuhan-telecom,42.6833,0.0,icmp,1591695780,2020-06-09 09:43:00+00:00
80836532,jinan-telecom,wuhan-telecom,39.7217,0.0,icmp,1591695900,2020-06-09 09:45:00+00:00
80836772,jinan-telecom,wuhan-telecom,45.9052,0.0,icmp,1591696020,2020-06-09 09:47:00+00:00
80837012,jinan-telecom,wuhan-telecom,39.4318,0.0,icmp,1591696099,2020-06-09 09:48:19+00:00
80837229,jinan-telecom,wuhan-telecom,39.346,0.0,icmp,1591696219,2020-06-09 09:50:19+00:00
80837466,jinan-telecom,wuhan-telecom,47.2086,0.0,icmp,1591696380,2020-06-09 09:53:00+00:00
80837680,jinan-telecom,wuhan-telecom,39.4619,0.0,icmp,1591696519,2020-06-09 09:55:19+00:00
80837905,jinan-telecom,wuhan-telecom,45.0171,0.0,icmp,1591696620,2020-06-09 09:57:00+00:00
80838134,jinan-telecom,wuhan-telecom,50.6107,0.0,icmp,1591696740,2020-06-09 09:59:00+00:00
80838385,jinan-telecom,wuhan-telecom,46.3672,0.0,icmp,1591696860,2020-06-09 10:01:00+00:00
80838597,jinan-telecom,wuhan-telecom,39.4056,0.0,icmp,1591696999,2020-06-09 10:03:19+00:00
80838823,jinan-telecom,wuhan-telecom,51.7242,0.0,icmp,1591697100,2020-06-09 10:05:00+00:00
80839052,jinan-telecom,wuhan-telecom,47.5843,0.0,icmp,1591697220,2020-06-09 10:07:00+00:00
80839299,jinan-telecom,wuhan-telecom,41.7282,0.0,icmp,1591697340,2020-06-09 10:09:00+00:00
80839504,jinan-telecom,wuhan-telecom,48.6132,0.0,icmp,1591697460,2020-06-09 10:11:00+00:00
80839747,jinan-telecom,wuhan-telecom,48.4258,0.0,icmp,1591697580,2020-06-09 10:13:00+00:00
80839968,jinan-telecom,wuhan-telecom,47.3009,0.0,icmp,1591697700,2020-06-09 10:15:00+00:00
80840195,jinan-telecom,wuhan-telecom,48.0629,0.0,icmp,1591697820,2020-06-09 10:17:00+00:00
80840422,jinan-telecom,wuhan-telecom,48.0817,0.0,icmp,1591697940,2020-06-09 10:19:00+00:00
80840659,jinan-telecom,wuhan-telecom,40.872,0.0,icmp,1591698060,2020-06-09 10:21:00+00:00
80840914,jinan-telecom,wuhan-telecom,45.7299,0.0,icmp,1591698180,2020-06-09 10:23:00+00:00
80841122,jinan-telecom,wuhan-telecom,46.3885,0.0,icmp,1591698300,2020-06-09 10:25:00+00:00
80841365,jinan-telecom,wuhan-telecom,47.2534,0.0,icmp,1591698420,2020-06-09 10:27:00+00:00
80841579,jinan-telecom,wuhan-telecom,48.4296,0.0,icmp,1591698540,2020-06-09 10:29:00+00:00
80841807,jinan-telecom,wuhan-telecom,46.2224,0.0,icmp,1591698660,2020-06-09 10:31:00+00:00
80842048,jinan-telecom,wuhan-telecom,39.4078,0.0,icmp,1591698739,2020-06-09 10:32:19+00:00
80842275,jinan-telecom,wuhan-telecom,47.6753,0.0,icmp,1591698900,2020-06-09 10:35:00+00:00
80842502,jinan-telecom,wuhan-telecom,46.3243,0.0,icmp,1591699020,2020-06-09 10:37:00+00:00
80842728,jinan-telecom,wuhan-telecom,39.3424,0.0,icmp,1591699099,2020-06-09 10:38:19+00:00
80842964,jinan-telecom,wuhan-telecom,39.6489,0.0,icmp,1591699219,2020-06-09 10:40:19+00:00
80843174,jinan-telecom,wuhan-telecom,46.8137,0.0,icmp,1591699380,2020-06-09 10:43:00+00:00
80843414,jinan-telecom,wuhan-telecom,42.0802,0.0,icmp,1591699500,2020-06-09 10:45:00+00:00
80843641,jinan-telecom,wuhan-telecom,48.5579,0.0,icmp,1591699620,2020-06-09 10:47:00+00:00
80843872,jinan-telecom,wuhan-telecom,46.553,0.0,icmp,1591699740,2020-06-09 10:49:00+00:00
80844088,jinan-telecom,wuhan-telecom,48.8774,0.0,icmp,1591699860,2020-06-09 10:51:00+00:00
80844313,jinan-telecom,wuhan-telecom,48.3583,0.0,icmp,1591699980,2020-06-09 10:53:00+00:00
80844563,jinan-telecom,wuhan-telecom,39.6393,0.0,icmp,1591700059,2020-06-09 10:54:19+00:00
80844769,jinan-telecom,wuhan-telecom,46.4153,0.0,icmp,1591700220,2020-06-09 10:57:00+00:00
80845035,jinan-telecom,wuhan-telecom,40.4723,0.0,icmp,1591700340,2020-06-09 10:59:00+00:00
80845248,jinan-telecom,wuhan-telecom,48.4684,0.0,icmp,1591700460,2020-06-09 11:01:00+00:00
80845472,jinan-telecom,wuhan-telecom,48.4827,0.0,icmp,1591700580,2020-06-09 11:03:00+00:00
80845702,jinan-telecom,wuhan-telecom,48.4054,0.0,icmp,1591700700,2020-06-09 11:05:00+00:00
80845907,jinan-telecom,wuhan-telecom,48.311,0.0,icmp,1591700820,2020-06-09 11:07:00+00:00
80846171,jinan-telecom,wuhan-telecom,47.337,0.0,icmp,1591700940,2020-06-09 11:09:00+00:00
80846377,jinan-telecom,wuhan-telecom,39.455,0.0,icmp,1591701019,2020-06-09 11:10:19+00:00
80846617,jinan-telecom,wuhan-telecom,47.7017,0.0,icmp,1591701180,2020-06-09 11:13:00+00:00
80846856,jinan-telecom,wuhan-telecom,39.4358,0.0,icmp,1591701319,2020-06-09 11:15:19+00:00
80847065,jinan-telecom,wuhan-telecom,44.8676,0.0,icmp,1591701420,2020-06-09 11:17:00+00:00
80847296,jinan-telecom,wuhan-telecom,45.7784,0.0,icmp,1591701540,2020-06-09 11:19:00+00:00
80847542,jinan-telecom,wuhan-telecom,46.9073,0.0,icmp,1591701660,2020-06-09 11:21:00+00:00
80847776,jinan-telecom,wuhan-telecom,49.4483,0.0,icmp,1591701780,2020-06-09 11:23:00+00:00
80848007,jinan-telecom,wuhan-telecom,51.7771,0.0,icmp,1591701900,2020-06-09 11:25:00+00:00
80848218,jinan-telecom,wuhan-telecom,48.0372,0.0,icmp,1591702020,2020-06-09 11:27:00+00:00
80848459,jinan-telecom,wuhan-telecom,45.1779,0.0,icmp,1591702140,2020-06-09 11:29:00+00:00
80848697,jinan-telecom,wuhan-telecom,47.2861,0.0,icmp,1591702260,2020-06-09 11:31:00+00:00
80848892,jinan-telecom,wuhan-telecom,49.1737,0.0,icmp,1591702380,2020-06-09 11:33:00+00:00
80849133,jinan-telecom,wuhan-telecom,47.2668,0.0,icmp,1591702500,2020-06-09 11:35:00+00:00
80849370,jinan-telecom,wuhan-telecom,50.0385,0.0,icmp,1591702620,2020-06-09 11:37:00+00:00
80849607,jinan-telecom,wuhan-telecom,39.4717,0.0,icmp,1591702685,2020-06-09 11:38:05+00:00
80849846,jinan-telecom,wuhan-telecom,49.8153,0.0,icmp,1591702860,2020-06-09 11:41:00+00:00
80850044,jinan-telecom,wuhan-telecom,46.9106,0.0,icmp,1591702980,2020-06-09 11:43:00+00:00
80850294,jinan-telecom,wuhan-telecom,46.1207,0.0,icmp,1591703100,2020-06-09 11:45:00+00:00
80850508,jinan-telecom,wuhan-telecom,47.7602,0.0,icmp,1591703220,2020-06-09 11:47:00+00:00
80850724,jinan-telecom,wuhan-telecom,40.3847,0.0,icmp,1591703340,2020-06-09 11:49:00+00:00
80850950,jinan-telecom,wuhan-telecom,39.3679,0.0,icmp,1591703479,2020-06-09 11:51:19+00:00
80851198,jinan-telecom,wuhan-telecom,45.9975,0.0,icmp,1591703580,2020-06-09 11:53:00+00:00
80851403,jinan-telecom,wuhan-telecom,39.3628,0.0,icmp,1591703659,2020-06-09 11:54:19+00:00
80851665,jinan-telecom,wuhan-telecom,39.4608,0.0,icmp,1591703779,2020-06-09 11:56:19+00:00
80851875,jinan-telecom,wuhan-telecom,45.2621,0.0,icmp,1591703940,2020-06-09 11:59:00+00:00
80852103,jinan-telecom,wuhan-telecom,46.625,0.0,icmp,1591704060,2020-06-09 12:01:00+00:00
80852348,jinan-telecom,wuhan-telecom,39.4637,0.0,icmp,1591704125,2020-06-09 12:02:05+00:00
80852568,jinan-telecom,wuhan-telecom,46.9223,0.0,icmp,1591704300,2020-06-09 12:05:00+00:00
80852784,jinan-telecom,wuhan-telecom,47.8579,0.0,icmp,1591704420,2020-06-09 12:07:00+00:00
80853043,jinan-telecom,wuhan-telecom,47.2357,0.0,icmp,1591704540,2020-06-09 12:09:00+00:00
80853258,jinan-telecom,wuhan-telecom,45.752,0.0,icmp,1591704660,2020-06-09 12:11:00+00:00
80853484,jinan-telecom,wuhan-telecom,47.7172,0.0,icmp,1591704780,2020-06-09 12:13:00+00:00
80853710,jinan-telecom,wuhan-telecom,46.1101,0.0,icmp,1591704900,2020-06-09 12:15:00+00:00
80853953,jinan-telecom,wuhan-telecom,49.0824,0.0,icmp,1591705020,2020-06-09 12:17:00+00:00
80854183,jinan-telecom,wuhan-telecom,48.0609,0.0,icmp,1591705140,2020-06-09 12:19:00+00:00
80854408,jinan-telecom,wuhan-telecom,39.3645,0.0,icmp,1591705279,2020-06-09 12:21:19+00:00
80854627,jinan-telecom,wuhan-telecom,39.9016,0.0,icmp,1591705380,2020-06-09 12:23:00+00:00
80854863,jinan-telecom,wuhan-telecom,47.093,0.0,icmp,1591705500,2020-06-09 12:25:00+00:00
80855083,jinan-telecom,wuhan-telecom,46.7741,0.0,icmp,1591705620,2020-06-09 12:27:00+00:00
80855323,jinan-telecom,wuhan-telecom,46.6024,0.0,icmp,1591705740,2020-06-09 12:29:00+00:00
80855534,jinan-telecom,wuhan-telecom,49.4031,0.0,icmp,1591705860,2020-06-09 12:31:00+00:00
80855770,jinan-telecom,wuhan-telecom,39.6095,0.0,icmp,1591705939,2020-06-09 12:32:19+00:00
80856005,jinan-telecom,wuhan-telecom,47.6915,0.0,icmp,1591706100,2020-06-09 12:35:00+00:00
80856251,jinan-telecom,wuhan-telecom,49.7113,0.0,icmp,1591706220,2020-06-09 12:37:00+00:00
80856475,jinan-telecom,wuhan-telecom,39.5625,0.0,icmp,1591706299,2020-06-09 12:38:19+00:00
80856739,jinan-telecom,wuhan-telecom,46.2066,0.0,icmp,1591706460,2020-06-09 12:41:00+00:00
80856923,jinan-telecom,wuhan-telecom,50.7224,0.0,icmp,1591706580,2020-06-09 12:43:00+00:00
80857164,jinan-telecom,wuhan-telecom,45.0358,0.0,icmp,1591706700,2020-06-09 12:45:00+00:00
80857367,jinan-telecom,wuhan-telecom,46.5234,0.0,icmp,1591706820,2020-06-09 12:47:00+00:00
80857605,jinan-telecom,wuhan-telecom,39.4647,0.0,icmp,1591706959,2020-06-09 12:49:19+00:00
80857845,jinan-telecom,wuhan-telecom,39.3497,0.0,icmp,1591707079,2020-06-09 12:51:19+00:00
80858060,jinan-telecom,wuhan-telecom,48.3602,0.0,icmp,1591707180,2020-06-09 12:53:00+00:00
80858310,jinan-telecom,wuhan-telecom,46.3426,0.0,icmp,1591707300,2020-06-09 12:55:00+00:00
80858523,jinan-telecom,wuhan-telecom,47.8971,0.0,icmp,1591707420,2020-06-09 12:57:00+00:00
80858753,jinan-telecom,wuhan-telecom,46.5605,0.0,icmp,1591707540,2020-06-09 12:59:00+00:00
80858968,jinan-telecom,wuhan-telecom,39.3472,0.0,icmp,1591707679,2020-06-09 13:01:19+00:00
80859208,jinan-telecom,wuhan-telecom,46.5189,0.0,icmp,1591707780,2020-06-09 13:03:00+00:00
80859429,jinan-telecom,wuhan-telecom,39.4632,0.0,icmp,1591707919,2020-06-09 13:05:19+00:00
80859661,jinan-telecom,wuhan-telecom,48.6403,0.0,icmp,1591708020,2020-06-09 13:07:00+00:00
80859896,jinan-telecom,wuhan-telecom,48.9992,0.0,icmp,1591708140,2020-06-09 13:09:00+00:00
80860113,jinan-telecom,wuhan-telecom,48.8572,0.0,icmp,1591708260,2020-06-09 13:11:00+00:00
80860353,jinan-telecom,wuhan-telecom,45.5421,0.0,icmp,1591708380,2020-06-09 13:13:00+00:00
80860587,jinan-telecom,wuhan-telecom,46.3578,0.0,icmp,1591708500,2020-06-09 13:15:00+00:00
80860814,jinan-telecom,wuhan-telecom,39.4688,0.0,icmp,1591708624,2020-06-09 13:17:04+00:00
80861049,jinan-telecom,wuhan-telecom,39.3724,0.0,icmp,1591708759,2020-06-09 13:19:19+00:00
80861265,jinan-telecom,wuhan-telecom,47.3682,0.0,icmp,1591708860,2020-06-09 13:21:00+00:00
80861492,jinan-telecom,wuhan-telecom,39.3272,0.0,icmp,1591708939,2020-06-09 13:22:19+00:00
80861740,jinan-telecom,wuhan-telecom,48.0567,0.0,icmp,1591709100,2020-06-09 13:25:00+00:00
80861953,jinan-telecom,wuhan-telecom,39.4505,0.0,icmp,1591709239,2020-06-09 13:27:19+00:00
80862191,jinan-telecom,wuhan-telecom,46.476,0.0,icmp,1591709340,2020-06-09 13:29:00+00:00
80862439,jinan-telecom,wuhan-telecom,47.1323,0.0,icmp,1591709460,2020-06-09 13:31:00+00:00
80862663,jinan-telecom,wuhan-telecom,39.6061,0.0,icmp,1591709539,2020-06-09 13:32:19+00:00
80862866,jinan-telecom,wuhan-telecom,46.5068,0.0,icmp,1591709700,2020-06-09 13:35:00+00:00
80863099,jinan-telecom,wuhan-telecom,47.3467,0.0,icmp,1591709820,2020-06-09 13:37:00+00:00
80863334,jinan-telecom,wuhan-telecom,48.5479,0.0,icmp,1591709940,2020-06-09 13:39:00+00:00
80863565,jinan-telecom,wuhan-telecom,39.6453,0.0,icmp,1591710019,2020-06-09 13:40:19+00:00
80863793,jinan-telecom,wuhan-telecom,39.8918,0.0,icmp,1591710199,2020-06-09 13:43:19+00:00
80864026,jinan-telecom,wuhan-telecom,46.3971,0.0,icmp,1591710300,2020-06-09 13:45:00+00:00
80864246,jinan-telecom,wuhan-telecom,44.1938,0.0,icmp,1591710420,2020-06-09 13:47:00+00:00
80864479,jinan-telecom,wuhan-telecom,47.483,0.0,icmp,1591710540,2020-06-09 13:49:00+00:00
80864720,jinan-telecom,wuhan-telecom,48.3764,0.0,icmp,1591710660,2020-06-09 13:51:00+00:00
80864922,jinan-telecom,wuhan-telecom,49.1189,0.0,icmp,1591710780,2020-06-09 13:53:00+00:00
80865162,jinan-telecom,wuhan-telecom,39.3975,0.0,icmp,1591710919,2020-06-09 13:55:19+00:00
80865390,jinan-telecom,wuhan-telecom,46.5726,0.0,icmp,1591711020,2020-06-09 13:57:00+00:00
80865627,jinan-telecom,wuhan-telecom,45.7513,0.0,icmp,1591711140,2020-06-09 13:59:00+00:00
80865855,jinan-telecom,wuhan-telecom,47.0284,0.0,icmp,1591711260,2020-06-09 14:01:00+00:00
80866091,jinan-telecom,wuhan-telecom,49.1596,0.0,icmp,1591711380,2020-06-09 14:03:00+00:00
80866301,jinan-telecom,wuhan-telecom,48.0509,0.0,icmp,1591711500,2020-06-09 14:05:00+00:00
80866530,jinan-telecom,wuhan-telecom,39.4755,0.0,icmp,1591711625,2020-06-09 14:07:05+00:00
80866769,jinan-telecom,wuhan-telecom,44.7865,0.0,icmp,1591711740,2020-06-09 14:09:00+00:00
80866998,jinan-telecom,wuhan-telecom,46.9409,0.0,icmp,1591711860,2020-06-09 14:11:00+00:00
80867239,jinan-telecom,wuhan-telecom,46.6504,0.0,icmp,1591711980,2020-06-09 14:13:00+00:00
80867446,jinan-telecom,wuhan-telecom,47.8216,0.0,icmp,1591712100,2020-06-09 14:15:00+00:00
80867686,jinan-telecom,wuhan-telecom,39.3882,0.0,icmp,1591712239,2020-06-09 14:17:19+00:00
80867907,jinan-telecom,wuhan-telecom,41.8714,0.0,icmp,1591712340,2020-06-09 14:19:00+00:00
80868141,jinan-telecom,wuhan-telecom,39.4318,0.0,icmp,1591712479,2020-06-09 14:21:19+00:00
80868371,jinan-telecom,wuhan-telecom,46.727,0.0,icmp,1591712580,2020-06-09 14:23:00+00:00
80868593,jinan-telecom,wuhan-telecom,39.385,0.0,icmp,1591712719,2020-06-09 14:25:19+00:00
80868826,jinan-telecom,wuhan-telecom,48.8632,0.0,icmp,1591712820,2020-06-09 14:27:00+00:00
80869080,jinan-telecom,wuhan-telecom,39.3481,0.0,icmp,1591712959,2020-06-09 14:29:19+00:00
80869282,jinan-telecom,wuhan-telecom,44.9394,0.0,icmp,1591713060,2020-06-09 14:31:00+00:00
80869501,jinan-telecom,wuhan-telecom,41.8333,0.0,icmp,1591713180,2020-06-09 14:33:00+00:00
80869745,jinan-telecom,wuhan-telecom,47.9113,0.0,icmp,1591713300,2020-06-09 14:35:00+00:00
80869967,jinan-telecom,wuhan-telecom,46.4263,0.0,icmp,1591713420,2020-06-09 14:37:00+00:00
80870220,jinan-telecom,wuhan-telecom,46.31,0.0,icmp,1591713540,2020-06-09 14:39:00+00:00
80870453,jinan-telecom,wuhan-telecom,39.5048,0.0,icmp,1591713679,2020-06-09 14:41:19+00:00
80870666,jinan-telecom,wuhan-telecom,47.3681,0.0,icmp,1591713780,2020-06-09 14:43:00+00:00
80870894,jinan-telecom,wuhan-telecom,48.4943,0.0,icmp,1591713900,2020-06-09 14:45:00+00:00
80871129,jinan-telecom,wuhan-telecom,49.0598,0.0,icmp,1591714020,2020-06-09 14:47:00+00:00
80871331,jinan-telecom,wuhan-telecom,39.4489,0.0,icmp,1591714159,2020-06-09 14:49:19+00:00
80871575,jinan-telecom,wuhan-telecom,46.0876,0.0,icmp,1591714260,2020-06-09 14:51:00+00:00
80871799,jinan-telecom,wuhan-telecom,41.4423,0.0,icmp,1591714380,2020-06-09 14:53:00+00:00
80872034,jinan-telecom,wuhan-telecom,47.119,0.0,icmp,1591714500,2020-06-09 14:55:00+00:00
80872280,jinan-telecom,wuhan-telecom,39.3827,0.0,icmp,1591714579,2020-06-09 14:56:19+00:00
80872500,jinan-telecom,wuhan-telecom,47.3413,0.0,icmp,1591714740,2020-06-09 14:59:00+00:00
80872730,jinan-telecom,wuhan-telecom,39.3397,0.0,icmp,1591714879,2020-06-09 15:01:19+00:00
80872936,jinan-telecom,wuhan-telecom,46.0527,0.0,icmp,1591714980,2020-06-09 15:03:00+00:00
80873164,jinan-telecom,wuhan-telecom,48.3836,0.0,icmp,1591715100,2020-06-09 15:05:00+00:00
80873401,jinan-telecom,wuhan-telecom,43.331,0.0,icmp,1591715220,2020-06-09 15:07:00+00:00
80873629,jinan-telecom,wuhan-telecom,47.9636,0.0,icmp,1591715340,2020-06-09 15:09:00+00:00
80873873,jinan-telecom,wuhan-telecom,43.1876,0.0,icmp,1591715405,2020-06-09 15:10:05+00:00
80874068,jinan-telecom,wuhan-telecom,39.5663,0.0,icmp,1591715539,2020-06-09 15:12:19+00:00
80874328,jinan-telecom,wuhan-telecom,49.6512,0.0,icmp,1591715700,2020-06-09 15:15:00+00:00
80874565,jinan-telecom,wuhan-telecom,47.0822,0.0,icmp,1591715820,2020-06-09 15:17:00+00:00
80874780,jinan-telecom,wuhan-telecom,48.4128,0.0,icmp,1591715940,2020-06-09 15:19:00+00:00
80875020,jinan-telecom,wuhan-telecom,49.8511,0.0,icmp,1591716060,2020-06-09 15:21:00+00:00
80875223,jinan-telecom,wuhan-telecom,39.4137,0.0,icmp,1591716139,2020-06-09 15:22:19+00:00
80875498,jinan-telecom,wuhan-telecom,46.144,0.0,icmp,1591716300,2020-06-09 15:25:00+00:00
80875716,jinan-telecom,wuhan-telecom,39.3883,0.0,icmp,1591716439,2020-06-09 15:27:19+00:00
80875924,jinan-telecom,wuhan-telecom,48.3939,0.0,icmp,1591716540,2020-06-09 15:29:00+00:00
80876194,jinan-telecom,wuhan-telecom,39.4128,0.0,icmp,1591716619,2020-06-09 15:30:19+00:00
80876381,jinan-telecom,wuhan-telecom,46.6476,0.0,icmp,1591716780,2020-06-09 15:33:00+00:00
80876626,jinan-telecom,wuhan-telecom,47.0936,0.0,icmp,1591716900,2020-06-09 15:35:00+00:00
80876844,jinan-telecom,wuhan-telecom,48.5228,0.0,icmp,1591717020,2020-06-09 15:37:00+00:00
80877059,jinan-telecom,wuhan-telecom,49.4385,0.0,icmp,1591717140,2020-06-09 15:39:00+00:00
80877294,jinan-telecom,wuhan-telecom,50.9356,0.0,icmp,1591717260,2020-06-09 15:41:00+00:00
80877521,jinan-telecom,wuhan-telecom,39.5417,0.0,icmp,1591717339,2020-06-09 15:42:19+00:00
80877752,jinan-telecom,wuhan-telecom,46.7877,0.0,icmp,1591717500,2020-06-09 15:45:00+00:00
80878003,jinan-telecom,wuhan-telecom,50.1112,0.0,icmp,1591717620,2020-06-09 15:47:00+00:00
80878232,jinan-telecom,wuhan-telecom,39.645,0.0,icmp,1591717759,2020-06-09 15:49:19+00:00
80878462,jinan-telecom,wuhan-telecom,48.0078,0.0,icmp,1591717860,2020-06-09 15:51:00+00:00
80878672,jinan-telecom,wuhan-telecom,39.3452,0.0,icmp,1591717999,2020-06-09 15:53:19+00:00
80878904,jinan-telecom,wuhan-telecom,39.38,0.0,icmp,1591718119,2020-06-09 15:55:19+00:00
80879148,jinan-telecom,wuhan-telecom,49.5593,0.0,icmp,1591718220,2020-06-09 15:57:00+00:00
80879363,jinan-telecom,wuhan-telecom,48.1863,0.0,icmp,1591718340,2020-06-09 15:59:00+00:00
80879584,jinan-telecom,wuhan-telecom,48.4269,0.0,icmp,1591718460,2020-06-09 16:01:00+00:00
80879821,jinan-telecom,wuhan-telecom,50.4571,0.0,icmp,1591718580,2020-06-09 16:03:00+00:00
80880045,jinan-telecom,wuhan-telecom,39.7774,0.0,icmp,1591718719,2020-06-09 16:05:19+00:00
80880266,jinan-telecom,wuhan-telecom,50.9973,0.0,icmp,1591718820,2020-06-09 16:07:00+00:00
80880500,jinan-telecom,wuhan-telecom,47.7167,0.0,icmp,1591718940,2020-06-09 16:09:00+00:00
80880758,jinan-telecom,wuhan-telecom,45.3286,0.0,icmp,1591719060,2020-06-09 16:11:00+00:00
80880984,jinan-telecom,wuhan-telecom,47.7046,0.0,icmp,1591719180,2020-06-09 16:13:00+00:00
80881199,jinan-telecom,wuhan-telecom,39.7605,0.0,icmp,1591719259,2020-06-09 16:14:19+00:00
80881438,jinan-telecom,wuhan-telecom,45.6101,0.0,icmp,1591719420,2020-06-09 16:17:00+00:00
80881649,jinan-telecom,wuhan-telecom,45.6385,0.0,icmp,1591719540,2020-06-09 16:19:00+00:00
80881884,jinan-telecom,wuhan-telecom,50.8236,0.0,icmp,1591719660,2020-06-09 16:21:00+00:00
80882116,jinan-telecom,wuhan-telecom,39.8042,0.0,icmp,1591719739,2020-06-09 16:22:19+00:00
80882342,jinan-telecom,wuhan-telecom,48.3423,0.0,icmp,1591719900,2020-06-09 16:25:00+00:00
80882563,jinan-telecom,wuhan-telecom,41.3068,0.0,icmp,1591720020,2020-06-09 16:27:00+00:00
80882792,jinan-telecom,wuhan-telecom,46.233,0.0,icmp,1591720140,2020-06-09 16:29:00+00:00
80883018,jinan-telecom,wuhan-telecom,47.8061,0.0,icmp,1591720260,2020-06-09 16:31:00+00:00
80883234,jinan-telecom,wuhan-telecom,48.1315,0.0,icmp,1591720380,2020-06-09 16:33:00+00:00
80883453,jinan-telecom,wuhan-telecom,49.2992,0.0,icmp,1591720500,2020-06-09 16:35:00+00:00
80883678,jinan-telecom,wuhan-telecom,47.1209,0.0,icmp,1591720620,2020-06-09 16:37:00+00:00
80883900,jinan-telecom,wuhan-telecom,50.5056,0.0,icmp,1591720740,2020-06-09 16:39:00+00:00
80884169,jinan-telecom,wuhan-telecom,47.0339,0.0,icmp,1591720860,2020-06-09 16:41:00+00:00
80884377,jinan-telecom,wuhan-telecom,46.8762,0.0,icmp,1591720980,2020-06-09 16:43:00+00:00
80884602,jinan-telecom,wuhan-telecom,39.8318,0.0,icmp,1591721059,2020-06-09 16:44:19+00:00
80884830,jinan-telecom,wuhan-telecom,48.815,0.0,icmp,1591721220,2020-06-09 16:47:00+00:00
80885038,jinan-telecom,wuhan-telecom,40.0845,0.0,icmp,1591721299,2020-06-09 16:48:19+00:00
80885284,jinan-telecom,wuhan-telecom,47.8265,0.0,icmp,1591721460,2020-06-09 16:51:00+00:00
80885510,jinan-telecom,wuhan-telecom,49.6106,0.0,icmp,1591721580,2020-06-09 16:53:00+00:00
80885741,jinan-telecom,wuhan-telecom,49.2788,0.0,icmp,1591721700,2020-06-09 16:55:00+00:00
80885946,jinan-telecom,wuhan-telecom,45.599,0.0,icmp,1591721820,2020-06-09 16:57:00+00:00
80886172,jinan-telecom,wuhan-telecom,43.3536,0.0,icmp,1591721885,2020-06-09 16:58:05+00:00
80886384,jinan-telecom,wuhan-telecom,47.4906,0.0,icmp,1591722060,2020-06-09 17:01:00+00:00
80886613,jinan-telecom,wuhan-telecom,49.0832,0.0,icmp,1591722180,2020-06-09 17:03:00+00:00
80886812,jinan-telecom,wuhan-telecom,48.64,0.0,icmp,1591722300,2020-06-09 17:05:00+00:00
80887038,jinan-telecom,wuhan-telecom,47.1428,0.0,icmp,1591722420,2020-06-09 17:07:00+00:00
80887272,jinan-telecom,wuhan-telecom,45.599,3.0,icmp,1591722540,2020-06-09 17:09:00+00:00
80887487,jinan-telecom,wuhan-telecom,49.9606,0.0,icmp,1591722660,2020-06-09 17:11:00+00:00
80887716,jinan-telecom,wuhan-telecom,43.258,0.0,icmp,1591722780,2020-06-09 17:13:00+00:00
80887943,jinan-telecom,wuhan-telecom,45.5985,0.0,icmp,1591722900,2020-06-09 17:15:00+00:00
80888173,jinan-telecom,wuhan-telecom,39.501,0.0,icmp,1591723025,2020-06-09 17:17:05+00:00
80888390,jinan-telecom,wuhan-telecom,47.2492,0.0,icmp,1591723140,2020-06-09 17:19:00+00:00
80888622,jinan-telecom,wuhan-telecom,39.392,0.0,icmp,1591723279,2020-06-09 17:21:19+00:00
80888826,jinan-telecom,wuhan-telecom,47.1,0.0,icmp,1591723380,2020-06-09 17:23:00+00:00
80889043,jinan-telecom,wuhan-telecom,39.3449,0.0,icmp,1591723459,2020-06-09 17:24:19+00:00
80889258,jinan-telecom,wuhan-telecom,50.2963,0.0,icmp,1591723620,2020-06-09 17:27:00+00:00
80889499,jinan-telecom,wuhan-telecom,50.8545,0.0,icmp,1591723699,2020-06-09 17:28:19+00:00
80889686,jinan-telecom,wuhan-telecom,56.4291,0.0,icmp,1591723860,2020-06-09 17:31:00+00:00
80889916,jinan-telecom,wuhan-telecom,55.7428,0.0,icmp,1591723980,2020-06-09 17:33:00+00:00
80890153,jinan-telecom,wuhan-telecom,57.4337,0.0,icmp,1591724100,2020-06-09 17:35:00+00:00
80890390,jinan-telecom,wuhan-telecom,56.6439,0.0,icmp,1591724220,2020-06-09 17:37:00+00:00
80890601,jinan-telecom,wuhan-telecom,51.0483,0.0,icmp,1591724359,2020-06-09 17:39:19+00:00
80890818,jinan-telecom,wuhan-telecom,56.6699,0.0,icmp,1591724460,2020-06-09 17:41:00+00:00
80891036,jinan-telecom,wuhan-telecom,58.9687,0.0,icmp,1591724580,2020-06-09 17:43:00+00:00
80891255,jinan-telecom,wuhan-telecom,51.1168,0.0,icmp,1591724659,2020-06-09 17:44:19+00:00
80891469,jinan-telecom,wuhan-telecom,55.5376,0.0,icmp,1591724820,2020-06-09 17:47:00+00:00
80891686,jinan-telecom,wuhan-telecom,56.5989,0.0,icmp,1591724940,2020-06-09 17:49:00+00:00
80891893,jinan-telecom,wuhan-telecom,55.3148,0.0,icmp,1591725060,2020-06-09 17:51:00+00:00
80892107,jinan-telecom,wuhan-telecom,47.846,0.0,icmp,1591725180,2020-06-09 17:53:00+00:00
80892333,jinan-telecom,wuhan-telecom,46.3744,0.0,icmp,1591725300,2020-06-09 17:55:00+00:00
80892558,jinan-telecom,wuhan-telecom,39.9458,0.0,icmp,1591725420,2020-06-09 17:57:00+00:00
80892774,jinan-telecom,wuhan-telecom,48.4014,0.0,icmp,1591725540,2020-06-09 17:59:00+00:00
80893022,jinan-telecom,wuhan-telecom,39.7557,0.0,icmp,1591725619,2020-06-09 18:00:19+00:00
80893211,jinan-telecom,wuhan-telecom,46.6848,0.0,icmp,1591725780,2020-06-09 18:03:00+00:00
80893436,jinan-telecom,wuhan-telecom,45.9493,0.0,icmp,1591725900,2020-06-09 18:05:00+00:00
80893670,jinan-telecom,wuhan-telecom,46.8839,0.0,icmp,1591726020,2020-06-09 18:07:00+00:00
80893871,jinan-telecom,wuhan-telecom,46.6091,0.0,icmp,1591726140,2020-06-09 18:09:00+00:00
80894098,jinan-telecom,wuhan-telecom,46.7405,0.0,icmp,1591726260,2020-06-09 18:11:00+00:00
80894330,jinan-telecom,wuhan-telecom,39.5204,0.0,icmp,1591726399,2020-06-09 18:13:19+00:00
80894538,jinan-telecom,wuhan-telecom,45.5148,0.0,icmp,1591726500,2020-06-09 18:15:00+00:00
80894761,jinan-telecom,wuhan-telecom,39.3938,0.0,icmp,1591726579,2020-06-09 18:16:19+00:00
80894982,jinan-telecom,wuhan-telecom,44.1525,0.0,icmp,1591726740,2020-06-09 18:19:00+00:00
80895199,jinan-telecom,wuhan-telecom,48.6171,0.0,icmp,1591726860,2020-06-09 18:21:00+00:00
80895449,jinan-telecom,wuhan-telecom,43.6316,0.0,icmp,1591726980,2020-06-09 18:23:00+00:00
80895807,jinan-telecom,wuhan-telecom,39.477,0.0,icmp,1591727045,2020-06-09 18:24:05+00:00
80896045,jinan-telecom,wuhan-telecom,43.8818,0.0,icmp,1591727220,2020-06-09 18:27:00+00:00
80896266,jinan-telecom,wuhan-telecom,51.1176,0.0,icmp,1591727340,2020-06-09 18:29:00+00:00
80896498,jinan-telecom,wuhan-telecom,41.8781,0.0,icmp,1591727460,2020-06-09 18:31:00+00:00
80896707,jinan-telecom,wuhan-telecom,39.3162,0.0,icmp,1591727599,2020-06-09 18:33:19+00:00
80896948,jinan-telecom,wuhan-telecom,43.4639,0.0,icmp,1591727700,2020-06-09 18:35:00+00:00
80897166,jinan-telecom,wuhan-telecom,45.5085,0.0,icmp,1591727820,2020-06-09 18:37:00+00:00
80897384,jinan-telecom,wuhan-telecom,50.0825,0.0,icmp,1591727940,2020-06-09 18:39:00+00:00
80897638,jinan-telecom,wuhan-telecom,49.2864,0.0,icmp,1591728060,2020-06-09 18:41:00+00:00
80897846,jinan-telecom,wuhan-telecom,46.7457,0.0,icmp,1591728180,2020-06-09 18:43:00+00:00
80898091,jinan-telecom,wuhan-telecom,46.3838,0.0,icmp,1591728300,2020-06-09 18:45:00+00:00
80898309,jinan-telecom,wuhan-telecom,48.8031,0.0,icmp,1591728420,2020-06-09 18:47:00+00:00
80898552,jinan-telecom,wuhan-telecom,39.3828,0.0,icmp,1591728559,2020-06-09 18:49:19+00:00
80898782,jinan-telecom,wuhan-telecom,47.9923,0.0,icmp,1591728660,2020-06-09 18:51:00+00:00
80899016,jinan-telecom,wuhan-telecom,51.6684,0.0,icmp,1591728780,2020-06-09 18:53:00+00:00
80899225,jinan-telecom,wuhan-telecom,45.7299,0.0,icmp,1591728900,2020-06-09 18:55:00+00:00
80899441,jinan-telecom,wuhan-telecom,48.9872,0.0,icmp,1591729020,2020-06-09 18:57:00+00:00
80899693,jinan-telecom,wuhan-telecom,50.904,0.0,icmp,1591729140,2020-06-09 18:59:00+00:00
80899917,jinan-telecom,wuhan-telecom,45.9444,0.0,icmp,1591729260,2020-06-09 19:01:00+00:00
80900130,jinan-telecom,wuhan-telecom,48.4597,0.0,icmp,1591729380,2020-06-09 19:03:00+00:00
80900383,jinan-telecom,wuhan-telecom,39.4654,0.0,icmp,1591729519,2020-06-09 19:05:19+00:00
80900602,jinan-telecom,wuhan-telecom,44.9642,0.0,icmp,1591729620,2020-06-09 19:07:00+00:00
80900841,jinan-telecom,wuhan-telecom,48.6096,0.0,icmp,1591729740,2020-06-09 19:09:00+00:00
80901047,jinan-telecom,wuhan-telecom,49.2322,0.0,icmp,1591729860,2020-06-09 19:11:00+00:00
80901302,jinan-telecom,wuhan-telecom,39.3082,0.0,icmp,1591729999,2020-06-09 19:13:19+00:00
80901504,jinan-telecom,wuhan-telecom,39.506,0.0,icmp,1591730119,2020-06-09 19:15:19+00:00
80901714,jinan-telecom,wuhan-telecom,50.3279,0.0,icmp,1591730220,2020-06-09 19:17:00+00:00
80901986,jinan-telecom,wuhan-telecom,50.8841,0.0,icmp,1591730340,2020-06-09 19:19:00+00:00
80902204,jinan-telecom,wuhan-telecom,39.3499,0.0,icmp,1591730479,2020-06-09 19:21:19+00:00
80902435,jinan-telecom,wuhan-telecom,47.3816,0.0,icmp,1591730580,2020-06-09 19:23:00+00:00
80902649,jinan-telecom,wuhan-telecom,47.9055,0.0,icmp,1591730700,2020-06-09 19:25:00+00:00
80902852,jinan-telecom,wuhan-telecom,39.3672,0.0,icmp,1591730839,2020-06-09 19:27:19+00:00
80903098,jinan-telecom,wuhan-telecom,49.6206,0.0,icmp,1591730940,2020-06-09 19:29:00+00:00
80903315,jinan-telecom,wuhan-telecom,48.5676,0.0,icmp,1591731060,2020-06-09 19:31:00+00:00
80903549,jinan-telecom,wuhan-telecom,50.8372,0.0,icmp,1591731180,2020-06-09 19:33:00+00:00
80903777,jinan-telecom,wuhan-telecom,47.611,0.0,icmp,1591731300,2020-06-09 19:35:00+00:00
80903979,jinan-telecom,wuhan-telecom,39.5428,0.0,icmp,1591731439,2020-06-09 19:37:19+00:00
80904223,jinan-telecom,wuhan-telecom,47.1317,0.0,icmp,1591731540,2020-06-09 19:39:00+00:00
80904449,jinan-telecom,wuhan-telecom,39.5326,0.0,icmp,1591731619,2020-06-09 19:40:19+00:00
80904657,jinan-telecom,wuhan-telecom,53.135,0.0,icmp,1591731780,2020-06-09 19:43:00+00:00
80904904,jinan-telecom,wuhan-telecom,43.0841,0.0,icmp,1591731900,2020-06-09 19:45:00+00:00
80905131,jinan-telecom,wuhan-telecom,48.4949,0.0,icmp,1591732020,2020-06-09 19:47:00+00:00
80905358,jinan-telecom,wuhan-telecom,46.5895,0.0,icmp,1591732140,2020-06-09 19:49:00+00:00
80905564,jinan-telecom,wuhan-telecom,41.1611,0.0,icmp,1591732260,2020-06-09 19:51:00+00:00
80905810,jinan-telecom,wuhan-telecom,49.736,0.0,icmp,1591732380,2020-06-09 19:53:00+00:00
80906007,jinan-telecom,wuhan-telecom,50.4549,0.0,icmp,1591732500,2020-06-09 19:55:00+00:00
80906259,jinan-telecom,wuhan-telecom,52.1625,0.0,icmp,1591732620,2020-06-09 19:57:00+00:00
80906471,jinan-telecom,wuhan-telecom,47.0885,0.0,icmp,1591732740,2020-06-09 19:59:00+00:00
80906688,jinan-telecom,wuhan-telecom,50.2137,0.0,icmp,1591732860,2020-06-09 20:01:00+00:00
80906914,jinan-telecom,wuhan-telecom,47.4002,0.0,icmp,1591732980,2020-06-09 20:03:00+00:00
80907150,jinan-telecom,wuhan-telecom,50.1327,0.0,icmp,1591733100,2020-06-09 20:05:00+00:00
80907392,jinan-telecom,wuhan-telecom,45.6707,0.0,icmp,1591733220,2020-06-09 20:07:00+00:00
80907592,jinan-telecom,wuhan-telecom,40.8509,0.0,icmp,1591733340,2020-06-09 20:09:00+00:00
80907811,jinan-telecom,wuhan-telecom,46.7284,0.0,icmp,1591733460,2020-06-09 20:11:00+00:00
80908031,jinan-telecom,wuhan-telecom,48.0951,0.0,icmp,1591733580,2020-06-09 20:13:00+00:00
80908267,jinan-telecom,wuhan-telecom,45.643,0.0,icmp,1591733700,2020-06-09 20:15:00+00:00
80908505,jinan-telecom,wuhan-telecom,46.5281,0.0,icmp,1591733820,2020-06-09 20:17:00+00:00
80908720,jinan-telecom,wuhan-telecom,39.4043,0.0,icmp,1591733951,2020-06-09 20:19:11+00:00
80908943,jinan-telecom,wuhan-telecom,49.6588,0.0,icmp,1591734060,2020-06-09 20:21:00+00:00
80909156,jinan-telecom,wuhan-telecom,48.9367,0.0,icmp,1591734180,2020-06-09 20:23:00+00:00
80909382,jinan-telecom,wuhan-telecom,48.5781,0.0,icmp,1591734300,2020-06-09 20:25:00+00:00
80909611,jinan-telecom,wuhan-telecom,41.4773,0.0,icmp,1591734420,2020-06-09 20:27:00+00:00
80909843,jinan-telecom,wuhan-telecom,47.7707,0.0,icmp,1591734540,2020-06-09 20:29:00+00:00
80910065,jinan-telecom,wuhan-telecom,50.5604,0.0,icmp,1591734660,2020-06-09 20:31:00+00:00
80910306,jinan-telecom,wuhan-telecom,49.8022,0.0,icmp,1591734780,2020-06-09 20:33:00+00:00
80910529,jinan-telecom,wuhan-telecom,49.6072,0.0,icmp,1591734900,2020-06-09 20:35:00+00:00
80910739,jinan-telecom,wuhan-telecom,49.4331,0.0,icmp,1591735020,2020-06-09 20:37:00+00:00
80910969,jinan-telecom,wuhan-telecom,48.0608,0.0,icmp,1591735140,2020-06-09 20:39:00+00:00
80911207,jinan-telecom,wuhan-telecom,49.0092,0.0,icmp,1591735260,2020-06-09 20:41:00+00:00
80911434,jinan-telecom,wuhan-telecom,50.1477,0.0,icmp,1591735380,2020-06-09 20:43:00+00:00
80911655,jinan-telecom,wuhan-telecom,47.9772,0.0,icmp,1591735500,2020-06-09 20:45:00+00:00
80911884,jinan-telecom,wuhan-telecom,48.3795,0.0,icmp,1591735620,2020-06-09 20:47:00+00:00
80912132,jinan-telecom,wuhan-telecom,47.6397,0.0,icmp,1591735740,2020-06-09 20:49:00+00:00
80912357,jinan-telecom,wuhan-telecom,48.9043,0.0,icmp,1591735860,2020-06-09 20:51:00+00:00
80912590,jinan-telecom,wuhan-telecom,50.95,0.0,icmp,1591735980,2020-06-09 20:53:00+00:00
80912810,jinan-telecom,wuhan-telecom,48.2679,0.0,icmp,1591736100,2020-06-09 20:55:00+00:00
80913044,jinan-telecom,wuhan-telecom,39.3975,0.0,icmp,1591736165,2020-06-09 20:56:05+00:00
80913268,jinan-telecom,wuhan-telecom,47.8154,0.0,icmp,1591736340,2020-06-09 20:59:00+00:00
80913497,jinan-telecom,wuhan-telecom,46.7552,0.0,icmp,1591736460,2020-06-09 21:01:00+00:00
80913711,jinan-telecom,wuhan-telecom,48.2631,0.0,icmp,1591736580,2020-06-09 21:03:00+00:00
80913965,jinan-telecom,wuhan-telecom,47.5764,0.0,icmp,1591736700,2020-06-09 21:05:00+00:00
80914196,jinan-telecom,wuhan-telecom,48.1408,0.0,icmp,1591736820,2020-06-09 21:07:00+00:00
80914410,jinan-telecom,wuhan-telecom,45.8214,0.0,icmp,1591736940,2020-06-09 21:09:00+00:00
80914667,jinan-telecom,wuhan-telecom,47.8537,0.0,icmp,1591737060,2020-06-09 21:11:00+00:00
80914862,jinan-telecom,wuhan-telecom,46.982,0.0,icmp,1591737180,2020-06-09 21:13:00+00:00
80915095,jinan-telecom,wuhan-telecom,48.2493,0.0,icmp,1591737300,2020-06-09 21:15:00+00:00
80915317,jinan-telecom,wuhan-telecom,47.7702,0.0,icmp,1591737420,2020-06-09 21:17:00+00:00
80915556,jinan-telecom,wuhan-telecom,48.5878,0.0,icmp,1591737540,2020-06-09 21:19:00+00:00
80915770,jinan-telecom,wuhan-telecom,48.8853,0.0,icmp,1591737660,2020-06-09 21:21:00+00:00
80916025,jinan-telecom,wuhan-telecom,39.3742,0.0,icmp,1591737739,2020-06-09 21:22:19+00:00
80916252,jinan-telecom,wuhan-telecom,43.0836,0.0,icmp,1591737900,2020-06-09 21:25:00+00:00
80916475,jinan-telecom,wuhan-telecom,49.9721,0.0,icmp,1591738020,2020-06-09 21:27:00+00:00
80916713,jinan-telecom,wuhan-telecom,39.5781,0.0,icmp,1591738099,2020-06-09 21:28:19+00:00
80916934,jinan-telecom,wuhan-telecom,46.3576,0.0,icmp,1591738260,2020-06-09 21:31:00+00:00
80917154,jinan-telecom,wuhan-telecom,39.4319,0.0,icmp,1591738339,2020-06-09 21:32:19+00:00
80917375,jinan-telecom,wuhan-telecom,49.3893,0.0,icmp,1591738500,2020-06-09 21:35:00+00:00
80917620,jinan-telecom,wuhan-telecom,46.3676,0.0,icmp,1591738620,2020-06-09 21:37:00+00:00
80917849,jinan-telecom,wuhan-telecom,49.221,0.0,icmp,1591738740,2020-06-09 21:39:00+00:00
80918088,jinan-telecom,wuhan-telecom,48.8519,0.0,icmp,1591738860,2020-06-09 21:41:00+00:00
80918331,jinan-telecom,wuhan-telecom,49.4558,0.0,icmp,1591738925,2020-06-09 21:42:05+00:00
80918528,jinan-telecom,wuhan-telecom,39.3124,0.0,icmp,1591739119,2020-06-09 21:45:19+00:00
80918761,jinan-telecom,wuhan-telecom,47.6458,0.0,icmp,1591739220,2020-06-09 21:47:00+00:00
80918983,jinan-telecom,wuhan-telecom,39.566,0.0,icmp,1591739299,2020-06-09 21:48:19+00:00
80919226,jinan-telecom,wuhan-telecom,39.4335,0.0,icmp,1591739404,2020-06-09 21:50:04+00:00
80919454,jinan-telecom,wuhan-telecom,52.0558,0.0,icmp,1591739580,2020-06-09 21:53:00+00:00
80919672,jinan-telecom,wuhan-telecom,48.2943,0.0,icmp,1591739700,2020-06-09 21:55:00+00:00
80919914,jinan-telecom,wuhan-telecom,48.0865,0.0,icmp,1591739820,2020-06-09 21:57:00+00:00
80920125,jinan-telecom,wuhan-telecom,39.359,0.0,icmp,1591739899,2020-06-09 21:58:19+00:00
80920390,jinan-telecom,wuhan-telecom,48.8127,0.0,icmp,1591740060,2020-06-09 22:01:00+00:00
80920618,jinan-telecom,wuhan-telecom,39.3955,0.0,icmp,1591740125,2020-06-09 22:02:05+00:00
80920826,jinan-telecom,wuhan-telecom,39.4711,0.0,icmp,1591740259,2020-06-09 22:04:19+00:00
80921044,jinan-telecom,wuhan-telecom,49.3853,0.0,icmp,1591740420,2020-06-09 22:07:00+00:00
80921279,jinan-telecom,wuhan-telecom,49.9617,0.0,icmp,1591740540,2020-06-09 22:09:00+00:00
80921502,jinan-telecom,wuhan-telecom,39.3291,0.0,icmp,1591740679,2020-06-09 22:11:19+00:00
80921724,jinan-telecom,wuhan-telecom,49.1184,0.0,icmp,1591740780,2020-06-09 22:13:00+00:00
80921978,jinan-telecom,wuhan-telecom,47.2092,0.0,icmp,1591740900,2020-06-09 22:15:00+00:00
80922188,jinan-telecom,wuhan-telecom,49.7306,0.0,icmp,1591741020,2020-06-09 22:17:00+00:00
80922423,jinan-telecom,wuhan-telecom,39.33,0.0,icmp,1591741099,2020-06-09 22:18:19+00:00
80922648,jinan-telecom,wuhan-telecom,46.4548,0.0,icmp,1591741260,2020-06-09 22:21:00+00:00
80922875,jinan-telecom,wuhan-telecom,39.3278,0.0,icmp,1591741339,2020-06-09 22:22:19+00:00
80923098,jinan-telecom,wuhan-telecom,46.9694,0.0,icmp,1591741500,2020-06-09 22:25:00+00:00
80923347,jinan-telecom,wuhan-telecom,45.6302,0.0,icmp,1591741620,2020-06-09 22:27:00+00:00
80923576,jinan-telecom,wuhan-telecom,47.4188,0.0,icmp,1591741740,2020-06-09 22:29:00+00:00
80923807,jinan-telecom,wuhan-telecom,39.3554,0.0,icmp,1591741819,2020-06-09 22:30:19+00:00
80924012,jinan-telecom,wuhan-telecom,46.185,0.0,icmp,1591741980,2020-06-09 22:33:00+00:00
80924249,jinan-telecom,wuhan-telecom,47.6946,0.0,icmp,1591742100,2020-06-09 22:35:00+00:00
80924486,jinan-telecom,wuhan-telecom,48.5762,0.0,icmp,1591742220,2020-06-09 22:37:00+00:00
80924704,jinan-telecom,wuhan-telecom,48.8528,0.0,icmp,1591742340,2020-06-09 22:39:00+00:00
80924949,jinan-telecom,wuhan-telecom,50.9657,0.0,icmp,1591742460,2020-06-09 22:41:00+00:00
80925185,jinan-telecom,wuhan-telecom,39.3184,0.0,icmp,1591742599,2020-06-09 22:43:19+00:00
80925399,jinan-telecom,wuhan-telecom,48.0322,0.0,icmp,1591742700,2020-06-09 22:45:00+00:00
80925637,jinan-telecom,wuhan-telecom,39.2997,0.0,icmp,1591742839,2020-06-09 22:47:19+00:00
80925864,jinan-telecom,wuhan-telecom,47.2809,0.0,icmp,1591742940,2020-06-09 22:49:00+00:00
80926107,jinan-telecom,wuhan-telecom,39.4069,0.0,icmp,1591743065,2020-06-09 22:51:05+00:00
80926327,jinan-telecom,wuhan-telecom,46.4433,0.0,icmp,1591743180,2020-06-09 22:53:00+00:00
80926545,jinan-telecom,wuhan-telecom,49.3892,0.0,icmp,1591743300,2020-06-09 22:55:00+00:00
80926771,jinan-telecom,wuhan-telecom,47.5287,0.0,icmp,1591743420,2020-06-09 22:57:00+00:00
80927000,jinan-telecom,wuhan-telecom,48.3276,0.0,icmp,1591743540,2020-06-09 22:59:00+00:00
80927240,jinan-telecom,wuhan-telecom,46.6521,0.0,icmp,1591743660,2020-06-09 23:01:00+00:00
80927467,jinan-telecom,wuhan-telecom,47.7745,0.0,icmp,1591743780,2020-06-09 23:03:00+00:00
80927679,jinan-telecom,wuhan-telecom,49.4215,0.0,icmp,1591743900,2020-06-09 23:05:00+00:00
80927910,jinan-telecom,wuhan-telecom,48.5843,0.0,icmp,1591744020,2020-06-09 23:07:00+00:00
80928157,jinan-telecom,wuhan-telecom,39.3117,0.0,icmp,1591744159,2020-06-09 23:09:19+00:00
80928366,jinan-telecom,wuhan-telecom,47.6306,0.0,icmp,1591744260,2020-06-09 23:11:00+00:00
80928596,jinan-telecom,wuhan-telecom,48.4636,0.0,icmp,1591744380,2020-06-09 23:13:00+00:00
80928842,jinan-telecom,wuhan-telecom,39.5098,0.0,icmp,1591744519,2020-06-09 23:15:19+00:00
80929081,jinan-telecom,wuhan-telecom,48.8894,0.0,icmp,1591744620,2020-06-09 23:17:00+00:00
80929283,jinan-telecom,wuhan-telecom,39.5826,0.0,icmp,1591744699,2020-06-09 23:18:19+00:00
80929520,jinan-telecom,wuhan-telecom,39.4179,0.0,icmp,1591744879,2020-06-09 23:21:19+00:00
85632538,jinan-telecom,wuhan-telecom,39.5591,0.0,icmp,1591744999,2020-06-09 23:23:19+00:00
85632768,jinan-telecom,wuhan-telecom,48.5656,0.0,icmp,1591745100,2020-06-09 23:25:00+00:00
85633012,jinan-telecom,wuhan-telecom,39.3604,0.0,icmp,1591745179,2020-06-09 23:26:19+00:00
85633242,jinan-telecom,wuhan-telecom,47.5165,0.0,icmp,1591745340,2020-06-09 23:29:00+00:00
85633472,jinan-telecom,wuhan-telecom,46.065,0.0,icmp,1591745460,2020-06-09 23:31:00+00:00
85633683,jinan-telecom,wuhan-telecom,39.324,0.0,icmp,1591745539,2020-06-09 23:32:19+00:00
85633890,jinan-telecom,wuhan-telecom,45.5832,0.0,icmp,1591745700,2020-06-09 23:35:00+00:00
85634119,jinan-telecom,wuhan-telecom,45.1337,0.0,icmp,1591745820,2020-06-09 23:37:00+00:00
85634357,jinan-telecom,wuhan-telecom,39.3268,0.0,icmp,1591745959,2020-06-09 23:39:19+00:00
85634614,jinan-telecom,wuhan-telecom,48.603,0.0,icmp,1591746060,2020-06-09 23:41:00+00:00
85634819,jinan-telecom,wuhan-telecom,47.5831,0.0,icmp,1591746180,2020-06-09 23:43:00+00:00
85635058,jinan-telecom,wuhan-telecom,39.3284,0.0,icmp,1591746319,2020-06-09 23:45:19+00:00
85635303,jinan-telecom,wuhan-telecom,47.9493,0.0,icmp,1591746420,2020-06-09 23:47:00+00:00
85635504,jinan-telecom,wuhan-telecom,47.5462,0.0,icmp,1591746540,2020-06-09 23:49:00+00:00
85635759,jinan-telecom,wuhan-telecom,47.4431,0.0,icmp,1591746660,2020-06-09 23:51:00+00:00
85635975,jinan-telecom,wuhan-telecom,39.9484,0.0,icmp,1591746725,2020-06-09 23:52:05+00:00
85636198,jinan-telecom,wuhan-telecom,47.2267,0.0,icmp,1591746900,2020-06-09 23:55:00+00:00
85636418,jinan-telecom,wuhan-telecom,48.0637,0.0,icmp,1591747020,2020-06-09 23:57:00+00:00
85636647,jinan-telecom,wuhan-telecom,44.8497,0.0,icmp,1591747140,2020-06-09 23:59:00+00:00
85636899,jinan-telecom,wuhan-telecom,46.4619,0.0,icmp,1591747260,2020-06-10 00:01:00+00:00
85637122,jinan-telecom,wuhan-telecom,47.1797,0.0,icmp,1591747380,2020-06-10 00:03:00+00:00
85637351,jinan-telecom,wuhan-telecom,39.8107,0.0,icmp,1591747500,2020-06-10 00:05:00+00:00
85637591,jinan-telecom,wuhan-telecom,39.6569,0.0,icmp,1591747579,2020-06-10 00:06:19+00:00
85637800,jinan-telecom,wuhan-telecom,50.2796,0.0,icmp,1591747740,2020-06-10 00:09:00+00:00
85638049,jinan-telecom,wuhan-telecom,39.3632,0.0,icmp,1591747879,2020-06-10 00:11:19+00:00
85638255,jinan-telecom,wuhan-telecom,46.3103,0.0,icmp,1591747980,2020-06-10 00:13:00+00:00
85638485,jinan-telecom,wuhan-telecom,39.3554,0.0,icmp,1591748119,2020-06-10 00:15:19+00:00
85638722,jinan-telecom,wuhan-telecom,45.0618,0.0,icmp,1591748220,2020-06-10 00:17:00+00:00
85638946,jinan-telecom,wuhan-telecom,39.5444,0.0,icmp,1591748359,2020-06-10 00:19:19+00:00
85639192,jinan-telecom,wuhan-telecom,45.4435,0.0,icmp,1591748460,2020-06-10 00:21:00+00:00
85639409,jinan-telecom,wuhan-telecom,47.834,0.0,icmp,1591748580,2020-06-10 00:23:00+00:00
85639627,jinan-telecom,wuhan-telecom,39.3392,0.0,icmp,1591748719,2020-06-10 00:25:19+00:00
85639854,jinan-telecom,wuhan-telecom,39.3392,0.0,icmp,1591748839,2020-06-10 00:27:19+00:00
85640088,jinan-telecom,wuhan-telecom,39.3209,0.0,icmp,1591748959,2020-06-10 00:29:19+00:00
85640324,jinan-telecom,wuhan-telecom,46.3951,0.0,icmp,1591749060,2020-06-10 00:31:00+00:00
85640555,jinan-telecom,wuhan-telecom,46.5048,0.0,icmp,1591749180,2020-06-10 00:33:00+00:00
85640770,jinan-telecom,wuhan-telecom,44.8868,0.0,icmp,1591749300,2020-06-10 00:35:00+00:00
85641018,jinan-telecom,wuhan-telecom,48.8211,0.0,icmp,1591749420,2020-06-10 00:37:00+00:00
85641232,jinan-telecom,wuhan-telecom,47.3378,0.0,icmp,1591749540,2020-06-10 00:39:00+00:00
85641461,jinan-telecom,wuhan-telecom,39.4459,0.0,icmp,1591749619,2020-06-10 00:40:19+00:00
85641693,jinan-telecom,wuhan-telecom,51.3533,0.0,icmp,1591749780,2020-06-10 00:43:00+00:00
85641914,jinan-telecom,wuhan-telecom,47.1839,0.0,icmp,1591749900,2020-06-10 00:45:00+00:00
85642159,jinan-telecom,wuhan-telecom,49.4029,0.0,icmp,1591750020,2020-06-10 00:47:00+00:00
85642392,jinan-telecom,wuhan-telecom,48.8495,0.0,icmp,1591750140,2020-06-10 00:49:00+00:00
85642606,jinan-telecom,wuhan-telecom,45.0594,0.0,icmp,1591750260,2020-06-10 00:51:00+00:00
85642831,jinan-telecom,wuhan-telecom,47.7723,0.0,icmp,1591750380,2020-06-10 00:53:00+00:00
85643064,jinan-telecom,wuhan-telecom,47.0237,0.0,icmp,1591750500,2020-06-10 00:55:00+00:00
85643298,jinan-telecom,wuhan-telecom,46.4296,0.0,icmp,1591750620,2020-06-10 00:57:00+00:00
85643543,jinan-telecom,wuhan-telecom,46.3026,0.0,icmp,1591750740,2020-06-10 00:59:00+00:00
85643763,jinan-telecom,wuhan-telecom,39.369,0.0,icmp,1591750819,2020-06-10 01:00:19+00:00
85643993,jinan-telecom,wuhan-telecom,39.5463,0.0,icmp,1591750939,2020-06-10 01:02:19+00:00
85644232,jinan-telecom,wuhan-telecom,39.4533,0.0,icmp,1591751119,2020-06-10 01:05:19+00:00
85644429,jinan-telecom,wuhan-telecom,48.3465,0.0,icmp,1591751220,2020-06-10 01:07:00+00:00
85644678,jinan-telecom,wuhan-telecom,39.3284,0.0,icmp,1591751359,2020-06-10 01:09:19+00:00
85644915,jinan-telecom,wuhan-telecom,46.3335,0.0,icmp,1591751460,2020-06-10 01:11:00+00:00
85645161,jinan-telecom,wuhan-telecom,39.5491,0.0,icmp,1591751599,2020-06-10 01:13:19+00:00
85645350,jinan-telecom,wuhan-telecom,46.9268,0.0,icmp,1591751700,2020-06-10 01:15:00+00:00
85645588,jinan-telecom,wuhan-telecom,48.8347,0.0,icmp,1591751820,2020-06-10 01:17:00+00:00
85645835,jinan-telecom,wuhan-telecom,39.5093,0.0,icmp,1591751899,2020-06-10 01:18:19+00:00
85646057,jinan-telecom,wuhan-telecom,47.7765,0.0,icmp,1591752060,2020-06-10 01:21:00+00:00
85646285,jinan-telecom,wuhan-telecom,48.1206,0.0,icmp,1591752180,2020-06-10 01:23:00+00:00
85646505,jinan-telecom,wuhan-telecom,46.6715,0.0,icmp,1591752300,2020-06-10 01:25:00+00:00
85646723,jinan-telecom,wuhan-telecom,45.3553,0.0,icmp,1591752420,2020-06-10 01:27:00+00:00
85646952,jinan-telecom,wuhan-telecom,45.9826,0.0,icmp,1591752540,2020-06-10 01:29:00+00:00
85647182,jinan-telecom,wuhan-telecom,49.6958,0.0,icmp,1591752660,2020-06-10 01:31:00+00:00
85647431,jinan-telecom,wuhan-telecom,47.2253,0.0,icmp,1591752780,2020-06-10 01:33:00+00:00
85647652,jinan-telecom,wuhan-telecom,49.2347,0.0,icmp,1591752900,2020-06-10 01:35:00+00:00
85647884,jinan-telecom,wuhan-telecom,45.2937,0.0,icmp,1591753020,2020-06-10 01:37:00+00:00
85648117,jinan-telecom,wuhan-telecom,47.6236,0.0,icmp,1591753140,2020-06-10 01:39:00+00:00
85648326,jinan-telecom,wuhan-telecom,39.3721,0.0,icmp,1591753279,2020-06-10 01:41:19+00:00
85648578,jinan-telecom,wuhan-telecom,50.1131,0.0,icmp,1591753380,2020-06-10 01:43:00+00:00
85648793,jinan-telecom,wuhan-telecom,47.9601,0.0,icmp,1591753500,2020-06-10 01:45:00+00:00
85649040,jinan-telecom,wuhan-telecom,49.282,0.0,icmp,1591753620,2020-06-10 01:47:00+00:00
85649263,jinan-telecom,wuhan-telecom,47.4621,0.0,icmp,1591753740,2020-06-10 01:49:00+00:00
85649496,jinan-telecom,wuhan-telecom,48.972,0.0,icmp,1591753860,2020-06-10 01:51:00+00:00
85649714,jinan-telecom,wuhan-telecom,49.3234,0.0,icmp,1591753980,2020-06-10 01:53:00+00:00
85649955,jinan-telecom,wuhan-telecom,46.3198,0.0,icmp,1591754100,2020-06-10 01:55:00+00:00
85650177,jinan-telecom,wuhan-telecom,48.4295,0.0,icmp,1591754220,2020-06-10 01:57:00+00:00
85650392,jinan-telecom,wuhan-telecom,45.3425,0.0,icmp,1591754340,2020-06-10 01:59:00+00:00
85650633,jinan-telecom,wuhan-telecom,46.7141,0.0,icmp,1591754460,2020-06-10 02:01:00+00:00
85650853,jinan-telecom,wuhan-telecom,39.7663,0.0,icmp,1591754539,2020-06-10 02:02:19+00:00
85651089,jinan-telecom,wuhan-telecom,46.292,0.0,icmp,1591754700,2020-06-10 02:05:00+00:00
85651315,jinan-telecom,wuhan-telecom,47.5676,0.0,icmp,1591754820,2020-06-10 02:07:00+00:00
85651550,jinan-telecom,wuhan-telecom,39.3341,0.0,icmp,1591754899,2020-06-10 02:08:19+00:00
85651759,jinan-telecom,wuhan-telecom,51.1962,0.0,icmp,1591755060,2020-06-10 02:11:00+00:00
85652010,jinan-telecom,wuhan-telecom,50.1893,0.0,icmp,1591755180,2020-06-10 02:13:00+00:00
85652219,jinan-telecom,wuhan-telecom,39.3685,0.0,icmp,1591755319,2020-06-10 02:15:19+00:00
85652466,jinan-telecom,wuhan-telecom,45.591,0.0,icmp,1591755420,2020-06-10 02:17:00+00:00
85652677,jinan-telecom,wuhan-telecom,39.3838,0.0,icmp,1591755499,2020-06-10 02:18:19+00:00
85652921,jinan-telecom,wuhan-telecom,50.8496,0.0,icmp,1591755660,2020-06-10 02:21:00+00:00
85653149,jinan-telecom,wuhan-telecom,46.8655,0.0,icmp,1591755780,2020-06-10 02:23:00+00:00
85653391,jinan-telecom,wuhan-telecom,46.5378,0.0,icmp,1591755900,2020-06-10 02:25:00+00:00
85653600,jinan-telecom,wuhan-telecom,50.087,0.0,icmp,1591756020,2020-06-10 02:27:00+00:00
85653838,jinan-telecom,wuhan-telecom,48.355,0.0,icmp,1591756140,2020-06-10 02:29:00+00:00
85654074,jinan-telecom,wuhan-telecom,46.7213,0.0,icmp,1591756260,2020-06-10 02:31:00+00:00
85654305,jinan-telecom,wuhan-telecom,43.4945,0.0,icmp,1591756380,2020-06-10 02:33:00+00:00
85654535,jinan-telecom,wuhan-telecom,50.6037,0.0,icmp,1591756500,2020-06-10 02:35:00+00:00
85654745,jinan-telecom,wuhan-telecom,46.1427,0.0,icmp,1591756620,2020-06-10 02:37:00+00:00
85654968,jinan-telecom,wuhan-telecom,39.4889,0.0,icmp,1591756699,2020-06-10 02:38:19+00:00
85655211,jinan-telecom,wuhan-telecom,39.4533,0.0,icmp,1591756819,2020-06-10 02:40:19+00:00
85655441,jinan-telecom,wuhan-telecom,48.8476,0.0,icmp,1591756980,2020-06-10 02:43:00+00:00
85655673,jinan-telecom,wuhan-telecom,48.5152,0.0,icmp,1591757100,2020-06-10 02:45:00+00:00
85655911,jinan-telecom,wuhan-telecom,43.5234,0.0,icmp,1591757220,2020-06-10 02:47:00+00:00
85656114,jinan-telecom,wuhan-telecom,39.5548,0.0,icmp,1591757299,2020-06-10 02:48:19+00:00
85656355,jinan-telecom,wuhan-telecom,48.4567,0.0,icmp,1591757460,2020-06-10 02:51:00+00:00
85656593,jinan-telecom,wuhan-telecom,49.3258,0.0,icmp,1591757580,2020-06-10 02:53:00+00:00
85656817,jinan-telecom,wuhan-telecom,39.4129,0.0,icmp,1591757659,2020-06-10 02:54:19+00:00
85657050,jinan-telecom,wuhan-telecom,47.7431,0.0,icmp,1591757820,2020-06-10 02:57:00+00:00
85657287,jinan-telecom,wuhan-telecom,39.4609,0.0,icmp,1591757959,2020-06-10 02:59:19+00:00
85657507,jinan-telecom,wuhan-telecom,40.952,0.0,icmp,1591758060,2020-06-10 03:01:00+00:00
85657730,jinan-telecom,wuhan-telecom,39.3334,0.0,icmp,1591758199,2020-06-10 03:03:19+00:00
85657970,jinan-telecom,wuhan-telecom,47.5962,0.0,icmp,1591758300,2020-06-10 03:05:00+00:00
85658175,jinan-telecom,wuhan-telecom,41.6536,0.0,icmp,1591758420,2020-06-10 03:07:00+00:00
85658423,jinan-telecom,wuhan-telecom,39.3264,0.0,icmp,1591758559,2020-06-10 03:09:19+00:00
85658648,jinan-telecom,wuhan-telecom,48.2063,0.0,icmp,1591758660,2020-06-10 03:11:00+00:00
85658883,jinan-telecom,wuhan-telecom,48.6236,0.0,icmp,1591758780,2020-06-10 03:13:00+00:00
85659111,jinan-telecom,wuhan-telecom,49.9202,0.0,icmp,1591758900,2020-06-10 03:15:00+00:00
85659344,jinan-telecom,wuhan-telecom,47.1359,0.0,icmp,1591759020,2020-06-10 03:17:00+00:00
85659571,jinan-telecom,wuhan-telecom,42.9138,0.0,icmp,1591759140,2020-06-10 03:19:00+00:00
85659787,jinan-telecom,wuhan-telecom,48.1208,0.0,icmp,1591759260,2020-06-10 03:21:00+00:00
85660031,jinan-telecom,wuhan-telecom,50.1669,0.0,icmp,1591759380,2020-06-10 03:23:00+00:00
85660240,jinan-telecom,wuhan-telecom,47.5697,0.0,icmp,1591759500,2020-06-10 03:25:00+00:00
85660474,jinan-telecom,wuhan-telecom,47.5927,0.0,icmp,1591759620,2020-06-10 03:27:00+00:00
85660705,jinan-telecom,wuhan-telecom,48.0822,0.0,icmp,1591759740,2020-06-10 03:29:00+00:00
85660947,jinan-telecom,wuhan-telecom,47.4207,0.0,icmp,1591759860,2020-06-10 03:31:00+00:00
85661162,jinan-telecom,wuhan-telecom,44.9676,0.0,icmp,1591759980,2020-06-10 03:33:00+00:00
85661406,jinan-telecom,wuhan-telecom,47.8785,0.0,icmp,1591760100,2020-06-10 03:35:00+00:00
85661627,jinan-telecom,wuhan-telecom,39.3406,0.0,icmp,1591760179,2020-06-10 03:36:19+00:00
85661863,jinan-telecom,wuhan-telecom,47.39,0.0,icmp,1591760340,2020-06-10 03:39:00+00:00
85662094,jinan-telecom,wuhan-telecom,45.8097,0.0,icmp,1591760460,2020-06-10 03:41:00+00:00
85662324,jinan-telecom,wuhan-telecom,49.5514,0.0,icmp,1591760580,2020-06-10 03:43:00+00:00
85662541,jinan-telecom,wuhan-telecom,47.1253,0.0,icmp,1591760700,2020-06-10 03:45:00+00:00
85662755,jinan-telecom,wuhan-telecom,48.3381,0.0,icmp,1591760820,2020-06-10 03:47:00+00:00
85662982,jinan-telecom,wuhan-telecom,47.753,0.0,icmp,1591760940,2020-06-10 03:49:00+00:00
85663217,jinan-telecom,wuhan-telecom,50.585,0.0,icmp,1591761060,2020-06-10 03:51:00+00:00
85663441,jinan-telecom,wuhan-telecom,47.0494,0.0,icmp,1591761180,2020-06-10 03:53:00+00:00
85663702,jinan-telecom,wuhan-telecom,45.5378,0.0,icmp,1591761300,2020-06-10 03:55:00+00:00
85663904,jinan-telecom,wuhan-telecom,51.3925,0.0,icmp,1591761420,2020-06-10 03:57:00+00:00
85664156,jinan-telecom,wuhan-telecom,39.3659,0.0,icmp,1591761499,2020-06-10 03:58:19+00:00
85664385,jinan-telecom,wuhan-telecom,39.4308,0.0,icmp,1591761619,2020-06-10 04:00:19+00:00
85664609,jinan-telecom,wuhan-telecom,39.3431,0.0,icmp,1591761739,2020-06-10 04:02:19+00:00
85664859,jinan-telecom,wuhan-telecom,42.7323,0.0,icmp,1591761905,2020-06-10 04:05:05+00:00
85665054,jinan-telecom,wuhan-telecom,47.5629,0.0,icmp,1591762020,2020-06-10 04:07:00+00:00
85665302,jinan-telecom,wuhan-telecom,47.3429,0.0,icmp,1591762140,2020-06-10 04:09:00+00:00
85665528,jinan-telecom,wuhan-telecom,48.0395,0.0,icmp,1591762260,2020-06-10 04:11:00+00:00
85665737,jinan-telecom,wuhan-telecom,39.8789,0.0,icmp,1591762399,2020-06-10 04:13:19+00:00
85665982,jinan-telecom,wuhan-telecom,48.9087,0.0,icmp,1591762500,2020-06-10 04:15:00+00:00
85666202,jinan-telecom,wuhan-telecom,40.9559,0.0,icmp,1591762620,2020-06-10 04:17:00+00:00
85666445,jinan-telecom,wuhan-telecom,39.4211,0.0,icmp,1591762745,2020-06-10 04:19:05+00:00
85666654,jinan-telecom,wuhan-telecom,39.3601,0.0,icmp,1591762879,2020-06-10 04:21:19+00:00
85666874,jinan-telecom,wuhan-telecom,47.7946,0.0,icmp,1591762980,2020-06-10 04:23:00+00:00
85667112,jinan-telecom,wuhan-telecom,48.8781,0.0,icmp,1591763100,2020-06-10 04:25:00+00:00
85667346,jinan-telecom,wuhan-telecom,49.556,0.0,icmp,1591763220,2020-06-10 04:27:00+00:00
85667589,jinan-telecom,wuhan-telecom,46.2836,0.0,icmp,1591763340,2020-06-10 04:29:00+00:00
85667791,jinan-telecom,wuhan-telecom,39.5565,0.0,icmp,1591763465,2020-06-10 04:31:05+00:00
85668022,jinan-telecom,wuhan-telecom,49.4022,0.0,icmp,1591763580,2020-06-10 04:33:00+00:00
85668270,jinan-telecom,wuhan-telecom,46.566,0.0,icmp,1591763700,2020-06-10 04:35:00+00:00
85668477,jinan-telecom,wuhan-telecom,46.4009,0.0,icmp,1591763820,2020-06-10 04:37:00+00:00
85668731,jinan-telecom,wuhan-telecom,39.7405,0.0,icmp,1591763899,2020-06-10 04:38:19+00:00
85668989,jinan-telecom,wuhan-telecom,47.5668,0.0,icmp,1591764060,2020-06-10 04:41:00+00:00
85669213,jinan-telecom,wuhan-telecom,47.1801,0.0,icmp,1591764180,2020-06-10 04:43:00+00:00
85669422,jinan-telecom,wuhan-telecom,39.5149,0.0,icmp,1591764244,2020-06-10 04:44:04+00:00
85669622,jinan-telecom,wuhan-telecom,50.0448,0.0,icmp,1591764420,2020-06-10 04:47:00+00:00
85669862,jinan-telecom,wuhan-telecom,40.5839,0.0,icmp,1591764540,2020-06-10 04:49:00+00:00
85670101,jinan-telecom,wuhan-telecom,47.5038,0.0,icmp,1591764660,2020-06-10 04:51:00+00:00
85670318,jinan-telecom,wuhan-telecom,43.9114,0.0,icmp,1591764780,2020-06-10 04:53:00+00:00
85670556,jinan-telecom,wuhan-telecom,49.655,0.0,icmp,1591764900,2020-06-10 04:55:00+00:00
85670778,jinan-telecom,wuhan-telecom,45.1824,0.0,icmp,1591765020,2020-06-10 04:57:00+00:00
85671010,jinan-telecom,wuhan-telecom,42.6658,0.0,icmp,1591765140,2020-06-10 04:59:00+00:00
85671249,jinan-telecom,wuhan-telecom,49.4287,0.0,icmp,1591765260,2020-06-10 05:01:00+00:00
85671475,jinan-telecom,wuhan-telecom,39.7118,0.0,icmp,1591765339,2020-06-10 05:02:19+00:00
85671691,jinan-telecom,wuhan-telecom,39.4846,0.0,icmp,1591765519,2020-06-10 05:05:19+00:00
85671915,jinan-telecom,wuhan-telecom,50.5038,0.0,icmp,1591765620,2020-06-10 05:07:00+00:00
85672152,jinan-telecom,wuhan-telecom,39.3725,0.0,icmp,1591765699,2020-06-10 05:08:19+00:00
85672380,jinan-telecom,wuhan-telecom,49.0848,0.0,icmp,1591765860,2020-06-10 05:11:00+00:00
85672616,jinan-telecom,wuhan-telecom,45.4485,0.0,icmp,1591765980,2020-06-10 05:13:00+00:00
85672854,jinan-telecom,wuhan-telecom,48.0714,0.0,icmp,1591766100,2020-06-10 05:15:00+00:00
85673079,jinan-telecom,wuhan-telecom,50.3586,0.0,icmp,1591766220,2020-06-10 05:17:00+00:00
85673287,jinan-telecom,wuhan-telecom,45.3744,0.0,icmp,1591766340,2020-06-10 05:19:00+00:00
85673524,jinan-telecom,wuhan-telecom,48.1367,0.0,icmp,1591766460,2020-06-10 05:21:00+00:00
85673780,jinan-telecom,wuhan-telecom,39.3735,0.0,icmp,1591766599,2020-06-10 05:23:19+00:00
85673979,jinan-telecom,wuhan-telecom,39.3784,0.0,icmp,1591766719,2020-06-10 05:25:19+00:00
85674221,jinan-telecom,wuhan-telecom,47.7063,0.0,icmp,1591766820,2020-06-10 05:27:00+00:00
85674462,jinan-telecom,wuhan-telecom,46.1463,0.0,icmp,1591766940,2020-06-10 05:29:00+00:00
85674669,jinan-telecom,wuhan-telecom,48.393,0.0,icmp,1591767060,2020-06-10 05:31:00+00:00
85674905,jinan-telecom,wuhan-telecom,47.2574,0.0,icmp,1591767180,2020-06-10 05:33:00+00:00
85675128,jinan-telecom,wuhan-telecom,47.3179,0.0,icmp,1591767300,2020-06-10 05:35:00+00:00
85675351,jinan-telecom,wuhan-telecom,43.4011,0.0,icmp,1591767420,2020-06-10 05:37:00+00:00
85675581,jinan-telecom,wuhan-telecom,48.7721,0.0,icmp,1591767540,2020-06-10 05:39:00+00:00
85675831,jinan-telecom,wuhan-telecom,39.7662,0.0,icmp,1591767679,2020-06-10 05:41:19+00:00
85676064,jinan-telecom,wuhan-telecom,50.9552,0.0,icmp,1591767780,2020-06-10 05:43:00+00:00
85676269,jinan-telecom,wuhan-telecom,47.6918,0.0,icmp,1591767900,2020-06-10 05:45:00+00:00
85676524,jinan-telecom,wuhan-telecom,39.5902,0.0,icmp,1591768039,2020-06-10 05:47:19+00:00
85676727,jinan-telecom,wuhan-telecom,46.6832,0.0,icmp,1591768140,2020-06-10 05:49:00+00:00
85676977,jinan-telecom,wuhan-telecom,47.0281,0.0,icmp,1591768260,2020-06-10 05:51:00+00:00
85677190,jinan-telecom,wuhan-telecom,46.325,0.0,icmp,1591768380,2020-06-10 05:53:00+00:00
85677431,jinan-telecom,wuhan-telecom,39.3357,0.0,icmp,1591768519,2020-06-10 05:55:19+00:00
85677623,jinan-telecom,wuhan-telecom,47.0352,0.0,icmp,1591768620,2020-06-10 05:57:00+00:00
85677877,jinan-telecom,wuhan-telecom,49.0892,0.0,icmp,1591768740,2020-06-10 05:59:00+00:00
85678121,jinan-telecom,wuhan-telecom,46.1385,0.0,icmp,1591768860,2020-06-10 06:01:00+00:00
85678343,jinan-telecom,wuhan-telecom,47.7811,0.0,icmp,1591768984,2020-06-10 06:03:04+00:00
85678570,jinan-telecom,wuhan-telecom,39.3325,0.0,icmp,1591769119,2020-06-10 06:05:19+00:00
85678783,jinan-telecom,wuhan-telecom,46.7402,0.0,icmp,1591769220,2020-06-10 06:07:00+00:00
85679040,jinan-telecom,wuhan-telecom,47.2786,0.0,icmp,1591769340,2020-06-10 06:09:00+00:00
85679247,jinan-telecom,wuhan-telecom,46.4554,0.0,icmp,1591769460,2020-06-10 06:11:00+00:00
85679495,jinan-telecom,wuhan-telecom,46.3206,0.0,icmp,1591769580,2020-06-10 06:13:00+00:00
85679722,jinan-telecom,wuhan-telecom,50.8104,0.0,icmp,1591769700,2020-06-10 06:15:00+00:00
85679948,jinan-telecom,wuhan-telecom,48.5749,0.0,icmp,1591769820,2020-06-10 06:17:00+00:00
85680185,jinan-telecom,wuhan-telecom,53.3358,0.0,icmp,1591769940,2020-06-10 06:19:00+00:00
85680414,jinan-telecom,wuhan-telecom,47.7747,0.0,icmp,1591770060,2020-06-10 06:21:00+00:00
85680623,jinan-telecom,wuhan-telecom,50.6139,0.0,icmp,1591770180,2020-06-10 06:23:00+00:00
85680868,jinan-telecom,wuhan-telecom,49.4836,0.0,icmp,1591770300,2020-06-10 06:25:00+00:00
85681087,jinan-telecom,wuhan-telecom,39.3676,0.0,icmp,1591770379,2020-06-10 06:26:19+00:00
85681307,jinan-telecom,wuhan-telecom,49.4251,0.0,icmp,1591770540,2020-06-10 06:29:00+00:00
85681544,jinan-telecom,wuhan-telecom,50.8241,0.0,icmp,1591770660,2020-06-10 06:31:00+00:00
85681762,jinan-telecom,wuhan-telecom,50.5991,0.0,icmp,1591770780,2020-06-10 06:33:00+00:00
85682012,jinan-telecom,wuhan-telecom,47.9462,0.0,icmp,1591770900,2020-06-10 06:35:00+00:00
85682237,jinan-telecom,wuhan-telecom,39.3727,0.0,icmp,1591770979,2020-06-10 06:36:19+00:00
85682467,jinan-telecom,wuhan-telecom,47.6678,0.0,icmp,1591771140,2020-06-10 06:39:00+00:00
85682689,jinan-telecom,wuhan-telecom,46.1562,0.0,icmp,1591771260,2020-06-10 06:41:00+00:00
85682928,jinan-telecom,wuhan-telecom,47.4937,0.0,icmp,1591771380,2020-06-10 06:43:00+00:00
85683148,jinan-telecom,wuhan-telecom,49.3923,0.0,icmp,1591771500,2020-06-10 06:45:00+00:00
85683386,jinan-telecom,wuhan-telecom,39.6272,0.0,icmp,1591771579,2020-06-10 06:46:19+00:00
85683597,jinan-telecom,wuhan-telecom,41.0473,0.0,icmp,1591771745,2020-06-10 06:49:05+00:00
85683841,jinan-telecom,wuhan-telecom,48.8772,0.0,icmp,1591771860,2020-06-10 06:51:00+00:00
85684061,jinan-telecom,wuhan-telecom,46.5828,0.0,icmp,1591771980,2020-06-10 06:53:00+00:00
85684322,jinan-telecom,wuhan-telecom,49.4995,0.0,icmp,1591772100,2020-06-10 06:55:00+00:00
85684523,jinan-telecom,wuhan-telecom,42.8111,0.0,icmp,1591772220,2020-06-10 06:57:00+00:00
85684752,jinan-telecom,wuhan-telecom,46.9547,0.0,icmp,1591772340,2020-06-10 06:59:00+00:00
85684977,jinan-telecom,wuhan-telecom,46.7315,0.0,icmp,1591772460,2020-06-10 07:01:00+00:00
85685214,jinan-telecom,wuhan-telecom,46.9851,0.0,icmp,1591772580,2020-06-10 07:03:00+00:00
85685435,jinan-telecom,wuhan-telecom,39.3471,0.0,icmp,1591772659,2020-06-10 07:04:19+00:00
85685673,jinan-telecom,wuhan-telecom,47.992,0.0,icmp,1591772820,2020-06-10 07:07:00+00:00
85685894,jinan-telecom,wuhan-telecom,46.861,0.0,icmp,1591772940,2020-06-10 07:09:00+00:00
85686136,jinan-telecom,wuhan-telecom,50.9327,0.0,icmp,1591773060,2020-06-10 07:11:00+00:00
85686340,jinan-telecom,wuhan-telecom,39.4459,0.0,icmp,1591773139,2020-06-10 07:12:19+00:00
85686564,jinan-telecom,wuhan-telecom,40.0089,0.0,icmp,1591773244,2020-06-10 07:14:04+00:00
85686806,jinan-telecom,wuhan-telecom,39.4446,0.0,icmp,1591773379,2020-06-10 07:16:19+00:00
85687054,jinan-telecom,wuhan-telecom,49.2183,0.0,icmp,1591773540,2020-06-10 07:19:00+00:00
85687274,jinan-telecom,wuhan-telecom,39.355,0.0,icmp,1591773679,2020-06-10 07:21:19+00:00
85687505,jinan-telecom,wuhan-telecom,46.4096,0.0,icmp,1591773780,2020-06-10 07:23:00+00:00
85687742,jinan-telecom,wuhan-telecom,48.9824,0.0,icmp,1591773900,2020-06-10 07:25:00+00:00
85687948,jinan-telecom,wuhan-telecom,49.4549,0.0,icmp,1591774020,2020-06-10 07:27:00+00:00
85688193,jinan-telecom,wuhan-telecom,46.7054,0.0,icmp,1591774140,2020-06-10 07:29:00+00:00
85688429,jinan-telecom,wuhan-telecom,48.3598,0.0,icmp,1591774260,2020-06-10 07:31:00+00:00
85688661,jinan-telecom,wuhan-telecom,49.2367,0.0,icmp,1591774380,2020-06-10 07:33:00+00:00
85688887,jinan-telecom,wuhan-telecom,47.9112,0.0,icmp,1591774500,2020-06-10 07:35:00+00:00
85689103,jinan-telecom,wuhan-telecom,47.7587,0.0,icmp,1591774620,2020-06-10 07:37:00+00:00
85689331,jinan-telecom,wuhan-telecom,47.3273,0.0,icmp,1591774740,2020-06-10 07:39:00+00:00
85689580,jinan-telecom,wuhan-telecom,39.7206,0.0,icmp,1591774879,2020-06-10 07:41:19+00:00
85689803,jinan-telecom,wuhan-telecom,47.767,0.0,icmp,1591774980,2020-06-10 07:43:00+00:00
85690027,jinan-telecom,wuhan-telecom,46.4644,0.0,icmp,1591775100,2020-06-10 07:45:00+00:00
85690237,jinan-telecom,wuhan-telecom,39.393,0.0,icmp,1591775239,2020-06-10 07:47:19+00:00
85690489,jinan-telecom,wuhan-telecom,48.0593,0.0,icmp,1591775340,2020-06-10 07:49:00+00:00
85690727,jinan-telecom,wuhan-telecom,48.7253,0.0,icmp,1591775460,2020-06-10 07:51:00+00:00
85690933,jinan-telecom,wuhan-telecom,46.074,0.0,icmp,1591775580,2020-06-10 07:53:00+00:00
85691173,jinan-telecom,wuhan-telecom,47.1466,0.0,icmp,1591775700,2020-06-10 07:55:00+00:00
85691380,jinan-telecom,wuhan-telecom,39.7985,0.0,icmp,1591775824,2020-06-10 07:57:04+00:00
85691632,jinan-telecom,wuhan-telecom,47.8254,0.0,icmp,1591775940,2020-06-10 07:59:00+00:00
85691843,jinan-telecom,wuhan-telecom,39.4157,0.0,icmp,1591776019,2020-06-10 08:00:19+00:00
85692069,jinan-telecom,wuhan-telecom,47.9435,0.0,icmp,1591776180,2020-06-10 08:03:00+00:00
85692310,jinan-telecom,wuhan-telecom,47.6982,0.0,icmp,1591776300,2020-06-10 08:05:00+00:00
85692551,jinan-telecom,wuhan-telecom,39.3875,0.0,icmp,1591776379,2020-06-10 08:06:19+00:00
85692775,jinan-telecom,wuhan-telecom,47.2464,0.0,icmp,1591776540,2020-06-10 08:09:00+00:00
85692996,jinan-telecom,wuhan-telecom,39.5648,0.0,icmp,1591776605,2020-06-10 08:10:05+00:00
85693239,jinan-telecom,wuhan-telecom,47.5048,0.0,icmp,1591776780,2020-06-10 08:13:00+00:00
85693462,jinan-telecom,wuhan-telecom,39.4788,0.0,icmp,1591776905,2020-06-10 08:15:05+00:00
85693678,jinan-telecom,wuhan-telecom,46.2273,0.0,icmp,1591777020,2020-06-10 08:17:00+00:00
85693905,jinan-telecom,wuhan-telecom,52.4464,0.0,icmp,1591777140,2020-06-10 08:19:00+00:00
85694153,jinan-telecom,wuhan-telecom,47.0945,0.0,icmp,1591777260,2020-06-10 08:21:00+00:00
85694372,jinan-telecom,wuhan-telecom,49.7359,0.0,icmp,1591777380,2020-06-10 08:23:00+00:00
85694607,jinan-telecom,wuhan-telecom,41.2341,0.0,icmp,1591777500,2020-06-10 08:25:00+00:00
85694841,jinan-telecom,wuhan-telecom,39.3655,0.0,icmp,1591777579,2020-06-10 08:26:19+00:00
85695048,jinan-telecom,wuhan-telecom,48.0048,0.0,icmp,1591777740,2020-06-10 08:29:00+00:00
85695277,jinan-telecom,wuhan-telecom,49.987,0.0,icmp,1591777860,2020-06-10 08:31:00+00:00
85695518,jinan-telecom,wuhan-telecom,39.6951,0.0,icmp,1591777939,2020-06-10 08:32:19+00:00
85695754,jinan-telecom,wuhan-telecom,48.1743,0.0,icmp,1591778100,2020-06-10 08:35:00+00:00
85695966,jinan-telecom,wuhan-telecom,39.5193,0.0,icmp,1591778179,2020-06-10 08:36:19+00:00
85696190,jinan-telecom,wuhan-telecom,47.8592,0.0,icmp,1591778340,2020-06-10 08:39:00+00:00
85696435,jinan-telecom,wuhan-telecom,39.5295,0.0,icmp,1591778479,2020-06-10 08:41:19+00:00
85696651,jinan-telecom,wuhan-telecom,49.3852,0.0,icmp,1591778580,2020-06-10 08:43:00+00:00
85696876,jinan-telecom,wuhan-telecom,48.3381,0.0,icmp,1591778700,2020-06-10 08:45:00+00:00
85697101,jinan-telecom,wuhan-telecom,48.0197,0.0,icmp,1591778820,2020-06-10 08:47:00+00:00
85697339,jinan-telecom,wuhan-telecom,47.5075,0.0,icmp,1591778940,2020-06-10 08:49:00+00:00
85697576,jinan-telecom,wuhan-telecom,49.189,0.0,icmp,1591779060,2020-06-10 08:51:00+00:00
85697802,jinan-telecom,wuhan-telecom,45.6189,0.0,icmp,1591779180,2020-06-10 08:53:00+00:00
85698013,jinan-telecom,wuhan-telecom,39.4796,0.0,icmp,1591779259,2020-06-10 08:54:19+00:00
85698271,jinan-telecom,wuhan-telecom,39.4533,0.0,icmp,1591779439,2020-06-10 08:57:19+00:00
85698482,jinan-telecom,wuhan-telecom,48.674,0.0,icmp,1591779540,2020-06-10 08:59:00+00:00
85698717,jinan-telecom,wuhan-telecom,48.0151,0.0,icmp,1591779660,2020-06-10 09:01:00+00:00
85698949,jinan-telecom,wuhan-telecom,48.4646,0.0,icmp,1591779780,2020-06-10 09:03:00+00:00
85699194,jinan-telecom,wuhan-telecom,39.3887,0.0,icmp,1591779919,2020-06-10 09:05:19+00:00
85699401,jinan-telecom,wuhan-telecom,48.3592,0.0,icmp,1591780020,2020-06-10 09:07:00+00:00
85699646,jinan-telecom,wuhan-telecom,45.3076,0.0,icmp,1591780140,2020-06-10 09:09:00+00:00
85699880,jinan-telecom,wuhan-telecom,39.4522,0.0,icmp,1591780219,2020-06-10 09:10:19+00:00
85700096,jinan-telecom,wuhan-telecom,49.0507,0.0,icmp,1591780380,2020-06-10 09:13:00+00:00
85700333,jinan-telecom,wuhan-telecom,50.3254,0.0,icmp,1591780500,2020-06-10 09:15:00+00:00
85700560,jinan-telecom,wuhan-telecom,47.1621,0.0,icmp,1591780620,2020-06-10 09:17:00+00:00
85700796,jinan-telecom,wuhan-telecom,48.3614,0.0,icmp,1591780740,2020-06-10 09:19:00+00:00
85701023,jinan-telecom,wuhan-telecom,48.4365,0.0,icmp,1591780860,2020-06-10 09:21:00+00:00
85701245,jinan-telecom,wuhan-telecom,46.8455,0.0,icmp,1591780980,2020-06-10 09:23:00+00:00
85701456,jinan-telecom,wuhan-telecom,46.2851,0.0,icmp,1591781100,2020-06-10 09:25:00+00:00
85701695,jinan-telecom,wuhan-telecom,46.7204,0.0,icmp,1591781220,2020-06-10 09:27:00+00:00
85701926,jinan-telecom,wuhan-telecom,44.4386,0.0,icmp,1591781340,2020-06-10 09:29:00+00:00
85702142,jinan-telecom,wuhan-telecom,50.1244,0.0,icmp,1591781460,2020-06-10 09:31:00+00:00
85702380,jinan-telecom,wuhan-telecom,43.9786,0.0,icmp,1591781580,2020-06-10 09:33:00+00:00
85702608,jinan-telecom,wuhan-telecom,49.103,0.0,icmp,1591781700,2020-06-10 09:35:00+00:00
85702836,jinan-telecom,wuhan-telecom,39.8358,0.0,icmp,1591781839,2020-06-10 09:37:19+00:00
85703063,jinan-telecom,wuhan-telecom,39.3709,0.0,icmp,1591781959,2020-06-10 09:39:19+00:00
85703296,jinan-telecom,wuhan-telecom,49.5616,0.0,icmp,1591782060,2020-06-10 09:41:00+00:00
85703534,jinan-telecom,wuhan-telecom,51.744,0.0,icmp,1591782180,2020-06-10 09:43:00+00:00
85703758,jinan-telecom,wuhan-telecom,46.4325,0.0,icmp,1591782300,2020-06-10 09:45:00+00:00
85704003,jinan-telecom,wuhan-telecom,39.692,0.0,icmp,1591782420,2020-06-10 09:47:00+00:00
85704220,jinan-telecom,wuhan-telecom,39.575,0.0,icmp,1591782499,2020-06-10 09:48:19+00:00
85704462,jinan-telecom,wuhan-telecom,39.3617,0.0,icmp,1591782679,2020-06-10 09:51:19+00:00
85704683,jinan-telecom,wuhan-telecom,39.4115,0.0,icmp,1591782799,2020-06-10 09:53:19+00:00
85704900,jinan-telecom,wuhan-telecom,45.6797,0.0,icmp,1591782900,2020-06-10 09:55:00+00:00
85705124,jinan-telecom,wuhan-telecom,39.4982,0.0,icmp,1591782965,2020-06-10 09:56:05+00:00
85705367,jinan-telecom,wuhan-telecom,39.3432,0.0,icmp,1591783099,2020-06-10 09:58:19+00:00
85705610,jinan-telecom,wuhan-telecom,39.3376,0.0,icmp,1591783219,2020-06-10 10:00:19+00:00
85705816,jinan-telecom,wuhan-telecom,47.5467,0.0,icmp,1591783380,2020-06-10 10:03:00+00:00
85706049,jinan-telecom,wuhan-telecom,48.7983,0.0,icmp,1591783500,2020-06-10 10:05:00+00:00
85706290,jinan-telecom,wuhan-telecom,48.1247,0.0,icmp,1591783620,2020-06-10 10:07:00+00:00
85706504,jinan-telecom,wuhan-telecom,46.1338,0.0,icmp,1591783740,2020-06-10 10:09:00+00:00
85706722,jinan-telecom,wuhan-telecom,39.5051,0.0,icmp,1591783819,2020-06-10 10:10:19+00:00
85706944,jinan-telecom,wuhan-telecom,47.1123,0.0,icmp,1591783980,2020-06-10 10:13:00+00:00
85707199,jinan-telecom,wuhan-telecom,45.838,0.0,icmp,1591784100,2020-06-10 10:15:00+00:00
85707412,jinan-telecom,wuhan-telecom,46.7586,0.0,icmp,1591784220,2020-06-10 10:17:00+00:00
85707637,jinan-telecom,wuhan-telecom,39.552,0.0,icmp,1591784359,2020-06-10 10:19:19+00:00
85707869,jinan-telecom,wuhan-telecom,46.0318,0.0,icmp,1591784460,2020-06-10 10:21:00+00:00
85708111,jinan-telecom,wuhan-telecom,42.6424,0.0,icmp,1591784580,2020-06-10 10:23:00+00:00
85708329,jinan-telecom,wuhan-telecom,47.8977,0.0,icmp,1591784700,2020-06-10 10:25:00+00:00
85708566,jinan-telecom,wuhan-telecom,48.1777,0.0,icmp,1591784820,2020-06-10 10:27:00+00:00
85708796,jinan-telecom,wuhan-telecom,52.3813,0.0,icmp,1591784940,2020-06-10 10:29:00+00:00
85709020,jinan-telecom,wuhan-telecom,47.7765,0.0,icmp,1591785060,2020-06-10 10:31:00+00:00
85709257,jinan-telecom,wuhan-telecom,43.8821,0.0,icmp,1591785180,2020-06-10 10:33:00+00:00
85709485,jinan-telecom,wuhan-telecom,39.3499,0.0,icmp,1591785259,2020-06-10 10:34:19+00:00
85709702,jinan-telecom,wuhan-telecom,45.6979,0.0,icmp,1591785420,2020-06-10 10:37:00+00:00
85709933,jinan-telecom,wuhan-telecom,46.6784,0.0,icmp,1591785540,2020-06-10 10:39:00+00:00
85710185,jinan-telecom,wuhan-telecom,48.425,0.0,icmp,1591785660,2020-06-10 10:41:00+00:00
85710414,jinan-telecom,wuhan-telecom,47.3767,0.0,icmp,1591785780,2020-06-10 10:43:00+00:00
85710623,jinan-telecom,wuhan-telecom,50.5605,0.0,icmp,1591785900,2020-06-10 10:45:00+00:00
85710847,jinan-telecom,wuhan-telecom,47.0405,0.0,icmp,1591786020,2020-06-10 10:47:00+00:00
85711078,jinan-telecom,wuhan-telecom,43.1087,0.0,icmp,1591786140,2020-06-10 10:49:00+00:00
85711308,jinan-telecom,wuhan-telecom,49.0127,0.0,icmp,1591786260,2020-06-10 10:51:00+00:00
85711534,jinan-telecom,wuhan-telecom,43.645,0.0,icmp,1591786380,2020-06-10 10:53:00+00:00
85711780,jinan-telecom,wuhan-telecom,49.0213,0.0,icmp,1591786500,2020-06-10 10:55:00+00:00
85711996,jinan-telecom,wuhan-telecom,46.5694,0.0,icmp,1591786620,2020-06-10 10:57:00+00:00
85712224,jinan-telecom,wuhan-telecom,50.6763,0.0,icmp,1591786740,2020-06-10 10:59:00+00:00
85712459,jinan-telecom,wuhan-telecom,39.5296,0.0,icmp,1591786805,2020-06-10 11:00:05+00:00
85712690,jinan-telecom,wuhan-telecom,39.3334,0.0,icmp,1591786939,2020-06-10 11:02:19+00:00
85712921,jinan-telecom,wuhan-telecom,39.4348,0.0,icmp,1591787059,2020-06-10 11:04:19+00:00
85713139,jinan-telecom,wuhan-telecom,46.2673,0.0,icmp,1591787220,2020-06-10 11:07:00+00:00
85713382,jinan-telecom,wuhan-telecom,39.3569,0.0,icmp,1591787299,2020-06-10 11:08:19+00:00
85713618,jinan-telecom,wuhan-telecom,49.9954,0.0,icmp,1591787460,2020-06-10 11:11:00+00:00
85713836,jinan-telecom,wuhan-telecom,39.4922,0.0,icmp,1591787539,2020-06-10 11:12:19+00:00
85714065,jinan-telecom,wuhan-telecom,48.75,0.0,icmp,1591787700,2020-06-10 11:15:00+00:00
85714280,jinan-telecom,wuhan-telecom,44.096,0.0,icmp,1591787820,2020-06-10 11:17:00+00:00
85714536,jinan-telecom,wuhan-telecom,49.239,0.0,icmp,1591787940,2020-06-10 11:19:00+00:00
85714763,jinan-telecom,wuhan-telecom,49.1977,0.0,icmp,1591788060,2020-06-10 11:21:00+00:00
85714971,jinan-telecom,wuhan-telecom,39.3321,0.0,icmp,1591788139,2020-06-10 11:22:19+00:00
85715217,jinan-telecom,wuhan-telecom,39.4571,0.0,icmp,1591788319,2020-06-10 11:25:19+00:00
85715423,jinan-telecom,wuhan-telecom,42.4194,0.0,icmp,1591788420,2020-06-10 11:27:00+00:00
85715658,jinan-telecom,wuhan-telecom,46.3589,0.0,icmp,1591788540,2020-06-10 11:29:00+00:00
85715919,jinan-telecom,wuhan-telecom,39.5273,0.0,icmp,1591788619,2020-06-10 11:30:19+00:00
85716133,jinan-telecom,wuhan-telecom,47.9014,0.0,icmp,1591788780,2020-06-10 11:33:00+00:00
85716333,jinan-telecom,wuhan-telecom,48.463,0.0,icmp,1591788900,2020-06-10 11:35:00+00:00
85716569,jinan-telecom,wuhan-telecom,39.6905,0.0,icmp,1591788964,2020-06-10 11:36:04+00:00
85716789,jinan-telecom,wuhan-telecom,46.8011,0.0,icmp,1591789140,2020-06-10 11:39:00+00:00
85717056,jinan-telecom,wuhan-telecom,39.584,0.0,icmp,1591789219,2020-06-10 11:40:19+00:00
85717264,jinan-telecom,wuhan-telecom,50.4012,0.0,icmp,1591789380,2020-06-10 11:43:00+00:00
85717484,jinan-telecom,wuhan-telecom,46.387,0.0,icmp,1591789500,2020-06-10 11:45:00+00:00
85717739,jinan-telecom,wuhan-telecom,48.4719,0.0,icmp,1591789620,2020-06-10 11:47:00+00:00
85717969,jinan-telecom,wuhan-telecom,46.2195,0.0,icmp,1591789740,2020-06-10 11:49:00+00:00
85718177,jinan-telecom,wuhan-telecom,46.6853,0.0,icmp,1591789860,2020-06-10 11:51:00+00:00
85718430,jinan-telecom,wuhan-telecom,46.2028,0.0,icmp,1591789980,2020-06-10 11:53:00+00:00
85718660,jinan-telecom,wuhan-telecom,48.7721,0.0,icmp,1591790100,2020-06-10 11:55:00+00:00
85718879,jinan-telecom,wuhan-telecom,39.4688,0.0,icmp,1591790239,2020-06-10 11:57:19+00:00
85719112,jinan-telecom,wuhan-telecom,46.9604,0.0,icmp,1591790340,2020-06-10 11:59:00+00:00
85719327,jinan-telecom,wuhan-telecom,39.5795,0.0,icmp,1591790404,2020-06-10 12:00:04+00:00
85719570,jinan-telecom,wuhan-telecom,39.5505,0.0,icmp,1591790539,2020-06-10 12:02:19+00:00
85719789,jinan-telecom,wuhan-telecom,39.374,0.0,icmp,1591790659,2020-06-10 12:04:19+00:00
85720004,jinan-telecom,wuhan-telecom,39.3639,0.0,icmp,1591790779,2020-06-10 12:06:19+00:00
85720244,jinan-telecom,wuhan-telecom,39.3502,0.0,icmp,1591790899,2020-06-10 12:08:19+00:00
85720482,jinan-telecom,wuhan-telecom,39.62,0.0,icmp,1591791019,2020-06-10 12:10:19+00:00
85720720,jinan-telecom,wuhan-telecom,39.5363,0.0,icmp,1591791199,2020-06-10 12:13:19+00:00
85720929,jinan-telecom,wuhan-telecom,49.8266,0.0,icmp,1591791300,2020-06-10 12:15:00+00:00
85721149,jinan-telecom,wuhan-telecom,42.7115,0.0,icmp,1591791420,2020-06-10 12:17:00+00:00
85721388,jinan-telecom,wuhan-telecom,50.1168,0.0,icmp,1591791540,2020-06-10 12:19:00+00:00
85721619,jinan-telecom,wuhan-telecom,48.0207,0.0,icmp,1591791660,2020-06-10 12:21:00+00:00
85721845,jinan-telecom,wuhan-telecom,49.5419,0.0,icmp,1591791780,2020-06-10 12:23:00+00:00
85722076,jinan-telecom,wuhan-telecom,47.754,0.0,icmp,1591791900,2020-06-10 12:25:00+00:00
85722319,jinan-telecom,wuhan-telecom,49.1722,0.0,icmp,1591792020,2020-06-10 12:27:00+00:00
85722544,jinan-telecom,wuhan-telecom,39.3657,0.0,icmp,1591792159,2020-06-10 12:29:19+00:00
85722755,jinan-telecom,wuhan-telecom,48.3196,0.0,icmp,1591792260,2020-06-10 12:31:00+00:00
85722987,jinan-telecom,wuhan-telecom,48.5121,0.0,icmp,1591792380,2020-06-10 12:33:00+00:00
85723232,jinan-telecom,wuhan-telecom,48.3278,0.0,icmp,1591792500,2020-06-10 12:35:00+00:00
85723465,jinan-telecom,wuhan-telecom,48.4356,0.0,icmp,1591792620,2020-06-10 12:37:00+00:00
85723699,jinan-telecom,wuhan-telecom,51.8191,0.0,icmp,1591792740,2020-06-10 12:39:00+00:00
85723909,jinan-telecom,wuhan-telecom,46.9273,0.0,icmp,1591792860,2020-06-10 12:41:00+00:00
85724135,jinan-telecom,wuhan-telecom,39.3521,0.0,icmp,1591792999,2020-06-10 12:43:19+00:00
85724368,jinan-telecom,wuhan-telecom,47.2298,0.0,icmp,1591793100,2020-06-10 12:45:00+00:00
85724611,jinan-telecom,wuhan-telecom,46.3194,0.0,icmp,1591793220,2020-06-10 12:47:00+00:00
85724826,jinan-telecom,wuhan-telecom,42.5386,0.0,icmp,1591793340,2020-06-10 12:49:00+00:00
85725070,jinan-telecom,wuhan-telecom,46.543,0.0,icmp,1591793460,2020-06-10 12:51:00+00:00
85725300,jinan-telecom,wuhan-telecom,39.3839,0.0,icmp,1591793539,2020-06-10 12:52:19+00:00
85725502,jinan-telecom,wuhan-telecom,48.0366,0.0,icmp,1591793700,2020-06-10 12:55:00+00:00
85725748,jinan-telecom,wuhan-telecom,39.3972,0.0,icmp,1591793779,2020-06-10 12:56:19+00:00
85725959,jinan-telecom,wuhan-telecom,45.5161,0.0,icmp,1591793940,2020-06-10 12:59:00+00:00
85726209,jinan-telecom,wuhan-telecom,40.1171,0.0,icmp,1591794079,2020-06-10 13:01:19+00:00
85726416,jinan-telecom,wuhan-telecom,52.1088,0.0,icmp,1591794180,2020-06-10 13:03:00+00:00
85726661,jinan-telecom,wuhan-telecom,51.0406,0.0,icmp,1591794300,2020-06-10 13:05:00+00:00
85726899,jinan-telecom,wuhan-telecom,48.3376,0.0,icmp,1591794420,2020-06-10 13:07:00+00:00
85727111,jinan-telecom,wuhan-telecom,46.4254,0.0,icmp,1591794540,2020-06-10 13:09:00+00:00
85727331,jinan-telecom,wuhan-telecom,46.4557,0.0,icmp,1591794660,2020-06-10 13:11:00+00:00
85727575,jinan-telecom,wuhan-telecom,39.6791,0.0,icmp,1591794799,2020-06-10 13:13:19+00:00
85727804,jinan-telecom,wuhan-telecom,48.6376,0.0,icmp,1591794900,2020-06-10 13:15:00+00:00
85728026,jinan-telecom,wuhan-telecom,42.0991,0.0,icmp,1591795020,2020-06-10 13:17:00+00:00
85728256,jinan-telecom,wuhan-telecom,48.4407,0.0,icmp,1591795140,2020-06-10 13:19:00+00:00
85728504,jinan-telecom,wuhan-telecom,39.359,0.0,icmp,1591795219,2020-06-10 13:20:19+00:00
85728732,jinan-telecom,wuhan-telecom,39.4434,0.0,icmp,1591795339,2020-06-10 13:22:19+00:00
85728951,jinan-telecom,wuhan-telecom,40.8567,0.0,icmp,1591795500,2020-06-10 13:25:00+00:00
85729189,jinan-telecom,wuhan-telecom,39.8823,0.0,icmp,1591795579,2020-06-10 13:26:19+00:00
85729414,jinan-telecom,wuhan-telecom,47.5648,0.0,icmp,1591795740,2020-06-10 13:29:00+00:00
85729652,jinan-telecom,wuhan-telecom,49.5329,0.0,icmp,1591795860,2020-06-10 13:31:00+00:00
85729881,jinan-telecom,wuhan-telecom,47.0445,0.0,icmp,1591795980,2020-06-10 13:33:00+00:00
85730084,jinan-telecom,wuhan-telecom,46.198,0.0,icmp,1591796100,2020-06-10 13:35:00+00:00
85730349,jinan-telecom,wuhan-telecom,39.4232,0.0,icmp,1591796179,2020-06-10 13:36:19+00:00
85730537,jinan-telecom,wuhan-telecom,47.5999,0.0,icmp,1591796340,2020-06-10 13:39:00+00:00
85730802,jinan-telecom,wuhan-telecom,39.3765,0.0,icmp,1591796419,2020-06-10 13:40:19+00:00
85731011,jinan-telecom,wuhan-telecom,39.6593,0.0,icmp,1591796539,2020-06-10 13:42:19+00:00
85731249,jinan-telecom,wuhan-telecom,47.1212,0.0,icmp,1591796700,2020-06-10 13:45:00+00:00
85731468,jinan-telecom,wuhan-telecom,49.9466,0.0,icmp,1591796820,2020-06-10 13:47:00+00:00
85731687,jinan-telecom,wuhan-telecom,48.3611,0.0,icmp,1591796940,2020-06-10 13:49:00+00:00
85731918,jinan-telecom,wuhan-telecom,45.9217,0.0,icmp,1591797060,2020-06-10 13:51:00+00:00
85732154,jinan-telecom,wuhan-telecom,47.1084,0.0,icmp,1591797180,2020-06-10 13:53:00+00:00
85732393,jinan-telecom,wuhan-telecom,42.4666,0.0,icmp,1591797300,2020-06-10 13:55:00+00:00
85732597,jinan-telecom,wuhan-telecom,47.4404,0.0,icmp,1591797420,2020-06-10 13:57:00+00:00
85732835,jinan-telecom,wuhan-telecom,46.9899,0.0,icmp,1591797540,2020-06-10 13:59:00+00:00
85733061,jinan-telecom,wuhan-telecom,39.3662,0.0,icmp,1591797619,2020-06-10 14:00:19+00:00
85733326,jinan-telecom,wuhan-telecom,39.3904,0.0,icmp,1591797799,2020-06-10 14:03:19+00:00
85733530,jinan-telecom,wuhan-telecom,48.2865,0.0,icmp,1591797900,2020-06-10 14:05:00+00:00
85733759,jinan-telecom,wuhan-telecom,48.0836,0.0,icmp,1591798020,2020-06-10 14:07:00+00:00
85733998,jinan-telecom,wuhan-telecom,46.7715,0.0,icmp,1591798140,2020-06-10 14:09:00+00:00
85734255,jinan-telecom,wuhan-telecom,49.0983,0.0,icmp,1591798260,2020-06-10 14:11:00+00:00
85734459,jinan-telecom,wuhan-telecom,39.3462,0.0,icmp,1591798399,2020-06-10 14:13:19+00:00
85734680,jinan-telecom,wuhan-telecom,46.2592,0.0,icmp,1591798500,2020-06-10 14:15:00+00:00
85734906,jinan-telecom,wuhan-telecom,48.6458,0.0,icmp,1591798620,2020-06-10 14:17:00+00:00
85735124,jinan-telecom,wuhan-telecom,46.386,0.0,icmp,1591798740,2020-06-10 14:19:00+00:00
85735356,jinan-telecom,wuhan-telecom,48.4484,0.0,icmp,1591798860,2020-06-10 14:21:00+00:00
85735580,jinan-telecom,wuhan-telecom,47.5323,0.0,icmp,1591798980,2020-06-10 14:23:00+00:00
85735821,jinan-telecom,wuhan-telecom,39.4337,0.0,icmp,1591799119,2020-06-10 14:25:19+00:00
85736030,jinan-telecom,wuhan-telecom,47.2664,0.0,icmp,1591799220,2020-06-10 14:27:00+00:00
85736270,jinan-telecom,wuhan-telecom,49.8421,0.0,icmp,1591799340,2020-06-10 14:29:00+00:00
85736519,jinan-telecom,wuhan-telecom,47.0253,0.0,icmp,1591799460,2020-06-10 14:31:00+00:00
85736722,jinan-telecom,wuhan-telecom,47.7119,0.0,icmp,1591799580,2020-06-10 14:33:00+00:00
85736952,jinan-telecom,wuhan-telecom,47.7558,0.0,icmp,1591799700,2020-06-10 14:35:00+00:00
85737201,jinan-telecom,wuhan-telecom,40.5854,0.0,icmp,1591799820,2020-06-10 14:37:00+00:00
85737415,jinan-telecom,wuhan-telecom,40.6528,0.0,icmp,1591799940,2020-06-10 14:39:00+00:00
85737650,jinan-telecom,wuhan-telecom,45.6956,0.0,icmp,1591800060,2020-06-10 14:41:00+00:00
85737863,jinan-telecom,wuhan-telecom,46.709,0.0,icmp,1591800180,2020-06-10 14:43:00+00:00
85738106,jinan-telecom,wuhan-telecom,45.9969,0.0,icmp,1591800300,2020-06-10 14:45:00+00:00
85738346,jinan-telecom,wuhan-telecom,50.5088,0.0,icmp,1591800420,2020-06-10 14:47:00+00:00
85738554,jinan-telecom,wuhan-telecom,39.323,0.0,icmp,1591800499,2020-06-10 14:48:19+00:00
85738792,jinan-telecom,wuhan-telecom,48.5173,0.0,icmp,1591800660,2020-06-10 14:51:00+00:00
85739032,jinan-telecom,wuhan-telecom,46.8641,0.0,icmp,1591800780,2020-06-10 14:53:00+00:00
85739248,jinan-telecom,wuhan-telecom,47.8621,0.0,icmp,1591800900,2020-06-10 14:55:00+00:00
85739497,jinan-telecom,wuhan-telecom,46.7776,0.0,icmp,1591801020,2020-06-10 14:57:00+00:00
85739714,jinan-telecom,wuhan-telecom,46.9577,0.0,icmp,1591801140,2020-06-10 14:59:00+00:00
85739937,jinan-telecom,wuhan-telecom,39.4383,0.0,icmp,1591801279,2020-06-10 15:01:19+00:00
85740179,jinan-telecom,wuhan-telecom,45.0618,0.0,icmp,1591801380,2020-06-10 15:03:00+00:00
85740395,jinan-telecom,wuhan-telecom,49.2761,0.0,icmp,1591801500,2020-06-10 15:05:00+00:00
85740633,jinan-telecom,wuhan-telecom,39.331,0.0,icmp,1591801579,2020-06-10 15:06:19+00:00
85740849,jinan-telecom,wuhan-telecom,48.8371,0.0,icmp,1591801740,2020-06-10 15:09:00+00:00
85741104,jinan-telecom,wuhan-telecom,39.4465,0.0,icmp,1591801879,2020-06-10 15:11:19+00:00
85741301,jinan-telecom,wuhan-telecom,49.0601,0.0,icmp,1591801980,2020-06-10 15:13:00+00:00
85741554,jinan-telecom,wuhan-telecom,39.5249,0.0,icmp,1591802119,2020-06-10 15:15:19+00:00
85741783,jinan-telecom,wuhan-telecom,46.2474,0.0,icmp,1591802220,2020-06-10 15:17:00+00:00
85742003,jinan-telecom,wuhan-telecom,47.0998,0.0,icmp,1591802340,2020-06-10 15:19:00+00:00
85742249,jinan-telecom,wuhan-telecom,45.769,0.0,icmp,1591802460,2020-06-10 15:21:00+00:00
85742446,jinan-telecom,wuhan-telecom,39.5211,0.0,icmp,1591802539,2020-06-10 15:22:19+00:00
85742688,jinan-telecom,wuhan-telecom,39.5597,0.0,icmp,1591802659,2020-06-10 15:24:19+00:00
85742927,jinan-telecom,wuhan-telecom,48.6737,0.0,icmp,1591802820,2020-06-10 15:27:00+00:00
85743145,jinan-telecom,wuhan-telecom,49.5874,0.0,icmp,1591802940,2020-06-10 15:29:00+00:00
85743382,jinan-telecom,wuhan-telecom,48.8208,0.0,icmp,1591803060,2020-06-10 15:31:00+00:00
85743611,jinan-telecom,wuhan-telecom,50.4559,0.0,icmp,1591803180,2020-06-10 15:33:00+00:00
85743825,jinan-telecom,wuhan-telecom,39.7126,0.0,icmp,1591803259,2020-06-10 15:34:19+00:00
85744072,jinan-telecom,wuhan-telecom,48.4803,0.0,icmp,1591803420,2020-06-10 15:37:00+00:00
85744279,jinan-telecom,wuhan-telecom,46.5402,0.0,icmp,1591803540,2020-06-10 15:39:00+00:00
85744521,jinan-telecom,wuhan-telecom,50.8353,0.0,icmp,1591803660,2020-06-10 15:41:00+00:00
85744744,jinan-telecom,wuhan-telecom,49.0368,0.0,icmp,1591803780,2020-06-10 15:43:00+00:00
85744981,jinan-telecom,wuhan-telecom,47.9693,0.0,icmp,1591803900,2020-06-10 15:45:00+00:00
85745220,jinan-telecom,wuhan-telecom,48.8262,0.0,icmp,1591804020,2020-06-10 15:47:00+00:00
85745438,jinan-telecom,wuhan-telecom,46.0985,0.0,icmp,1591804140,2020-06-10 15:49:00+00:00
85745656,jinan-telecom,wuhan-telecom,39.3642,0.0,icmp,1591804279,2020-06-10 15:51:19+00:00
85745906,jinan-telecom,wuhan-telecom,42.199,0.0,icmp,1591804380,2020-06-10 15:53:00+00:00
85746135,jinan-telecom,wuhan-telecom,49.1012,0.0,icmp,1591804500,2020-06-10 15:55:00+00:00
85746349,jinan-telecom,wuhan-telecom,47.7573,0.0,icmp,1591804620,2020-06-10 15:57:00+00:00
85746585,jinan-telecom,wuhan-telecom,45.601,0.0,icmp,1591804740,2020-06-10 15:59:00+00:00
85746850,jinan-telecom,wuhan-telecom,43.2901,0.0,icmp,1591804860,2020-06-10 16:01:00+00:00
85747052,jinan-telecom,wuhan-telecom,47.4923,0.0,icmp,1591804980,2020-06-10 16:03:00+00:00
85747264,jinan-telecom,wuhan-telecom,39.3424,0.0,icmp,1591805059,2020-06-10 16:04:19+00:00
85747487,jinan-telecom,wuhan-telecom,46.9407,0.0,icmp,1591805220,2020-06-10 16:07:00+00:00
85747732,jinan-telecom,wuhan-telecom,47.3106,0.0,icmp,1591805340,2020-06-10 16:09:00+00:00
85747947,jinan-telecom,wuhan-telecom,42.8867,0.0,icmp,1591805464,2020-06-10 16:11:04+00:00
85748202,jinan-telecom,wuhan-telecom,45.3985,0.0,icmp,1591805580,2020-06-10 16:13:00+00:00
85748412,jinan-telecom,wuhan-telecom,48.4944,0.0,icmp,1591805700,2020-06-10 16:15:00+00:00
85748636,jinan-telecom,wuhan-telecom,48.865,0.0,icmp,1591805820,2020-06-10 16:17:00+00:00
85748885,jinan-telecom,wuhan-telecom,48.4368,0.0,icmp,1591805940,2020-06-10 16:19:00+00:00
85749087,jinan-telecom,wuhan-telecom,49.6209,0.0,icmp,1591806060,2020-06-10 16:21:00+00:00
85749316,jinan-telecom,wuhan-telecom,39.5982,0.0,icmp,1591806199,2020-06-10 16:23:19+00:00
85749545,jinan-telecom,wuhan-telecom,45.9506,0.0,icmp,1591806300,2020-06-10 16:25:00+00:00
85749784,jinan-telecom,wuhan-telecom,45.802,0.0,icmp,1591806420,2020-06-10 16:27:00+00:00
85750007,jinan-telecom,wuhan-telecom,39.7353,0.0,icmp,1591806544,2020-06-10 16:29:04+00:00
85750241,jinan-telecom,wuhan-telecom,39.6694,0.0,icmp,1591806679,2020-06-10 16:31:19+00:00
90684894,jinan-telecom,wuhan-telecom,39.504,0.0,icmp,1591621085,2020-06-08 12:58:05+00:00
90685138,jinan-telecom,wuhan-telecom,39.4625,0.0,icmp,1591621219,2020-06-08 13:00:19+00:00
90685371,jinan-telecom,wuhan-telecom,41.0936,0.0,icmp,1591621320,2020-06-08 13:02:00+00:00
90685581,jinan-telecom,wuhan-telecom,40.7284,0.0,icmp,1591621440,2020-06-08 13:04:00+00:00
90685829,jinan-telecom,wuhan-telecom,41.211,0.0,icmp,1591621560,2020-06-08 13:06:00+00:00
90686038,jinan-telecom,wuhan-telecom,39.4647,0.0,icmp,1591621699,2020-06-08 13:08:19+00:00
90686265,jinan-telecom,wuhan-telecom,40.9137,0.0,icmp,1591621800,2020-06-08 13:10:00+00:00
90686514,jinan-telecom,wuhan-telecom,41.5813,0.0,icmp,1591621920,2020-06-08 13:12:00+00:00
90686732,jinan-telecom,wuhan-telecom,41.7021,0.0,icmp,1591622040,2020-06-08 13:14:00+00:00
90686965,jinan-telecom,wuhan-telecom,40.8069,0.0,icmp,1591622160,2020-06-08 13:16:00+00:00
90687205,jinan-telecom,wuhan-telecom,40.485,0.0,icmp,1591622280,2020-06-08 13:18:00+00:00
90687408,jinan-telecom,wuhan-telecom,42.9354,0.0,icmp,1591622400,2020-06-08 13:20:00+00:00
90687646,jinan-telecom,wuhan-telecom,42.5572,0.0,icmp,1591622520,2020-06-08 13:22:00+00:00
90687882,jinan-telecom,wuhan-telecom,42.0546,0.0,icmp,1591622640,2020-06-08 13:24:00+00:00
90688083,jinan-telecom,wuhan-telecom,40.7293,0.0,icmp,1591622760,2020-06-08 13:26:00+00:00
90688331,jinan-telecom,wuhan-telecom,39.3914,0.0,icmp,1591622899,2020-06-08 13:28:19+00:00
90688554,jinan-telecom,wuhan-telecom,39.7751,0.0,icmp,1591623000,2020-06-08 13:30:00+00:00
90688819,jinan-telecom,wuhan-telecom,40.5924,0.0,icmp,1591623120,2020-06-08 13:32:00+00:00
90689023,jinan-telecom,wuhan-telecom,43.7252,0.0,icmp,1591623240,2020-06-08 13:34:00+00:00
90689255,jinan-telecom,wuhan-telecom,40.8964,0.0,icmp,1591623306,2020-06-08 13:35:06+00:00
90689483,jinan-telecom,wuhan-telecom,40.5802,0.0,icmp,1591623480,2020-06-08 13:38:00+00:00
90689707,jinan-telecom,wuhan-telecom,40.292,0.0,icmp,1591623600,2020-06-08 13:40:00+00:00
90689942,jinan-telecom,wuhan-telecom,41.0697,0.0,icmp,1591623720,2020-06-08 13:42:00+00:00
90690163,jinan-telecom,wuhan-telecom,40.1769,0.0,icmp,1591623840,2020-06-08 13:44:00+00:00
90690412,jinan-telecom,wuhan-telecom,40.3171,0.0,icmp,1591623960,2020-06-08 13:46:00+00:00
90690634,jinan-telecom,wuhan-telecom,41.2776,0.0,icmp,1591624080,2020-06-08 13:48:00+00:00
90690851,jinan-telecom,wuhan-telecom,39.3745,0.0,icmp,1591624159,2020-06-08 13:49:19+00:00
90691097,jinan-telecom,wuhan-telecom,39.3635,0.0,icmp,1591624339,2020-06-08 13:52:19+00:00
90691319,jinan-telecom,wuhan-telecom,41.3073,0.0,icmp,1591624440,2020-06-08 13:54:00+00:00
90691556,jinan-telecom,wuhan-telecom,39.3604,0.0,icmp,1591624519,2020-06-08 13:55:19+00:00
90691761,jinan-telecom,wuhan-telecom,40.0008,0.0,icmp,1591624680,2020-06-08 13:58:00+00:00
90691989,jinan-telecom,wuhan-telecom,39.4212,0.0,icmp,1591624819,2020-06-08 14:00:19+00:00
90692263,jinan-telecom,wuhan-telecom,39.8506,0.0,icmp,1591624920,2020-06-08 14:02:00+00:00
90692467,jinan-telecom,wuhan-telecom,39.6533,0.0,icmp,1591624999,2020-06-08 14:03:19+00:00
90692695,jinan-telecom,wuhan-telecom,40.3948,0.0,icmp,1591625160,2020-06-08 14:06:00+00:00
90692921,jinan-telecom,wuhan-telecom,40.4923,0.0,icmp,1591625280,2020-06-08 14:08:00+00:00
90693155,jinan-telecom,wuhan-telecom,41.2111,0.0,icmp,1591625400,2020-06-08 14:10:00+00:00
90693382,jinan-telecom,wuhan-telecom,39.5091,0.0,icmp,1591625479,2020-06-08 14:11:19+00:00
90693601,jinan-telecom,wuhan-telecom,40.6279,0.0,icmp,1591625640,2020-06-08 14:14:00+00:00
90693827,jinan-telecom,wuhan-telecom,39.4129,0.0,icmp,1591625719,2020-06-08 14:15:19+00:00
90694057,jinan-telecom,wuhan-telecom,39.431,0.0,icmp,1591625839,2020-06-08 14:17:19+00:00
90694300,jinan-telecom,wuhan-telecom,41.7313,0.0,icmp,1591626000,2020-06-08 14:20:00+00:00
90694526,jinan-telecom,wuhan-telecom,39.4653,0.0,icmp,1591626079,2020-06-08 14:21:19+00:00
90694746,jinan-telecom,wuhan-telecom,41.7493,0.0,icmp,1591626240,2020-06-08 14:24:00+00:00
90694989,jinan-telecom,wuhan-telecom,42.0905,0.0,icmp,1591626360,2020-06-08 14:26:00+00:00
90695241,jinan-telecom,wuhan-telecom,40.3566,0.0,icmp,1591626480,2020-06-08 14:28:00+00:00
90695425,jinan-telecom,wuhan-telecom,42.4791,0.0,icmp,1591626600,2020-06-08 14:30:00+00:00
90695668,jinan-telecom,wuhan-telecom,39.4389,0.0,icmp,1591626679,2020-06-08 14:31:19+00:00
90695885,jinan-telecom,wuhan-telecom,39.3939,0.0,icmp,1591626799,2020-06-08 14:33:19+00:00
90696125,jinan-telecom,wuhan-telecom,41.4583,0.0,icmp,1591626960,2020-06-08 14:36:00+00:00
90696342,jinan-telecom,wuhan-telecom,39.4006,0.0,icmp,1591627039,2020-06-08 14:37:19+00:00
90696584,jinan-telecom,wuhan-telecom,40.246,0.0,icmp,1591627200,2020-06-08 14:40:00+00:00
90696821,jinan-telecom,wuhan-telecom,40.636,0.0,icmp,1591627320,2020-06-08 14:42:00+00:00
90697059,jinan-telecom,wuhan-telecom,41.0159,0.0,icmp,1591627440,2020-06-08 14:44:00+00:00
90697278,jinan-telecom,wuhan-telecom,40.1148,0.0,icmp,1591627560,2020-06-08 14:46:00+00:00
90697496,jinan-telecom,wuhan-telecom,40.7337,0.0,icmp,1591627680,2020-06-08 14:48:00+00:00
90697718,jinan-telecom,wuhan-telecom,40.1592,0.0,icmp,1591627800,2020-06-08 14:50:00+00:00
90697957,jinan-telecom,wuhan-telecom,42.0513,0.0,icmp,1591627920,2020-06-08 14:52:00+00:00
90698173,jinan-telecom,wuhan-telecom,41.8858,0.0,icmp,1591628040,2020-06-08 14:54:00+00:00
90698419,jinan-telecom,wuhan-telecom,40.393,0.0,icmp,1591628160,2020-06-08 14:56:00+00:00
90698656,jinan-telecom,wuhan-telecom,42.6726,0.0,icmp,1591628280,2020-06-08 14:58:00+00:00
90698863,jinan-telecom,wuhan-telecom,39.7069,0.0,icmp,1591628400,2020-06-08 15:00:00+00:00
90699103,jinan-telecom,wuhan-telecom,39.437,0.0,icmp,1591628539,2020-06-08 15:02:19+00:00
90699345,jinan-telecom,wuhan-telecom,40.9659,0.0,icmp,1591628640,2020-06-08 15:04:00+00:00
90699549,jinan-telecom,wuhan-telecom,40.9556,0.0,icmp,1591628760,2020-06-08 15:06:00+00:00
90699774,jinan-telecom,wuhan-telecom,42.6554,0.0,icmp,1591628880,2020-06-08 15:08:00+00:00
90700009,jinan-telecom,wuhan-telecom,39.3974,0.0,icmp,1591628959,2020-06-08 15:09:19+00:00
90700238,jinan-telecom,wuhan-telecom,39.5278,0.0,icmp,1591629079,2020-06-08 15:11:19+00:00
90700484,jinan-telecom,wuhan-telecom,39.396,0.0,icmp,1591629199,2020-06-08 15:13:19+00:00
90700705,jinan-telecom,wuhan-telecom,40.9922,0.0,icmp,1591629360,2020-06-08 15:16:00+00:00
90700919,jinan-telecom,wuhan-telecom,40.5239,0.0,icmp,1591629480,2020-06-08 15:18:00+00:00
90701169,jinan-telecom,wuhan-telecom,40.137,0.0,icmp,1591629600,2020-06-08 15:20:00+00:00
90701396,jinan-telecom,wuhan-telecom,42.127,0.0,icmp,1591629720,2020-06-08 15:22:00+00:00
90701626,jinan-telecom,wuhan-telecom,41.6405,0.0,icmp,1591629840,2020-06-08 15:24:00+00:00
90701847,jinan-telecom,wuhan-telecom,40.8775,0.0,icmp,1591629960,2020-06-08 15:26:00+00:00
90702070,jinan-telecom,wuhan-telecom,40.4947,0.0,icmp,1591630080,2020-06-08 15:28:00+00:00
90702294,jinan-telecom,wuhan-telecom,42.4125,0.0,icmp,1591630200,2020-06-08 15:30:00+00:00
90702522,jinan-telecom,wuhan-telecom,41.1068,0.0,icmp,1591630320,2020-06-08 15:32:00+00:00
90702755,jinan-telecom,wuhan-telecom,41.8788,0.0,icmp,1591630440,2020-06-08 15:34:00+00:00
90702976,jinan-telecom,wuhan-telecom,40.2353,0.0,icmp,1591630560,2020-06-08 15:36:00+00:00
90703205,jinan-telecom,wuhan-telecom,39.4128,0.0,icmp,1591630699,2020-06-08 15:38:19+00:00
90703439,jinan-telecom,wuhan-telecom,40.6827,0.0,icmp,1591630800,2020-06-08 15:40:00+00:00
90703690,jinan-telecom,wuhan-telecom,40.889,0.0,icmp,1591630920,2020-06-08 15:42:00+00:00
90703889,jinan-telecom,wuhan-telecom,41.8379,0.0,icmp,1591631040,2020-06-08 15:44:00+00:00
90704153,jinan-telecom,wuhan-telecom,41.1141,0.0,icmp,1591631160,2020-06-08 15:46:00+00:00
90704361,jinan-telecom,wuhan-telecom,41.0573,0.0,icmp,1591631280,2020-06-08 15:48:00+00:00
90704604,jinan-telecom,wuhan-telecom,40.3286,0.0,icmp,1591631400,2020-06-08 15:50:00+00:00
90704849,jinan-telecom,wuhan-telecom,41.0757,0.0,icmp,1591631520,2020-06-08 15:52:00+00:00
90705049,jinan-telecom,wuhan-telecom,40.2237,0.0,icmp,1591631640,2020-06-08 15:54:00+00:00
90705294,jinan-telecom,wuhan-telecom,41.1989,0.0,icmp,1591631760,2020-06-08 15:56:00+00:00
90705511,jinan-telecom,wuhan-telecom,42.4572,0.0,icmp,1591631880,2020-06-08 15:58:00+00:00
90705738,jinan-telecom,wuhan-telecom,39.3993,0.0,icmp,1591631959,2020-06-08 15:59:19+00:00
90705985,jinan-telecom,wuhan-telecom,42.4053,0.0,icmp,1591632120,2020-06-08 16:02:00+00:00
90706188,jinan-telecom,wuhan-telecom,41.3825,0.0,icmp,1591632240,2020-06-08 16:04:00+00:00
90706419,jinan-telecom,wuhan-telecom,39.426,0.0,icmp,1591632319,2020-06-08 16:05:19+00:00
90706658,jinan-telecom,wuhan-telecom,40.2375,0.0,icmp,1591632480,2020-06-08 16:08:00+00:00
90706900,jinan-telecom,wuhan-telecom,41.0507,0.0,icmp,1591632600,2020-06-08 16:10:00+00:00
90707105,jinan-telecom,wuhan-telecom,40.6436,0.0,icmp,1591632720,2020-06-08 16:12:00+00:00
90707349,jinan-telecom,wuhan-telecom,39.5097,0.0,icmp,1591632840,2020-06-08 16:14:00+00:00
90707567,jinan-telecom,wuhan-telecom,40.1954,0.0,icmp,1591632960,2020-06-08 16:16:00+00:00
90707800,jinan-telecom,wuhan-telecom,39.419,0.0,icmp,1591633039,2020-06-08 16:17:19+00:00
90708035,jinan-telecom,wuhan-telecom,39.3973,0.0,icmp,1591633159,2020-06-08 16:19:19+00:00
90708248,jinan-telecom,wuhan-telecom,40.3626,0.0,icmp,1591633320,2020-06-08 16:22:00+00:00
90708496,jinan-telecom,wuhan-telecom,40.5293,0.0,icmp,1591633440,2020-06-08 16:24:00+00:00
90708703,jinan-telecom,wuhan-telecom,39.4577,0.0,icmp,1591633519,2020-06-08 16:25:19+00:00
90708951,jinan-telecom,wuhan-telecom,39.4042,0.0,icmp,1591633699,2020-06-08 16:28:19+00:00
90709171,jinan-telecom,wuhan-telecom,41.4471,0.0,icmp,1591633800,2020-06-08 16:30:00+00:00
90709416,jinan-telecom,wuhan-telecom,39.4429,0.0,icmp,1591633879,2020-06-08 16:31:19+00:00
90709625,jinan-telecom,wuhan-telecom,39.3919,0.0,icmp,1591633999,2020-06-08 16:33:19+00:00
90709864,jinan-telecom,wuhan-telecom,39.372,0.0,icmp,1591634179,2020-06-08 16:36:19+00:00
90710089,jinan-telecom,wuhan-telecom,39.3912,0.0,icmp,1591634299,2020-06-08 16:38:19+00:00
90710317,jinan-telecom,wuhan-telecom,40.5467,0.0,icmp,1591634400,2020-06-08 16:40:00+00:00
90710566,jinan-telecom,wuhan-telecom,40.6164,0.0,icmp,1591634520,2020-06-08 16:42:00+00:00
90710785,jinan-telecom,wuhan-telecom,39.366,0.0,icmp,1591634599,2020-06-08 16:43:19+00:00
90710996,jinan-telecom,wuhan-telecom,40.954,0.0,icmp,1591634760,2020-06-08 16:46:00+00:00
90711241,jinan-telecom,wuhan-telecom,40.7849,0.0,icmp,1591634880,2020-06-08 16:48:00+00:00
90711463,jinan-telecom,wuhan-telecom,39.7228,0.0,icmp,1591635000,2020-06-08 16:50:00+00:00
90711704,jinan-telecom,wuhan-telecom,41.7099,0.0,icmp,1591635120,2020-06-08 16:52:00+00:00
90711940,jinan-telecom,wuhan-telecom,39.8637,0.0,icmp,1591635240,2020-06-08 16:54:00+00:00
90712152,jinan-telecom,wuhan-telecom,39.9369,0.0,icmp,1591635360,2020-06-08 16:56:00+00:00
90712395,jinan-telecom,wuhan-telecom,41.3345,0.0,icmp,1591635480,2020-06-08 16:58:00+00:00
90712604,jinan-telecom,wuhan-telecom,40.8043,0.0,icmp,1591635600,2020-06-08 17:00:00+00:00
90712850,jinan-telecom,wuhan-telecom,41.6787,0.0,icmp,1591635720,2020-06-08 17:02:00+00:00
90713078,jinan-telecom,wuhan-telecom,40.6078,0.0,icmp,1591635844,2020-06-08 17:04:04+00:00
90713284,jinan-telecom,wuhan-telecom,39.373,0.0,icmp,1591635979,2020-06-08 17:06:19+00:00
90713525,jinan-telecom,wuhan-telecom,41.1066,0.0,icmp,1591636080,2020-06-08 17:08:00+00:00
90713777,jinan-telecom,wuhan-telecom,39.3929,0.0,icmp,1591636219,2020-06-08 17:10:19+00:00
90713996,jinan-telecom,wuhan-telecom,40.2643,0.0,icmp,1591636320,2020-06-08 17:12:00+00:00
90714201,jinan-telecom,wuhan-telecom,40.8378,0.0,icmp,1591636440,2020-06-08 17:14:00+00:00
90714455,jinan-telecom,wuhan-telecom,40.0482,0.0,icmp,1591636560,2020-06-08 17:16:00+00:00
90714681,jinan-telecom,wuhan-telecom,39.3822,0.0,icmp,1591636639,2020-06-08 17:17:19+00:00
90714915,jinan-telecom,wuhan-telecom,41.494,0.0,icmp,1591636800,2020-06-08 17:20:00+00:00
90715115,jinan-telecom,wuhan-telecom,40.6892,0.0,icmp,1591636920,2020-06-08 17:22:00+00:00
90715378,jinan-telecom,wuhan-telecom,39.3949,0.0,icmp,1591636999,2020-06-08 17:23:19+00:00
90715593,jinan-telecom,wuhan-telecom,40.8011,0.0,icmp,1591637160,2020-06-08 17:26:00+00:00
90715815,jinan-telecom,wuhan-telecom,39.3924,0.0,icmp,1591637239,2020-06-08 17:27:19+00:00
90716042,jinan-telecom,wuhan-telecom,42.6818,0.0,icmp,1591637400,2020-06-08 17:30:00+00:00
90716276,jinan-telecom,wuhan-telecom,39.4089,0.0,icmp,1591637539,2020-06-08 17:32:19+00:00
90716498,jinan-telecom,wuhan-telecom,40.7475,0.0,icmp,1591637640,2020-06-08 17:34:00+00:00
90716744,jinan-telecom,wuhan-telecom,40.4124,0.0,icmp,1591637760,2020-06-08 17:36:00+00:00
90716958,jinan-telecom,wuhan-telecom,43.4998,0.0,icmp,1591637880,2020-06-08 17:38:00+00:00
90717191,jinan-telecom,wuhan-telecom,40.3203,0.0,icmp,1591638000,2020-06-08 17:40:00+00:00
90717415,jinan-telecom,wuhan-telecom,40.1101,0.0,icmp,1591638120,2020-06-08 17:42:00+00:00
90717630,jinan-telecom,wuhan-telecom,41.5845,0.0,icmp,1591638240,2020-06-08 17:44:00+00:00
90717885,jinan-telecom,wuhan-telecom,40.6689,0.0,icmp,1591638360,2020-06-08 17:46:00+00:00
90718103,jinan-telecom,wuhan-telecom,41.7192,0.0,icmp,1591638480,2020-06-08 17:48:00+00:00
90718336,jinan-telecom,wuhan-telecom,41.586,0.0,icmp,1591638600,2020-06-08 17:50:00+00:00
90718557,jinan-telecom,wuhan-telecom,39.9684,0.0,icmp,1591638720,2020-06-08 17:52:00+00:00
90718801,jinan-telecom,wuhan-telecom,40.807,0.0,icmp,1591638840,2020-06-08 17:54:00+00:00
90719035,jinan-telecom,wuhan-telecom,40.6421,0.0,icmp,1591638960,2020-06-08 17:56:00+00:00
90719243,jinan-telecom,wuhan-telecom,40.9359,0.0,icmp,1591639080,2020-06-08 17:58:00+00:00
90719489,jinan-telecom,wuhan-telecom,39.5202,0.0,icmp,1591639159,2020-06-08 17:59:19+00:00
90719727,jinan-telecom,wuhan-telecom,39.9174,0.0,icmp,1591639320,2020-06-08 18:02:00+00:00
90719952,jinan-telecom,wuhan-telecom,41.594,0.0,icmp,1591639440,2020-06-08 18:04:00+00:00
90720178,jinan-telecom,wuhan-telecom,41.7022,0.0,icmp,1591639560,2020-06-08 18:06:00+00:00
90720404,jinan-telecom,wuhan-telecom,41.5708,0.0,icmp,1591639680,2020-06-08 18:08:00+00:00
90720620,jinan-telecom,wuhan-telecom,41.5382,0.0,icmp,1591639800,2020-06-08 18:10:00+00:00
90720846,jinan-telecom,wuhan-telecom,40.5826,0.0,icmp,1591639920,2020-06-08 18:12:00+00:00
90721076,jinan-telecom,wuhan-telecom,41.1374,0.0,icmp,1591640040,2020-06-08 18:14:00+00:00
90721327,jinan-telecom,wuhan-telecom,40.2693,0.0,icmp,1591640160,2020-06-08 18:16:00+00:00
90721549,jinan-telecom,wuhan-telecom,41.417,0.0,icmp,1591640280,2020-06-08 18:18:00+00:00
90721765,jinan-telecom,wuhan-telecom,42.5506,0.0,icmp,1591640400,2020-06-08 18:20:00+00:00
90721996,jinan-telecom,wuhan-telecom,40.6522,0.0,icmp,1591640520,2020-06-08 18:22:00+00:00
90722215,jinan-telecom,wuhan-telecom,39.5548,0.0,icmp,1591640640,2020-06-08 18:24:00+00:00
90722467,jinan-telecom,wuhan-telecom,41.5775,0.0,icmp,1591640760,2020-06-08 18:26:00+00:00
90722688,jinan-telecom,wuhan-telecom,41.7467,0.0,icmp,1591640880,2020-06-08 18:28:00+00:00
90722910,jinan-telecom,wuhan-telecom,41.0758,0.0,icmp,1591641000,2020-06-08 18:30:00+00:00
90723135,jinan-telecom,wuhan-telecom,39.3576,0.0,icmp,1591641079,2020-06-08 18:31:19+00:00
90723378,jinan-telecom,wuhan-telecom,42.4019,0.0,icmp,1591641240,2020-06-08 18:34:00+00:00
90723615,jinan-telecom,wuhan-telecom,39.4347,0.0,icmp,1591641319,2020-06-08 18:35:19+00:00
90723847,jinan-telecom,wuhan-telecom,40.4836,0.0,icmp,1591641480,2020-06-08 18:38:00+00:00
90724066,jinan-telecom,wuhan-telecom,39.5207,0.0,icmp,1591641559,2020-06-08 18:39:19+00:00
90724283,jinan-telecom,wuhan-telecom,39.5372,0.0,icmp,1591641725,2020-06-08 18:42:05+00:00
90724513,jinan-telecom,wuhan-telecom,40.3478,0.0,icmp,1591641840,2020-06-08 18:44:00+00:00
90724745,jinan-telecom,wuhan-telecom,41.3032,0.0,icmp,1591641960,2020-06-08 18:46:00+00:00
90724981,jinan-telecom,wuhan-telecom,39.3648,0.0,icmp,1591642039,2020-06-08 18:47:19+00:00
90725202,jinan-telecom,wuhan-telecom,40.3659,0.0,icmp,1591642200,2020-06-08 18:50:00+00:00
90725432,jinan-telecom,wuhan-telecom,43.0082,0.0,icmp,1591642320,2020-06-08 18:52:00+00:00
90725665,jinan-telecom,wuhan-telecom,40.5888,0.0,icmp,1591642440,2020-06-08 18:54:00+00:00
90725878,jinan-telecom,wuhan-telecom,39.4145,0.0,icmp,1591642519,2020-06-08 18:55:19+00:00
90726118,jinan-telecom,wuhan-telecom,40.1303,0.0,icmp,1591642680,2020-06-08 18:58:00+00:00
90726363,jinan-telecom,wuhan-telecom,39.7243,0.0,icmp,1591642800,2020-06-08 19:00:00+00:00
90726594,jinan-telecom,wuhan-telecom,39.3823,0.0,icmp,1591642879,2020-06-08 19:01:19+00:00
90726818,jinan-telecom,wuhan-telecom,40.4697,0.0,icmp,1591643040,2020-06-08 19:04:00+00:00
90727034,jinan-telecom,wuhan-telecom,41.6492,0.0,icmp,1591643160,2020-06-08 19:06:00+00:00
90727253,jinan-telecom,wuhan-telecom,40.9276,0.0,icmp,1591643280,2020-06-08 19:08:00+00:00
90727500,jinan-telecom,wuhan-telecom,40.7184,0.0,icmp,1591643400,2020-06-08 19:10:00+00:00
90727717,jinan-telecom,wuhan-telecom,42.1033,0.0,icmp,1591643520,2020-06-08 19:12:00+00:00
90727953,jinan-telecom,wuhan-telecom,39.362,0.0,icmp,1591643659,2020-06-08 19:14:19+00:00
90728168,jinan-telecom,wuhan-telecom,40.4884,0.0,icmp,1591643760,2020-06-08 19:16:00+00:00
90728420,jinan-telecom,wuhan-telecom,41.6175,0.0,icmp,1591643880,2020-06-08 19:18:00+00:00
90728644,jinan-telecom,wuhan-telecom,39.6308,0.0,icmp,1591644000,2020-06-08 19:20:00+00:00
90728896,jinan-telecom,wuhan-telecom,40.56,0.0,icmp,1591644120,2020-06-08 19:22:00+00:00
90729113,jinan-telecom,wuhan-telecom,41.1678,0.0,icmp,1591644240,2020-06-08 19:24:00+00:00
90729323,jinan-telecom,wuhan-telecom,42.0213,0.0,icmp,1591644360,2020-06-08 19:26:00+00:00
90729556,jinan-telecom,wuhan-telecom,40.4468,0.0,icmp,1591644480,2020-06-08 19:28:00+00:00
90729781,jinan-telecom,wuhan-telecom,40.547,0.0,icmp,1591644600,2020-06-08 19:30:00+00:00
90730011,jinan-telecom,wuhan-telecom,40.4069,0.0,icmp,1591644720,2020-06-08 19:32:00+00:00
90730229,jinan-telecom,wuhan-telecom,41.1409,0.0,icmp,1591644840,2020-06-08 19:34:00+00:00
90730459,jinan-telecom,wuhan-telecom,40.3916,0.0,icmp,1591644960,2020-06-08 19:36:00+00:00
90730728,jinan-telecom,wuhan-telecom,42.4136,0.0,icmp,1591645080,2020-06-08 19:38:00+00:00
90730915,jinan-telecom,wuhan-telecom,39.371,0.0,icmp,1591645219,2020-06-08 19:40:19+00:00
90731156,jinan-telecom,wuhan-telecom,41.1198,0.0,icmp,1591645320,2020-06-08 19:42:00+00:00
90731379,jinan-telecom,wuhan-telecom,40.2124,0.0,icmp,1591645440,2020-06-08 19:44:00+00:00
90731628,jinan-telecom,wuhan-telecom,40.7022,0.0,icmp,1591645560,2020-06-08 19:46:00+00:00
90731833,jinan-telecom,wuhan-telecom,39.4109,0.0,icmp,1591645699,2020-06-08 19:48:19+00:00
90732055,jinan-telecom,wuhan-telecom,39.929,0.0,icmp,1591645800,2020-06-08 19:50:00+00:00
90732300,jinan-telecom,wuhan-telecom,39.5539,0.0,icmp,1591645879,2020-06-08 19:51:19+00:00
90732528,jinan-telecom,wuhan-telecom,41.2438,0.0,icmp,1591646040,2020-06-08 19:54:00+00:00
90732754,jinan-telecom,wuhan-telecom,40.2265,0.0,icmp,1591646160,2020-06-08 19:56:00+00:00
90732984,jinan-telecom,wuhan-telecom,42.046,0.0,icmp,1591646280,2020-06-08 19:58:00+00:00
90733210,jinan-telecom,wuhan-telecom,44.0853,0.0,icmp,1591646400,2020-06-08 20:00:00+00:00
90733446,jinan-telecom,wuhan-telecom,40.4704,0.0,icmp,1591646520,2020-06-08 20:02:00+00:00
90733664,jinan-telecom,wuhan-telecom,41.3462,0.0,icmp,1591646640,2020-06-08 20:04:00+00:00
90733923,jinan-telecom,wuhan-telecom,41.0607,0.0,icmp,1591646760,2020-06-08 20:06:00+00:00
90734117,jinan-telecom,wuhan-telecom,41.5974,0.0,icmp,1591646880,2020-06-08 20:08:00+00:00
90734367,jinan-telecom,wuhan-telecom,39.6597,0.0,icmp,1591647000,2020-06-08 20:10:00+00:00
90734587,jinan-telecom,wuhan-telecom,41.1894,0.0,icmp,1591647120,2020-06-08 20:12:00+00:00
90734810,jinan-telecom,wuhan-telecom,46.6274,0.0,icmp,1591647240,2020-06-08 20:14:00+00:00
90735056,jinan-telecom,wuhan-telecom,40.3998,0.0,icmp,1591647360,2020-06-08 20:16:00+00:00
90735298,jinan-telecom,wuhan-telecom,39.4697,0.0,icmp,1591647439,2020-06-08 20:17:19+00:00
90735496,jinan-telecom,wuhan-telecom,39.388,0.0,icmp,1591647559,2020-06-08 20:19:19+00:00
90735726,jinan-telecom,wuhan-telecom,40.6116,0.0,icmp,1591647720,2020-06-08 20:22:00+00:00
90735957,jinan-telecom,wuhan-telecom,39.9312,0.0,icmp,1591647840,2020-06-08 20:24:00+00:00
90736189,jinan-telecom,wuhan-telecom,39.4321,0.0,icmp,1591647979,2020-06-08 20:26:19+00:00
90736426,jinan-telecom,wuhan-telecom,40.1861,0.0,icmp,1591648080,2020-06-08 20:28:00+00:00
90736654,jinan-telecom,wuhan-telecom,40.4654,0.0,icmp,1591648200,2020-06-08 20:30:00+00:00
90736887,jinan-telecom,wuhan-telecom,40.5058,0.0,icmp,1591648320,2020-06-08 20:32:00+00:00
90737124,jinan-telecom,wuhan-telecom,39.3405,0.0,icmp,1591648399,2020-06-08 20:33:19+00:00
90737348,jinan-telecom,wuhan-telecom,39.3927,0.0,icmp,1591648579,2020-06-08 20:36:19+00:00
90737585,jinan-telecom,wuhan-telecom,40.741,0.0,icmp,1591648680,2020-06-08 20:38:00+00:00
90737791,jinan-telecom,wuhan-telecom,40.0834,0.0,icmp,1591648800,2020-06-08 20:40:00+00:00
90738031,jinan-telecom,wuhan-telecom,41.5514,0.0,icmp,1591648920,2020-06-08 20:42:00+00:00
90738248,jinan-telecom,wuhan-telecom,40.5174,0.0,icmp,1591649040,2020-06-08 20:44:00+00:00
90738505,jinan-telecom,wuhan-telecom,39.9294,0.0,icmp,1591649160,2020-06-08 20:46:00+00:00
90738722,jinan-telecom,wuhan-telecom,39.4144,0.0,icmp,1591649239,2020-06-08 20:47:19+00:00
90738949,jinan-telecom,wuhan-telecom,40.0645,0.0,icmp,1591649400,2020-06-08 20:50:00+00:00
90739177,jinan-telecom,wuhan-telecom,39.3946,0.0,icmp,1591649479,2020-06-08 20:51:19+00:00
90739417,jinan-telecom,wuhan-telecom,40.8689,0.0,icmp,1591649640,2020-06-08 20:54:00+00:00
90739639,jinan-telecom,wuhan-telecom,39.8166,0.0,icmp,1591649760,2020-06-08 20:56:00+00:00
90739848,jinan-telecom,wuhan-telecom,40.2511,0.0,icmp,1591649880,2020-06-08 20:58:00+00:00
90740084,jinan-telecom,wuhan-telecom,41.3708,0.0,icmp,1591650000,2020-06-08 21:00:00+00:00
90740315,jinan-telecom,wuhan-telecom,39.3794,0.0,icmp,1591650139,2020-06-08 21:02:19+00:00
90740554,jinan-telecom,wuhan-telecom,40.1388,0.0,icmp,1591650240,2020-06-08 21:04:00+00:00
90740777,jinan-telecom,wuhan-telecom,40.1774,0.0,icmp,1591650360,2020-06-08 21:06:00+00:00
90741016,jinan-telecom,wuhan-telecom,40.311,0.0,icmp,1591650480,2020-06-08 21:08:00+00:00
90741236,jinan-telecom,wuhan-telecom,40.8602,0.0,icmp,1591650600,2020-06-08 21:10:00+00:00
90741470,jinan-telecom,wuhan-telecom,42.0643,0.0,icmp,1591650720,2020-06-08 21:12:00+00:00
90741685,jinan-telecom,wuhan-telecom,42.6353,0.0,icmp,1591650840,2020-06-08 21:14:00+00:00
90741903,jinan-telecom,wuhan-telecom,40.397,0.0,icmp,1591650960,2020-06-08 21:16:00+00:00
90742152,jinan-telecom,wuhan-telecom,42.1879,0.0,icmp,1591651080,2020-06-08 21:18:00+00:00
90742395,jinan-telecom,wuhan-telecom,40.4637,0.0,icmp,1591651200,2020-06-08 21:20:00+00:00
90742631,jinan-telecom,wuhan-telecom,40.6935,0.0,icmp,1591651320,2020-06-08 21:22:00+00:00
90742851,jinan-telecom,wuhan-telecom,39.6409,0.0,icmp,1591651399,2020-06-08 21:23:19+00:00
90743058,jinan-telecom,wuhan-telecom,41.8199,0.0,icmp,1591651560,2020-06-08 21:26:00+00:00
90743290,jinan-telecom,wuhan-telecom,40.364,0.0,icmp,1591651680,2020-06-08 21:28:00+00:00
90743530,jinan-telecom,wuhan-telecom,39.3526,0.0,icmp,1591651759,2020-06-08 21:29:19+00:00
90743755,jinan-telecom,wuhan-telecom,40.8375,0.0,icmp,1591651920,2020-06-08 21:32:00+00:00
90743976,jinan-telecom,wuhan-telecom,40.6202,0.0,icmp,1591652040,2020-06-08 21:34:00+00:00
90744219,jinan-telecom,wuhan-telecom,39.3668,0.0,icmp,1591652119,2020-06-08 21:35:19+00:00
90744428,jinan-telecom,wuhan-telecom,42.7606,0.0,icmp,1591652280,2020-06-08 21:38:00+00:00
90744660,jinan-telecom,wuhan-telecom,39.4115,0.0,icmp,1591652359,2020-06-08 21:39:19+00:00
90744903,jinan-telecom,wuhan-telecom,40.0212,0.0,icmp,1591652520,2020-06-08 21:42:00+00:00
90745138,jinan-telecom,wuhan-telecom,39.4027,0.0,icmp,1591652599,2020-06-08 21:43:19+00:00
90745359,jinan-telecom,wuhan-telecom,40.6573,0.0,icmp,1591652760,2020-06-08 21:46:00+00:00
90745585,jinan-telecom,wuhan-telecom,40.234,0.0,icmp,1591652880,2020-06-08 21:48:00+00:00
90745800,jinan-telecom,wuhan-telecom,42.3421,0.0,icmp,1591653000,2020-06-08 21:50:00+00:00
90746032,jinan-telecom,wuhan-telecom,40.5535,0.0,icmp,1591653120,2020-06-08 21:52:00+00:00
90746269,jinan-telecom,wuhan-telecom,39.8472,0.0,icmp,1591653240,2020-06-08 21:54:00+00:00
90746497,jinan-telecom,wuhan-telecom,40.21,0.0,icmp,1591653360,2020-06-08 21:56:00+00:00
90746729,jinan-telecom,wuhan-telecom,40.1789,0.0,icmp,1591653480,2020-06-08 21:58:00+00:00
90746952,jinan-telecom,wuhan-telecom,41.2545,0.0,icmp,1591653600,2020-06-08 22:00:00+00:00
90747180,jinan-telecom,wuhan-telecom,40.8848,0.0,icmp,1591653720,2020-06-08 22:02:00+00:00
90747413,jinan-telecom,wuhan-telecom,40.3865,0.0,icmp,1591653840,2020-06-08 22:04:00+00:00
90747645,jinan-telecom,wuhan-telecom,40.8766,0.0,icmp,1591653960,2020-06-08 22:06:00+00:00
90747896,jinan-telecom,wuhan-telecom,39.3784,0.0,icmp,1591654099,2020-06-08 22:08:19+00:00
90748122,jinan-telecom,wuhan-telecom,40.7691,0.0,icmp,1591654200,2020-06-08 22:10:00+00:00
90748323,jinan-telecom,wuhan-telecom,40.6355,0.0,icmp,1591654320,2020-06-08 22:12:00+00:00
90748550,jinan-telecom,wuhan-telecom,41.1133,0.0,icmp,1591654440,2020-06-08 22:14:00+00:00
90748799,jinan-telecom,wuhan-telecom,39.3777,0.0,icmp,1591654579,2020-06-08 22:16:19+00:00
90749014,jinan-telecom,wuhan-telecom,41.4953,0.0,icmp,1591654680,2020-06-08 22:18:00+00:00
90749266,jinan-telecom,wuhan-telecom,41.0657,0.0,icmp,1591654800,2020-06-08 22:20:00+00:00
90749499,jinan-telecom,wuhan-telecom,42.3649,0.0,icmp,1591654920,2020-06-08 22:22:00+00:00
90749694,jinan-telecom,wuhan-telecom,41.3723,0.0,icmp,1591655040,2020-06-08 22:24:00+00:00
90749934,jinan-telecom,wuhan-telecom,39.5395,0.0,icmp,1591655119,2020-06-08 22:25:19+00:00
90750180,jinan-telecom,wuhan-telecom,41.0423,0.0,icmp,1591655280,2020-06-08 22:28:00+00:00
90750381,jinan-telecom,wuhan-telecom,41.7734,0.0,icmp,1591655404,2020-06-08 22:30:04+00:00
90750631,jinan-telecom,wuhan-telecom,40.0405,0.0,icmp,1591655520,2020-06-08 22:32:00+00:00
90750862,jinan-telecom,wuhan-telecom,43.5115,0.0,icmp,1591655640,2020-06-08 22:34:00+00:00
90751096,jinan-telecom,wuhan-telecom,41.8009,0.0,icmp,1591655760,2020-06-08 22:36:00+00:00
90751306,jinan-telecom,wuhan-telecom,40.8662,0.0,icmp,1591655880,2020-06-08 22:38:00+00:00
90751535,jinan-telecom,wuhan-telecom,42.8223,0.0,icmp,1591656000,2020-06-08 22:40:00+00:00
90751767,jinan-telecom,wuhan-telecom,40.5048,0.0,icmp,1591656120,2020-06-08 22:42:00+00:00
90751987,jinan-telecom,wuhan-telecom,39.4323,0.0,icmp,1591656199,2020-06-08 22:43:19+00:00
90752231,jinan-telecom,wuhan-telecom,39.3814,0.0,icmp,1591656379,2020-06-08 22:46:19+00:00
90752460,jinan-telecom,wuhan-telecom,40.5231,0.0,icmp,1591656480,2020-06-08 22:48:00+00:00
90752702,jinan-telecom,wuhan-telecom,39.3508,0.0,icmp,1591656619,2020-06-08 22:50:19+00:00
90752916,jinan-telecom,wuhan-telecom,41.0497,0.0,icmp,1591656720,2020-06-08 22:52:00+00:00
90753158,jinan-telecom,wuhan-telecom,41.299,0.0,icmp,1591656840,2020-06-08 22:54:00+00:00
90753374,jinan-telecom,wuhan-telecom,41.1113,0.0,icmp,1591656960,2020-06-08 22:56:00+00:00
90753612,jinan-telecom,wuhan-telecom,40.3181,0.0,icmp,1591657080,2020-06-08 22:58:00+00:00
90753854,jinan-telecom,wuhan-telecom,40.2197,0.0,icmp,1591657200,2020-06-08 23:00:00+00:00
90754045,jinan-telecom,wuhan-telecom,40.1395,0.0,icmp,1591657320,2020-06-08 23:02:00+00:00
90754295,jinan-telecom,wuhan-telecom,41.2207,0.0,icmp,1591657440,2020-06-08 23:04:00+00:00
90754530,jinan-telecom,wuhan-telecom,40.2723,0.0,icmp,1591657560,2020-06-08 23:06:00+00:00
90754740,jinan-telecom,wuhan-telecom,40.8217,0.0,icmp,1591657680,2020-06-08 23:08:00+00:00
90754961,jinan-telecom,wuhan-telecom,41.3913,0.0,icmp,1591657800,2020-06-08 23:10:00+00:00
90755205,jinan-telecom,wuhan-telecom,39.43,0.0,icmp,1591657939,2020-06-08 23:12:19+00:00
90755426,jinan-telecom,wuhan-telecom,41.5498,0.0,icmp,1591658040,2020-06-08 23:14:00+00:00
90755679,jinan-telecom,wuhan-telecom,41.0928,0.0,icmp,1591658160,2020-06-08 23:16:00+00:00
90755882,jinan-telecom,wuhan-telecom,40.6028,0.0,icmp,1591658280,2020-06-08 23:18:00+00:00
90756106,jinan-telecom,wuhan-telecom,39.4286,0.0,icmp,1591658359,2020-06-08 23:19:19+00:00
90756359,jinan-telecom,wuhan-telecom,40.2889,0.0,icmp,1591658520,2020-06-08 23:22:00+00:00
90756579,jinan-telecom,wuhan-telecom,40.379,0.0,icmp,1591658640,2020-06-08 23:24:00+00:00
90756810,jinan-telecom,wuhan-telecom,39.8656,0.0,icmp,1591658760,2020-06-08 23:26:00+00:00
90757024,jinan-telecom,wuhan-telecom,39.3957,0.0,icmp,1591658899,2020-06-08 23:28:19+00:00
90757257,jinan-telecom,wuhan-telecom,39.7676,0.0,icmp,1591659000,2020-06-08 23:30:00+00:00
90757484,jinan-telecom,wuhan-telecom,40.705,0.0,icmp,1591659120,2020-06-08 23:32:00+00:00
90757713,jinan-telecom,wuhan-telecom,40.3068,0.0,icmp,1591659240,2020-06-08 23:34:00+00:00
90757953,jinan-telecom,wuhan-telecom,39.7229,0.0,icmp,1591659360,2020-06-08 23:36:00+00:00
90758172,jinan-telecom,wuhan-telecom,40.5831,0.0,icmp,1591659480,2020-06-08 23:38:00+00:00
90758425,jinan-telecom,wuhan-telecom,40.6478,0.0,icmp,1591659600,2020-06-08 23:40:00+00:00
90758655,jinan-telecom,wuhan-telecom,39.443,0.0,icmp,1591659739,2020-06-08 23:42:19+00:00
90758883,jinan-telecom,wuhan-telecom,42.3268,0.0,icmp,1591659840,2020-06-08 23:44:00+00:00
90759103,jinan-telecom,wuhan-telecom,39.4126,0.0,icmp,1591659979,2020-06-08 23:46:19+00:00
90759335,jinan-telecom,wuhan-telecom,41.4608,0.0,icmp,1591660080,2020-06-08 23:48:00+00:00
90759567,jinan-telecom,wuhan-telecom,40.0714,0.0,icmp,1591660200,2020-06-08 23:50:00+00:00
90759785,jinan-telecom,wuhan-telecom,41.3267,0.0,icmp,1591660320,2020-06-08 23:52:00+00:00
90760012,jinan-telecom,wuhan-telecom,41.3148,0.0,icmp,1591660440,2020-06-08 23:54:00+00:00
90760229,jinan-telecom,wuhan-telecom,40.3309,0.0,icmp,1591660560,2020-06-08 23:56:00+00:00
90760466,jinan-telecom,wuhan-telecom,40.5247,0.0,icmp,1591660680,2020-06-08 23:58:00+00:00
90760676,jinan-telecom,wuhan-telecom,40.6991,0.0,icmp,1591660800,2020-06-09 00:00:00+00:00
90760933,jinan-telecom,wuhan-telecom,42.8588,0.0,icmp,1591660920,2020-06-09 00:02:00+00:00
90761156,jinan-telecom,wuhan-telecom,40.2017,0.0,icmp,1591661040,2020-06-09 00:04:00+00:00
90761391,jinan-telecom,wuhan-telecom,39.864,0.0,icmp,1591661160,2020-06-09 00:06:00+00:00
90761620,jinan-telecom,wuhan-telecom,41.3434,0.0,icmp,1591661280,2020-06-09 00:08:00+00:00
90761858,jinan-telecom,wuhan-telecom,40.593,0.0,icmp,1591661400,2020-06-09 00:10:00+00:00
90762077,jinan-telecom,wuhan-telecom,40.1409,0.0,icmp,1591661520,2020-06-09 00:12:00+00:00
90762301,jinan-telecom,wuhan-telecom,42.6682,0.0,icmp,1591661640,2020-06-09 00:14:00+00:00
90762533,jinan-telecom,wuhan-telecom,40.0921,0.0,icmp,1591661760,2020-06-09 00:16:00+00:00
90762772,jinan-telecom,wuhan-telecom,41.201,0.0,icmp,1591661880,2020-06-09 00:18:00+00:00
90762996,jinan-telecom,wuhan-telecom,41.1845,0.0,icmp,1591662000,2020-06-09 00:20:00+00:00
90763214,jinan-telecom,wuhan-telecom,41.349,0.0,icmp,1591662120,2020-06-09 00:22:00+00:00
90763451,jinan-telecom,wuhan-telecom,41.1732,0.0,icmp,1591662240,2020-06-09 00:24:00+00:00
90763674,jinan-telecom,wuhan-telecom,40.3281,0.0,icmp,1591662360,2020-06-09 00:26:00+00:00
90763908,jinan-telecom,wuhan-telecom,41.2128,0.0,icmp,1591662480,2020-06-09 00:28:00+00:00
90764124,jinan-telecom,wuhan-telecom,40.9876,0.0,icmp,1591662600,2020-06-09 00:30:00+00:00
90764353,jinan-telecom,wuhan-telecom,40.952,0.0,icmp,1591662720,2020-06-09 00:32:00+00:00
90764591,jinan-telecom,wuhan-telecom,39.4398,0.0,icmp,1591662859,2020-06-09 00:34:19+00:00
90764808,jinan-telecom,wuhan-telecom,42.7719,0.0,icmp,1591662960,2020-06-09 00:36:00+00:00
90765067,jinan-telecom,wuhan-telecom,41.1323,0.0,icmp,1591663080,2020-06-09 00:38:00+00:00
90765277,jinan-telecom,wuhan-telecom,39.4112,0.0,icmp,1591663159,2020-06-09 00:39:19+00:00
90765518,jinan-telecom,wuhan-telecom,40.6719,0.0,icmp,1591663320,2020-06-09 00:42:00+00:00
90765734,jinan-telecom,wuhan-telecom,39.4463,0.0,icmp,1591663459,2020-06-09 00:44:19+00:00
90765978,jinan-telecom,wuhan-telecom,40.2154,0.0,icmp,1591663560,2020-06-09 00:46:00+00:00
90766204,jinan-telecom,wuhan-telecom,40.7002,0.0,icmp,1591663680,2020-06-09 00:48:00+00:00
90766398,jinan-telecom,wuhan-telecom,39.9277,0.0,icmp,1591663800,2020-06-09 00:50:00+00:00
90766661,jinan-telecom,wuhan-telecom,39.4231,0.0,icmp,1591663939,2020-06-09 00:52:19+00:00
90766876,jinan-telecom,wuhan-telecom,40.887,0.0,icmp,1591664040,2020-06-09 00:54:00+00:00
90767126,jinan-telecom,wuhan-telecom,41.8456,0.0,icmp,1591664160,2020-06-09 00:56:00+00:00
90767343,jinan-telecom,wuhan-telecom,40.0533,0.0,icmp,1591664280,2020-06-09 00:58:00+00:00
90767560,jinan-telecom,wuhan-telecom,40.8751,0.0,icmp,1591664400,2020-06-09 01:00:00+00:00
90767802,jinan-telecom,wuhan-telecom,40.9192,0.0,icmp,1591664520,2020-06-09 01:02:00+00:00
90768033,jinan-telecom,wuhan-telecom,39.9708,0.0,icmp,1591664640,2020-06-09 01:04:00+00:00
90768261,jinan-telecom,wuhan-telecom,39.7477,0.0,icmp,1591664760,2020-06-09 01:06:00+00:00
90768473,jinan-telecom,wuhan-telecom,41.5934,0.0,icmp,1591664880,2020-06-09 01:08:00+00:00
90768702,jinan-telecom,wuhan-telecom,40.7892,0.0,icmp,1591665000,2020-06-09 01:10:00+00:00
90768934,jinan-telecom,wuhan-telecom,40.2227,0.0,icmp,1591665120,2020-06-09 01:12:00+00:00
90769174,jinan-telecom,wuhan-telecom,40.1087,0.0,icmp,1591665240,2020-06-09 01:14:00+00:00
90769388,jinan-telecom,wuhan-telecom,39.4622,0.0,icmp,1591665319,2020-06-09 01:15:19+00:00
90769637,jinan-telecom,wuhan-telecom,40.0619,0.0,icmp,1591665480,2020-06-09 01:18:00+00:00
90769866,jinan-telecom,wuhan-telecom,39.9609,0.0,icmp,1591665600,2020-06-09 01:20:00+00:00
90770088,jinan-telecom,wuhan-telecom,41.9086,0.0,icmp,1591665720,2020-06-09 01:22:00+00:00
90770307,jinan-telecom,wuhan-telecom,39.3792,0.0,icmp,1591665859,2020-06-09 01:24:19+00:00
90770539,jinan-telecom,wuhan-telecom,40.2234,0.0,icmp,1591665960,2020-06-09 01:26:00+00:00
90770779,jinan-telecom,wuhan-telecom,40.93,0.0,icmp,1591666080,2020-06-09 01:28:00+00:00
90771003,jinan-telecom,wuhan-telecom,40.9299,0.0,icmp,1591666200,2020-06-09 01:30:00+00:00
90771249,jinan-telecom,wuhan-telecom,43.2036,0.0,icmp,1591666320,2020-06-09 01:32:00+00:00
90771457,jinan-telecom,wuhan-telecom,39.3742,0.0,icmp,1591666459,2020-06-09 01:34:19+00:00
90771706,jinan-telecom,wuhan-telecom,39.898,0.0,icmp,1591666560,2020-06-09 01:36:00+00:00
90771936,jinan-telecom,wuhan-telecom,40.1468,0.0,icmp,1591666680,2020-06-09 01:38:00+00:00
90772138,jinan-telecom,wuhan-telecom,39.468,0.0,icmp,1591666819,2020-06-09 01:40:19+00:00
90772369,jinan-telecom,wuhan-telecom,40.1566,0.0,icmp,1591666920,2020-06-09 01:42:00+00:00
90772621,jinan-telecom,wuhan-telecom,41.0376,0.0,icmp,1591667040,2020-06-09 01:44:00+00:00
90772839,jinan-telecom,wuhan-telecom,39.8496,0.0,icmp,1591667165,2020-06-09 01:46:05+00:00
90773082,jinan-telecom,wuhan-telecom,40.238,0.0,icmp,1591667280,2020-06-09 01:48:00+00:00
90773294,jinan-telecom,wuhan-telecom,40.0444,0.0,icmp,1591667400,2020-06-09 01:50:00+00:00
90773529,jinan-telecom,wuhan-telecom,40.252,0.0,icmp,1591667520,2020-06-09 01:52:00+00:00
90773762,jinan-telecom,wuhan-telecom,40.9142,0.0,icmp,1591667640,2020-06-09 01:54:00+00:00
90773985,jinan-telecom,wuhan-telecom,39.4118,0.0,icmp,1591667779,2020-06-09 01:56:19+00:00
90774209,jinan-telecom,wuhan-telecom,39.7136,0.0,icmp,1591667880,2020-06-09 01:58:00+00:00
90774428,jinan-telecom,wuhan-telecom,40.0245,0.0,icmp,1591668000,2020-06-09 02:00:00+00:00
90774664,jinan-telecom,wuhan-telecom,39.4218,0.0,icmp,1591668139,2020-06-09 02:02:19+00:00
90774903,jinan-telecom,wuhan-telecom,39.3941,0.0,icmp,1591668259,2020-06-09 02:04:19+00:00
90775121,jinan-telecom,wuhan-telecom,42.6072,0.0,icmp,1591668360,2020-06-09 02:06:00+00:00
90775356,jinan-telecom,wuhan-telecom,39.3708,0.0,icmp,1591668499,2020-06-09 02:08:19+00:00
90775570,jinan-telecom,wuhan-telecom,39.427,0.0,icmp,1591668619,2020-06-09 02:10:19+00:00
90775825,jinan-telecom,wuhan-telecom,41.545,0.0,icmp,1591668720,2020-06-09 02:12:00+00:00
90776047,jinan-telecom,wuhan-telecom,39.3821,0.0,icmp,1591668799,2020-06-09 02:13:19+00:00
90776289,jinan-telecom,wuhan-telecom,39.4592,0.0,icmp,1591668919,2020-06-09 02:15:19+00:00
90776494,jinan-telecom,wuhan-telecom,43.135,0.0,icmp,1591669080,2020-06-09 02:18:00+00:00
90776749,jinan-telecom,wuhan-telecom,40.4666,0.0,icmp,1591669200,2020-06-09 02:20:00+00:00
90776961,jinan-telecom,wuhan-telecom,40.4468,0.0,icmp,1591669320,2020-06-09 02:22:00+00:00
90777180,jinan-telecom,wuhan-telecom,39.3861,0.0,icmp,1591669399,2020-06-09 02:23:19+00:00
90777417,jinan-telecom,wuhan-telecom,40.2033,0.0,icmp,1591669560,2020-06-09 02:26:00+00:00
90777632,jinan-telecom,wuhan-telecom,39.382,0.0,icmp,1591669699,2020-06-09 02:28:19+00:00
90777900,jinan-telecom,wuhan-telecom,40.5318,0.0,icmp,1591669800,2020-06-09 02:30:00+00:00
90778118,jinan-telecom,wuhan-telecom,41.1663,0.0,icmp,1591669920,2020-06-09 02:32:00+00:00
90778342,jinan-telecom,wuhan-telecom,39.6793,0.0,icmp,1591670040,2020-06-09 02:34:00+00:00
90778569,jinan-telecom,wuhan-telecom,42.4574,0.0,icmp,1591670160,2020-06-09 02:36:00+00:00
90778774,jinan-telecom,wuhan-telecom,40.1028,0.0,icmp,1591670280,2020-06-09 02:38:00+00:00
90779011,jinan-telecom,wuhan-telecom,41.7977,0.0,icmp,1591670400,2020-06-09 02:40:00+00:00
90779244,jinan-telecom,wuhan-telecom,39.436,0.0,icmp,1591670479,2020-06-09 02:41:19+00:00
90779487,jinan-telecom,wuhan-telecom,40.497,0.0,icmp,1591670640,2020-06-09 02:44:00+00:00
90779705,jinan-telecom,wuhan-telecom,41.5419,0.0,icmp,1591670760,2020-06-09 02:46:00+00:00
90779918,jinan-telecom,wuhan-telecom,40.6273,0.0,icmp,1591670880,2020-06-09 02:48:00+00:00
90780178,jinan-telecom,wuhan-telecom,40.7811,0.0,icmp,1591671000,2020-06-09 02:50:00+00:00
90780390,jinan-telecom,wuhan-telecom,40.1715,0.0,icmp,1591671120,2020-06-09 02:52:00+00:00
90780609,jinan-telecom,wuhan-telecom,41.5061,0.0,icmp,1591671240,2020-06-09 02:54:00+00:00
90780846,jinan-telecom,wuhan-telecom,40.201,0.0,icmp,1591671360,2020-06-09 02:56:00+00:00
90781084,jinan-telecom,wuhan-telecom,41.4547,0.0,icmp,1591671480,2020-06-09 02:58:00+00:00
90781319,jinan-telecom,wuhan-telecom,40.4505,0.0,icmp,1591671600,2020-06-09 03:00:00+00:00
90781526,jinan-telecom,wuhan-telecom,39.5053,0.0,icmp,1591671679,2020-06-09 03:01:19+00:00
90781790,jinan-telecom,wuhan-telecom,39.9209,0.0,icmp,1591671840,2020-06-09 03:04:00+00:00
90781981,jinan-telecom,wuhan-telecom,39.7647,0.0,icmp,1591671960,2020-06-09 03:06:00+00:00
90782209,jinan-telecom,wuhan-telecom,41.1402,0.0,icmp,1591672080,2020-06-09 03:08:00+00:00
90782468,jinan-telecom,wuhan-telecom,39.3986,0.0,icmp,1591672159,2020-06-09 03:09:19+00:00
90782658,jinan-telecom,wuhan-telecom,40.1666,0.0,icmp,1591672320,2020-06-09 03:12:00+00:00
90782924,jinan-telecom,wuhan-telecom,40.329,0.0,icmp,1591672440,2020-06-09 03:14:00+00:00
90783124,jinan-telecom,wuhan-telecom,39.9673,0.0,icmp,1591672560,2020-06-09 03:16:00+00:00
90783373,jinan-telecom,wuhan-telecom,39.4128,0.0,icmp,1591672639,2020-06-09 03:17:19+00:00
90783590,jinan-telecom,wuhan-telecom,39.3842,0.0,icmp,1591672759,2020-06-09 03:19:19+00:00
90783833,jinan-telecom,wuhan-telecom,40.2936,0.0,icmp,1591672920,2020-06-09 03:22:00+00:00
90784041,jinan-telecom,wuhan-telecom,39.4029,0.0,icmp,1591673059,2020-06-09 03:24:19+00:00
90784281,jinan-telecom,wuhan-telecom,40.0775,0.0,icmp,1591673160,2020-06-09 03:26:00+00:00
90784526,jinan-telecom,wuhan-telecom,41.9049,0.0,icmp,1591673280,2020-06-09 03:28:00+00:00
90784736,jinan-telecom,wuhan-telecom,39.4179,0.0,icmp,1591673359,2020-06-09 03:29:19+00:00
90784950,jinan-telecom,wuhan-telecom,39.5368,0.0,icmp,1591673464,2020-06-09 03:31:04+00:00
90785172,jinan-telecom,wuhan-telecom,41.6955,0.0,icmp,1591673640,2020-06-09 03:34:00+00:00
90785411,jinan-telecom,wuhan-telecom,39.8209,0.0,icmp,1591673764,2020-06-09 03:36:04+00:00
90785630,jinan-telecom,wuhan-telecom,43.3235,0.0,icmp,1591673880,2020-06-09 03:38:00+00:00
90785870,jinan-telecom,wuhan-telecom,39.9777,0.0,icmp,1591674000,2020-06-09 03:40:00+00:00
90786102,jinan-telecom,wuhan-telecom,39.4668,0.0,icmp,1591674079,2020-06-09 03:41:19+00:00
90786337,jinan-telecom,wuhan-telecom,40.2861,0.0,icmp,1591674240,2020-06-09 03:44:00+00:00
90786549,jinan-telecom,wuhan-telecom,41.132,0.0,icmp,1591674360,2020-06-09 03:46:00+00:00
90786788,jinan-telecom,wuhan-telecom,40.0297,0.0,icmp,1591674480,2020-06-09 03:48:00+00:00
90787007,jinan-telecom,wuhan-telecom,39.4211,0.0,icmp,1591674619,2020-06-09 03:50:19+00:00
90787253,jinan-telecom,wuhan-telecom,39.9154,0.0,icmp,1591674720,2020-06-09 03:52:00+00:00
90787462,jinan-telecom,wuhan-telecom,40.4644,0.0,icmp,1591674840,2020-06-09 03:54:00+00:00
90787720,jinan-telecom,wuhan-telecom,39.7712,0.0,icmp,1591674960,2020-06-09 03:56:00+00:00
90787925,jinan-telecom,wuhan-telecom,41.0902,0.0,icmp,1591675080,2020-06-09 03:58:00+00:00
90788162,jinan-telecom,wuhan-telecom,39.8362,0.0,icmp,1591675200,2020-06-09 04:00:00+00:00
90788397,jinan-telecom,wuhan-telecom,39.4749,0.0,icmp,1591675279,2020-06-09 04:01:19+00:00
90788609,jinan-telecom,wuhan-telecom,42.0441,0.0,icmp,1591675440,2020-06-09 04:04:00+00:00
90788865,jinan-telecom,wuhan-telecom,40.6293,0.0,icmp,1591675560,2020-06-09 04:06:00+00:00
90789096,jinan-telecom,wuhan-telecom,40.5748,0.0,icmp,1591675680,2020-06-09 04:08:00+00:00
90789302,jinan-telecom,wuhan-telecom,40.8333,0.0,icmp,1591675800,2020-06-09 04:10:00+00:00
90789535,jinan-telecom,wuhan-telecom,39.577,0.0,icmp,1591675920,2020-06-09 04:12:00+00:00
90789752,jinan-telecom,wuhan-telecom,39.4327,0.0,icmp,1591675999,2020-06-09 04:13:19+00:00
90789991,jinan-telecom,wuhan-telecom,40.8175,0.0,icmp,1591676160,2020-06-09 04:16:00+00:00
90790212,jinan-telecom,wuhan-telecom,40.2566,0.0,icmp,1591676280,2020-06-09 04:18:00+00:00
90790446,jinan-telecom,wuhan-telecom,39.4137,0.0,icmp,1591676359,2020-06-09 04:19:19+00:00
90790699,jinan-telecom,wuhan-telecom,41.5897,0.0,icmp,1591676520,2020-06-09 04:22:00+00:00
90790903,jinan-telecom,wuhan-telecom,40.0399,0.0,icmp,1591676640,2020-06-09 04:24:00+00:00
90791137,jinan-telecom,wuhan-telecom,40.3444,0.0,icmp,1591676760,2020-06-09 04:26:00+00:00
90791380,jinan-telecom,wuhan-telecom,39.4136,0.0,icmp,1591676839,2020-06-09 04:27:19+00:00
90791590,jinan-telecom,wuhan-telecom,40.9294,0.0,icmp,1591677000,2020-06-09 04:30:00+00:00
90791819,jinan-telecom,wuhan-telecom,39.442,0.0,icmp,1591677079,2020-06-09 04:31:19+00:00
90792048,jinan-telecom,wuhan-telecom,39.399,0.0,icmp,1591677199,2020-06-09 04:33:19+00:00
90792291,jinan-telecom,wuhan-telecom,40.2364,0.0,icmp,1591677360,2020-06-09 04:36:00+00:00
90792517,jinan-telecom,wuhan-telecom,40.2863,0.0,icmp,1591677480,2020-06-09 04:38:00+00:00
90792752,jinan-telecom,wuhan-telecom,40.1358,0.0,icmp,1591677600,2020-06-09 04:40:00+00:00
90792977,jinan-telecom,wuhan-telecom,39.4366,0.0,icmp,1591677679,2020-06-09 04:41:19+00:00
90793190,jinan-telecom,wuhan-telecom,39.8499,0.0,icmp,1591677799,2020-06-09 04:43:19+00:00
90793437,jinan-telecom,wuhan-telecom,41.8209,0.0,icmp,1591677905,2020-06-09 04:45:05+00:00
90793635,jinan-telecom,wuhan-telecom,39.3887,0.0,icmp,1591678039,2020-06-09 04:47:19+00:00
90793883,jinan-telecom,wuhan-telecom,41.1706,0.0,icmp,1591678200,2020-06-09 04:50:00+00:00
90794118,jinan-telecom,wuhan-telecom,40.3533,0.0,icmp,1591678320,2020-06-09 04:52:00+00:00
90794358,jinan-telecom,wuhan-telecom,39.6497,0.0,icmp,1591678459,2020-06-09 04:54:19+00:00
90794561,jinan-telecom,wuhan-telecom,42.5713,0.0,icmp,1591678560,2020-06-09 04:56:00+00:00
90794798,jinan-telecom,wuhan-telecom,41.5647,0.0,icmp,1591678680,2020-06-09 04:58:00+00:00
90795040,jinan-telecom,wuhan-telecom,40.1785,0.0,icmp,1591678800,2020-06-09 05:00:00+00:00
90795270,jinan-telecom,wuhan-telecom,39.3891,0.0,icmp,1591678879,2020-06-09 05:01:19+00:00
90795496,jinan-telecom,wuhan-telecom,42.8147,0.0,icmp,1591679040,2020-06-09 05:04:00+00:00
90795713,jinan-telecom,wuhan-telecom,40.2729,0.0,icmp,1591679160,2020-06-09 05:06:00+00:00
90795940,jinan-telecom,wuhan-telecom,39.5649,0.0,icmp,1591679299,2020-06-09 05:08:19+00:00
90796186,jinan-telecom,wuhan-telecom,40.6813,0.0,icmp,1591679400,2020-06-09 05:10:00+00:00
90796403,jinan-telecom,wuhan-telecom,40.4815,0.0,icmp,1591679520,2020-06-09 05:12:00+00:00
90796667,jinan-telecom,wuhan-telecom,39.9745,0.0,icmp,1591679640,2020-06-09 05:14:00+00:00
90796881,jinan-telecom,wuhan-telecom,40.4165,0.0,icmp,1591679760,2020-06-09 05:16:00+00:00
90797086,jinan-telecom,wuhan-telecom,40.1673,0.0,icmp,1591679880,2020-06-09 05:18:00+00:00
90797300,jinan-telecom,wuhan-telecom,40.4768,0.0,icmp,1591680000,2020-06-09 05:20:00+00:00
90797557,jinan-telecom,wuhan-telecom,39.5335,0.0,icmp,1591680124,2020-06-09 05:22:04+00:00
90797794,jinan-telecom,wuhan-telecom,40.5312,0.0,icmp,1591680240,2020-06-09 05:24:00+00:00
90797999,jinan-telecom,wuhan-telecom,39.4245,0.0,icmp,1591680319,2020-06-09 05:25:19+00:00
90798234,jinan-telecom,wuhan-telecom,42.0747,0.0,icmp,1591680480,2020-06-09 05:28:00+00:00
90798464,jinan-telecom,wuhan-telecom,39.5883,0.0,icmp,1591680559,2020-06-09 05:29:19+00:00
90798701,jinan-telecom,wuhan-telecom,40.1203,0.0,icmp,1591680720,2020-06-09 05:32:00+00:00
90798927,jinan-telecom,wuhan-telecom,41.5242,0.0,icmp,1591680840,2020-06-09 05:34:00+00:00
90799130,jinan-telecom,wuhan-telecom,40.26,0.0,icmp,1591680960,2020-06-09 05:36:00+00:00
90799385,jinan-telecom,wuhan-telecom,40.8099,0.0,icmp,1591681080,2020-06-09 05:38:00+00:00
90799614,jinan-telecom,wuhan-telecom,39.4296,0.0,icmp,1591681159,2020-06-09 05:39:19+00:00
90799836,jinan-telecom,wuhan-telecom,39.4339,0.0,icmp,1591681279,2020-06-09 05:41:19+00:00
90800076,jinan-telecom,wuhan-telecom,39.418,0.0,icmp,1591681459,2020-06-09 05:44:19+00:00
90800297,jinan-telecom,wuhan-telecom,41.0353,0.0,icmp,1591681560,2020-06-09 05:46:00+00:00
90800536,jinan-telecom,wuhan-telecom,39.4142,0.0,icmp,1591681639,2020-06-09 05:47:19+00:00
90800739,jinan-telecom,wuhan-telecom,39.4212,0.0,icmp,1591681759,2020-06-09 05:49:19+00:00
90800990,jinan-telecom,wuhan-telecom,40.6038,0.0,icmp,1591681920,2020-06-09 05:52:00+00:00
90801201,jinan-telecom,wuhan-telecom,40.0427,0.0,icmp,1591682040,2020-06-09 05:54:00+00:00
90801439,jinan-telecom,wuhan-telecom,40.6879,0.0,icmp,1591682160,2020-06-09 05:56:00+00:00
90801657,jinan-telecom,wuhan-telecom,40.8711,0.0,icmp,1591682280,2020-06-09 05:58:00+00:00
90801905,jinan-telecom,wuhan-telecom,39.4818,0.0,icmp,1591682359,2020-06-09 05:59:19+00:00
90802118,jinan-telecom,wuhan-telecom,40.7122,0.0,icmp,1591682520,2020-06-09 06:02:00+00:00
90802338,jinan-telecom,wuhan-telecom,40.4191,0.0,icmp,1591682640,2020-06-09 06:04:00+00:00
90802548,jinan-telecom,wuhan-telecom,40.8317,0.0,icmp,1591682760,2020-06-09 06:06:00+00:00
94003474,jinan-telecom,wuhan-telecom,108.1935,2.0,icmp,1591806780,2020-06-10 16:33:00+00:00
94003725,jinan-telecom,wuhan-telecom,45.054,0.0,icmp,1591806900,2020-06-10 16:35:00+00:00
94003943,jinan-telecom,wuhan-telecom,46.7423,0.0,icmp,1591807020,2020-06-10 16:37:00+00:00
94004161,jinan-telecom,wuhan-telecom,47.7255,0.0,icmp,1591807140,2020-06-10 16:39:00+00:00
94004394,jinan-telecom,wuhan-telecom,48.4579,0.0,icmp,1591807260,2020-06-10 16:41:00+00:00
94004623,jinan-telecom,wuhan-telecom,63.129,6.0,icmp,1591807380,2020-06-10 16:43:00+00:00
94004858,jinan-telecom,wuhan-telecom,45.7986,0.0,icmp,1591807500,2020-06-10 16:45:00+00:00
94005085,jinan-telecom,wuhan-telecom,44.6339,0.0,icmp,1591807620,2020-06-10 16:47:00+00:00
94005275,jinan-telecom,wuhan-telecom,46.1566,0.0,icmp,1591807740,2020-06-10 16:49:00+00:00
94005526,jinan-telecom,wuhan-telecom,47.4923,0.0,icmp,1591807860,2020-06-10 16:51:00+00:00
94005769,jinan-telecom,wuhan-telecom,45.6782,0.0,icmp,1591807980,2020-06-10 16:53:00+00:00
94005999,jinan-telecom,wuhan-telecom,48.9297,0.0,icmp,1591808100,2020-06-10 16:55:00+00:00
94006226,jinan-telecom,wuhan-telecom,46.4056,0.0,icmp,1591808220,2020-06-10 16:57:00+00:00
94006446,jinan-telecom,wuhan-telecom,47.6248,0.0,icmp,1591808340,2020-06-10 16:59:00+00:00
94006690,jinan-telecom,wuhan-telecom,39.3667,0.0,icmp,1591808479,2020-06-10 17:01:19+00:00
94006915,jinan-telecom,wuhan-telecom,45.3126,0.0,icmp,1591808580,2020-06-10 17:03:00+00:00
94007134,jinan-telecom,wuhan-telecom,39.3624,0.0,icmp,1591808659,2020-06-10 17:04:19+00:00
94007374,jinan-telecom,wuhan-telecom,42.9476,0.0,icmp,1591808820,2020-06-10 17:07:00+00:00
94007596,jinan-telecom,wuhan-telecom,45.9969,0.0,icmp,1591808940,2020-06-10 17:09:00+00:00
94007835,jinan-telecom,wuhan-telecom,39.3552,0.0,icmp,1591809079,2020-06-10 17:11:19+00:00
94008051,jinan-telecom,wuhan-telecom,45.371,0.0,icmp,1591809199,2020-06-10 17:13:19+00:00
94008288,jinan-telecom,wuhan-telecom,39.6085,0.0,icmp,1591809319,2020-06-10 17:15:19+00:00
94008510,jinan-telecom,wuhan-telecom,45.6814,0.0,icmp,1591809420,2020-06-10 17:17:00+00:00
94008748,jinan-telecom,wuhan-telecom,47.0946,0.0,icmp,1591809540,2020-06-10 17:19:00+00:00
94008975,jinan-telecom,wuhan-telecom,48.6519,0.0,icmp,1591809660,2020-06-10 17:21:00+00:00
94009209,jinan-telecom,wuhan-telecom,46.9412,0.0,icmp,1591809780,2020-06-10 17:23:00+00:00
94009421,jinan-telecom,wuhan-telecom,39.6176,0.0,icmp,1591809859,2020-06-10 17:24:19+00:00
94009674,jinan-telecom,wuhan-telecom,48.1922,0.0,icmp,1591810020,2020-06-10 17:27:00+00:00
94009895,jinan-telecom,wuhan-telecom,48.1057,0.0,icmp,1591810140,2020-06-10 17:29:00+00:00
94010120,jinan-telecom,wuhan-telecom,39.5687,0.0,icmp,1591810279,2020-06-10 17:31:19+00:00
94010348,jinan-telecom,wuhan-telecom,47.6659,0.0,icmp,1591810380,2020-06-10 17:33:00+00:00
94010561,jinan-telecom,wuhan-telecom,46.4849,0.0,icmp,1591810500,2020-06-10 17:35:00+00:00
94010818,jinan-telecom,wuhan-telecom,39.3432,0.0,icmp,1591810639,2020-06-10 17:37:19+00:00
94011033,jinan-telecom,wuhan-telecom,39.5646,0.0,icmp,1591810744,2020-06-10 17:39:04+00:00
94011265,jinan-telecom,wuhan-telecom,47.4062,0.0,icmp,1591810860,2020-06-10 17:41:00+00:00
94011483,jinan-telecom,wuhan-telecom,47.4461,0.0,icmp,1591810980,2020-06-10 17:43:00+00:00
94011731,jinan-telecom,wuhan-telecom,46.73,0.0,icmp,1591811100,2020-06-10 17:45:00+00:00
94011947,jinan-telecom,wuhan-telecom,45.5297,0.0,icmp,1591811220,2020-06-10 17:47:00+00:00
94012173,jinan-telecom,wuhan-telecom,39.5516,0.0,icmp,1591811345,2020-06-10 17:49:05+00:00
94012422,jinan-telecom,wuhan-telecom,46.2069,0.0,icmp,1591811460,2020-06-10 17:51:00+00:00
94012645,jinan-telecom,wuhan-telecom,48.3051,0.0,icmp,1591811580,2020-06-10 17:53:00+00:00
94012871,jinan-telecom,wuhan-telecom,47.1788,0.0,icmp,1591811700,2020-06-10 17:55:00+00:00
94013086,jinan-telecom,wuhan-telecom,46.942,0.0,icmp,1591811820,2020-06-10 17:57:00+00:00
94013309,jinan-telecom,wuhan-telecom,46.6239,0.0,icmp,1591811940,2020-06-10 17:59:00+00:00
94013587,jinan-telecom,wuhan-telecom,47.8407,0.0,icmp,1591812060,2020-06-10 18:01:00+00:00
94013767,jinan-telecom,wuhan-telecom,39.494,0.0,icmp,1591812199,2020-06-10 18:03:19+00:00
94014000,jinan-telecom,wuhan-telecom,40.9033,0.0,icmp,1591812300,2020-06-10 18:05:00+00:00
94014239,jinan-telecom,wuhan-telecom,47.9352,0.0,icmp,1591812420,2020-06-10 18:07:00+00:00
94014473,jinan-telecom,wuhan-telecom,47.5167,0.0,icmp,1591812540,2020-06-10 18:09:00+00:00
94014698,jinan-telecom,wuhan-telecom,47.0262,0.0,icmp,1591812660,2020-06-10 18:11:00+00:00
94014924,jinan-telecom,wuhan-telecom,48.0489,0.0,icmp,1591812780,2020-06-10 18:13:00+00:00
94015146,jinan-telecom,wuhan-telecom,45.6554,0.0,icmp,1591812900,2020-06-10 18:15:00+00:00
94015389,jinan-telecom,wuhan-telecom,45.2384,0.0,icmp,1591813020,2020-06-10 18:17:00+00:00
94015615,jinan-telecom,wuhan-telecom,45.8081,0.0,icmp,1591813140,2020-06-10 18:19:00+00:00
94015855,jinan-telecom,wuhan-telecom,39.381,0.0,icmp,1591813279,2020-06-10 18:21:19+00:00
94016079,jinan-telecom,wuhan-telecom,47.3383,0.0,icmp,1591813380,2020-06-10 18:23:00+00:00
94016299,jinan-telecom,wuhan-telecom,47.5889,0.0,icmp,1591813500,2020-06-10 18:25:00+00:00
94016537,jinan-telecom,wuhan-telecom,45.7913,0.0,icmp,1591813620,2020-06-10 18:27:00+00:00
94016755,jinan-telecom,wuhan-telecom,39.3619,0.0,icmp,1591813699,2020-06-10 18:28:19+00:00
94017002,jinan-telecom,wuhan-telecom,39.2952,0.0,icmp,1591813879,2020-06-10 18:31:19+00:00
94017203,jinan-telecom,wuhan-telecom,39.3559,0.0,icmp,1591813999,2020-06-10 18:33:19+00:00
94017453,jinan-telecom,wuhan-telecom,39.3169,0.0,icmp,1591814119,2020-06-10 18:35:19+00:00
94017686,jinan-telecom,wuhan-telecom,46.2729,0.0,icmp,1591814220,2020-06-10 18:37:00+00:00
94017908,jinan-telecom,wuhan-telecom,49.2239,0.0,icmp,1591814340,2020-06-10 18:39:00+00:00
94018148,jinan-telecom,wuhan-telecom,48.8048,0.0,icmp,1591814460,2020-06-10 18:41:00+00:00
94018359,jinan-telecom,wuhan-telecom,46.8187,0.0,icmp,1591814580,2020-06-10 18:43:00+00:00
94018577,jinan-telecom,wuhan-telecom,47.9014,0.0,icmp,1591814700,2020-06-10 18:45:00+00:00
94018812,jinan-telecom,wuhan-telecom,46.3401,0.0,icmp,1591814820,2020-06-10 18:47:00+00:00
94019035,jinan-telecom,wuhan-telecom,47.9786,0.0,icmp,1591814940,2020-06-10 18:49:00+00:00
94019298,jinan-telecom,wuhan-telecom,46.3733,0.0,icmp,1591815060,2020-06-10 18:51:00+00:00
94019495,jinan-telecom,wuhan-telecom,39.659,0.0,icmp,1591815124,2020-06-10 18:52:04+00:00
94019724,jinan-telecom,wuhan-telecom,48.2621,0.0,icmp,1591815300,2020-06-10 18:55:00+00:00
94019974,jinan-telecom,wuhan-telecom,46.6159,0.0,icmp,1591815420,2020-06-10 18:57:00+00:00
94020192,jinan-telecom,wuhan-telecom,39.3404,0.0,icmp,1591815499,2020-06-10 18:58:19+00:00
94020433,jinan-telecom,wuhan-telecom,39.324,0.0,icmp,1591815679,2020-06-10 19:01:19+00:00
94020649,jinan-telecom,wuhan-telecom,47.4033,0.0,icmp,1591815780,2020-06-10 19:03:00+00:00
94020869,jinan-telecom,wuhan-telecom,49.2229,0.0,icmp,1591815900,2020-06-10 19:05:00+00:00
94021103,jinan-telecom,wuhan-telecom,39.3457,0.0,icmp,1591816039,2020-06-10 19:07:19+00:00
94021339,jinan-telecom,wuhan-telecom,46.9753,0.0,icmp,1591816140,2020-06-10 19:09:00+00:00
94021559,jinan-telecom,wuhan-telecom,48.6599,0.0,icmp,1591816260,2020-06-10 19:11:00+00:00
94021772,jinan-telecom,wuhan-telecom,47.2043,0.0,icmp,1591816380,2020-06-10 19:13:00+00:00
94022002,jinan-telecom,wuhan-telecom,39.3902,0.0,icmp,1591816459,2020-06-10 19:14:19+00:00
94022232,jinan-telecom,wuhan-telecom,46.4627,0.0,icmp,1591816620,2020-06-10 19:17:00+00:00
94022487,jinan-telecom,wuhan-telecom,39.559,0.0,icmp,1591816759,2020-06-10 19:19:19+00:00
94022724,jinan-telecom,wuhan-telecom,39.3314,0.0,icmp,1591816879,2020-06-10 19:21:19+00:00
94022936,jinan-telecom,wuhan-telecom,47.7974,0.0,icmp,1591816980,2020-06-10 19:23:00+00:00
94023179,jinan-telecom,wuhan-telecom,48.7545,0.0,icmp,1591817100,2020-06-10 19:25:00+00:00
94023427,jinan-telecom,wuhan-telecom,45.8104,0.0,icmp,1591817220,2020-06-10 19:27:00+00:00
94023627,jinan-telecom,wuhan-telecom,48.5085,0.0,icmp,1591817340,2020-06-10 19:29:00+00:00
94023864,jinan-telecom,wuhan-telecom,46.4526,0.0,icmp,1591817460,2020-06-10 19:31:00+00:00
94024080,jinan-telecom,wuhan-telecom,39.5726,0.0,icmp,1591817539,2020-06-10 19:32:19+00:00
94024301,jinan-telecom,wuhan-telecom,46.8468,0.0,icmp,1591817700,2020-06-10 19:35:00+00:00
94024549,jinan-telecom,wuhan-telecom,48.5378,0.0,icmp,1591817820,2020-06-10 19:37:00+00:00
94024760,jinan-telecom,wuhan-telecom,47.768,0.0,icmp,1591817940,2020-06-10 19:39:00+00:00
94024996,jinan-telecom,wuhan-telecom,39.3541,0.0,icmp,1591818019,2020-06-10 19:40:19+00:00
94025222,jinan-telecom,wuhan-telecom,46.9881,0.0,icmp,1591818180,2020-06-10 19:43:00+00:00
94025456,jinan-telecom,wuhan-telecom,48.2934,0.0,icmp,1591818300,2020-06-10 19:45:00+00:00
94025690,jinan-telecom,wuhan-telecom,47.3754,0.0,icmp,1591818420,2020-06-10 19:47:00+00:00
94025899,jinan-telecom,wuhan-telecom,48.4962,0.0,icmp,1591818485,2020-06-10 19:48:05+00:00
94026143,jinan-telecom,wuhan-telecom,46.2965,0.0,icmp,1591818660,2020-06-10 19:51:00+00:00
94026355,jinan-telecom,wuhan-telecom,41.09,0.0,icmp,1591818780,2020-06-10 19:53:00+00:00
94026600,jinan-telecom,wuhan-telecom,39.3835,0.0,icmp,1591818859,2020-06-10 19:54:19+00:00
94026832,jinan-telecom,wuhan-telecom,39.3378,0.0,icmp,1591819039,2020-06-10 19:57:19+00:00
94027069,jinan-telecom,wuhan-telecom,39.3918,0.0,icmp,1591819159,2020-06-10 19:59:19+00:00
94027284,jinan-telecom,wuhan-telecom,45.8663,0.0,icmp,1591819260,2020-06-10 20:01:00+00:00
94027532,jinan-telecom,wuhan-telecom,39.4879,0.0,icmp,1591819399,2020-06-10 20:03:19+00:00
94027751,jinan-telecom,wuhan-telecom,47.595,0.0,icmp,1591819500,2020-06-10 20:05:00+00:00
94027969,jinan-telecom,wuhan-telecom,46.5231,0.0,icmp,1591819620,2020-06-10 20:07:00+00:00
94028196,jinan-telecom,wuhan-telecom,47.0007,0.0,icmp,1591819740,2020-06-10 20:09:00+00:00
94028423,jinan-telecom,wuhan-telecom,47.3985,0.0,icmp,1591819860,2020-06-10 20:11:00+00:00
94028653,jinan-telecom,wuhan-telecom,47.5014,0.0,icmp,1591819980,2020-06-10 20:13:00+00:00
94028903,jinan-telecom,wuhan-telecom,39.6137,0.0,icmp,1591820059,2020-06-10 20:14:19+00:00
94029118,jinan-telecom,wuhan-telecom,42.0133,0.0,icmp,1591820220,2020-06-10 20:17:00+00:00
94029350,jinan-telecom,wuhan-telecom,46.4268,0.0,icmp,1591820340,2020-06-10 20:19:00+00:00
94029577,jinan-telecom,wuhan-telecom,39.3791,0.0,icmp,1591820479,2020-06-10 20:21:19+00:00
94029812,jinan-telecom,wuhan-telecom,46.2778,0.0,icmp,1591820580,2020-06-10 20:23:00+00:00
94030041,jinan-telecom,wuhan-telecom,45.9868,0.0,icmp,1591820700,2020-06-10 20:25:00+00:00
94030261,jinan-telecom,wuhan-telecom,47.3199,0.0,icmp,1591820820,2020-06-10 20:27:00+00:00
94030484,jinan-telecom,wuhan-telecom,46.0174,0.0,icmp,1591820940,2020-06-10 20:29:00+00:00
94030726,jinan-telecom,wuhan-telecom,39.4926,0.0,icmp,1591821065,2020-06-10 20:31:05+00:00
94030953,jinan-telecom,wuhan-telecom,47.2637,0.0,icmp,1591821180,2020-06-10 20:33:00+00:00
94031201,jinan-telecom,wuhan-telecom,47.1957,0.0,icmp,1591821300,2020-06-10 20:35:00+00:00
94031415,jinan-telecom,wuhan-telecom,47.6763,0.0,icmp,1591821420,2020-06-10 20:37:00+00:00
94031645,jinan-telecom,wuhan-telecom,49.3618,0.0,icmp,1591821540,2020-06-10 20:39:00+00:00
94031871,jinan-telecom,wuhan-telecom,41.7913,0.0,icmp,1591821660,2020-06-10 20:41:00+00:00
94032095,jinan-telecom,wuhan-telecom,39.3263,0.0,icmp,1591821739,2020-06-10 20:42:19+00:00
94032315,jinan-telecom,wuhan-telecom,43.0435,0.0,icmp,1591821900,2020-06-10 20:45:00+00:00
94032559,jinan-telecom,wuhan-telecom,48.5826,0.0,icmp,1591822020,2020-06-10 20:47:00+00:00
94032773,jinan-telecom,wuhan-telecom,44.4162,0.0,icmp,1591822140,2020-06-10 20:49:00+00:00
94033022,jinan-telecom,wuhan-telecom,39.4852,0.0,icmp,1591822260,2020-06-10 20:51:00+00:00
94033225,jinan-telecom,wuhan-telecom,48.7555,0.0,icmp,1591822380,2020-06-10 20:53:00+00:00
94033454,jinan-telecom,wuhan-telecom,41.3917,0.0,icmp,1591822500,2020-06-10 20:55:00+00:00
94033689,jinan-telecom,wuhan-telecom,47.8176,0.0,icmp,1591822620,2020-06-10 20:57:00+00:00
94033918,jinan-telecom,wuhan-telecom,47.6863,0.0,icmp,1591822740,2020-06-10 20:59:00+00:00
94034171,jinan-telecom,wuhan-telecom,47.9943,0.0,icmp,1591822860,2020-06-10 21:01:00+00:00
94034375,jinan-telecom,wuhan-telecom,47.4511,0.0,icmp,1591822980,2020-06-10 21:03:00+00:00
94034625,jinan-telecom,wuhan-telecom,48.2535,0.0,icmp,1591823100,2020-06-10 21:05:00+00:00
94034843,jinan-telecom,wuhan-telecom,46.2053,0.0,icmp,1591823220,2020-06-10 21:07:00+00:00
94035067,jinan-telecom,wuhan-telecom,49.0784,0.0,icmp,1591823340,2020-06-10 21:09:00+00:00
94035302,jinan-telecom,wuhan-telecom,46.6619,0.0,icmp,1591823460,2020-06-10 21:11:00+00:00
94035526,jinan-telecom,wuhan-telecom,49.8211,0.0,icmp,1591823580,2020-06-10 21:13:00+00:00
94035759,jinan-telecom,wuhan-telecom,49.6176,0.0,icmp,1591823700,2020-06-10 21:15:00+00:00
94035975,jinan-telecom,wuhan-telecom,45.9818,0.0,icmp,1591823820,2020-06-10 21:17:00+00:00
94036227,jinan-telecom,wuhan-telecom,48.3491,0.0,icmp,1591823940,2020-06-10 21:19:00+00:00
94036453,jinan-telecom,wuhan-telecom,48.4528,0.0,icmp,1591824060,2020-06-10 21:21:00+00:00
94036665,jinan-telecom,wuhan-telecom,46.2363,0.0,icmp,1591824180,2020-06-10 21:23:00+00:00
94036910,jinan-telecom,wuhan-telecom,47.4561,0.0,icmp,1591824300,2020-06-10 21:25:00+00:00
94037118,jinan-telecom,wuhan-telecom,46.4315,0.0,icmp,1591824420,2020-06-10 21:27:00+00:00
94037366,jinan-telecom,wuhan-telecom,51.3111,0.0,icmp,1591824540,2020-06-10 21:29:00+00:00
94037601,jinan-telecom,wuhan-telecom,47.1017,0.0,icmp,1591824660,2020-06-10 21:31:00+00:00
94037826,jinan-telecom,wuhan-telecom,48.7791,0.0,icmp,1591824780,2020-06-10 21:33:00+00:00
94038049,jinan-telecom,wuhan-telecom,47.742,0.0,icmp,1591824900,2020-06-10 21:35:00+00:00
94038271,jinan-telecom,wuhan-telecom,46.5874,0.0,icmp,1591825020,2020-06-10 21:37:00+00:00
94038501,jinan-telecom,wuhan-telecom,50.6398,0.0,icmp,1591825140,2020-06-10 21:39:00+00:00
94038742,jinan-telecom,wuhan-telecom,39.3669,0.0,icmp,1591825219,2020-06-10 21:40:19+00:00
94038954,jinan-telecom,wuhan-telecom,45.9307,0.0,icmp,1591825380,2020-06-10 21:43:00+00:00
94039183,jinan-telecom,wuhan-telecom,45.8405,0.0,icmp,1591825500,2020-06-10 21:45:00+00:00
94039412,jinan-telecom,wuhan-telecom,39.3091,0.0,icmp,1591825579,2020-06-10 21:46:19+00:00
94039652,jinan-telecom,wuhan-telecom,47.2664,0.0,icmp,1591825740,2020-06-10 21:49:00+00:00
94039881,jinan-telecom,wuhan-telecom,46.8757,0.0,icmp,1591825860,2020-06-10 21:51:00+00:00
94040118,jinan-telecom,wuhan-telecom,48.683,0.0,icmp,1591825980,2020-06-10 21:53:00+00:00
94040355,jinan-telecom,wuhan-telecom,47.914,0.0,icmp,1591826100,2020-06-10 21:55:00+00:00
94040570,jinan-telecom,wuhan-telecom,47.4231,0.0,icmp,1591826220,2020-06-10 21:57:00+00:00
94040787,jinan-telecom,wuhan-telecom,47.0647,0.0,icmp,1591826340,2020-06-10 21:59:00+00:00
94041025,jinan-telecom,wuhan-telecom,45.5285,0.0,icmp,1591826460,2020-06-10 22:01:00+00:00
94041253,jinan-telecom,wuhan-telecom,47.0869,0.0,icmp,1591826580,2020-06-10 22:03:00+00:00
94041480,jinan-telecom,wuhan-telecom,49.6163,0.0,icmp,1591826700,2020-06-10 22:05:00+00:00
94041707,jinan-telecom,wuhan-telecom,39.4578,0.0,icmp,1591826839,2020-06-10 22:07:19+00:00
94041949,jinan-telecom,wuhan-telecom,47.2278,0.0,icmp,1591826940,2020-06-10 22:09:00+00:00
94042159,jinan-telecom,wuhan-telecom,47.2226,0.0,icmp,1591827060,2020-06-10 22:11:00+00:00
94042388,jinan-telecom,wuhan-telecom,47.119,0.0,icmp,1591827180,2020-06-10 22:13:00+00:00
94042626,jinan-telecom,wuhan-telecom,48.1437,0.0,icmp,1591827300,2020-06-10 22:15:00+00:00
94042856,jinan-telecom,wuhan-telecom,39.2893,0.0,icmp,1591827379,2020-06-10 22:16:19+00:00
94043092,jinan-telecom,wuhan-telecom,47.0846,0.0,icmp,1591827540,2020-06-10 22:19:00+00:00
94043314,jinan-telecom,wuhan-telecom,45.8832,0.0,icmp,1591827660,2020-06-10 22:21:00+00:00
94043548,jinan-telecom,wuhan-telecom,48.0499,0.0,icmp,1591827780,2020-06-10 22:23:00+00:00
94043777,jinan-telecom,wuhan-telecom,39.6794,0.0,icmp,1591827919,2020-06-10 22:25:19+00:00
94043997,jinan-telecom,wuhan-telecom,47.2125,0.0,icmp,1591828020,2020-06-10 22:27:00+00:00
94044226,jinan-telecom,wuhan-telecom,47.7114,0.0,icmp,1591828140,2020-06-10 22:29:00+00:00
94044471,jinan-telecom,wuhan-telecom,45.6755,0.0,icmp,1591828260,2020-06-10 22:31:00+00:00
94044714,jinan-telecom,wuhan-telecom,47.7137,0.0,icmp,1591828380,2020-06-10 22:33:00+00:00
94044923,jinan-telecom,wuhan-telecom,47.6918,0.0,icmp,1591828500,2020-06-10 22:35:00+00:00
94045149,jinan-telecom,wuhan-telecom,47.5896,0.0,icmp,1591828620,2020-06-10 22:37:00+00:00
94045388,jinan-telecom,wuhan-telecom,48.4065,0.0,icmp,1591828740,2020-06-10 22:39:00+00:00
94045600,jinan-telecom,wuhan-telecom,49.0993,0.0,icmp,1591828860,2020-06-10 22:41:00+00:00
94045832,jinan-telecom,wuhan-telecom,46.0991,0.0,icmp,1591828980,2020-06-10 22:43:00+00:00
94046066,jinan-telecom,wuhan-telecom,39.572,0.0,icmp,1591829119,2020-06-10 22:45:19+00:00
94046302,jinan-telecom,wuhan-telecom,49.5305,0.0,icmp,1591829220,2020-06-10 22:47:00+00:00
94046519,jinan-telecom,wuhan-telecom,48.2935,0.0,icmp,1591829340,2020-06-10 22:49:00+00:00
94046750,jinan-telecom,wuhan-telecom,39.3615,0.0,icmp,1591829419,2020-06-10 22:50:19+00:00
94046971,jinan-telecom,wuhan-telecom,46.4862,0.0,icmp,1591829580,2020-06-10 22:53:00+00:00
94047218,jinan-telecom,wuhan-telecom,39.3487,0.0,icmp,1591829719,2020-06-10 22:55:19+00:00
94047432,jinan-telecom,wuhan-telecom,48.2445,0.0,icmp,1591829820,2020-06-10 22:57:00+00:00
94047676,jinan-telecom,wuhan-telecom,46.4699,0.0,icmp,1591829940,2020-06-10 22:59:00+00:00
94047905,jinan-telecom,wuhan-telecom,49.1674,0.0,icmp,1591830060,2020-06-10 23:01:00+00:00
94048131,jinan-telecom,wuhan-telecom,47.5624,0.0,icmp,1591830180,2020-06-10 23:03:00+00:00
94048348,jinan-telecom,wuhan-telecom,48.3881,0.0,icmp,1591830300,2020-06-10 23:05:00+00:00
94048573,jinan-telecom,wuhan-telecom,45.9657,0.0,icmp,1591830420,2020-06-10 23:07:00+00:00
94048819,jinan-telecom,wuhan-telecom,46.0073,0.0,icmp,1591830540,2020-06-10 23:09:00+00:00
94049046,jinan-telecom,wuhan-telecom,50.6271,0.0,icmp,1591830660,2020-06-10 23:11:00+00:00
94049280,jinan-telecom,wuhan-telecom,47.5221,0.0,icmp,1591830780,2020-06-10 23:13:00+00:00
94049495,jinan-telecom,wuhan-telecom,46.7146,0.0,icmp,1591830900,2020-06-10 23:15:00+00:00
94049721,jinan-telecom,wuhan-telecom,39.3354,0.0,icmp,1591831039,2020-06-10 23:17:19+00:00
94049942,jinan-telecom,wuhan-telecom,45.2872,0.0,icmp,1591831140,2020-06-10 23:19:00+00:00
94050185,jinan-telecom,wuhan-telecom,45.7505,0.0,icmp,1591831260,2020-06-10 23:21:00+00:00
94050413,jinan-telecom,wuhan-telecom,47.2127,0.0,icmp,1591831380,2020-06-10 23:23:00+00:00
94050638,jinan-telecom,wuhan-telecom,39.4807,0.0,icmp,1591831459,2020-06-10 23:24:19+00:00
94050876,jinan-telecom,wuhan-telecom,45.4743,0.0,icmp,1591831620,2020-06-10 23:27:00+00:00
94051113,jinan-telecom,wuhan-telecom,48.5513,0.0,icmp,1591831740,2020-06-10 23:29:00+00:00
94051331,jinan-telecom,wuhan-telecom,39.5977,0.0,icmp,1591831879,2020-06-10 23:31:19+00:00
94051560,jinan-telecom,wuhan-telecom,49.0149,0.0,icmp,1591831980,2020-06-10 23:33:00+00:00
94051795,jinan-telecom,wuhan-telecom,47.9388,0.0,icmp,1591832100,2020-06-10 23:35:00+00:00
94052025,jinan-telecom,wuhan-telecom,39.3589,0.0,icmp,1591832239,2020-06-10 23:37:19+00:00
94052259,jinan-telecom,wuhan-telecom,47.6386,0.0,icmp,1591832340,2020-06-10 23:39:00+00:00
94052469,jinan-telecom,wuhan-telecom,49.5983,0.0,icmp,1591832460,2020-06-10 23:41:00+00:00
94052693,jinan-telecom,wuhan-telecom,50.2974,0.0,icmp,1591832580,2020-06-10 23:43:00+00:00
94052950,jinan-telecom,wuhan-telecom,45.7594,0.0,icmp,1591832700,2020-06-10 23:45:00+00:00
94053146,jinan-telecom,wuhan-telecom,47.9531,0.0,icmp,1591832820,2020-06-10 23:47:00+00:00
94053381,jinan-telecom,wuhan-telecom,43.5103,0.0,icmp,1591832940,2020-06-10 23:49:00+00:00
94053620,jinan-telecom,wuhan-telecom,39.7843,0.0,icmp,1591833019,2020-06-10 23:50:19+00:00
94053833,jinan-telecom,wuhan-telecom,40.8415,0.0,icmp,1591833180,2020-06-10 23:53:00+00:00
94054062,jinan-telecom,wuhan-telecom,47.0655,0.0,icmp,1591833300,2020-06-10 23:55:00+00:00
94054302,jinan-telecom,wuhan-telecom,49.4315,0.0,icmp,1591833420,2020-06-10 23:57:00+00:00
94054549,jinan-telecom,wuhan-telecom,46.6974,0.0,icmp,1591833540,2020-06-10 23:59:00+00:00
94054766,jinan-telecom,wuhan-telecom,47.6871,0.0,icmp,1591833660,2020-06-11 00:01:00+00:00
94054984,jinan-telecom,wuhan-telecom,46.7893,0.0,icmp,1591833780,2020-06-11 00:03:00+00:00
94055208,jinan-telecom,wuhan-telecom,39.341,0.0,icmp,1591833859,2020-06-11 00:04:19+00:00
94055447,jinan-telecom,wuhan-telecom,39.3261,0.0,icmp,1591834039,2020-06-11 00:07:19+00:00
94055685,jinan-telecom,wuhan-telecom,46.7358,0.0,icmp,1591834140,2020-06-11 00:09:00+00:00
94055900,jinan-telecom,wuhan-telecom,48.8702,0.0,icmp,1591834260,2020-06-11 00:11:00+00:00
94056142,jinan-telecom,wuhan-telecom,48.0166,0.0,icmp,1591834380,2020-06-11 00:13:00+00:00
94056362,jinan-telecom,wuhan-telecom,46.2269,0.0,icmp,1591834500,2020-06-11 00:15:00+00:00
94056612,jinan-telecom,wuhan-telecom,39.4091,0.0,icmp,1591834579,2020-06-11 00:16:19+00:00
94056820,jinan-telecom,wuhan-telecom,41.0728,0.0,icmp,1591834740,2020-06-11 00:19:00+00:00
94057048,jinan-telecom,wuhan-telecom,49.3105,0.0,icmp,1591834860,2020-06-11 00:21:00+00:00
94057290,jinan-telecom,wuhan-telecom,48.7403,0.0,icmp,1591834980,2020-06-11 00:23:00+00:00
94057515,jinan-telecom,wuhan-telecom,48.5149,0.0,icmp,1591835100,2020-06-11 00:25:00+00:00
94057747,jinan-telecom,wuhan-telecom,49.6712,0.0,icmp,1591835220,2020-06-11 00:27:00+00:00
94057959,jinan-telecom,wuhan-telecom,45.9985,0.0,icmp,1591835340,2020-06-11 00:29:00+00:00
94058208,jinan-telecom,wuhan-telecom,50.3003,0.0,icmp,1591835460,2020-06-11 00:31:00+00:00
94058414,jinan-telecom,wuhan-telecom,46.9711,0.0,icmp,1591835580,2020-06-11 00:33:00+00:00
94058660,jinan-telecom,wuhan-telecom,39.551,0.0,icmp,1591835719,2020-06-11 00:35:19+00:00
94058893,jinan-telecom,wuhan-telecom,49.0748,0.0,icmp,1591835820,2020-06-11 00:37:00+00:00
94059121,jinan-telecom,wuhan-telecom,39.4583,0.0,icmp,1591835959,2020-06-11 00:39:19+00:00
94059365,jinan-telecom,wuhan-telecom,47.8129,0.0,icmp,1591836060,2020-06-11 00:41:00+00:00
94059563,jinan-telecom,wuhan-telecom,47.3207,0.0,icmp,1591836180,2020-06-11 00:43:00+00:00
94059776,jinan-telecom,wuhan-telecom,39.3692,0.0,icmp,1591836259,2020-06-11 00:44:19+00:00
94060023,jinan-telecom,wuhan-telecom,46.7745,0.0,icmp,1591836420,2020-06-11 00:47:00+00:00
94060233,jinan-telecom,wuhan-telecom,39.5502,0.0,icmp,1591836499,2020-06-11 00:48:19+00:00
94060489,jinan-telecom,wuhan-telecom,47.4631,0.0,icmp,1591836660,2020-06-11 00:51:00+00:00
94060713,jinan-telecom,wuhan-telecom,42.7593,0.0,icmp,1591836780,2020-06-11 00:53:00+00:00
94060939,jinan-telecom,wuhan-telecom,45.2192,0.0,icmp,1591836900,2020-06-11 00:55:00+00:00
94061182,jinan-telecom,wuhan-telecom,46.6396,0.0,icmp,1591837020,2020-06-11 00:57:00+00:00
94061417,jinan-telecom,wuhan-telecom,45.6879,0.0,icmp,1591837140,2020-06-11 00:59:00+00:00
94061623,jinan-telecom,wuhan-telecom,46.0261,0.0,icmp,1591837260,2020-06-11 01:01:00+00:00
94061851,jinan-telecom,wuhan-telecom,47.2127,0.0,icmp,1591837380,2020-06-11 01:03:00+00:00
94062093,jinan-telecom,wuhan-telecom,43.7111,0.0,icmp,1591837500,2020-06-11 01:05:00+00:00
94062323,jinan-telecom,wuhan-telecom,47.1581,0.0,icmp,1591837565,2020-06-11 01:06:05+00:00
94062552,jinan-telecom,wuhan-telecom,46.0706,0.0,icmp,1591837740,2020-06-11 01:09:00+00:00
94062787,jinan-telecom,wuhan-telecom,48.8798,0.0,icmp,1591837860,2020-06-11 01:11:00+00:00
94062995,jinan-telecom,wuhan-telecom,48.3561,0.0,icmp,1591837980,2020-06-11 01:13:00+00:00
94063252,jinan-telecom,wuhan-telecom,47.7709,0.0,icmp,1591838100,2020-06-11 01:15:00+00:00
94063465,jinan-telecom,wuhan-telecom,39.342,0.0,icmp,1591838239,2020-06-11 01:17:19+00:00
94063702,jinan-telecom,wuhan-telecom,45.8293,0.0,icmp,1591838340,2020-06-11 01:19:00+00:00
94063931,jinan-telecom,wuhan-telecom,46.6461,0.0,icmp,1591838460,2020-06-11 01:21:00+00:00
94064142,jinan-telecom,wuhan-telecom,45.3427,0.0,icmp,1591838580,2020-06-11 01:23:00+00:00
94064372,jinan-telecom,wuhan-telecom,39.5013,0.0,icmp,1591838719,2020-06-11 01:25:19+00:00
94064614,jinan-telecom,wuhan-telecom,45.984,0.0,icmp,1591838820,2020-06-11 01:27:00+00:00
94064843,jinan-telecom,wuhan-telecom,47.6348,0.0,icmp,1591838940,2020-06-11 01:29:00+00:00
94065059,jinan-telecom,wuhan-telecom,46.5263,0.0,icmp,1591839060,2020-06-11 01:31:00+00:00
94065302,jinan-telecom,wuhan-telecom,47.1737,0.0,icmp,1591839180,2020-06-11 01:33:00+00:00
94065525,jinan-telecom,wuhan-telecom,47.0131,0.0,icmp,1591839300,2020-06-11 01:35:00+00:00
94065748,jinan-telecom,wuhan-telecom,46.7854,0.0,icmp,1591839420,2020-06-11 01:37:00+00:00
94065974,jinan-telecom,wuhan-telecom,39.3057,0.0,icmp,1591839559,2020-06-11 01:39:19+00:00
94066211,jinan-telecom,wuhan-telecom,47.427,0.0,icmp,1591839660,2020-06-11 01:41:00+00:00
94066436,jinan-telecom,wuhan-telecom,39.5767,0.0,icmp,1591839739,2020-06-11 01:42:19+00:00
94066687,jinan-telecom,wuhan-telecom,45.5628,0.0,icmp,1591839900,2020-06-11 01:45:00+00:00
94066916,jinan-telecom,wuhan-telecom,39.4013,0.0,icmp,1591839970,2020-06-11 01:46:10+00:00
94067125,jinan-telecom,wuhan-telecom,39.3711,0.0,icmp,1591840099,2020-06-11 01:48:19+00:00
94067365,jinan-telecom,wuhan-telecom,41.036,0.0,icmp,1591840260,2020-06-11 01:51:00+00:00
94067577,jinan-telecom,wuhan-telecom,47.3184,0.0,icmp,1591840380,2020-06-11 01:53:00+00:00
94067805,jinan-telecom,wuhan-telecom,45.7114,0.0,icmp,1591840500,2020-06-11 01:55:00+00:00
94068068,jinan-telecom,wuhan-telecom,45.3378,0.0,icmp,1591840620,2020-06-11 01:57:00+00:00
94068285,jinan-telecom,wuhan-telecom,40.0047,0.0,icmp,1591840759,2020-06-11 01:59:19+00:00
94068499,jinan-telecom,wuhan-telecom,47.5583,0.0,icmp,1591840860,2020-06-11 02:01:00+00:00
94068729,jinan-telecom,wuhan-telecom,47.5275,0.0,icmp,1591840980,2020-06-11 02:03:00+00:00
94068958,jinan-telecom,wuhan-telecom,39.331,0.0,icmp,1591841059,2020-06-11 02:04:19+00:00
94069196,jinan-telecom,wuhan-telecom,50.4181,0.0,icmp,1591841220,2020-06-11 02:07:00+00:00
94069418,jinan-telecom,wuhan-telecom,48.3703,0.0,icmp,1591841340,2020-06-11 02:09:00+00:00
94069631,jinan-telecom,wuhan-telecom,47.5154,0.0,icmp,1591841460,2020-06-11 02:11:00+00:00
94069894,jinan-telecom,wuhan-telecom,44.2629,0.0,icmp,1591841580,2020-06-11 02:13:00+00:00
94070119,jinan-telecom,wuhan-telecom,47.7124,0.0,icmp,1591841700,2020-06-11 02:15:00+00:00
94070328,jinan-telecom,wuhan-telecom,48.2854,0.0,icmp,1591841820,2020-06-11 02:17:00+00:00
94070564,jinan-telecom,wuhan-telecom,39.4018,0.0,icmp,1591841899,2020-06-11 02:18:19+00:00
94070795,jinan-telecom,wuhan-telecom,39.4037,0.0,icmp,1591842019,2020-06-11 02:20:19+00:00
94071024,jinan-telecom,wuhan-telecom,45.2724,0.0,icmp,1591842180,2020-06-11 02:23:00+00:00
94071243,jinan-telecom,wuhan-telecom,47.0991,0.0,icmp,1591842300,2020-06-11 02:25:00+00:00
94071471,jinan-telecom,wuhan-telecom,47.07,0.0,icmp,1591842420,2020-06-11 02:27:00+00:00
94071704,jinan-telecom,wuhan-telecom,44.5941,0.0,icmp,1591842540,2020-06-11 02:29:00+00:00
94071964,jinan-telecom,wuhan-telecom,39.3483,0.0,icmp,1591842679,2020-06-11 02:31:19+00:00
94072194,jinan-telecom,wuhan-telecom,50.1458,0.0,icmp,1591842780,2020-06-11 02:33:00+00:00
94072388,jinan-telecom,wuhan-telecom,39.5093,0.0,icmp,1591842919,2020-06-11 02:35:19+00:00
94072633,jinan-telecom,wuhan-telecom,44.2301,0.0,icmp,1591843020,2020-06-11 02:37:00+00:00
94072866,jinan-telecom,wuhan-telecom,45.5017,0.0,icmp,1591843140,2020-06-11 02:39:00+00:00
94073082,jinan-telecom,wuhan-telecom,43.1066,0.0,icmp,1591843260,2020-06-11 02:41:00+00:00
94073313,jinan-telecom,wuhan-telecom,47.4806,0.0,icmp,1591843380,2020-06-11 02:43:00+00:00
94073538,jinan-telecom,wuhan-telecom,39.3608,0.0,icmp,1591843519,2020-06-11 02:45:19+00:00
94073771,jinan-telecom,wuhan-telecom,46.954,0.0,icmp,1591843620,2020-06-11 02:47:00+00:00
94073998,jinan-telecom,wuhan-telecom,45.704,0.0,icmp,1591843740,2020-06-11 02:49:00+00:00
94074238,jinan-telecom,wuhan-telecom,46.8765,0.0,icmp,1591843860,2020-06-11 02:51:00+00:00
94074445,jinan-telecom,wuhan-telecom,39.4655,0.0,icmp,1591843999,2020-06-11 02:53:19+00:00
94074690,jinan-telecom,wuhan-telecom,49.5432,0.0,icmp,1591844100,2020-06-11 02:55:00+00:00
94074907,jinan-telecom,wuhan-telecom,42.286,0.0,icmp,1591844220,2020-06-11 02:57:00+00:00
94075138,jinan-telecom,wuhan-telecom,47.9848,0.0,icmp,1591844340,2020-06-11 02:59:00+00:00
94075373,jinan-telecom,wuhan-telecom,39.4778,0.0,icmp,1591844419,2020-06-11 03:00:19+00:00
94075597,jinan-telecom,wuhan-telecom,39.3579,0.0,icmp,1591844599,2020-06-11 03:03:19+00:00
94075842,jinan-telecom,wuhan-telecom,40.7204,0.0,icmp,1591844700,2020-06-11 03:05:00+00:00
94076048,jinan-telecom,wuhan-telecom,44.1388,0.0,icmp,1591844820,2020-06-11 03:07:00+00:00
94076296,jinan-telecom,wuhan-telecom,48.4728,0.0,icmp,1591844940,2020-06-11 03:09:00+00:00
94076521,jinan-telecom,wuhan-telecom,39.3755,0.0,icmp,1591845019,2020-06-11 03:10:19+00:00
94076742,jinan-telecom,wuhan-telecom,47.6568,0.0,icmp,1591845180,2020-06-11 03:13:00+00:00
94076963,jinan-telecom,wuhan-telecom,47.9452,0.0,icmp,1591845300,2020-06-11 03:15:00+00:00
94077215,jinan-telecom,wuhan-telecom,46.8217,0.0,icmp,1591845420,2020-06-11 03:17:00+00:00
94077444,jinan-telecom,wuhan-telecom,49.4036,0.0,icmp,1591845540,2020-06-11 03:19:00+00:00
94077652,jinan-telecom,wuhan-telecom,45.1948,0.0,icmp,1591845660,2020-06-11 03:21:00+00:00
94077878,jinan-telecom,wuhan-telecom,45.3503,0.0,icmp,1591845780,2020-06-11 03:23:00+00:00
94078125,jinan-telecom,wuhan-telecom,46.6431,0.0,icmp,1591845900,2020-06-11 03:25:00+00:00
94078365,jinan-telecom,wuhan-telecom,39.426,0.0,icmp,1591845979,2020-06-11 03:26:19+00:00
94078576,jinan-telecom,wuhan-telecom,48.1004,0.0,icmp,1591846140,2020-06-11 03:29:00+00:00
94078797,jinan-telecom,wuhan-telecom,47.8084,0.0,icmp,1591846260,2020-06-11 03:31:00+00:00
94079024,jinan-telecom,wuhan-telecom,45.862,0.0,icmp,1591846380,2020-06-11 03:33:00+00:00
94079277,jinan-telecom,wuhan-telecom,47.4696,0.0,icmp,1591846500,2020-06-11 03:35:00+00:00
94079484,jinan-telecom,wuhan-telecom,46.6143,0.0,icmp,1591846620,2020-06-11 03:37:00+00:00
94079715,jinan-telecom,wuhan-telecom,39.3614,0.0,icmp,1591846759,2020-06-11 03:39:19+00:00
94079969,jinan-telecom,wuhan-telecom,48.9159,0.0,icmp,1591846860,2020-06-11 03:41:00+00:00
94080196,jinan-telecom,wuhan-telecom,42.3259,0.0,icmp,1591846980,2020-06-11 03:43:00+00:00
94080429,jinan-telecom,wuhan-telecom,47.8814,0.0,icmp,1591847100,2020-06-11 03:45:00+00:00
94080642,jinan-telecom,wuhan-telecom,40.1337,0.0,icmp,1591847220,2020-06-11 03:47:00+00:00
94080856,jinan-telecom,wuhan-telecom,50.3386,0.0,icmp,1591847340,2020-06-11 03:49:00+00:00
94081089,jinan-telecom,wuhan-telecom,39.5109,0.0,icmp,1591847479,2020-06-11 03:51:19+00:00
94081322,jinan-telecom,wuhan-telecom,49.3473,0.0,icmp,1591847580,2020-06-11 03:53:00+00:00
94081549,jinan-telecom,wuhan-telecom,53.8817,0.0,icmp,1591847700,2020-06-11 03:55:00+00:00
94081788,jinan-telecom,wuhan-telecom,45.192,0.0,icmp,1591847820,2020-06-11 03:57:00+00:00
94082012,jinan-telecom,wuhan-telecom,48.5847,0.0,icmp,1591847940,2020-06-11 03:59:00+00:00
94082254,jinan-telecom,wuhan-telecom,39.3534,0.0,icmp,1591848079,2020-06-11 04:01:19+00:00
94082469,jinan-telecom,wuhan-telecom,39.6776,0.0,icmp,1591848199,2020-06-11 04:03:19+00:00
94082698,jinan-telecom,wuhan-telecom,41.5265,0.0,icmp,1591848300,2020-06-11 04:05:00+00:00
94082925,jinan-telecom,wuhan-telecom,39.3577,0.0,icmp,1591848439,2020-06-11 04:07:19+00:00
94083169,jinan-telecom,wuhan-telecom,46.8214,0.0,icmp,1591848540,2020-06-11 04:09:00+00:00
94083376,jinan-telecom,wuhan-telecom,40.5773,0.0,icmp,1591848660,2020-06-11 04:11:00+00:00
94083626,jinan-telecom,wuhan-telecom,45.1894,0.0,icmp,1591848780,2020-06-11 04:13:00+00:00
94083838,jinan-telecom,wuhan-telecom,46.6189,0.0,icmp,1591848900,2020-06-11 04:15:00+00:00
94084080,jinan-telecom,wuhan-telecom,45.1941,0.0,icmp,1591849020,2020-06-11 04:17:00+00:00
94084314,jinan-telecom,wuhan-telecom,39.4293,0.0,icmp,1591849099,2020-06-11 04:18:19+00:00
94084530,jinan-telecom,wuhan-telecom,39.3731,0.0,icmp,1591849279,2020-06-11 04:21:19+00:00
94084778,jinan-telecom,wuhan-telecom,44.8745,0.0,icmp,1591849380,2020-06-11 04:23:00+00:00
94084994,jinan-telecom,wuhan-telecom,46.4318,0.0,icmp,1591849500,2020-06-11 04:25:00+00:00
94085220,jinan-telecom,wuhan-telecom,47.7118,0.0,icmp,1591849620,2020-06-11 04:27:00+00:00
94085448,jinan-telecom,wuhan-telecom,46.2628,0.0,icmp,1591849740,2020-06-11 04:29:00+00:00
94085670,jinan-telecom,wuhan-telecom,47.5546,0.0,icmp,1591849860,2020-06-11 04:31:00+00:00
94085911,jinan-telecom,wuhan-telecom,46.9116,0.0,icmp,1591849980,2020-06-11 04:33:00+00:00
94086150,jinan-telecom,wuhan-telecom,48.3751,0.0,icmp,1591850100,2020-06-11 04:35:00+00:00
94086361,jinan-telecom,wuhan-telecom,48.5453,0.0,icmp,1591850220,2020-06-11 04:37:00+00:00
94086584,jinan-telecom,wuhan-telecom,39.3881,0.0,icmp,1591850299,2020-06-11 04:38:19+00:00
94086814,jinan-telecom,wuhan-telecom,47.695,0.0,icmp,1591850460,2020-06-11 04:41:00+00:00
94087067,jinan-telecom,wuhan-telecom,39.374,0.0,icmp,1591850539,2020-06-11 04:42:19+00:00
94087274,jinan-telecom,wuhan-telecom,39.338,0.0,icmp,1591850719,2020-06-11 04:45:19+00:00
94087498,jinan-telecom,wuhan-telecom,47.484,0.0,icmp,1591850820,2020-06-11 04:47:00+00:00
94087733,jinan-telecom,wuhan-telecom,39.3695,0.0,icmp,1591850899,2020-06-11 04:48:19+00:00
94087972,jinan-telecom,wuhan-telecom,47.9037,0.0,icmp,1591851060,2020-06-11 04:51:00+00:00
94088192,jinan-telecom,wuhan-telecom,49.3325,0.0,icmp,1591851180,2020-06-11 04:53:00+00:00
94088431,jinan-telecom,wuhan-telecom,48.0205,0.0,icmp,1591851300,2020-06-11 04:55:00+00:00
94088654,jinan-telecom,wuhan-telecom,39.4687,0.0,icmp,1591851439,2020-06-11 04:57:19+00:00
94088885,jinan-telecom,wuhan-telecom,46.5237,0.0,icmp,1591851540,2020-06-11 04:59:00+00:00
94089127,jinan-telecom,wuhan-telecom,45.9214,0.0,icmp,1591851660,2020-06-11 05:01:00+00:00
94089351,jinan-telecom,wuhan-telecom,39.7984,0.0,icmp,1591851739,2020-06-11 05:02:19+00:00
94089580,jinan-telecom,wuhan-telecom,46.4434,0.0,icmp,1591851900,2020-06-11 05:05:00+00:00
94089813,jinan-telecom,wuhan-telecom,45.9692,0.0,icmp,1591852020,2020-06-11 05:07:00+00:00
94090031,jinan-telecom,wuhan-telecom,47.2392,0.0,icmp,1591852140,2020-06-11 05:09:00+00:00
94090271,jinan-telecom,wuhan-telecom,46.8298,0.0,icmp,1591852260,2020-06-11 05:11:00+00:00
94090490,jinan-telecom,wuhan-telecom,48.5912,0.0,icmp,1591852380,2020-06-11 05:13:00+00:00
94090732,jinan-telecom,wuhan-telecom,45.9559,0.0,icmp,1591852500,2020-06-11 05:15:00+00:00
94090943,jinan-telecom,wuhan-telecom,45.4513,0.0,icmp,1591852620,2020-06-11 05:17:00+00:00
94091187,jinan-telecom,wuhan-telecom,39.3466,0.0,icmp,1591852699,2020-06-11 05:18:19+00:00
94091407,jinan-telecom,wuhan-telecom,39.3222,0.0,icmp,1591852819,2020-06-11 05:20:19+00:00
94091624,jinan-telecom,wuhan-telecom,47.6404,0.0,icmp,1591852980,2020-06-11 05:23:00+00:00
94091862,jinan-telecom,wuhan-telecom,47.8379,0.0,icmp,1591853100,2020-06-11 05:25:00+00:00
94092102,jinan-telecom,wuhan-telecom,49.1337,0.0,icmp,1591853220,2020-06-11 05:27:00+00:00
94092316,jinan-telecom,wuhan-telecom,45.5719,0.0,icmp,1591853340,2020-06-11 05:29:00+00:00
94092565,jinan-telecom,wuhan-telecom,39.3552,0.0,icmp,1591853479,2020-06-11 05:31:19+00:00
94092781,jinan-telecom,wuhan-telecom,43.0481,0.0,icmp,1591853580,2020-06-11 05:33:00+00:00
94093001,jinan-telecom,wuhan-telecom,40.084,0.0,icmp,1591853700,2020-06-11 05:35:00+00:00
94093224,jinan-telecom,wuhan-telecom,44.6292,0.0,icmp,1591853820,2020-06-11 05:37:00+00:00
94093479,jinan-telecom,wuhan-telecom,47.814,0.0,icmp,1591853940,2020-06-11 05:39:00+00:00
94093686,jinan-telecom,wuhan-telecom,39.4957,0.0,icmp,1591854079,2020-06-11 05:41:19+00:00
94093932,jinan-telecom,wuhan-telecom,39.3904,0.0,icmp,1591854199,2020-06-11 05:43:19+00:00
94094160,jinan-telecom,wuhan-telecom,39.3759,0.0,icmp,1591854319,2020-06-11 05:45:19+00:00
94094382,jinan-telecom,wuhan-telecom,44.7272,0.0,icmp,1591854420,2020-06-11 05:47:00+00:00
94094603,jinan-telecom,wuhan-telecom,49.6602,0.0,icmp,1591854540,2020-06-11 05:49:00+00:00
94094838,jinan-telecom,wuhan-telecom,39.4879,0.0,icmp,1591854619,2020-06-11 05:50:19+00:00
94095082,jinan-telecom,wuhan-telecom,46.1016,0.0,icmp,1591854780,2020-06-11 05:53:00+00:00
94095293,jinan-telecom,wuhan-telecom,39.3884,0.0,icmp,1591854859,2020-06-11 05:54:19+00:00
94095562,jinan-telecom,wuhan-telecom,47.6143,0.0,icmp,1591855020,2020-06-11 05:57:00+00:00
94095761,jinan-telecom,wuhan-telecom,39.3478,0.0,icmp,1591855099,2020-06-11 05:58:19+00:00
94095996,jinan-telecom,wuhan-telecom,46.4868,0.0,icmp,1591855260,2020-06-11 06:01:00+00:00
94096212,jinan-telecom,wuhan-telecom,45.1386,0.0,icmp,1591855380,2020-06-11 06:03:00+00:00
94096449,jinan-telecom,wuhan-telecom,40.7534,0.0,icmp,1591855500,2020-06-11 06:05:00+00:00
94096668,jinan-telecom,wuhan-telecom,43.7777,0.0,icmp,1591855564,2020-06-11 06:06:04+00:00
94096908,jinan-telecom,wuhan-telecom,49.3302,0.0,icmp,1591855740,2020-06-11 06:09:00+00:00
94097150,jinan-telecom,wuhan-telecom,46.1002,0.0,icmp,1591855860,2020-06-11 06:11:00+00:00
94097349,jinan-telecom,wuhan-telecom,39.3952,0.0,icmp,1591855999,2020-06-11 06:13:19+00:00
94097589,jinan-telecom,wuhan-telecom,39.3456,0.0,icmp,1591856119,2020-06-11 06:15:19+00:00
94097822,jinan-telecom,wuhan-telecom,39.6074,0.0,icmp,1591856239,2020-06-11 06:17:19+00:00
94098058,jinan-telecom,wuhan-telecom,47.3534,0.0,icmp,1591856340,2020-06-11 06:19:00+00:00
94098269,jinan-telecom,wuhan-telecom,39.7384,0.0,icmp,1591856419,2020-06-11 06:20:19+00:00
94098510,jinan-telecom,wuhan-telecom,46.9051,0.0,icmp,1591856580,2020-06-11 06:23:00+00:00
94098742,jinan-telecom,wuhan-telecom,39.4168,0.0,icmp,1591856719,2020-06-11 06:25:19+00:00
94098949,jinan-telecom,wuhan-telecom,48.4798,0.0,icmp,1591856820,2020-06-11 06:27:00+00:00
94099200,jinan-telecom,wuhan-telecom,47.4601,0.0,icmp,1591856940,2020-06-11 06:29:00+00:00
94099418,jinan-telecom,wuhan-telecom,39.5146,0.0,icmp,1591857019,2020-06-11 06:30:19+00:00
94099658,jinan-telecom,wuhan-telecom,44.7805,0.0,icmp,1591857180,2020-06-11 06:33:00+00:00
94099883,jinan-telecom,wuhan-telecom,39.482,0.0,icmp,1591857244,2020-06-11 06:34:04+00:00
94100118,jinan-telecom,wuhan-telecom,47.3615,0.0,icmp,1591857420,2020-06-11 06:37:00+00:00
94100316,jinan-telecom,wuhan-telecom,44.9452,0.0,icmp,1591857484,2020-06-11 06:38:04+00:00
94100566,jinan-telecom,wuhan-telecom,47.217,0.0,icmp,1591857660,2020-06-11 06:41:00+00:00
94100783,jinan-telecom,wuhan-telecom,46.2828,0.0,icmp,1591857780,2020-06-11 06:43:00+00:00
94101037,jinan-telecom,wuhan-telecom,47.3421,0.0,icmp,1591857900,2020-06-11 06:45:00+00:00
94101245,jinan-telecom,wuhan-telecom,46.7752,0.0,icmp,1591858020,2020-06-11 06:47:00+00:00
94101490,jinan-telecom,wuhan-telecom,45.7892,0.0,icmp,1591858140,2020-06-11 06:49:00+00:00
94101702,jinan-telecom,wuhan-telecom,47.6875,0.0,icmp,1591858260,2020-06-11 06:51:00+00:00
94101933,jinan-telecom,wuhan-telecom,48.5953,0.0,icmp,1591858380,2020-06-11 06:53:00+00:00
94102161,jinan-telecom,wuhan-telecom,48.322,0.0,icmp,1591858500,2020-06-11 06:55:00+00:00
94102395,jinan-telecom,wuhan-telecom,48.2069,0.0,icmp,1591858620,2020-06-11 06:57:00+00:00
94102625,jinan-telecom,wuhan-telecom,47.3315,0.0,icmp,1591858740,2020-06-11 06:59:00+00:00
94102853,jinan-telecom,wuhan-telecom,39.6164,0.0,icmp,1591858819,2020-06-11 07:00:19+00:00
94103084,jinan-telecom,wuhan-telecom,39.6341,0.0,icmp,1591858939,2020-06-11 07:02:19+00:00
94103309,jinan-telecom,wuhan-telecom,47.5211,0.0,icmp,1591859100,2020-06-11 07:05:00+00:00
94103551,jinan-telecom,wuhan-telecom,46.4121,0.0,icmp,1591859220,2020-06-11 07:07:00+00:00
94103744,jinan-telecom,wuhan-telecom,45.9586,0.0,icmp,1591859340,2020-06-11 07:09:00+00:00
94104000,jinan-telecom,wuhan-telecom,47.1378,0.0,icmp,1591859460,2020-06-11 07:11:00+00:00
94104218,jinan-telecom,wuhan-telecom,39.4542,0.0,icmp,1591859585,2020-06-11 07:13:05+00:00
94104462,jinan-telecom,wuhan-telecom,45.5832,0.0,icmp,1591859700,2020-06-11 07:15:00+00:00
94104681,jinan-telecom,wuhan-telecom,39.3732,0.0,icmp,1591859839,2020-06-11 07:17:19+00:00
94104931,jinan-telecom,wuhan-telecom,47.9894,0.0,icmp,1591859940,2020-06-11 07:19:00+00:00
94105145,jinan-telecom,wuhan-telecom,39.3628,0.0,icmp,1591860079,2020-06-11 07:21:19+00:00
94105382,jinan-telecom,wuhan-telecom,45.093,0.0,icmp,1591860180,2020-06-11 07:23:00+00:00
94105604,jinan-telecom,wuhan-telecom,39.3465,0.0,icmp,1591860259,2020-06-11 07:24:19+00:00
94105839,jinan-telecom,wuhan-telecom,39.4177,0.0,icmp,1591860379,2020-06-11 07:26:19+00:00
94106062,jinan-telecom,wuhan-telecom,46.6027,0.0,icmp,1591860540,2020-06-11 07:29:00+00:00
94106318,jinan-telecom,wuhan-telecom,46.9542,0.0,icmp,1591860660,2020-06-11 07:31:00+00:00
94106515,jinan-telecom,wuhan-telecom,48.7681,0.0,icmp,1591860780,2020-06-11 07:33:00+00:00
94106752,jinan-telecom,wuhan-telecom,47.9825,0.0,icmp,1591860900,2020-06-11 07:35:00+00:00
94106990,jinan-telecom,wuhan-telecom,39.356,0.0,icmp,1591861039,2020-06-11 07:37:19+00:00
94107216,jinan-telecom,wuhan-telecom,48.1408,0.0,icmp,1591861140,2020-06-11 07:39:00+00:00
94107436,jinan-telecom,wuhan-telecom,44.8462,0.0,icmp,1591861260,2020-06-11 07:41:00+00:00
94107646,jinan-telecom,wuhan-telecom,46.2993,0.0,icmp,1591861380,2020-06-11 07:43:00+00:00
94107897,jinan-telecom,wuhan-telecom,47.9236,0.0,icmp,1591861500,2020-06-11 07:45:00+00:00
94108137,jinan-telecom,wuhan-telecom,47.0069,0.0,icmp,1591861620,2020-06-11 07:47:00+00:00
94108342,jinan-telecom,wuhan-telecom,39.3258,0.0,icmp,1591861699,2020-06-11 07:48:19+00:00
94108572,jinan-telecom,wuhan-telecom,39.5109,0.0,icmp,1591861819,2020-06-11 07:50:19+00:00
94108808,jinan-telecom,wuhan-telecom,47.4888,0.0,icmp,1591861980,2020-06-11 07:53:00+00:00
94109035,jinan-telecom,wuhan-telecom,47.5243,0.0,icmp,1591862100,2020-06-11 07:55:00+00:00
94109273,jinan-telecom,wuhan-telecom,48.7302,0.0,icmp,1591862220,2020-06-11 07:57:00+00:00
94109510,jinan-telecom,wuhan-telecom,42.1508,0.0,icmp,1591862340,2020-06-11 07:59:00+00:00
94109722,jinan-telecom,wuhan-telecom,47.7506,0.0,icmp,1591862460,2020-06-11 08:01:00+00:00
94109957,jinan-telecom,wuhan-telecom,46.7441,0.0,icmp,1591862580,2020-06-11 08:03:00+00:00
94110187,jinan-telecom,wuhan-telecom,48.3612,0.0,icmp,1591862700,2020-06-11 08:05:00+00:00
94110404,jinan-telecom,wuhan-telecom,46.1603,0.0,icmp,1591862820,2020-06-11 08:07:00+00:00
94110635,jinan-telecom,wuhan-telecom,39.6553,0.0,icmp,1591862959,2020-06-11 08:09:19+00:00
94110876,jinan-telecom,wuhan-telecom,47.0676,0.0,icmp,1591863060,2020-06-11 08:11:00+00:00
94111125,jinan-telecom,wuhan-telecom,46.5043,0.0,icmp,1591863180,2020-06-11 08:13:00+00:00
94111328,jinan-telecom,wuhan-telecom,39.4081,0.0,icmp,1591863319,2020-06-11 08:15:19+00:00
94111557,jinan-telecom,wuhan-telecom,46.5028,0.0,icmp,1591863420,2020-06-11 08:17:00+00:00
94111796,jinan-telecom,wuhan-telecom,46.0558,0.0,icmp,1591863540,2020-06-11 08:19:00+00:00
94112029,jinan-telecom,wuhan-telecom,46.5143,0.0,icmp,1591863660,2020-06-11 08:21:00+00:00
94112258,jinan-telecom,wuhan-telecom,45.3873,0.0,icmp,1591863780,2020-06-11 08:23:00+00:00
94112458,jinan-telecom,wuhan-telecom,45.9592,0.0,icmp,1591863900,2020-06-11 08:25:00+00:00
94112715,jinan-telecom,wuhan-telecom,39.347,0.0,icmp,1591863979,2020-06-11 08:26:19+00:00
94112920,jinan-telecom,wuhan-telecom,40.6165,0.0,icmp,1591864140,2020-06-11 08:29:00+00:00
94113155,jinan-telecom,wuhan-telecom,47.3595,0.0,icmp,1591864260,2020-06-11 08:31:00+00:00
94113376,jinan-telecom,wuhan-telecom,46.7506,0.0,icmp,1591864380,2020-06-11 08:33:00+00:00
94113596,jinan-telecom,wuhan-telecom,47.7128,0.0,icmp,1591864500,2020-06-11 08:35:00+00:00
94113823,jinan-telecom,wuhan-telecom,42.0443,0.0,icmp,1591864620,2020-06-11 08:37:00+00:00
94114066,jinan-telecom,wuhan-telecom,47.6133,0.0,icmp,1591864740,2020-06-11 08:39:00+00:00
94114318,jinan-telecom,wuhan-telecom,46.3725,0.0,icmp,1591864860,2020-06-11 08:41:00+00:00
94114547,jinan-telecom,wuhan-telecom,45.2563,0.0,icmp,1591864980,2020-06-11 08:43:00+00:00
94114747,jinan-telecom,wuhan-telecom,47.7283,0.0,icmp,1591865100,2020-06-11 08:45:00+00:00
94114979,jinan-telecom,wuhan-telecom,46.4606,0.0,icmp,1591865220,2020-06-11 08:47:00+00:00
94115225,jinan-telecom,wuhan-telecom,47.8174,0.0,icmp,1591865340,2020-06-11 08:49:00+00:00
94115448,jinan-telecom,wuhan-telecom,45.5279,0.0,icmp,1591865460,2020-06-11 08:51:00+00:00
94115672,jinan-telecom,wuhan-telecom,39.3592,0.0,icmp,1591865599,2020-06-11 08:53:19+00:00
94115909,jinan-telecom,wuhan-telecom,47.6375,0.0,icmp,1591865700,2020-06-11 08:55:00+00:00
94116136,jinan-telecom,wuhan-telecom,43.7056,0.0,icmp,1591865820,2020-06-11 08:57:00+00:00
94116366,jinan-telecom,wuhan-telecom,46.65,0.0,icmp,1591865940,2020-06-11 08:59:00+00:00
94116586,jinan-telecom,wuhan-telecom,47.1501,0.0,icmp,1591866060,2020-06-11 09:01:00+00:00
94116818,jinan-telecom,wuhan-telecom,47.1401,0.0,icmp,1591866180,2020-06-11 09:03:00+00:00
94117058,jinan-telecom,wuhan-telecom,39.3281,0.0,icmp,1591866259,2020-06-11 09:04:19+00:00
94117283,jinan-telecom,wuhan-telecom,39.4536,0.0,icmp,1591866379,2020-06-11 09:06:19+00:00
94117508,jinan-telecom,wuhan-telecom,44.8027,0.0,icmp,1591866540,2020-06-11 09:09:00+00:00
94117726,jinan-telecom,wuhan-telecom,46.087,0.0,icmp,1591866660,2020-06-11 09:11:00+00:00
94117953,jinan-telecom,wuhan-telecom,48.1389,0.0,icmp,1591866780,2020-06-11 09:13:00+00:00
94118190,jinan-telecom,wuhan-telecom,47.8035,0.0,icmp,1591866900,2020-06-11 09:15:00+00:00
94118436,jinan-telecom,wuhan-telecom,46.7529,0.0,icmp,1591867020,2020-06-11 09:17:00+00:00
94118660,jinan-telecom,wuhan-telecom,48.3474,0.0,icmp,1591867140,2020-06-11 09:19:00+00:00
94118866,jinan-telecom,wuhan-telecom,46.4365,0.0,icmp,1591867260,2020-06-11 09:21:00+00:00
94119127,jinan-telecom,wuhan-telecom,39.4005,0.0,icmp,1591867399,2020-06-11 09:23:19+00:00
94119344,jinan-telecom,wuhan-telecom,46.4688,0.0,icmp,1591867500,2020-06-11 09:25:00+00:00
94119583,jinan-telecom,wuhan-telecom,45.9309,0.0,icmp,1591867620,2020-06-11 09:27:00+00:00
94119809,jinan-telecom,wuhan-telecom,49.4133,0.0,icmp,1591867740,2020-06-11 09:29:00+00:00
94120036,jinan-telecom,wuhan-telecom,39.3342,0.0,icmp,1591867879,2020-06-11 09:31:19+00:00
94120260,jinan-telecom,wuhan-telecom,47.1746,0.0,icmp,1591867980,2020-06-11 09:33:00+00:00
94120489,jinan-telecom,wuhan-telecom,48.4653,0.0,icmp,1591868100,2020-06-11 09:35:00+00:00
94120709,jinan-telecom,wuhan-telecom,49.4145,0.0,icmp,1591868220,2020-06-11 09:37:00+00:00
94120954,jinan-telecom,wuhan-telecom,47.1726,0.0,icmp,1591868340,2020-06-11 09:39:00+00:00
94121182,jinan-telecom,wuhan-telecom,46.6516,0.0,icmp,1591868460,2020-06-11 09:41:00+00:00
98465689,jinan-telecom,wuhan-telecom,42.5359,0.0,icmp,1591683000,2020-06-09 06:10:00+00:00
98465884,jinan-telecom,wuhan-telecom,42.6142,0.0,icmp,1591683120,2020-06-09 06:12:00+00:00
98466141,jinan-telecom,wuhan-telecom,42.3256,0.0,icmp,1591683240,2020-06-09 06:14:00+00:00
98466341,jinan-telecom,wuhan-telecom,43.617,0.0,icmp,1591683360,2020-06-09 06:16:00+00:00
98466554,jinan-telecom,wuhan-telecom,43.0271,0.0,icmp,1591683480,2020-06-09 06:18:00+00:00
98466778,jinan-telecom,wuhan-telecom,39.4431,0.0,icmp,1591683619,2020-06-09 06:20:19+00:00
98467029,jinan-telecom,wuhan-telecom,42.3105,0.0,icmp,1591683720,2020-06-09 06:22:00+00:00
98467224,jinan-telecom,wuhan-telecom,39.3211,0.0,icmp,1591683799,2020-06-09 06:23:19+00:00
98467456,jinan-telecom,wuhan-telecom,44.3838,0.0,icmp,1591683960,2020-06-09 06:26:00+00:00
98467672,jinan-telecom,wuhan-telecom,45.2749,0.0,icmp,1591684080,2020-06-09 06:28:00+00:00
98467887,jinan-telecom,wuhan-telecom,51.4428,0.0,icmp,1591684200,2020-06-09 06:30:00+00:00
98468125,jinan-telecom,wuhan-telecom,41.8108,0.0,icmp,1591684320,2020-06-09 06:32:00+00:00
98468375,jinan-telecom,wuhan-telecom,46.6276,0.0,icmp,1591684440,2020-06-09 06:34:00+00:00
98468607,jinan-telecom,wuhan-telecom,46.7208,0.0,icmp,1591684560,2020-06-09 06:36:00+00:00
98468812,jinan-telecom,wuhan-telecom,47.0745,0.0,icmp,1591684680,2020-06-09 06:38:00+00:00
98469038,jinan-telecom,wuhan-telecom,45.7816,0.0,icmp,1591684800,2020-06-09 06:40:00+00:00
98469281,jinan-telecom,wuhan-telecom,50.054,0.0,icmp,1591684920,2020-06-09 06:42:00+00:00
98469509,jinan-telecom,wuhan-telecom,50.998,0.0,icmp,1591685040,2020-06-09 06:44:00+00:00
98469733,jinan-telecom,wuhan-telecom,45.2881,0.0,icmp,1591685160,2020-06-09 06:46:00+00:00
98469967,jinan-telecom,wuhan-telecom,39.3257,0.0,icmp,1591685299,2020-06-09 06:48:19+00:00
98470182,jinan-telecom,wuhan-telecom,47.1389,0.0,icmp,1591685400,2020-06-09 06:50:00+00:00
98470412,jinan-telecom,wuhan-telecom,39.4389,0.0,icmp,1591685464,2020-06-09 06:51:04+00:00
98470643,jinan-telecom,wuhan-telecom,45.9856,0.0,icmp,1591685640,2020-06-09 06:54:00+00:00
98470864,jinan-telecom,wuhan-telecom,39.3978,0.0,icmp,1591685719,2020-06-09 06:55:19+00:00
98471127,jinan-telecom,wuhan-telecom,51.8476,0.0,icmp,1591685880,2020-06-09 06:58:00+00:00
98471337,jinan-telecom,wuhan-telecom,49.0068,0.0,icmp,1591686000,2020-06-09 07:00:00+00:00
98471570,jinan-telecom,wuhan-telecom,47.4593,0.0,icmp,1591686120,2020-06-09 07:02:00+00:00
98471814,jinan-telecom,wuhan-telecom,46.903,0.0,icmp,1591686240,2020-06-09 07:04:00+00:00
98472028,jinan-telecom,wuhan-telecom,45.3401,0.0,icmp,1591686360,2020-06-09 07:06:00+00:00
98472257,jinan-telecom,wuhan-telecom,39.3334,0.0,icmp,1591686499,2020-06-09 07:08:19+00:00
98472483,jinan-telecom,wuhan-telecom,46.5335,0.0,icmp,1591686600,2020-06-09 07:10:00+00:00
98472713,jinan-telecom,wuhan-telecom,50.7593,0.0,icmp,1591686720,2020-06-09 07:12:00+00:00
98472936,jinan-telecom,wuhan-telecom,46.0513,0.0,icmp,1591686840,2020-06-09 07:14:00+00:00
98473154,jinan-telecom,wuhan-telecom,49.3981,0.0,icmp,1591686960,2020-06-09 07:16:00+00:00
98473417,jinan-telecom,wuhan-telecom,45.3388,0.0,icmp,1591687080,2020-06-09 07:18:00+00:00
98473638,jinan-telecom,wuhan-telecom,46.9122,0.0,icmp,1591687200,2020-06-09 07:20:00+00:00
98473872,jinan-telecom,wuhan-telecom,45.752,0.0,icmp,1591687320,2020-06-09 07:22:00+00:00
98474086,jinan-telecom,wuhan-telecom,46.2611,0.0,icmp,1591687440,2020-06-09 07:24:00+00:00
98474307,jinan-telecom,wuhan-telecom,46.5941,0.0,icmp,1591687560,2020-06-09 07:26:00+00:00
98474566,jinan-telecom,wuhan-telecom,42.7311,0.0,icmp,1591687680,2020-06-09 07:28:00+00:00
98474762,jinan-telecom,wuhan-telecom,39.3762,0.0,icmp,1591687759,2020-06-09 07:29:19+00:00
98475002,jinan-telecom,wuhan-telecom,39.4289,0.0,icmp,1591687879,2020-06-09 07:31:19+00:00
98475217,jinan-telecom,wuhan-telecom,46.957,0.0,icmp,1591688040,2020-06-09 07:34:00+00:00
98475468,jinan-telecom,wuhan-telecom,46.9533,0.0,icmp,1591688160,2020-06-09 07:36:00+00:00
98475697,jinan-telecom,wuhan-telecom,40.227,0.0,icmp,1591688280,2020-06-09 07:38:00+00:00
98475923,jinan-telecom,wuhan-telecom,47.669,0.0,icmp,1591688400,2020-06-09 07:40:00+00:00
98476157,jinan-telecom,wuhan-telecom,39.3861,0.0,icmp,1591688539,2020-06-09 07:42:19+00:00
98476378,jinan-telecom,wuhan-telecom,47.1616,0.0,icmp,1591688640,2020-06-09 07:44:00+00:00
98476608,jinan-telecom,wuhan-telecom,47.4183,0.0,icmp,1591688760,2020-06-09 07:46:00+00:00
98476843,jinan-telecom,wuhan-telecom,47.9439,0.0,icmp,1591688880,2020-06-09 07:48:00+00:00
98477050,jinan-telecom,wuhan-telecom,47.1094,0.0,icmp,1591689000,2020-06-09 07:50:00+00:00
98477304,jinan-telecom,wuhan-telecom,39.3851,0.0,icmp,1591689139,2020-06-09 07:52:19+00:00
98477508,jinan-telecom,wuhan-telecom,47.7468,0.0,icmp,1591689240,2020-06-09 07:54:00+00:00
98477739,jinan-telecom,wuhan-telecom,47.9955,0.0,icmp,1591689360,2020-06-09 07:56:00+00:00
98477969,jinan-telecom,wuhan-telecom,47.5789,0.0,icmp,1591689480,2020-06-09 07:58:00+00:00
98478209,jinan-telecom,wuhan-telecom,49.4324,0.0,icmp,1591689600,2020-06-09 08:00:00+00:00
98478447,jinan-telecom,wuhan-telecom,50.6733,0.0,icmp,1591689720,2020-06-09 08:02:00+00:00
98478673,jinan-telecom,wuhan-telecom,48.6452,0.0,icmp,1591689840,2020-06-09 08:04:00+00:00
98478901,jinan-telecom,wuhan-telecom,44.4125,0.0,icmp,1591689960,2020-06-09 08:06:00+00:00
98479136,jinan-telecom,wuhan-telecom,47.9719,0.0,icmp,1591690080,2020-06-09 08:08:00+00:00
98479369,jinan-telecom,wuhan-telecom,48.4413,0.0,icmp,1591690200,2020-06-09 08:10:00+00:00
98479580,jinan-telecom,wuhan-telecom,47.0121,0.0,icmp,1591690320,2020-06-09 08:12:00+00:00
98479797,jinan-telecom,wuhan-telecom,45.7773,0.0,icmp,1591690440,2020-06-09 08:14:00+00:00
98480045,jinan-telecom,wuhan-telecom,39.3536,0.0,icmp,1591690579,2020-06-09 08:16:19+00:00
98480267,jinan-telecom,wuhan-telecom,49.2489,0.0,icmp,1591690680,2020-06-09 08:18:00+00:00
98480494,jinan-telecom,wuhan-telecom,39.4161,0.0,icmp,1591690819,2020-06-09 08:20:19+00:00
98480724,jinan-telecom,wuhan-telecom,50.1048,0.0,icmp,1591690920,2020-06-09 08:22:00+00:00
98480952,jinan-telecom,wuhan-telecom,39.4064,0.0,icmp,1591691059,2020-06-09 08:24:19+00:00
98481185,jinan-telecom,wuhan-telecom,49.2587,0.0,icmp,1591691160,2020-06-09 08:26:00+00:00
98481433,jinan-telecom,wuhan-telecom,46.5495,0.0,icmp,1591691280,2020-06-09 08:28:00+00:00
98481656,jinan-telecom,wuhan-telecom,49.8224,0.0,icmp,1591691400,2020-06-09 08:30:00+00:00
98481862,jinan-telecom,wuhan-telecom,41.3877,0.0,icmp,1591691520,2020-06-09 08:32:00+00:00
98482109,jinan-telecom,wuhan-telecom,39.3879,0.0,icmp,1591691599,2020-06-09 08:33:19+00:00
98482329,jinan-telecom,wuhan-telecom,39.3391,0.0,icmp,1591691779,2020-06-09 08:36:19+00:00
98482546,jinan-telecom,wuhan-telecom,46.1624,0.0,icmp,1591691880,2020-06-09 08:38:00+00:00
98482797,jinan-telecom,wuhan-telecom,48.1084,0.0,icmp,1591692000,2020-06-09 08:40:00+00:00
98483013,jinan-telecom,wuhan-telecom,45.3466,0.0,icmp,1591692120,2020-06-09 08:42:00+00:00
98483232,jinan-telecom,wuhan-telecom,47.2299,0.0,icmp,1591692240,2020-06-09 08:44:00+00:00
98483472,jinan-telecom,wuhan-telecom,46.2523,0.0,icmp,1591692360,2020-06-09 08:46:00+00:00
98483708,jinan-telecom,wuhan-telecom,43.8619,0.0,icmp,1591692480,2020-06-09 08:48:00+00:00
98483932,jinan-telecom,wuhan-telecom,39.5405,0.0,icmp,1591692559,2020-06-09 08:49:19+00:00
98484148,jinan-telecom,wuhan-telecom,39.3737,0.0,icmp,1591692739,2020-06-09 08:52:19+00:00
98484384,jinan-telecom,wuhan-telecom,46.6313,0.0,icmp,1591692840,2020-06-09 08:54:00+00:00
98484632,jinan-telecom,wuhan-telecom,47.6138,0.0,icmp,1591692960,2020-06-09 08:56:00+00:00
98484842,jinan-telecom,wuhan-telecom,47.669,0.0,icmp,1591693080,2020-06-09 08:58:00+00:00
98485076,jinan-telecom,wuhan-telecom,39.4888,0.0,icmp,1591693205,2020-06-09 09:00:05+00:00
98485295,jinan-telecom,wuhan-telecom,48.7512,0.0,icmp,1591693320,2020-06-09 09:02:00+00:00
98485523,jinan-telecom,wuhan-telecom,46.8886,0.0,icmp,1591693440,2020-06-09 09:04:00+00:00
98485740,jinan-telecom,wuhan-telecom,47.4047,0.0,icmp,1591693560,2020-06-09 09:06:00+00:00
98485986,jinan-telecom,wuhan-telecom,46.8467,0.0,icmp,1591693680,2020-06-09 09:08:00+00:00
98486226,jinan-telecom,wuhan-telecom,43.2517,0.0,icmp,1591693800,2020-06-09 09:10:00+00:00
98486451,jinan-telecom,wuhan-telecom,39.3842,0.0,icmp,1591693939,2020-06-09 09:12:19+00:00
98486686,jinan-telecom,wuhan-telecom,39.7798,0.0,icmp,1591694059,2020-06-09 09:14:19+00:00
98486907,jinan-telecom,wuhan-telecom,48.0706,0.0,icmp,1591694160,2020-06-09 09:16:00+00:00
98487138,jinan-telecom,wuhan-telecom,48.442,0.0,icmp,1591694280,2020-06-09 09:18:00+00:00
98487372,jinan-telecom,wuhan-telecom,46.5912,0.0,icmp,1591694400,2020-06-09 09:20:00+00:00
98487590,jinan-telecom,wuhan-telecom,48.4825,0.0,icmp,1591694520,2020-06-09 09:22:00+00:00
98487834,jinan-telecom,wuhan-telecom,39.4799,0.0,icmp,1591694584,2020-06-09 09:23:04+00:00
98488061,jinan-telecom,wuhan-telecom,47.4282,0.0,icmp,1591694760,2020-06-09 09:26:00+00:00
98488292,jinan-telecom,wuhan-telecom,39.3527,0.0,icmp,1591694839,2020-06-09 09:27:19+00:00
98488506,jinan-telecom,wuhan-telecom,48.9733,0.0,icmp,1591695000,2020-06-09 09:30:00+00:00
98488742,jinan-telecom,wuhan-telecom,49.6754,0.0,icmp,1591695120,2020-06-09 09:32:00+00:00
98488966,jinan-telecom,wuhan-telecom,39.396,0.0,icmp,1591695259,2020-06-09 09:34:19+00:00
98489205,jinan-telecom,wuhan-telecom,45.7741,0.0,icmp,1591695360,2020-06-09 09:36:00+00:00
98489420,jinan-telecom,wuhan-telecom,39.3777,0.0,icmp,1591695439,2020-06-09 09:37:19+00:00
98489654,jinan-telecom,wuhan-telecom,47.7109,0.0,icmp,1591695600,2020-06-09 09:40:00+00:00
98489885,jinan-telecom,wuhan-telecom,49.9125,0.0,icmp,1591695720,2020-06-09 09:42:00+00:00
98490101,jinan-telecom,wuhan-telecom,47.0639,0.0,icmp,1591695840,2020-06-09 09:44:00+00:00
98490340,jinan-telecom,wuhan-telecom,49.0569,0.0,icmp,1591695960,2020-06-09 09:46:00+00:00
98490573,jinan-telecom,wuhan-telecom,39.4318,0.0,icmp,1591696099,2020-06-09 09:48:19+00:00
98490809,jinan-telecom,wuhan-telecom,39.346,0.0,icmp,1591696219,2020-06-09 09:50:19+00:00
98491033,jinan-telecom,wuhan-telecom,46.1544,0.0,icmp,1591696320,2020-06-09 09:52:00+00:00
98491275,jinan-telecom,wuhan-telecom,47.5523,0.0,icmp,1591696440,2020-06-09 09:54:00+00:00
98491479,jinan-telecom,wuhan-telecom,39.4619,0.0,icmp,1591696519,2020-06-09 09:55:19+00:00
98491724,jinan-telecom,wuhan-telecom,45.5817,0.0,icmp,1591696680,2020-06-09 09:58:00+00:00
98491940,jinan-telecom,wuhan-telecom,42.4646,0.0,icmp,1591696800,2020-06-09 10:00:00+00:00
98492162,jinan-telecom,wuhan-telecom,46.8532,0.0,icmp,1591696920,2020-06-09 10:02:00+00:00
98492392,jinan-telecom,wuhan-telecom,39.4056,0.0,icmp,1591696999,2020-06-09 10:03:19+00:00
98492626,jinan-telecom,wuhan-telecom,47.7807,0.0,icmp,1591697160,2020-06-09 10:06:00+00:00
98492858,jinan-telecom,wuhan-telecom,46.5553,0.0,icmp,1591697280,2020-06-09 10:08:00+00:00
98493089,jinan-telecom,wuhan-telecom,39.8533,0.0,icmp,1591697400,2020-06-09 10:10:00+00:00
98493310,jinan-telecom,wuhan-telecom,49.8225,0.0,icmp,1591697520,2020-06-09 10:12:00+00:00
98493562,jinan-telecom,wuhan-telecom,45.2443,0.0,icmp,1591697640,2020-06-09 10:14:00+00:00
98493783,jinan-telecom,wuhan-telecom,50.2478,0.0,icmp,1591697760,2020-06-09 10:16:00+00:00
98494011,jinan-telecom,wuhan-telecom,45.7087,0.0,icmp,1591697880,2020-06-09 10:18:00+00:00
98494247,jinan-telecom,wuhan-telecom,47.3555,0.0,icmp,1591698000,2020-06-09 10:20:00+00:00
98494458,jinan-telecom,wuhan-telecom,47.2419,0.0,icmp,1591698120,2020-06-09 10:22:00+00:00
98494695,jinan-telecom,wuhan-telecom,44.609,0.0,icmp,1591698240,2020-06-09 10:24:00+00:00
98494928,jinan-telecom,wuhan-telecom,40.493,0.0,icmp,1591698360,2020-06-09 10:26:00+00:00
98495170,jinan-telecom,wuhan-telecom,46.0489,0.0,icmp,1591698480,2020-06-09 10:28:00+00:00
98495379,jinan-telecom,wuhan-telecom,45.6823,0.0,icmp,1591698600,2020-06-09 10:30:00+00:00
98495604,jinan-telecom,wuhan-telecom,39.4078,0.0,icmp,1591698739,2020-06-09 10:32:19+00:00
98495833,jinan-telecom,wuhan-telecom,47.7272,0.0,icmp,1591698840,2020-06-09 10:34:00+00:00
98496057,jinan-telecom,wuhan-telecom,48.7586,0.0,icmp,1591698960,2020-06-09 10:36:00+00:00
98496309,jinan-telecom,wuhan-telecom,39.3424,0.0,icmp,1591699099,2020-06-09 10:38:19+00:00
98496535,jinan-telecom,wuhan-telecom,39.6489,0.0,icmp,1591699219,2020-06-09 10:40:19+00:00
98496757,jinan-telecom,wuhan-telecom,46.0121,0.0,icmp,1591699320,2020-06-09 10:42:00+00:00
98497002,jinan-telecom,wuhan-telecom,47.692,0.0,icmp,1591699440,2020-06-09 10:44:00+00:00
98497233,jinan-telecom,wuhan-telecom,48.8389,0.0,icmp,1591699560,2020-06-09 10:46:00+00:00
98497437,jinan-telecom,wuhan-telecom,47.4923,0.0,icmp,1591699680,2020-06-09 10:48:00+00:00
98497662,jinan-telecom,wuhan-telecom,47.361,0.0,icmp,1591699800,2020-06-09 10:50:00+00:00
98497898,jinan-telecom,wuhan-telecom,47.962,0.0,icmp,1591699920,2020-06-09 10:52:00+00:00
98498129,jinan-telecom,wuhan-telecom,39.6393,0.0,icmp,1591700059,2020-06-09 10:54:19+00:00
98498366,jinan-telecom,wuhan-telecom,48.8559,0.0,icmp,1591700160,2020-06-09 10:56:00+00:00
98498579,jinan-telecom,wuhan-telecom,47.5902,0.0,icmp,1591700280,2020-06-09 10:58:00+00:00
98498816,jinan-telecom,wuhan-telecom,50.0201,0.0,icmp,1591700400,2020-06-09 11:00:00+00:00
98499040,jinan-telecom,wuhan-telecom,39.7866,0.0,icmp,1591700520,2020-06-09 11:02:00+00:00
98499271,jinan-telecom,wuhan-telecom,52.8767,0.0,icmp,1591700640,2020-06-09 11:04:00+00:00
98499514,jinan-telecom,wuhan-telecom,49.4876,0.0,icmp,1591700760,2020-06-09 11:06:00+00:00
98499744,jinan-telecom,wuhan-telecom,42.4992,0.0,icmp,1591700880,2020-06-09 11:08:00+00:00
98499965,jinan-telecom,wuhan-telecom,39.455,0.0,icmp,1591701019,2020-06-09 11:10:19+00:00
98500192,jinan-telecom,wuhan-telecom,47.3516,0.0,icmp,1591701120,2020-06-09 11:12:00+00:00
98500435,jinan-telecom,wuhan-telecom,50.0476,0.0,icmp,1591701240,2020-06-09 11:14:00+00:00
98500639,jinan-telecom,wuhan-telecom,39.4358,0.0,icmp,1591701319,2020-06-09 11:15:19+00:00
98500876,jinan-telecom,wuhan-telecom,47.313,0.0,icmp,1591701480,2020-06-09 11:18:00+00:00
98501101,jinan-telecom,wuhan-telecom,45.6504,0.0,icmp,1591701600,2020-06-09 11:20:00+00:00
98501331,jinan-telecom,wuhan-telecom,49.7936,0.0,icmp,1591701720,2020-06-09 11:22:00+00:00
98501581,jinan-telecom,wuhan-telecom,46.8275,0.0,icmp,1591701840,2020-06-09 11:24:00+00:00
98501779,jinan-telecom,wuhan-telecom,47.0526,0.0,icmp,1591701960,2020-06-09 11:26:00+00:00
98502021,jinan-telecom,wuhan-telecom,45.9867,0.0,icmp,1591702080,2020-06-09 11:28:00+00:00
98502262,jinan-telecom,wuhan-telecom,46.538,0.0,icmp,1591702200,2020-06-09 11:30:00+00:00
98502481,jinan-telecom,wuhan-telecom,49.7856,0.0,icmp,1591702320,2020-06-09 11:32:00+00:00
98502708,jinan-telecom,wuhan-telecom,49.3666,0.0,icmp,1591702440,2020-06-09 11:34:00+00:00
98502936,jinan-telecom,wuhan-telecom,48.8091,0.0,icmp,1591702560,2020-06-09 11:36:00+00:00
98503164,jinan-telecom,wuhan-telecom,39.4717,0.0,icmp,1591702685,2020-06-09 11:38:05+00:00
98503393,jinan-telecom,wuhan-telecom,44.9841,0.0,icmp,1591702800,2020-06-09 11:40:00+00:00
98503614,jinan-telecom,wuhan-telecom,50.399,0.0,icmp,1591702920,2020-06-09 11:42:00+00:00
98503847,jinan-telecom,wuhan-telecom,48.3136,0.0,icmp,1591703040,2020-06-09 11:44:00+00:00
98504073,jinan-telecom,wuhan-telecom,47.049,0.0,icmp,1591703160,2020-06-09 11:46:00+00:00
98504320,jinan-telecom,wuhan-telecom,47.1751,0.0,icmp,1591703280,2020-06-09 11:48:00+00:00
98504527,jinan-telecom,wuhan-telecom,48.7994,0.0,icmp,1591703400,2020-06-09 11:50:00+00:00
98504767,jinan-telecom,wuhan-telecom,39.3679,0.0,icmp,1591703479,2020-06-09 11:51:19+00:00
98505014,jinan-telecom,wuhan-telecom,39.3628,0.0,icmp,1591703659,2020-06-09 11:54:19+00:00
98505241,jinan-telecom,wuhan-telecom,39.4608,0.0,icmp,1591703779,2020-06-09 11:56:19+00:00
98505473,jinan-telecom,wuhan-telecom,48.7755,0.0,icmp,1591703880,2020-06-09 11:58:00+00:00
98505682,jinan-telecom,wuhan-telecom,42.8965,0.0,icmp,1591704000,2020-06-09 12:00:00+00:00
98505925,jinan-telecom,wuhan-telecom,39.4637,0.0,icmp,1591704125,2020-06-09 12:02:05+00:00
98506159,jinan-telecom,wuhan-telecom,45.9323,0.0,icmp,1591704240,2020-06-09 12:04:00+00:00
98506363,jinan-telecom,wuhan-telecom,47.0835,0.0,icmp,1591704360,2020-06-09 12:06:00+00:00
98506593,jinan-telecom,wuhan-telecom,50.883,0.0,icmp,1591704480,2020-06-09 12:08:00+00:00
98506836,jinan-telecom,wuhan-telecom,49.148,0.0,icmp,1591704600,2020-06-09 12:10:00+00:00
98507060,jinan-telecom,wuhan-telecom,46.6394,0.0,icmp,1591704720,2020-06-09 12:12:00+00:00
98507274,jinan-telecom,wuhan-telecom,47.7424,0.0,icmp,1591704840,2020-06-09 12:14:00+00:00
98507512,jinan-telecom,wuhan-telecom,47.1206,0.0,icmp,1591704960,2020-06-09 12:16:00+00:00
98507744,jinan-telecom,wuhan-telecom,45.4744,0.0,icmp,1591705080,2020-06-09 12:18:00+00:00
98507976,jinan-telecom,wuhan-telecom,44.8939,0.0,icmp,1591705200,2020-06-09 12:20:00+00:00
98508205,jinan-telecom,wuhan-telecom,39.3645,0.0,icmp,1591705279,2020-06-09 12:21:19+00:00
98508427,jinan-telecom,wuhan-telecom,46.5285,0.0,icmp,1591705440,2020-06-09 12:24:00+00:00
98508658,jinan-telecom,wuhan-telecom,46.3783,0.0,icmp,1591705560,2020-06-09 12:26:00+00:00
98508889,jinan-telecom,wuhan-telecom,47.6119,0.0,icmp,1591705680,2020-06-09 12:28:00+00:00
98509109,jinan-telecom,wuhan-telecom,46.4371,0.0,icmp,1591705800,2020-06-09 12:30:00+00:00
98509345,jinan-telecom,wuhan-telecom,39.6095,0.0,icmp,1591705939,2020-06-09 12:32:19+00:00
98509576,jinan-telecom,wuhan-telecom,45.6495,0.0,icmp,1591706040,2020-06-09 12:34:00+00:00
98509823,jinan-telecom,wuhan-telecom,49.7407,0.0,icmp,1591706160,2020-06-09 12:36:00+00:00
98510041,jinan-telecom,wuhan-telecom,39.5625,0.0,icmp,1591706299,2020-06-09 12:38:19+00:00
98510251,jinan-telecom,wuhan-telecom,48.7397,0.0,icmp,1591706400,2020-06-09 12:40:00+00:00
98510506,jinan-telecom,wuhan-telecom,46.0026,0.0,icmp,1591706520,2020-06-09 12:42:00+00:00
98510738,jinan-telecom,wuhan-telecom,47.1359,0.0,icmp,1591706640,2020-06-09 12:44:00+00:00
98510962,jinan-telecom,wuhan-telecom,46.6429,0.0,icmp,1591706760,2020-06-09 12:46:00+00:00
98511175,jinan-telecom,wuhan-telecom,53.386,0.0,icmp,1591706880,2020-06-09 12:48:00+00:00
98511419,jinan-telecom,wuhan-telecom,39.4647,0.0,icmp,1591706959,2020-06-09 12:49:19+00:00
98511648,jinan-telecom,wuhan-telecom,39.3497,0.0,icmp,1591707079,2020-06-09 12:51:19+00:00
98511871,jinan-telecom,wuhan-telecom,49.0084,0.0,icmp,1591707240,2020-06-09 12:54:00+00:00
98512088,jinan-telecom,wuhan-telecom,47.6826,0.0,icmp,1591707360,2020-06-09 12:56:00+00:00
98512339,jinan-telecom,wuhan-telecom,48.2914,0.0,icmp,1591707480,2020-06-09 12:58:00+00:00
98512543,jinan-telecom,wuhan-telecom,48.3778,0.0,icmp,1591707600,2020-06-09 13:00:00+00:00
98512760,jinan-telecom,wuhan-telecom,39.3472,0.0,icmp,1591707679,2020-06-09 13:01:19+00:00
98513029,jinan-telecom,wuhan-telecom,48.6446,0.0,icmp,1591707840,2020-06-09 13:04:00+00:00
98513259,jinan-telecom,wuhan-telecom,39.4632,0.0,icmp,1591707919,2020-06-09 13:05:19+00:00
98513466,jinan-telecom,wuhan-telecom,40.2564,0.0,icmp,1591708080,2020-06-09 13:08:00+00:00
98513688,jinan-telecom,wuhan-telecom,46.3811,0.0,icmp,1591708200,2020-06-09 13:10:00+00:00
98513920,jinan-telecom,wuhan-telecom,46.6121,0.0,icmp,1591708320,2020-06-09 13:12:00+00:00
98514150,jinan-telecom,wuhan-telecom,46.0524,0.0,icmp,1591708440,2020-06-09 13:14:00+00:00
98514381,jinan-telecom,wuhan-telecom,49.4508,0.0,icmp,1591708560,2020-06-09 13:16:00+00:00
98514632,jinan-telecom,wuhan-telecom,39.4688,0.0,icmp,1591708624,2020-06-09 13:17:04+00:00
98514842,jinan-telecom,wuhan-telecom,39.3724,0.0,icmp,1591708759,2020-06-09 13:19:19+00:00
98515070,jinan-telecom,wuhan-telecom,39.3272,0.0,icmp,1591708939,2020-06-09 13:22:19+00:00
98515300,jinan-telecom,wuhan-telecom,48.7554,0.0,icmp,1591709040,2020-06-09 13:24:00+00:00
98515544,jinan-telecom,wuhan-telecom,46.6471,0.0,icmp,1591709160,2020-06-09 13:26:00+00:00
98515769,jinan-telecom,wuhan-telecom,39.4505,0.0,icmp,1591709239,2020-06-09 13:27:19+00:00
98515990,jinan-telecom,wuhan-telecom,49.3609,0.0,icmp,1591709400,2020-06-09 13:30:00+00:00
98516212,jinan-telecom,wuhan-telecom,39.6061,0.0,icmp,1591709539,2020-06-09 13:32:19+00:00
98516458,jinan-telecom,wuhan-telecom,47.001,0.0,icmp,1591709640,2020-06-09 13:34:00+00:00
98516672,jinan-telecom,wuhan-telecom,46.6495,0.0,icmp,1591709760,2020-06-09 13:36:00+00:00
98516904,jinan-telecom,wuhan-telecom,46.7433,0.0,icmp,1591709880,2020-06-09 13:38:00+00:00
98517142,jinan-telecom,wuhan-telecom,39.6453,0.0,icmp,1591710019,2020-06-09 13:40:19+00:00
98517360,jinan-telecom,wuhan-telecom,46.2331,0.0,icmp,1591710120,2020-06-09 13:42:00+00:00
98517595,jinan-telecom,wuhan-telecom,39.8918,0.0,icmp,1591710199,2020-06-09 13:43:19+00:00
98517803,jinan-telecom,wuhan-telecom,45.754,0.0,icmp,1591710360,2020-06-09 13:46:00+00:00
98518054,jinan-telecom,wuhan-telecom,50.6094,0.0,icmp,1591710480,2020-06-09 13:48:00+00:00
98518298,jinan-telecom,wuhan-telecom,50.3785,0.0,icmp,1591710600,2020-06-09 13:50:00+00:00
98518540,jinan-telecom,wuhan-telecom,46.1377,0.0,icmp,1591710720,2020-06-09 13:52:00+00:00
98518739,jinan-telecom,wuhan-telecom,45.2202,0.0,icmp,1591710840,2020-06-09 13:54:00+00:00
98518977,jinan-telecom,wuhan-telecom,39.3975,0.0,icmp,1591710919,2020-06-09 13:55:19+00:00
98519194,jinan-telecom,wuhan-telecom,47.54,0.0,icmp,1591711080,2020-06-09 13:58:00+00:00
98519416,jinan-telecom,wuhan-telecom,48.5292,0.0,icmp,1591711200,2020-06-09 14:00:00+00:00
98519660,jinan-telecom,wuhan-telecom,47.4568,0.0,icmp,1591711320,2020-06-09 14:02:00+00:00
98519892,jinan-telecom,wuhan-telecom,46.9671,0.0,icmp,1591711440,2020-06-09 14:04:00+00:00
98520122,jinan-telecom,wuhan-telecom,47.5021,0.0,icmp,1591711560,2020-06-09 14:06:00+00:00
98520353,jinan-telecom,wuhan-telecom,39.4755,0.0,icmp,1591711625,2020-06-09 14:07:05+00:00
98520568,jinan-telecom,wuhan-telecom,45.3344,0.0,icmp,1591711800,2020-06-09 14:10:00+00:00
98520816,jinan-telecom,wuhan-telecom,51.4401,0.0,icmp,1591711920,2020-06-09 14:12:00+00:00
98521028,jinan-telecom,wuhan-telecom,45.9479,0.0,icmp,1591712040,2020-06-09 14:14:00+00:00
98521273,jinan-telecom,wuhan-telecom,44.6921,0.0,icmp,1591712160,2020-06-09 14:16:00+00:00
98521498,jinan-telecom,wuhan-telecom,39.3882,0.0,icmp,1591712239,2020-06-09 14:17:19+00:00
98521708,jinan-telecom,wuhan-telecom,45.8966,0.0,icmp,1591712400,2020-06-09 14:20:00+00:00
98521945,jinan-telecom,wuhan-telecom,39.4318,0.0,icmp,1591712479,2020-06-09 14:21:19+00:00
98522182,jinan-telecom,wuhan-telecom,46.3405,0.0,icmp,1591712640,2020-06-09 14:24:00+00:00
98522410,jinan-telecom,wuhan-telecom,39.385,0.0,icmp,1591712719,2020-06-09 14:25:19+00:00
98522650,jinan-telecom,wuhan-telecom,47.6198,0.0,icmp,1591712880,2020-06-09 14:28:00+00:00
98522863,jinan-telecom,wuhan-telecom,39.3481,0.0,icmp,1591712959,2020-06-09 14:29:19+00:00
98523100,jinan-telecom,wuhan-telecom,45.0951,0.0,icmp,1591713120,2020-06-09 14:32:00+00:00
98523306,jinan-telecom,wuhan-telecom,47.064,0.0,icmp,1591713240,2020-06-09 14:34:00+00:00
98523548,jinan-telecom,wuhan-telecom,48.0632,0.0,icmp,1591713360,2020-06-09 14:36:00+00:00
98523773,jinan-telecom,wuhan-telecom,45.7193,0.0,icmp,1591713480,2020-06-09 14:38:00+00:00
98524009,jinan-telecom,wuhan-telecom,45.6172,0.0,icmp,1591713600,2020-06-09 14:40:00+00:00
98524229,jinan-telecom,wuhan-telecom,39.5048,0.0,icmp,1591713679,2020-06-09 14:41:19+00:00
98524449,jinan-telecom,wuhan-telecom,47.9884,0.0,icmp,1591713840,2020-06-09 14:44:00+00:00
98524694,jinan-telecom,wuhan-telecom,48.6624,0.0,icmp,1591713960,2020-06-09 14:46:00+00:00
98524917,jinan-telecom,wuhan-telecom,39.8643,0.0,icmp,1591714080,2020-06-09 14:48:00+00:00
98525146,jinan-telecom,wuhan-telecom,39.4489,0.0,icmp,1591714159,2020-06-09 14:49:19+00:00
98525390,jinan-telecom,wuhan-telecom,45.1811,0.0,icmp,1591714320,2020-06-09 14:52:00+00:00
98525604,jinan-telecom,wuhan-telecom,46.7576,0.0,icmp,1591714440,2020-06-09 14:54:00+00:00
98525839,jinan-telecom,wuhan-telecom,39.3827,0.0,icmp,1591714579,2020-06-09 14:56:19+00:00
98526087,jinan-telecom,wuhan-telecom,48.7819,0.0,icmp,1591714680,2020-06-09 14:58:00+00:00
98526284,jinan-telecom,wuhan-telecom,49.6522,0.0,icmp,1591714800,2020-06-09 15:00:00+00:00
98526526,jinan-telecom,wuhan-telecom,39.3397,0.0,icmp,1591714879,2020-06-09 15:01:19+00:00
98526765,jinan-telecom,wuhan-telecom,47.1235,0.0,icmp,1591715040,2020-06-09 15:04:00+00:00
98526969,jinan-telecom,wuhan-telecom,48.5575,0.0,icmp,1591715160,2020-06-09 15:06:00+00:00
98527215,jinan-telecom,wuhan-telecom,43.5042,0.0,icmp,1591715280,2020-06-09 15:08:00+00:00
98527436,jinan-telecom,wuhan-telecom,43.1876,0.0,icmp,1591715405,2020-06-09 15:10:05+00:00
98527665,jinan-telecom,wuhan-telecom,39.5663,0.0,icmp,1591715539,2020-06-09 15:12:19+00:00
98527906,jinan-telecom,wuhan-telecom,46.1101,0.0,icmp,1591715640,2020-06-09 15:14:00+00:00
98528136,jinan-telecom,wuhan-telecom,51.6003,0.0,icmp,1591715760,2020-06-09 15:16:00+00:00
98528374,jinan-telecom,wuhan-telecom,47.7817,0.0,icmp,1591715880,2020-06-09 15:18:00+00:00
98528586,jinan-telecom,wuhan-telecom,49.7675,0.0,icmp,1591716000,2020-06-09 15:20:00+00:00
98528834,jinan-telecom,wuhan-telecom,39.4137,0.0,icmp,1591716139,2020-06-09 15:22:19+00:00
98529064,jinan-telecom,wuhan-telecom,46.2962,0.0,icmp,1591716240,2020-06-09 15:24:00+00:00
98529269,jinan-telecom,wuhan-telecom,41.3029,0.0,icmp,1591716360,2020-06-09 15:26:00+00:00
98529519,jinan-telecom,wuhan-telecom,39.3883,0.0,icmp,1591716439,2020-06-09 15:27:19+00:00
98529708,jinan-telecom,wuhan-telecom,39.4128,0.0,icmp,1591716619,2020-06-09 15:30:19+00:00
98529965,jinan-telecom,wuhan-telecom,46.6491,0.0,icmp,1591716720,2020-06-09 15:32:00+00:00
98530205,jinan-telecom,wuhan-telecom,47.5742,0.0,icmp,1591716840,2020-06-09 15:34:00+00:00
98530425,jinan-telecom,wuhan-telecom,43.4189,0.0,icmp,1591716960,2020-06-09 15:36:00+00:00
98530662,jinan-telecom,wuhan-telecom,46.467,0.0,icmp,1591717080,2020-06-09 15:38:00+00:00
98530899,jinan-telecom,wuhan-telecom,48.1225,0.0,icmp,1591717200,2020-06-09 15:40:00+00:00
98531095,jinan-telecom,wuhan-telecom,39.5417,0.0,icmp,1591717339,2020-06-09 15:42:19+00:00
98531338,jinan-telecom,wuhan-telecom,46.8232,0.0,icmp,1591717440,2020-06-09 15:44:00+00:00
98531563,jinan-telecom,wuhan-telecom,48.5398,0.0,icmp,1591717560,2020-06-09 15:46:00+00:00
98531809,jinan-telecom,wuhan-telecom,46.158,0.0,icmp,1591717680,2020-06-09 15:48:00+00:00
98532036,jinan-telecom,wuhan-telecom,39.645,0.0,icmp,1591717759,2020-06-09 15:49:19+00:00
98532240,jinan-telecom,wuhan-telecom,42.6149,0.0,icmp,1591717920,2020-06-09 15:52:00+00:00
98532474,jinan-telecom,wuhan-telecom,39.3452,0.0,icmp,1591717999,2020-06-09 15:53:19+00:00
98532719,jinan-telecom,wuhan-telecom,39.38,0.0,icmp,1591718119,2020-06-09 15:55:19+00:00
98532937,jinan-telecom,wuhan-telecom,47.4398,0.0,icmp,1591718280,2020-06-09 15:58:00+00:00
98533172,jinan-telecom,wuhan-telecom,46.8801,0.0,icmp,1591718400,2020-06-09 16:00:00+00:00
98533407,jinan-telecom,wuhan-telecom,46.4904,0.0,icmp,1591718520,2020-06-09 16:02:00+00:00
98533640,jinan-telecom,wuhan-telecom,48.5519,0.0,icmp,1591718640,2020-06-09 16:04:00+00:00
98533853,jinan-telecom,wuhan-telecom,39.7774,0.0,icmp,1591718719,2020-06-09 16:05:19+00:00
98534070,jinan-telecom,wuhan-telecom,47.7046,0.0,icmp,1591718880,2020-06-09 16:08:00+00:00
98534311,jinan-telecom,wuhan-telecom,46.5079,0.0,icmp,1591719000,2020-06-09 16:10:00+00:00
98534553,jinan-telecom,wuhan-telecom,45.1733,0.0,icmp,1591719120,2020-06-09 16:12:00+00:00
98534770,jinan-telecom,wuhan-telecom,39.7605,0.0,icmp,1591719259,2020-06-09 16:14:19+00:00
98535004,jinan-telecom,wuhan-telecom,48.1469,0.0,icmp,1591719360,2020-06-09 16:16:00+00:00
98535231,jinan-telecom,wuhan-telecom,42.3171,0.0,icmp,1591719480,2020-06-09 16:18:00+00:00
98535453,jinan-telecom,wuhan-telecom,47.202,0.0,icmp,1591719600,2020-06-09 16:20:00+00:00
98535687,jinan-telecom,wuhan-telecom,39.8042,0.0,icmp,1591719739,2020-06-09 16:22:19+00:00
98535898,jinan-telecom,wuhan-telecom,49.443,0.0,icmp,1591719840,2020-06-09 16:24:00+00:00
98536121,jinan-telecom,wuhan-telecom,47.7029,0.0,icmp,1591719960,2020-06-09 16:26:00+00:00
98536359,jinan-telecom,wuhan-telecom,47.9504,0.0,icmp,1591720080,2020-06-09 16:28:00+00:00
98536583,jinan-telecom,wuhan-telecom,48.0138,0.0,icmp,1591720200,2020-06-09 16:30:00+00:00
98536819,jinan-telecom,wuhan-telecom,44.7656,0.0,icmp,1591720320,2020-06-09 16:32:00+00:00
98537020,jinan-telecom,wuhan-telecom,48.8717,0.0,icmp,1591720440,2020-06-09 16:34:00+00:00
98537257,jinan-telecom,wuhan-telecom,46.1772,0.0,icmp,1591720560,2020-06-09 16:36:00+00:00
98537465,jinan-telecom,wuhan-telecom,49.5623,0.0,icmp,1591720680,2020-06-09 16:38:00+00:00
98537706,jinan-telecom,wuhan-telecom,40.1254,0.0,icmp,1591720800,2020-06-09 16:40:00+00:00
98537951,jinan-telecom,wuhan-telecom,46.6117,0.0,icmp,1591720920,2020-06-09 16:42:00+00:00
98538154,jinan-telecom,wuhan-telecom,39.8318,0.0,icmp,1591721059,2020-06-09 16:44:19+00:00
98538383,jinan-telecom,wuhan-telecom,49.2859,0.0,icmp,1591721160,2020-06-09 16:46:00+00:00
98538640,jinan-telecom,wuhan-telecom,40.0845,0.0,icmp,1591721299,2020-06-09 16:48:19+00:00
98538850,jinan-telecom,wuhan-telecom,39.8032,0.0,icmp,1591721400,2020-06-09 16:50:00+00:00
98539078,jinan-telecom,wuhan-telecom,46.5661,0.0,icmp,1591721520,2020-06-09 16:52:00+00:00
98539308,jinan-telecom,wuhan-telecom,50.28,0.0,icmp,1591721640,2020-06-09 16:54:00+00:00
98539505,jinan-telecom,wuhan-telecom,46.7777,0.0,icmp,1591721760,2020-06-09 16:56:00+00:00
98539753,jinan-telecom,wuhan-telecom,43.3536,0.0,icmp,1591721885,2020-06-09 16:58:05+00:00
98539967,jinan-telecom,wuhan-telecom,48.3225,0.0,icmp,1591722000,2020-06-09 17:00:00+00:00
98540195,jinan-telecom,wuhan-telecom,40.063,0.0,icmp,1591722120,2020-06-09 17:02:00+00:00
98540422,jinan-telecom,wuhan-telecom,45.749,0.0,icmp,1591722240,2020-06-09 17:04:00+00:00
98540624,jinan-telecom,wuhan-telecom,46.579,0.0,icmp,1591722360,2020-06-09 17:06:00+00:00
98540835,jinan-telecom,wuhan-telecom,48.2883,0.0,icmp,1591722480,2020-06-09 17:08:00+00:00
98541084,jinan-telecom,wuhan-telecom,47.4215,0.0,icmp,1591722600,2020-06-09 17:10:00+00:00
98541290,jinan-telecom,wuhan-telecom,43.6302,0.0,icmp,1591722720,2020-06-09 17:12:00+00:00
98541518,jinan-telecom,wuhan-telecom,47.2792,0.0,icmp,1591722840,2020-06-09 17:14:00+00:00
98541743,jinan-telecom,wuhan-telecom,48.2973,0.0,icmp,1591722960,2020-06-09 17:16:00+00:00
98541950,jinan-telecom,wuhan-telecom,39.501,0.0,icmp,1591723025,2020-06-09 17:17:05+00:00
98542177,jinan-telecom,wuhan-telecom,40.3437,0.0,icmp,1591723200,2020-06-09 17:20:00+00:00
98542399,jinan-telecom,wuhan-telecom,39.392,0.0,icmp,1591723279,2020-06-09 17:21:19+00:00
98542621,jinan-telecom,wuhan-telecom,39.3449,0.0,icmp,1591723459,2020-06-09 17:24:19+00:00
98542834,jinan-telecom,wuhan-telecom,46.3012,0.0,icmp,1591723560,2020-06-09 17:26:00+00:00
98543066,jinan-telecom,wuhan-telecom,50.8545,0.0,icmp,1591723699,2020-06-09 17:28:19+00:00
98543295,jinan-telecom,wuhan-telecom,55.9654,0.0,icmp,1591723800,2020-06-09 17:30:00+00:00
98543513,jinan-telecom,wuhan-telecom,47.6887,1.0,icmp,1591723920,2020-06-09 17:32:00+00:00
98543747,jinan-telecom,wuhan-telecom,55.7721,0.0,icmp,1591724040,2020-06-09 17:34:00+00:00
98543971,jinan-telecom,wuhan-telecom,57.086,0.0,icmp,1591724160,2020-06-09 17:36:00+00:00
98544168,jinan-telecom,wuhan-telecom,57.9342,0.0,icmp,1591724280,2020-06-09 17:38:00+00:00
98544398,jinan-telecom,wuhan-telecom,51.0483,0.0,icmp,1591724359,2020-06-09 17:39:19+00:00
98544608,jinan-telecom,wuhan-telecom,57.8972,0.0,icmp,1591724520,2020-06-09 17:42:00+00:00
98544821,jinan-telecom,wuhan-telecom,51.1168,0.0,icmp,1591724659,2020-06-09 17:44:19+00:00
98545061,jinan-telecom,wuhan-telecom,52.2133,0.0,icmp,1591724760,2020-06-09 17:46:00+00:00
98545269,jinan-telecom,wuhan-telecom,56.2127,0.0,icmp,1591724880,2020-06-09 17:48:00+00:00
98545481,jinan-telecom,wuhan-telecom,55.5043,0.0,icmp,1591725000,2020-06-09 17:50:00+00:00
98545701,jinan-telecom,wuhan-telecom,45.6789,0.0,icmp,1591725120,2020-06-09 17:52:00+00:00
98545901,jinan-telecom,wuhan-telecom,46.8441,0.0,icmp,1591725240,2020-06-09 17:54:00+00:00
98546128,jinan-telecom,wuhan-telecom,45.9343,0.0,icmp,1591725360,2020-06-09 17:56:00+00:00
98546364,jinan-telecom,wuhan-telecom,41.9755,0.0,icmp,1591725480,2020-06-09 17:58:00+00:00
98546577,jinan-telecom,wuhan-telecom,39.7557,0.0,icmp,1591725619,2020-06-09 18:00:19+00:00
98546820,jinan-telecom,wuhan-telecom,46.1082,0.0,icmp,1591725720,2020-06-09 18:02:00+00:00
98547028,jinan-telecom,wuhan-telecom,47.7018,0.0,icmp,1591725840,2020-06-09 18:04:00+00:00
98547247,jinan-telecom,wuhan-telecom,48.3383,0.0,icmp,1591725960,2020-06-09 18:06:00+00:00
98547460,jinan-telecom,wuhan-telecom,42.0521,0.0,icmp,1591726080,2020-06-09 18:08:00+00:00
98547660,jinan-telecom,wuhan-telecom,48.7863,0.0,icmp,1591726200,2020-06-09 18:10:00+00:00
98547911,jinan-telecom,wuhan-telecom,46.831,0.0,icmp,1591726320,2020-06-09 18:12:00+00:00
98548121,jinan-telecom,wuhan-telecom,39.5204,0.0,icmp,1591726399,2020-06-09 18:13:19+00:00
98548342,jinan-telecom,wuhan-telecom,39.3938,0.0,icmp,1591726579,2020-06-09 18:16:19+00:00
98548558,jinan-telecom,wuhan-telecom,42.5063,0.0,icmp,1591726680,2020-06-09 18:18:00+00:00
98548782,jinan-telecom,wuhan-telecom,48.5018,0.0,icmp,1591726800,2020-06-09 18:20:00+00:00
98549007,jinan-telecom,wuhan-telecom,50.8805,0.0,icmp,1591726920,2020-06-09 18:22:00+00:00
98549280,jinan-telecom,wuhan-telecom,39.477,0.0,icmp,1591727045,2020-06-09 18:24:05+00:00
98549638,jinan-telecom,wuhan-telecom,49.0892,0.0,icmp,1591727160,2020-06-09 18:26:00+00:00
98549837,jinan-telecom,wuhan-telecom,46.5388,0.0,icmp,1591727280,2020-06-09 18:28:00+00:00
98550068,jinan-telecom,wuhan-telecom,42.6236,0.0,icmp,1591727400,2020-06-09 18:30:00+00:00
98550320,jinan-telecom,wuhan-telecom,41.4585,0.0,icmp,1591727520,2020-06-09 18:32:00+00:00
98550503,jinan-telecom,wuhan-telecom,39.3162,0.0,icmp,1591727599,2020-06-09 18:33:19+00:00
98550754,jinan-telecom,wuhan-telecom,46.8803,0.0,icmp,1591727760,2020-06-09 18:36:00+00:00
98550962,jinan-telecom,wuhan-telecom,45.802,0.0,icmp,1591727880,2020-06-09 18:38:00+00:00
98551200,jinan-telecom,wuhan-telecom,46.9822,0.0,icmp,1591728000,2020-06-09 18:40:00+00:00
98551436,jinan-telecom,wuhan-telecom,50.3094,0.0,icmp,1591728120,2020-06-09 18:42:00+00:00
98551670,jinan-telecom,wuhan-telecom,42.742,0.0,icmp,1591728240,2020-06-09 18:44:00+00:00
98551914,jinan-telecom,wuhan-telecom,49.2682,0.0,icmp,1591728360,2020-06-09 18:46:00+00:00
98552121,jinan-telecom,wuhan-telecom,46.901,0.0,icmp,1591728480,2020-06-09 18:48:00+00:00
98552334,jinan-telecom,wuhan-telecom,39.3828,0.0,icmp,1591728559,2020-06-09 18:49:19+00:00
98552580,jinan-telecom,wuhan-telecom,46.1967,0.0,icmp,1591728720,2020-06-09 18:52:00+00:00
98552804,jinan-telecom,wuhan-telecom,50.8182,0.0,icmp,1591728840,2020-06-09 18:54:00+00:00
98553038,jinan-telecom,wuhan-telecom,43.4988,0.0,icmp,1591728960,2020-06-09 18:56:00+00:00
98553242,jinan-telecom,wuhan-telecom,49.2709,0.0,icmp,1591729080,2020-06-09 18:58:00+00:00
98553486,jinan-telecom,wuhan-telecom,44.0048,0.0,icmp,1591729200,2020-06-09 19:00:00+00:00
98553707,jinan-telecom,wuhan-telecom,49.6841,0.0,icmp,1591729320,2020-06-09 19:02:00+00:00
98553953,jinan-telecom,wuhan-telecom,41.1937,0.0,icmp,1591729440,2020-06-09 19:04:00+00:00
98554182,jinan-telecom,wuhan-telecom,39.4654,0.0,icmp,1591729519,2020-06-09 19:05:19+00:00
98554398,jinan-telecom,wuhan-telecom,47.9283,0.0,icmp,1591729680,2020-06-09 19:08:00+00:00
98554638,jinan-telecom,wuhan-telecom,42.2321,0.0,icmp,1591729800,2020-06-09 19:10:00+00:00
98554862,jinan-telecom,wuhan-telecom,51.946,0.0,icmp,1591729920,2020-06-09 19:12:00+00:00
98555086,jinan-telecom,wuhan-telecom,39.3082,0.0,icmp,1591729999,2020-06-09 19:13:19+00:00
98555317,jinan-telecom,wuhan-telecom,39.506,0.0,icmp,1591730119,2020-06-09 19:15:19+00:00
98555558,jinan-telecom,wuhan-telecom,45.6529,0.0,icmp,1591730280,2020-06-09 19:18:00+00:00
98555766,jinan-telecom,wuhan-telecom,47.4795,0.0,icmp,1591730400,2020-06-09 19:20:00+00:00
98556013,jinan-telecom,wuhan-telecom,39.3499,0.0,icmp,1591730479,2020-06-09 19:21:19+00:00
98556230,jinan-telecom,wuhan-telecom,48.6084,0.0,icmp,1591730640,2020-06-09 19:24:00+00:00
98556455,jinan-telecom,wuhan-telecom,46.3312,0.0,icmp,1591730760,2020-06-09 19:26:00+00:00
98556679,jinan-telecom,wuhan-telecom,39.3672,0.0,icmp,1591730839,2020-06-09 19:27:19+00:00
98556903,jinan-telecom,wuhan-telecom,52.1721,0.0,icmp,1591731000,2020-06-09 19:30:00+00:00
98557121,jinan-telecom,wuhan-telecom,45.3106,0.0,icmp,1591731120,2020-06-09 19:32:00+00:00
98557359,jinan-telecom,wuhan-telecom,48.183,0.0,icmp,1591731240,2020-06-09 19:34:00+00:00
98557565,jinan-telecom,wuhan-telecom,45.5748,0.0,icmp,1591731360,2020-06-09 19:36:00+00:00
98557799,jinan-telecom,wuhan-telecom,39.5428,0.0,icmp,1591731439,2020-06-09 19:37:19+00:00
98558037,jinan-telecom,wuhan-telecom,39.5326,0.0,icmp,1591731619,2020-06-09 19:40:19+00:00
98558255,jinan-telecom,wuhan-telecom,46.7944,0.0,icmp,1591731720,2020-06-09 19:42:00+00:00
98558478,jinan-telecom,wuhan-telecom,40.0442,0.0,icmp,1591731840,2020-06-09 19:44:00+00:00
98558690,jinan-telecom,wuhan-telecom,47.3195,0.0,icmp,1591731960,2020-06-09 19:46:00+00:00
98558941,jinan-telecom,wuhan-telecom,47.4041,0.0,icmp,1591732080,2020-06-09 19:48:00+00:00
98559145,jinan-telecom,wuhan-telecom,47.1081,0.0,icmp,1591732200,2020-06-09 19:50:00+00:00
98559375,jinan-telecom,wuhan-telecom,41.7563,0.0,icmp,1591732320,2020-06-09 19:52:00+00:00
98559590,jinan-telecom,wuhan-telecom,49.3837,0.0,icmp,1591732440,2020-06-09 19:54:00+00:00
98559823,jinan-telecom,wuhan-telecom,46.5422,0.0,icmp,1591732560,2020-06-09 19:56:00+00:00
98560038,jinan-telecom,wuhan-telecom,45.6399,0.0,icmp,1591732680,2020-06-09 19:58:00+00:00
98560271,jinan-telecom,wuhan-telecom,42.9931,2.0,icmp,1591732800,2020-06-09 20:00:00+00:00
98560497,jinan-telecom,wuhan-telecom,48.3694,0.0,icmp,1591732920,2020-06-09 20:02:00+00:00
98560735,jinan-telecom,wuhan-telecom,46.9977,0.0,icmp,1591733040,2020-06-09 20:04:00+00:00
98560943,jinan-telecom,wuhan-telecom,41.9556,0.0,icmp,1591733160,2020-06-09 20:06:00+00:00
98561167,jinan-telecom,wuhan-telecom,49.1806,0.0,icmp,1591733280,2020-06-09 20:08:00+00:00
98561397,jinan-telecom,wuhan-telecom,46.2327,0.0,icmp,1591733400,2020-06-09 20:10:00+00:00
98561626,jinan-telecom,wuhan-telecom,48.854,0.0,icmp,1591733520,2020-06-09 20:12:00+00:00
98561843,jinan-telecom,wuhan-telecom,49.1704,0.0,icmp,1591733640,2020-06-09 20:14:00+00:00
98562061,jinan-telecom,wuhan-telecom,49.8473,0.0,icmp,1591733760,2020-06-09 20:16:00+00:00
98562298,jinan-telecom,wuhan-telecom,46.5739,0.0,icmp,1591733880,2020-06-09 20:18:00+00:00
98562526,jinan-telecom,wuhan-telecom,39.4043,0.0,icmp,1591733951,2020-06-09 20:19:11+00:00
98562757,jinan-telecom,wuhan-telecom,46.1838,0.0,icmp,1591734120,2020-06-09 20:22:00+00:00
98562983,jinan-telecom,wuhan-telecom,47.7308,0.0,icmp,1591734240,2020-06-09 20:24:00+00:00
98563212,jinan-telecom,wuhan-telecom,42.7095,0.0,icmp,1591734360,2020-06-09 20:26:00+00:00
98563412,jinan-telecom,wuhan-telecom,47.0205,0.0,icmp,1591734480,2020-06-09 20:28:00+00:00
98563645,jinan-telecom,wuhan-telecom,47.5373,0.0,icmp,1591734600,2020-06-09 20:30:00+00:00
98563883,jinan-telecom,wuhan-telecom,48.1414,0.0,icmp,1591734720,2020-06-09 20:32:00+00:00
98564115,jinan-telecom,wuhan-telecom,50.2911,0.0,icmp,1591734840,2020-06-09 20:34:00+00:00
98564341,jinan-telecom,wuhan-telecom,47.5651,0.0,icmp,1591734960,2020-06-09 20:36:00+00:00
98564548,jinan-telecom,wuhan-telecom,48.0496,0.0,icmp,1591735080,2020-06-09 20:38:00+00:00
98564769,jinan-telecom,wuhan-telecom,47.1179,0.0,icmp,1591735200,2020-06-09 20:40:00+00:00
98565005,jinan-telecom,wuhan-telecom,49.344,0.0,icmp,1591735320,2020-06-09 20:42:00+00:00
98565250,jinan-telecom,wuhan-telecom,43.7767,0.0,icmp,1591735440,2020-06-09 20:44:00+00:00
98565460,jinan-telecom,wuhan-telecom,48.2006,0.0,icmp,1591735560,2020-06-09 20:46:00+00:00
98565709,jinan-telecom,wuhan-telecom,50.2727,0.0,icmp,1591735680,2020-06-09 20:48:00+00:00
98565926,jinan-telecom,wuhan-telecom,50.3726,0.0,icmp,1591735800,2020-06-09 20:50:00+00:00
98566152,jinan-telecom,wuhan-telecom,51.1948,0.0,icmp,1591735920,2020-06-09 20:52:00+00:00
98566370,jinan-telecom,wuhan-telecom,48.6808,0.0,icmp,1591736040,2020-06-09 20:54:00+00:00
98566602,jinan-telecom,wuhan-telecom,39.3975,0.0,icmp,1591736165,2020-06-09 20:56:05+00:00
98566846,jinan-telecom,wuhan-telecom,47.5314,0.0,icmp,1591736280,2020-06-09 20:58:00+00:00
98567074,jinan-telecom,wuhan-telecom,48.7763,0.0,icmp,1591736400,2020-06-09 21:00:00+00:00
98567292,jinan-telecom,wuhan-telecom,45.9936,0.0,icmp,1591736520,2020-06-09 21:02:00+00:00
98567544,jinan-telecom,wuhan-telecom,50.8318,0.0,icmp,1591736640,2020-06-09 21:04:00+00:00
98567749,jinan-telecom,wuhan-telecom,50.3498,0.0,icmp,1591736760,2020-06-09 21:06:00+00:00
98567991,jinan-telecom,wuhan-telecom,51.1548,0.0,icmp,1591736880,2020-06-09 21:08:00+00:00
98568221,jinan-telecom,wuhan-telecom,49.5856,0.0,icmp,1591737000,2020-06-09 21:10:00+00:00
98568458,jinan-telecom,wuhan-telecom,46.625,0.0,icmp,1591737120,2020-06-09 21:12:00+00:00
98568674,jinan-telecom,wuhan-telecom,48.3078,0.0,icmp,1591737240,2020-06-09 21:14:00+00:00
98568894,jinan-telecom,wuhan-telecom,48.2561,0.0,icmp,1591737360,2020-06-09 21:16:00+00:00
98569141,jinan-telecom,wuhan-telecom,45.7026,0.0,icmp,1591737480,2020-06-09 21:18:00+00:00
98569347,jinan-telecom,wuhan-telecom,51.5042,0.0,icmp,1591737600,2020-06-09 21:20:00+00:00
98569629,jinan-telecom,wuhan-telecom,39.3742,0.0,icmp,1591737739,2020-06-09 21:22:19+00:00
98569834,jinan-telecom,wuhan-telecom,47.0704,0.0,icmp,1591737840,2020-06-09 21:24:00+00:00
98570051,jinan-telecom,wuhan-telecom,52.7717,0.0,icmp,1591737960,2020-06-09 21:26:00+00:00
98570271,jinan-telecom,wuhan-telecom,39.5781,0.0,icmp,1591738099,2020-06-09 21:28:19+00:00
98570509,jinan-telecom,wuhan-telecom,48.0256,0.0,icmp,1591738200,2020-06-09 21:30:00+00:00
98570747,jinan-telecom,wuhan-telecom,39.4319,0.0,icmp,1591738339,2020-06-09 21:32:19+00:00
98570963,jinan-telecom,wuhan-telecom,50.2741,0.0,icmp,1591738440,2020-06-09 21:34:00+00:00
98571191,jinan-telecom,wuhan-telecom,48.4626,0.0,icmp,1591738560,2020-06-09 21:36:00+00:00
98571413,jinan-telecom,wuhan-telecom,45.6405,0.0,icmp,1591738680,2020-06-09 21:38:00+00:00
98571637,jinan-telecom,wuhan-telecom,43.3603,0.0,icmp,1591738800,2020-06-09 21:40:00+00:00
98571875,jinan-telecom,wuhan-telecom,49.4558,0.0,icmp,1591738925,2020-06-09 21:42:05+00:00
98572102,jinan-telecom,wuhan-telecom,48.0242,0.0,icmp,1591739040,2020-06-09 21:44:00+00:00
98572325,jinan-telecom,wuhan-telecom,39.3124,0.0,icmp,1591739119,2020-06-09 21:45:19+00:00
98572550,jinan-telecom,wuhan-telecom,39.566,0.0,icmp,1591739299,2020-06-09 21:48:19+00:00
98572796,jinan-telecom,wuhan-telecom,39.4335,0.0,icmp,1591739404,2020-06-09 21:50:04+00:00
98573033,jinan-telecom,wuhan-telecom,45.2473,0.0,icmp,1591739520,2020-06-09 21:52:00+00:00
98573252,jinan-telecom,wuhan-telecom,50.7213,0.0,icmp,1591739640,2020-06-09 21:54:00+00:00
98573474,jinan-telecom,wuhan-telecom,46.9051,0.0,icmp,1591739760,2020-06-09 21:56:00+00:00
98573713,jinan-telecom,wuhan-telecom,39.359,0.0,icmp,1591739899,2020-06-09 21:58:19+00:00
98573936,jinan-telecom,wuhan-telecom,51.4846,0.0,icmp,1591740000,2020-06-09 22:00:00+00:00
98574168,jinan-telecom,wuhan-telecom,39.3955,0.0,icmp,1591740125,2020-06-09 22:02:05+00:00
98574404,jinan-telecom,wuhan-telecom,39.4711,0.0,icmp,1591740259,2020-06-09 22:04:19+00:00
98574630,jinan-telecom,wuhan-telecom,47.2438,0.0,icmp,1591740360,2020-06-09 22:06:00+00:00
98574853,jinan-telecom,wuhan-telecom,48.8509,0.0,icmp,1591740480,2020-06-09 22:08:00+00:00
98575095,jinan-telecom,wuhan-telecom,46.6665,0.0,icmp,1591740600,2020-06-09 22:10:00+00:00
98575305,jinan-telecom,wuhan-telecom,39.3291,0.0,icmp,1591740679,2020-06-09 22:11:19+00:00
98575552,jinan-telecom,wuhan-telecom,43.5016,0.0,icmp,1591740840,2020-06-09 22:14:00+00:00
98575779,jinan-telecom,wuhan-telecom,47.1798,0.0,icmp,1591740960,2020-06-09 22:16:00+00:00
98575994,jinan-telecom,wuhan-telecom,39.33,0.0,icmp,1591741099,2020-06-09 22:18:19+00:00
98576217,jinan-telecom,wuhan-telecom,46.2616,0.0,icmp,1591741200,2020-06-09 22:20:00+00:00
98576459,jinan-telecom,wuhan-telecom,39.3278,0.0,icmp,1591741339,2020-06-09 22:22:19+00:00
98576676,jinan-telecom,wuhan-telecom,47.9255,0.0,icmp,1591741440,2020-06-09 22:24:00+00:00
98576912,jinan-telecom,wuhan-telecom,48.0667,0.0,icmp,1591741560,2020-06-09 22:26:00+00:00
98577155,jinan-telecom,wuhan-telecom,42.2741,0.0,icmp,1591741680,2020-06-09 22:28:00+00:00
98577374,jinan-telecom,wuhan-telecom,39.3554,0.0,icmp,1591741819,2020-06-09 22:30:19+00:00
98577616,jinan-telecom,wuhan-telecom,48.2624,0.0,icmp,1591741920,2020-06-09 22:32:00+00:00
98577816,jinan-telecom,wuhan-telecom,47.6049,0.0,icmp,1591742040,2020-06-09 22:34:00+00:00
98578075,jinan-telecom,wuhan-telecom,47.9069,0.0,icmp,1591742160,2020-06-09 22:36:00+00:00
98578283,jinan-telecom,wuhan-telecom,47.1913,0.0,icmp,1591742280,2020-06-09 22:38:00+00:00
98578526,jinan-telecom,wuhan-telecom,45.8267,0.0,icmp,1591742400,2020-06-09 22:40:00+00:00
98578748,jinan-telecom,wuhan-telecom,46.1439,0.0,icmp,1591742520,2020-06-09 22:42:00+00:00
98578971,jinan-telecom,wuhan-telecom,39.3184,0.0,icmp,1591742599,2020-06-09 22:43:19+00:00
98579207,jinan-telecom,wuhan-telecom,49.5032,0.0,icmp,1591742760,2020-06-09 22:46:00+00:00
98579437,jinan-telecom,wuhan-telecom,39.2997,0.0,icmp,1591742839,2020-06-09 22:47:19+00:00
98579671,jinan-telecom,wuhan-telecom,48.5828,0.0,icmp,1591743000,2020-06-09 22:50:00+00:00
98579908,jinan-telecom,wuhan-telecom,39.4069,0.0,icmp,1591743065,2020-06-09 22:51:05+00:00
98580119,jinan-telecom,wuhan-telecom,47.2188,0.0,icmp,1591743240,2020-06-09 22:54:00+00:00
98580355,jinan-telecom,wuhan-telecom,48.1822,0.0,icmp,1591743360,2020-06-09 22:56:00+00:00
98580579,jinan-telecom,wuhan-telecom,39.9776,0.0,icmp,1591743480,2020-06-09 22:58:00+00:00
98580800,jinan-telecom,wuhan-telecom,49.3445,0.0,icmp,1591743600,2020-06-09 23:00:00+00:00
98581032,jinan-telecom,wuhan-telecom,47.7698,0.0,icmp,1591743720,2020-06-09 23:02:00+00:00
98581264,jinan-telecom,wuhan-telecom,45.1442,0.0,icmp,1591743840,2020-06-09 23:04:00+00:00
98581485,jinan-telecom,wuhan-telecom,47.7867,0.0,icmp,1591743960,2020-06-09 23:06:00+00:00
98581724,jinan-telecom,wuhan-telecom,48.7192,0.0,icmp,1591744080,2020-06-09 23:08:00+00:00
98581959,jinan-telecom,wuhan-telecom,39.3117,0.0,icmp,1591744159,2020-06-09 23:09:19+00:00
98582182,jinan-telecom,wuhan-telecom,46.2676,0.0,icmp,1591744320,2020-06-09 23:12:00+00:00
98582419,jinan-telecom,wuhan-telecom,47.3461,0.0,icmp,1591744440,2020-06-09 23:14:00+00:00
98582656,jinan-telecom,wuhan-telecom,39.5098,0.0,icmp,1591744519,2020-06-09 23:15:19+00:00
98582886,jinan-telecom,wuhan-telecom,39.5826,0.0,icmp,1591744699,2020-06-09 23:18:19+00:00
98583084,jinan-telecom,wuhan-telecom,47.6699,0.0,icmp,1591744800,2020-06-09 23:20:00+00:00
101643134,jinan-telecom,wuhan-telecom,47.0193,0.0,icmp,1591868580,2020-06-11 09:43:00+00:00
101643356,jinan-telecom,wuhan-telecom,39.3991,0.0,icmp,1591868719,2020-06-11 09:45:19+00:00
101643582,jinan-telecom,wuhan-telecom,47.7113,0.0,icmp,1591868820,2020-06-11 09:47:00+00:00
101643824,jinan-telecom,wuhan-telecom,48.3218,0.0,icmp,1591868940,2020-06-11 09:49:00+00:00
101644037,jinan-telecom,wuhan-telecom,47.1862,0.0,icmp,1591869060,2020-06-11 09:51:00+00:00
101644271,jinan-telecom,wuhan-telecom,47.1427,0.0,icmp,1591869180,2020-06-11 09:53:00+00:00
101644508,jinan-telecom,wuhan-telecom,47.8493,0.0,icmp,1591869300,2020-06-11 09:55:00+00:00
101644750,jinan-telecom,wuhan-telecom,39.5466,0.0,icmp,1591869439,2020-06-11 09:57:19+00:00
101644953,jinan-telecom,wuhan-telecom,48.6935,0.0,icmp,1591869540,2020-06-11 09:59:00+00:00
101645178,jinan-telecom,wuhan-telecom,39.3715,0.0,icmp,1591869679,2020-06-11 10:01:19+00:00
101645406,jinan-telecom,wuhan-telecom,45.7537,0.0,icmp,1591869780,2020-06-11 10:03:00+00:00
101645644,jinan-telecom,wuhan-telecom,49.8772,0.0,icmp,1591869900,2020-06-11 10:05:00+00:00
101645874,jinan-telecom,wuhan-telecom,44.0886,0.0,icmp,1591870020,2020-06-11 10:07:00+00:00
101646120,jinan-telecom,wuhan-telecom,45.6602,0.0,icmp,1591870140,2020-06-11 10:09:00+00:00
101646350,jinan-telecom,wuhan-telecom,39.3233,0.0,icmp,1591870219,2020-06-11 10:10:19+00:00
101646585,jinan-telecom,wuhan-telecom,47.0862,0.0,icmp,1591870380,2020-06-11 10:13:00+00:00
101646787,jinan-telecom,wuhan-telecom,39.5914,0.0,icmp,1591870459,2020-06-11 10:14:19+00:00
101647025,jinan-telecom,wuhan-telecom,47.9281,0.0,icmp,1591870620,2020-06-11 10:17:00+00:00
101647260,jinan-telecom,wuhan-telecom,45.9253,0.0,icmp,1591870740,2020-06-11 10:19:00+00:00
101647496,jinan-telecom,wuhan-telecom,48.7849,0.0,icmp,1591870860,2020-06-11 10:21:00+00:00
101647707,jinan-telecom,wuhan-telecom,48.4838,0.0,icmp,1591870980,2020-06-11 10:23:00+00:00
101647935,jinan-telecom,wuhan-telecom,47.4731,0.0,icmp,1591871100,2020-06-11 10:25:00+00:00
101648181,jinan-telecom,wuhan-telecom,49.5459,0.0,icmp,1591871220,2020-06-11 10:27:00+00:00
101648404,jinan-telecom,wuhan-telecom,49.92,0.0,icmp,1591871340,2020-06-11 10:29:00+00:00
101648658,jinan-telecom,wuhan-telecom,47.1176,0.0,icmp,1591871460,2020-06-11 10:31:00+00:00
101648851,jinan-telecom,wuhan-telecom,47.6444,0.0,icmp,1591871580,2020-06-11 10:33:00+00:00
101649076,jinan-telecom,wuhan-telecom,47.857,0.0,icmp,1591871700,2020-06-11 10:35:00+00:00
101649315,jinan-telecom,wuhan-telecom,39.3337,0.0,icmp,1591871839,2020-06-11 10:37:19+00:00
101649560,jinan-telecom,wuhan-telecom,39.4444,0.0,icmp,1591871959,2020-06-11 10:39:19+00:00
101649769,jinan-telecom,wuhan-telecom,39.3696,0.0,icmp,1591872079,2020-06-11 10:41:19+00:00
101650014,jinan-telecom,wuhan-telecom,45.403,0.0,icmp,1591872180,2020-06-11 10:43:00+00:00
101650204,jinan-telecom,wuhan-telecom,46.119,0.0,icmp,1591872300,2020-06-11 10:45:00+00:00
101650449,jinan-telecom,wuhan-telecom,39.3292,0.0,icmp,1591872439,2020-06-11 10:47:19+00:00
101650691,jinan-telecom,wuhan-telecom,47.2298,0.0,icmp,1591872540,2020-06-11 10:49:00+00:00
101650927,jinan-telecom,wuhan-telecom,39.3698,0.0,icmp,1591872619,2020-06-11 10:50:19+00:00
101651148,jinan-telecom,wuhan-telecom,47.5416,0.0,icmp,1591872780,2020-06-11 10:53:00+00:00
101651363,jinan-telecom,wuhan-telecom,39.5232,0.0,icmp,1591872859,2020-06-11 10:54:19+00:00
101651618,jinan-telecom,wuhan-telecom,43.7539,0.0,icmp,1591873020,2020-06-11 10:57:00+00:00
101651839,jinan-telecom,wuhan-telecom,47.9617,0.0,icmp,1591873140,2020-06-11 10:59:00+00:00
101652111,jinan-telecom,wuhan-telecom,45.0794,0.0,icmp,1591873260,2020-06-11 11:01:00+00:00
101652306,jinan-telecom,wuhan-telecom,39.49,0.0,icmp,1591873325,2020-06-11 11:02:05+00:00
101652530,jinan-telecom,wuhan-telecom,46.8586,0.0,icmp,1591873500,2020-06-11 11:05:00+00:00
101652737,jinan-telecom,wuhan-telecom,39.3382,0.0,icmp,1591873579,2020-06-11 11:06:19+00:00
101652977,jinan-telecom,wuhan-telecom,39.3402,0.0,icmp,1591873759,2020-06-11 11:09:19+00:00
101653216,jinan-telecom,wuhan-telecom,39.3486,0.0,icmp,1591873879,2020-06-11 11:11:19+00:00
101653446,jinan-telecom,wuhan-telecom,46.9866,0.0,icmp,1591873980,2020-06-11 11:13:00+00:00
101653660,jinan-telecom,wuhan-telecom,49.1561,0.0,icmp,1591874100,2020-06-11 11:15:00+00:00
101653916,jinan-telecom,wuhan-telecom,46.3638,0.0,icmp,1591874220,2020-06-11 11:17:00+00:00
101654120,jinan-telecom,wuhan-telecom,45.9035,0.0,icmp,1591874340,2020-06-11 11:19:00+00:00
101654346,jinan-telecom,wuhan-telecom,39.4839,0.0,icmp,1591874479,2020-06-11 11:21:19+00:00
101654589,jinan-telecom,wuhan-telecom,48.5596,0.0,icmp,1591874580,2020-06-11 11:23:00+00:00
101654808,jinan-telecom,wuhan-telecom,45.9816,0.0,icmp,1591874700,2020-06-11 11:25:00+00:00
101655049,jinan-telecom,wuhan-telecom,46.5996,0.0,icmp,1591874820,2020-06-11 11:27:00+00:00
101655254,jinan-telecom,wuhan-telecom,47.8142,0.0,icmp,1591874940,2020-06-11 11:29:00+00:00
101655488,jinan-telecom,wuhan-telecom,47.0127,0.0,icmp,1591875060,2020-06-11 11:31:00+00:00
101655715,jinan-telecom,wuhan-telecom,46.1325,0.0,icmp,1591875180,2020-06-11 11:33:00+00:00
101655958,jinan-telecom,wuhan-telecom,40.2629,0.0,icmp,1591875304,2020-06-11 11:35:04+00:00
101656178,jinan-telecom,wuhan-telecom,46.5799,0.0,icmp,1591875420,2020-06-11 11:37:00+00:00
101656410,jinan-telecom,wuhan-telecom,48.4801,0.0,icmp,1591875540,2020-06-11 11:39:00+00:00
101656653,jinan-telecom,wuhan-telecom,46.8538,0.0,icmp,1591875660,2020-06-11 11:41:00+00:00
101656883,jinan-telecom,wuhan-telecom,46.6784,0.0,icmp,1591875780,2020-06-11 11:43:00+00:00
101657093,jinan-telecom,wuhan-telecom,45.2737,0.0,icmp,1591875900,2020-06-11 11:45:00+00:00
101657325,jinan-telecom,wuhan-telecom,46.742,0.0,icmp,1591876020,2020-06-11 11:47:00+00:00
101657567,jinan-telecom,wuhan-telecom,39.3485,0.0,icmp,1591876099,2020-06-11 11:48:19+00:00
101657804,jinan-telecom,wuhan-telecom,45.7318,0.0,icmp,1591876260,2020-06-11 11:51:00+00:00
101658006,jinan-telecom,wuhan-telecom,47.9051,0.0,icmp,1591876380,2020-06-11 11:53:00+00:00
101658260,jinan-telecom,wuhan-telecom,46.3585,0.0,icmp,1591876500,2020-06-11 11:55:00+00:00
101658486,jinan-telecom,wuhan-telecom,46.6405,0.0,icmp,1591876620,2020-06-11 11:57:00+00:00
101658698,jinan-telecom,wuhan-telecom,39.4346,0.0,icmp,1591876686,2020-06-11 11:58:06+00:00
101658933,jinan-telecom,wuhan-telecom,46.0736,0.0,icmp,1591876860,2020-06-11 12:01:00+00:00
101659173,jinan-telecom,wuhan-telecom,47.0828,0.0,icmp,1591876980,2020-06-11 12:03:00+00:00
101659368,jinan-telecom,wuhan-telecom,46.8776,0.0,icmp,1591877100,2020-06-11 12:05:00+00:00
101659641,jinan-telecom,wuhan-telecom,39.4377,0.0,icmp,1591877226,2020-06-11 12:07:06+00:00
101659876,jinan-telecom,wuhan-telecom,47.9183,0.0,icmp,1591877340,2020-06-11 12:09:00+00:00
101660119,jinan-telecom,wuhan-telecom,46.4927,0.0,icmp,1591877460,2020-06-11 12:11:00+00:00
101660296,jinan-telecom,wuhan-telecom,46.8275,0.0,icmp,1591877580,2020-06-11 12:13:00+00:00
101660547,jinan-telecom,wuhan-telecom,46.6537,0.0,icmp,1591877700,2020-06-11 12:15:00+00:00
101660763,jinan-telecom,wuhan-telecom,45.6277,0.0,icmp,1591877820,2020-06-11 12:17:00+00:00
101661004,jinan-telecom,wuhan-telecom,45.833,0.0,icmp,1591877940,2020-06-11 12:19:00+00:00
101661212,jinan-telecom,wuhan-telecom,47.3512,0.0,icmp,1591878060,2020-06-11 12:21:00+00:00
101661458,jinan-telecom,wuhan-telecom,47.2066,0.0,icmp,1591878180,2020-06-11 12:23:00+00:00
101661688,jinan-telecom,wuhan-telecom,39.3514,0.0,icmp,1591878259,2020-06-11 12:24:19+00:00
101661927,jinan-telecom,wuhan-telecom,48.1831,0.0,icmp,1591878420,2020-06-11 12:27:00+00:00
101662129,jinan-telecom,wuhan-telecom,46.3284,0.0,icmp,1591878540,2020-06-11 12:29:00+00:00
101662370,jinan-telecom,wuhan-telecom,48.9392,0.0,icmp,1591878660,2020-06-11 12:31:00+00:00
101662607,jinan-telecom,wuhan-telecom,46.1694,0.0,icmp,1591878780,2020-06-11 12:33:00+00:00
101662832,jinan-telecom,wuhan-telecom,41.9282,0.0,icmp,1591878900,2020-06-11 12:35:00+00:00
101663059,jinan-telecom,wuhan-telecom,47.7893,0.0,icmp,1591879020,2020-06-11 12:37:00+00:00
101663290,jinan-telecom,wuhan-telecom,48.0597,0.0,icmp,1591879140,2020-06-11 12:39:00+00:00
101663520,jinan-telecom,wuhan-telecom,46.5957,0.0,icmp,1591879260,2020-06-11 12:41:00+00:00
101663759,jinan-telecom,wuhan-telecom,39.3338,0.0,icmp,1591879339,2020-06-11 12:42:19+00:00
101663959,jinan-telecom,wuhan-telecom,42.7785,0.0,icmp,1591879500,2020-06-11 12:45:00+00:00
101664201,jinan-telecom,wuhan-telecom,39.506,0.0,icmp,1591879579,2020-06-11 12:46:19+00:00
101664421,jinan-telecom,wuhan-telecom,39.5063,0.0,icmp,1591879699,2020-06-11 12:48:19+00:00
101664661,jinan-telecom,wuhan-telecom,46.3643,0.0,icmp,1591879860,2020-06-11 12:51:00+00:00
101664892,jinan-telecom,wuhan-telecom,42.1817,0.0,icmp,1591879980,2020-06-11 12:53:00+00:00
101665108,jinan-telecom,wuhan-telecom,47.5263,0.0,icmp,1591880100,2020-06-11 12:55:00+00:00
101665343,jinan-telecom,wuhan-telecom,46.3193,0.0,icmp,1591880220,2020-06-11 12:57:00+00:00
101665566,jinan-telecom,wuhan-telecom,48.5697,0.0,icmp,1591880340,2020-06-11 12:59:00+00:00
101665816,jinan-telecom,wuhan-telecom,46.6123,0.0,icmp,1591880460,2020-06-11 13:01:00+00:00
101666038,jinan-telecom,wuhan-telecom,39.3567,0.0,icmp,1591880539,2020-06-11 13:02:19+00:00
101666267,jinan-telecom,wuhan-telecom,47.7987,0.0,icmp,1591880700,2020-06-11 13:05:00+00:00
101666486,jinan-telecom,wuhan-telecom,42.8162,0.0,icmp,1591880820,2020-06-11 13:07:00+00:00
101666713,jinan-telecom,wuhan-telecom,46.6454,0.0,icmp,1591880940,2020-06-11 13:09:00+00:00
101666962,jinan-telecom,wuhan-telecom,46.7327,0.0,icmp,1591881060,2020-06-11 13:11:00+00:00
101667192,jinan-telecom,wuhan-telecom,46.2798,0.0,icmp,1591881180,2020-06-11 13:13:00+00:00
101667433,jinan-telecom,wuhan-telecom,39.3601,0.0,icmp,1591881319,2020-06-11 13:15:19+00:00
101667627,jinan-telecom,wuhan-telecom,46.198,0.0,icmp,1591881420,2020-06-11 13:17:00+00:00
101667870,jinan-telecom,wuhan-telecom,39.3583,0.0,icmp,1591881559,2020-06-11 13:19:19+00:00
101668094,jinan-telecom,wuhan-telecom,48.2991,0.0,icmp,1591881660,2020-06-11 13:21:00+00:00
101668320,jinan-telecom,wuhan-telecom,46.4544,0.0,icmp,1591881780,2020-06-11 13:23:00+00:00
101668558,jinan-telecom,wuhan-telecom,46.2585,0.0,icmp,1591881900,2020-06-11 13:25:00+00:00
101668772,jinan-telecom,wuhan-telecom,45.4235,0.0,icmp,1591882020,2020-06-11 13:27:00+00:00
101669012,jinan-telecom,wuhan-telecom,47.1636,0.0,icmp,1591882140,2020-06-11 13:29:00+00:00
101669228,jinan-telecom,wuhan-telecom,47.1929,0.0,icmp,1591882260,2020-06-11 13:31:00+00:00
101669481,jinan-telecom,wuhan-telecom,45.3398,0.0,icmp,1591882380,2020-06-11 13:33:00+00:00
101669700,jinan-telecom,wuhan-telecom,45.5028,0.0,icmp,1591882500,2020-06-11 13:35:00+00:00
101669927,jinan-telecom,wuhan-telecom,44.0302,0.0,icmp,1591882620,2020-06-11 13:37:00+00:00
101670152,jinan-telecom,wuhan-telecom,44.712,0.0,icmp,1591882740,2020-06-11 13:39:00+00:00
101670369,jinan-telecom,wuhan-telecom,39.4672,0.0,icmp,1591882804,2020-06-11 13:40:04+00:00
101670610,jinan-telecom,wuhan-telecom,47.1165,0.0,icmp,1591882980,2020-06-11 13:43:00+00:00
101670823,jinan-telecom,wuhan-telecom,39.3888,0.0,icmp,1591883059,2020-06-11 13:44:19+00:00
101671073,jinan-telecom,wuhan-telecom,47.0379,0.0,icmp,1591883220,2020-06-11 13:47:00+00:00
101671294,jinan-telecom,wuhan-telecom,47.8717,0.0,icmp,1591883340,2020-06-11 13:49:00+00:00
101671510,jinan-telecom,wuhan-telecom,46.7124,0.0,icmp,1591883460,2020-06-11 13:51:00+00:00
101671757,jinan-telecom,wuhan-telecom,48.3895,0.0,icmp,1591883580,2020-06-11 13:53:00+00:00
101671985,jinan-telecom,wuhan-telecom,39.4189,0.0,icmp,1591883659,2020-06-11 13:54:19+00:00
101672212,jinan-telecom,wuhan-telecom,39.3617,0.0,icmp,1591883779,2020-06-11 13:56:19+00:00
101672455,jinan-telecom,wuhan-telecom,39.4345,0.0,icmp,1591883959,2020-06-11 13:59:19+00:00
101672688,jinan-telecom,wuhan-telecom,46.5923,0.0,icmp,1591884060,2020-06-11 14:01:00+00:00
101672896,jinan-telecom,wuhan-telecom,48.7061,0.0,icmp,1591884180,2020-06-11 14:03:00+00:00
101673123,jinan-telecom,wuhan-telecom,39.3493,0.0,icmp,1591884259,2020-06-11 14:04:19+00:00
101673370,jinan-telecom,wuhan-telecom,45.4636,0.0,icmp,1591884420,2020-06-11 14:07:00+00:00
101673585,jinan-telecom,wuhan-telecom,39.3445,0.0,icmp,1591884499,2020-06-11 14:08:19+00:00
101673835,jinan-telecom,wuhan-telecom,48.2275,0.0,icmp,1591884660,2020-06-11 14:11:00+00:00
101674052,jinan-telecom,wuhan-telecom,46.7565,0.0,icmp,1591884780,2020-06-11 14:13:00+00:00
101674263,jinan-telecom,wuhan-telecom,46.8936,0.0,icmp,1591884900,2020-06-11 14:15:00+00:00
101674507,jinan-telecom,wuhan-telecom,39.3299,0.0,icmp,1591884979,2020-06-11 14:16:19+00:00
101674734,jinan-telecom,wuhan-telecom,47.6692,0.0,icmp,1591885140,2020-06-11 14:19:00+00:00
101674953,jinan-telecom,wuhan-telecom,39.3301,0.0,icmp,1591885279,2020-06-11 14:21:19+00:00
101675180,jinan-telecom,wuhan-telecom,46.5005,0.0,icmp,1591885380,2020-06-11 14:23:00+00:00
101675416,jinan-telecom,wuhan-telecom,48.0982,0.0,icmp,1591885500,2020-06-11 14:25:00+00:00
101675671,jinan-telecom,wuhan-telecom,48.0145,0.0,icmp,1591885620,2020-06-11 14:27:00+00:00
101675888,jinan-telecom,wuhan-telecom,47.4793,0.0,icmp,1591885740,2020-06-11 14:29:00+00:00
101676116,jinan-telecom,wuhan-telecom,47.0531,0.0,icmp,1591885860,2020-06-11 14:31:00+00:00
101676340,jinan-telecom,wuhan-telecom,39.332,0.0,icmp,1591885999,2020-06-11 14:33:19+00:00
101676567,jinan-telecom,wuhan-telecom,47.1759,0.0,icmp,1591886100,2020-06-11 14:35:00+00:00
101676783,jinan-telecom,wuhan-telecom,46.8395,0.0,icmp,1591886220,2020-06-11 14:37:00+00:00
101677024,jinan-telecom,wuhan-telecom,39.5696,0.0,icmp,1591886299,2020-06-11 14:38:19+00:00
101677303,jinan-telecom,wuhan-telecom,47.6652,0.0,icmp,1591886460,2020-06-11 14:41:00+00:00
101677480,jinan-telecom,wuhan-telecom,46.4052,0.0,icmp,1591886580,2020-06-11 14:43:00+00:00
101677716,jinan-telecom,wuhan-telecom,46.7735,0.0,icmp,1591886700,2020-06-11 14:45:00+00:00
101677965,jinan-telecom,wuhan-telecom,46.181,0.0,icmp,1591886820,2020-06-11 14:47:00+00:00
101678182,jinan-telecom,wuhan-telecom,43.85,0.0,icmp,1591886940,2020-06-11 14:49:00+00:00
101678431,jinan-telecom,wuhan-telecom,40.556,0.0,icmp,1591887060,2020-06-11 14:51:00+00:00
101678609,jinan-telecom,wuhan-telecom,47.2953,0.0,icmp,1591887180,2020-06-11 14:53:00+00:00
101678856,jinan-telecom,wuhan-telecom,48.8056,0.0,icmp,1591887300,2020-06-11 14:55:00+00:00
101679073,jinan-telecom,wuhan-telecom,47.2494,0.0,icmp,1591887420,2020-06-11 14:57:00+00:00
101679334,jinan-telecom,wuhan-telecom,48.0512,0.0,icmp,1591887540,2020-06-11 14:59:00+00:00
101679543,jinan-telecom,wuhan-telecom,48.8868,0.0,icmp,1591887660,2020-06-11 15:01:00+00:00
101679780,jinan-telecom,wuhan-telecom,39.4322,0.0,icmp,1591887799,2020-06-11 15:03:19+00:00
101680007,jinan-telecom,wuhan-telecom,47.9435,0.0,icmp,1591887900,2020-06-11 15:05:00+00:00
101680220,jinan-telecom,wuhan-telecom,47.6094,0.0,icmp,1591888020,2020-06-11 15:07:00+00:00
101680442,jinan-telecom,wuhan-telecom,45.8972,0.0,icmp,1591888140,2020-06-11 15:09:00+00:00
101680682,jinan-telecom,wuhan-telecom,49.0683,0.0,icmp,1591888260,2020-06-11 15:11:00+00:00
101680907,jinan-telecom,wuhan-telecom,46.4192,0.0,icmp,1591888380,2020-06-11 15:13:00+00:00
101681155,jinan-telecom,wuhan-telecom,45.241,0.0,icmp,1591888500,2020-06-11 15:15:00+00:00
101681369,jinan-telecom,wuhan-telecom,47.5881,0.0,icmp,1591888620,2020-06-11 15:17:00+00:00
101681602,jinan-telecom,wuhan-telecom,48.1685,1.0,icmp,1591888740,2020-06-11 15:19:00+00:00
101681851,jinan-telecom,wuhan-telecom,49.117,0.0,icmp,1591888860,2020-06-11 15:21:00+00:00
101682055,jinan-telecom,wuhan-telecom,39.8453,0.0,icmp,1591888999,2020-06-11 15:23:19+00:00
101682304,jinan-telecom,wuhan-telecom,48.4672,0.0,icmp,1591889100,2020-06-11 15:25:00+00:00
101682525,jinan-telecom,wuhan-telecom,39.7389,0.0,icmp,1591889239,2020-06-11 15:27:19+00:00
101682751,jinan-telecom,wuhan-telecom,39.6407,0.0,icmp,1591889359,2020-06-11 15:29:19+00:00
101682992,jinan-telecom,wuhan-telecom,47.1689,0.0,icmp,1591889460,2020-06-11 15:31:00+00:00
101683212,jinan-telecom,wuhan-telecom,48.7417,0.0,icmp,1591889580,2020-06-11 15:33:00+00:00
101683439,jinan-telecom,wuhan-telecom,48.2738,0.0,icmp,1591889700,2020-06-11 15:35:00+00:00
101683658,jinan-telecom,wuhan-telecom,46.7335,0.0,icmp,1591889820,2020-06-11 15:37:00+00:00
101683882,jinan-telecom,wuhan-telecom,39.5505,0.0,icmp,1591889959,2020-06-11 15:39:19+00:00
101684115,jinan-telecom,wuhan-telecom,49.6941,0.0,icmp,1591890060,2020-06-11 15:41:00+00:00
101684343,jinan-telecom,wuhan-telecom,49.8945,0.0,icmp,1591890180,2020-06-11 15:43:00+00:00
101684584,jinan-telecom,wuhan-telecom,39.4744,0.0,icmp,1591890259,2020-06-11 15:44:19+00:00
101684795,jinan-telecom,wuhan-telecom,49.42,0.0,icmp,1591890420,2020-06-11 15:47:00+00:00
101685047,jinan-telecom,wuhan-telecom,40.456,0.0,icmp,1591890540,2020-06-11 15:49:00+00:00
101685286,jinan-telecom,wuhan-telecom,39.4464,0.0,icmp,1591890619,2020-06-11 15:50:19+00:00
101685503,jinan-telecom,wuhan-telecom,39.433,0.0,icmp,1591890739,2020-06-11 15:52:19+00:00
101685723,jinan-telecom,wuhan-telecom,46.0439,0.0,icmp,1591890900,2020-06-11 15:55:00+00:00
101685952,jinan-telecom,wuhan-telecom,48.7632,0.0,icmp,1591891020,2020-06-11 15:57:00+00:00
101686198,jinan-telecom,wuhan-telecom,46.3166,0.0,icmp,1591891140,2020-06-11 15:59:00+00:00
101686418,jinan-telecom,wuhan-telecom,48.9638,0.0,icmp,1591891260,2020-06-11 16:01:00+00:00
101686630,jinan-telecom,wuhan-telecom,48.9428,0.0,icmp,1591891380,2020-06-11 16:03:00+00:00
101686873,jinan-telecom,wuhan-telecom,41.979,0.0,icmp,1591891500,2020-06-11 16:05:00+00:00
101687087,jinan-telecom,wuhan-telecom,39.4009,0.0,icmp,1591891639,2020-06-11 16:07:19+00:00
101687344,jinan-telecom,wuhan-telecom,48.7396,0.0,icmp,1591891740,2020-06-11 16:09:00+00:00
101687553,jinan-telecom,wuhan-telecom,46.0677,0.0,icmp,1591891860,2020-06-11 16:11:00+00:00
101687785,jinan-telecom,wuhan-telecom,45.85,0.0,icmp,1591891980,2020-06-11 16:13:00+00:00
101688003,jinan-telecom,wuhan-telecom,46.5988,0.0,icmp,1591892100,2020-06-11 16:15:00+00:00
101688263,jinan-telecom,wuhan-telecom,43.8177,0.0,icmp,1591892220,2020-06-11 16:17:00+00:00
101688473,jinan-telecom,wuhan-telecom,48.2273,0.0,icmp,1591892340,2020-06-11 16:19:00+00:00
101688712,jinan-telecom,wuhan-telecom,45.0565,0.0,icmp,1591892460,2020-06-11 16:21:00+00:00
101688907,jinan-telecom,wuhan-telecom,39.467,0.0,icmp,1591892585,2020-06-11 16:23:05+00:00
101689153,jinan-telecom,wuhan-telecom,46.7109,0.0,icmp,1591892700,2020-06-11 16:25:00+00:00
101689396,jinan-telecom,wuhan-telecom,39.4642,0.0,icmp,1591892839,2020-06-11 16:27:19+00:00
101689619,jinan-telecom,wuhan-telecom,45.764,0.0,icmp,1591892940,2020-06-11 16:29:00+00:00
101689835,jinan-telecom,wuhan-telecom,49.8647,0.0,icmp,1591893060,2020-06-11 16:31:00+00:00
101690078,jinan-telecom,wuhan-telecom,39.3428,0.0,icmp,1591893199,2020-06-11 16:33:19+00:00
101690308,jinan-telecom,wuhan-telecom,45.6987,0.0,icmp,1591893300,2020-06-11 16:35:00+00:00
101690548,jinan-telecom,wuhan-telecom,47.8299,0.0,icmp,1591893420,2020-06-11 16:37:00+00:00
101690770,jinan-telecom,wuhan-telecom,48.1072,0.0,icmp,1591893540,2020-06-11 16:39:00+00:00
101690983,jinan-telecom,wuhan-telecom,48.847,0.0,icmp,1591893660,2020-06-11 16:41:00+00:00
101691237,jinan-telecom,wuhan-telecom,48.7462,0.0,icmp,1591893780,2020-06-11 16:43:00+00:00
101691454,jinan-telecom,wuhan-telecom,45.8889,0.0,icmp,1591893900,2020-06-11 16:45:00+00:00
101691671,jinan-telecom,wuhan-telecom,46.3484,0.0,icmp,1591894020,2020-06-11 16:47:00+00:00
101691930,jinan-telecom,wuhan-telecom,39.3251,0.0,icmp,1591894159,2020-06-11 16:49:19+00:00
101692141,jinan-telecom,wuhan-telecom,45.8829,0.0,icmp,1591894260,2020-06-11 16:51:00+00:00
101692372,jinan-telecom,wuhan-telecom,40.4139,0.0,icmp,1591894380,2020-06-11 16:53:00+00:00
101692615,jinan-telecom,wuhan-telecom,46.8553,0.0,icmp,1591894500,2020-06-11 16:55:00+00:00
101692840,jinan-telecom,wuhan-telecom,39.4083,0.0,icmp,1591894579,2020-06-11 16:56:19+00:00
101693058,jinan-telecom,wuhan-telecom,48.5462,0.0,icmp,1591894740,2020-06-11 16:59:00+00:00
101693288,jinan-telecom,wuhan-telecom,47.7282,0.0,icmp,1591894860,2020-06-11 17:01:00+00:00
101693520,jinan-telecom,wuhan-telecom,39.637,0.0,icmp,1591894980,2020-06-11 17:03:00+00:00
101693738,jinan-telecom,wuhan-telecom,47.4596,0.0,icmp,1591895100,2020-06-11 17:05:00+00:00
101693966,jinan-telecom,wuhan-telecom,49.6513,0.0,icmp,1591895220,2020-06-11 17:07:00+00:00
101694192,jinan-telecom,wuhan-telecom,42.5659,0.0,icmp,1591895345,2020-06-11 17:09:05+00:00
101694422,jinan-telecom,wuhan-telecom,49.2623,0.0,icmp,1591895460,2020-06-11 17:11:00+00:00
101694667,jinan-telecom,wuhan-telecom,47.4247,0.0,icmp,1591895580,2020-06-11 17:13:00+00:00
101694866,jinan-telecom,wuhan-telecom,39.607,0.0,icmp,1591895719,2020-06-11 17:15:19+00:00
101695101,jinan-telecom,wuhan-telecom,45.4716,0.0,icmp,1591895820,2020-06-11 17:17:00+00:00
101695358,jinan-telecom,wuhan-telecom,45.7944,0.0,icmp,1591895940,2020-06-11 17:19:00+00:00
101695586,jinan-telecom,wuhan-telecom,47.0476,0.0,icmp,1591896060,2020-06-11 17:21:00+00:00
101695812,jinan-telecom,wuhan-telecom,39.3829,0.0,icmp,1591896139,2020-06-11 17:22:19+00:00
101696029,jinan-telecom,wuhan-telecom,45.1701,0.0,icmp,1591896300,2020-06-11 17:25:00+00:00
101696240,jinan-telecom,wuhan-telecom,46.9557,0.0,icmp,1591896420,2020-06-11 17:27:00+00:00
101696500,jinan-telecom,wuhan-telecom,39.5143,0.0,icmp,1591896499,2020-06-11 17:28:19+00:00
101696728,jinan-telecom,wuhan-telecom,48.2033,0.0,icmp,1591896660,2020-06-11 17:31:00+00:00
101696954,jinan-telecom,wuhan-telecom,47.7866,0.0,icmp,1591896780,2020-06-11 17:33:00+00:00
101697194,jinan-telecom,wuhan-telecom,41.8856,0.0,icmp,1591896900,2020-06-11 17:35:00+00:00
101697392,jinan-telecom,wuhan-telecom,48.5854,0.0,icmp,1591897020,2020-06-11 17:37:00+00:00
101697648,jinan-telecom,wuhan-telecom,46.8159,0.0,icmp,1591897140,2020-06-11 17:39:00+00:00
101697872,jinan-telecom,wuhan-telecom,39.4623,0.0,icmp,1591897279,2020-06-11 17:41:19+00:00
101698095,jinan-telecom,wuhan-telecom,47.0557,0.0,icmp,1591897380,2020-06-11 17:43:00+00:00
101698326,jinan-telecom,wuhan-telecom,44.395,0.0,icmp,1591897500,2020-06-11 17:45:00+00:00
101698553,jinan-telecom,wuhan-telecom,47.3472,0.0,icmp,1591897620,2020-06-11 17:47:00+00:00
101698764,jinan-telecom,wuhan-telecom,46.9616,0.0,icmp,1591897740,2020-06-11 17:49:00+00:00
101699000,jinan-telecom,wuhan-telecom,47.8326,0.0,icmp,1591897860,2020-06-11 17:51:00+00:00
101699211,jinan-telecom,wuhan-telecom,46.8343,0.0,icmp,1591897980,2020-06-11 17:53:00+00:00
101699452,jinan-telecom,wuhan-telecom,45.4973,0.0,icmp,1591898100,2020-06-11 17:55:00+00:00
101699681,jinan-telecom,wuhan-telecom,41.4743,0.0,icmp,1591898220,2020-06-11 17:57:00+00:00
101699922,jinan-telecom,wuhan-telecom,47.2145,0.0,icmp,1591898340,2020-06-11 17:59:00+00:00
101700145,jinan-telecom,wuhan-telecom,39.378,0.0,icmp,1591898419,2020-06-11 18:00:19+00:00
101700365,jinan-telecom,wuhan-telecom,39.3581,0.0,icmp,1591898539,2020-06-11 18:02:19+00:00
101700589,jinan-telecom,wuhan-telecom,47.1505,0.0,icmp,1591898700,2020-06-11 18:05:00+00:00
101700809,jinan-telecom,wuhan-telecom,46.5295,0.0,icmp,1591898820,2020-06-11 18:07:00+00:00
101701034,jinan-telecom,wuhan-telecom,46.046,0.0,icmp,1591898940,2020-06-11 18:09:00+00:00
101701283,jinan-telecom,wuhan-telecom,39.5943,0.0,icmp,1591899019,2020-06-11 18:10:19+00:00
101701486,jinan-telecom,wuhan-telecom,45.8374,0.0,icmp,1591899180,2020-06-11 18:13:00+00:00
101701716,jinan-telecom,wuhan-telecom,46.5862,0.0,icmp,1591899300,2020-06-11 18:15:00+00:00
101701945,jinan-telecom,wuhan-telecom,40.9579,0.0,icmp,1591899420,2020-06-11 18:17:00+00:00
101702177,jinan-telecom,wuhan-telecom,39.3302,0.0,icmp,1591899559,2020-06-11 18:19:19+00:00
101702403,jinan-telecom,wuhan-telecom,44.7132,0.0,icmp,1591899660,2020-06-11 18:21:00+00:00
101702619,jinan-telecom,wuhan-telecom,46.6387,0.0,icmp,1591899780,2020-06-11 18:23:00+00:00
101702844,jinan-telecom,wuhan-telecom,39.4168,0.0,icmp,1591899859,2020-06-11 18:24:19+00:00
101703073,jinan-telecom,wuhan-telecom,39.3299,0.0,icmp,1591900039,2020-06-11 18:27:19+00:00
101703302,jinan-telecom,wuhan-telecom,44.0058,0.0,icmp,1591900140,2020-06-11 18:29:00+00:00
101703547,jinan-telecom,wuhan-telecom,46.0856,0.0,icmp,1591900260,2020-06-11 18:31:00+00:00
101703764,jinan-telecom,wuhan-telecom,39.7091,0.0,icmp,1591900339,2020-06-11 18:32:19+00:00
101704000,jinan-telecom,wuhan-telecom,39.5601,0.0,icmp,1591900459,2020-06-11 18:34:19+00:00
101704231,jinan-telecom,wuhan-telecom,50.0382,0.0,icmp,1591900620,2020-06-11 18:37:00+00:00
101704453,jinan-telecom,wuhan-telecom,45.8002,0.0,icmp,1591900740,2020-06-11 18:39:00+00:00
101704668,jinan-telecom,wuhan-telecom,42.0247,0.0,icmp,1591900860,2020-06-11 18:41:00+00:00
101704917,jinan-telecom,wuhan-telecom,45.9577,0.0,icmp,1591900980,2020-06-11 18:43:00+00:00
101705143,jinan-telecom,wuhan-telecom,39.2998,0.0,icmp,1591901119,2020-06-11 18:45:19+00:00
101705347,jinan-telecom,wuhan-telecom,45.3175,0.0,icmp,1591901220,2020-06-11 18:47:00+00:00
101705582,jinan-telecom,wuhan-telecom,44.3314,0.0,icmp,1591901340,2020-06-11 18:49:00+00:00
101705797,jinan-telecom,wuhan-telecom,45.8144,0.0,icmp,1591901460,2020-06-11 18:51:00+00:00
101706042,jinan-telecom,wuhan-telecom,47.0219,0.0,icmp,1591901580,2020-06-11 18:53:00+00:00
101706264,jinan-telecom,wuhan-telecom,45.1171,0.0,icmp,1591901700,2020-06-11 18:55:00+00:00
101706481,jinan-telecom,wuhan-telecom,47.7884,0.0,icmp,1591901820,2020-06-11 18:57:00+00:00
101706718,jinan-telecom,wuhan-telecom,45.2401,0.0,icmp,1591901944,2020-06-11 18:59:04+00:00
101706948,jinan-telecom,wuhan-telecom,45.4062,0.0,icmp,1591902060,2020-06-11 19:01:00+00:00
101707160,jinan-telecom,wuhan-telecom,46.1988,0.0,icmp,1591902180,2020-06-11 19:03:00+00:00
101707409,jinan-telecom,wuhan-telecom,41.8611,0.0,icmp,1591902300,2020-06-11 19:05:00+00:00
101707639,jinan-telecom,wuhan-telecom,46.3721,0.0,icmp,1591902420,2020-06-11 19:07:00+00:00
101707869,jinan-telecom,wuhan-telecom,39.3428,0.0,icmp,1591902559,2020-06-11 19:09:19+00:00
101708091,jinan-telecom,wuhan-telecom,47.5851,0.0,icmp,1591902660,2020-06-11 19:11:00+00:00
101708311,jinan-telecom,wuhan-telecom,46.4988,0.0,icmp,1591902780,2020-06-11 19:13:00+00:00
101708534,jinan-telecom,wuhan-telecom,48.0031,0.0,icmp,1591902900,2020-06-11 19:15:00+00:00
101708762,jinan-telecom,wuhan-telecom,47.9033,0.0,icmp,1591903020,2020-06-11 19:17:00+00:00
101709001,jinan-telecom,wuhan-telecom,47.1019,0.0,icmp,1591903140,2020-06-11 19:19:00+00:00
101709236,jinan-telecom,wuhan-telecom,47.5517,0.0,icmp,1591903260,2020-06-11 19:21:00+00:00
101709463,jinan-telecom,wuhan-telecom,39.319,0.0,icmp,1591903399,2020-06-11 19:23:19+00:00
101709703,jinan-telecom,wuhan-telecom,47.8144,0.0,icmp,1591903500,2020-06-11 19:25:00+00:00
101709908,jinan-telecom,wuhan-telecom,39.3314,0.0,icmp,1591903639,2020-06-11 19:27:19+00:00
101710136,jinan-telecom,wuhan-telecom,47.3019,0.0,icmp,1591903740,2020-06-11 19:29:00+00:00
101710365,jinan-telecom,wuhan-telecom,47.5515,0.0,icmp,1591903860,2020-06-11 19:31:00+00:00
101710606,jinan-telecom,wuhan-telecom,46.4604,0.0,icmp,1591903980,2020-06-11 19:33:00+00:00
101710824,jinan-telecom,wuhan-telecom,47.2644,0.0,icmp,1591904100,2020-06-11 19:35:00+00:00
101711055,jinan-telecom,wuhan-telecom,47.1692,0.0,icmp,1591904220,2020-06-11 19:37:00+00:00
101711292,jinan-telecom,wuhan-telecom,39.4658,0.0,icmp,1591904344,2020-06-11 19:39:04+00:00
101711531,jinan-telecom,wuhan-telecom,46.0549,0.0,icmp,1591904460,2020-06-11 19:41:00+00:00
101711748,jinan-telecom,wuhan-telecom,44.5494,0.0,icmp,1591904580,2020-06-11 19:43:00+00:00
101711970,jinan-telecom,wuhan-telecom,39.3316,0.0,icmp,1591904719,2020-06-11 19:45:19+00:00
101712195,jinan-telecom,wuhan-telecom,44.942,0.0,icmp,1591904820,2020-06-11 19:47:00+00:00
101712425,jinan-telecom,wuhan-telecom,39.3272,0.0,icmp,1591904959,2020-06-11 19:49:19+00:00
101712681,jinan-telecom,wuhan-telecom,45.9448,0.0,icmp,1591905060,2020-06-11 19:51:00+00:00
101712908,jinan-telecom,wuhan-telecom,46.3717,0.0,icmp,1591905180,2020-06-11 19:53:00+00:00
101713121,jinan-telecom,wuhan-telecom,39.4873,0.0,icmp,1591905259,2020-06-11 19:54:19+00:00
101713358,jinan-telecom,wuhan-telecom,48.2958,0.0,icmp,1591905420,2020-06-11 19:57:00+00:00
101713589,jinan-telecom,wuhan-telecom,46.5818,0.0,icmp,1591905540,2020-06-11 19:59:00+00:00
101713810,jinan-telecom,wuhan-telecom,47.0414,0.0,icmp,1591905660,2020-06-11 20:01:00+00:00
101714046,jinan-telecom,wuhan-telecom,46.7205,0.0,icmp,1591905780,2020-06-11 20:03:00+00:00
101714281,jinan-telecom,wuhan-telecom,39.3412,0.0,icmp,1591905919,2020-06-11 20:05:19+00:00
101714509,jinan-telecom,wuhan-telecom,48.3772,0.0,icmp,1591906020,2020-06-11 20:07:00+00:00
101714710,jinan-telecom,wuhan-telecom,48.5186,0.0,icmp,1591906140,2020-06-11 20:09:00+00:00
101714954,jinan-telecom,wuhan-telecom,39.3998,0.0,icmp,1591906205,2020-06-11 20:10:05+00:00
101715197,jinan-telecom,wuhan-telecom,48.3898,0.0,icmp,1591906380,2020-06-11 20:13:00+00:00
101715415,jinan-telecom,wuhan-telecom,46.7732,0.0,icmp,1591906500,2020-06-11 20:15:00+00:00
101715634,jinan-telecom,wuhan-telecom,46.5216,0.0,icmp,1591906620,2020-06-11 20:17:00+00:00
101715887,jinan-telecom,wuhan-telecom,39.3997,0.0,icmp,1591906684,2020-06-11 20:18:04+00:00
101716100,jinan-telecom,wuhan-telecom,46.2965,0.0,icmp,1591906860,2020-06-11 20:21:00+00:00
101716339,jinan-telecom,wuhan-telecom,47.277,0.0,icmp,1591906980,2020-06-11 20:23:00+00:00
101716568,jinan-telecom,wuhan-telecom,47.4156,0.0,icmp,1591907100,2020-06-11 20:25:00+00:00
101716781,jinan-telecom,wuhan-telecom,40.6618,0.0,icmp,1591907220,2020-06-11 20:27:00+00:00
101717008,jinan-telecom,wuhan-telecom,49.8242,0.0,icmp,1591907340,2020-06-11 20:29:00+00:00
101717263,jinan-telecom,wuhan-telecom,39.8415,0.0,icmp,1591907419,2020-06-11 20:30:19+00:00
101717477,jinan-telecom,wuhan-telecom,39.3054,0.0,icmp,1591907599,2020-06-11 20:33:19+00:00
101717689,jinan-telecom,wuhan-telecom,48.4645,0.0,icmp,1591907700,2020-06-11 20:35:00+00:00
101717939,jinan-telecom,wuhan-telecom,39.5031,0.0,icmp,1591907839,2020-06-11 20:37:19+00:00
101718150,jinan-telecom,wuhan-telecom,46.9163,0.0,icmp,1591907940,2020-06-11 20:39:00+00:00
101718425,jinan-telecom,wuhan-telecom,39.4917,0.0,icmp,1591908079,2020-06-11 20:41:19+00:00
101718627,jinan-telecom,wuhan-telecom,46.6172,0.0,icmp,1591908180,2020-06-11 20:43:00+00:00
101718834,jinan-telecom,wuhan-telecom,47.4799,0.0,icmp,1591908300,2020-06-11 20:45:00+00:00
101719094,jinan-telecom,wuhan-telecom,49.676,0.0,icmp,1591908420,2020-06-11 20:47:00+00:00
101719308,jinan-telecom,wuhan-telecom,42.5376,0.0,icmp,1591908540,2020-06-11 20:49:00+00:00
101719522,jinan-telecom,wuhan-telecom,45.4484,0.0,icmp,1591908660,2020-06-11 20:51:00+00:00
101719761,jinan-telecom,wuhan-telecom,47.2345,0.0,icmp,1591908780,2020-06-11 20:53:00+00:00
101719990,jinan-telecom,wuhan-telecom,39.4821,0.0,icmp,1591908859,2020-06-11 20:54:19+00:00
101720210,jinan-telecom,wuhan-telecom,47.2321,0.0,icmp,1591909020,2020-06-11 20:57:00+00:00
101720444,jinan-telecom,wuhan-telecom,47.3947,0.0,icmp,1591909140,2020-06-11 20:59:00+00:00
101720680,jinan-telecom,wuhan-telecom,47.8457,0.0,icmp,1591909260,2020-06-11 21:01:00+00:00
101720899,jinan-telecom,wuhan-telecom,46.7403,0.0,icmp,1591909380,2020-06-11 21:03:00+00:00
101721126,jinan-telecom,wuhan-telecom,39.5039,0.0,icmp,1591909444,2020-06-11 21:04:04+00:00
101721363,jinan-telecom,wuhan-telecom,47.2096,0.0,icmp,1591909620,2020-06-11 21:07:00+00:00
101721599,jinan-telecom,wuhan-telecom,47.3027,0.0,icmp,1591909740,2020-06-11 21:09:00+00:00
101721839,jinan-telecom,wuhan-telecom,47.8241,0.0,icmp,1591909860,2020-06-11 21:11:00+00:00
101722068,jinan-telecom,wuhan-telecom,45.4878,0.0,icmp,1591909980,2020-06-11 21:13:00+00:00
101722267,jinan-telecom,wuhan-telecom,47.5856,0.0,icmp,1591910100,2020-06-11 21:15:00+00:00
101722511,jinan-telecom,wuhan-telecom,47.8297,0.0,icmp,1591910220,2020-06-11 21:17:00+00:00
101722739,jinan-telecom,wuhan-telecom,46.1704,0.0,icmp,1591910340,2020-06-11 21:19:00+00:00
101722966,jinan-telecom,wuhan-telecom,47.429,0.0,icmp,1591910460,2020-06-11 21:21:00+00:00
101723203,jinan-telecom,wuhan-telecom,45.5942,0.0,icmp,1591910580,2020-06-11 21:23:00+00:00
101723437,jinan-telecom,wuhan-telecom,45.8444,0.0,icmp,1591910700,2020-06-11 21:25:00+00:00
101723666,jinan-telecom,wuhan-telecom,47.0396,0.0,icmp,1591910820,2020-06-11 21:27:00+00:00
101723871,jinan-telecom,wuhan-telecom,45.3145,0.0,icmp,1591910940,2020-06-11 21:29:00+00:00
101724121,jinan-telecom,wuhan-telecom,47.0137,0.0,icmp,1591911060,2020-06-11 21:31:00+00:00
101724338,jinan-telecom,wuhan-telecom,46.8476,0.0,icmp,1591911180,2020-06-11 21:33:00+00:00
101724585,jinan-telecom,wuhan-telecom,39.556,0.0,icmp,1591911259,2020-06-11 21:34:19+00:00
101724809,jinan-telecom,wuhan-telecom,48.0815,0.0,icmp,1591911420,2020-06-11 21:37:00+00:00
101725014,jinan-telecom,wuhan-telecom,46.5188,0.0,icmp,1591911540,2020-06-11 21:39:00+00:00
101725262,jinan-telecom,wuhan-telecom,48.9637,0.0,icmp,1591911660,2020-06-11 21:41:00+00:00
101725484,jinan-telecom,wuhan-telecom,47.9888,0.0,icmp,1591911780,2020-06-11 21:43:00+00:00
101725731,jinan-telecom,wuhan-telecom,48.3715,0.0,icmp,1591911900,2020-06-11 21:45:00+00:00
101725951,jinan-telecom,wuhan-telecom,44.2835,0.0,icmp,1591912020,2020-06-11 21:47:00+00:00
101726172,jinan-telecom,wuhan-telecom,49.0175,0.0,icmp,1591912140,2020-06-11 21:49:00+00:00
101726397,jinan-telecom,wuhan-telecom,46.0209,0.0,icmp,1591912260,2020-06-11 21:51:00+00:00
101726626,jinan-telecom,wuhan-telecom,46.5814,0.0,icmp,1591912380,2020-06-11 21:53:00+00:00
101726878,jinan-telecom,wuhan-telecom,45.7475,0.0,icmp,1591912500,2020-06-11 21:55:00+00:00
101727092,jinan-telecom,wuhan-telecom,48.0399,0.0,icmp,1591912620,2020-06-11 21:57:00+00:00
101727311,jinan-telecom,wuhan-telecom,39.343,0.0,icmp,1591912699,2020-06-11 21:58:19+00:00
101727536,jinan-telecom,wuhan-telecom,44.8193,0.0,icmp,1591912860,2020-06-11 22:01:00+00:00
101727783,jinan-telecom,wuhan-telecom,39.5429,0.0,icmp,1591912999,2020-06-11 22:03:19+00:00
101728023,jinan-telecom,wuhan-telecom,47.1964,0.0,icmp,1591913100,2020-06-11 22:05:00+00:00
101728241,jinan-telecom,wuhan-telecom,39.4641,0.0,icmp,1591913224,2020-06-11 22:07:04+00:00
101728461,jinan-telecom,wuhan-telecom,42.2914,0.0,icmp,1591913340,2020-06-11 22:09:00+00:00
101728702,jinan-telecom,wuhan-telecom,41.9483,0.0,icmp,1591913460,2020-06-11 22:11:00+00:00
101728921,jinan-telecom,wuhan-telecom,47.6994,0.0,icmp,1591913580,2020-06-11 22:13:00+00:00
101729141,jinan-telecom,wuhan-telecom,39.3153,0.0,icmp,1591913719,2020-06-11 22:15:19+00:00
101729394,jinan-telecom,wuhan-telecom,46.8752,0.0,icmp,1591913820,2020-06-11 22:17:00+00:00
101729613,jinan-telecom,wuhan-telecom,44.8731,0.0,icmp,1591913940,2020-06-11 22:19:00+00:00
101729840,jinan-telecom,wuhan-telecom,41.6019,0.0,icmp,1591914060,2020-06-11 22:21:00+00:00
101730061,jinan-telecom,wuhan-telecom,44.2251,0.0,icmp,1591914180,2020-06-11 22:23:00+00:00
101730293,jinan-telecom,wuhan-telecom,46.343,0.0,icmp,1591914300,2020-06-11 22:25:00+00:00
101730538,jinan-telecom,wuhan-telecom,49.1976,0.0,icmp,1591914420,2020-06-11 22:27:00+00:00
101730756,jinan-telecom,wuhan-telecom,46.0025,0.0,icmp,1591914540,2020-06-11 22:29:00+00:00
101730969,jinan-telecom,wuhan-telecom,48.9267,0.0,icmp,1591914660,2020-06-11 22:31:00+00:00
101731229,jinan-telecom,wuhan-telecom,46.1884,0.0,icmp,1591914780,2020-06-11 22:33:00+00:00
101731451,jinan-telecom,wuhan-telecom,48.483,0.0,icmp,1591914900,2020-06-11 22:35:00+00:00
101731658,jinan-telecom,wuhan-telecom,39.3197,0.0,icmp,1591915039,2020-06-11 22:37:19+00:00
101731900,jinan-telecom,wuhan-telecom,39.3439,0.0,icmp,1591915159,2020-06-11 22:39:19+00:00
101732141,jinan-telecom,wuhan-telecom,48.2085,0.0,icmp,1591915260,2020-06-11 22:41:00+00:00
101732351,jinan-telecom,wuhan-telecom,45.8355,0.0,icmp,1591915380,2020-06-11 22:43:00+00:00
101732578,jinan-telecom,wuhan-telecom,47.5906,0.0,icmp,1591915500,2020-06-11 22:45:00+00:00
101732814,jinan-telecom,wuhan-telecom,39.3622,0.0,icmp,1591915579,2020-06-11 22:46:19+00:00
101733052,jinan-telecom,wuhan-telecom,39.3165,0.0,icmp,1591915759,2020-06-11 22:49:19+00:00
101733298,jinan-telecom,wuhan-telecom,45.9974,0.0,icmp,1591915860,2020-06-11 22:51:00+00:00
101733501,jinan-telecom,wuhan-telecom,48.2747,0.0,icmp,1591915980,2020-06-11 22:53:00+00:00
101733717,jinan-telecom,wuhan-telecom,45.8136,0.0,icmp,1591916100,2020-06-11 22:55:00+00:00
101733957,jinan-telecom,wuhan-telecom,47.6074,0.0,icmp,1591916220,2020-06-11 22:57:00+00:00
101734204,jinan-telecom,wuhan-telecom,47.1773,0.0,icmp,1591916340,2020-06-11 22:59:00+00:00
101734436,jinan-telecom,wuhan-telecom,45.2503,0.0,icmp,1591916460,2020-06-11 23:01:00+00:00
101734657,jinan-telecom,wuhan-telecom,46.9683,0.0,icmp,1591916580,2020-06-11 23:03:00+00:00
101734869,jinan-telecom,wuhan-telecom,47.0327,0.0,icmp,1591916700,2020-06-11 23:05:00+00:00
101735104,jinan-telecom,wuhan-telecom,46.7142,0.0,icmp,1591916820,2020-06-11 23:07:00+00:00
101735346,jinan-telecom,wuhan-telecom,39.3315,0.0,icmp,1591916959,2020-06-11 23:09:19+00:00
101735575,jinan-telecom,wuhan-telecom,48.0213,0.0,icmp,1591917060,2020-06-11 23:11:00+00:00
101735786,jinan-telecom,wuhan-telecom,46.5892,0.0,icmp,1591917180,2020-06-11 23:13:00+00:00
101736029,jinan-telecom,wuhan-telecom,47.5184,0.0,icmp,1591917300,2020-06-11 23:15:00+00:00
101736262,jinan-telecom,wuhan-telecom,46.8064,0.0,icmp,1591917420,2020-06-11 23:17:00+00:00
101736475,jinan-telecom,wuhan-telecom,44.1159,0.0,icmp,1591917540,2020-06-11 23:19:00+00:00
101736722,jinan-telecom,wuhan-telecom,39.3025,0.0,icmp,1591917619,2020-06-11 23:20:19+00:00
101736926,jinan-telecom,wuhan-telecom,47.7842,0.0,icmp,1591917780,2020-06-11 23:23:00+00:00
101737157,jinan-telecom,wuhan-telecom,48.3127,0.0,icmp,1591917900,2020-06-11 23:25:00+00:00
101737391,jinan-telecom,wuhan-telecom,41.043,0.0,icmp,1591918020,2020-06-11 23:27:00+00:00
101737629,jinan-telecom,wuhan-telecom,39.3535,0.0,icmp,1591918099,2020-06-11 23:28:19+00:00
101737868,jinan-telecom,wuhan-telecom,46.5435,0.0,icmp,1591918260,2020-06-11 23:31:00+00:00
101738093,jinan-telecom,wuhan-telecom,45.9286,0.0,icmp,1591918380,2020-06-11 23:33:00+00:00
101738318,jinan-telecom,wuhan-telecom,47.8991,0.0,icmp,1591918500,2020-06-11 23:35:00+00:00
101738544,jinan-telecom,wuhan-telecom,46.6933,0.0,icmp,1591918620,2020-06-11 23:37:00+00:00
101738769,jinan-telecom,wuhan-telecom,39.6487,0.0,icmp,1591918699,2020-06-11 23:38:19+00:00
101739006,jinan-telecom,wuhan-telecom,47.7341,0.0,icmp,1591918860,2020-06-11 23:41:00+00:00
101739234,jinan-telecom,wuhan-telecom,39.3869,0.0,icmp,1591918999,2020-06-11 23:43:19+00:00
101739446,jinan-telecom,wuhan-telecom,46.4955,0.0,icmp,1591919100,2020-06-11 23:45:00+00:00
101739699,jinan-telecom,wuhan-telecom,46.3671,0.0,icmp,1591919220,2020-06-11 23:47:00+00:00
101739926,jinan-telecom,wuhan-telecom,46.298,0.0,icmp,1591919340,2020-06-11 23:49:00+00:00
101740143,jinan-telecom,wuhan-telecom,39.9066,0.0,icmp,1591919419,2020-06-11 23:50:19+00:00
101740386,jinan-telecom,wuhan-telecom,49.7691,0.0,icmp,1591919580,2020-06-11 23:53:00+00:00
101740606,jinan-telecom,wuhan-telecom,47.5794,0.0,icmp,1591919700,2020-06-11 23:55:00+00:00
101740842,jinan-telecom,wuhan-telecom,48.1549,0.0,icmp,1591919820,2020-06-11 23:57:00+00:00
101741053,jinan-telecom,wuhan-telecom,39.3676,0.0,icmp,1591919899,2020-06-11 23:58:19+00:00
101741277,jinan-telecom,wuhan-telecom,39.3209,0.0,icmp,1591920079,2020-06-12 00:01:19+00:00
101741516,jinan-telecom,wuhan-telecom,48.4561,0.0,icmp,1591920180,2020-06-12 00:03:00+00:00
101741739,jinan-telecom,wuhan-telecom,48.072,0.0,icmp,1591920300,2020-06-12 00:05:00+00:00
101741985,jinan-telecom,wuhan-telecom,39.3284,0.0,icmp,1591920439,2020-06-12 00:07:19+00:00
101742214,jinan-telecom,wuhan-telecom,46.0588,0.0,icmp,1591920540,2020-06-12 00:09:00+00:00
101742440,jinan-telecom,wuhan-telecom,39.355,0.0,icmp,1591920619,2020-06-12 00:10:19+00:00
101742660,jinan-telecom,wuhan-telecom,39.6423,0.0,icmp,1591920780,2020-06-12 00:13:00+00:00
101742879,jinan-telecom,wuhan-telecom,46.3989,0.0,icmp,1591920900,2020-06-12 00:15:00+00:00
101743124,jinan-telecom,wuhan-telecom,48.6725,0.0,icmp,1591921020,2020-06-12 00:17:00+00:00
101743344,jinan-telecom,wuhan-telecom,45.7993,0.0,icmp,1591921140,2020-06-12 00:19:00+00:00
101743604,jinan-telecom,wuhan-telecom,47.9344,0.0,icmp,1591921260,2020-06-12 00:21:00+00:00
101743814,jinan-telecom,wuhan-telecom,47.8929,0.0,icmp,1591921380,2020-06-12 00:23:00+00:00
101744042,jinan-telecom,wuhan-telecom,39.6287,0.0,icmp,1591921505,2020-06-12 00:25:05+00:00
101744268,jinan-telecom,wuhan-telecom,41.5176,0.0,icmp,1591921620,2020-06-12 00:27:00+00:00
101744483,jinan-telecom,wuhan-telecom,47.4256,0.0,icmp,1591921740,2020-06-12 00:29:00+00:00
101744715,jinan-telecom,wuhan-telecom,40.3385,0.0,icmp,1591921805,2020-06-12 00:30:05+00:00
101744955,jinan-telecom,wuhan-telecom,47.0593,0.0,icmp,1591921980,2020-06-12 00:33:00+00:00
101745195,jinan-telecom,wuhan-telecom,46.2196,0.0,icmp,1591922100,2020-06-12 00:35:00+00:00
101745412,jinan-telecom,wuhan-telecom,46.4834,0.0,icmp,1591922220,2020-06-12 00:37:00+00:00
101745636,jinan-telecom,wuhan-telecom,48.9799,0.0,icmp,1591922340,2020-06-12 00:39:00+00:00
101745865,jinan-telecom,wuhan-telecom,48.0507,0.0,icmp,1591922460,2020-06-12 00:41:00+00:00
101746091,jinan-telecom,wuhan-telecom,42.9378,0.0,icmp,1591922580,2020-06-12 00:43:00+00:00
101746341,jinan-telecom,wuhan-telecom,45.401,0.0,icmp,1591922700,2020-06-12 00:45:00+00:00
101746568,jinan-telecom,wuhan-telecom,46.4495,0.0,icmp,1591922820,2020-06-12 00:47:00+00:00
101746804,jinan-telecom,wuhan-telecom,39.3551,0.0,icmp,1591922959,2020-06-12 00:49:19+00:00
101747014,jinan-telecom,wuhan-telecom,39.4753,0.0,icmp,1591923066,2020-06-12 00:51:06+00:00
101747248,jinan-telecom,wuhan-telecom,46.4861,0.0,icmp,1591923180,2020-06-12 00:53:00+00:00
101747479,jinan-telecom,wuhan-telecom,47.2155,0.0,icmp,1591923300,2020-06-12 00:55:00+00:00
101747707,jinan-telecom,wuhan-telecom,42.8923,0.0,icmp,1591923420,2020-06-12 00:57:00+00:00
101747931,jinan-telecom,wuhan-telecom,46.7228,0.0,icmp,1591923540,2020-06-12 00:59:00+00:00
101748155,jinan-telecom,wuhan-telecom,47.7885,0.0,icmp,1591923660,2020-06-12 01:01:00+00:00
101748396,jinan-telecom,wuhan-telecom,39.434,0.0,icmp,1591923799,2020-06-12 01:03:19+00:00
101748614,jinan-telecom,wuhan-telecom,47.0435,0.0,icmp,1591923900,2020-06-12 01:05:00+00:00
101748840,jinan-telecom,wuhan-telecom,39.4927,0.0,icmp,1591924039,2020-06-12 01:07:19+00:00
101749088,jinan-telecom,wuhan-telecom,46.0745,0.0,icmp,1591924140,2020-06-12 01:09:00+00:00
101749318,jinan-telecom,wuhan-telecom,43.1958,0.0,icmp,1591924260,2020-06-12 01:11:00+00:00
101749534,jinan-telecom,wuhan-telecom,47.7114,0.0,icmp,1591924380,2020-06-12 01:13:00+00:00
101749777,jinan-telecom,wuhan-telecom,47.283,0.0,icmp,1591924500,2020-06-12 01:15:00+00:00
101749987,jinan-telecom,wuhan-telecom,44.4108,0.0,icmp,1591924620,2020-06-12 01:17:00+00:00
101750230,jinan-telecom,wuhan-telecom,39.3238,0.0,icmp,1591924759,2020-06-12 01:19:19+00:00
101750464,jinan-telecom,wuhan-telecom,46.6975,0.0,icmp,1591924860,2020-06-12 01:21:00+00:00
101750681,jinan-telecom,wuhan-telecom,39.3093,0.0,icmp,1591924939,2020-06-12 01:22:19+00:00
101750923,jinan-telecom,wuhan-telecom,39.356,0.0,icmp,1591925119,2020-06-12 01:25:19+00:00
101751145,jinan-telecom,wuhan-telecom,39.3608,0.0,icmp,1591925239,2020-06-12 01:27:19+00:00
101751371,jinan-telecom,wuhan-telecom,39.4074,0.0,icmp,1591925359,2020-06-12 01:29:19+00:00
101751600,jinan-telecom,wuhan-telecom,39.4176,0.0,icmp,1591925465,2020-06-12 01:31:05+00:00
101751824,jinan-telecom,wuhan-telecom,46.6239,0.0,icmp,1591925580,2020-06-12 01:33:00+00:00
101752050,jinan-telecom,wuhan-telecom,39.3501,0.0,icmp,1591925659,2020-06-12 01:34:19+00:00
101752278,jinan-telecom,wuhan-telecom,39.4448,0.0,icmp,1591925839,2020-06-12 01:37:19+00:00
101752508,jinan-telecom,wuhan-telecom,46.7173,0.0,icmp,1591925940,2020-06-12 01:39:00+00:00
101752783,jinan-telecom,wuhan-telecom,45.3907,0.0,icmp,1591926060,2020-06-12 01:41:00+00:00
101752963,jinan-telecom,wuhan-telecom,41.0035,0.0,icmp,1591926180,2020-06-12 01:43:00+00:00
101753213,jinan-telecom,wuhan-telecom,45.3838,0.0,icmp,1591926300,2020-06-12 01:45:00+00:00
101753421,jinan-telecom,wuhan-telecom,39.3164,0.0,icmp,1591926439,2020-06-12 01:47:19+00:00
101753656,jinan-telecom,wuhan-telecom,46.4184,0.0,icmp,1591926540,2020-06-12 01:49:00+00:00
101753885,jinan-telecom,wuhan-telecom,39.3435,0.0,icmp,1591926619,2020-06-12 01:50:19+00:00
101754117,jinan-telecom,wuhan-telecom,46.376,0.0,icmp,1591926780,2020-06-12 01:53:00+00:00
101754347,jinan-telecom,wuhan-telecom,39.3663,0.0,icmp,1591926919,2020-06-12 01:55:19+00:00
101754561,jinan-telecom,wuhan-telecom,46.8486,0.0,icmp,1591927020,2020-06-12 01:57:00+00:00
101754809,jinan-telecom,wuhan-telecom,46.1733,0.0,icmp,1591927140,2020-06-12 01:59:00+00:00
101755044,jinan-telecom,wuhan-telecom,49.0557,0.0,icmp,1591927260,2020-06-12 02:01:00+00:00
101755252,jinan-telecom,wuhan-telecom,47.9186,0.0,icmp,1591927380,2020-06-12 02:03:00+00:00
101755503,jinan-telecom,wuhan-telecom,47.9212,0.0,icmp,1591927500,2020-06-12 02:05:00+00:00
101755720,jinan-telecom,wuhan-telecom,45.3584,0.0,icmp,1591927620,2020-06-12 02:07:00+00:00
101755934,jinan-telecom,wuhan-telecom,46.3362,0.0,icmp,1591927740,2020-06-12 02:09:00+00:00
101756204,jinan-telecom,wuhan-telecom,47.2876,0.0,icmp,1591927860,2020-06-12 02:11:00+00:00
101756406,jinan-telecom,wuhan-telecom,39.3745,0.0,icmp,1591927939,2020-06-12 02:12:19+00:00
101756629,jinan-telecom,wuhan-telecom,39.6179,0.0,icmp,1591928059,2020-06-12 02:14:19+00:00
101756850,jinan-telecom,wuhan-telecom,47.4722,0.0,icmp,1591928220,2020-06-12 02:17:00+00:00
101757103,jinan-telecom,wuhan-telecom,47.0004,0.0,icmp,1591928340,2020-06-12 02:19:00+00:00
101757315,jinan-telecom,wuhan-telecom,39.5387,0.0,icmp,1591928419,2020-06-12 02:20:19+00:00
101757540,jinan-telecom,wuhan-telecom,46.7395,0.0,icmp,1591928580,2020-06-12 02:23:00+00:00
101757771,jinan-telecom,wuhan-telecom,39.3517,0.0,icmp,1591928659,2020-06-12 02:24:19+00:00
101757995,jinan-telecom,wuhan-telecom,43.5212,0.0,icmp,1591928820,2020-06-12 02:27:00+00:00
101758227,jinan-telecom,wuhan-telecom,47.4569,0.0,icmp,1591928940,2020-06-12 02:29:00+00:00
101758478,jinan-telecom,wuhan-telecom,39.5891,0.0,icmp,1591929019,2020-06-12 02:30:19+00:00
101758693,jinan-telecom,wuhan-telecom,47.6304,0.0,icmp,1591929180,2020-06-12 02:33:00+00:00
101758921,jinan-telecom,wuhan-telecom,39.4348,0.0,icmp,1591929259,2020-06-12 02:34:19+00:00
101759139,jinan-telecom,wuhan-telecom,49.2066,0.0,icmp,1591929420,2020-06-12 02:37:00+00:00
101759389,jinan-telecom,wuhan-telecom,39.5744,0.0,icmp,1591929499,2020-06-12 02:38:19+00:00
101759608,jinan-telecom,wuhan-telecom,50.1949,0.0,icmp,1591929660,2020-06-12 02:41:00+00:00
101759840,jinan-telecom,wuhan-telecom,39.4403,0.0,icmp,1591929739,2020-06-12 02:42:19+00:00
101760085,jinan-telecom,wuhan-telecom,49.3632,0.0,icmp,1591929900,2020-06-12 02:45:00+00:00
101760315,jinan-telecom,wuhan-telecom,47.7666,0.0,icmp,1591930020,2020-06-12 02:47:00+00:00
101760535,jinan-telecom,wuhan-telecom,44.1332,0.0,icmp,1591930140,2020-06-12 02:49:00+00:00
101760758,jinan-telecom,wuhan-telecom,40.8612,0.0,icmp,1591930260,2020-06-12 02:51:00+00:00
104225389,jinan-telecom,wuhan-telecom,39.4179,0.0,icmp,1591744879,2020-06-09 23:21:19+00:00
104225616,jinan-telecom,wuhan-telecom,39.5591,0.0,icmp,1591744999,2020-06-09 23:23:19+00:00
104225829,jinan-telecom,wuhan-telecom,39.3604,0.0,icmp,1591745179,2020-06-09 23:26:19+00:00
104226079,jinan-telecom,wuhan-telecom,47.1124,0.0,icmp,1591745280,2020-06-09 23:28:00+00:00
104226289,jinan-telecom,wuhan-telecom,47.5229,0.0,icmp,1591745400,2020-06-09 23:30:00+00:00
104226528,jinan-telecom,wuhan-telecom,39.324,0.0,icmp,1591745539,2020-06-09 23:32:19+00:00
104226765,jinan-telecom,wuhan-telecom,49.7024,0.0,icmp,1591745640,2020-06-09 23:34:00+00:00
104226991,jinan-telecom,wuhan-telecom,46.9472,0.0,icmp,1591745760,2020-06-09 23:36:00+00:00
104227225,jinan-telecom,wuhan-telecom,49.818,0.0,icmp,1591745880,2020-06-09 23:38:00+00:00
104227452,jinan-telecom,wuhan-telecom,39.3268,0.0,icmp,1591745959,2020-06-09 23:39:19+00:00
104227671,jinan-telecom,wuhan-telecom,49.9983,0.0,icmp,1591746120,2020-06-09 23:42:00+00:00
104227903,jinan-telecom,wuhan-telecom,49.9913,0.0,icmp,1591746240,2020-06-09 23:44:00+00:00
104228140,jinan-telecom,wuhan-telecom,39.3284,0.0,icmp,1591746319,2020-06-09 23:45:19+00:00
104228342,jinan-telecom,wuhan-telecom,47.9157,0.0,icmp,1591746480,2020-06-09 23:48:00+00:00
104228582,jinan-telecom,wuhan-telecom,45.4331,0.0,icmp,1591746600,2020-06-09 23:50:00+00:00
104228816,jinan-telecom,wuhan-telecom,39.9484,0.0,icmp,1591746725,2020-06-09 23:52:05+00:00
104229052,jinan-telecom,wuhan-telecom,47.4978,0.0,icmp,1591746840,2020-06-09 23:54:00+00:00
104229268,jinan-telecom,wuhan-telecom,49.0197,0.0,icmp,1591746960,2020-06-09 23:56:00+00:00
104229503,jinan-telecom,wuhan-telecom,46.9544,0.0,icmp,1591747080,2020-06-09 23:58:00+00:00
104229731,jinan-telecom,wuhan-telecom,48.4757,0.0,icmp,1591747200,2020-06-10 00:00:00+00:00
104229953,jinan-telecom,wuhan-telecom,48.3988,0.0,icmp,1591747320,2020-06-10 00:02:00+00:00
104230183,jinan-telecom,wuhan-telecom,45.6886,0.0,icmp,1591747440,2020-06-10 00:04:00+00:00
104230407,jinan-telecom,wuhan-telecom,39.6569,0.0,icmp,1591747579,2020-06-10 00:06:19+00:00
104230637,jinan-telecom,wuhan-telecom,48.2521,0.0,icmp,1591747680,2020-06-10 00:08:00+00:00
104230877,jinan-telecom,wuhan-telecom,50.0679,0.0,icmp,1591747800,2020-06-10 00:10:00+00:00
104231110,jinan-telecom,wuhan-telecom,39.3632,0.0,icmp,1591747879,2020-06-10 00:11:19+00:00
104231325,jinan-telecom,wuhan-telecom,47.2962,0.0,icmp,1591748040,2020-06-10 00:14:00+00:00
104231553,jinan-telecom,wuhan-telecom,39.3554,0.0,icmp,1591748119,2020-06-10 00:15:19+00:00
104231797,jinan-telecom,wuhan-telecom,45.8793,0.0,icmp,1591748280,2020-06-10 00:18:00+00:00
104232014,jinan-telecom,wuhan-telecom,39.5444,0.0,icmp,1591748359,2020-06-10 00:19:19+00:00
104232261,jinan-telecom,wuhan-telecom,48.7186,0.0,icmp,1591748520,2020-06-10 00:22:00+00:00
104232483,jinan-telecom,wuhan-telecom,48.7462,0.0,icmp,1591748640,2020-06-10 00:24:00+00:00
104232710,jinan-telecom,wuhan-telecom,39.3392,0.0,icmp,1591748719,2020-06-10 00:25:19+00:00
104232950,jinan-telecom,wuhan-telecom,39.3392,0.0,icmp,1591748839,2020-06-10 00:27:19+00:00
104233178,jinan-telecom,wuhan-telecom,39.3209,0.0,icmp,1591748959,2020-06-10 00:29:19+00:00
104233382,jinan-telecom,wuhan-telecom,50.2504,0.0,icmp,1591749120,2020-06-10 00:32:00+00:00
104233611,jinan-telecom,wuhan-telecom,47.6691,0.0,icmp,1591749240,2020-06-10 00:34:00+00:00
104233860,jinan-telecom,wuhan-telecom,45.5101,0.0,icmp,1591749360,2020-06-10 00:36:00+00:00
104234066,jinan-telecom,wuhan-telecom,48.8445,0.0,icmp,1591749480,2020-06-10 00:38:00+00:00
104234325,jinan-telecom,wuhan-telecom,39.4459,0.0,icmp,1591749619,2020-06-10 00:40:19+00:00
104234532,jinan-telecom,wuhan-telecom,48.5615,0.0,icmp,1591749720,2020-06-10 00:42:00+00:00
104234753,jinan-telecom,wuhan-telecom,49.2538,0.0,icmp,1591749840,2020-06-10 00:44:00+00:00
104234996,jinan-telecom,wuhan-telecom,48.4303,0.0,icmp,1591749960,2020-06-10 00:46:00+00:00
104235214,jinan-telecom,wuhan-telecom,46.0541,0.0,icmp,1591750080,2020-06-10 00:48:00+00:00
104235449,jinan-telecom,wuhan-telecom,47.976,0.0,icmp,1591750200,2020-06-10 00:50:00+00:00
104235687,jinan-telecom,wuhan-telecom,48.2969,0.0,icmp,1591750320,2020-06-10 00:52:00+00:00
104235909,jinan-telecom,wuhan-telecom,45.5275,0.0,icmp,1591750440,2020-06-10 00:54:00+00:00
104236145,jinan-telecom,wuhan-telecom,50.2683,0.0,icmp,1591750560,2020-06-10 00:56:00+00:00
104236362,jinan-telecom,wuhan-telecom,47.1696,0.0,icmp,1591750680,2020-06-10 00:58:00+00:00
104236588,jinan-telecom,wuhan-telecom,39.369,0.0,icmp,1591750819,2020-06-10 01:00:19+00:00
104236841,jinan-telecom,wuhan-telecom,39.5463,0.0,icmp,1591750939,2020-06-10 01:02:19+00:00
104237034,jinan-telecom,wuhan-telecom,48.9077,0.0,icmp,1591751040,2020-06-10 01:04:00+00:00
104237278,jinan-telecom,wuhan-telecom,39.4533,0.0,icmp,1591751119,2020-06-10 01:05:19+00:00
104237523,jinan-telecom,wuhan-telecom,47.9872,0.0,icmp,1591751280,2020-06-10 01:08:00+00:00
104237730,jinan-telecom,wuhan-telecom,39.3284,0.0,icmp,1591751359,2020-06-10 01:09:19+00:00
104237959,jinan-telecom,wuhan-telecom,48.709,0.0,icmp,1591751520,2020-06-10 01:12:00+00:00
104238188,jinan-telecom,wuhan-telecom,39.5491,0.0,icmp,1591751599,2020-06-10 01:13:19+00:00
104238416,jinan-telecom,wuhan-telecom,39.9525,0.0,icmp,1591751760,2020-06-10 01:16:00+00:00
104238687,jinan-telecom,wuhan-telecom,39.5093,0.0,icmp,1591751899,2020-06-10 01:18:19+00:00
104238892,jinan-telecom,wuhan-telecom,48.6624,0.0,icmp,1591752000,2020-06-10 01:20:00+00:00
104239106,jinan-telecom,wuhan-telecom,47.4441,0.0,icmp,1591752120,2020-06-10 01:22:00+00:00
104239342,jinan-telecom,wuhan-telecom,44.5672,0.0,icmp,1591752240,2020-06-10 01:24:00+00:00
104239576,jinan-telecom,wuhan-telecom,46.7562,0.0,icmp,1591752360,2020-06-10 01:26:00+00:00
104239803,jinan-telecom,wuhan-telecom,47.3492,0.0,icmp,1591752480,2020-06-10 01:28:00+00:00
104240021,jinan-telecom,wuhan-telecom,46.3872,0.0,icmp,1591752600,2020-06-10 01:30:00+00:00
104240271,jinan-telecom,wuhan-telecom,45.267,0.0,icmp,1591752720,2020-06-10 01:32:00+00:00
104240487,jinan-telecom,wuhan-telecom,47.8455,0.0,icmp,1591752840,2020-06-10 01:34:00+00:00
104240724,jinan-telecom,wuhan-telecom,46.8166,0.0,icmp,1591752960,2020-06-10 01:36:00+00:00
104240964,jinan-telecom,wuhan-telecom,46.9447,0.0,icmp,1591753080,2020-06-10 01:38:00+00:00
104241180,jinan-telecom,wuhan-telecom,48.6167,0.0,icmp,1591753200,2020-06-10 01:40:00+00:00
104241415,jinan-telecom,wuhan-telecom,39.3721,0.0,icmp,1591753279,2020-06-10 01:41:19+00:00
104241640,jinan-telecom,wuhan-telecom,47.0946,0.0,icmp,1591753440,2020-06-10 01:44:00+00:00
104241865,jinan-telecom,wuhan-telecom,47.7158,0.0,icmp,1591753560,2020-06-10 01:46:00+00:00
104242089,jinan-telecom,wuhan-telecom,51.2811,0.0,icmp,1591753680,2020-06-10 01:48:00+00:00
104242313,jinan-telecom,wuhan-telecom,44.0245,0.0,icmp,1591753800,2020-06-10 01:50:00+00:00
104242572,jinan-telecom,wuhan-telecom,47.0676,0.0,icmp,1591753920,2020-06-10 01:52:00+00:00
104242784,jinan-telecom,wuhan-telecom,48.1206,0.0,icmp,1591754040,2020-06-10 01:54:00+00:00
104243022,jinan-telecom,wuhan-telecom,51.0992,0.0,icmp,1591754160,2020-06-10 01:56:00+00:00
104243248,jinan-telecom,wuhan-telecom,47.8762,0.0,icmp,1591754280,2020-06-10 01:58:00+00:00
104243455,jinan-telecom,wuhan-telecom,46.8401,0.0,icmp,1591754400,2020-06-10 02:00:00+00:00
104243685,jinan-telecom,wuhan-telecom,39.7663,0.0,icmp,1591754539,2020-06-10 02:02:19+00:00
104243912,jinan-telecom,wuhan-telecom,46.4599,0.0,icmp,1591754640,2020-06-10 02:04:00+00:00
104244169,jinan-telecom,wuhan-telecom,46.8176,0.0,icmp,1591754760,2020-06-10 02:06:00+00:00
104244399,jinan-telecom,wuhan-telecom,39.3341,0.0,icmp,1591754899,2020-06-10 02:08:19+00:00
104244615,jinan-telecom,wuhan-telecom,47.0551,0.0,icmp,1591755000,2020-06-10 02:10:00+00:00
104244853,jinan-telecom,wuhan-telecom,48.4773,0.0,icmp,1591755120,2020-06-10 02:12:00+00:00
104245074,jinan-telecom,wuhan-telecom,47.3675,0.0,icmp,1591755240,2020-06-10 02:14:00+00:00
104245299,jinan-telecom,wuhan-telecom,39.3685,0.0,icmp,1591755319,2020-06-10 02:15:19+00:00
104245542,jinan-telecom,wuhan-telecom,39.3838,0.0,icmp,1591755499,2020-06-10 02:18:19+00:00
104245766,jinan-telecom,wuhan-telecom,46.6723,0.0,icmp,1591755600,2020-06-10 02:20:00+00:00
104245998,jinan-telecom,wuhan-telecom,48.0729,0.0,icmp,1591755720,2020-06-10 02:22:00+00:00
104246207,jinan-telecom,wuhan-telecom,47.7341,0.0,icmp,1591755840,2020-06-10 02:24:00+00:00
104246459,jinan-telecom,wuhan-telecom,47.6637,0.0,icmp,1591755960,2020-06-10 02:26:00+00:00
104246686,jinan-telecom,wuhan-telecom,40.6666,0.0,icmp,1591756080,2020-06-10 02:28:00+00:00
104246909,jinan-telecom,wuhan-telecom,47.8192,0.0,icmp,1591756200,2020-06-10 02:30:00+00:00
104247135,jinan-telecom,wuhan-telecom,48.0033,0.0,icmp,1591756320,2020-06-10 02:32:00+00:00
104247365,jinan-telecom,wuhan-telecom,47.5959,0.0,icmp,1591756440,2020-06-10 02:34:00+00:00
104247604,jinan-telecom,wuhan-telecom,48.3455,0.0,icmp,1591756560,2020-06-10 02:36:00+00:00
104247809,jinan-telecom,wuhan-telecom,39.4889,0.0,icmp,1591756699,2020-06-10 02:38:19+00:00
104248039,jinan-telecom,wuhan-telecom,39.4533,0.0,icmp,1591756819,2020-06-10 02:40:19+00:00
104248289,jinan-telecom,wuhan-telecom,49.5651,0.0,icmp,1591756920,2020-06-10 02:42:00+00:00
104248497,jinan-telecom,wuhan-telecom,45.9275,0.0,icmp,1591757040,2020-06-10 02:44:00+00:00
104248740,jinan-telecom,wuhan-telecom,41.3999,0.0,icmp,1591757160,2020-06-10 02:46:00+00:00
104248994,jinan-telecom,wuhan-telecom,39.5548,0.0,icmp,1591757299,2020-06-10 02:48:19+00:00
104249187,jinan-telecom,wuhan-telecom,47.5846,0.0,icmp,1591757400,2020-06-10 02:50:00+00:00
104249436,jinan-telecom,wuhan-telecom,49.0127,0.0,icmp,1591757520,2020-06-10 02:52:00+00:00
104249660,jinan-telecom,wuhan-telecom,39.4129,0.0,icmp,1591757659,2020-06-10 02:54:19+00:00
104249874,jinan-telecom,wuhan-telecom,45.5572,0.0,icmp,1591757760,2020-06-10 02:56:00+00:00
104250105,jinan-telecom,wuhan-telecom,48.7709,0.0,icmp,1591757880,2020-06-10 02:58:00+00:00
104250347,jinan-telecom,wuhan-telecom,39.4609,0.0,icmp,1591757959,2020-06-10 02:59:19+00:00
104250609,jinan-telecom,wuhan-telecom,47.0378,0.0,icmp,1591758120,2020-06-10 03:02:00+00:00
104250800,jinan-telecom,wuhan-telecom,39.3334,0.0,icmp,1591758199,2020-06-10 03:03:19+00:00
104251054,jinan-telecom,wuhan-telecom,48.0886,0.0,icmp,1591758360,2020-06-10 03:06:00+00:00
104251261,jinan-telecom,wuhan-telecom,47.0515,0.0,icmp,1591758480,2020-06-10 03:08:00+00:00
104251466,jinan-telecom,wuhan-telecom,39.3264,0.0,icmp,1591758559,2020-06-10 03:09:19+00:00
104251724,jinan-telecom,wuhan-telecom,46.1491,0.0,icmp,1591758720,2020-06-10 03:12:00+00:00
104251928,jinan-telecom,wuhan-telecom,48.5314,0.0,icmp,1591758840,2020-06-10 03:14:00+00:00
104252172,jinan-telecom,wuhan-telecom,51.7796,0.0,icmp,1591758960,2020-06-10 03:16:00+00:00
104252406,jinan-telecom,wuhan-telecom,49.2686,0.0,icmp,1591759080,2020-06-10 03:18:00+00:00
104252621,jinan-telecom,wuhan-telecom,48.8038,0.0,icmp,1591759200,2020-06-10 03:20:00+00:00
104252871,jinan-telecom,wuhan-telecom,48.7282,0.0,icmp,1591759320,2020-06-10 03:22:00+00:00
104253088,jinan-telecom,wuhan-telecom,47.22,0.0,icmp,1591759440,2020-06-10 03:24:00+00:00
104253301,jinan-telecom,wuhan-telecom,48.0976,0.0,icmp,1591759560,2020-06-10 03:26:00+00:00
104253528,jinan-telecom,wuhan-telecom,40.8511,0.0,icmp,1591759680,2020-06-10 03:28:00+00:00
104253767,jinan-telecom,wuhan-telecom,47.2409,0.0,icmp,1591759800,2020-06-10 03:30:00+00:00
104253988,jinan-telecom,wuhan-telecom,46.4079,0.0,icmp,1591759920,2020-06-10 03:32:00+00:00
104254254,jinan-telecom,wuhan-telecom,49.4361,0.0,icmp,1591760040,2020-06-10 03:34:00+00:00
104254470,jinan-telecom,wuhan-telecom,39.3406,0.0,icmp,1591760179,2020-06-10 03:36:19+00:00
104254690,jinan-telecom,wuhan-telecom,49.3041,0.0,icmp,1591760280,2020-06-10 03:38:00+00:00
104254913,jinan-telecom,wuhan-telecom,46.9676,0.0,icmp,1591760400,2020-06-10 03:40:00+00:00
104255147,jinan-telecom,wuhan-telecom,48.0474,0.0,icmp,1591760520,2020-06-10 03:42:00+00:00
104255370,jinan-telecom,wuhan-telecom,46.5447,0.0,icmp,1591760640,2020-06-10 03:44:00+00:00
104255612,jinan-telecom,wuhan-telecom,50.082,0.0,icmp,1591760760,2020-06-10 03:46:00+00:00
104255844,jinan-telecom,wuhan-telecom,45.9344,0.0,icmp,1591760880,2020-06-10 03:48:00+00:00
104256063,jinan-telecom,wuhan-telecom,48.3444,0.0,icmp,1591761000,2020-06-10 03:50:00+00:00
104256302,jinan-telecom,wuhan-telecom,40.6588,0.0,icmp,1591761120,2020-06-10 03:52:00+00:00
104256516,jinan-telecom,wuhan-telecom,44.9131,0.0,icmp,1591761240,2020-06-10 03:54:00+00:00
104256754,jinan-telecom,wuhan-telecom,48.5017,0.0,icmp,1591761360,2020-06-10 03:56:00+00:00
104256993,jinan-telecom,wuhan-telecom,39.3659,0.0,icmp,1591761499,2020-06-10 03:58:19+00:00
104257201,jinan-telecom,wuhan-telecom,39.4308,0.0,icmp,1591761619,2020-06-10 04:00:19+00:00
104257427,jinan-telecom,wuhan-telecom,39.3431,0.0,icmp,1591761739,2020-06-10 04:02:19+00:00
104257664,jinan-telecom,wuhan-telecom,48.4753,0.0,icmp,1591761840,2020-06-10 04:04:00+00:00
104257882,jinan-telecom,wuhan-telecom,42.7323,0.0,icmp,1591761905,2020-06-10 04:05:05+00:00
104258114,jinan-telecom,wuhan-telecom,47.3756,0.0,icmp,1591762080,2020-06-10 04:08:00+00:00
104258357,jinan-telecom,wuhan-telecom,45.1864,0.0,icmp,1591762200,2020-06-10 04:10:00+00:00
104258586,jinan-telecom,wuhan-telecom,46.0834,0.0,icmp,1591762320,2020-06-10 04:12:00+00:00
104258829,jinan-telecom,wuhan-telecom,39.8789,0.0,icmp,1591762399,2020-06-10 04:13:19+00:00
104259047,jinan-telecom,wuhan-telecom,47.457,0.0,icmp,1591762560,2020-06-10 04:16:00+00:00
104259272,jinan-telecom,wuhan-telecom,45.874,0.0,icmp,1591762680,2020-06-10 04:18:00+00:00
104259489,jinan-telecom,wuhan-telecom,39.4211,0.0,icmp,1591762745,2020-06-10 04:19:05+00:00
104259743,jinan-telecom,wuhan-telecom,39.3601,0.0,icmp,1591762879,2020-06-10 04:21:19+00:00
104259949,jinan-telecom,wuhan-telecom,39.63,0.0,icmp,1591763040,2020-06-10 04:24:00+00:00
104260188,jinan-telecom,wuhan-telecom,48.4564,0.0,icmp,1591763160,2020-06-10 04:26:00+00:00
104260422,jinan-telecom,wuhan-telecom,47.2815,0.0,icmp,1591763280,2020-06-10 04:28:00+00:00
104260629,jinan-telecom,wuhan-telecom,46.248,0.0,icmp,1591763400,2020-06-10 04:30:00+00:00
104260860,jinan-telecom,wuhan-telecom,39.5565,0.0,icmp,1591763465,2020-06-10 04:31:05+00:00
104261096,jinan-telecom,wuhan-telecom,40.7058,0.0,icmp,1591763640,2020-06-10 04:34:00+00:00
104261345,jinan-telecom,wuhan-telecom,50.1239,0.0,icmp,1591763760,2020-06-10 04:36:00+00:00
104261570,jinan-telecom,wuhan-telecom,39.7405,0.0,icmp,1591763899,2020-06-10 04:38:19+00:00
104261787,jinan-telecom,wuhan-telecom,48.1328,0.0,icmp,1591764000,2020-06-10 04:40:00+00:00
104262033,jinan-telecom,wuhan-telecom,49.7318,0.0,icmp,1591764120,2020-06-10 04:42:00+00:00
104262250,jinan-telecom,wuhan-telecom,39.5149,0.0,icmp,1591764244,2020-06-10 04:44:04+00:00
104262492,jinan-telecom,wuhan-telecom,45.9282,0.0,icmp,1591764360,2020-06-10 04:46:00+00:00
104262712,jinan-telecom,wuhan-telecom,40.2124,0.0,icmp,1591764480,2020-06-10 04:48:00+00:00
104262939,jinan-telecom,wuhan-telecom,47.8031,0.0,icmp,1591764600,2020-06-10 04:50:00+00:00
104263165,jinan-telecom,wuhan-telecom,48.7461,0.0,icmp,1591764720,2020-06-10 04:52:00+00:00
104263405,jinan-telecom,wuhan-telecom,45.1859,0.0,icmp,1591764840,2020-06-10 04:54:00+00:00
104263622,jinan-telecom,wuhan-telecom,45.209,0.0,icmp,1591764960,2020-06-10 04:56:00+00:00
104263861,jinan-telecom,wuhan-telecom,47.7239,0.0,icmp,1591765080,2020-06-10 04:58:00+00:00
104264067,jinan-telecom,wuhan-telecom,49.2415,0.0,icmp,1591765200,2020-06-10 05:00:00+00:00
104264300,jinan-telecom,wuhan-telecom,39.7118,0.0,icmp,1591765339,2020-06-10 05:02:19+00:00
104264552,jinan-telecom,wuhan-telecom,45.4824,0.0,icmp,1591765440,2020-06-10 05:04:00+00:00
104264779,jinan-telecom,wuhan-telecom,39.4846,0.0,icmp,1591765519,2020-06-10 05:05:19+00:00
104264999,jinan-telecom,wuhan-telecom,39.3725,0.0,icmp,1591765699,2020-06-10 05:08:19+00:00
104265229,jinan-telecom,wuhan-telecom,46.781,0.0,icmp,1591765800,2020-06-10 05:10:00+00:00
104265458,jinan-telecom,wuhan-telecom,49.42,0.0,icmp,1591765920,2020-06-10 05:12:00+00:00
104265694,jinan-telecom,wuhan-telecom,40.2056,0.0,icmp,1591766040,2020-06-10 05:14:00+00:00
104265924,jinan-telecom,wuhan-telecom,48.2506,0.0,icmp,1591766160,2020-06-10 05:16:00+00:00
104266153,jinan-telecom,wuhan-telecom,46.0532,0.0,icmp,1591766280,2020-06-10 05:18:00+00:00
104266354,jinan-telecom,wuhan-telecom,47.3339,0.0,icmp,1591766400,2020-06-10 05:20:00+00:00
104266604,jinan-telecom,wuhan-telecom,48.3125,0.0,icmp,1591766520,2020-06-10 05:22:00+00:00
104266815,jinan-telecom,wuhan-telecom,39.3735,0.0,icmp,1591766599,2020-06-10 05:23:19+00:00
104267048,jinan-telecom,wuhan-telecom,39.3784,0.0,icmp,1591766719,2020-06-10 05:25:19+00:00
104267297,jinan-telecom,wuhan-telecom,47.0136,0.0,icmp,1591766880,2020-06-10 05:28:00+00:00
104267518,jinan-telecom,wuhan-telecom,46.5181,0.0,icmp,1591767000,2020-06-10 05:30:00+00:00
104267754,jinan-telecom,wuhan-telecom,47.8296,0.0,icmp,1591767120,2020-06-10 05:32:00+00:00
104267988,jinan-telecom,wuhan-telecom,45.4551,0.0,icmp,1591767240,2020-06-10 05:34:00+00:00
104268199,jinan-telecom,wuhan-telecom,49.6118,0.0,icmp,1591767360,2020-06-10 05:36:00+00:00
104268424,jinan-telecom,wuhan-telecom,46.4621,0.0,icmp,1591767480,2020-06-10 05:38:00+00:00
104268663,jinan-telecom,wuhan-telecom,49.2754,0.0,icmp,1591767600,2020-06-10 05:40:00+00:00
104268898,jinan-telecom,wuhan-telecom,39.7662,0.0,icmp,1591767679,2020-06-10 05:41:19+00:00
104269110,jinan-telecom,wuhan-telecom,46.8119,0.0,icmp,1591767840,2020-06-10 05:44:00+00:00
104269348,jinan-telecom,wuhan-telecom,48.0922,0.0,icmp,1591767960,2020-06-10 05:46:00+00:00
104269581,jinan-telecom,wuhan-telecom,39.5902,0.0,icmp,1591768039,2020-06-10 05:47:19+00:00
104269808,jinan-telecom,wuhan-telecom,46.5397,0.0,icmp,1591768200,2020-06-10 05:50:00+00:00
104270032,jinan-telecom,wuhan-telecom,47.6417,0.0,icmp,1591768321,2020-06-10 05:52:01+00:00
104270245,jinan-telecom,wuhan-telecom,44.8787,0.0,icmp,1591768440,2020-06-10 05:54:00+00:00
104270485,jinan-telecom,wuhan-telecom,39.3357,0.0,icmp,1591768519,2020-06-10 05:55:19+00:00
104270723,jinan-telecom,wuhan-telecom,48.07,0.0,icmp,1591768680,2020-06-10 05:58:00+00:00
104270929,jinan-telecom,wuhan-telecom,46.8552,0.0,icmp,1591768800,2020-06-10 06:00:00+00:00
104271179,jinan-telecom,wuhan-telecom,49.3449,0.0,icmp,1591768920,2020-06-10 06:02:00+00:00
104271396,jinan-telecom,wuhan-telecom,47.7811,0.0,icmp,1591768984,2020-06-10 06:03:04+00:00
104271645,jinan-telecom,wuhan-telecom,39.3325,0.0,icmp,1591769119,2020-06-10 06:05:19+00:00
104271861,jinan-telecom,wuhan-telecom,46.11,0.0,icmp,1591769280,2020-06-10 06:08:00+00:00
104272087,jinan-telecom,wuhan-telecom,42.763,0.0,icmp,1591769400,2020-06-10 06:10:00+00:00
104272312,jinan-telecom,wuhan-telecom,46.0302,0.0,icmp,1591769520,2020-06-10 06:12:00+00:00
104272564,jinan-telecom,wuhan-telecom,49.1452,0.0,icmp,1591769640,2020-06-10 06:14:00+00:00
104272790,jinan-telecom,wuhan-telecom,48.2867,0.0,icmp,1591769760,2020-06-10 06:16:00+00:00
104273005,jinan-telecom,wuhan-telecom,47.2723,0.0,icmp,1591769880,2020-06-10 06:18:00+00:00
104273240,jinan-telecom,wuhan-telecom,47.2261,0.0,icmp,1591770000,2020-06-10 06:20:00+00:00
104273472,jinan-telecom,wuhan-telecom,46.4304,0.0,icmp,1591770120,2020-06-10 06:22:00+00:00
104273702,jinan-telecom,wuhan-telecom,51.2255,0.0,icmp,1591770240,2020-06-10 06:24:00+00:00
104273928,jinan-telecom,wuhan-telecom,39.3676,0.0,icmp,1591770379,2020-06-10 06:26:19+00:00
104274141,jinan-telecom,wuhan-telecom,47.4104,0.0,icmp,1591770480,2020-06-10 06:28:00+00:00
104274383,jinan-telecom,wuhan-telecom,49.5358,0.0,icmp,1591770600,2020-06-10 06:30:00+00:00
104274610,jinan-telecom,wuhan-telecom,48.4986,0.0,icmp,1591770720,2020-06-10 06:32:00+00:00
104274837,jinan-telecom,wuhan-telecom,46.7777,0.0,icmp,1591770840,2020-06-10 06:34:00+00:00
104275077,jinan-telecom,wuhan-telecom,39.3727,0.0,icmp,1591770979,2020-06-10 06:36:19+00:00
104275300,jinan-telecom,wuhan-telecom,47.8333,0.0,icmp,1591771080,2020-06-10 06:38:00+00:00
104275521,jinan-telecom,wuhan-telecom,48.5614,0.0,icmp,1591771200,2020-06-10 06:40:00+00:00
104275762,jinan-telecom,wuhan-telecom,49.2386,0.0,icmp,1591771320,2020-06-10 06:42:00+00:00
104275989,jinan-telecom,wuhan-telecom,47.0893,0.0,icmp,1591771440,2020-06-10 06:44:00+00:00
104276203,jinan-telecom,wuhan-telecom,39.6272,0.0,icmp,1591771579,2020-06-10 06:46:19+00:00
104276453,jinan-telecom,wuhan-telecom,47.7034,0.0,icmp,1591771680,2020-06-10 06:48:00+00:00
104276681,jinan-telecom,wuhan-telecom,41.0473,0.0,icmp,1591771745,2020-06-10 06:49:05+00:00
104276903,jinan-telecom,wuhan-telecom,45.7331,0.0,icmp,1591771920,2020-06-10 06:52:00+00:00
104277135,jinan-telecom,wuhan-telecom,49.9455,0.0,icmp,1591772040,2020-06-10 06:54:00+00:00
104277359,jinan-telecom,wuhan-telecom,47.6457,0.0,icmp,1591772160,2020-06-10 06:56:00+00:00
104277588,jinan-telecom,wuhan-telecom,39.7753,0.0,icmp,1591772280,2020-06-10 06:58:00+00:00
104277820,jinan-telecom,wuhan-telecom,46.8115,0.0,icmp,1591772400,2020-06-10 07:00:00+00:00
104278060,jinan-telecom,wuhan-telecom,51.7962,0.0,icmp,1591772520,2020-06-10 07:02:00+00:00
104278261,jinan-telecom,wuhan-telecom,39.3471,0.0,icmp,1591772659,2020-06-10 07:04:19+00:00
104278509,jinan-telecom,wuhan-telecom,50.3302,0.0,icmp,1591772760,2020-06-10 07:06:00+00:00
104278729,jinan-telecom,wuhan-telecom,47.9636,0.0,icmp,1591772880,2020-06-10 07:08:00+00:00
104278964,jinan-telecom,wuhan-telecom,48.3436,0.0,icmp,1591773000,2020-06-10 07:10:00+00:00
104279199,jinan-telecom,wuhan-telecom,39.4459,0.0,icmp,1591773139,2020-06-10 07:12:19+00:00
104279430,jinan-telecom,wuhan-telecom,40.0089,0.0,icmp,1591773244,2020-06-10 07:14:04+00:00
104279647,jinan-telecom,wuhan-telecom,39.4446,0.0,icmp,1591773379,2020-06-10 07:16:19+00:00
104279892,jinan-telecom,wuhan-telecom,48.46,0.0,icmp,1591773480,2020-06-10 07:18:00+00:00
104280115,jinan-telecom,wuhan-telecom,48.4947,0.0,icmp,1591773600,2020-06-10 07:20:00+00:00
104280325,jinan-telecom,wuhan-telecom,39.355,0.0,icmp,1591773679,2020-06-10 07:21:19+00:00
104280576,jinan-telecom,wuhan-telecom,49.8099,0.0,icmp,1591773840,2020-06-10 07:24:00+00:00
104280806,jinan-telecom,wuhan-telecom,48.5334,0.0,icmp,1591773960,2020-06-10 07:26:00+00:00
104281029,jinan-telecom,wuhan-telecom,48.2241,0.0,icmp,1591774080,2020-06-10 07:28:00+00:00
104281251,jinan-telecom,wuhan-telecom,48.8841,0.0,icmp,1591774200,2020-06-10 07:30:00+00:00
104281485,jinan-telecom,wuhan-telecom,47.7008,0.0,icmp,1591774320,2020-06-10 07:32:00+00:00
104281729,jinan-telecom,wuhan-telecom,47.5114,0.0,icmp,1591774440,2020-06-10 07:34:00+00:00
104281927,jinan-telecom,wuhan-telecom,48.9062,0.0,icmp,1591774560,2020-06-10 07:36:00+00:00
104282180,jinan-telecom,wuhan-telecom,47.0214,0.0,icmp,1591774680,2020-06-10 07:38:00+00:00
104282401,jinan-telecom,wuhan-telecom,50.9674,0.0,icmp,1591774800,2020-06-10 07:40:00+00:00
104282636,jinan-telecom,wuhan-telecom,39.7206,0.0,icmp,1591774879,2020-06-10 07:41:19+00:00
104282846,jinan-telecom,wuhan-telecom,47.6274,0.0,icmp,1591775040,2020-06-10 07:44:00+00:00
104283088,jinan-telecom,wuhan-telecom,51.0511,0.0,icmp,1591775160,2020-06-10 07:46:00+00:00
104283318,jinan-telecom,wuhan-telecom,39.393,0.0,icmp,1591775239,2020-06-10 07:47:19+00:00
104283560,jinan-telecom,wuhan-telecom,46.493,0.0,icmp,1591775400,2020-06-10 07:50:00+00:00
104283775,jinan-telecom,wuhan-telecom,49.7702,0.0,icmp,1591775520,2020-06-10 07:52:00+00:00
104284001,jinan-telecom,wuhan-telecom,42.9398,0.0,icmp,1591775640,2020-06-10 07:54:00+00:00
104284229,jinan-telecom,wuhan-telecom,48.7772,0.0,icmp,1591775760,2020-06-10 07:56:00+00:00
104284467,jinan-telecom,wuhan-telecom,39.7985,0.0,icmp,1591775824,2020-06-10 07:57:04+00:00
104284687,jinan-telecom,wuhan-telecom,39.4157,0.0,icmp,1591776019,2020-06-10 08:00:19+00:00
104284925,jinan-telecom,wuhan-telecom,47.0565,0.0,icmp,1591776120,2020-06-10 08:02:00+00:00
104285151,jinan-telecom,wuhan-telecom,47.7041,0.0,icmp,1591776240,2020-06-10 08:04:00+00:00
104285365,jinan-telecom,wuhan-telecom,39.3875,0.0,icmp,1591776379,2020-06-10 08:06:19+00:00
104285607,jinan-telecom,wuhan-telecom,46.1073,0.0,icmp,1591776480,2020-06-10 08:08:00+00:00
104285841,jinan-telecom,wuhan-telecom,39.5648,0.0,icmp,1591776605,2020-06-10 08:10:05+00:00
104286070,jinan-telecom,wuhan-telecom,47.1902,0.0,icmp,1591776720,2020-06-10 08:12:00+00:00
104286301,jinan-telecom,wuhan-telecom,45.4574,0.0,icmp,1591776840,2020-06-10 08:14:00+00:00
104286521,jinan-telecom,wuhan-telecom,39.4788,0.0,icmp,1591776905,2020-06-10 08:15:05+00:00
104286741,jinan-telecom,wuhan-telecom,48.8205,0.0,icmp,1591777080,2020-06-10 08:18:00+00:00
104286956,jinan-telecom,wuhan-telecom,45.7297,0.0,icmp,1591777200,2020-06-10 08:20:00+00:00
104287198,jinan-telecom,wuhan-telecom,47.7784,0.0,icmp,1591777320,2020-06-10 08:22:00+00:00
104287452,jinan-telecom,wuhan-telecom,48.3121,0.0,icmp,1591777440,2020-06-10 08:24:00+00:00
104287668,jinan-telecom,wuhan-telecom,39.3655,0.0,icmp,1591777579,2020-06-10 08:26:19+00:00
104287900,jinan-telecom,wuhan-telecom,49.1441,0.0,icmp,1591777680,2020-06-10 08:28:00+00:00
104288116,jinan-telecom,wuhan-telecom,47.1749,0.0,icmp,1591777800,2020-06-10 08:30:00+00:00
104288369,jinan-telecom,wuhan-telecom,39.6951,0.0,icmp,1591777939,2020-06-10 08:32:19+00:00
104288590,jinan-telecom,wuhan-telecom,48.9785,0.0,icmp,1591778040,2020-06-10 08:34:00+00:00
104288808,jinan-telecom,wuhan-telecom,39.5193,0.0,icmp,1591778179,2020-06-10 08:36:19+00:00
104289026,jinan-telecom,wuhan-telecom,48.4178,0.0,icmp,1591778280,2020-06-10 08:38:00+00:00
104289283,jinan-telecom,wuhan-telecom,48.4127,0.0,icmp,1591778400,2020-06-10 08:40:00+00:00
104289491,jinan-telecom,wuhan-telecom,39.5295,0.0,icmp,1591778479,2020-06-10 08:41:19+00:00
104289718,jinan-telecom,wuhan-telecom,47.9085,0.0,icmp,1591778640,2020-06-10 08:44:00+00:00
104289942,jinan-telecom,wuhan-telecom,48.7661,0.0,icmp,1591778760,2020-06-10 08:46:00+00:00
104290181,jinan-telecom,wuhan-telecom,49.8293,0.0,icmp,1591778880,2020-06-10 08:48:00+00:00
104290401,jinan-telecom,wuhan-telecom,48.2668,0.0,icmp,1591779000,2020-06-10 08:50:00+00:00
104290647,jinan-telecom,wuhan-telecom,47.5421,0.0,icmp,1591779120,2020-06-10 08:52:00+00:00
104290879,jinan-telecom,wuhan-telecom,39.4796,0.0,icmp,1591779259,2020-06-10 08:54:19+00:00
104291102,jinan-telecom,wuhan-telecom,46.637,0.0,icmp,1591779360,2020-06-10 08:56:00+00:00
104291342,jinan-telecom,wuhan-telecom,39.4533,0.0,icmp,1591779439,2020-06-10 08:57:19+00:00
104291561,jinan-telecom,wuhan-telecom,48.3913,0.0,icmp,1591779600,2020-06-10 09:00:00+00:00
104291798,jinan-telecom,wuhan-telecom,46.5014,0.0,icmp,1591779720,2020-06-10 09:02:00+00:00
104292014,jinan-telecom,wuhan-telecom,47.2121,0.0,icmp,1591779840,2020-06-10 09:04:00+00:00
104292259,jinan-telecom,wuhan-telecom,39.3887,0.0,icmp,1591779919,2020-06-10 09:05:19+00:00
104292473,jinan-telecom,wuhan-telecom,46.8533,0.0,icmp,1591780080,2020-06-10 09:08:00+00:00
104292692,jinan-telecom,wuhan-telecom,39.4522,0.0,icmp,1591780219,2020-06-10 09:10:19+00:00
104292942,jinan-telecom,wuhan-telecom,45.9478,0.0,icmp,1591780320,2020-06-10 09:12:00+00:00
104293148,jinan-telecom,wuhan-telecom,47.8678,0.0,icmp,1591780440,2020-06-10 09:14:00+00:00
104293379,jinan-telecom,wuhan-telecom,47.8885,0.0,icmp,1591780560,2020-06-10 09:16:00+00:00
104293619,jinan-telecom,wuhan-telecom,46.2417,0.0,icmp,1591780680,2020-06-10 09:18:00+00:00
104293841,jinan-telecom,wuhan-telecom,45.6029,0.0,icmp,1591780800,2020-06-10 09:20:00+00:00
104294077,jinan-telecom,wuhan-telecom,47.931,0.0,icmp,1591780920,2020-06-10 09:22:00+00:00
104294302,jinan-telecom,wuhan-telecom,46.9418,0.0,icmp,1591781040,2020-06-10 09:24:00+00:00
104294556,jinan-telecom,wuhan-telecom,48.346,0.0,icmp,1591781160,2020-06-10 09:26:00+00:00
104294777,jinan-telecom,wuhan-telecom,49.836,0.0,icmp,1591781280,2020-06-10 09:28:00+00:00
104294981,jinan-telecom,wuhan-telecom,47.475,0.0,icmp,1591781400,2020-06-10 09:30:00+00:00
104295241,jinan-telecom,wuhan-telecom,47.1842,0.0,icmp,1591781520,2020-06-10 09:32:00+00:00
104295447,jinan-telecom,wuhan-telecom,40.18,0.0,icmp,1591781640,2020-06-10 09:34:00+00:00
104295684,jinan-telecom,wuhan-telecom,52.1002,0.0,icmp,1591781760,2020-06-10 09:36:00+00:00
104295918,jinan-telecom,wuhan-telecom,39.8358,0.0,icmp,1591781839,2020-06-10 09:37:19+00:00
104296134,jinan-telecom,wuhan-telecom,39.3709,0.0,icmp,1591781959,2020-06-10 09:39:19+00:00
104296370,jinan-telecom,wuhan-telecom,45.8415,0.0,icmp,1591782120,2020-06-10 09:42:00+00:00
104296593,jinan-telecom,wuhan-telecom,47.8453,0.0,icmp,1591782240,2020-06-10 09:44:00+00:00
104296832,jinan-telecom,wuhan-telecom,45.7811,0.0,icmp,1591782360,2020-06-10 09:46:00+00:00
104297050,jinan-telecom,wuhan-telecom,39.575,0.0,icmp,1591782499,2020-06-10 09:48:19+00:00
104297276,jinan-telecom,wuhan-telecom,48.9713,0.0,icmp,1591782600,2020-06-10 09:50:00+00:00
104297520,jinan-telecom,wuhan-telecom,39.3617,0.0,icmp,1591782679,2020-06-10 09:51:19+00:00
104297755,jinan-telecom,wuhan-telecom,39.4115,0.0,icmp,1591782799,2020-06-10 09:53:19+00:00
104297973,jinan-telecom,wuhan-telecom,39.4982,0.0,icmp,1591782965,2020-06-10 09:56:05+00:00
104298194,jinan-telecom,wuhan-telecom,39.3432,0.0,icmp,1591783099,2020-06-10 09:58:19+00:00
104298445,jinan-telecom,wuhan-telecom,39.3376,0.0,icmp,1591783219,2020-06-10 10:00:19+00:00
104298671,jinan-telecom,wuhan-telecom,46.7447,0.0,icmp,1591783320,2020-06-10 10:02:00+00:00
104298873,jinan-telecom,wuhan-telecom,46.9346,0.0,icmp,1591783440,2020-06-10 10:04:00+00:00
104299123,jinan-telecom,wuhan-telecom,50.3477,0.0,icmp,1591783560,2020-06-10 10:06:00+00:00
104299336,jinan-telecom,wuhan-telecom,47.584,0.0,icmp,1591783680,2020-06-10 10:08:00+00:00
104299556,jinan-telecom,wuhan-telecom,39.5051,0.0,icmp,1591783819,2020-06-10 10:10:19+00:00
104299800,jinan-telecom,wuhan-telecom,48.2294,0.0,icmp,1591783920,2020-06-10 10:12:00+00:00
104300040,jinan-telecom,wuhan-telecom,43.7412,0.0,icmp,1591784040,2020-06-10 10:14:00+00:00
104300273,jinan-telecom,wuhan-telecom,40.1381,0.0,icmp,1591784160,2020-06-10 10:16:00+00:00
104300496,jinan-telecom,wuhan-telecom,46.2512,0.0,icmp,1591784280,2020-06-10 10:18:00+00:00
104300714,jinan-telecom,wuhan-telecom,39.552,0.0,icmp,1591784359,2020-06-10 10:19:19+00:00
104300924,jinan-telecom,wuhan-telecom,46.9762,0.0,icmp,1591784520,2020-06-10 10:22:00+00:00
104301168,jinan-telecom,wuhan-telecom,50.2077,0.0,icmp,1591784640,2020-06-10 10:24:00+00:00
104301399,jinan-telecom,wuhan-telecom,46.3433,0.0,icmp,1591784760,2020-06-10 10:26:00+00:00
104301646,jinan-telecom,wuhan-telecom,48.0946,0.0,icmp,1591784880,2020-06-10 10:28:00+00:00
104301864,jinan-telecom,wuhan-telecom,46.4048,0.0,icmp,1591785000,2020-06-10 10:30:00+00:00
104302085,jinan-telecom,wuhan-telecom,45.7716,0.0,icmp,1591785120,2020-06-10 10:32:00+00:00
104302305,jinan-telecom,wuhan-telecom,39.3499,0.0,icmp,1591785259,2020-06-10 10:34:19+00:00
104302536,jinan-telecom,wuhan-telecom,51.0342,0.0,icmp,1591785360,2020-06-10 10:36:00+00:00
104302766,jinan-telecom,wuhan-telecom,40.9553,0.0,icmp,1591785480,2020-06-10 10:38:00+00:00
104303014,jinan-telecom,wuhan-telecom,47.8008,0.0,icmp,1591785600,2020-06-10 10:40:00+00:00
104303260,jinan-telecom,wuhan-telecom,47.9879,0.0,icmp,1591785720,2020-06-10 10:42:00+00:00
104303484,jinan-telecom,wuhan-telecom,48.0559,0.0,icmp,1591785840,2020-06-10 10:44:00+00:00
104303710,jinan-telecom,wuhan-telecom,50.2804,0.0,icmp,1591785960,2020-06-10 10:46:00+00:00
104303930,jinan-telecom,wuhan-telecom,51.7293,0.0,icmp,1591786080,2020-06-10 10:48:00+00:00
104304155,jinan-telecom,wuhan-telecom,49.9492,0.0,icmp,1591786200,2020-06-10 10:50:00+00:00
104304392,jinan-telecom,wuhan-telecom,48.4059,0.0,icmp,1591786320,2020-06-10 10:52:00+00:00
104304616,jinan-telecom,wuhan-telecom,47.0715,0.0,icmp,1591786440,2020-06-10 10:54:00+00:00
104304833,jinan-telecom,wuhan-telecom,47.7582,0.0,icmp,1591786560,2020-06-10 10:56:00+00:00
104305056,jinan-telecom,wuhan-telecom,48.7444,0.0,icmp,1591786680,2020-06-10 10:58:00+00:00
104305298,jinan-telecom,wuhan-telecom,39.5296,0.0,icmp,1591786805,2020-06-10 11:00:05+00:00
104305514,jinan-telecom,wuhan-telecom,39.3334,0.0,icmp,1591786939,2020-06-10 11:02:19+00:00
104305762,jinan-telecom,wuhan-telecom,39.4348,0.0,icmp,1591787059,2020-06-10 11:04:19+00:00
104305987,jinan-telecom,wuhan-telecom,50.7077,0.0,icmp,1591787160,2020-06-10 11:06:00+00:00
104306215,jinan-telecom,wuhan-telecom,39.3569,0.0,icmp,1591787299,2020-06-10 11:08:19+00:00
104306457,jinan-telecom,wuhan-telecom,48.621,0.0,icmp,1591787400,2020-06-10 11:10:00+00:00
104306664,jinan-telecom,wuhan-telecom,39.4922,0.0,icmp,1591787539,2020-06-10 11:12:19+00:00
104306899,jinan-telecom,wuhan-telecom,47.1223,0.0,icmp,1591787640,2020-06-10 11:14:00+00:00
104307144,jinan-telecom,wuhan-telecom,47.4141,0.0,icmp,1591787760,2020-06-10 11:16:00+00:00
104307374,jinan-telecom,wuhan-telecom,49.5402,0.0,icmp,1591787880,2020-06-10 11:18:00+00:00
104307596,jinan-telecom,wuhan-telecom,48.5463,0.0,icmp,1591788000,2020-06-10 11:20:00+00:00
104307831,jinan-telecom,wuhan-telecom,39.3321,0.0,icmp,1591788139,2020-06-10 11:22:19+00:00
104308043,jinan-telecom,wuhan-telecom,47.621,0.0,icmp,1591788240,2020-06-10 11:24:00+00:00
104308290,jinan-telecom,wuhan-telecom,39.4571,0.0,icmp,1591788319,2020-06-10 11:25:19+00:00
104308499,jinan-telecom,wuhan-telecom,48.9614,0.0,icmp,1591788480,2020-06-10 11:28:00+00:00
104308724,jinan-telecom,wuhan-telecom,39.5273,0.0,icmp,1591788619,2020-06-10 11:30:19+00:00
104308960,jinan-telecom,wuhan-telecom,46.8905,0.0,icmp,1591788720,2020-06-10 11:32:00+00:00
104309188,jinan-telecom,wuhan-telecom,46.6062,0.0,icmp,1591788840,2020-06-10 11:34:00+00:00
104309426,jinan-telecom,wuhan-telecom,39.6905,0.0,icmp,1591788964,2020-06-10 11:36:04+00:00
104309669,jinan-telecom,wuhan-telecom,49.7994,0.0,icmp,1591789080,2020-06-10 11:38:00+00:00
104309894,jinan-telecom,wuhan-telecom,39.584,0.0,icmp,1591789219,2020-06-10 11:40:19+00:00
104310116,jinan-telecom,wuhan-telecom,47.3943,0.0,icmp,1591789320,2020-06-10 11:42:00+00:00
104310343,jinan-telecom,wuhan-telecom,48.7305,0.0,icmp,1591789440,2020-06-10 11:44:00+00:00
104310554,jinan-telecom,wuhan-telecom,46.3032,0.0,icmp,1591789560,2020-06-10 11:46:00+00:00
104310792,jinan-telecom,wuhan-telecom,47.0746,0.0,icmp,1591789680,2020-06-10 11:48:00+00:00
104311024,jinan-telecom,wuhan-telecom,44.7822,0.0,icmp,1591789800,2020-06-10 11:50:00+00:00
104311259,jinan-telecom,wuhan-telecom,46.9712,0.0,icmp,1591789920,2020-06-10 11:52:00+00:00
104311472,jinan-telecom,wuhan-telecom,51.6364,0.0,icmp,1591790040,2020-06-10 11:54:00+00:00
104311722,jinan-telecom,wuhan-telecom,43.745,0.0,icmp,1591790160,2020-06-10 11:56:00+00:00
104311943,jinan-telecom,wuhan-telecom,39.4688,0.0,icmp,1591790239,2020-06-10 11:57:19+00:00
104312169,jinan-telecom,wuhan-telecom,39.5795,0.0,icmp,1591790404,2020-06-10 12:00:04+00:00
104312409,jinan-telecom,wuhan-telecom,39.5505,0.0,icmp,1591790539,2020-06-10 12:02:19+00:00
104312615,jinan-telecom,wuhan-telecom,39.374,0.0,icmp,1591790659,2020-06-10 12:04:19+00:00
104312846,jinan-telecom,wuhan-telecom,39.3639,0.0,icmp,1591790779,2020-06-10 12:06:19+00:00
104313108,jinan-telecom,wuhan-telecom,39.3502,0.0,icmp,1591790899,2020-06-10 12:08:19+00:00
104313316,jinan-telecom,wuhan-telecom,39.62,0.0,icmp,1591791019,2020-06-10 12:10:19+00:00
104313551,jinan-telecom,wuhan-telecom,45.5068,0.0,icmp,1591791120,2020-06-10 12:12:00+00:00
104313771,jinan-telecom,wuhan-telecom,39.5363,0.0,icmp,1591791199,2020-06-10 12:13:19+00:00
104313987,jinan-telecom,wuhan-telecom,47.6839,0.0,icmp,1591791360,2020-06-10 12:16:00+00:00
104314236,jinan-telecom,wuhan-telecom,51.7,0.0,icmp,1591791480,2020-06-10 12:18:00+00:00
104314447,jinan-telecom,wuhan-telecom,51.9259,0.0,icmp,1591791600,2020-06-10 12:20:00+00:00
104314674,jinan-telecom,wuhan-telecom,48.8644,0.0,icmp,1591791720,2020-06-10 12:22:00+00:00
104314900,jinan-telecom,wuhan-telecom,46.7881,0.0,icmp,1591791840,2020-06-10 12:24:00+00:00
104315141,jinan-telecom,wuhan-telecom,49.7296,0.0,icmp,1591791960,2020-06-10 12:26:00+00:00
104315365,jinan-telecom,wuhan-telecom,48.0059,0.0,icmp,1591792080,2020-06-10 12:28:00+00:00
104315591,jinan-telecom,wuhan-telecom,39.3657,0.0,icmp,1591792159,2020-06-10 12:29:19+00:00
104315844,jinan-telecom,wuhan-telecom,46.1598,0.0,icmp,1591792320,2020-06-10 12:32:00+00:00
104316062,jinan-telecom,wuhan-telecom,47.7868,0.0,icmp,1591792440,2020-06-10 12:34:00+00:00
104316281,jinan-telecom,wuhan-telecom,51.2723,0.0,icmp,1591792560,2020-06-10 12:36:00+00:00
104316531,jinan-telecom,wuhan-telecom,46.9287,0.0,icmp,1591792680,2020-06-10 12:38:00+00:00
104316755,jinan-telecom,wuhan-telecom,48.3894,0.0,icmp,1591792800,2020-06-10 12:40:00+00:00
104316978,jinan-telecom,wuhan-telecom,49.8409,0.0,icmp,1591792920,2020-06-10 12:42:00+00:00
104317198,jinan-telecom,wuhan-telecom,39.3521,0.0,icmp,1591792999,2020-06-10 12:43:19+00:00
104317436,jinan-telecom,wuhan-telecom,46.019,0.0,icmp,1591793160,2020-06-10 12:46:00+00:00
104317662,jinan-telecom,wuhan-telecom,45.8546,0.0,icmp,1591793280,2020-06-10 12:48:00+00:00
104317900,jinan-telecom,wuhan-telecom,47.9515,0.0,icmp,1591793400,2020-06-10 12:50:00+00:00
104318127,jinan-telecom,wuhan-telecom,39.3839,0.0,icmp,1591793539,2020-06-10 12:52:19+00:00
104318349,jinan-telecom,wuhan-telecom,48.5715,0.0,icmp,1591793640,2020-06-10 12:54:00+00:00
104318592,jinan-telecom,wuhan-telecom,39.3972,0.0,icmp,1591793779,2020-06-10 12:56:19+00:00
104318804,jinan-telecom,wuhan-telecom,52.1761,0.0,icmp,1591793880,2020-06-10 12:58:00+00:00
104319026,jinan-telecom,wuhan-telecom,49.262,0.0,icmp,1591794000,2020-06-10 13:00:00+00:00
104319264,jinan-telecom,wuhan-telecom,40.1171,0.0,icmp,1591794079,2020-06-10 13:01:19+00:00
104319502,jinan-telecom,wuhan-telecom,50.4267,0.0,icmp,1591794240,2020-06-10 13:04:00+00:00
104319729,jinan-telecom,wuhan-telecom,49.6542,0.0,icmp,1591794360,2020-06-10 13:06:00+00:00
104319944,jinan-telecom,wuhan-telecom,48.9072,0.0,icmp,1591794480,2020-06-10 13:08:00+00:00
104320189,jinan-telecom,wuhan-telecom,47.9743,0.0,icmp,1591794600,2020-06-10 13:10:00+00:00
104320417,jinan-telecom,wuhan-telecom,48.8333,0.0,icmp,1591794720,2020-06-10 13:12:00+00:00
104320632,jinan-telecom,wuhan-telecom,39.6791,0.0,icmp,1591794799,2020-06-10 13:13:19+00:00
104320885,jinan-telecom,wuhan-telecom,47.3778,0.0,icmp,1591794960,2020-06-10 13:16:00+00:00
104321088,jinan-telecom,wuhan-telecom,45.2914,0.0,icmp,1591795080,2020-06-10 13:18:00+00:00
104321339,jinan-telecom,wuhan-telecom,39.359,0.0,icmp,1591795219,2020-06-10 13:20:19+00:00
104321571,jinan-telecom,wuhan-telecom,39.4434,0.0,icmp,1591795339,2020-06-10 13:22:19+00:00
104321779,jinan-telecom,wuhan-telecom,47.9818,0.0,icmp,1591795440,2020-06-10 13:24:00+00:00
104322007,jinan-telecom,wuhan-telecom,39.8823,0.0,icmp,1591795579,2020-06-10 13:26:19+00:00
104322243,jinan-telecom,wuhan-telecom,45.5486,0.0,icmp,1591795680,2020-06-10 13:28:00+00:00
104322465,jinan-telecom,wuhan-telecom,46.6817,0.0,icmp,1591795800,2020-06-10 13:30:00+00:00
104322705,jinan-telecom,wuhan-telecom,48.5795,0.0,icmp,1591795920,2020-06-10 13:32:00+00:00
104322946,jinan-telecom,wuhan-telecom,49.1393,0.0,icmp,1591796040,2020-06-10 13:34:00+00:00
104323167,jinan-telecom,wuhan-telecom,39.4232,0.0,icmp,1591796179,2020-06-10 13:36:19+00:00
104323397,jinan-telecom,wuhan-telecom,48.7713,0.0,icmp,1591796280,2020-06-10 13:38:00+00:00
104323612,jinan-telecom,wuhan-telecom,39.3765,0.0,icmp,1591796419,2020-06-10 13:40:19+00:00
104323850,jinan-telecom,wuhan-telecom,39.6593,0.0,icmp,1591796539,2020-06-10 13:42:19+00:00
104324066,jinan-telecom,wuhan-telecom,50.1751,0.0,icmp,1591796640,2020-06-10 13:44:00+00:00
104324309,jinan-telecom,wuhan-telecom,48.8294,0.0,icmp,1591796760,2020-06-10 13:46:00+00:00
104324517,jinan-telecom,wuhan-telecom,48.5859,0.0,icmp,1591796880,2020-06-10 13:48:00+00:00
104324774,jinan-telecom,wuhan-telecom,49.2224,0.0,icmp,1591797000,2020-06-10 13:50:00+00:00
104324983,jinan-telecom,wuhan-telecom,49.0693,0.0,icmp,1591797120,2020-06-10 13:52:00+00:00
104325221,jinan-telecom,wuhan-telecom,46.8045,0.0,icmp,1591797240,2020-06-10 13:54:00+00:00
104325447,jinan-telecom,wuhan-telecom,45.3688,0.0,icmp,1591797360,2020-06-10 13:56:00+00:00
104325666,jinan-telecom,wuhan-telecom,47.5504,0.0,icmp,1591797480,2020-06-10 13:58:00+00:00
104325913,jinan-telecom,wuhan-telecom,39.3662,0.0,icmp,1591797619,2020-06-10 14:00:19+00:00
104326129,jinan-telecom,wuhan-telecom,48.0722,0.0,icmp,1591797720,2020-06-10 14:02:00+00:00
104326359,jinan-telecom,wuhan-telecom,39.3904,0.0,icmp,1591797799,2020-06-10 14:03:19+00:00
104326599,jinan-telecom,wuhan-telecom,48.6344,0.0,icmp,1591797960,2020-06-10 14:06:00+00:00
104326822,jinan-telecom,wuhan-telecom,49.9298,0.0,icmp,1591798080,2020-06-10 14:08:00+00:00
104327064,jinan-telecom,wuhan-telecom,48.0268,0.0,icmp,1591798200,2020-06-10 14:10:00+00:00
104327296,jinan-telecom,wuhan-telecom,48.1374,0.0,icmp,1591798320,2020-06-10 14:12:00+00:00
104327507,jinan-telecom,wuhan-telecom,39.3462,0.0,icmp,1591798399,2020-06-10 14:13:19+00:00
104327746,jinan-telecom,wuhan-telecom,44.982,0.0,icmp,1591798560,2020-06-10 14:16:00+00:00
104327956,jinan-telecom,wuhan-telecom,48.5191,0.0,icmp,1591798680,2020-06-10 14:18:00+00:00
104328221,jinan-telecom,wuhan-telecom,50.4162,0.0,icmp,1591798800,2020-06-10 14:20:00+00:00
104328443,jinan-telecom,wuhan-telecom,46.7308,0.0,icmp,1591798920,2020-06-10 14:22:00+00:00
104328645,jinan-telecom,wuhan-telecom,48.7343,0.0,icmp,1591799040,2020-06-10 14:24:00+00:00
104328891,jinan-telecom,wuhan-telecom,39.4337,0.0,icmp,1591799119,2020-06-10 14:25:19+00:00
104329101,jinan-telecom,wuhan-telecom,47.6099,0.0,icmp,1591799280,2020-06-10 14:28:00+00:00
104329332,jinan-telecom,wuhan-telecom,39.8824,0.0,icmp,1591799400,2020-06-10 14:30:00+00:00
104329560,jinan-telecom,wuhan-telecom,48.2989,0.0,icmp,1591799520,2020-06-10 14:32:00+00:00
104329801,jinan-telecom,wuhan-telecom,44.155,0.0,icmp,1591799640,2020-06-10 14:34:00+00:00
104330016,jinan-telecom,wuhan-telecom,47.6266,0.0,icmp,1591799760,2020-06-10 14:36:00+00:00
104330248,jinan-telecom,wuhan-telecom,46.6043,0.0,icmp,1591799880,2020-06-10 14:38:00+00:00
104330504,jinan-telecom,wuhan-telecom,45.8604,0.0,icmp,1591800000,2020-06-10 14:40:00+00:00
104330720,jinan-telecom,wuhan-telecom,51.6682,0.0,icmp,1591800120,2020-06-10 14:42:00+00:00
104330952,jinan-telecom,wuhan-telecom,47.9689,0.0,icmp,1591800240,2020-06-10 14:44:00+00:00
104331161,jinan-telecom,wuhan-telecom,47.3554,0.0,icmp,1591800360,2020-06-10 14:46:00+00:00
104331416,jinan-telecom,wuhan-telecom,39.323,0.0,icmp,1591800499,2020-06-10 14:48:19+00:00
104331631,jinan-telecom,wuhan-telecom,50.5524,0.0,icmp,1591800600,2020-06-10 14:50:00+00:00
104331857,jinan-telecom,wuhan-telecom,48.5403,0.0,icmp,1591800720,2020-06-10 14:52:00+00:00
104332078,jinan-telecom,wuhan-telecom,46.1661,0.0,icmp,1591800840,2020-06-10 14:54:00+00:00
104332336,jinan-telecom,wuhan-telecom,46.441,0.0,icmp,1591800960,2020-06-10 14:56:00+00:00
104332540,jinan-telecom,wuhan-telecom,48.6109,0.0,icmp,1591801080,2020-06-10 14:58:00+00:00
104332781,jinan-telecom,wuhan-telecom,51.5194,0.0,icmp,1591801200,2020-06-10 15:00:00+00:00
104333008,jinan-telecom,wuhan-telecom,39.4383,0.0,icmp,1591801279,2020-06-10 15:01:19+00:00
104333223,jinan-telecom,wuhan-telecom,42.3849,0.0,icmp,1591801440,2020-06-10 15:04:00+00:00
104333472,jinan-telecom,wuhan-telecom,39.331,0.0,icmp,1591801579,2020-06-10 15:06:19+00:00
104333696,jinan-telecom,wuhan-telecom,49.4796,0.0,icmp,1591801680,2020-06-10 15:08:00+00:00
104333928,jinan-telecom,wuhan-telecom,48.0868,0.0,icmp,1591801800,2020-06-10 15:10:00+00:00
104334138,jinan-telecom,wuhan-telecom,39.4465,0.0,icmp,1591801879,2020-06-10 15:11:19+00:00
104334390,jinan-telecom,wuhan-telecom,47.2974,0.0,icmp,1591802040,2020-06-10 15:14:00+00:00
104334609,jinan-telecom,wuhan-telecom,39.5249,0.0,icmp,1591802119,2020-06-10 15:15:19+00:00
104334837,jinan-telecom,wuhan-telecom,51.4594,0.0,icmp,1591802280,2020-06-10 15:18:00+00:00
104335070,jinan-telecom,wuhan-telecom,48.909,0.0,icmp,1591802400,2020-06-10 15:20:00+00:00
104335299,jinan-telecom,wuhan-telecom,39.5211,0.0,icmp,1591802539,2020-06-10 15:22:19+00:00
104335514,jinan-telecom,wuhan-telecom,39.5597,0.0,icmp,1591802659,2020-06-10 15:24:19+00:00
104335770,jinan-telecom,wuhan-telecom,45.4929,0.0,icmp,1591802760,2020-06-10 15:26:00+00:00
104335990,jinan-telecom,wuhan-telecom,49.6815,0.0,icmp,1591802880,2020-06-10 15:28:00+00:00
104336222,jinan-telecom,wuhan-telecom,47.5692,0.0,icmp,1591803000,2020-06-10 15:30:00+00:00
104336429,jinan-telecom,wuhan-telecom,49.5957,0.0,icmp,1591803120,2020-06-10 15:32:00+00:00
104336672,jinan-telecom,wuhan-telecom,39.7126,0.0,icmp,1591803259,2020-06-10 15:34:19+00:00
104336899,jinan-telecom,wuhan-telecom,46.2035,0.0,icmp,1591803360,2020-06-10 15:36:00+00:00
104337146,jinan-telecom,wuhan-telecom,49.3978,0.0,icmp,1591803480,2020-06-10 15:38:00+00:00
104337355,jinan-telecom,wuhan-telecom,52.8096,0.0,icmp,1591803600,2020-06-10 15:40:00+00:00
104337582,jinan-telecom,wuhan-telecom,43.6457,0.0,icmp,1591803720,2020-06-10 15:42:00+00:00
104337817,jinan-telecom,wuhan-telecom,44.6108,0.0,icmp,1591803840,2020-06-10 15:44:00+00:00
104338047,jinan-telecom,wuhan-telecom,49.1564,0.0,icmp,1591803960,2020-06-10 15:46:00+00:00
104338279,jinan-telecom,wuhan-telecom,46.3529,0.0,icmp,1591804080,2020-06-10 15:48:00+00:00
104338506,jinan-telecom,wuhan-telecom,47.7192,0.0,icmp,1591804200,2020-06-10 15:50:00+00:00
104338744,jinan-telecom,wuhan-telecom,39.3642,0.0,icmp,1591804279,2020-06-10 15:51:19+00:00
104338983,jinan-telecom,wuhan-telecom,49.6818,0.0,icmp,1591804440,2020-06-10 15:54:00+00:00
104339201,jinan-telecom,wuhan-telecom,47.9175,0.0,icmp,1591804560,2020-06-10 15:56:00+00:00
104339431,jinan-telecom,wuhan-telecom,41.9526,0.0,icmp,1591804680,2020-06-10 15:58:00+00:00
104339643,jinan-telecom,wuhan-telecom,46.3958,0.0,icmp,1591804800,2020-06-10 16:00:00+00:00
104339892,jinan-telecom,wuhan-telecom,46.1117,0.0,icmp,1591804920,2020-06-10 16:02:00+00:00
104340087,jinan-telecom,wuhan-telecom,39.3424,0.0,icmp,1591805059,2020-06-10 16:04:19+00:00
104340332,jinan-telecom,wuhan-telecom,45.5488,0.0,icmp,1591805160,2020-06-10 16:06:00+00:00
104340571,jinan-telecom,wuhan-telecom,45.859,0.0,icmp,1591805280,2020-06-10 16:08:00+00:00
104340794,jinan-telecom,wuhan-telecom,47.0822,0.0,icmp,1591805400,2020-06-10 16:10:00+00:00
104341026,jinan-telecom,wuhan-telecom,42.8867,0.0,icmp,1591805464,2020-06-10 16:11:04+00:00
104341251,jinan-telecom,wuhan-telecom,47.3961,0.0,icmp,1591805640,2020-06-10 16:14:00+00:00
104341490,jinan-telecom,wuhan-telecom,47.687,0.0,icmp,1591805760,2020-06-10 16:16:00+00:00
104341706,jinan-telecom,wuhan-telecom,46.8603,0.0,icmp,1591805880,2020-06-10 16:18:00+00:00
104341940,jinan-telecom,wuhan-telecom,47.2267,0.0,icmp,1591806000,2020-06-10 16:20:00+00:00
104342155,jinan-telecom,wuhan-telecom,44.2469,0.0,icmp,1591806120,2020-06-10 16:22:00+00:00
104342402,jinan-telecom,wuhan-telecom,39.5982,0.0,icmp,1591806199,2020-06-10 16:23:19+00:00
104342610,jinan-telecom,wuhan-telecom,46.5992,0.0,icmp,1591806360,2020-06-10 16:26:00+00:00
104342860,jinan-telecom,wuhan-telecom,47.3109,0.0,icmp,1591806480,2020-06-10 16:28:00+00:00
104343070,jinan-telecom,wuhan-telecom,39.7353,0.0,icmp,1591806544,2020-06-10 16:29:04+00:00
109281643,jinan-telecom,wuhan-telecom,39.548,0.0,icmp,1591930339,2020-06-12 02:52:19+00:00
109281867,jinan-telecom,wuhan-telecom,46.5051,0.0,icmp,1591930500,2020-06-12 02:55:00+00:00
109282102,jinan-telecom,wuhan-telecom,46.0213,0.0,icmp,1591930620,2020-06-12 02:57:00+00:00
109282315,jinan-telecom,wuhan-telecom,47.1289,0.0,icmp,1591930740,2020-06-12 02:59:00+00:00
109282590,jinan-telecom,wuhan-telecom,47.4601,0.0,icmp,1591930860,2020-06-12 03:01:00+00:00
109282773,jinan-telecom,wuhan-telecom,44.7892,0.0,icmp,1591930980,2020-06-12 03:03:00+00:00
109282992,jinan-telecom,wuhan-telecom,47.702,0.0,icmp,1591931100,2020-06-12 03:05:00+00:00
109283236,jinan-telecom,wuhan-telecom,45.487,0.0,icmp,1591931220,2020-06-12 03:07:00+00:00
109283453,jinan-telecom,wuhan-telecom,39.3599,0.0,icmp,1591931359,2020-06-12 03:09:19+00:00
109283708,jinan-telecom,wuhan-telecom,46.8965,0.0,icmp,1591931460,2020-06-12 03:11:00+00:00
109283904,jinan-telecom,wuhan-telecom,46.6456,0.0,icmp,1591931580,2020-06-12 03:13:00+00:00
109284161,jinan-telecom,wuhan-telecom,39.3823,0.0,icmp,1591931659,2020-06-12 03:14:19+00:00
109284384,jinan-telecom,wuhan-telecom,46.098,0.0,icmp,1591931820,2020-06-12 03:17:00+00:00
109284622,jinan-telecom,wuhan-telecom,39.3355,0.0,icmp,1591931959,2020-06-12 03:19:19+00:00
109284836,jinan-telecom,wuhan-telecom,43.1263,0.0,icmp,1591932060,2020-06-12 03:21:00+00:00
109285065,jinan-telecom,wuhan-telecom,46.5315,0.0,icmp,1591932180,2020-06-12 03:23:00+00:00
109285309,jinan-telecom,wuhan-telecom,39.949,0.0,icmp,1591932300,2020-06-12 03:25:00+00:00
109285540,jinan-telecom,wuhan-telecom,48.4724,0.0,icmp,1591932420,2020-06-12 03:27:00+00:00
109285741,jinan-telecom,wuhan-telecom,46.761,0.0,icmp,1591932540,2020-06-12 03:29:00+00:00
109285969,jinan-telecom,wuhan-telecom,39.3804,0.0,icmp,1591932619,2020-06-12 03:30:19+00:00
109286222,jinan-telecom,wuhan-telecom,39.5733,0.0,icmp,1591932739,2020-06-12 03:32:19+00:00
109286443,jinan-telecom,wuhan-telecom,39.4779,0.0,icmp,1591932844,2020-06-12 03:34:04+00:00
109286665,jinan-telecom,wuhan-telecom,46.8917,0.0,icmp,1591933020,2020-06-12 03:37:00+00:00
109286914,jinan-telecom,wuhan-telecom,46.1539,0.0,icmp,1591933140,2020-06-12 03:39:00+00:00
109287131,jinan-telecom,wuhan-telecom,39.4563,0.0,icmp,1591933279,2020-06-12 03:41:19+00:00
109287348,jinan-telecom,wuhan-telecom,46.1928,0.0,icmp,1591933380,2020-06-12 03:43:00+00:00
109287587,jinan-telecom,wuhan-telecom,41.0127,0.0,icmp,1591933500,2020-06-12 03:45:00+00:00
109287802,jinan-telecom,wuhan-telecom,46.0072,0.0,icmp,1591933620,2020-06-12 03:47:00+00:00
109288019,jinan-telecom,wuhan-telecom,45.8022,0.0,icmp,1591933740,2020-06-12 03:49:00+00:00
109288299,jinan-telecom,wuhan-telecom,44.0017,0.0,icmp,1591933860,2020-06-12 03:51:00+00:00
109288515,jinan-telecom,wuhan-telecom,49.2818,0.0,icmp,1591933980,2020-06-12 03:53:00+00:00
109288760,jinan-telecom,wuhan-telecom,39.4787,0.0,icmp,1591934059,2020-06-12 03:54:19+00:00
109288955,jinan-telecom,wuhan-telecom,46.1716,0.0,icmp,1591934220,2020-06-12 03:57:00+00:00
109289193,jinan-telecom,wuhan-telecom,40.208,0.0,icmp,1591934340,2020-06-12 03:59:00+00:00
109289425,jinan-telecom,wuhan-telecom,47.2959,0.0,icmp,1591934460,2020-06-12 04:01:00+00:00
109289641,jinan-telecom,wuhan-telecom,39.5844,0.0,icmp,1591934539,2020-06-12 04:02:19+00:00
109289853,jinan-telecom,wuhan-telecom,41.3444,0.0,icmp,1591934700,2020-06-12 04:05:00+00:00
109290103,jinan-telecom,wuhan-telecom,46.6706,0.0,icmp,1591934820,2020-06-12 04:07:00+00:00
109290329,jinan-telecom,wuhan-telecom,39.3996,0.0,icmp,1591934959,2020-06-12 04:09:19+00:00
109290558,jinan-telecom,wuhan-telecom,47.903,0.0,icmp,1591935060,2020-06-12 04:11:00+00:00
109290790,jinan-telecom,wuhan-telecom,48.1072,0.0,icmp,1591935180,2020-06-12 04:13:00+00:00
109291011,jinan-telecom,wuhan-telecom,45.6417,0.0,icmp,1591935300,2020-06-12 04:15:00+00:00
109291246,jinan-telecom,wuhan-telecom,46.5249,0.0,icmp,1591935420,2020-06-12 04:17:00+00:00
109291497,jinan-telecom,wuhan-telecom,47.6317,0.0,icmp,1591935540,2020-06-12 04:19:00+00:00
109291710,jinan-telecom,wuhan-telecom,49.9004,0.0,icmp,1591935660,2020-06-12 04:21:00+00:00
109291937,jinan-telecom,wuhan-telecom,46.6632,0.0,icmp,1591935780,2020-06-12 04:23:00+00:00
109292181,jinan-telecom,wuhan-telecom,48.7855,0.0,icmp,1591935900,2020-06-12 04:25:00+00:00
109292404,jinan-telecom,wuhan-telecom,47.646,0.0,icmp,1591936020,2020-06-12 04:27:00+00:00
109292627,jinan-telecom,wuhan-telecom,39.3388,0.0,icmp,1591936159,2020-06-12 04:29:19+00:00
109292854,jinan-telecom,wuhan-telecom,39.5169,0.0,icmp,1591936279,2020-06-12 04:31:19+00:00
109293077,jinan-telecom,wuhan-telecom,47.3887,0.0,icmp,1591936380,2020-06-12 04:33:00+00:00
109293308,jinan-telecom,wuhan-telecom,39.534,0.0,icmp,1591936519,2020-06-12 04:35:19+00:00
109293549,jinan-telecom,wuhan-telecom,39.339,0.0,icmp,1591936639,2020-06-12 04:37:19+00:00
109293773,jinan-telecom,wuhan-telecom,46.1616,0.0,icmp,1591936740,2020-06-12 04:39:00+00:00
109293992,jinan-telecom,wuhan-telecom,47.5724,0.0,icmp,1591936860,2020-06-12 04:41:00+00:00
109294223,jinan-telecom,wuhan-telecom,39.3894,0.0,icmp,1591936999,2020-06-12 04:43:19+00:00
109294456,jinan-telecom,wuhan-telecom,39.3661,0.0,icmp,1591937119,2020-06-12 04:45:19+00:00
109294678,jinan-telecom,wuhan-telecom,42.9087,0.0,icmp,1591937220,2020-06-12 04:47:00+00:00
109294929,jinan-telecom,wuhan-telecom,47.3759,0.0,icmp,1591937340,2020-06-12 04:49:00+00:00
109295156,jinan-telecom,wuhan-telecom,47.237,0.0,icmp,1591937460,2020-06-12 04:51:00+00:00
109295377,jinan-telecom,wuhan-telecom,39.3656,0.0,icmp,1591937599,2020-06-12 04:53:19+00:00
109295603,jinan-telecom,wuhan-telecom,47.1222,0.0,icmp,1591937700,2020-06-12 04:55:00+00:00
109295851,jinan-telecom,wuhan-telecom,39.4069,0.0,icmp,1591937779,2020-06-12 04:56:19+00:00
109296051,jinan-telecom,wuhan-telecom,39.3969,0.0,icmp,1591937959,2020-06-12 04:59:19+00:00
109296286,jinan-telecom,wuhan-telecom,47.3925,0.0,icmp,1591938060,2020-06-12 05:01:00+00:00
109296516,jinan-telecom,wuhan-telecom,46.5961,0.0,icmp,1591938180,2020-06-12 05:03:00+00:00
109296744,jinan-telecom,wuhan-telecom,47.6816,0.0,icmp,1591938300,2020-06-12 05:05:00+00:00
109296970,jinan-telecom,wuhan-telecom,39.3847,0.0,icmp,1591938379,2020-06-12 05:06:19+00:00
109297217,jinan-telecom,wuhan-telecom,49.5747,0.0,icmp,1591938540,2020-06-12 05:09:00+00:00
109297460,jinan-telecom,wuhan-telecom,48.4059,0.0,icmp,1591938660,2020-06-12 05:11:00+00:00
109297678,jinan-telecom,wuhan-telecom,46.1802,0.0,icmp,1591938780,2020-06-12 05:13:00+00:00
109297892,jinan-telecom,wuhan-telecom,42.6992,0.0,icmp,1591938900,2020-06-12 05:15:00+00:00
109298116,jinan-telecom,wuhan-telecom,47.4164,0.0,icmp,1591939020,2020-06-12 05:17:00+00:00
109298362,jinan-telecom,wuhan-telecom,39.3707,0.0,icmp,1591939159,2020-06-12 05:19:19+00:00
109298578,jinan-telecom,wuhan-telecom,46.4772,0.0,icmp,1591939260,2020-06-12 05:21:00+00:00
109298818,jinan-telecom,wuhan-telecom,39.4812,0.0,icmp,1591939399,2020-06-12 05:23:19+00:00
109299028,jinan-telecom,wuhan-telecom,47.7158,0.0,icmp,1591939500,2020-06-12 05:25:00+00:00
109299261,jinan-telecom,wuhan-telecom,46.4998,0.0,icmp,1591939620,2020-06-12 05:27:00+00:00
109299507,jinan-telecom,wuhan-telecom,47.1683,0.0,icmp,1591939740,2020-06-12 05:29:00+00:00
109299756,jinan-telecom,wuhan-telecom,49.6108,0.0,icmp,1591939860,2020-06-12 05:31:00+00:00
109299939,jinan-telecom,wuhan-telecom,39.3299,0.0,icmp,1591939999,2020-06-12 05:33:19+00:00
109300190,jinan-telecom,wuhan-telecom,48.549,0.0,icmp,1591940100,2020-06-12 05:35:00+00:00
109300413,jinan-telecom,wuhan-telecom,46.2558,0.0,icmp,1591940220,2020-06-12 05:37:00+00:00
109300647,jinan-telecom,wuhan-telecom,46.6869,0.0,icmp,1591940340,2020-06-12 05:39:00+00:00
109300873,jinan-telecom,wuhan-telecom,46.2221,0.0,icmp,1591940460,2020-06-12 05:41:00+00:00
109301105,jinan-telecom,wuhan-telecom,46.5997,0.0,icmp,1591940580,2020-06-12 05:43:00+00:00
109301318,jinan-telecom,wuhan-telecom,47.1734,0.0,icmp,1591940700,2020-06-12 05:45:00+00:00
109301547,jinan-telecom,wuhan-telecom,44.5788,0.0,icmp,1591940820,2020-06-12 05:47:00+00:00
109301795,jinan-telecom,wuhan-telecom,47.4037,0.0,icmp,1591940940,2020-06-12 05:49:00+00:00
109301999,jinan-telecom,wuhan-telecom,48.0129,0.0,icmp,1591941060,2020-06-12 05:51:00+00:00
109302234,jinan-telecom,wuhan-telecom,48.4088,0.0,icmp,1591941180,2020-06-12 05:53:00+00:00
109302481,jinan-telecom,wuhan-telecom,44.3376,0.0,icmp,1591941300,2020-06-12 05:55:00+00:00
109302700,jinan-telecom,wuhan-telecom,47.8759,0.0,icmp,1591941420,2020-06-12 05:57:00+00:00
109302936,jinan-telecom,wuhan-telecom,39.326,0.0,icmp,1591941499,2020-06-12 05:58:19+00:00
109303144,jinan-telecom,wuhan-telecom,45.7295,0.0,icmp,1591941660,2020-06-12 06:01:00+00:00
109303373,jinan-telecom,wuhan-telecom,48.8377,0.0,icmp,1591941780,2020-06-12 06:03:00+00:00
109303615,jinan-telecom,wuhan-telecom,45.0733,0.0,icmp,1591941900,2020-06-12 06:05:00+00:00
109303855,jinan-telecom,wuhan-telecom,47.942,0.0,icmp,1591942020,2020-06-12 06:07:00+00:00
109304088,jinan-telecom,wuhan-telecom,39.3597,0.0,icmp,1591942159,2020-06-12 06:09:19+00:00
109304299,jinan-telecom,wuhan-telecom,48.0483,0.0,icmp,1591942260,2020-06-12 06:11:00+00:00
109304530,jinan-telecom,wuhan-telecom,48.3702,0.0,icmp,1591942380,2020-06-12 06:13:00+00:00
109304732,jinan-telecom,wuhan-telecom,39.4273,0.0,icmp,1591942459,2020-06-12 06:14:19+00:00
109304989,jinan-telecom,wuhan-telecom,45.9832,0.0,icmp,1591942620,2020-06-12 06:17:00+00:00
109305205,jinan-telecom,wuhan-telecom,39.3709,0.0,icmp,1591942699,2020-06-12 06:18:19+00:00
109305441,jinan-telecom,wuhan-telecom,39.4339,0.0,icmp,1591942804,2020-06-12 06:20:04+00:00
109305670,jinan-telecom,wuhan-telecom,47.781,0.0,icmp,1591942980,2020-06-12 06:23:00+00:00
109305896,jinan-telecom,wuhan-telecom,48.7577,0.0,icmp,1591943100,2020-06-12 06:25:00+00:00
109306140,jinan-telecom,wuhan-telecom,39.3592,0.0,icmp,1591943179,2020-06-12 06:26:19+00:00
109306364,jinan-telecom,wuhan-telecom,39.3437,0.0,icmp,1591943299,2020-06-12 06:28:19+00:00
109306618,jinan-telecom,wuhan-telecom,45.9478,0.0,icmp,1591943460,2020-06-12 06:31:00+00:00
109306826,jinan-telecom,wuhan-telecom,39.4547,0.0,icmp,1591943539,2020-06-12 06:32:19+00:00
109307057,jinan-telecom,wuhan-telecom,46.9597,0.0,icmp,1591943700,2020-06-12 06:35:00+00:00
109307288,jinan-telecom,wuhan-telecom,39.5432,0.0,icmp,1591943839,2020-06-12 06:37:19+00:00
109307511,jinan-telecom,wuhan-telecom,47.4559,0.0,icmp,1591943940,2020-06-12 06:39:00+00:00
109307749,jinan-telecom,wuhan-telecom,46.4043,0.0,icmp,1591944060,2020-06-12 06:41:00+00:00
109307976,jinan-telecom,wuhan-telecom,48.1397,0.0,icmp,1591944180,2020-06-12 06:43:00+00:00
109308187,jinan-telecom,wuhan-telecom,39.5147,0.0,icmp,1591944259,2020-06-12 06:44:19+00:00
109308430,jinan-telecom,wuhan-telecom,39.3409,0.0,icmp,1591944439,2020-06-12 06:47:19+00:00
109308666,jinan-telecom,wuhan-telecom,47.6988,0.0,icmp,1591944540,2020-06-12 06:49:00+00:00
109308898,jinan-telecom,wuhan-telecom,46.9488,0.0,icmp,1591944660,2020-06-12 06:51:00+00:00
109309112,jinan-telecom,wuhan-telecom,48.9335,0.0,icmp,1591944780,2020-06-12 06:53:00+00:00
109309349,jinan-telecom,wuhan-telecom,39.7056,0.0,icmp,1591944919,2020-06-12 06:55:19+00:00
109309559,jinan-telecom,wuhan-telecom,46.5888,0.0,icmp,1591945020,2020-06-12 06:57:00+00:00
109309785,jinan-telecom,wuhan-telecom,45.5826,0.0,icmp,1591945140,2020-06-12 06:59:00+00:00
109310046,jinan-telecom,wuhan-telecom,39.4356,0.0,icmp,1591945219,2020-06-12 07:00:19+00:00
109310270,jinan-telecom,wuhan-telecom,43.6091,0.0,icmp,1591945380,2020-06-12 07:03:00+00:00
109310499,jinan-telecom,wuhan-telecom,46.0696,0.0,icmp,1591945500,2020-06-12 07:05:00+00:00
109310718,jinan-telecom,wuhan-telecom,46.922,0.0,icmp,1591945620,2020-06-12 07:07:00+00:00
109310953,jinan-telecom,wuhan-telecom,46.3768,0.0,icmp,1591945740,2020-06-12 07:09:00+00:00
109311207,jinan-telecom,wuhan-telecom,46.5897,0.0,icmp,1591945860,2020-06-12 07:11:00+00:00
109311403,jinan-telecom,wuhan-telecom,46.3877,0.0,icmp,1591945980,2020-06-12 07:13:00+00:00
109311633,jinan-telecom,wuhan-telecom,47.05,0.0,icmp,1591946100,2020-06-12 07:15:00+00:00
109311876,jinan-telecom,wuhan-telecom,46.2068,0.0,icmp,1591946220,2020-06-12 07:17:00+00:00
109312099,jinan-telecom,wuhan-telecom,47.8962,0.0,icmp,1591946340,2020-06-12 07:19:00+00:00
109312345,jinan-telecom,wuhan-telecom,47.8671,0.0,icmp,1591946460,2020-06-12 07:21:00+00:00
109312537,jinan-telecom,wuhan-telecom,39.4391,0.0,icmp,1591946599,2020-06-12 07:23:19+00:00
109312786,jinan-telecom,wuhan-telecom,46.6093,0.0,icmp,1591946700,2020-06-12 07:25:00+00:00
109313003,jinan-telecom,wuhan-telecom,47.7711,0.0,icmp,1591946820,2020-06-12 07:27:00+00:00
109313238,jinan-telecom,wuhan-telecom,39.6348,0.0,icmp,1591946899,2020-06-12 07:28:19+00:00
109313479,jinan-telecom,wuhan-telecom,47.8531,0.0,icmp,1591947060,2020-06-12 07:31:00+00:00
109313705,jinan-telecom,wuhan-telecom,39.3448,0.0,icmp,1591947139,2020-06-12 07:32:19+00:00
109313928,jinan-telecom,wuhan-telecom,48.1979,0.0,icmp,1591947300,2020-06-12 07:35:00+00:00
109314148,jinan-telecom,wuhan-telecom,47.3386,0.0,icmp,1591947420,2020-06-12 07:37:00+00:00
109314391,jinan-telecom,wuhan-telecom,46.5363,0.0,icmp,1591947540,2020-06-12 07:39:00+00:00
109314614,jinan-telecom,wuhan-telecom,45.8673,0.0,icmp,1591947660,2020-06-12 07:41:00+00:00
109314824,jinan-telecom,wuhan-telecom,47.8029,0.0,icmp,1591947780,2020-06-12 07:43:00+00:00
109315077,jinan-telecom,wuhan-telecom,47.2734,0.0,icmp,1591947900,2020-06-12 07:45:00+00:00
109315310,jinan-telecom,wuhan-telecom,45.6598,0.0,icmp,1591948020,2020-06-12 07:47:00+00:00
109315533,jinan-telecom,wuhan-telecom,48.8822,0.0,icmp,1591948140,2020-06-12 07:49:00+00:00
109315751,jinan-telecom,wuhan-telecom,40.9391,0.0,icmp,1591948260,2020-06-12 07:51:00+00:00
109315982,jinan-telecom,wuhan-telecom,48.0651,0.0,icmp,1591948380,2020-06-12 07:53:00+00:00
109316208,jinan-telecom,wuhan-telecom,45.9155,0.0,icmp,1591948500,2020-06-12 07:55:00+00:00
109316437,jinan-telecom,wuhan-telecom,45.4665,0.0,icmp,1591948620,2020-06-12 07:57:00+00:00
109316673,jinan-telecom,wuhan-telecom,48.3756,0.0,icmp,1591948740,2020-06-12 07:59:00+00:00
109316945,jinan-telecom,wuhan-telecom,45.7577,0.0,icmp,1591948860,2020-06-12 08:01:00+00:00
109317130,jinan-telecom,wuhan-telecom,46.4594,0.0,icmp,1591948980,2020-06-12 08:03:00+00:00
109317338,jinan-telecom,wuhan-telecom,45.2464,0.0,icmp,1591949100,2020-06-12 08:05:00+00:00
109317572,jinan-telecom,wuhan-telecom,47.1248,0.0,icmp,1591949220,2020-06-12 08:07:00+00:00
109317801,jinan-telecom,wuhan-telecom,45.6039,0.0,icmp,1591949340,2020-06-12 08:09:00+00:00
109318054,jinan-telecom,wuhan-telecom,47.1928,0.0,icmp,1591949460,2020-06-12 08:11:00+00:00
109318288,jinan-telecom,wuhan-telecom,47.6466,0.0,icmp,1591949580,2020-06-12 08:13:00+00:00
109318503,jinan-telecom,wuhan-telecom,39.5703,0.0,icmp,1591949645,2020-06-12 08:14:05+00:00
109318737,jinan-telecom,wuhan-telecom,39.3448,0.0,icmp,1591949839,2020-06-12 08:17:19+00:00
109318946,jinan-telecom,wuhan-telecom,46.8937,0.0,icmp,1591949940,2020-06-12 08:19:00+00:00
109319186,jinan-telecom,wuhan-telecom,47.6097,0.0,icmp,1591950060,2020-06-12 08:21:00+00:00
109319418,jinan-telecom,wuhan-telecom,49.3276,0.0,icmp,1591950180,2020-06-12 08:23:00+00:00
109319652,jinan-telecom,wuhan-telecom,45.6168,0.0,icmp,1591950300,2020-06-12 08:25:00+00:00
109319869,jinan-telecom,wuhan-telecom,39.4792,0.0,icmp,1591950439,2020-06-12 08:27:19+00:00
109320093,jinan-telecom,wuhan-telecom,48.2928,0.0,icmp,1591950540,2020-06-12 08:29:00+00:00
109320330,jinan-telecom,wuhan-telecom,48.0066,0.0,icmp,1591950660,2020-06-12 08:31:00+00:00
109320551,jinan-telecom,wuhan-telecom,46.4467,0.0,icmp,1591950780,2020-06-12 08:33:00+00:00
109320792,jinan-telecom,wuhan-telecom,39.3675,0.0,icmp,1591950919,2020-06-12 08:35:19+00:00
109321018,jinan-telecom,wuhan-telecom,46.9499,0.0,icmp,1591951020,2020-06-12 08:37:00+00:00
109321264,jinan-telecom,wuhan-telecom,46.8171,0.0,icmp,1591951140,2020-06-12 08:39:00+00:00
109321507,jinan-telecom,wuhan-telecom,45.5868,0.0,icmp,1591951260,2020-06-12 08:41:00+00:00
109321707,jinan-telecom,wuhan-telecom,46.8781,0.0,icmp,1591951380,2020-06-12 08:43:00+00:00
109321929,jinan-telecom,wuhan-telecom,46.7851,0.0,icmp,1591951500,2020-06-12 08:45:00+00:00
109322164,jinan-telecom,wuhan-telecom,45.5477,0.0,icmp,1591951620,2020-06-12 08:47:00+00:00
109322391,jinan-telecom,wuhan-telecom,46.9411,0.0,icmp,1591951740,2020-06-12 08:49:00+00:00
109322637,jinan-telecom,wuhan-telecom,48.6528,0.0,icmp,1591951860,2020-06-12 08:51:00+00:00
109322840,jinan-telecom,wuhan-telecom,48.5552,0.0,icmp,1591951980,2020-06-12 08:53:00+00:00
109323075,jinan-telecom,wuhan-telecom,40.7924,0.0,icmp,1591952100,2020-06-12 08:55:00+00:00
109323303,jinan-telecom,wuhan-telecom,45.2007,0.0,icmp,1591952220,2020-06-12 08:57:00+00:00
109323538,jinan-telecom,wuhan-telecom,48.1607,0.0,icmp,1591952340,2020-06-12 08:59:00+00:00
109323785,jinan-telecom,wuhan-telecom,46.6624,0.0,icmp,1591952460,2020-06-12 09:01:00+00:00
109323992,jinan-telecom,wuhan-telecom,39.576,0.0,icmp,1591952599,2020-06-12 09:03:19+00:00
109324229,jinan-telecom,wuhan-telecom,47.1545,0.0,icmp,1591952700,2020-06-12 09:05:00+00:00
109324471,jinan-telecom,wuhan-telecom,48.492,0.0,icmp,1591952820,2020-06-12 09:07:00+00:00
109324692,jinan-telecom,wuhan-telecom,46.1339,0.0,icmp,1591952940,2020-06-12 09:09:00+00:00
109324911,jinan-telecom,wuhan-telecom,45.9506,0.0,icmp,1591953060,2020-06-12 09:11:00+00:00
109325154,jinan-telecom,wuhan-telecom,39.5314,0.0,icmp,1591953199,2020-06-12 09:13:19+00:00
109325373,jinan-telecom,wuhan-telecom,39.3343,0.0,icmp,1591953319,2020-06-12 09:15:19+00:00
109325613,jinan-telecom,wuhan-telecom,44.8428,0.0,icmp,1591953420,2020-06-12 09:17:00+00:00
109325824,jinan-telecom,wuhan-telecom,45.9498,0.0,icmp,1591953540,2020-06-12 09:19:00+00:00
109326084,jinan-telecom,wuhan-telecom,47.8982,0.0,icmp,1591953660,2020-06-12 09:21:00+00:00
109326296,jinan-telecom,wuhan-telecom,47.3827,0.0,icmp,1591953780,2020-06-12 09:23:00+00:00
109326493,jinan-telecom,wuhan-telecom,42.3547,0.0,icmp,1591953900,2020-06-12 09:25:00+00:00
109326734,jinan-telecom,wuhan-telecom,39.3264,0.0,icmp,1591953979,2020-06-12 09:26:19+00:00
109326978,jinan-telecom,wuhan-telecom,46.6792,0.0,icmp,1591954140,2020-06-12 09:29:00+00:00
109327198,jinan-telecom,wuhan-telecom,48.2227,0.0,icmp,1591954260,2020-06-12 09:31:00+00:00
109327472,jinan-telecom,wuhan-telecom,48.7707,0.0,icmp,1591954380,2020-06-12 09:33:00+00:00
109327660,jinan-telecom,wuhan-telecom,47.7222,0.0,icmp,1591954500,2020-06-12 09:35:00+00:00
109327872,jinan-telecom,wuhan-telecom,46.6904,0.0,icmp,1591954620,2020-06-12 09:37:00+00:00
109328113,jinan-telecom,wuhan-telecom,47.408,0.0,icmp,1591954740,2020-06-12 09:39:00+00:00
109328359,jinan-telecom,wuhan-telecom,47.7775,0.0,icmp,1591954860,2020-06-12 09:41:00+00:00
109328574,jinan-telecom,wuhan-telecom,47.1218,0.0,icmp,1591954980,2020-06-12 09:43:00+00:00
109328791,jinan-telecom,wuhan-telecom,48.8824,0.0,icmp,1591955100,2020-06-12 09:45:00+00:00
109329036,jinan-telecom,wuhan-telecom,39.4271,0.0,icmp,1591955179,2020-06-12 09:46:19+00:00
109329264,jinan-telecom,wuhan-telecom,45.9575,0.0,icmp,1591955340,2020-06-12 09:49:00+00:00
109329503,jinan-telecom,wuhan-telecom,39.3721,0.0,icmp,1591955479,2020-06-12 09:51:19+00:00
109329707,jinan-telecom,wuhan-telecom,46.4381,0.0,icmp,1591955580,2020-06-12 09:53:00+00:00
109329937,jinan-telecom,wuhan-telecom,48.7591,0.0,icmp,1591955700,2020-06-12 09:55:00+00:00
109330188,jinan-telecom,wuhan-telecom,47.2234,0.0,icmp,1591955820,2020-06-12 09:57:00+00:00
109330432,jinan-telecom,wuhan-telecom,46.2726,0.0,icmp,1591955940,2020-06-12 09:59:00+00:00
109330642,jinan-telecom,wuhan-telecom,47.8699,0.0,icmp,1591956060,2020-06-12 10:01:00+00:00
109330868,jinan-telecom,wuhan-telecom,47.6332,0.0,icmp,1591956180,2020-06-12 10:03:00+00:00
109331084,jinan-telecom,wuhan-telecom,39.5072,0.0,icmp,1591956319,2020-06-12 10:05:19+00:00
109331323,jinan-telecom,wuhan-telecom,39.3312,0.0,icmp,1591956439,2020-06-12 10:07:19+00:00
109331544,jinan-telecom,wuhan-telecom,46.1959,0.0,icmp,1591956540,2020-06-12 10:09:00+00:00
109331783,jinan-telecom,wuhan-telecom,40.8094,0.0,icmp,1591956660,2020-06-12 10:11:00+00:00
109332020,jinan-telecom,wuhan-telecom,39.6411,0.0,icmp,1591956739,2020-06-12 10:12:19+00:00
109332247,jinan-telecom,wuhan-telecom,39.6626,0.0,icmp,1591956919,2020-06-12 10:15:19+00:00
109332455,jinan-telecom,wuhan-telecom,47.8247,0.0,icmp,1591957020,2020-06-12 10:17:00+00:00
109332712,jinan-telecom,wuhan-telecom,46.6757,0.0,icmp,1591957140,2020-06-12 10:19:00+00:00
109332919,jinan-telecom,wuhan-telecom,48.3253,0.0,icmp,1591957260,2020-06-12 10:21:00+00:00
109333156,jinan-telecom,wuhan-telecom,46.5497,0.0,icmp,1591957380,2020-06-12 10:23:00+00:00
109333384,jinan-telecom,wuhan-telecom,47.7727,0.0,icmp,1591957500,2020-06-12 10:25:00+00:00
109333602,jinan-telecom,wuhan-telecom,47.7503,0.0,icmp,1591957624,2020-06-12 10:27:04+00:00
109333861,jinan-telecom,wuhan-telecom,48.1952,0.0,icmp,1591957740,2020-06-12 10:29:00+00:00
109334121,jinan-telecom,wuhan-telecom,39.3259,0.0,icmp,1591957879,2020-06-12 10:31:19+00:00
109334308,jinan-telecom,wuhan-telecom,49.2077,0.0,icmp,1591957980,2020-06-12 10:33:00+00:00
109334544,jinan-telecom,wuhan-telecom,39.4814,0.0,icmp,1591958119,2020-06-12 10:35:19+00:00
109334746,jinan-telecom,wuhan-telecom,47.2879,0.0,icmp,1591958220,2020-06-12 10:37:00+00:00
109334995,jinan-telecom,wuhan-telecom,39.341,0.0,icmp,1591958299,2020-06-12 10:38:19+00:00
109335223,jinan-telecom,wuhan-telecom,46.8935,0.0,icmp,1591958460,2020-06-12 10:41:00+00:00
109335454,jinan-telecom,wuhan-telecom,46.795,0.0,icmp,1591958580,2020-06-12 10:43:00+00:00
109335690,jinan-telecom,wuhan-telecom,47.0185,0.0,icmp,1591958700,2020-06-12 10:45:00+00:00
109335893,jinan-telecom,wuhan-telecom,46.4761,0.0,icmp,1591958820,2020-06-12 10:47:00+00:00
109336150,jinan-telecom,wuhan-telecom,46.5953,0.0,icmp,1591958940,2020-06-12 10:49:00+00:00
109336355,jinan-telecom,wuhan-telecom,39.5959,0.0,icmp,1591959060,2020-06-12 10:51:00+00:00
109336602,jinan-telecom,wuhan-telecom,45.8783,0.0,icmp,1591959180,2020-06-12 10:53:00+00:00
109336818,jinan-telecom,wuhan-telecom,39.4489,0.0,icmp,1591959319,2020-06-12 10:55:19+00:00
109337051,jinan-telecom,wuhan-telecom,39.3146,0.0,icmp,1591959439,2020-06-12 10:57:19+00:00
109337300,jinan-telecom,wuhan-telecom,47.4455,0.0,icmp,1591959540,2020-06-12 10:59:00+00:00
109337505,jinan-telecom,wuhan-telecom,46.2547,0.0,icmp,1591959660,2020-06-12 11:01:00+00:00
109337731,jinan-telecom,wuhan-telecom,46.2824,0.0,icmp,1591959780,2020-06-12 11:03:00+00:00
109337943,jinan-telecom,wuhan-telecom,48.2565,0.0,icmp,1591959900,2020-06-12 11:05:00+00:00
109338215,jinan-telecom,wuhan-telecom,46.177,0.0,icmp,1591960020,2020-06-12 11:07:00+00:00
109338413,jinan-telecom,wuhan-telecom,46.644,0.0,icmp,1591960140,2020-06-12 11:09:00+00:00
109338637,jinan-telecom,wuhan-telecom,45.8004,0.0,icmp,1591960260,2020-06-12 11:11:00+00:00
109338893,jinan-telecom,wuhan-telecom,46.6311,0.0,icmp,1591960380,2020-06-12 11:13:00+00:00
109339118,jinan-telecom,wuhan-telecom,48.6178,0.0,icmp,1591960500,2020-06-12 11:15:00+00:00
109339328,jinan-telecom,wuhan-telecom,47.588,0.0,icmp,1591960620,2020-06-12 11:17:00+00:00
109339575,jinan-telecom,wuhan-telecom,39.3232,0.0,icmp,1591960759,2020-06-12 11:19:19+00:00
109339801,jinan-telecom,wuhan-telecom,47.5874,0.0,icmp,1591960860,2020-06-12 11:21:00+00:00
109340020,jinan-telecom,wuhan-telecom,48.3936,0.0,icmp,1591960980,2020-06-12 11:23:00+00:00
109340298,jinan-telecom,wuhan-telecom,49.1712,0.0,icmp,1591961100,2020-06-12 11:25:00+00:00
109340498,jinan-telecom,wuhan-telecom,46.3236,0.0,icmp,1591961220,2020-06-12 11:27:00+00:00
109340710,jinan-telecom,wuhan-telecom,39.6864,0.0,icmp,1591961359,2020-06-12 11:29:19+00:00
109340961,jinan-telecom,wuhan-telecom,48.1642,0.0,icmp,1591961460,2020-06-12 11:31:00+00:00
109341174,jinan-telecom,wuhan-telecom,47.8152,0.0,icmp,1591961580,2020-06-12 11:33:00+00:00
109341412,jinan-telecom,wuhan-telecom,45.7141,0.0,icmp,1591961700,2020-06-12 11:35:00+00:00
109341644,jinan-telecom,wuhan-telecom,45.6468,0.0,icmp,1591961820,2020-06-12 11:37:00+00:00
109341845,jinan-telecom,wuhan-telecom,39.3631,0.0,icmp,1591961899,2020-06-12 11:38:19+00:00
109342085,jinan-telecom,wuhan-telecom,47.2397,0.0,icmp,1591962060,2020-06-12 11:41:00+00:00
109342318,jinan-telecom,wuhan-telecom,40.9554,0.0,icmp,1591962180,2020-06-12 11:43:00+00:00
109342553,jinan-telecom,wuhan-telecom,39.4856,0.0,icmp,1591962304,2020-06-12 11:45:04+00:00
109342770,jinan-telecom,wuhan-telecom,47.5344,0.0,icmp,1591962420,2020-06-12 11:47:00+00:00
109343017,jinan-telecom,wuhan-telecom,47.9512,0.0,icmp,1591962540,2020-06-12 11:49:00+00:00
109343262,jinan-telecom,wuhan-telecom,39.3351,0.0,icmp,1591962679,2020-06-12 11:51:19+00:00
109343463,jinan-telecom,wuhan-telecom,48.6092,0.0,icmp,1591962780,2020-06-12 11:53:00+00:00
109343697,jinan-telecom,wuhan-telecom,39.5667,0.0,icmp,1591962859,2020-06-12 11:54:19+00:00
109343921,jinan-telecom,wuhan-telecom,48.3411,0.0,icmp,1591963020,2020-06-12 11:57:00+00:00
109344146,jinan-telecom,wuhan-telecom,47.9006,0.0,icmp,1591963140,2020-06-12 11:59:00+00:00
109344371,jinan-telecom,wuhan-telecom,39.4012,0.0,icmp,1591963219,2020-06-12 12:00:19+00:00
109344606,jinan-telecom,wuhan-telecom,48.2002,0.0,icmp,1591963380,2020-06-12 12:03:00+00:00
109344837,jinan-telecom,wuhan-telecom,43.2855,0.0,icmp,1591963500,2020-06-12 12:05:00+00:00
109345069,jinan-telecom,wuhan-telecom,39.5281,0.0,icmp,1591963579,2020-06-12 12:06:19+00:00
109345288,jinan-telecom,wuhan-telecom,48.637,0.0,icmp,1591963740,2020-06-12 12:09:00+00:00
109345526,jinan-telecom,wuhan-telecom,48.2316,0.0,icmp,1591963860,2020-06-12 12:11:00+00:00
109345758,jinan-telecom,wuhan-telecom,47.4389,0.0,icmp,1591963980,2020-06-12 12:13:00+00:00
109345983,jinan-telecom,wuhan-telecom,47.7568,0.0,icmp,1591964100,2020-06-12 12:15:00+00:00
109346219,jinan-telecom,wuhan-telecom,39.6836,0.0,icmp,1591964224,2020-06-12 12:17:04+00:00
109346425,jinan-telecom,wuhan-telecom,49.0606,0.0,icmp,1591964340,2020-06-12 12:19:00+00:00
109346695,jinan-telecom,wuhan-telecom,39.4674,0.0,icmp,1591964405,2020-06-12 12:20:05+00:00
109346894,jinan-telecom,wuhan-telecom,39.8208,0.0,icmp,1591964580,2020-06-12 12:23:00+00:00
109347121,jinan-telecom,wuhan-telecom,39.4247,0.0,icmp,1591964719,2020-06-12 12:25:19+00:00
109347369,jinan-telecom,wuhan-telecom,46.0969,0.0,icmp,1591964820,2020-06-12 12:27:00+00:00
109347589,jinan-telecom,wuhan-telecom,48.4251,0.0,icmp,1591964940,2020-06-12 12:29:00+00:00
109347832,jinan-telecom,wuhan-telecom,47.5429,0.0,icmp,1591965060,2020-06-12 12:31:00+00:00
109348032,jinan-telecom,wuhan-telecom,46.0017,0.0,icmp,1591965180,2020-06-12 12:33:00+00:00
109348258,jinan-telecom,wuhan-telecom,45.774,0.0,icmp,1591965300,2020-06-12 12:35:00+00:00
109348504,jinan-telecom,wuhan-telecom,47.0126,0.0,icmp,1591965420,2020-06-12 12:37:00+00:00
109348743,jinan-telecom,wuhan-telecom,49.4158,0.0,icmp,1591965540,2020-06-12 12:39:00+00:00
109348971,jinan-telecom,wuhan-telecom,46.8619,0.0,icmp,1591965660,2020-06-12 12:41:00+00:00
109349182,jinan-telecom,wuhan-telecom,47.5375,0.0,icmp,1591965780,2020-06-12 12:43:00+00:00
109349424,jinan-telecom,wuhan-telecom,47.2756,0.0,icmp,1591965900,2020-06-12 12:45:00+00:00
109349631,jinan-telecom,wuhan-telecom,44.9142,0.0,icmp,1591966020,2020-06-12 12:47:00+00:00
109349869,jinan-telecom,wuhan-telecom,46.6449,0.0,icmp,1591966140,2020-06-12 12:49:00+00:00
109350095,jinan-telecom,wuhan-telecom,47.1814,0.0,icmp,1591966260,2020-06-12 12:51:00+00:00
109350333,jinan-telecom,wuhan-telecom,39.4527,0.0,icmp,1591966339,2020-06-12 12:52:19+00:00
109350559,jinan-telecom,wuhan-telecom,47.961,0.0,icmp,1591966500,2020-06-12 12:55:00+00:00
109350789,jinan-telecom,wuhan-telecom,39.4625,0.0,icmp,1591966639,2020-06-12 12:57:19+00:00
109351005,jinan-telecom,wuhan-telecom,47.0892,0.0,icmp,1591966740,2020-06-12 12:59:00+00:00
109351242,jinan-telecom,wuhan-telecom,46.6828,0.0,icmp,1591966860,2020-06-12 13:01:00+00:00
109351468,jinan-telecom,wuhan-telecom,47.4621,0.0,icmp,1591966980,2020-06-12 13:03:00+00:00
109351720,jinan-telecom,wuhan-telecom,47.6881,0.0,icmp,1591967100,2020-06-12 13:05:00+00:00
109351935,jinan-telecom,wuhan-telecom,45.461,0.0,icmp,1591967220,2020-06-12 13:07:00+00:00
109352157,jinan-telecom,wuhan-telecom,39.4792,0.0,icmp,1591967359,2020-06-12 13:09:19+00:00
109352394,jinan-telecom,wuhan-telecom,47.7756,0.0,icmp,1591967460,2020-06-12 13:11:00+00:00
109352614,jinan-telecom,wuhan-telecom,39.7454,0.0,icmp,1591967580,2020-06-12 13:13:00+00:00
109352850,jinan-telecom,wuhan-telecom,47.0656,0.0,icmp,1591967700,2020-06-12 13:15:00+00:00
109353073,jinan-telecom,wuhan-telecom,48.4779,0.0,icmp,1591967820,2020-06-12 13:17:00+00:00
109353316,jinan-telecom,wuhan-telecom,39.8876,0.0,icmp,1591967884,2020-06-12 13:18:04+00:00
109353566,jinan-telecom,wuhan-telecom,40.3101,0.0,icmp,1591968079,2020-06-12 13:21:19+00:00
109353772,jinan-telecom,wuhan-telecom,43.0639,1.0,icmp,1591968180,2020-06-12 13:23:00+00:00
109353972,jinan-telecom,wuhan-telecom,47.8052,2.0,icmp,1591968300,2020-06-12 13:25:00+00:00
109354211,jinan-telecom,wuhan-telecom,47.7017,1.0,icmp,1591968420,2020-06-12 13:27:00+00:00
109354462,jinan-telecom,wuhan-telecom,49.1158,1.0,icmp,1591968540,2020-06-12 13:29:00+00:00
109354732,jinan-telecom,wuhan-telecom,39.9204,0.0,icmp,1591968619,2020-06-12 13:30:19+00:00
109354896,jinan-telecom,wuhan-telecom,48.051,0.0,icmp,1591968780,2020-06-12 13:33:00+00:00
109355131,jinan-telecom,wuhan-telecom,46.633,0.0,icmp,1591968900,2020-06-12 13:35:00+00:00
109355380,jinan-telecom,wuhan-telecom,50.1487,0.0,icmp,1591969020,2020-06-12 13:37:00+00:00
109355588,jinan-telecom,wuhan-telecom,45.2339,0.0,icmp,1591969140,2020-06-12 13:39:00+00:00
109355812,jinan-telecom,wuhan-telecom,47.5937,0.0,icmp,1591969260,2020-06-12 13:41:00+00:00
109356066,jinan-telecom,wuhan-telecom,46.8622,0.0,icmp,1591969380,2020-06-12 13:43:00+00:00
109356291,jinan-telecom,wuhan-telecom,39.371,0.0,icmp,1591969519,2020-06-12 13:45:19+00:00
109356532,jinan-telecom,wuhan-telecom,46.8147,0.0,icmp,1591969620,2020-06-12 13:47:00+00:00
109356732,jinan-telecom,wuhan-telecom,46.4019,0.0,icmp,1591969740,2020-06-12 13:49:00+00:00
109356967,jinan-telecom,wuhan-telecom,47.0161,0.0,icmp,1591969860,2020-06-12 13:51:00+00:00
109357197,jinan-telecom,wuhan-telecom,46.7172,0.0,icmp,1591969980,2020-06-12 13:53:00+00:00
109357437,jinan-telecom,wuhan-telecom,39.5055,0.0,icmp,1591970059,2020-06-12 13:54:19+00:00
109357672,jinan-telecom,wuhan-telecom,48.2677,0.0,icmp,1591970220,2020-06-12 13:57:00+00:00
109357912,jinan-telecom,wuhan-telecom,49.5369,0.0,icmp,1591970340,2020-06-12 13:59:00+00:00
109358119,jinan-telecom,wuhan-telecom,46.8063,0.0,icmp,1591970460,2020-06-12 14:01:00+00:00
109358360,jinan-telecom,wuhan-telecom,39.3568,0.0,icmp,1591970599,2020-06-12 14:03:19+00:00
109358561,jinan-telecom,wuhan-telecom,48.0624,0.0,icmp,1591970700,2020-06-12 14:05:00+00:00
109358822,jinan-telecom,wuhan-telecom,39.5198,0.0,icmp,1591970839,2020-06-12 14:07:19+00:00
109359036,jinan-telecom,wuhan-telecom,47.7191,0.0,icmp,1591970940,2020-06-12 14:09:00+00:00
109359267,jinan-telecom,wuhan-telecom,39.5375,0.0,icmp,1591971019,2020-06-12 14:10:19+00:00
109359486,jinan-telecom,wuhan-telecom,46.8726,0.0,icmp,1591971180,2020-06-12 14:13:00+00:00
109359700,jinan-telecom,wuhan-telecom,41.4016,0.0,icmp,1591971300,2020-06-12 14:15:00+00:00
109359942,jinan-telecom,wuhan-telecom,47.3624,0.0,icmp,1591971420,2020-06-12 14:17:00+00:00
109360190,jinan-telecom,wuhan-telecom,45.0059,0.0,icmp,1591971540,2020-06-12 14:19:00+00:00
109360404,jinan-telecom,wuhan-telecom,46.5395,0.0,icmp,1591971660,2020-06-12 14:21:00+00:00
109360625,jinan-telecom,wuhan-telecom,45.8427,0.0,icmp,1591971780,2020-06-12 14:23:00+00:00
109360874,jinan-telecom,wuhan-telecom,39.6291,0.0,icmp,1591971900,2020-06-12 14:25:00+00:00
109361102,jinan-telecom,wuhan-telecom,39.3486,0.0,icmp,1591971979,2020-06-12 14:26:19+00:00
109361344,jinan-telecom,wuhan-telecom,46.8682,0.0,icmp,1591972140,2020-06-12 14:29:00+00:00
109361570,jinan-telecom,wuhan-telecom,45.243,0.0,icmp,1591972260,2020-06-12 14:31:00+00:00
109361793,jinan-telecom,wuhan-telecom,45.1676,0.0,icmp,1591972380,2020-06-12 14:33:00+00:00
109362014,jinan-telecom,wuhan-telecom,45.5585,0.0,icmp,1591972500,2020-06-12 14:35:00+00:00
109362234,jinan-telecom,wuhan-telecom,46.3726,0.0,icmp,1591972620,2020-06-12 14:37:00+00:00
109362483,jinan-telecom,wuhan-telecom,39.5687,0.0,icmp,1591972699,2020-06-12 14:38:19+00:00
109362695,jinan-telecom,wuhan-telecom,39.3122,0.0,icmp,1591972879,2020-06-12 14:41:19+00:00
109362936,jinan-telecom,wuhan-telecom,47.4671,0.0,icmp,1591972980,2020-06-12 14:43:00+00:00
109363167,jinan-telecom,wuhan-telecom,39.3613,0.0,icmp,1591973119,2020-06-12 14:45:19+00:00
109363390,jinan-telecom,wuhan-telecom,46.7016,0.0,icmp,1591973220,2020-06-12 14:47:00+00:00
109363610,jinan-telecom,wuhan-telecom,47.6636,0.0,icmp,1591973340,2020-06-12 14:49:00+00:00
109363858,jinan-telecom,wuhan-telecom,45.5726,0.0,icmp,1591973460,2020-06-12 14:51:00+00:00
109364071,jinan-telecom,wuhan-telecom,46.557,0.0,icmp,1591973580,2020-06-12 14:53:00+00:00
109364288,jinan-telecom,wuhan-telecom,39.345,0.0,icmp,1591973719,2020-06-12 14:55:19+00:00
109364523,jinan-telecom,wuhan-telecom,48.0333,0.0,icmp,1591973820,2020-06-12 14:57:00+00:00
109364751,jinan-telecom,wuhan-telecom,39.4545,0.0,icmp,1591973959,2020-06-12 14:59:19+00:00
109364996,jinan-telecom,wuhan-telecom,45.1905,0.0,icmp,1591974060,2020-06-12 15:01:00+00:00
109365210,jinan-telecom,wuhan-telecom,48.7199,0.0,icmp,1591974180,2020-06-12 15:03:00+00:00
109365464,jinan-telecom,wuhan-telecom,44.8694,0.0,icmp,1591974300,2020-06-12 15:05:00+00:00
109365673,jinan-telecom,wuhan-telecom,39.3496,0.0,icmp,1591974439,2020-06-12 15:07:19+00:00
109365912,jinan-telecom,wuhan-telecom,39.4144,0.0,icmp,1591974559,2020-06-12 15:09:19+00:00
109366136,jinan-telecom,wuhan-telecom,47.0348,0.0,icmp,1591974660,2020-06-12 15:11:00+00:00
109366370,jinan-telecom,wuhan-telecom,45.7493,0.0,icmp,1591974780,2020-06-12 15:13:00+00:00
109366581,jinan-telecom,wuhan-telecom,49.461,0.0,icmp,1591974900,2020-06-12 15:15:00+00:00
109366816,jinan-telecom,wuhan-telecom,46.9724,0.0,icmp,1591975020,2020-06-12 15:17:00+00:00
109367053,jinan-telecom,wuhan-telecom,48.247,0.0,icmp,1591975140,2020-06-12 15:19:00+00:00
109367269,jinan-telecom,wuhan-telecom,45.2926,0.0,icmp,1591975260,2020-06-12 15:21:00+00:00
109367486,jinan-telecom,wuhan-telecom,39.6517,0.0,icmp,1591975399,2020-06-12 15:23:19+00:00
109367762,jinan-telecom,wuhan-telecom,45.51,0.0,icmp,1591975500,2020-06-12 15:25:00+00:00
109367953,jinan-telecom,wuhan-telecom,47.8347,0.0,icmp,1591975620,2020-06-12 15:27:00+00:00
109368181,jinan-telecom,wuhan-telecom,46.3911,0.0,icmp,1591975740,2020-06-12 15:29:00+00:00
109368466,jinan-telecom,wuhan-telecom,39.3184,0.0,icmp,1591975819,2020-06-12 15:30:19+00:00
109368645,jinan-telecom,wuhan-telecom,39.3273,0.0,icmp,1591975939,2020-06-12 15:32:19+00:00
109368882,jinan-telecom,wuhan-telecom,47.8494,0.0,icmp,1591976100,2020-06-12 15:35:00+00:00
109369110,jinan-telecom,wuhan-telecom,49.0088,0.0,icmp,1591976220,2020-06-12 15:37:00+00:00
109369338,jinan-telecom,wuhan-telecom,42.5363,0.0,icmp,1591976340,2020-06-12 15:39:00+00:00
109369573,jinan-telecom,wuhan-telecom,39.4187,0.0,icmp,1591976479,2020-06-12 15:41:19+00:00
109369793,jinan-telecom,wuhan-telecom,47.9871,0.0,icmp,1591976580,2020-06-12 15:43:00+00:00
109370020,jinan-telecom,wuhan-telecom,42.1228,0.0,icmp,1591976700,2020-06-12 15:45:00+00:00
109370258,jinan-telecom,wuhan-telecom,39.4807,0.0,icmp,1591976779,2020-06-12 15:46:19+00:00
109370489,jinan-telecom,wuhan-telecom,45.6148,0.0,icmp,1591976940,2020-06-12 15:49:00+00:00
109370712,jinan-telecom,wuhan-telecom,45.7068,1.0,icmp,1591977060,2020-06-12 15:51:00+00:00
109370943,jinan-telecom,wuhan-telecom,39.4057,0.0,icmp,1591977139,2020-06-12 15:52:19+00:00
109371155,jinan-telecom,wuhan-telecom,46.4338,0.0,icmp,1591977300,2020-06-12 15:55:00+00:00
109371388,jinan-telecom,wuhan-telecom,39.4699,0.0,icmp,1591977379,2020-06-12 15:56:19+00:00
109371620,jinan-telecom,wuhan-telecom,49.796,1.0,icmp,1591977540,2020-06-12 15:59:00+00:00
109371836,jinan-telecom,wuhan-telecom,49.5261,0.0,icmp,1591977660,2020-06-12 16:01:00+00:00
109372089,jinan-telecom,wuhan-telecom,45.9523,0.0,icmp,1591977780,2020-06-12 16:03:00+00:00
109372304,jinan-telecom,wuhan-telecom,47.3182,0.0,icmp,1591977900,2020-06-12 16:05:00+00:00
109372540,jinan-telecom,wuhan-telecom,39.4768,0.0,icmp,1591978039,2020-06-12 16:07:19+00:00
109372763,jinan-telecom,wuhan-telecom,46.4934,0.0,icmp,1591978140,2020-06-12 16:09:00+00:00
109372988,jinan-telecom,wuhan-telecom,44.026,0.0,icmp,1591978260,2020-06-12 16:11:00+00:00
109373207,jinan-telecom,wuhan-telecom,46.4485,0.0,icmp,1591978380,2020-06-12 16:13:00+00:00
109373463,jinan-telecom,wuhan-telecom,39.3178,0.0,icmp,1591978459,2020-06-12 16:14:19+00:00
109373665,jinan-telecom,wuhan-telecom,39.4075,0.0,icmp,1591978579,2020-06-12 16:16:19+00:00
109373892,jinan-telecom,wuhan-telecom,39.5546,0.0,icmp,1591978699,2020-06-12 16:18:19+00:00
109374127,jinan-telecom,wuhan-telecom,39.3318,0.0,icmp,1591978819,2020-06-12 16:20:19+00:00
109374357,jinan-telecom,wuhan-telecom,45.3179,0.0,icmp,1591978980,2020-06-12 16:23:00+00:00
109374596,jinan-telecom,wuhan-telecom,47.9153,0.0,icmp,1591979100,2020-06-12 16:25:00+00:00
109374804,jinan-telecom,wuhan-telecom,44.7849,0.0,icmp,1591979220,2020-06-12 16:27:00+00:00
109375011,jinan-telecom,wuhan-telecom,39.442,0.0,icmp,1591979299,2020-06-12 16:28:19+00:00
109375243,jinan-telecom,wuhan-telecom,47.1751,0.0,icmp,1591979460,2020-06-12 16:31:00+00:00
109375460,jinan-telecom,wuhan-telecom,39.4468,0.0,icmp,1591979599,2020-06-12 16:33:19+00:00
109375674,jinan-telecom,wuhan-telecom,45.7795,0.0,icmp,1591979700,2020-06-12 16:35:00+00:00
109375911,jinan-telecom,wuhan-telecom,42.4369,0.0,icmp,1591979820,2020-06-12 16:37:00+00:00
109376149,jinan-telecom,wuhan-telecom,46.7459,0.0,icmp,1591979940,2020-06-12 16:39:00+00:00
109376370,jinan-telecom,wuhan-telecom,44.9542,0.0,icmp,1591980060,2020-06-12 16:41:00+00:00
109376558,jinan-telecom,wuhan-telecom,46.6673,0.0,icmp,1591980180,2020-06-12 16:43:00+00:00
109376798,jinan-telecom,wuhan-telecom,39.6603,0.0,icmp,1591980319,2020-06-12 16:45:19+00:00
109377032,jinan-telecom,wuhan-telecom,46.8282,0.0,icmp,1591980420,2020-06-12 16:47:00+00:00
109377257,jinan-telecom,wuhan-telecom,44.9396,0.0,icmp,1591980540,2020-06-12 16:49:00+00:00
109377490,jinan-telecom,wuhan-telecom,46.3982,0.0,icmp,1591980660,2020-06-12 16:51:00+00:00
109377709,jinan-telecom,wuhan-telecom,47.7304,0.0,icmp,1591980780,2020-06-12 16:53:00+00:00
109377943,jinan-telecom,wuhan-telecom,45.706,0.0,icmp,1591980900,2020-06-12 16:55:00+00:00
109378151,jinan-telecom,wuhan-telecom,39.304,0.0,icmp,1591981039,2020-06-12 16:57:19+00:00
109378386,jinan-telecom,wuhan-telecom,39.5243,0.0,icmp,1591981159,2020-06-12 16:59:19+00:00
109378659,jinan-telecom,wuhan-telecom,45.8678,0.0,icmp,1591981260,2020-06-12 17:01:00+00:00
109378829,jinan-telecom,wuhan-telecom,48.2065,0.0,icmp,1591981380,2020-06-12 17:03:00+00:00
109379058,jinan-telecom,wuhan-telecom,50.2138,0.0,icmp,1591981500,2020-06-12 17:05:00+00:00
109379302,jinan-telecom,wuhan-telecom,46.715,0.0,icmp,1591981620,2020-06-12 17:07:00+00:00
109379520,jinan-telecom,wuhan-telecom,39.3288,0.0,icmp,1591981699,2020-06-12 17:08:19+00:00
109379752,jinan-telecom,wuhan-telecom,48.0391,0.0,icmp,1591981860,2020-06-12 17:11:00+00:00
109379977,jinan-telecom,wuhan-telecom,39.5037,0.0,icmp,1591981999,2020-06-12 17:13:19+00:00
109380187,jinan-telecom,wuhan-telecom,47.7403,0.0,icmp,1591982100,2020-06-12 17:15:00+00:00
109380401,jinan-telecom,wuhan-telecom,47.5382,0.0,icmp,1591982220,2020-06-12 17:17:00+00:00
109380654,jinan-telecom,wuhan-telecom,39.3288,0.0,icmp,1591982299,2020-06-12 17:18:19+00:00
109380870,jinan-telecom,wuhan-telecom,47.7341,0.0,icmp,1591982460,2020-06-12 17:21:00+00:00
109381100,jinan-telecom,wuhan-telecom,49.8042,0.0,icmp,1591982580,2020-06-12 17:23:00+00:00
109381316,jinan-telecom,wuhan-telecom,39.3186,0.0,icmp,1591982719,2020-06-12 17:25:19+00:00
109381563,jinan-telecom,wuhan-telecom,40.7063,0.0,icmp,1591982820,2020-06-12 17:27:00+00:00
109381826,jinan-telecom,wuhan-telecom,46.0121,0.0,icmp,1591982940,2020-06-12 17:29:00+00:00
109382025,jinan-telecom,wuhan-telecom,46.9005,0.0,icmp,1591983060,2020-06-12 17:31:00+00:00
109382244,jinan-telecom,wuhan-telecom,48.012,0.0,icmp,1591983180,2020-06-12 17:33:00+00:00
109382479,jinan-telecom,wuhan-telecom,45.7575,0.0,icmp,1591983300,2020-06-12 17:35:00+00:00
109382701,jinan-telecom,wuhan-telecom,39.3864,0.0,icmp,1591983379,2020-06-12 17:36:19+00:00
109382942,jinan-telecom,wuhan-telecom,39.5858,0.0,icmp,1591983499,2020-06-12 17:38:19+00:00
109383160,jinan-telecom,wuhan-telecom,47.0365,0.0,icmp,1591983660,2020-06-12 17:41:00+00:00
109383395,jinan-telecom,wuhan-telecom,46.2868,0.0,icmp,1591983780,2020-06-12 17:43:00+00:00
109383601,jinan-telecom,wuhan-telecom,46.8617,0.0,icmp,1591983900,2020-06-12 17:45:00+00:00
109383873,jinan-telecom,wuhan-telecom,44.455,0.0,icmp,1591984020,2020-06-12 17:47:00+00:00
109384061,jinan-telecom,wuhan-telecom,46.2266,0.0,icmp,1591984140,2020-06-12 17:49:00+00:00
109384303,jinan-telecom,wuhan-telecom,46.7305,0.0,icmp,1591984260,2020-06-12 17:51:00+00:00
109384524,jinan-telecom,wuhan-telecom,49.6951,0.0,icmp,1591984380,2020-06-12 17:53:00+00:00
109384757,jinan-telecom,wuhan-telecom,39.3398,0.0,icmp,1591984519,2020-06-12 17:55:19+00:00
109384995,jinan-telecom,wuhan-telecom,46.3531,0.0,icmp,1591984620,2020-06-12 17:57:00+00:00
109385226,jinan-telecom,wuhan-telecom,46.3685,0.0,icmp,1591984740,2020-06-12 17:59:00+00:00
109385458,jinan-telecom,wuhan-telecom,39.3329,0.0,icmp,1591984819,2020-06-12 18:00:19+00:00
109385687,jinan-telecom,wuhan-telecom,45.9116,0.0,icmp,1591984980,2020-06-12 18:03:00+00:00
109385924,jinan-telecom,wuhan-telecom,45.57,0.0,icmp,1591985100,2020-06-12 18:05:00+00:00
109386129,jinan-telecom,wuhan-telecom,45.9871,0.0,icmp,1591985220,2020-06-12 18:07:00+00:00
109386377,jinan-telecom,wuhan-telecom,47.8299,0.0,icmp,1591985340,2020-06-12 18:09:00+00:00
109386608,jinan-telecom,wuhan-telecom,48.2448,0.0,icmp,1591985460,2020-06-12 18:11:00+00:00
109386814,jinan-telecom,wuhan-telecom,43.2545,0.0,icmp,1591985580,2020-06-12 18:13:00+00:00
109387061,jinan-telecom,wuhan-telecom,46.2308,0.0,icmp,1591985700,2020-06-12 18:15:00+00:00
109387292,jinan-telecom,wuhan-telecom,47.9021,0.0,icmp,1591985820,2020-06-12 18:17:00+00:00
109387514,jinan-telecom,wuhan-telecom,48.0932,0.0,icmp,1591985940,2020-06-12 18:19:00+00:00
109387753,jinan-telecom,wuhan-telecom,39.3546,0.0,icmp,1591986019,2020-06-12 18:20:19+00:00
109387979,jinan-telecom,wuhan-telecom,39.4232,0.0,icmp,1591986185,2020-06-12 18:23:05+00:00
109388200,jinan-telecom,wuhan-telecom,46.38,0.0,icmp,1591986300,2020-06-12 18:25:00+00:00
109388424,jinan-telecom,wuhan-telecom,39.3347,0.0,icmp,1591986379,2020-06-12 18:26:19+00:00
109388659,jinan-telecom,wuhan-telecom,45.7833,0.0,icmp,1591986540,2020-06-12 18:29:00+00:00
109388878,jinan-telecom,wuhan-telecom,49.3498,0.0,icmp,1591986660,2020-06-12 18:31:00+00:00
109389115,jinan-telecom,wuhan-telecom,39.6952,0.0,icmp,1591986739,2020-06-12 18:32:19+00:00
109389348,jinan-telecom,wuhan-telecom,47.7002,0.0,icmp,1591986900,2020-06-12 18:35:00+00:00
109389585,jinan-telecom,wuhan-telecom,46.8953,0.0,icmp,1591987020,2020-06-12 18:37:00+00:00
109389790,jinan-telecom,wuhan-telecom,47.7854,0.0,icmp,1591987140,2020-06-12 18:39:00+00:00
109390038,jinan-telecom,wuhan-telecom,47.3227,0.0,icmp,1591987260,2020-06-12 18:41:00+00:00
109390258,jinan-telecom,wuhan-telecom,39.5187,0.0,icmp,1591987399,2020-06-12 18:43:19+00:00
109390485,jinan-telecom,wuhan-telecom,47.3297,0.0,icmp,1591987500,2020-06-12 18:45:00+00:00
109390726,jinan-telecom,wuhan-telecom,49.9065,0.0,icmp,1591987620,2020-06-12 18:47:00+00:00
109390939,jinan-telecom,wuhan-telecom,46.4879,0.0,icmp,1591987740,2020-06-12 18:49:00+00:00
109391228,jinan-telecom,wuhan-telecom,46.4222,0.0,icmp,1591987860,2020-06-12 18:51:00+00:00
109391399,jinan-telecom,wuhan-telecom,47.3062,0.0,icmp,1591987980,2020-06-12 18:53:00+00:00
109391632,jinan-telecom,wuhan-telecom,48.8966,0.0,icmp,1591988100,2020-06-12 18:55:00+00:00
109391865,jinan-telecom,wuhan-telecom,47.5884,0.0,icmp,1591988220,2020-06-12 18:57:00+00:00
109392080,jinan-telecom,wuhan-telecom,46.6609,0.0,icmp,1591988340,2020-06-12 18:59:00+00:00
109392327,jinan-telecom,wuhan-telecom,43.2392,0.0,icmp,1591988460,2020-06-12 19:01:00+00:00
109392549,jinan-telecom,wuhan-telecom,46.08,0.0,icmp,1591988580,2020-06-12 19:03:00+00:00
109392793,jinan-telecom,wuhan-telecom,47.2973,0.0,icmp,1591988700,2020-06-12 19:05:00+00:00
109392990,jinan-telecom,wuhan-telecom,47.3505,0.0,icmp,1591988820,2020-06-12 19:07:00+00:00
109393264,jinan-telecom,wuhan-telecom,47.2731,0.0,icmp,1591988940,2020-06-12 19:09:00+00:00
109393492,jinan-telecom,wuhan-telecom,39.4616,0.0,icmp,1591989079,2020-06-12 19:11:19+00:00
109393688,jinan-telecom,wuhan-telecom,45.2023,0.0,icmp,1591989180,2020-06-12 19:13:00+00:00
109393912,jinan-telecom,wuhan-telecom,46.1003,0.0,icmp,1591989300,2020-06-12 19:15:00+00:00
109394180,jinan-telecom,wuhan-telecom,39.297,0.0,icmp,1591989439,2020-06-12 19:17:19+00:00
109394391,jinan-telecom,wuhan-telecom,44.538,0.0,icmp,1591989540,2020-06-12 19:19:00+00:00
109394607,jinan-telecom,wuhan-telecom,47.763,0.0,icmp,1591989660,2020-06-12 19:21:00+00:00
109394852,jinan-telecom,wuhan-telecom,47.088,0.0,icmp,1591989780,2020-06-12 19:23:00+00:00
109395069,jinan-telecom,wuhan-telecom,50.0518,0.0,icmp,1591989900,2020-06-12 19:25:00+00:00
109395319,jinan-telecom,wuhan-telecom,46.5053,0.0,icmp,1591990020,2020-06-12 19:27:00+00:00
109395525,jinan-telecom,wuhan-telecom,46.7682,0.0,icmp,1591990140,2020-06-12 19:29:00+00:00
109395756,jinan-telecom,wuhan-telecom,47.2362,0.0,icmp,1591990260,2020-06-12 19:31:00+00:00
109395980,jinan-telecom,wuhan-telecom,39.4323,0.0,icmp,1591990325,2020-06-12 19:32:05+00:00
109396223,jinan-telecom,wuhan-telecom,39.3486,0.0,icmp,1591990459,2020-06-12 19:34:19+00:00
109396434,jinan-telecom,wuhan-telecom,47.4609,0.0,icmp,1591990620,2020-06-12 19:37:00+00:00
109396682,jinan-telecom,wuhan-telecom,43.1614,0.0,icmp,1591990740,2020-06-12 19:39:00+00:00
109396901,jinan-telecom,wuhan-telecom,46.4477,0.0,icmp,1591990860,2020-06-12 19:41:00+00:00
109397139,jinan-telecom,wuhan-telecom,45.6476,0.0,icmp,1591990980,2020-06-12 19:43:00+00:00
109397354,jinan-telecom,wuhan-telecom,46.954,0.0,icmp,1591991100,2020-06-12 19:45:00+00:00
109397576,jinan-telecom,wuhan-telecom,49.5618,0.0,icmp,1591991220,2020-06-12 19:47:00+00:00
109397820,jinan-telecom,wuhan-telecom,46.4235,0.0,icmp,1591991340,2020-06-12 19:49:00+00:00
109398034,jinan-telecom,wuhan-telecom,47.0599,0.0,icmp,1591991460,2020-06-12 19:51:00+00:00
109398267,jinan-telecom,wuhan-telecom,48.9621,0.0,icmp,1591991580,2020-06-12 19:53:00+00:00
109398474,jinan-telecom,wuhan-telecom,47.0225,0.0,icmp,1591991700,2020-06-12 19:55:00+00:00
109398726,jinan-telecom,wuhan-telecom,39.3707,0.0,icmp,1591991839,2020-06-12 19:57:19+00:00
109398951,jinan-telecom,wuhan-telecom,47.9581,0.0,icmp,1591991940,2020-06-12 19:59:00+00:00
109399178,jinan-telecom,wuhan-telecom,39.3867,0.0,icmp,1591992079,2020-06-12 20:01:19+00:00
109399408,jinan-telecom,wuhan-telecom,47.483,0.0,icmp,1591992180,2020-06-12 20:03:00+00:00
113041613,jinan-telecom,wuhan-telecom,39.6694,0.0,icmp,1591806679,2020-06-10 16:31:19+00:00
113041850,jinan-telecom,wuhan-telecom,48.9654,0.0,icmp,1591806840,2020-06-10 16:34:00+00:00
113042086,jinan-telecom,wuhan-telecom,48.4897,0.0,icmp,1591806960,2020-06-10 16:36:00+00:00
113042309,jinan-telecom,wuhan-telecom,39.9084,0.0,icmp,1591807080,2020-06-10 16:38:00+00:00
113042562,jinan-telecom,wuhan-telecom,47.6342,0.0,icmp,1591807200,2020-06-10 16:40:00+00:00
113042769,jinan-telecom,wuhan-telecom,59.9327,3.0,icmp,1591807320,2020-06-10 16:42:00+00:00
113043013,jinan-telecom,wuhan-telecom,132.064,0.0,icmp,1591807440,2020-06-10 16:44:00+00:00
113043247,jinan-telecom,wuhan-telecom,45.3643,0.0,icmp,1591807560,2020-06-10 16:46:00+00:00
113043475,jinan-telecom,wuhan-telecom,49.6662,0.0,icmp,1591807680,2020-06-10 16:48:00+00:00
113043688,jinan-telecom,wuhan-telecom,40.3553,0.0,icmp,1591807800,2020-06-10 16:50:00+00:00
113043915,jinan-telecom,wuhan-telecom,47.8923,0.0,icmp,1591807920,2020-06-10 16:52:00+00:00
113044165,jinan-telecom,wuhan-telecom,47.6528,0.0,icmp,1591808040,2020-06-10 16:54:00+00:00
113044371,jinan-telecom,wuhan-telecom,46.2128,0.0,icmp,1591808160,2020-06-10 16:56:00+00:00
113044609,jinan-telecom,wuhan-telecom,48.7333,0.0,icmp,1591808280,2020-06-10 16:58:00+00:00
113044823,jinan-telecom,wuhan-telecom,47.891,0.0,icmp,1591808400,2020-06-10 17:00:00+00:00
113045031,jinan-telecom,wuhan-telecom,39.3667,0.0,icmp,1591808479,2020-06-10 17:01:19+00:00
113045292,jinan-telecom,wuhan-telecom,39.3624,0.0,icmp,1591808659,2020-06-10 17:04:19+00:00
113045530,jinan-telecom,wuhan-telecom,46.9577,0.0,icmp,1591808760,2020-06-10 17:06:00+00:00
113045751,jinan-telecom,wuhan-telecom,49.8199,0.0,icmp,1591808880,2020-06-10 17:08:00+00:00
113045984,jinan-telecom,wuhan-telecom,50.4548,0.0,icmp,1591809000,2020-06-10 17:10:00+00:00
113046207,jinan-telecom,wuhan-telecom,39.3552,0.0,icmp,1591809079,2020-06-10 17:11:19+00:00
113046443,jinan-telecom,wuhan-telecom,45.371,0.0,icmp,1591809199,2020-06-10 17:13:19+00:00
113046661,jinan-telecom,wuhan-telecom,39.6085,0.0,icmp,1591809319,2020-06-10 17:15:19+00:00
113046912,jinan-telecom,wuhan-telecom,41.3079,0.0,icmp,1591809480,2020-06-10 17:18:00+00:00
113047123,jinan-telecom,wuhan-telecom,46.7918,0.0,icmp,1591809600,2020-06-10 17:20:00+00:00
113047348,jinan-telecom,wuhan-telecom,45.7697,0.0,icmp,1591809720,2020-06-10 17:22:00+00:00
113047608,jinan-telecom,wuhan-telecom,39.6176,0.0,icmp,1591809859,2020-06-10 17:24:19+00:00
113047822,jinan-telecom,wuhan-telecom,47.2188,0.0,icmp,1591809960,2020-06-10 17:26:00+00:00
113048035,jinan-telecom,wuhan-telecom,40.1147,0.0,icmp,1591810080,2020-06-10 17:28:00+00:00
113048263,jinan-telecom,wuhan-telecom,47.2265,0.0,icmp,1591810200,2020-06-10 17:30:00+00:00
113048504,jinan-telecom,wuhan-telecom,39.5687,0.0,icmp,1591810279,2020-06-10 17:31:19+00:00
113048721,jinan-telecom,wuhan-telecom,47.0296,0.0,icmp,1591810440,2020-06-10 17:34:00+00:00
113048954,jinan-telecom,wuhan-telecom,41.6899,0.0,icmp,1591810560,2020-06-10 17:36:00+00:00
113049199,jinan-telecom,wuhan-telecom,39.3432,0.0,icmp,1591810639,2020-06-10 17:37:19+00:00
113049423,jinan-telecom,wuhan-telecom,39.5646,0.0,icmp,1591810744,2020-06-10 17:39:04+00:00
113049638,jinan-telecom,wuhan-telecom,46.1285,0.0,icmp,1591810920,2020-06-10 17:42:00+00:00
113049876,jinan-telecom,wuhan-telecom,45.9442,0.0,icmp,1591811040,2020-06-10 17:44:00+00:00
113050102,jinan-telecom,wuhan-telecom,46.7866,0.0,icmp,1591811160,2020-06-10 17:46:00+00:00
113050332,jinan-telecom,wuhan-telecom,46.9536,0.0,icmp,1591811280,2020-06-10 17:48:00+00:00
113050559,jinan-telecom,wuhan-telecom,39.5516,0.0,icmp,1591811345,2020-06-10 17:49:05+00:00
113050787,jinan-telecom,wuhan-telecom,47.7274,0.0,icmp,1591811520,2020-06-10 17:52:00+00:00
113051026,jinan-telecom,wuhan-telecom,45.2915,0.0,icmp,1591811640,2020-06-10 17:54:00+00:00
113051236,jinan-telecom,wuhan-telecom,45.9713,0.0,icmp,1591811760,2020-06-10 17:56:00+00:00
113051463,jinan-telecom,wuhan-telecom,47.9503,0.0,icmp,1591811880,2020-06-10 17:58:00+00:00
113051709,jinan-telecom,wuhan-telecom,46.6007,0.0,icmp,1591812000,2020-06-10 18:00:00+00:00
113051928,jinan-telecom,wuhan-telecom,45.9754,0.0,icmp,1591812120,2020-06-10 18:02:00+00:00
113052179,jinan-telecom,wuhan-telecom,39.494,0.0,icmp,1591812199,2020-06-10 18:03:19+00:00
113052384,jinan-telecom,wuhan-telecom,45.763,0.0,icmp,1591812360,2020-06-10 18:06:00+00:00
113052634,jinan-telecom,wuhan-telecom,47.3577,0.0,icmp,1591812480,2020-06-10 18:08:00+00:00
113052861,jinan-telecom,wuhan-telecom,49.5783,0.0,icmp,1591812600,2020-06-10 18:10:00+00:00
113053081,jinan-telecom,wuhan-telecom,45.5943,0.0,icmp,1591812720,2020-06-10 18:12:00+00:00
113053313,jinan-telecom,wuhan-telecom,48.3224,0.0,icmp,1591812840,2020-06-10 18:14:00+00:00
113053556,jinan-telecom,wuhan-telecom,44.5682,0.0,icmp,1591812960,2020-06-10 18:16:00+00:00
113053784,jinan-telecom,wuhan-telecom,45.0061,0.0,icmp,1591813080,2020-06-10 18:18:00+00:00
113054009,jinan-telecom,wuhan-telecom,46.0463,0.0,icmp,1591813200,2020-06-10 18:20:00+00:00
113054252,jinan-telecom,wuhan-telecom,39.381,0.0,icmp,1591813279,2020-06-10 18:21:19+00:00
113054466,jinan-telecom,wuhan-telecom,47.4684,0.0,icmp,1591813440,2020-06-10 18:24:00+00:00
113054690,jinan-telecom,wuhan-telecom,47.0892,0.0,icmp,1591813560,2020-06-10 18:26:00+00:00
113054917,jinan-telecom,wuhan-telecom,39.3619,0.0,icmp,1591813699,2020-06-10 18:28:19+00:00
113055129,jinan-telecom,wuhan-telecom,49.3735,0.0,icmp,1591813800,2020-06-10 18:30:00+00:00
113055366,jinan-telecom,wuhan-telecom,39.2952,0.0,icmp,1591813879,2020-06-10 18:31:19+00:00
113055599,jinan-telecom,wuhan-telecom,39.3559,0.0,icmp,1591813999,2020-06-10 18:33:19+00:00
113055816,jinan-telecom,wuhan-telecom,39.3169,0.0,icmp,1591814119,2020-06-10 18:35:19+00:00
113056069,jinan-telecom,wuhan-telecom,46.1736,0.0,icmp,1591814280,2020-06-10 18:38:00+00:00
113056286,jinan-telecom,wuhan-telecom,41.97,0.0,icmp,1591814400,2020-06-10 18:40:00+00:00
113056521,jinan-telecom,wuhan-telecom,46.489,0.0,icmp,1591814520,2020-06-10 18:42:00+00:00
113056734,jinan-telecom,wuhan-telecom,47.0228,0.0,icmp,1591814640,2020-06-10 18:44:00+00:00
113056987,jinan-telecom,wuhan-telecom,47.4618,0.0,icmp,1591814760,2020-06-10 18:46:00+00:00
113057196,jinan-telecom,wuhan-telecom,48.1574,0.0,icmp,1591814880,2020-06-10 18:48:00+00:00
113057435,jinan-telecom,wuhan-telecom,46.7328,0.0,icmp,1591815000,2020-06-10 18:50:00+00:00
113057662,jinan-telecom,wuhan-telecom,39.659,0.0,icmp,1591815124,2020-06-10 18:52:04+00:00
113057893,jinan-telecom,wuhan-telecom,47.6136,0.0,icmp,1591815240,2020-06-10 18:54:00+00:00
113058125,jinan-telecom,wuhan-telecom,47.6173,0.0,icmp,1591815360,2020-06-10 18:56:00+00:00
113058333,jinan-telecom,wuhan-telecom,39.3404,0.0,icmp,1591815499,2020-06-10 18:58:19+00:00
113058570,jinan-telecom,wuhan-telecom,46.186,0.0,icmp,1591815600,2020-06-10 19:00:00+00:00
113058810,jinan-telecom,wuhan-telecom,39.324,0.0,icmp,1591815679,2020-06-10 19:01:19+00:00
113059018,jinan-telecom,wuhan-telecom,48.5446,0.0,icmp,1591815840,2020-06-10 19:04:00+00:00
113059261,jinan-telecom,wuhan-telecom,46.878,0.0,icmp,1591815960,2020-06-10 19:06:00+00:00
113059484,jinan-telecom,wuhan-telecom,39.3457,0.0,icmp,1591816039,2020-06-10 19:07:19+00:00
113059717,jinan-telecom,wuhan-telecom,48.2392,0.0,icmp,1591816200,2020-06-10 19:10:00+00:00
113059941,jinan-telecom,wuhan-telecom,47.9132,0.0,icmp,1591816320,2020-06-10 19:12:00+00:00
113060164,jinan-telecom,wuhan-telecom,39.3902,0.0,icmp,1591816459,2020-06-10 19:14:19+00:00
113060391,jinan-telecom,wuhan-telecom,46.2194,0.0,icmp,1591816560,2020-06-10 19:16:00+00:00
113060643,jinan-telecom,wuhan-telecom,48.4887,0.0,icmp,1591816680,2020-06-10 19:18:00+00:00
113060873,jinan-telecom,wuhan-telecom,39.559,0.0,icmp,1591816759,2020-06-10 19:19:19+00:00
113061077,jinan-telecom,wuhan-telecom,39.3314,0.0,icmp,1591816879,2020-06-10 19:21:19+00:00
113061312,jinan-telecom,wuhan-telecom,48.3432,0.0,icmp,1591817040,2020-06-10 19:24:00+00:00
113061564,jinan-telecom,wuhan-telecom,46.2826,0.0,icmp,1591817160,2020-06-10 19:26:00+00:00
113061794,jinan-telecom,wuhan-telecom,48.6889,0.0,icmp,1591817280,2020-06-10 19:28:00+00:00
113061996,jinan-telecom,wuhan-telecom,46.6693,0.0,icmp,1591817400,2020-06-10 19:30:00+00:00
113062244,jinan-telecom,wuhan-telecom,39.5726,0.0,icmp,1591817539,2020-06-10 19:32:19+00:00
113062472,jinan-telecom,wuhan-telecom,46.0194,0.0,icmp,1591817640,2020-06-10 19:34:00+00:00
113062711,jinan-telecom,wuhan-telecom,47.8489,0.0,icmp,1591817760,2020-06-10 19:36:00+00:00
113062934,jinan-telecom,wuhan-telecom,46.2073,0.0,icmp,1591817880,2020-06-10 19:38:00+00:00
113063133,jinan-telecom,wuhan-telecom,39.3541,0.0,icmp,1591818019,2020-06-10 19:40:19+00:00
113063367,jinan-telecom,wuhan-telecom,47.5946,0.0,icmp,1591818120,2020-06-10 19:42:00+00:00
113063610,jinan-telecom,wuhan-telecom,46.8603,0.0,icmp,1591818240,2020-06-10 19:44:00+00:00
113063827,jinan-telecom,wuhan-telecom,47.3818,0.0,icmp,1591818360,2020-06-10 19:46:00+00:00
113064070,jinan-telecom,wuhan-telecom,48.4962,0.0,icmp,1591818485,2020-06-10 19:48:05+00:00
113064307,jinan-telecom,wuhan-telecom,46.8656,0.0,icmp,1591818600,2020-06-10 19:50:00+00:00
113064515,jinan-telecom,wuhan-telecom,46.8455,0.0,icmp,1591818720,2020-06-10 19:52:00+00:00
113064764,jinan-telecom,wuhan-telecom,39.3835,0.0,icmp,1591818859,2020-06-10 19:54:19+00:00
113064975,jinan-telecom,wuhan-telecom,44.1608,0.0,icmp,1591818960,2020-06-10 19:56:00+00:00
113065198,jinan-telecom,wuhan-telecom,39.3378,0.0,icmp,1591819039,2020-06-10 19:57:19+00:00
113065435,jinan-telecom,wuhan-telecom,39.3918,0.0,icmp,1591819159,2020-06-10 19:59:19+00:00
113065664,jinan-telecom,wuhan-telecom,48.3857,0.0,icmp,1591819320,2020-06-10 20:02:00+00:00
113065907,jinan-telecom,wuhan-telecom,39.4879,0.0,icmp,1591819399,2020-06-10 20:03:19+00:00
113066161,jinan-telecom,wuhan-telecom,47.5183,0.0,icmp,1591819560,2020-06-10 20:06:00+00:00
113066366,jinan-telecom,wuhan-telecom,42.186,0.0,icmp,1591819680,2020-06-10 20:08:00+00:00
113066567,jinan-telecom,wuhan-telecom,48.4753,0.0,icmp,1591819800,2020-06-10 20:10:00+00:00
113066821,jinan-telecom,wuhan-telecom,44.9053,0.0,icmp,1591819920,2020-06-10 20:12:00+00:00
113067052,jinan-telecom,wuhan-telecom,39.6137,0.0,icmp,1591820059,2020-06-10 20:14:19+00:00
113067285,jinan-telecom,wuhan-telecom,48.979,0.0,icmp,1591820160,2020-06-10 20:16:00+00:00
113067500,jinan-telecom,wuhan-telecom,46.7726,0.0,icmp,1591820280,2020-06-10 20:18:00+00:00
113067739,jinan-telecom,wuhan-telecom,46.4381,0.0,icmp,1591820400,2020-06-10 20:20:00+00:00
113067954,jinan-telecom,wuhan-telecom,39.3791,0.0,icmp,1591820479,2020-06-10 20:21:19+00:00
113068200,jinan-telecom,wuhan-telecom,46.1755,0.0,icmp,1591820640,2020-06-10 20:24:00+00:00
113068410,jinan-telecom,wuhan-telecom,46.5416,0.0,icmp,1591820760,2020-06-10 20:26:00+00:00
113068650,jinan-telecom,wuhan-telecom,49.5936,0.0,icmp,1591820880,2020-06-10 20:28:00+00:00
113068888,jinan-telecom,wuhan-telecom,47.2327,0.0,icmp,1591821000,2020-06-10 20:30:00+00:00
113069095,jinan-telecom,wuhan-telecom,39.4926,0.0,icmp,1591821065,2020-06-10 20:31:05+00:00
113069344,jinan-telecom,wuhan-telecom,46.1565,0.0,icmp,1591821240,2020-06-10 20:34:00+00:00
113069558,jinan-telecom,wuhan-telecom,46.2541,0.0,icmp,1591821360,2020-06-10 20:36:00+00:00
113069796,jinan-telecom,wuhan-telecom,47.5074,0.0,icmp,1591821480,2020-06-10 20:38:00+00:00
113070018,jinan-telecom,wuhan-telecom,47.7545,0.0,icmp,1591821600,2020-06-10 20:40:00+00:00
113070243,jinan-telecom,wuhan-telecom,39.3263,0.0,icmp,1591821739,2020-06-10 20:42:19+00:00
113070478,jinan-telecom,wuhan-telecom,47.495,0.0,icmp,1591821840,2020-06-10 20:44:00+00:00
113070710,jinan-telecom,wuhan-telecom,45.0036,0.0,icmp,1591821960,2020-06-10 20:46:00+00:00
113070922,jinan-telecom,wuhan-telecom,46.4432,0.0,icmp,1591822080,2020-06-10 20:48:00+00:00
113071168,jinan-telecom,wuhan-telecom,45.3358,0.0,icmp,1591822200,2020-06-10 20:50:00+00:00
113071391,jinan-telecom,wuhan-telecom,46.745,0.0,icmp,1591822320,2020-06-10 20:52:00+00:00
113071612,jinan-telecom,wuhan-telecom,48.0761,0.0,icmp,1591822440,2020-06-10 20:54:00+00:00
113071858,jinan-telecom,wuhan-telecom,48.4932,0.0,icmp,1591822560,2020-06-10 20:56:00+00:00
113072075,jinan-telecom,wuhan-telecom,39.8527,0.0,icmp,1591822680,2020-06-10 20:58:00+00:00
113072326,jinan-telecom,wuhan-telecom,47.4166,0.0,icmp,1591822800,2020-06-10 21:00:00+00:00
113072534,jinan-telecom,wuhan-telecom,49.4627,0.0,icmp,1591822920,2020-06-10 21:02:00+00:00
113072770,jinan-telecom,wuhan-telecom,46.9573,0.0,icmp,1591823040,2020-06-10 21:04:00+00:00
113073008,jinan-telecom,wuhan-telecom,47.2137,0.0,icmp,1591823160,2020-06-10 21:06:00+00:00
113073245,jinan-telecom,wuhan-telecom,47.324,0.0,icmp,1591823280,2020-06-10 21:08:00+00:00
113073445,jinan-telecom,wuhan-telecom,47.4849,0.0,icmp,1591823400,2020-06-10 21:10:00+00:00
113073688,jinan-telecom,wuhan-telecom,47.4642,0.0,icmp,1591823520,2020-06-10 21:12:00+00:00
113073919,jinan-telecom,wuhan-telecom,48.2909,0.0,icmp,1591823640,2020-06-10 21:14:00+00:00
113074130,jinan-telecom,wuhan-telecom,48.1713,0.0,icmp,1591823760,2020-06-10 21:16:00+00:00
113074358,jinan-telecom,wuhan-telecom,46.071,0.0,icmp,1591823880,2020-06-10 21:18:00+00:00
113074595,jinan-telecom,wuhan-telecom,47.221,0.0,icmp,1591824000,2020-06-10 21:20:00+00:00
113074821,jinan-telecom,wuhan-telecom,45.1497,0.0,icmp,1591824120,2020-06-10 21:22:00+00:00
113075056,jinan-telecom,wuhan-telecom,47.3406,0.0,icmp,1591824240,2020-06-10 21:24:00+00:00
113075274,jinan-telecom,wuhan-telecom,48.4025,0.0,icmp,1591824360,2020-06-10 21:26:00+00:00
113075524,jinan-telecom,wuhan-telecom,49.3209,0.0,icmp,1591824480,2020-06-10 21:28:00+00:00
113075743,jinan-telecom,wuhan-telecom,42.5481,0.0,icmp,1591824600,2020-06-10 21:30:00+00:00
113075959,jinan-telecom,wuhan-telecom,41.4857,0.0,icmp,1591824720,2020-06-10 21:32:00+00:00
113076201,jinan-telecom,wuhan-telecom,48.4596,0.0,icmp,1591824840,2020-06-10 21:34:00+00:00
113076426,jinan-telecom,wuhan-telecom,49.0275,0.0,icmp,1591824960,2020-06-10 21:36:00+00:00
113076669,jinan-telecom,wuhan-telecom,49.9189,0.0,icmp,1591825080,2020-06-10 21:38:00+00:00
113076885,jinan-telecom,wuhan-telecom,39.3669,0.0,icmp,1591825219,2020-06-10 21:40:19+00:00
113077127,jinan-telecom,wuhan-telecom,48.4711,0.0,icmp,1591825320,2020-06-10 21:42:00+00:00
113077348,jinan-telecom,wuhan-telecom,47.4615,0.0,icmp,1591825440,2020-06-10 21:44:00+00:00
113077549,jinan-telecom,wuhan-telecom,39.3091,0.0,icmp,1591825579,2020-06-10 21:46:19+00:00
113077798,jinan-telecom,wuhan-telecom,46.581,0.0,icmp,1591825680,2020-06-10 21:48:00+00:00
113078024,jinan-telecom,wuhan-telecom,46.8651,0.0,icmp,1591825800,2020-06-10 21:50:00+00:00
113078253,jinan-telecom,wuhan-telecom,43.6555,0.0,icmp,1591825920,2020-06-10 21:52:00+00:00
113078511,jinan-telecom,wuhan-telecom,47.8278,0.0,icmp,1591826040,2020-06-10 21:54:00+00:00
113078736,jinan-telecom,wuhan-telecom,46.7593,0.0,icmp,1591826160,2020-06-10 21:56:00+00:00
113078943,jinan-telecom,wuhan-telecom,46.4846,0.0,icmp,1591826280,2020-06-10 21:58:00+00:00
113079179,jinan-telecom,wuhan-telecom,48.6366,0.0,icmp,1591826400,2020-06-10 22:00:00+00:00
113079398,jinan-telecom,wuhan-telecom,44.9441,0.0,icmp,1591826520,2020-06-10 22:02:00+00:00
113079648,jinan-telecom,wuhan-telecom,47.5208,0.0,icmp,1591826640,2020-06-10 22:04:00+00:00
113079858,jinan-telecom,wuhan-telecom,39.888,0.0,icmp,1591826760,2020-06-10 22:06:00+00:00
113080092,jinan-telecom,wuhan-telecom,39.4578,0.0,icmp,1591826839,2020-06-10 22:07:19+00:00
113080321,jinan-telecom,wuhan-telecom,48.1456,0.0,icmp,1591827000,2020-06-10 22:10:00+00:00
113080560,jinan-telecom,wuhan-telecom,48.7129,0.0,icmp,1591827120,2020-06-10 22:12:00+00:00
113080781,jinan-telecom,wuhan-telecom,47.9917,0.0,icmp,1591827240,2020-06-10 22:14:00+00:00
113081024,jinan-telecom,wuhan-telecom,39.2893,0.0,icmp,1591827379,2020-06-10 22:16:19+00:00
113081255,jinan-telecom,wuhan-telecom,46.5841,0.0,icmp,1591827480,2020-06-10 22:18:00+00:00
113081485,jinan-telecom,wuhan-telecom,48.9936,0.0,icmp,1591827600,2020-06-10 22:20:00+00:00
113081709,jinan-telecom,wuhan-telecom,45.1511,0.0,icmp,1591827720,2020-06-10 22:22:00+00:00
113081933,jinan-telecom,wuhan-telecom,48.5447,0.0,icmp,1591827840,2020-06-10 22:24:00+00:00
113082172,jinan-telecom,wuhan-telecom,39.6794,0.0,icmp,1591827919,2020-06-10 22:25:19+00:00
113082385,jinan-telecom,wuhan-telecom,48.1641,0.0,icmp,1591828080,2020-06-10 22:28:00+00:00
113082606,jinan-telecom,wuhan-telecom,47.9156,0.0,icmp,1591828200,2020-06-10 22:30:00+00:00
113082850,jinan-telecom,wuhan-telecom,45.6703,0.0,icmp,1591828320,2020-06-10 22:32:00+00:00
113083079,jinan-telecom,wuhan-telecom,46.728,0.0,icmp,1591828440,2020-06-10 22:34:00+00:00
113083295,jinan-telecom,wuhan-telecom,49.3366,0.0,icmp,1591828560,2020-06-10 22:36:00+00:00
113083547,jinan-telecom,wuhan-telecom,44.3878,0.0,icmp,1591828680,2020-06-10 22:38:00+00:00
113083770,jinan-telecom,wuhan-telecom,47.6012,0.0,icmp,1591828800,2020-06-10 22:40:00+00:00
113083986,jinan-telecom,wuhan-telecom,47.2431,0.0,icmp,1591828920,2020-06-10 22:42:00+00:00
113084233,jinan-telecom,wuhan-telecom,46.432,0.0,icmp,1591829040,2020-06-10 22:44:00+00:00
113084436,jinan-telecom,wuhan-telecom,39.572,0.0,icmp,1591829119,2020-06-10 22:45:19+00:00
113084681,jinan-telecom,wuhan-telecom,46.3315,0.0,icmp,1591829280,2020-06-10 22:48:00+00:00
113084911,jinan-telecom,wuhan-telecom,39.3615,0.0,icmp,1591829419,2020-06-10 22:50:19+00:00
113085145,jinan-telecom,wuhan-telecom,47.2284,0.0,icmp,1591829520,2020-06-10 22:52:00+00:00
113085356,jinan-telecom,wuhan-telecom,45.021,0.0,icmp,1591829640,2020-06-10 22:54:00+00:00
113085591,jinan-telecom,wuhan-telecom,39.3487,0.0,icmp,1591829719,2020-06-10 22:55:19+00:00
113085816,jinan-telecom,wuhan-telecom,46.6667,0.0,icmp,1591829880,2020-06-10 22:58:00+00:00
113086034,jinan-telecom,wuhan-telecom,46.3441,0.0,icmp,1591830000,2020-06-10 23:00:00+00:00
113086279,jinan-telecom,wuhan-telecom,47.6352,0.0,icmp,1591830120,2020-06-10 23:02:00+00:00
113086514,jinan-telecom,wuhan-telecom,47.7813,0.0,icmp,1591830240,2020-06-10 23:04:00+00:00
113086746,jinan-telecom,wuhan-telecom,48.9204,0.0,icmp,1591830360,2020-06-10 23:06:00+00:00
113086958,jinan-telecom,wuhan-telecom,44.7605,0.0,icmp,1591830480,2020-06-10 23:08:00+00:00
113087181,jinan-telecom,wuhan-telecom,48.7794,0.0,icmp,1591830600,2020-06-10 23:10:00+00:00
113087426,jinan-telecom,wuhan-telecom,48.1543,0.0,icmp,1591830720,2020-06-10 23:12:00+00:00
113087667,jinan-telecom,wuhan-telecom,46.1529,0.0,icmp,1591830840,2020-06-10 23:14:00+00:00
113087875,jinan-telecom,wuhan-telecom,41.9057,0.0,icmp,1591830960,2020-06-10 23:16:00+00:00
113088115,jinan-telecom,wuhan-telecom,39.3354,0.0,icmp,1591831039,2020-06-10 23:17:19+00:00
113088341,jinan-telecom,wuhan-telecom,46.6192,0.0,icmp,1591831200,2020-06-10 23:20:00+00:00
113088571,jinan-telecom,wuhan-telecom,42.2275,0.0,icmp,1591831320,2020-06-10 23:22:00+00:00
113088787,jinan-telecom,wuhan-telecom,39.4807,0.0,icmp,1591831459,2020-06-10 23:24:19+00:00
113089015,jinan-telecom,wuhan-telecom,46.0157,0.0,icmp,1591831560,2020-06-10 23:26:00+00:00
113089241,jinan-telecom,wuhan-telecom,46.1336,0.0,icmp,1591831680,2020-06-10 23:28:00+00:00
113089486,jinan-telecom,wuhan-telecom,48.8653,0.0,icmp,1591831800,2020-06-10 23:30:00+00:00
113089718,jinan-telecom,wuhan-telecom,39.5977,0.0,icmp,1591831879,2020-06-10 23:31:19+00:00
113089943,jinan-telecom,wuhan-telecom,46.4871,0.0,icmp,1591832040,2020-06-10 23:34:00+00:00
113090162,jinan-telecom,wuhan-telecom,48.8155,0.0,icmp,1591832160,2020-06-10 23:36:00+00:00
113090396,jinan-telecom,wuhan-telecom,39.3589,0.0,icmp,1591832239,2020-06-10 23:37:19+00:00
113090619,jinan-telecom,wuhan-telecom,47.6869,0.0,icmp,1591832400,2020-06-10 23:40:00+00:00
113090861,jinan-telecom,wuhan-telecom,47.2214,0.0,icmp,1591832520,2020-06-10 23:42:00+00:00
113091081,jinan-telecom,wuhan-telecom,46.0753,0.0,icmp,1591832640,2020-06-10 23:44:00+00:00
113091315,jinan-telecom,wuhan-telecom,48.7585,0.0,icmp,1591832760,2020-06-10 23:46:00+00:00
113091541,jinan-telecom,wuhan-telecom,47.6024,0.0,icmp,1591832880,2020-06-10 23:48:00+00:00
113091767,jinan-telecom,wuhan-telecom,39.7843,0.0,icmp,1591833019,2020-06-10 23:50:19+00:00
113092002,jinan-telecom,wuhan-telecom,47.6306,0.0,icmp,1591833120,2020-06-10 23:52:00+00:00
113092221,jinan-telecom,wuhan-telecom,44.7898,0.0,icmp,1591833240,2020-06-10 23:54:00+00:00
113092462,jinan-telecom,wuhan-telecom,44.1819,0.0,icmp,1591833360,2020-06-10 23:56:00+00:00
113092691,jinan-telecom,wuhan-telecom,47.3365,0.0,icmp,1591833480,2020-06-10 23:58:00+00:00
113092932,jinan-telecom,wuhan-telecom,48.9659,0.0,icmp,1591833600,2020-06-11 00:00:00+00:00
113093142,jinan-telecom,wuhan-telecom,46.2394,0.0,icmp,1591833720,2020-06-11 00:02:00+00:00
113093392,jinan-telecom,wuhan-telecom,39.341,0.0,icmp,1591833859,2020-06-11 00:04:19+00:00
113093605,jinan-telecom,wuhan-telecom,47.8244,0.0,icmp,1591833960,2020-06-11 00:06:00+00:00
113093834,jinan-telecom,wuhan-telecom,39.3261,0.0,icmp,1591834039,2020-06-11 00:07:19+00:00
113094076,jinan-telecom,wuhan-telecom,46.4908,0.0,icmp,1591834200,2020-06-11 00:10:00+00:00
113094300,jinan-telecom,wuhan-telecom,46.2802,0.0,icmp,1591834320,2020-06-11 00:12:00+00:00
113094532,jinan-telecom,wuhan-telecom,46.7502,0.0,icmp,1591834440,2020-06-11 00:14:00+00:00
113094738,jinan-telecom,wuhan-telecom,39.4091,0.0,icmp,1591834579,2020-06-11 00:16:19+00:00
113094975,jinan-telecom,wuhan-telecom,46.5826,0.0,icmp,1591834680,2020-06-11 00:18:00+00:00
113095200,jinan-telecom,wuhan-telecom,42.427,0.0,icmp,1591834800,2020-06-11 00:20:00+00:00
113095442,jinan-telecom,wuhan-telecom,46.526,0.0,icmp,1591834920,2020-06-11 00:22:00+00:00
113095692,jinan-telecom,wuhan-telecom,47.7555,0.0,icmp,1591835040,2020-06-11 00:24:00+00:00
113095883,jinan-telecom,wuhan-telecom,48.9971,0.0,icmp,1591835160,2020-06-11 00:26:00+00:00
113096122,jinan-telecom,wuhan-telecom,49.2837,0.0,icmp,1591835280,2020-06-11 00:28:00+00:00
113096355,jinan-telecom,wuhan-telecom,47.8807,0.0,icmp,1591835400,2020-06-11 00:30:00+00:00
113096581,jinan-telecom,wuhan-telecom,47.1685,0.0,icmp,1591835520,2020-06-11 00:32:00+00:00
113096798,jinan-telecom,wuhan-telecom,47.7453,0.0,icmp,1591835640,2020-06-11 00:34:00+00:00
113097046,jinan-telecom,wuhan-telecom,39.551,0.0,icmp,1591835719,2020-06-11 00:35:19+00:00
113097285,jinan-telecom,wuhan-telecom,49.0621,0.0,icmp,1591835880,2020-06-11 00:38:00+00:00
113097485,jinan-telecom,wuhan-telecom,39.4583,0.0,icmp,1591835959,2020-06-11 00:39:19+00:00
113097716,jinan-telecom,wuhan-telecom,47.3146,0.0,icmp,1591836120,2020-06-11 00:42:00+00:00
113097961,jinan-telecom,wuhan-telecom,39.3692,0.0,icmp,1591836259,2020-06-11 00:44:19+00:00
113098173,jinan-telecom,wuhan-telecom,47.4939,0.0,icmp,1591836360,2020-06-11 00:46:00+00:00
113098426,jinan-telecom,wuhan-telecom,39.5502,0.0,icmp,1591836499,2020-06-11 00:48:19+00:00
113098641,jinan-telecom,wuhan-telecom,47.629,0.0,icmp,1591836600,2020-06-11 00:50:00+00:00
113098888,jinan-telecom,wuhan-telecom,45.6602,0.0,icmp,1591836720,2020-06-11 00:52:00+00:00
113099083,jinan-telecom,wuhan-telecom,50.4267,0.0,icmp,1591836840,2020-06-11 00:54:00+00:00
113099333,jinan-telecom,wuhan-telecom,45.8128,0.0,icmp,1591836960,2020-06-11 00:56:00+00:00
113099553,jinan-telecom,wuhan-telecom,45.3896,0.0,icmp,1591837080,2020-06-11 00:58:00+00:00
113099780,jinan-telecom,wuhan-telecom,39.8628,0.0,icmp,1591837200,2020-06-11 01:00:00+00:00
113100004,jinan-telecom,wuhan-telecom,46.2553,0.0,icmp,1591837320,2020-06-11 01:02:00+00:00
113100239,jinan-telecom,wuhan-telecom,47.4073,0.0,icmp,1591837440,2020-06-11 01:04:00+00:00
113100489,jinan-telecom,wuhan-telecom,47.1581,0.0,icmp,1591837565,2020-06-11 01:06:05+00:00
113100718,jinan-telecom,wuhan-telecom,45.7686,0.0,icmp,1591837680,2020-06-11 01:08:00+00:00
113100932,jinan-telecom,wuhan-telecom,47.913,0.0,icmp,1591837800,2020-06-11 01:10:00+00:00
113101158,jinan-telecom,wuhan-telecom,46.383,0.0,icmp,1591837920,2020-06-11 01:12:00+00:00
113101387,jinan-telecom,wuhan-telecom,45.8869,0.0,icmp,1591838040,2020-06-11 01:14:00+00:00
113101631,jinan-telecom,wuhan-telecom,48.1107,0.0,icmp,1591838160,2020-06-11 01:16:00+00:00
113101846,jinan-telecom,wuhan-telecom,39.342,0.0,icmp,1591838239,2020-06-11 01:17:19+00:00
113102084,jinan-telecom,wuhan-telecom,46.143,0.0,icmp,1591838400,2020-06-11 01:20:00+00:00
113102306,jinan-telecom,wuhan-telecom,46.8179,0.0,icmp,1591838520,2020-06-11 01:22:00+00:00
113102535,jinan-telecom,wuhan-telecom,47.9329,0.0,icmp,1591838640,2020-06-11 01:24:00+00:00
113102763,jinan-telecom,wuhan-telecom,39.5013,0.0,icmp,1591838719,2020-06-11 01:25:19+00:00
113102988,jinan-telecom,wuhan-telecom,41.261,0.0,icmp,1591838880,2020-06-11 01:28:00+00:00
113103237,jinan-telecom,wuhan-telecom,48.9876,0.0,icmp,1591839000,2020-06-11 01:30:00+00:00
113103469,jinan-telecom,wuhan-telecom,48.0544,0.0,icmp,1591839120,2020-06-11 01:32:00+00:00
113103663,jinan-telecom,wuhan-telecom,47.1828,0.0,icmp,1591839240,2020-06-11 01:34:00+00:00
113103905,jinan-telecom,wuhan-telecom,47.7029,0.0,icmp,1591839360,2020-06-11 01:36:00+00:00
113104139,jinan-telecom,wuhan-telecom,48.1227,0.0,icmp,1591839480,2020-06-11 01:38:00+00:00
113104362,jinan-telecom,wuhan-telecom,39.3057,0.0,icmp,1591839559,2020-06-11 01:39:19+00:00
113104598,jinan-telecom,wuhan-telecom,39.5767,0.0,icmp,1591839739,2020-06-11 01:42:19+00:00
113104840,jinan-telecom,wuhan-telecom,46.9697,0.0,icmp,1591839840,2020-06-11 01:44:00+00:00
113105072,jinan-telecom,wuhan-telecom,39.4013,0.0,icmp,1591839970,2020-06-11 01:46:10+00:00
113105299,jinan-telecom,wuhan-telecom,39.3711,0.0,icmp,1591840099,2020-06-11 01:48:19+00:00
113105508,jinan-telecom,wuhan-telecom,47.2128,0.0,icmp,1591840200,2020-06-11 01:50:00+00:00
113105715,jinan-telecom,wuhan-telecom,40.7775,0.0,icmp,1591840320,2020-06-11 01:52:00+00:00
113105968,jinan-telecom,wuhan-telecom,45.1855,0.0,icmp,1591840440,2020-06-11 01:54:00+00:00
113106187,jinan-telecom,wuhan-telecom,42.0584,0.0,icmp,1591840560,2020-06-11 01:56:00+00:00
113106435,jinan-telecom,wuhan-telecom,48.2074,0.0,icmp,1591840680,2020-06-11 01:58:00+00:00
113106682,jinan-telecom,wuhan-telecom,40.0047,0.0,icmp,1591840759,2020-06-11 01:59:19+00:00
113106897,jinan-telecom,wuhan-telecom,45.1375,0.0,icmp,1591840920,2020-06-11 02:02:00+00:00
113107131,jinan-telecom,wuhan-telecom,39.331,0.0,icmp,1591841059,2020-06-11 02:04:19+00:00
113107345,jinan-telecom,wuhan-telecom,48.0176,0.0,icmp,1591841160,2020-06-11 02:06:00+00:00
113107588,jinan-telecom,wuhan-telecom,48.0486,0.0,icmp,1591841280,2020-06-11 02:08:00+00:00
113107792,jinan-telecom,wuhan-telecom,45.9299,0.0,icmp,1591841400,2020-06-11 02:10:00+00:00
113108034,jinan-telecom,wuhan-telecom,47.6778,0.0,icmp,1591841520,2020-06-11 02:12:00+00:00
113108277,jinan-telecom,wuhan-telecom,45.5593,0.0,icmp,1591841640,2020-06-11 02:14:00+00:00
113108498,jinan-telecom,wuhan-telecom,43.0666,0.0,icmp,1591841760,2020-06-11 02:16:00+00:00
113108717,jinan-telecom,wuhan-telecom,39.4018,0.0,icmp,1591841899,2020-06-11 02:18:19+00:00
113108945,jinan-telecom,wuhan-telecom,39.4037,0.0,icmp,1591842019,2020-06-11 02:20:19+00:00
113109183,jinan-telecom,wuhan-telecom,46.8626,0.0,icmp,1591842120,2020-06-11 02:22:00+00:00
113109412,jinan-telecom,wuhan-telecom,46.161,0.0,icmp,1591842240,2020-06-11 02:24:00+00:00
113109639,jinan-telecom,wuhan-telecom,47.7009,0.0,icmp,1591842360,2020-06-11 02:26:00+00:00
113109863,jinan-telecom,wuhan-telecom,44.5157,0.0,icmp,1591842480,2020-06-11 02:28:00+00:00
113110109,jinan-telecom,wuhan-telecom,48.2607,0.0,icmp,1591842600,2020-06-11 02:30:00+00:00
113110326,jinan-telecom,wuhan-telecom,39.3483,0.0,icmp,1591842679,2020-06-11 02:31:19+00:00
113110568,jinan-telecom,wuhan-telecom,47.4855,0.0,icmp,1591842840,2020-06-11 02:34:00+00:00
113110774,jinan-telecom,wuhan-telecom,39.5093,0.0,icmp,1591842919,2020-06-11 02:35:19+00:00
113110996,jinan-telecom,wuhan-telecom,47.6883,0.0,icmp,1591843080,2020-06-11 02:38:00+00:00
113111231,jinan-telecom,wuhan-telecom,46.018,0.0,icmp,1591843200,2020-06-11 02:40:00+00:00
113111457,jinan-telecom,wuhan-telecom,48.1864,0.0,icmp,1591843320,2020-06-11 02:42:00+00:00
113111686,jinan-telecom,wuhan-telecom,39.7117,0.0,icmp,1591843440,2020-06-11 02:44:00+00:00
113111921,jinan-telecom,wuhan-telecom,39.3608,0.0,icmp,1591843519,2020-06-11 02:45:19+00:00
113112162,jinan-telecom,wuhan-telecom,47.2636,0.0,icmp,1591843680,2020-06-11 02:48:00+00:00
113112397,jinan-telecom,wuhan-telecom,47.7239,0.0,icmp,1591843800,2020-06-11 02:50:00+00:00
113112609,jinan-telecom,wuhan-telecom,46.9803,0.0,icmp,1591843920,2020-06-11 02:52:00+00:00
113112829,jinan-telecom,wuhan-telecom,39.4655,0.0,icmp,1591843999,2020-06-11 02:53:19+00:00
113113075,jinan-telecom,wuhan-telecom,47.3388,0.0,icmp,1591844160,2020-06-11 02:56:00+00:00
113113293,jinan-telecom,wuhan-telecom,48.7927,0.0,icmp,1591844280,2020-06-11 02:58:00+00:00
113113545,jinan-telecom,wuhan-telecom,39.4778,0.0,icmp,1591844419,2020-06-11 03:00:19+00:00
113113749,jinan-telecom,wuhan-telecom,47.2724,0.0,icmp,1591844520,2020-06-11 03:02:00+00:00
113113998,jinan-telecom,wuhan-telecom,39.3579,0.0,icmp,1591844599,2020-06-11 03:03:19+00:00
113114215,jinan-telecom,wuhan-telecom,44.5833,0.0,icmp,1591844760,2020-06-11 03:06:00+00:00
113114441,jinan-telecom,wuhan-telecom,46.9288,0.0,icmp,1591844880,2020-06-11 03:08:00+00:00
113114661,jinan-telecom,wuhan-telecom,39.3755,0.0,icmp,1591845019,2020-06-11 03:10:19+00:00
113114918,jinan-telecom,wuhan-telecom,45.7581,0.0,icmp,1591845120,2020-06-11 03:12:00+00:00
113115125,jinan-telecom,wuhan-telecom,48.0863,0.0,icmp,1591845240,2020-06-11 03:14:00+00:00
113115370,jinan-telecom,wuhan-telecom,46.4286,0.0,icmp,1591845360,2020-06-11 03:16:00+00:00
113115601,jinan-telecom,wuhan-telecom,41.7076,0.0,icmp,1591845480,2020-06-11 03:18:00+00:00
113115808,jinan-telecom,wuhan-telecom,49.5528,0.0,icmp,1591845600,2020-06-11 03:20:00+00:00
113116032,jinan-telecom,wuhan-telecom,46.5531,0.0,icmp,1591845720,2020-06-11 03:22:00+00:00
113116283,jinan-telecom,wuhan-telecom,45.3877,0.0,icmp,1591845840,2020-06-11 03:24:00+00:00
113116514,jinan-telecom,wuhan-telecom,39.426,0.0,icmp,1591845979,2020-06-11 03:26:19+00:00
113116726,jinan-telecom,wuhan-telecom,46.6802,0.0,icmp,1591846080,2020-06-11 03:28:00+00:00
113116960,jinan-telecom,wuhan-telecom,45.1179,0.0,icmp,1591846200,2020-06-11 03:30:00+00:00
113117201,jinan-telecom,wuhan-telecom,45.6619,0.0,icmp,1591846320,2020-06-11 03:32:00+00:00
113117433,jinan-telecom,wuhan-telecom,45.7116,0.0,icmp,1591846440,2020-06-11 03:34:00+00:00
113117656,jinan-telecom,wuhan-telecom,48.0371,0.0,icmp,1591846560,2020-06-11 03:36:00+00:00
113117897,jinan-telecom,wuhan-telecom,48.881,0.0,icmp,1591846680,2020-06-11 03:38:00+00:00
113118100,jinan-telecom,wuhan-telecom,39.3614,0.0,icmp,1591846759,2020-06-11 03:39:19+00:00
113118332,jinan-telecom,wuhan-telecom,39.6238,0.0,icmp,1591846920,2020-06-11 03:42:00+00:00
113118584,jinan-telecom,wuhan-telecom,46.6268,0.0,icmp,1591847040,2020-06-11 03:44:00+00:00
113118801,jinan-telecom,wuhan-telecom,45.6238,0.0,icmp,1591847160,2020-06-11 03:46:00+00:00
113119026,jinan-telecom,wuhan-telecom,43.7177,0.0,icmp,1591847280,2020-06-11 03:48:00+00:00
113119242,jinan-telecom,wuhan-telecom,40.8346,0.0,icmp,1591847400,2020-06-11 03:50:00+00:00
113119486,jinan-telecom,wuhan-telecom,39.5109,0.0,icmp,1591847479,2020-06-11 03:51:19+00:00
113119714,jinan-telecom,wuhan-telecom,51.9074,0.0,icmp,1591847640,2020-06-11 03:54:00+00:00
113119956,jinan-telecom,wuhan-telecom,48.1075,0.0,icmp,1591847760,2020-06-11 03:56:00+00:00
113120160,jinan-telecom,wuhan-telecom,45.9633,0.0,icmp,1591847880,2020-06-11 03:58:00+00:00
113120407,jinan-telecom,wuhan-telecom,45.6473,0.0,icmp,1591848000,2020-06-11 04:00:00+00:00
113120626,jinan-telecom,wuhan-telecom,39.3534,0.0,icmp,1591848079,2020-06-11 04:01:19+00:00
113120846,jinan-telecom,wuhan-telecom,39.6776,0.0,icmp,1591848199,2020-06-11 04:03:19+00:00
113121088,jinan-telecom,wuhan-telecom,40.0927,0.0,icmp,1591848360,2020-06-11 04:06:00+00:00
113121297,jinan-telecom,wuhan-telecom,39.3577,0.0,icmp,1591848439,2020-06-11 04:07:19+00:00
113121530,jinan-telecom,wuhan-telecom,45.2023,0.0,icmp,1591848600,2020-06-11 04:10:00+00:00
113121783,jinan-telecom,wuhan-telecom,47.722,0.0,icmp,1591848720,2020-06-11 04:12:00+00:00
113122008,jinan-telecom,wuhan-telecom,47.1792,0.0,icmp,1591848840,2020-06-11 04:14:00+00:00
113122221,jinan-telecom,wuhan-telecom,47.3848,0.0,icmp,1591848960,2020-06-11 04:16:00+00:00
113122470,jinan-telecom,wuhan-telecom,39.4293,0.0,icmp,1591849099,2020-06-11 04:18:19+00:00
113122693,jinan-telecom,wuhan-telecom,47.682,0.0,icmp,1591849200,2020-06-11 04:20:00+00:00
113122932,jinan-telecom,wuhan-telecom,39.3731,0.0,icmp,1591849279,2020-06-11 04:21:19+00:00
113123139,jinan-telecom,wuhan-telecom,50.8021,0.0,icmp,1591849440,2020-06-11 04:24:00+00:00
113123369,jinan-telecom,wuhan-telecom,44.9223,0.0,icmp,1591849560,2020-06-11 04:26:00+00:00
113123613,jinan-telecom,wuhan-telecom,45.6568,0.0,icmp,1591849680,2020-06-11 04:28:00+00:00
113123826,jinan-telecom,wuhan-telecom,48.1151,0.0,icmp,1591849800,2020-06-11 04:30:00+00:00
113124077,jinan-telecom,wuhan-telecom,49.1246,0.0,icmp,1591849920,2020-06-11 04:32:00+00:00
113124290,jinan-telecom,wuhan-telecom,47.0882,0.0,icmp,1591850040,2020-06-11 04:34:00+00:00
113124540,jinan-telecom,wuhan-telecom,46.7416,0.0,icmp,1591850160,2020-06-11 04:36:00+00:00
113124764,jinan-telecom,wuhan-telecom,39.3881,0.0,icmp,1591850299,2020-06-11 04:38:19+00:00
113124991,jinan-telecom,wuhan-telecom,47.7417,0.0,icmp,1591850400,2020-06-11 04:40:00+00:00
113125210,jinan-telecom,wuhan-telecom,39.374,0.0,icmp,1591850539,2020-06-11 04:42:19+00:00
113125433,jinan-telecom,wuhan-telecom,47.2255,0.0,icmp,1591850640,2020-06-11 04:44:00+00:00
113125653,jinan-telecom,wuhan-telecom,39.338,0.0,icmp,1591850719,2020-06-11 04:45:19+00:00
113125866,jinan-telecom,wuhan-telecom,39.3695,0.0,icmp,1591850899,2020-06-11 04:48:19+00:00
113126139,jinan-telecom,wuhan-telecom,47.9826,0.0,icmp,1591851000,2020-06-11 04:50:00+00:00
113126363,jinan-telecom,wuhan-telecom,48.7154,0.0,icmp,1591851120,2020-06-11 04:52:00+00:00
113126605,jinan-telecom,wuhan-telecom,48.2224,0.0,icmp,1591851240,2020-06-11 04:54:00+00:00
113126809,jinan-telecom,wuhan-telecom,40.6358,0.0,icmp,1591851360,2020-06-11 04:56:00+00:00
113127048,jinan-telecom,wuhan-telecom,39.4687,0.0,icmp,1591851439,2020-06-11 04:57:19+00:00
113127284,jinan-telecom,wuhan-telecom,39.9678,0.0,icmp,1591851600,2020-06-11 05:00:00+00:00
113127502,jinan-telecom,wuhan-telecom,39.7984,0.0,icmp,1591851739,2020-06-11 05:02:19+00:00
113127718,jinan-telecom,wuhan-telecom,47.435,0.0,icmp,1591851840,2020-06-11 05:04:00+00:00
113127961,jinan-telecom,wuhan-telecom,50.5001,0.0,icmp,1591851960,2020-06-11 05:06:00+00:00
113128177,jinan-telecom,wuhan-telecom,45.4952,0.0,icmp,1591852080,2020-06-11 05:08:00+00:00
113128413,jinan-telecom,wuhan-telecom,49.2463,0.0,icmp,1591852200,2020-06-11 05:10:00+00:00
113128647,jinan-telecom,wuhan-telecom,46.3358,0.0,icmp,1591852320,2020-06-11 05:12:00+00:00
113128876,jinan-telecom,wuhan-telecom,46.2913,0.0,icmp,1591852440,2020-06-11 05:14:00+00:00
113129100,jinan-telecom,wuhan-telecom,46.2077,0.0,icmp,1591852560,2020-06-11 05:16:00+00:00
113129318,jinan-telecom,wuhan-telecom,39.3466,0.0,icmp,1591852699,2020-06-11 05:18:19+00:00
113129555,jinan-telecom,wuhan-telecom,39.3222,0.0,icmp,1591852819,2020-06-11 05:20:19+00:00
113129792,jinan-telecom,wuhan-telecom,48.1836,0.0,icmp,1591852920,2020-06-11 05:22:00+00:00
113130024,jinan-telecom,wuhan-telecom,46.427,0.0,icmp,1591853040,2020-06-11 05:24:00+00:00
113130233,jinan-telecom,wuhan-telecom,46.5972,0.0,icmp,1591853160,2020-06-11 05:26:00+00:00
113130460,jinan-telecom,wuhan-telecom,43.7907,0.0,icmp,1591853280,2020-06-11 05:28:00+00:00
113130693,jinan-telecom,wuhan-telecom,48.9565,0.0,icmp,1591853400,2020-06-11 05:30:00+00:00
113130942,jinan-telecom,wuhan-telecom,39.3552,0.0,icmp,1591853479,2020-06-11 05:31:19+00:00
113131162,jinan-telecom,wuhan-telecom,47.259,0.0,icmp,1591853640,2020-06-11 05:34:00+00:00
113131378,jinan-telecom,wuhan-telecom,47.4465,0.0,icmp,1591853760,2020-06-11 05:36:00+00:00
113131620,jinan-telecom,wuhan-telecom,48.0958,0.0,icmp,1591853880,2020-06-11 05:38:00+00:00
113131830,jinan-telecom,wuhan-telecom,47.7786,0.0,icmp,1591854000,2020-06-11 05:40:00+00:00
113132070,jinan-telecom,wuhan-telecom,39.4957,0.0,icmp,1591854079,2020-06-11 05:41:19+00:00
113132297,jinan-telecom,wuhan-telecom,39.3904,0.0,icmp,1591854199,2020-06-11 05:43:19+00:00
113132538,jinan-telecom,wuhan-telecom,39.3759,0.0,icmp,1591854319,2020-06-11 05:45:19+00:00
113132793,jinan-telecom,wuhan-telecom,46.1606,0.0,icmp,1591854480,2020-06-11 05:48:00+00:00
113132994,jinan-telecom,wuhan-telecom,39.4879,0.0,icmp,1591854619,2020-06-11 05:50:19+00:00
113133222,jinan-telecom,wuhan-telecom,48.9431,0.0,icmp,1591854720,2020-06-11 05:52:00+00:00
113133457,jinan-telecom,wuhan-telecom,39.3884,0.0,icmp,1591854859,2020-06-11 05:54:19+00:00
113133680,jinan-telecom,wuhan-telecom,47.2564,0.0,icmp,1591854960,2020-06-11 05:56:00+00:00
113133913,jinan-telecom,wuhan-telecom,39.3478,0.0,icmp,1591855099,2020-06-11 05:58:19+00:00
113134159,jinan-telecom,wuhan-telecom,47.2013,0.0,icmp,1591855200,2020-06-11 06:00:00+00:00
113134370,jinan-telecom,wuhan-telecom,47.0831,0.0,icmp,1591855320,2020-06-11 06:02:00+00:00
113134599,jinan-telecom,wuhan-telecom,44.7854,0.0,icmp,1591855440,2020-06-11 06:04:00+00:00
113134814,jinan-telecom,wuhan-telecom,43.7777,0.0,icmp,1591855564,2020-06-11 06:06:04+00:00
113135027,jinan-telecom,wuhan-telecom,48.1107,0.0,icmp,1591855680,2020-06-11 06:08:00+00:00
113135281,jinan-telecom,wuhan-telecom,46.131,0.0,icmp,1591855800,2020-06-11 06:10:00+00:00
113135523,jinan-telecom,wuhan-telecom,47.6985,0.0,icmp,1591855920,2020-06-11 06:12:00+00:00
113135722,jinan-telecom,wuhan-telecom,39.3952,0.0,icmp,1591855999,2020-06-11 06:13:19+00:00
113135959,jinan-telecom,wuhan-telecom,39.3456,0.0,icmp,1591856119,2020-06-11 06:15:19+00:00
113136201,jinan-telecom,wuhan-telecom,39.6074,0.0,icmp,1591856239,2020-06-11 06:17:19+00:00
113136441,jinan-telecom,wuhan-telecom,39.7384,0.0,icmp,1591856419,2020-06-11 06:20:19+00:00
113136640,jinan-telecom,wuhan-telecom,47.7128,0.0,icmp,1591856520,2020-06-11 06:22:00+00:00
113136890,jinan-telecom,wuhan-telecom,46.468,0.0,icmp,1591856640,2020-06-11 06:24:00+00:00
113137104,jinan-telecom,wuhan-telecom,39.4168,0.0,icmp,1591856719,2020-06-11 06:25:19+00:00
113137354,jinan-telecom,wuhan-telecom,46.8637,0.0,icmp,1591856880,2020-06-11 06:28:00+00:00
113137566,jinan-telecom,wuhan-telecom,39.5146,0.0,icmp,1591857019,2020-06-11 06:30:19+00:00
113137795,jinan-telecom,wuhan-telecom,48.7104,0.0,icmp,1591857120,2020-06-11 06:32:00+00:00
113138051,jinan-telecom,wuhan-telecom,39.482,0.0,icmp,1591857244,2020-06-11 06:34:04+00:00
113138255,jinan-telecom,wuhan-telecom,49.7448,0.0,icmp,1591857360,2020-06-11 06:36:00+00:00
113138503,jinan-telecom,wuhan-telecom,44.9452,0.0,icmp,1591857484,2020-06-11 06:38:04+00:00
113138708,jinan-telecom,wuhan-telecom,46.9829,0.0,icmp,1591857600,2020-06-11 06:40:00+00:00
113138947,jinan-telecom,wuhan-telecom,46.231,0.0,icmp,1591857720,2020-06-11 06:42:00+00:00
113139165,jinan-telecom,wuhan-telecom,46.9804,0.0,icmp,1591857840,2020-06-11 06:44:00+00:00
113139413,jinan-telecom,wuhan-telecom,43.3437,0.0,icmp,1591857960,2020-06-11 06:46:00+00:00
113139627,jinan-telecom,wuhan-telecom,48.243,0.0,icmp,1591858080,2020-06-11 06:48:00+00:00
113139870,jinan-telecom,wuhan-telecom,47.2581,0.0,icmp,1591858200,2020-06-11 06:50:00+00:00
113140108,jinan-telecom,wuhan-telecom,47.328,0.0,icmp,1591858320,2020-06-11 06:52:00+00:00
113140344,jinan-telecom,wuhan-telecom,45.6341,0.0,icmp,1591858440,2020-06-11 06:54:00+00:00
113140543,jinan-telecom,wuhan-telecom,42.6523,0.0,icmp,1591858560,2020-06-11 06:56:00+00:00
113140794,jinan-telecom,wuhan-telecom,49.6049,0.0,icmp,1591858680,2020-06-11 06:58:00+00:00
113140991,jinan-telecom,wuhan-telecom,39.6164,0.0,icmp,1591858819,2020-06-11 07:00:19+00:00
113141227,jinan-telecom,wuhan-telecom,39.6341,0.0,icmp,1591858939,2020-06-11 07:02:19+00:00
113141462,jinan-telecom,wuhan-telecom,46.3549,0.0,icmp,1591859040,2020-06-11 07:04:00+00:00
113141698,jinan-telecom,wuhan-telecom,47.194,0.0,icmp,1591859160,2020-06-11 07:06:00+00:00
113141921,jinan-telecom,wuhan-telecom,41.0469,0.0,icmp,1591859280,2020-06-11 07:08:00+00:00
113142165,jinan-telecom,wuhan-telecom,47.3029,0.0,icmp,1591859400,2020-06-11 07:10:00+00:00
113142392,jinan-telecom,wuhan-telecom,46.232,0.0,icmp,1591859520,2020-06-11 07:12:00+00:00
113142624,jinan-telecom,wuhan-telecom,39.4542,0.0,icmp,1591859585,2020-06-11 07:13:05+00:00
113142848,jinan-telecom,wuhan-telecom,48.4705,0.0,icmp,1591859760,2020-06-11 07:16:00+00:00
113143087,jinan-telecom,wuhan-telecom,39.3732,0.0,icmp,1591859839,2020-06-11 07:17:19+00:00
113143315,jinan-telecom,wuhan-telecom,47.0512,0.0,icmp,1591860000,2020-06-11 07:20:00+00:00
113143524,jinan-telecom,wuhan-telecom,39.3628,0.0,icmp,1591860079,2020-06-11 07:21:19+00:00
113143746,jinan-telecom,wuhan-telecom,39.3465,0.0,icmp,1591860259,2020-06-11 07:24:19+00:00
113143987,jinan-telecom,wuhan-telecom,39.4177,0.0,icmp,1591860379,2020-06-11 07:26:19+00:00
113144216,jinan-telecom,wuhan-telecom,48.8075,0.0,icmp,1591860480,2020-06-11 07:28:00+00:00
113144445,jinan-telecom,wuhan-telecom,46.1909,0.0,icmp,1591860600,2020-06-11 07:30:00+00:00
113144675,jinan-telecom,wuhan-telecom,47.1443,0.0,icmp,1591860720,2020-06-11 07:32:00+00:00
113144911,jinan-telecom,wuhan-telecom,45.8788,0.0,icmp,1591860840,2020-06-11 07:34:00+00:00
113145145,jinan-telecom,wuhan-telecom,46.5487,0.0,icmp,1591860960,2020-06-11 07:36:00+00:00
113145367,jinan-telecom,wuhan-telecom,39.356,0.0,icmp,1591861039,2020-06-11 07:37:19+00:00
113145593,jinan-telecom,wuhan-telecom,46.5193,0.0,icmp,1591861200,2020-06-11 07:40:00+00:00
113145823,jinan-telecom,wuhan-telecom,49.023,0.0,icmp,1591861320,2020-06-11 07:42:00+00:00
113146061,jinan-telecom,wuhan-telecom,45.6522,0.0,icmp,1591861440,2020-06-11 07:44:00+00:00
113146267,jinan-telecom,wuhan-telecom,48.7524,0.0,icmp,1591861560,2020-06-11 07:46:00+00:00
113146501,jinan-telecom,wuhan-telecom,39.3258,0.0,icmp,1591861699,2020-06-11 07:48:19+00:00
113146724,jinan-telecom,wuhan-telecom,39.5109,0.0,icmp,1591861819,2020-06-11 07:50:19+00:00
113146942,jinan-telecom,wuhan-telecom,48.2088,0.0,icmp,1591861920,2020-06-11 07:52:00+00:00
113147191,jinan-telecom,wuhan-telecom,46.5715,0.0,icmp,1591862040,2020-06-11 07:54:00+00:00
113147417,jinan-telecom,wuhan-telecom,46.5657,0.0,icmp,1591862160,2020-06-11 07:56:00+00:00
113147653,jinan-telecom,wuhan-telecom,49.169,0.0,icmp,1591862280,2020-06-11 07:58:00+00:00
113147871,jinan-telecom,wuhan-telecom,49.4634,0.0,icmp,1591862400,2020-06-11 08:00:00+00:00
113148114,jinan-telecom,wuhan-telecom,45.7283,0.0,icmp,1591862520,2020-06-11 08:02:00+00:00
113148356,jinan-telecom,wuhan-telecom,48.5521,0.0,icmp,1591862640,2020-06-11 08:04:00+00:00
113148578,jinan-telecom,wuhan-telecom,46.4116,0.0,icmp,1591862760,2020-06-11 08:06:00+00:00
113148789,jinan-telecom,wuhan-telecom,47.0494,0.0,icmp,1591862880,2020-06-11 08:08:00+00:00
113149036,jinan-telecom,wuhan-telecom,39.6553,0.0,icmp,1591862959,2020-06-11 08:09:19+00:00
113149259,jinan-telecom,wuhan-telecom,45.7576,0.0,icmp,1591863120,2020-06-11 08:12:00+00:00
113149492,jinan-telecom,wuhan-telecom,45.2729,0.0,icmp,1591863240,2020-06-11 08:14:00+00:00
113149704,jinan-telecom,wuhan-telecom,39.4081,0.0,icmp,1591863319,2020-06-11 08:15:19+00:00
113149932,jinan-telecom,wuhan-telecom,48.2558,0.0,icmp,1591863480,2020-06-11 08:18:00+00:00
113150170,jinan-telecom,wuhan-telecom,48.8587,0.0,icmp,1591863600,2020-06-11 08:20:00+00:00
113150408,jinan-telecom,wuhan-telecom,49.9541,0.0,icmp,1591863720,2020-06-11 08:22:00+00:00
113150609,jinan-telecom,wuhan-telecom,45.7681,0.0,icmp,1591863840,2020-06-11 08:24:00+00:00
113150860,jinan-telecom,wuhan-telecom,39.347,0.0,icmp,1591863979,2020-06-11 08:26:19+00:00
113151085,jinan-telecom,wuhan-telecom,42.1876,0.0,icmp,1591864080,2020-06-11 08:28:00+00:00
113151325,jinan-telecom,wuhan-telecom,46.335,0.0,icmp,1591864200,2020-06-11 08:30:00+00:00
113151539,jinan-telecom,wuhan-telecom,44.3706,0.0,icmp,1591864320,2020-06-11 08:32:00+00:00
113151769,jinan-telecom,wuhan-telecom,48.559,0.0,icmp,1591864440,2020-06-11 08:34:00+00:00
113151987,jinan-telecom,wuhan-telecom,42.3201,0.0,icmp,1591864560,2020-06-11 08:36:00+00:00
113152229,jinan-telecom,wuhan-telecom,47.2417,0.0,icmp,1591864680,2020-06-11 08:38:00+00:00
113152456,jinan-telecom,wuhan-telecom,46.7921,0.0,icmp,1591864800,2020-06-11 08:40:00+00:00
113152679,jinan-telecom,wuhan-telecom,42.3205,0.0,icmp,1591864920,2020-06-11 08:42:00+00:00
113152901,jinan-telecom,wuhan-telecom,45.6118,0.0,icmp,1591865040,2020-06-11 08:44:00+00:00
113153154,jinan-telecom,wuhan-telecom,47.0834,0.0,icmp,1591865160,2020-06-11 08:46:00+00:00
113153361,jinan-telecom,wuhan-telecom,52.1223,0.0,icmp,1591865280,2020-06-11 08:48:00+00:00
113153598,jinan-telecom,wuhan-telecom,46.4196,0.0,icmp,1591865400,2020-06-11 08:50:00+00:00
113153828,jinan-telecom,wuhan-telecom,46.6934,0.0,icmp,1591865520,2020-06-11 08:52:00+00:00
113154060,jinan-telecom,wuhan-telecom,39.3592,0.0,icmp,1591865599,2020-06-11 08:53:19+00:00
113154286,jinan-telecom,wuhan-telecom,46.1807,0.0,icmp,1591865760,2020-06-11 08:56:00+00:00
113154530,jinan-telecom,wuhan-telecom,47.2114,0.0,icmp,1591865880,2020-06-11 08:58:00+00:00
113154754,jinan-telecom,wuhan-telecom,45.9878,0.0,icmp,1591866000,2020-06-11 09:00:00+00:00
113154971,jinan-telecom,wuhan-telecom,47.8134,0.0,icmp,1591866120,2020-06-11 09:02:00+00:00
113155193,jinan-telecom,wuhan-telecom,39.3281,0.0,icmp,1591866259,2020-06-11 09:04:19+00:00
113155442,jinan-telecom,wuhan-telecom,39.4536,0.0,icmp,1591866379,2020-06-11 09:06:19+00:00
113155679,jinan-telecom,wuhan-telecom,47.8095,0.0,icmp,1591866480,2020-06-11 09:08:00+00:00
113155887,jinan-telecom,wuhan-telecom,46.2126,0.0,icmp,1591866600,2020-06-11 09:10:00+00:00
113156118,jinan-telecom,wuhan-telecom,45.1224,0.0,icmp,1591866720,2020-06-11 09:12:00+00:00
113156341,jinan-telecom,wuhan-telecom,48.4352,0.0,icmp,1591866840,2020-06-11 09:14:00+00:00
113156569,jinan-telecom,wuhan-telecom,47.6457,0.0,icmp,1591866960,2020-06-11 09:16:00+00:00
113156803,jinan-telecom,wuhan-telecom,42.739,0.0,icmp,1591867080,2020-06-11 09:18:00+00:00
113157040,jinan-telecom,wuhan-telecom,47.8936,0.0,icmp,1591867200,2020-06-11 09:20:00+00:00
113157264,jinan-telecom,wuhan-telecom,47.3139,0.0,icmp,1591867320,2020-06-11 09:22:00+00:00
113157488,jinan-telecom,wuhan-telecom,39.4005,0.0,icmp,1591867399,2020-06-11 09:23:19+00:00
113157727,jinan-telecom,wuhan-telecom,47.9565,0.0,icmp,1591867560,2020-06-11 09:26:00+00:00
113157948,jinan-telecom,wuhan-telecom,46.9914,0.0,icmp,1591867680,2020-06-11 09:28:00+00:00
113158177,jinan-telecom,wuhan-telecom,42.6004,0.0,icmp,1591867800,2020-06-11 09:30:00+00:00
113158424,jinan-telecom,wuhan-telecom,39.3342,0.0,icmp,1591867879,2020-06-11 09:31:19+00:00
113158648,jinan-telecom,wuhan-telecom,46.8712,0.0,icmp,1591868040,2020-06-11 09:34:00+00:00
113158885,jinan-telecom,wuhan-telecom,49.3479,0.0,icmp,1591868160,2020-06-11 09:36:00+00:00
113159094,jinan-telecom,wuhan-telecom,48.2413,0.0,icmp,1591868280,2020-06-11 09:38:00+00:00
113159337,jinan-telecom,wuhan-telecom,48.2791,0.0,icmp,1591868400,2020-06-11 09:40:00+00:00
116804185,jinan-telecom,wuhan-telecom,39.4987,0.0,icmp,1591992259,2020-06-12 20:04:19+00:00
116804401,jinan-telecom,wuhan-telecom,47.0248,0.0,icmp,1591992420,2020-06-12 20:07:00+00:00
116804637,jinan-telecom,wuhan-telecom,42.3802,0.0,icmp,1591992540,2020-06-12 20:09:00+00:00
116804850,jinan-telecom,wuhan-telecom,47.6156,0.0,icmp,1591992660,2020-06-12 20:11:00+00:00
116805085,jinan-telecom,wuhan-telecom,50.1804,0.0,icmp,1591992780,2020-06-12 20:13:00+00:00
116805313,jinan-telecom,wuhan-telecom,39.6464,0.0,icmp,1591992919,2020-06-12 20:15:19+00:00
116805539,jinan-telecom,wuhan-telecom,39.3389,0.0,icmp,1591993039,2020-06-12 20:17:19+00:00
116805768,jinan-telecom,wuhan-telecom,39.3501,0.0,icmp,1591993159,2020-06-12 20:19:19+00:00
116806014,jinan-telecom,wuhan-telecom,46.1673,0.0,icmp,1591993260,2020-06-12 20:21:00+00:00
116806243,jinan-telecom,wuhan-telecom,42.5002,0.0,icmp,1591993380,2020-06-12 20:23:00+00:00
116806464,jinan-telecom,wuhan-telecom,39.4564,0.0,icmp,1591993519,2020-06-12 20:25:19+00:00
116806682,jinan-telecom,wuhan-telecom,47.9653,0.0,icmp,1591993620,2020-06-12 20:27:00+00:00
116806934,jinan-telecom,wuhan-telecom,43.0556,0.0,icmp,1591993684,2020-06-12 20:28:04+00:00
116807164,jinan-telecom,wuhan-telecom,44.4561,0.0,icmp,1591993860,2020-06-12 20:31:00+00:00
116807373,jinan-telecom,wuhan-telecom,45.8751,0.0,icmp,1591993980,2020-06-12 20:33:00+00:00
116807607,jinan-telecom,wuhan-telecom,39.3344,0.0,icmp,1591994059,2020-06-12 20:34:19+00:00
116807845,jinan-telecom,wuhan-telecom,47.973,0.0,icmp,1591994220,2020-06-12 20:37:00+00:00
116808062,jinan-telecom,wuhan-telecom,45.1492,0.0,icmp,1591994340,2020-06-12 20:39:00+00:00
116808302,jinan-telecom,wuhan-telecom,47.1608,0.0,icmp,1591994460,2020-06-12 20:41:00+00:00
116808530,jinan-telecom,wuhan-telecom,48.0056,0.0,icmp,1591994580,2020-06-12 20:43:00+00:00
116808757,jinan-telecom,wuhan-telecom,47.4584,0.0,icmp,1591994700,2020-06-12 20:45:00+00:00
116808993,jinan-telecom,wuhan-telecom,46.495,0.0,icmp,1591994820,2020-06-12 20:47:00+00:00
116809197,jinan-telecom,wuhan-telecom,39.3961,0.0,icmp,1591994899,2020-06-12 20:48:19+00:00
116809447,jinan-telecom,wuhan-telecom,45.938,0.0,icmp,1591995060,2020-06-12 20:51:00+00:00
116809665,jinan-telecom,wuhan-telecom,39.3375,0.0,icmp,1591995139,2020-06-12 20:52:19+00:00
116809911,jinan-telecom,wuhan-telecom,50.0217,0.0,icmp,1591995300,2020-06-12 20:55:00+00:00
116810138,jinan-telecom,wuhan-telecom,49.5295,0.0,icmp,1591995420,2020-06-12 20:57:00+00:00
116810370,jinan-telecom,wuhan-telecom,39.3339,0.0,icmp,1591995499,2020-06-12 20:58:19+00:00
116810569,jinan-telecom,wuhan-telecom,46.3057,0.0,icmp,1591995660,2020-06-12 21:01:00+00:00
116810807,jinan-telecom,wuhan-telecom,42.6823,0.0,icmp,1591995780,2020-06-12 21:03:00+00:00
116811054,jinan-telecom,wuhan-telecom,46.5197,0.0,icmp,1591995900,2020-06-12 21:05:00+00:00
116811282,jinan-telecom,wuhan-telecom,48.0184,0.0,icmp,1591996020,2020-06-12 21:07:00+00:00
116811509,jinan-telecom,wuhan-telecom,48.3805,0.0,icmp,1591996140,2020-06-12 21:09:00+00:00
116811749,jinan-telecom,wuhan-telecom,47.0624,0.0,icmp,1591996260,2020-06-12 21:11:00+00:00
116811974,jinan-telecom,wuhan-telecom,46.4808,0.0,icmp,1591996380,2020-06-12 21:13:00+00:00
116812183,jinan-telecom,wuhan-telecom,39.4913,0.0,icmp,1591996519,2020-06-12 21:15:19+00:00
116812411,jinan-telecom,wuhan-telecom,47.1357,0.0,icmp,1591996620,2020-06-12 21:17:00+00:00
116812651,jinan-telecom,wuhan-telecom,46.8912,0.0,icmp,1591996740,2020-06-12 21:19:00+00:00
116812881,jinan-telecom,wuhan-telecom,47.7933,0.0,icmp,1591996860,2020-06-12 21:21:00+00:00
116813118,jinan-telecom,wuhan-telecom,47.8952,0.0,icmp,1591996980,2020-06-12 21:23:00+00:00
116813330,jinan-telecom,wuhan-telecom,44.9521,0.0,icmp,1591997100,2020-06-12 21:25:00+00:00
116813565,jinan-telecom,wuhan-telecom,48.3508,0.0,icmp,1591997220,2020-06-12 21:27:00+00:00
116813789,jinan-telecom,wuhan-telecom,46.3009,0.0,icmp,1591997340,2020-06-12 21:29:00+00:00
116814019,jinan-telecom,wuhan-telecom,47.0666,0.0,icmp,1591997460,2020-06-12 21:31:00+00:00
116814260,jinan-telecom,wuhan-telecom,39.8598,0.0,icmp,1591997599,2020-06-12 21:33:19+00:00
116814467,jinan-telecom,wuhan-telecom,47.8796,0.0,icmp,1591997700,2020-06-12 21:35:00+00:00
116814717,jinan-telecom,wuhan-telecom,47.0297,0.0,icmp,1591997820,2020-06-12 21:37:00+00:00
116814944,jinan-telecom,wuhan-telecom,46.7693,0.0,icmp,1591997940,2020-06-12 21:39:00+00:00
116815177,jinan-telecom,wuhan-telecom,46.231,0.0,icmp,1591998060,2020-06-12 21:41:00+00:00
116815390,jinan-telecom,wuhan-telecom,39.3248,0.0,icmp,1591998139,2020-06-12 21:42:19+00:00
116815626,jinan-telecom,wuhan-telecom,39.4105,0.0,icmp,1591998259,2020-06-12 21:44:19+00:00
116815860,jinan-telecom,wuhan-telecom,39.4069,0.0,icmp,1591998379,2020-06-12 21:46:19+00:00
116816083,jinan-telecom,wuhan-telecom,39.4237,0.0,icmp,1591998499,2020-06-12 21:48:19+00:00
116816319,jinan-telecom,wuhan-telecom,39.3212,0.0,icmp,1591998619,2020-06-12 21:50:19+00:00
116816543,jinan-telecom,wuhan-telecom,39.3126,0.0,icmp,1591998739,2020-06-12 21:52:19+00:00
116816781,jinan-telecom,wuhan-telecom,46.1655,0.0,icmp,1591998900,2020-06-12 21:55:00+00:00
116817001,jinan-telecom,wuhan-telecom,47.6385,0.0,icmp,1591999020,2020-06-12 21:57:00+00:00
116817235,jinan-telecom,wuhan-telecom,48.8445,0.0,icmp,1591999140,2020-06-12 21:59:00+00:00
116817453,jinan-telecom,wuhan-telecom,39.3162,0.0,icmp,1591999279,2020-06-12 22:01:19+00:00
116817696,jinan-telecom,wuhan-telecom,46.0733,0.0,icmp,1591999380,2020-06-12 22:03:00+00:00
116817901,jinan-telecom,wuhan-telecom,42.3042,0.0,icmp,1591999500,2020-06-12 22:05:00+00:00
116818146,jinan-telecom,wuhan-telecom,46.1412,0.0,icmp,1591999620,2020-06-12 22:07:00+00:00
116818394,jinan-telecom,wuhan-telecom,48.0722,0.0,icmp,1591999740,2020-06-12 22:09:00+00:00
116818608,jinan-telecom,wuhan-telecom,48.2678,0.0,icmp,1591999860,2020-06-12 22:11:00+00:00
116818843,jinan-telecom,wuhan-telecom,49.4693,0.0,icmp,1591999980,2020-06-12 22:13:00+00:00
116819051,jinan-telecom,wuhan-telecom,47.6665,0.0,icmp,1592000100,2020-06-12 22:15:00+00:00
116819274,jinan-telecom,wuhan-telecom,39.3184,0.0,icmp,1592000239,2020-06-12 22:17:19+00:00
116819516,jinan-telecom,wuhan-telecom,43.7372,0.0,icmp,1592000340,2020-06-12 22:19:00+00:00
116819744,jinan-telecom,wuhan-telecom,45.7174,0.0,icmp,1592000460,2020-06-12 22:21:00+00:00
116819992,jinan-telecom,wuhan-telecom,39.3378,0.0,icmp,1592000539,2020-06-12 22:22:19+00:00
116820191,jinan-telecom,wuhan-telecom,47.1524,0.0,icmp,1592000700,2020-06-12 22:25:00+00:00
116820431,jinan-telecom,wuhan-telecom,47.4666,0.0,icmp,1592000820,2020-06-12 22:27:00+00:00
116820660,jinan-telecom,wuhan-telecom,45.8104,0.0,icmp,1592000940,2020-06-12 22:29:00+00:00
116820917,jinan-telecom,wuhan-telecom,48.495,0.0,icmp,1592001060,2020-06-12 22:31:00+00:00
116821103,jinan-telecom,wuhan-telecom,39.299,0.0,icmp,1592001139,2020-06-12 22:32:19+00:00
116821350,jinan-telecom,wuhan-telecom,39.3341,0.0,icmp,1592001259,2020-06-12 22:34:19+00:00
116821564,jinan-telecom,wuhan-telecom,48.7252,0.0,icmp,1592001420,2020-06-12 22:37:00+00:00
116821795,jinan-telecom,wuhan-telecom,46.5464,0.0,icmp,1592001540,2020-06-12 22:39:00+00:00
116822071,jinan-telecom,wuhan-telecom,44.6073,0.0,icmp,1592001660,2020-06-12 22:41:00+00:00
116822251,jinan-telecom,wuhan-telecom,48.8339,0.0,icmp,1592001780,2020-06-12 22:43:00+00:00
116822500,jinan-telecom,wuhan-telecom,49.4431,0.0,icmp,1592001900,2020-06-12 22:45:00+00:00
116822729,jinan-telecom,wuhan-telecom,45.9863,0.0,icmp,1592002020,2020-06-12 22:47:00+00:00
116822956,jinan-telecom,wuhan-telecom,46.269,0.0,icmp,1592002140,2020-06-12 22:49:00+00:00
116823168,jinan-telecom,wuhan-telecom,47.0683,0.0,icmp,1592002260,2020-06-12 22:51:00+00:00
116823403,jinan-telecom,wuhan-telecom,47.983,0.0,icmp,1592002380,2020-06-12 22:53:00+00:00
116823627,jinan-telecom,wuhan-telecom,46.1897,0.0,icmp,1592002500,2020-06-12 22:55:00+00:00
116823864,jinan-telecom,wuhan-telecom,45.746,0.0,icmp,1592002620,2020-06-12 22:57:00+00:00
116824112,jinan-telecom,wuhan-telecom,46.0221,0.0,icmp,1592002740,2020-06-12 22:59:00+00:00
116824319,jinan-telecom,wuhan-telecom,39.3584,0.0,icmp,1592002819,2020-06-12 23:00:19+00:00
116824566,jinan-telecom,wuhan-telecom,47.2198,0.0,icmp,1592002980,2020-06-12 23:03:00+00:00
116824780,jinan-telecom,wuhan-telecom,45.6156,0.0,icmp,1592003100,2020-06-12 23:05:00+00:00
116825000,jinan-telecom,wuhan-telecom,46.965,0.0,icmp,1592003220,2020-06-12 23:07:00+00:00
116825272,jinan-telecom,wuhan-telecom,39.5674,0.0,icmp,1592003299,2020-06-12 23:08:19+00:00
116825453,jinan-telecom,wuhan-telecom,39.3103,0.0,icmp,1592003479,2020-06-12 23:11:19+00:00
116825693,jinan-telecom,wuhan-telecom,39.3585,0.0,icmp,1592003599,2020-06-12 23:13:19+00:00
116825913,jinan-telecom,wuhan-telecom,46.3805,0.0,icmp,1592003700,2020-06-12 23:15:00+00:00
116826151,jinan-telecom,wuhan-telecom,48.6792,0.0,icmp,1592003820,2020-06-12 23:17:00+00:00
116826401,jinan-telecom,wuhan-telecom,47.5318,0.0,icmp,1592003940,2020-06-12 23:19:00+00:00
116826614,jinan-telecom,wuhan-telecom,46.2574,0.0,icmp,1592004060,2020-06-12 23:21:00+00:00
116826832,jinan-telecom,wuhan-telecom,49.0172,0.0,icmp,1592004180,2020-06-12 23:23:00+00:00
116827071,jinan-telecom,wuhan-telecom,47.6742,0.0,icmp,1592004300,2020-06-12 23:25:00+00:00
116827298,jinan-telecom,wuhan-telecom,49.1834,0.0,icmp,1592004420,2020-06-12 23:27:00+00:00
116827523,jinan-telecom,wuhan-telecom,48.6789,0.0,icmp,1592004540,2020-06-12 23:29:00+00:00
116827749,jinan-telecom,wuhan-telecom,47.1573,0.0,icmp,1592004660,2020-06-12 23:31:00+00:00
116827980,jinan-telecom,wuhan-telecom,46.0321,0.0,icmp,1592004780,2020-06-12 23:33:00+00:00
116828218,jinan-telecom,wuhan-telecom,39.4108,0.0,icmp,1592004919,2020-06-12 23:35:19+00:00
116828458,jinan-telecom,wuhan-telecom,39.3513,0.0,icmp,1592005039,2020-06-12 23:37:19+00:00
116828671,jinan-telecom,wuhan-telecom,47.4488,0.0,icmp,1592005140,2020-06-12 23:39:00+00:00
116828921,jinan-telecom,wuhan-telecom,39.3959,0.0,icmp,1592005219,2020-06-12 23:40:19+00:00
116829126,jinan-telecom,wuhan-telecom,45.8584,0.0,icmp,1592005380,2020-06-12 23:43:00+00:00
116829362,jinan-telecom,wuhan-telecom,39.4834,0.0,icmp,1592005519,2020-06-12 23:45:19+00:00
116829595,jinan-telecom,wuhan-telecom,46.9436,0.0,icmp,1592005620,2020-06-12 23:47:00+00:00
116829831,jinan-telecom,wuhan-telecom,48.1362,0.0,icmp,1592005740,2020-06-12 23:49:00+00:00
116830060,jinan-telecom,wuhan-telecom,39.5126,0.0,icmp,1592005879,2020-06-12 23:51:19+00:00
116830284,jinan-telecom,wuhan-telecom,39.4146,0.0,icmp,1592005999,2020-06-12 23:53:19+00:00
116830511,jinan-telecom,wuhan-telecom,49.6168,0.0,icmp,1592006100,2020-06-12 23:55:00+00:00
116830732,jinan-telecom,wuhan-telecom,46.419,0.0,icmp,1592006220,2020-06-12 23:57:00+00:00
116830965,jinan-telecom,wuhan-telecom,45.9222,0.0,icmp,1592006340,2020-06-12 23:59:00+00:00
116831181,jinan-telecom,wuhan-telecom,39.6999,0.0,icmp,1592006419,2020-06-13 00:00:19+00:00
116831415,jinan-telecom,wuhan-telecom,39.5703,0.0,icmp,1592006539,2020-06-13 00:02:19+00:00
116831639,jinan-telecom,wuhan-telecom,39.3432,0.0,icmp,1592006659,2020-06-13 00:04:19+00:00
116831894,jinan-telecom,wuhan-telecom,48.8781,0.0,icmp,1592006820,2020-06-13 00:07:00+00:00
116832103,jinan-telecom,wuhan-telecom,42.6838,0.0,icmp,1592006940,2020-06-13 00:09:00+00:00
116832343,jinan-telecom,wuhan-telecom,40.9177,0.0,icmp,1592007060,2020-06-13 00:11:00+00:00
116832558,jinan-telecom,wuhan-telecom,49.6607,0.0,icmp,1592007180,2020-06-13 00:13:00+00:00
116832786,jinan-telecom,wuhan-telecom,46.9099,0.0,icmp,1592007300,2020-06-13 00:15:00+00:00
116833032,jinan-telecom,wuhan-telecom,45.8749,0.0,icmp,1592007420,2020-06-13 00:17:00+00:00
116833243,jinan-telecom,wuhan-telecom,46.4712,0.0,icmp,1592007540,2020-06-13 00:19:00+00:00
116833498,jinan-telecom,wuhan-telecom,45.141,0.0,icmp,1592007660,2020-06-13 00:21:00+00:00
116833706,jinan-telecom,wuhan-telecom,45.0056,0.0,icmp,1592007780,2020-06-13 00:23:00+00:00
116833949,jinan-telecom,wuhan-telecom,45.6209,0.0,icmp,1592007900,2020-06-13 00:25:00+00:00
116834174,jinan-telecom,wuhan-telecom,39.654,0.0,icmp,1592007979,2020-06-13 00:26:19+00:00
116834390,jinan-telecom,wuhan-telecom,47.7625,0.0,icmp,1592008140,2020-06-13 00:29:00+00:00
116834623,jinan-telecom,wuhan-telecom,46.906,0.0,icmp,1592008260,2020-06-13 00:31:00+00:00
116834875,jinan-telecom,wuhan-telecom,45.8961,0.0,icmp,1592008380,2020-06-13 00:33:00+00:00
116835084,jinan-telecom,wuhan-telecom,45.5239,0.0,icmp,1592008500,2020-06-13 00:35:00+00:00
116835307,jinan-telecom,wuhan-telecom,45.7245,0.0,icmp,1592008620,2020-06-13 00:37:00+00:00
116835559,jinan-telecom,wuhan-telecom,39.4065,0.0,icmp,1592008699,2020-06-13 00:38:19+00:00
116835801,jinan-telecom,wuhan-telecom,46.2582,0.0,icmp,1592008860,2020-06-13 00:41:00+00:00
116835993,jinan-telecom,wuhan-telecom,39.4206,0.0,icmp,1592008999,2020-06-13 00:43:19+00:00
116836223,jinan-telecom,wuhan-telecom,49.034,0.0,icmp,1592009100,2020-06-13 00:45:00+00:00
116836455,jinan-telecom,wuhan-telecom,39.4487,0.0,icmp,1592009179,2020-06-13 00:46:19+00:00
116836682,jinan-telecom,wuhan-telecom,45.7407,0.0,icmp,1592009340,2020-06-13 00:49:00+00:00
116836913,jinan-telecom,wuhan-telecom,46.4971,0.0,icmp,1592009460,2020-06-13 00:51:00+00:00
116837153,jinan-telecom,wuhan-telecom,46.9585,0.0,icmp,1592009580,2020-06-13 00:53:00+00:00
116837378,jinan-telecom,wuhan-telecom,48.6619,0.0,icmp,1592009700,2020-06-13 00:55:00+00:00
116837613,jinan-telecom,wuhan-telecom,39.3223,0.0,icmp,1592009779,2020-06-13 00:56:19+00:00
116837840,jinan-telecom,wuhan-telecom,42.323,0.0,icmp,1592009940,2020-06-13 00:59:00+00:00
116838057,jinan-telecom,wuhan-telecom,48.5716,0.0,icmp,1592010060,2020-06-13 01:01:00+00:00
116838296,jinan-telecom,wuhan-telecom,45.8272,0.0,icmp,1592010180,2020-06-13 01:03:00+00:00
116838535,jinan-telecom,wuhan-telecom,39.4668,0.0,icmp,1592010259,2020-06-13 01:04:19+00:00
116838751,jinan-telecom,wuhan-telecom,46.0147,0.0,icmp,1592010420,2020-06-13 01:07:00+00:00
116838971,jinan-telecom,wuhan-telecom,44.5174,0.0,icmp,1592010540,2020-06-13 01:09:00+00:00
116839214,jinan-telecom,wuhan-telecom,39.3332,0.0,icmp,1592010619,2020-06-13 01:10:19+00:00
116839440,jinan-telecom,wuhan-telecom,39.6615,0.0,icmp,1592010780,2020-06-13 01:13:00+00:00
116839683,jinan-telecom,wuhan-telecom,39.3597,0.0,icmp,1592010919,2020-06-13 01:15:19+00:00
116839900,jinan-telecom,wuhan-telecom,46.0949,0.0,icmp,1592011020,2020-06-13 01:17:00+00:00
116840130,jinan-telecom,wuhan-telecom,42.3887,0.0,icmp,1592011140,2020-06-13 01:19:00+00:00
116840349,jinan-telecom,wuhan-telecom,46.9787,0.0,icmp,1592011260,2020-06-13 01:21:00+00:00
116840581,jinan-telecom,wuhan-telecom,39.4552,0.0,icmp,1592011325,2020-06-13 01:22:05+00:00
116840808,jinan-telecom,wuhan-telecom,46.8332,0.0,icmp,1592011500,2020-06-13 01:25:00+00:00
116841048,jinan-telecom,wuhan-telecom,39.8155,0.0,icmp,1592011620,2020-06-13 01:27:00+00:00
116841285,jinan-telecom,wuhan-telecom,51.2092,0.0,icmp,1592011740,2020-06-13 01:29:00+00:00
116841513,jinan-telecom,wuhan-telecom,49.1184,0.0,icmp,1592011860,2020-06-13 01:31:00+00:00
116841726,jinan-telecom,wuhan-telecom,52.2063,0.0,icmp,1592011980,2020-06-13 01:33:00+00:00
116841975,jinan-telecom,wuhan-telecom,50.6357,0.0,icmp,1592012100,2020-06-13 01:35:00+00:00
116842197,jinan-telecom,wuhan-telecom,47.6564,0.0,icmp,1592012220,2020-06-13 01:37:00+00:00
116842405,jinan-telecom,wuhan-telecom,42.1036,0.0,icmp,1592012340,2020-06-13 01:39:00+00:00
116842638,jinan-telecom,wuhan-telecom,46.418,0.0,icmp,1592012460,2020-06-13 01:41:00+00:00
116842861,jinan-telecom,wuhan-telecom,46.9569,0.0,icmp,1592012580,2020-06-13 01:43:00+00:00
116843107,jinan-telecom,wuhan-telecom,45.0464,0.0,icmp,1592012700,2020-06-13 01:45:00+00:00
116843343,jinan-telecom,wuhan-telecom,50.5497,0.0,icmp,1592012820,2020-06-13 01:47:00+00:00
116843567,jinan-telecom,wuhan-telecom,41.3883,0.0,icmp,1592012940,2020-06-13 01:49:00+00:00
116843815,jinan-telecom,wuhan-telecom,47.2899,0.0,icmp,1592013060,2020-06-13 01:51:00+00:00
116844014,jinan-telecom,wuhan-telecom,39.5063,0.0,icmp,1592013125,2020-06-13 01:52:05+00:00
116844260,jinan-telecom,wuhan-telecom,47.6421,0.0,icmp,1592013300,2020-06-13 01:55:00+00:00
116844482,jinan-telecom,wuhan-telecom,46.5029,0.0,icmp,1592013420,2020-06-13 01:57:00+00:00
116844713,jinan-telecom,wuhan-telecom,46.7272,0.0,icmp,1592013540,2020-06-13 01:59:00+00:00
116844948,jinan-telecom,wuhan-telecom,47.6132,0.0,icmp,1592013660,2020-06-13 02:01:00+00:00
116845165,jinan-telecom,wuhan-telecom,39.5879,0.0,icmp,1592013799,2020-06-13 02:03:19+00:00
116845392,jinan-telecom,wuhan-telecom,45.3317,0.0,icmp,1592013900,2020-06-13 02:05:00+00:00
116845596,jinan-telecom,wuhan-telecom,40.6803,0.0,icmp,1592014020,2020-06-13 02:07:00+00:00
116845843,jinan-telecom,wuhan-telecom,39.332,0.0,icmp,1592014159,2020-06-13 02:09:19+00:00
116846088,jinan-telecom,wuhan-telecom,39.543,0.0,icmp,1592014279,2020-06-13 02:11:19+00:00
116846298,jinan-telecom,wuhan-telecom,46.1042,0.0,icmp,1592014380,2020-06-13 02:13:00+00:00
116846534,jinan-telecom,wuhan-telecom,44.7161,0.0,icmp,1592014500,2020-06-13 02:15:00+00:00
116846773,jinan-telecom,wuhan-telecom,47.3053,0.0,icmp,1592014620,2020-06-13 02:17:00+00:00
116846997,jinan-telecom,wuhan-telecom,48.5436,0.0,icmp,1592014740,2020-06-13 02:19:00+00:00
116847221,jinan-telecom,wuhan-telecom,48.7068,0.0,icmp,1592014860,2020-06-13 02:21:00+00:00
116847450,jinan-telecom,wuhan-telecom,39.3364,0.0,icmp,1592014999,2020-06-13 02:23:19+00:00
116847697,jinan-telecom,wuhan-telecom,47.5803,0.0,icmp,1592015100,2020-06-13 02:25:00+00:00
116847925,jinan-telecom,wuhan-telecom,49.5875,0.0,icmp,1592015220,2020-06-13 02:27:00+00:00
116848139,jinan-telecom,wuhan-telecom,46.3358,0.0,icmp,1592015340,2020-06-13 02:29:00+00:00
116848357,jinan-telecom,wuhan-telecom,46.2744,0.0,icmp,1592015460,2020-06-13 02:31:00+00:00
116848594,jinan-telecom,wuhan-telecom,47.6239,0.0,icmp,1592015580,2020-06-13 02:33:00+00:00
116848843,jinan-telecom,wuhan-telecom,46.7906,0.0,icmp,1592015700,2020-06-13 02:35:00+00:00
116849033,jinan-telecom,wuhan-telecom,48.4335,0.0,icmp,1592015820,2020-06-13 02:37:00+00:00
116849291,jinan-telecom,wuhan-telecom,48.4692,0.0,icmp,1592015940,2020-06-13 02:39:00+00:00
116849520,jinan-telecom,wuhan-telecom,45.3738,0.0,icmp,1592016060,2020-06-13 02:41:00+00:00
116849759,jinan-telecom,wuhan-telecom,48.6933,0.0,icmp,1592016180,2020-06-13 02:43:00+00:00
116849987,jinan-telecom,wuhan-telecom,44.978,0.0,icmp,1592016300,2020-06-13 02:45:00+00:00
116850198,jinan-telecom,wuhan-telecom,47.0986,0.0,icmp,1592016420,2020-06-13 02:47:00+00:00
116850424,jinan-telecom,wuhan-telecom,41.2585,0.0,icmp,1592016540,2020-06-13 02:49:00+00:00
116850654,jinan-telecom,wuhan-telecom,46.8226,0.0,icmp,1592016660,2020-06-13 02:51:00+00:00
116850878,jinan-telecom,wuhan-telecom,45.8578,0.0,icmp,1592016780,2020-06-13 02:53:00+00:00
116851112,jinan-telecom,wuhan-telecom,39.54,0.0,icmp,1592016859,2020-06-13 02:54:19+00:00
116851351,jinan-telecom,wuhan-telecom,49.0442,0.0,icmp,1592017020,2020-06-13 02:57:00+00:00
116851572,jinan-telecom,wuhan-telecom,45.8001,0.0,icmp,1592017140,2020-06-13 02:59:00+00:00
116851794,jinan-telecom,wuhan-telecom,46.8509,0.0,icmp,1592017260,2020-06-13 03:01:00+00:00
116852034,jinan-telecom,wuhan-telecom,47.9133,0.0,icmp,1592017380,2020-06-13 03:03:00+00:00
116852266,jinan-telecom,wuhan-telecom,47.7095,0.0,icmp,1592017500,2020-06-13 03:05:00+00:00
116852495,jinan-telecom,wuhan-telecom,45.9364,0.0,icmp,1592017620,2020-06-13 03:07:00+00:00
116852720,jinan-telecom,wuhan-telecom,44.4302,0.0,icmp,1592017740,2020-06-13 03:09:00+00:00
116852966,jinan-telecom,wuhan-telecom,47.0528,0.0,icmp,1592017860,2020-06-13 03:11:00+00:00
116853166,jinan-telecom,wuhan-telecom,47.4266,0.0,icmp,1592017980,2020-06-13 03:13:00+00:00
116853409,jinan-telecom,wuhan-telecom,47.5101,0.0,icmp,1592018100,2020-06-13 03:15:00+00:00
116853638,jinan-telecom,wuhan-telecom,48.7842,0.0,icmp,1592018220,2020-06-13 03:17:00+00:00
116853863,jinan-telecom,wuhan-telecom,47.5483,0.0,icmp,1592018340,2020-06-13 03:19:00+00:00
116854098,jinan-telecom,wuhan-telecom,39.4724,0.0,icmp,1592018419,2020-06-13 03:20:19+00:00
116854345,jinan-telecom,wuhan-telecom,47.6064,0.0,icmp,1592018580,2020-06-13 03:23:00+00:00
116854530,jinan-telecom,wuhan-telecom,46.0653,0.0,icmp,1592018700,2020-06-13 03:25:00+00:00
116854791,jinan-telecom,wuhan-telecom,39.5569,0.0,icmp,1592018839,2020-06-13 03:27:19+00:00
116855008,jinan-telecom,wuhan-telecom,39.4846,0.0,icmp,1592018959,2020-06-13 03:29:19+00:00
116855283,jinan-telecom,wuhan-telecom,45.5359,0.0,icmp,1592019060,2020-06-13 03:31:00+00:00
116855481,jinan-telecom,wuhan-telecom,47.5698,0.0,icmp,1592019180,2020-06-13 03:33:00+00:00
116855706,jinan-telecom,wuhan-telecom,47.9062,0.0,icmp,1592019300,2020-06-13 03:35:00+00:00
116855923,jinan-telecom,wuhan-telecom,39.3748,0.0,icmp,1592019379,2020-06-13 03:36:19+00:00
116856167,jinan-telecom,wuhan-telecom,46.6747,0.0,icmp,1592019540,2020-06-13 03:39:00+00:00
116856381,jinan-telecom,wuhan-telecom,47.3143,0.0,icmp,1592019660,2020-06-13 03:41:00+00:00
116856614,jinan-telecom,wuhan-telecom,47.3713,0.0,icmp,1592019780,2020-06-13 03:43:00+00:00
116856829,jinan-telecom,wuhan-telecom,48.6539,0.0,icmp,1592019900,2020-06-13 03:45:00+00:00
116857075,jinan-telecom,wuhan-telecom,47.3906,0.0,icmp,1592020020,2020-06-13 03:47:00+00:00
116857301,jinan-telecom,wuhan-telecom,45.8674,0.0,icmp,1592020140,2020-06-13 03:49:00+00:00
116857532,jinan-telecom,wuhan-telecom,47.3892,0.0,icmp,1592020260,2020-06-13 03:51:00+00:00
116857757,jinan-telecom,wuhan-telecom,45.8327,0.0,icmp,1592020380,2020-06-13 03:53:00+00:00
116857990,jinan-telecom,wuhan-telecom,39.4166,0.0,icmp,1592020459,2020-06-13 03:54:19+00:00
116858193,jinan-telecom,wuhan-telecom,39.3555,0.0,icmp,1592020579,2020-06-13 03:56:19+00:00
116858433,jinan-telecom,wuhan-telecom,48.2017,0.0,icmp,1592020740,2020-06-13 03:59:00+00:00
116858668,jinan-telecom,wuhan-telecom,39.4076,0.0,icmp,1592020819,2020-06-13 04:00:19+00:00
116858912,jinan-telecom,wuhan-telecom,39.45,0.0,icmp,1592020939,2020-06-13 04:02:19+00:00
116859133,jinan-telecom,wuhan-telecom,44.7776,0.0,icmp,1592021100,2020-06-13 04:05:00+00:00
116859363,jinan-telecom,wuhan-telecom,48.1686,0.0,icmp,1592021220,2020-06-13 04:07:00+00:00
116859596,jinan-telecom,wuhan-telecom,47.2487,0.0,icmp,1592021340,2020-06-13 04:09:00+00:00
116859824,jinan-telecom,wuhan-telecom,47.8768,0.0,icmp,1592021460,2020-06-13 04:11:00+00:00
116860063,jinan-telecom,wuhan-telecom,39.3615,0.0,icmp,1592021539,2020-06-13 04:12:19+00:00
116860267,jinan-telecom,wuhan-telecom,49.0235,0.0,icmp,1592021700,2020-06-13 04:15:00+00:00
116860495,jinan-telecom,wuhan-telecom,39.3364,0.0,icmp,1592021779,2020-06-13 04:16:19+00:00
116860763,jinan-telecom,wuhan-telecom,45.7505,0.0,icmp,1592021940,2020-06-13 04:19:00+00:00
116860966,jinan-telecom,wuhan-telecom,48.2134,0.0,icmp,1592022060,2020-06-13 04:21:00+00:00
116861167,jinan-telecom,wuhan-telecom,49.1688,0.0,icmp,1592022180,2020-06-13 04:23:00+00:00
116861431,jinan-telecom,wuhan-telecom,39.4546,0.0,icmp,1592022304,2020-06-13 04:25:04+00:00
116861642,jinan-telecom,wuhan-telecom,45.731,0.0,icmp,1592022420,2020-06-13 04:27:00+00:00
116861881,jinan-telecom,wuhan-telecom,48.3765,0.0,icmp,1592022540,2020-06-13 04:29:00+00:00
116862117,jinan-telecom,wuhan-telecom,39.4084,0.0,icmp,1592022679,2020-06-13 04:31:19+00:00
116862345,jinan-telecom,wuhan-telecom,39.6742,0.0,icmp,1592022799,2020-06-13 04:33:19+00:00
116862566,jinan-telecom,wuhan-telecom,39.3784,0.0,icmp,1592022919,2020-06-13 04:35:19+00:00
116862791,jinan-telecom,wuhan-telecom,42.0175,0.0,icmp,1592023025,2020-06-13 04:37:05+00:00
116863028,jinan-telecom,wuhan-telecom,45.8829,0.0,icmp,1592023140,2020-06-13 04:39:00+00:00
116863247,jinan-telecom,wuhan-telecom,46.2635,0.0,icmp,1592023260,2020-06-13 04:41:00+00:00
116863481,jinan-telecom,wuhan-telecom,49.4193,0.0,icmp,1592023380,2020-06-13 04:43:00+00:00
116863723,jinan-telecom,wuhan-telecom,48.1446,0.0,icmp,1592023500,2020-06-13 04:45:00+00:00
116863956,jinan-telecom,wuhan-telecom,47.641,0.0,icmp,1592023620,2020-06-13 04:47:00+00:00
116864182,jinan-telecom,wuhan-telecom,39.3259,0.0,icmp,1592023759,2020-06-13 04:49:19+00:00
116864385,jinan-telecom,wuhan-telecom,48.339,0.0,icmp,1592023860,2020-06-13 04:51:00+00:00
116864639,jinan-telecom,wuhan-telecom,39.3486,0.0,icmp,1592023999,2020-06-13 04:53:19+00:00
116864886,jinan-telecom,wuhan-telecom,39.3243,0.0,icmp,1592024119,2020-06-13 04:55:19+00:00
116865097,jinan-telecom,wuhan-telecom,47.7764,0.0,icmp,1592024220,2020-06-13 04:57:00+00:00
116865332,jinan-telecom,wuhan-telecom,47.1801,0.0,icmp,1592024340,2020-06-13 04:59:00+00:00
116865540,jinan-telecom,wuhan-telecom,43.0574,0.0,icmp,1592024461,2020-06-13 05:01:01+00:00
116865767,jinan-telecom,wuhan-telecom,47.6869,0.0,icmp,1592024580,2020-06-13 05:03:00+00:00
116866002,jinan-telecom,wuhan-telecom,46.6732,0.0,icmp,1592024700,2020-06-13 05:05:00+00:00
116866231,jinan-telecom,wuhan-telecom,44.7864,0.0,icmp,1592024820,2020-06-13 05:07:00+00:00
116866452,jinan-telecom,wuhan-telecom,45.273,0.0,icmp,1592024940,2020-06-13 05:09:00+00:00
116866663,jinan-telecom,wuhan-telecom,39.4322,0.0,icmp,1592025019,2020-06-13 05:10:19+00:00
116866918,jinan-telecom,wuhan-telecom,39.3266,0.0,icmp,1592025199,2020-06-13 05:13:19+00:00
116867140,jinan-telecom,wuhan-telecom,47.882,0.0,icmp,1592025300,2020-06-13 05:15:00+00:00
116867367,jinan-telecom,wuhan-telecom,47.5984,0.0,icmp,1592025420,2020-06-13 05:17:00+00:00
116867611,jinan-telecom,wuhan-telecom,47.8777,0.0,icmp,1592025540,2020-06-13 05:19:00+00:00
116867815,jinan-telecom,wuhan-telecom,39.6087,0.0,icmp,1592025619,2020-06-13 05:20:19+00:00
116868071,jinan-telecom,wuhan-telecom,48.3068,0.0,icmp,1592025780,2020-06-13 05:23:00+00:00
116868306,jinan-telecom,wuhan-telecom,48.6955,0.0,icmp,1592025900,2020-06-13 05:25:00+00:00
116868527,jinan-telecom,wuhan-telecom,42.4816,0.0,icmp,1592026020,2020-06-13 05:27:00+00:00
116868736,jinan-telecom,wuhan-telecom,39.3254,0.0,icmp,1592026099,2020-06-13 05:28:19+00:00
116868978,jinan-telecom,wuhan-telecom,48.1256,0.0,icmp,1592026260,2020-06-13 05:31:00+00:00
116869211,jinan-telecom,wuhan-telecom,47.6685,0.0,icmp,1592026380,2020-06-13 05:33:00+00:00
116869431,jinan-telecom,wuhan-telecom,39.3623,0.0,icmp,1592026519,2020-06-13 05:35:19+00:00
116869676,jinan-telecom,wuhan-telecom,39.3462,0.0,icmp,1592026639,2020-06-13 05:37:19+00:00
116869903,jinan-telecom,wuhan-telecom,43.0438,0.0,icmp,1592026740,2020-06-13 05:39:00+00:00
116870140,jinan-telecom,wuhan-telecom,48.2819,0.0,icmp,1592026860,2020-06-13 05:41:00+00:00
116870354,jinan-telecom,wuhan-telecom,46.8843,0.0,icmp,1592026980,2020-06-13 05:43:00+00:00
116870594,jinan-telecom,wuhan-telecom,39.3439,0.0,icmp,1592027059,2020-06-13 05:44:19+00:00
116870825,jinan-telecom,wuhan-telecom,39.3723,0.0,icmp,1592027239,2020-06-13 05:47:19+00:00
116871039,jinan-telecom,wuhan-telecom,46.6807,0.0,icmp,1592027340,2020-06-13 05:49:00+00:00
116871284,jinan-telecom,wuhan-telecom,39.4946,0.0,icmp,1592027479,2020-06-13 05:51:19+00:00
116871512,jinan-telecom,wuhan-telecom,39.3388,0.0,icmp,1592027599,2020-06-13 05:53:19+00:00
116871726,jinan-telecom,wuhan-telecom,47.6372,0.0,icmp,1592027700,2020-06-13 05:55:00+00:00
116871945,jinan-telecom,wuhan-telecom,39.3378,0.0,icmp,1592027839,2020-06-13 05:57:19+00:00
116872185,jinan-telecom,wuhan-telecom,47.781,0.0,icmp,1592027940,2020-06-13 05:59:00+00:00
116872407,jinan-telecom,wuhan-telecom,39.3703,0.0,icmp,1592028019,2020-06-13 06:00:19+00:00
116872642,jinan-telecom,wuhan-telecom,48.3378,0.0,icmp,1592028180,2020-06-13 06:03:00+00:00
116872886,jinan-telecom,wuhan-telecom,47.0754,0.0,icmp,1592028300,2020-06-13 06:05:00+00:00
116873114,jinan-telecom,wuhan-telecom,46.8925,0.0,icmp,1592028420,2020-06-13 06:07:00+00:00
116873349,jinan-telecom,wuhan-telecom,39.4655,0.0,icmp,1592028499,2020-06-13 06:08:19+00:00
116873563,jinan-telecom,wuhan-telecom,48.1564,0.0,icmp,1592028660,2020-06-13 06:11:00+00:00
116873784,jinan-telecom,wuhan-telecom,48.6743,0.0,icmp,1592028780,2020-06-13 06:13:00+00:00
116874033,jinan-telecom,wuhan-telecom,46.9416,0.0,icmp,1592028900,2020-06-13 06:15:00+00:00
116874234,jinan-telecom,wuhan-telecom,48.195,0.0,icmp,1592029020,2020-06-13 06:17:00+00:00
116874478,jinan-telecom,wuhan-telecom,47.2554,0.0,icmp,1592029140,2020-06-13 06:19:00+00:00
116874728,jinan-telecom,wuhan-telecom,47.4825,0.0,icmp,1592029260,2020-06-13 06:21:00+00:00
116874944,jinan-telecom,wuhan-telecom,46.1132,0.0,icmp,1592029380,2020-06-13 06:23:00+00:00
116875165,jinan-telecom,wuhan-telecom,47.8562,0.0,icmp,1592029500,2020-06-13 06:25:00+00:00
116875377,jinan-telecom,wuhan-telecom,48.1395,0.0,icmp,1592029620,2020-06-13 06:27:00+00:00
116875633,jinan-telecom,wuhan-telecom,48.5239,0.0,icmp,1592029740,2020-06-13 06:29:00+00:00
116875849,jinan-telecom,wuhan-telecom,47.1325,0.0,icmp,1592029860,2020-06-13 06:31:00+00:00
116876080,jinan-telecom,wuhan-telecom,45.9681,0.0,icmp,1592029980,2020-06-13 06:33:00+00:00
116876307,jinan-telecom,wuhan-telecom,47.3578,0.0,icmp,1592030100,2020-06-13 06:35:00+00:00
116876525,jinan-telecom,wuhan-telecom,47.6566,0.0,icmp,1592030220,2020-06-13 06:37:00+00:00
116876779,jinan-telecom,wuhan-telecom,39.3218,0.0,icmp,1592030299,2020-06-13 06:38:19+00:00
116877005,jinan-telecom,wuhan-telecom,48.1349,0.0,icmp,1592030460,2020-06-13 06:41:00+00:00
116877212,jinan-telecom,wuhan-telecom,39.5962,0.0,icmp,1592030539,2020-06-13 06:42:19+00:00
116877449,jinan-telecom,wuhan-telecom,39.583,0.0,icmp,1592030719,2020-06-13 06:45:19+00:00
116877683,jinan-telecom,wuhan-telecom,46.8444,0.0,icmp,1592030820,2020-06-13 06:47:00+00:00
116877906,jinan-telecom,wuhan-telecom,45.7797,0.0,icmp,1592030940,2020-06-13 06:49:00+00:00
116878190,jinan-telecom,wuhan-telecom,45.6605,0.0,icmp,1592031060,2020-06-13 06:51:00+00:00
116878356,jinan-telecom,wuhan-telecom,47.2914,0.0,icmp,1592031180,2020-06-13 06:53:00+00:00
116878608,jinan-telecom,wuhan-telecom,39.516,0.0,icmp,1592031259,2020-06-13 06:54:19+00:00
116878804,jinan-telecom,wuhan-telecom,48.8823,0.0,icmp,1592031420,2020-06-13 06:57:00+00:00
116879056,jinan-telecom,wuhan-telecom,39.3381,0.0,icmp,1592031499,2020-06-13 06:58:19+00:00
116879298,jinan-telecom,wuhan-telecom,45.7382,0.0,icmp,1592031660,2020-06-13 07:01:00+00:00
116879517,jinan-telecom,wuhan-telecom,47.0202,0.0,icmp,1592031780,2020-06-13 07:03:00+00:00
116879738,jinan-telecom,wuhan-telecom,46.8968,0.0,icmp,1592031900,2020-06-13 07:05:00+00:00
116879967,jinan-telecom,wuhan-telecom,39.558,0.0,icmp,1592032039,2020-06-13 07:07:19+00:00
116880211,jinan-telecom,wuhan-telecom,46.5958,0.0,icmp,1592032140,2020-06-13 07:09:00+00:00
116880425,jinan-telecom,wuhan-telecom,46.3224,0.0,icmp,1592032260,2020-06-13 07:11:00+00:00
116880648,jinan-telecom,wuhan-telecom,39.5388,0.0,icmp,1592032399,2020-06-13 07:13:19+00:00
116880888,jinan-telecom,wuhan-telecom,46.0003,0.0,icmp,1592032500,2020-06-13 07:15:00+00:00
116881130,jinan-telecom,wuhan-telecom,48.8007,0.0,icmp,1592032620,2020-06-13 07:17:00+00:00
116881358,jinan-telecom,wuhan-telecom,47.2823,0.0,icmp,1592032740,2020-06-13 07:19:00+00:00
116881572,jinan-telecom,wuhan-telecom,45.9791,0.0,icmp,1592032860,2020-06-13 07:21:00+00:00
116881791,jinan-telecom,wuhan-telecom,46.2337,0.0,icmp,1592032980,2020-06-13 07:23:00+00:00
116882035,jinan-telecom,wuhan-telecom,46.4182,0.0,icmp,1592033100,2020-06-13 07:25:00+00:00
116882257,jinan-telecom,wuhan-telecom,39.4276,0.0,icmp,1592033239,2020-06-13 07:27:19+00:00
116882507,jinan-telecom,wuhan-telecom,47.6456,0.0,icmp,1592033340,2020-06-13 07:29:00+00:00
116882735,jinan-telecom,wuhan-telecom,49.1032,0.0,icmp,1592033460,2020-06-13 07:31:00+00:00
116882958,jinan-telecom,wuhan-telecom,46.8257,0.0,icmp,1592033580,2020-06-13 07:33:00+00:00
116883178,jinan-telecom,wuhan-telecom,39.3202,0.0,icmp,1592033659,2020-06-13 07:34:19+00:00
116883422,jinan-telecom,wuhan-telecom,46.0185,0.0,icmp,1592033820,2020-06-13 07:37:00+00:00
116883642,jinan-telecom,wuhan-telecom,39.3311,0.0,icmp,1592033959,2020-06-13 07:39:19+00:00
116883885,jinan-telecom,wuhan-telecom,46.1311,0.0,icmp,1592034060,2020-06-13 07:41:00+00:00
116884108,jinan-telecom,wuhan-telecom,40.8916,0.0,icmp,1592034180,2020-06-13 07:43:00+00:00
116884332,jinan-telecom,wuhan-telecom,39.3897,0.0,icmp,1592034319,2020-06-13 07:45:19+00:00
116884542,jinan-telecom,wuhan-telecom,44.6798,0.0,icmp,1592034420,2020-06-13 07:47:00+00:00
116884767,jinan-telecom,wuhan-telecom,46.4528,0.0,icmp,1592034540,2020-06-13 07:49:00+00:00
116885009,jinan-telecom,wuhan-telecom,39.4873,0.0,icmp,1592034679,2020-06-13 07:51:19+00:00
116885232,jinan-telecom,wuhan-telecom,45.9182,0.0,icmp,1592034780,2020-06-13 07:53:00+00:00
116885476,jinan-telecom,wuhan-telecom,47.8144,0.0,icmp,1592034900,2020-06-13 07:55:00+00:00
116885702,jinan-telecom,wuhan-telecom,46.6512,0.0,icmp,1592035020,2020-06-13 07:57:00+00:00
116885917,jinan-telecom,wuhan-telecom,47.1592,0.0,icmp,1592035140,2020-06-13 07:59:00+00:00
116886144,jinan-telecom,wuhan-telecom,46.6189,0.0,icmp,1592035260,2020-06-13 08:01:00+00:00
116886369,jinan-telecom,wuhan-telecom,47.1549,0.0,icmp,1592035380,2020-06-13 08:03:00+00:00
116886612,jinan-telecom,wuhan-telecom,47.0276,0.0,icmp,1592035500,2020-06-13 08:05:00+00:00
116886842,jinan-telecom,wuhan-telecom,46.3816,0.0,icmp,1592035620,2020-06-13 08:07:00+00:00
116887066,jinan-telecom,wuhan-telecom,45.5963,0.0,icmp,1592035740,2020-06-13 08:09:00+00:00
116887304,jinan-telecom,wuhan-telecom,48.2338,0.0,icmp,1592035860,2020-06-13 08:11:00+00:00
116887525,jinan-telecom,wuhan-telecom,45.3855,0.0,icmp,1592035980,2020-06-13 08:13:00+00:00
116887767,jinan-telecom,wuhan-telecom,47.963,0.0,icmp,1592036100,2020-06-13 08:15:00+00:00
116888002,jinan-telecom,wuhan-telecom,45.7656,0.0,icmp,1592036220,2020-06-13 08:17:00+00:00
116888204,jinan-telecom,wuhan-telecom,39.4235,0.0,icmp,1592036359,2020-06-13 08:19:19+00:00
116888455,jinan-telecom,wuhan-telecom,46.7647,0.0,icmp,1592036460,2020-06-13 08:21:00+00:00
116888675,jinan-telecom,wuhan-telecom,39.5065,0.0,icmp,1592036539,2020-06-13 08:22:19+00:00
116888916,jinan-telecom,wuhan-telecom,48.4794,0.0,icmp,1592036700,2020-06-13 08:25:00+00:00
116889136,jinan-telecom,wuhan-telecom,48.7359,0.0,icmp,1592036820,2020-06-13 08:27:00+00:00
116889359,jinan-telecom,wuhan-telecom,47.676,0.0,icmp,1592036940,2020-06-13 08:29:00+00:00
116889581,jinan-telecom,wuhan-telecom,47.6041,0.0,icmp,1592037060,2020-06-13 08:31:00+00:00
116889816,jinan-telecom,wuhan-telecom,45.9267,0.0,icmp,1592037180,2020-06-13 08:33:00+00:00
116890064,jinan-telecom,wuhan-telecom,48.0201,0.0,icmp,1592037300,2020-06-13 08:35:00+00:00
116890270,jinan-telecom,wuhan-telecom,39.5948,0.0,icmp,1592037439,2020-06-13 08:37:19+00:00
116890521,jinan-telecom,wuhan-telecom,39.624,0.0,icmp,1592037559,2020-06-13 08:39:19+00:00
116890744,jinan-telecom,wuhan-telecom,46.3005,0.0,icmp,1592037660,2020-06-13 08:41:00+00:00
116890979,jinan-telecom,wuhan-telecom,45.8662,0.0,icmp,1592037780,2020-06-13 08:43:00+00:00
116891202,jinan-telecom,wuhan-telecom,47.6423,0.0,icmp,1592037900,2020-06-13 08:45:00+00:00
116891420,jinan-telecom,wuhan-telecom,47.1232,0.0,icmp,1592038020,2020-06-13 08:47:00+00:00
116891663,jinan-telecom,wuhan-telecom,45.8647,0.0,icmp,1592038140,2020-06-13 08:49:00+00:00
116891889,jinan-telecom,wuhan-telecom,39.3187,0.0,icmp,1592038279,2020-06-13 08:51:19+00:00
116892123,jinan-telecom,wuhan-telecom,48.0893,0.0,icmp,1592038380,2020-06-13 08:53:00+00:00
116892336,jinan-telecom,wuhan-telecom,47.8325,0.0,icmp,1592038500,2020-06-13 08:55:00+00:00
116892557,jinan-telecom,wuhan-telecom,49.1924,0.0,icmp,1592038620,2020-06-13 08:57:00+00:00
116892781,jinan-telecom,wuhan-telecom,47.3255,0.0,icmp,1592038740,2020-06-13 08:59:00+00:00
116893030,jinan-telecom,wuhan-telecom,40.1604,0.0,icmp,1592038860,2020-06-13 09:01:00+00:00
116893242,jinan-telecom,wuhan-telecom,47.1631,0.0,icmp,1592038980,2020-06-13 09:03:00+00:00
116893506,jinan-telecom,wuhan-telecom,44.9128,0.0,icmp,1592039100,2020-06-13 09:05:00+00:00
116893707,jinan-telecom,wuhan-telecom,49.2008,0.0,icmp,1592039220,2020-06-13 09:07:00+00:00
116893950,jinan-telecom,wuhan-telecom,39.5446,0.0,icmp,1592039359,2020-06-13 09:09:19+00:00
116894164,jinan-telecom,wuhan-telecom,46.826,0.0,icmp,1592039460,2020-06-13 09:11:00+00:00
116894396,jinan-telecom,wuhan-telecom,47.6657,0.0,icmp,1592039580,2020-06-13 09:13:00+00:00
116894617,jinan-telecom,wuhan-telecom,39.4369,0.0,icmp,1592039719,2020-06-13 09:15:19+00:00
116894867,jinan-telecom,wuhan-telecom,47.8823,0.0,icmp,1592039820,2020-06-13 09:17:00+00:00
116895091,jinan-telecom,wuhan-telecom,39.4072,0.0,icmp,1592039899,2020-06-13 09:18:19+00:00
116895327,jinan-telecom,wuhan-telecom,45.7126,0.0,icmp,1592040060,2020-06-13 09:21:00+00:00
116895541,jinan-telecom,wuhan-telecom,48.9131,0.0,icmp,1592040180,2020-06-13 09:23:00+00:00
116895777,jinan-telecom,wuhan-telecom,49.3805,0.0,icmp,1592040300,2020-06-13 09:25:00+00:00
116895990,jinan-telecom,wuhan-telecom,47.9802,0.0,icmp,1592040420,2020-06-13 09:27:00+00:00
116896226,jinan-telecom,wuhan-telecom,39.3723,0.0,icmp,1592040499,2020-06-13 09:28:19+00:00
116896473,jinan-telecom,wuhan-telecom,39.4537,0.0,icmp,1592040619,2020-06-13 09:30:19+00:00
116896703,jinan-telecom,wuhan-telecom,39.3592,0.0,icmp,1592040739,2020-06-13 09:32:19+00:00
116896889,jinan-telecom,wuhan-telecom,48.634,0.0,icmp,1592040900,2020-06-13 09:35:00+00:00
116897155,jinan-telecom,wuhan-telecom,47.847,0.0,icmp,1592041020,2020-06-13 09:37:00+00:00
116897398,jinan-telecom,wuhan-telecom,39.3893,0.0,icmp,1592041099,2020-06-13 09:38:19+00:00
116897606,jinan-telecom,wuhan-telecom,49.4609,0.0,icmp,1592041260,2020-06-13 09:41:00+00:00
116897840,jinan-telecom,wuhan-telecom,46.1309,0.0,icmp,1592041380,2020-06-13 09:43:00+00:00
116898051,jinan-telecom,wuhan-telecom,39.3915,0.0,icmp,1592041459,2020-06-13 09:44:19+00:00
116898291,jinan-telecom,wuhan-telecom,44.6995,0.0,icmp,1592041620,2020-06-13 09:47:00+00:00
116898536,jinan-telecom,wuhan-telecom,39.3776,0.0,icmp,1592041699,2020-06-13 09:48:19+00:00
116898770,jinan-telecom,wuhan-telecom,39.5332,0.0,icmp,1592041819,2020-06-13 09:50:19+00:00
116898976,jinan-telecom,wuhan-telecom,46.5533,0.0,icmp,1592041980,2020-06-13 09:53:00+00:00
116899201,jinan-telecom,wuhan-telecom,47.5512,0.0,icmp,1592042100,2020-06-13 09:55:00+00:00
116899435,jinan-telecom,wuhan-telecom,47.2262,0.0,icmp,1592042220,2020-06-13 09:57:00+00:00
116899671,jinan-telecom,wuhan-telecom,48.3676,0.0,icmp,1592042340,2020-06-13 09:59:00+00:00
116899889,jinan-telecom,wuhan-telecom,46.7856,0.0,icmp,1592042460,2020-06-13 10:01:00+00:00
116900112,jinan-telecom,wuhan-telecom,40.0016,0.0,icmp,1592042580,2020-06-13 10:03:00+00:00
116900350,jinan-telecom,wuhan-telecom,47.9346,0.0,icmp,1592042700,2020-06-13 10:05:00+00:00
116900571,jinan-telecom,wuhan-telecom,44.9098,0.0,icmp,1592042820,2020-06-13 10:07:00+00:00
116900808,jinan-telecom,wuhan-telecom,39.3334,0.0,icmp,1592042959,2020-06-13 10:09:19+00:00
116901040,jinan-telecom,wuhan-telecom,46.3828,0.0,icmp,1592043060,2020-06-13 10:11:00+00:00
116901282,jinan-telecom,wuhan-telecom,47.1597,0.0,icmp,1592043180,2020-06-13 10:13:00+00:00
116901503,jinan-telecom,wuhan-telecom,47.4813,0.0,icmp,1592043300,2020-06-13 10:15:00+00:00
116901733,jinan-telecom,wuhan-telecom,40.7225,0.0,icmp,1592043420,2020-06-13 10:17:00+00:00
116901964,jinan-telecom,wuhan-telecom,39.6094,0.0,icmp,1592043499,2020-06-13 10:18:19+00:00
116902175,jinan-telecom,wuhan-telecom,39.3532,0.0,icmp,1592043679,2020-06-13 10:21:19+00:00
116902422,jinan-telecom,wuhan-telecom,46.627,0.0,icmp,1592043780,2020-06-13 10:23:00+00:00
116902631,jinan-telecom,wuhan-telecom,47.7468,0.0,icmp,1592043900,2020-06-13 10:25:00+00:00
116902868,jinan-telecom,wuhan-telecom,47.1587,0.0,icmp,1592044020,2020-06-13 10:27:00+00:00
116903093,jinan-telecom,wuhan-telecom,48.401,0.0,icmp,1592044140,2020-06-13 10:29:00+00:00
116903320,jinan-telecom,wuhan-telecom,39.3775,0.0,icmp,1592044219,2020-06-13 10:30:19+00:00
116903564,jinan-telecom,wuhan-telecom,47.4182,0.0,icmp,1592044380,2020-06-13 10:33:00+00:00
116903801,jinan-telecom,wuhan-telecom,47.6521,0.0,icmp,1592044500,2020-06-13 10:35:00+00:00
116904030,jinan-telecom,wuhan-telecom,41.6693,0.0,icmp,1592044620,2020-06-13 10:37:00+00:00
116904253,jinan-telecom,wuhan-telecom,43.2231,0.0,icmp,1592044740,2020-06-13 10:39:00+00:00
116904488,jinan-telecom,wuhan-telecom,46.1758,0.0,icmp,1592044860,2020-06-13 10:41:00+00:00
116904692,jinan-telecom,wuhan-telecom,45.7453,0.0,icmp,1592044980,2020-06-13 10:43:00+00:00
116904926,jinan-telecom,wuhan-telecom,44.5694,0.0,icmp,1592045100,2020-06-13 10:45:00+00:00
116905161,jinan-telecom,wuhan-telecom,39.6788,0.0,icmp,1592045179,2020-06-13 10:46:19+00:00
116905380,jinan-telecom,wuhan-telecom,47.5784,0.0,icmp,1592045340,2020-06-13 10:49:00+00:00
116905621,jinan-telecom,wuhan-telecom,39.3365,0.0,icmp,1592045419,2020-06-13 10:50:19+00:00
116905857,jinan-telecom,wuhan-telecom,46.1351,0.0,icmp,1592045580,2020-06-13 10:53:00+00:00
116906085,jinan-telecom,wuhan-telecom,46.6791,0.0,icmp,1592045700,2020-06-13 10:55:00+00:00
116906302,jinan-telecom,wuhan-telecom,45.8504,0.0,icmp,1592045820,2020-06-13 10:57:00+00:00
116906522,jinan-telecom,wuhan-telecom,45.0482,0.0,icmp,1592045940,2020-06-13 10:59:00+00:00
116906750,jinan-telecom,wuhan-telecom,46.0895,0.0,icmp,1592046060,2020-06-13 11:01:00+00:00
116906984,jinan-telecom,wuhan-telecom,44.6584,0.0,icmp,1592046180,2020-06-13 11:03:00+00:00
116907235,jinan-telecom,wuhan-telecom,46.6836,0.0,icmp,1592046300,2020-06-13 11:05:00+00:00
116907448,jinan-telecom,wuhan-telecom,46.7408,0.0,icmp,1592046420,2020-06-13 11:07:00+00:00
116907675,jinan-telecom,wuhan-telecom,46.9843,0.0,icmp,1592046540,2020-06-13 11:09:00+00:00
116907896,jinan-telecom,wuhan-telecom,40.8517,0.0,icmp,1592046660,2020-06-13 11:11:00+00:00
116908147,jinan-telecom,wuhan-telecom,47.9786,0.0,icmp,1592046780,2020-06-13 11:13:00+00:00
116908369,jinan-telecom,wuhan-telecom,45.6664,0.0,icmp,1592046900,2020-06-13 11:15:00+00:00
116908597,jinan-telecom,wuhan-telecom,47.0749,0.0,icmp,1592047020,2020-06-13 11:17:00+00:00
116908812,jinan-telecom,wuhan-telecom,39.4299,0.0,icmp,1592047099,2020-06-13 11:18:19+00:00
116909048,jinan-telecom,wuhan-telecom,39.3677,0.0,icmp,1592047279,2020-06-13 11:21:19+00:00
116909299,jinan-telecom,wuhan-telecom,47.0385,0.0,icmp,1592047380,2020-06-13 11:23:00+00:00
116909509,jinan-telecom,wuhan-telecom,49.2582,0.0,icmp,1592047500,2020-06-13 11:25:00+00:00
116909732,jinan-telecom,wuhan-telecom,46.8068,0.0,icmp,1592047620,2020-06-13 11:27:00+00:00
116909974,jinan-telecom,wuhan-telecom,47.8378,0.0,icmp,1592047740,2020-06-13 11:29:00+00:00
116910213,jinan-telecom,wuhan-telecom,47.654,0.0,icmp,1592047860,2020-06-13 11:31:00+00:00
116910432,jinan-telecom,wuhan-telecom,39.32,0.0,icmp,1592047939,2020-06-13 11:32:19+00:00
116910671,jinan-telecom,wuhan-telecom,39.3942,0.0,icmp,1592048119,2020-06-13 11:35:19+00:00
116910877,jinan-telecom,wuhan-telecom,39.3379,0.0,icmp,1592048239,2020-06-13 11:37:19+00:00
116911107,jinan-telecom,wuhan-telecom,39.3752,0.0,icmp,1592048359,2020-06-13 11:39:19+00:00
116911334,jinan-telecom,wuhan-telecom,41.5695,0.0,icmp,1592048460,2020-06-13 11:41:00+00:00
116911576,jinan-telecom,wuhan-telecom,46.4385,0.0,icmp,1592048580,2020-06-13 11:43:00+00:00
116911801,jinan-telecom,wuhan-telecom,48.8328,0.0,icmp,1592048700,2020-06-13 11:45:00+00:00
116912027,jinan-telecom,wuhan-telecom,39.5291,0.0,icmp,1592048779,2020-06-13 11:46:19+00:00
116912254,jinan-telecom,wuhan-telecom,47.8591,0.0,icmp,1592048940,2020-06-13 11:49:00+00:00
116912501,jinan-telecom,wuhan-telecom,42.4638,0.0,icmp,1592049060,2020-06-13 11:51:00+00:00
116912727,jinan-telecom,wuhan-telecom,39.4211,0.0,icmp,1592049199,2020-06-13 11:53:19+00:00
116912951,jinan-telecom,wuhan-telecom,49.5116,0.0,icmp,1592049300,2020-06-13 11:55:00+00:00
116913189,jinan-telecom,wuhan-telecom,47.1628,0.0,icmp,1592049420,2020-06-13 11:57:00+00:00
116913409,jinan-telecom,wuhan-telecom,48.8352,0.0,icmp,1592049540,2020-06-13 11:59:00+00:00
116913636,jinan-telecom,wuhan-telecom,46.9427,0.0,icmp,1592049660,2020-06-13 12:01:00+00:00
116913861,jinan-telecom,wuhan-telecom,39.3313,0.0,icmp,1592049799,2020-06-13 12:03:19+00:00
116914105,jinan-telecom,wuhan-telecom,48.2617,0.0,icmp,1592049900,2020-06-13 12:05:00+00:00
116914315,jinan-telecom,wuhan-telecom,40.6373,0.0,icmp,1592050024,2020-06-13 12:07:04+00:00
116914559,jinan-telecom,wuhan-telecom,46.8995,0.0,icmp,1592050140,2020-06-13 12:09:00+00:00
116914828,jinan-telecom,wuhan-telecom,46.5936,0.0,icmp,1592050260,2020-06-13 12:11:00+00:00
116915003,jinan-telecom,wuhan-telecom,46.6534,0.0,icmp,1592050380,2020-06-13 12:13:00+00:00
116915248,jinan-telecom,wuhan-telecom,46.8598,0.0,icmp,1592050500,2020-06-13 12:15:00+00:00
116915488,jinan-telecom,wuhan-telecom,39.465,0.0,icmp,1592050625,2020-06-13 12:17:05+00:00
116915693,jinan-telecom,wuhan-telecom,47.4096,0.0,icmp,1592050740,2020-06-13 12:19:00+00:00
116915914,jinan-telecom,wuhan-telecom,47.3988,0.0,icmp,1592050860,2020-06-13 12:21:00+00:00
116916150,jinan-telecom,wuhan-telecom,39.3614,0.0,icmp,1592050999,2020-06-13 12:23:19+00:00
116916377,jinan-telecom,wuhan-telecom,39.4646,0.0,icmp,1592051119,2020-06-13 12:25:19+00:00
116916618,jinan-telecom,wuhan-telecom,49.2175,0.0,icmp,1592051220,2020-06-13 12:27:00+00:00
116916845,jinan-telecom,wuhan-telecom,46.5497,2.0,icmp,1592051340,2020-06-13 12:29:00+00:00
116917059,jinan-telecom,wuhan-telecom,46.2155,1.0,icmp,1592051460,2020-06-13 12:31:00+00:00
116917287,jinan-telecom,wuhan-telecom,47.6815,1.0,icmp,1592051580,2020-06-13 12:33:00+00:00
116917499,jinan-telecom,wuhan-telecom,49.6425,0.0,icmp,1592051700,2020-06-13 12:35:00+00:00
116917763,jinan-telecom,wuhan-telecom,39.9408,0.0,icmp,1592051779,2020-06-13 12:36:19+00:00
116917998,jinan-telecom,wuhan-telecom,48.266,0.0,icmp,1592051940,2020-06-13 12:39:00+00:00
116918222,jinan-telecom,wuhan-telecom,48.4572,2.0,icmp,1592052060,2020-06-13 12:41:00+00:00
116918437,jinan-telecom,wuhan-telecom,47.2501,1.0,icmp,1592052180,2020-06-13 12:43:00+00:00
116918678,jinan-telecom,wuhan-telecom,49.5068,0.0,icmp,1592052300,2020-06-13 12:45:00+00:00
116918904,jinan-telecom,wuhan-telecom,39.6521,0.0,icmp,1592052439,2020-06-13 12:47:19+00:00
116919138,jinan-telecom,wuhan-telecom,48.4527,0.0,icmp,1592052540,2020-06-13 12:49:00+00:00
116919403,jinan-telecom,wuhan-telecom,47.0023,0.0,icmp,1592052660,2020-06-13 12:51:00+00:00
116919584,jinan-telecom,wuhan-telecom,39.5469,0.0,icmp,1592052739,2020-06-13 12:52:19+00:00
116919832,jinan-telecom,wuhan-telecom,45.8441,0.0,icmp,1592052900,2020-06-13 12:55:00+00:00
116920046,jinan-telecom,wuhan-telecom,39.4407,0.0,icmp,1592053039,2020-06-13 12:57:19+00:00
116920269,jinan-telecom,wuhan-telecom,39.4613,0.0,icmp,1592053159,2020-06-13 12:59:19+00:00
116920513,jinan-telecom,wuhan-telecom,45.0789,0.0,icmp,1592053260,2020-06-13 13:01:00+00:00
116920749,jinan-telecom,wuhan-telecom,46.7805,0.0,icmp,1592053380,2020-06-13 13:03:00+00:00
116920959,jinan-telecom,wuhan-telecom,44.5478,0.0,icmp,1592053500,2020-06-13 13:05:00+00:00
116921185,jinan-telecom,wuhan-telecom,40.6707,0.0,icmp,1592053620,2020-06-13 13:07:00+00:00
116921420,jinan-telecom,wuhan-telecom,46.9615,0.0,icmp,1592053740,2020-06-13 13:09:00+00:00
116921659,jinan-telecom,wuhan-telecom,39.5428,0.0,icmp,1592053819,2020-06-13 13:10:19+00:00
119507941,jinan-telecom,wuhan-telecom,46.3615,0.0,icmp,1591868520,2020-06-11 09:42:00+00:00
119508152,jinan-telecom,wuhan-telecom,45.7302,0.0,icmp,1591868640,2020-06-11 09:44:00+00:00
119508395,jinan-telecom,wuhan-telecom,39.3991,0.0,icmp,1591868719,2020-06-11 09:45:19+00:00
119508620,jinan-telecom,wuhan-telecom,47.7608,0.0,icmp,1591868880,2020-06-11 09:48:00+00:00
119508866,jinan-telecom,wuhan-telecom,47.3638,0.0,icmp,1591869000,2020-06-11 09:50:00+00:00
119509089,jinan-telecom,wuhan-telecom,48.3393,0.0,icmp,1591869120,2020-06-11 09:52:00+00:00
119509321,jinan-telecom,wuhan-telecom,50.4605,0.0,icmp,1591869240,2020-06-11 09:54:00+00:00
119509530,jinan-telecom,wuhan-telecom,47.4591,0.0,icmp,1591869360,2020-06-11 09:56:00+00:00
119509774,jinan-telecom,wuhan-telecom,39.5466,0.0,icmp,1591869439,2020-06-11 09:57:19+00:00
119510016,jinan-telecom,wuhan-telecom,45.829,0.0,icmp,1591869600,2020-06-11 10:00:00+00:00
119510229,jinan-telecom,wuhan-telecom,39.3715,0.0,icmp,1591869679,2020-06-11 10:01:19+00:00
119510463,jinan-telecom,wuhan-telecom,47.294,0.0,icmp,1591869840,2020-06-11 10:04:00+00:00
119510700,jinan-telecom,wuhan-telecom,47.3214,0.0,icmp,1591869960,2020-06-11 10:06:00+00:00
119510908,jinan-telecom,wuhan-telecom,47.4538,0.0,icmp,1591870080,2020-06-11 10:08:00+00:00
119511155,jinan-telecom,wuhan-telecom,39.3233,0.0,icmp,1591870219,2020-06-11 10:10:19+00:00
119511368,jinan-telecom,wuhan-telecom,47.8458,0.0,icmp,1591870320,2020-06-11 10:12:00+00:00
119511605,jinan-telecom,wuhan-telecom,39.5914,0.0,icmp,1591870459,2020-06-11 10:14:19+00:00
119511849,jinan-telecom,wuhan-telecom,47.978,0.0,icmp,1591870560,2020-06-11 10:16:00+00:00
119512076,jinan-telecom,wuhan-telecom,46.999,0.0,icmp,1591870680,2020-06-11 10:18:00+00:00
119512283,jinan-telecom,wuhan-telecom,47.3335,0.0,icmp,1591870800,2020-06-11 10:20:00+00:00
119512526,jinan-telecom,wuhan-telecom,46.0079,0.0,icmp,1591870920,2020-06-11 10:22:00+00:00
119512741,jinan-telecom,wuhan-telecom,47.9017,0.0,icmp,1591871040,2020-06-11 10:24:00+00:00
119512986,jinan-telecom,wuhan-telecom,44.9056,0.0,icmp,1591871160,2020-06-11 10:26:00+00:00
119513191,jinan-telecom,wuhan-telecom,48.0358,0.0,icmp,1591871280,2020-06-11 10:28:00+00:00
119513435,jinan-telecom,wuhan-telecom,49.2341,0.0,icmp,1591871400,2020-06-11 10:30:00+00:00
119513680,jinan-telecom,wuhan-telecom,46.003,0.0,icmp,1591871520,2020-06-11 10:32:00+00:00
119513886,jinan-telecom,wuhan-telecom,44.1748,0.0,icmp,1591871640,2020-06-11 10:34:00+00:00
119514112,jinan-telecom,wuhan-telecom,45.4654,0.0,icmp,1591871760,2020-06-11 10:36:00+00:00
119514343,jinan-telecom,wuhan-telecom,39.3337,0.0,icmp,1591871839,2020-06-11 10:37:19+00:00
119514582,jinan-telecom,wuhan-telecom,39.4444,0.0,icmp,1591871959,2020-06-11 10:39:19+00:00
119514813,jinan-telecom,wuhan-telecom,39.3696,0.0,icmp,1591872079,2020-06-11 10:41:19+00:00
119515069,jinan-telecom,wuhan-telecom,48.6975,0.0,icmp,1591872240,2020-06-11 10:44:00+00:00
119515277,jinan-telecom,wuhan-telecom,41.1887,0.0,icmp,1591872360,2020-06-11 10:46:00+00:00
119515498,jinan-telecom,wuhan-telecom,39.3292,0.0,icmp,1591872439,2020-06-11 10:47:19+00:00
119515729,jinan-telecom,wuhan-telecom,39.3698,0.0,icmp,1591872619,2020-06-11 10:50:19+00:00
119515954,jinan-telecom,wuhan-telecom,46.8973,0.0,icmp,1591872720,2020-06-11 10:52:00+00:00
119516170,jinan-telecom,wuhan-telecom,39.5232,0.0,icmp,1591872859,2020-06-11 10:54:19+00:00
119516413,jinan-telecom,wuhan-telecom,46.7852,0.0,icmp,1591872960,2020-06-11 10:56:00+00:00
119516628,jinan-telecom,wuhan-telecom,43.2484,0.0,icmp,1591873080,2020-06-11 10:58:00+00:00
119516878,jinan-telecom,wuhan-telecom,47.9953,0.0,icmp,1591873200,2020-06-11 11:00:00+00:00
119517087,jinan-telecom,wuhan-telecom,39.49,0.0,icmp,1591873325,2020-06-11 11:02:05+00:00
119517336,jinan-telecom,wuhan-telecom,47.6091,0.0,icmp,1591873440,2020-06-11 11:04:00+00:00
119517566,jinan-telecom,wuhan-telecom,39.3382,0.0,icmp,1591873579,2020-06-11 11:06:19+00:00
119517778,jinan-telecom,wuhan-telecom,41.9515,0.0,icmp,1591873680,2020-06-11 11:08:00+00:00
119518013,jinan-telecom,wuhan-telecom,39.3402,0.0,icmp,1591873759,2020-06-11 11:09:19+00:00
119518249,jinan-telecom,wuhan-telecom,39.3486,0.0,icmp,1591873879,2020-06-11 11:11:19+00:00
119518459,jinan-telecom,wuhan-telecom,46.7325,0.0,icmp,1591874040,2020-06-11 11:14:00+00:00
119518695,jinan-telecom,wuhan-telecom,47.6092,0.0,icmp,1591874160,2020-06-11 11:16:00+00:00
119518934,jinan-telecom,wuhan-telecom,47.0735,0.0,icmp,1591874280,2020-06-11 11:18:00+00:00
119519162,jinan-telecom,wuhan-telecom,43.9368,0.0,icmp,1591874400,2020-06-11 11:20:00+00:00
119519379,jinan-telecom,wuhan-telecom,39.4839,0.0,icmp,1591874479,2020-06-11 11:21:19+00:00
119519620,jinan-telecom,wuhan-telecom,48.5794,0.0,icmp,1591874640,2020-06-11 11:24:00+00:00
119519842,jinan-telecom,wuhan-telecom,46.6542,0.0,icmp,1591874760,2020-06-11 11:26:00+00:00
119520075,jinan-telecom,wuhan-telecom,47.0044,0.0,icmp,1591874880,2020-06-11 11:28:00+00:00
119520295,jinan-telecom,wuhan-telecom,40.4265,0.0,icmp,1591875000,2020-06-11 11:30:00+00:00
119520529,jinan-telecom,wuhan-telecom,48.3211,0.0,icmp,1591875120,2020-06-11 11:32:00+00:00
119520764,jinan-telecom,wuhan-telecom,46.7675,0.0,icmp,1591875240,2020-06-11 11:34:00+00:00
119520984,jinan-telecom,wuhan-telecom,40.2629,0.0,icmp,1591875304,2020-06-11 11:35:04+00:00
119521214,jinan-telecom,wuhan-telecom,46.9424,0.0,icmp,1591875480,2020-06-11 11:38:00+00:00
119521437,jinan-telecom,wuhan-telecom,48.1207,0.0,icmp,1591875600,2020-06-11 11:40:00+00:00
119521667,jinan-telecom,wuhan-telecom,46.816,0.0,icmp,1591875720,2020-06-11 11:42:00+00:00
119521898,jinan-telecom,wuhan-telecom,46.607,0.0,icmp,1591875840,2020-06-11 11:44:00+00:00
119522148,jinan-telecom,wuhan-telecom,46.8191,0.0,icmp,1591875960,2020-06-11 11:46:00+00:00
119522354,jinan-telecom,wuhan-telecom,39.3485,0.0,icmp,1591876099,2020-06-11 11:48:19+00:00
119522593,jinan-telecom,wuhan-telecom,45.5665,0.0,icmp,1591876200,2020-06-11 11:50:00+00:00
119522824,jinan-telecom,wuhan-telecom,48.9817,0.0,icmp,1591876320,2020-06-11 11:52:00+00:00
119523054,jinan-telecom,wuhan-telecom,46.5187,0.0,icmp,1591876440,2020-06-11 11:54:00+00:00
119523280,jinan-telecom,wuhan-telecom,47.5053,0.0,icmp,1591876560,2020-06-11 11:56:00+00:00
119523503,jinan-telecom,wuhan-telecom,39.4346,0.0,icmp,1591876686,2020-06-11 11:58:06+00:00
119523738,jinan-telecom,wuhan-telecom,46.6807,0.0,icmp,1591876800,2020-06-11 12:00:00+00:00
119523958,jinan-telecom,wuhan-telecom,48.1958,0.0,icmp,1591876920,2020-06-11 12:02:00+00:00
119524181,jinan-telecom,wuhan-telecom,46.371,0.0,icmp,1591877040,2020-06-11 12:04:00+00:00
119524424,jinan-telecom,wuhan-telecom,40.0407,0.0,icmp,1591877160,2020-06-11 12:06:00+00:00
119524654,jinan-telecom,wuhan-telecom,39.4377,0.0,icmp,1591877226,2020-06-11 12:07:06+00:00
119524884,jinan-telecom,wuhan-telecom,46.6812,0.0,icmp,1591877400,2020-06-11 12:10:00+00:00
119525128,jinan-telecom,wuhan-telecom,48.0398,0.0,icmp,1591877520,2020-06-11 12:12:00+00:00
119525342,jinan-telecom,wuhan-telecom,47.2186,0.0,icmp,1591877640,2020-06-11 12:14:00+00:00
119525573,jinan-telecom,wuhan-telecom,44.9696,0.0,icmp,1591877760,2020-06-11 12:16:00+00:00
119525811,jinan-telecom,wuhan-telecom,48.8614,0.0,icmp,1591877880,2020-06-11 12:18:00+00:00
119526024,jinan-telecom,wuhan-telecom,45.2362,0.0,icmp,1591878000,2020-06-11 12:20:00+00:00
119526247,jinan-telecom,wuhan-telecom,46.5756,0.0,icmp,1591878120,2020-06-11 12:22:00+00:00
119526491,jinan-telecom,wuhan-telecom,39.3514,0.0,icmp,1591878259,2020-06-11 12:24:19+00:00
119526732,jinan-telecom,wuhan-telecom,46.5937,0.0,icmp,1591878360,2020-06-11 12:26:00+00:00
119526938,jinan-telecom,wuhan-telecom,45.8848,0.0,icmp,1591878480,2020-06-11 12:28:00+00:00
119527171,jinan-telecom,wuhan-telecom,47.4599,0.0,icmp,1591878600,2020-06-11 12:30:00+00:00
119527390,jinan-telecom,wuhan-telecom,42.2405,0.0,icmp,1591878720,2020-06-11 12:32:00+00:00
119527646,jinan-telecom,wuhan-telecom,47.9787,0.0,icmp,1591878840,2020-06-11 12:34:00+00:00
119527868,jinan-telecom,wuhan-telecom,45.5782,0.0,icmp,1591878960,2020-06-11 12:36:00+00:00
119528098,jinan-telecom,wuhan-telecom,47.3203,0.0,icmp,1591879080,2020-06-11 12:38:00+00:00
119528326,jinan-telecom,wuhan-telecom,47.3253,0.0,icmp,1591879200,2020-06-11 12:40:00+00:00
119528551,jinan-telecom,wuhan-telecom,39.3338,0.0,icmp,1591879339,2020-06-11 12:42:19+00:00
119528781,jinan-telecom,wuhan-telecom,41.0822,0.0,icmp,1591879440,2020-06-11 12:44:00+00:00
119529017,jinan-telecom,wuhan-telecom,39.506,0.0,icmp,1591879579,2020-06-11 12:46:19+00:00
119529225,jinan-telecom,wuhan-telecom,39.5063,0.0,icmp,1591879699,2020-06-11 12:48:19+00:00
119529479,jinan-telecom,wuhan-telecom,45.1774,0.0,icmp,1591879800,2020-06-11 12:50:00+00:00
119529683,jinan-telecom,wuhan-telecom,46.6771,0.0,icmp,1591879920,2020-06-11 12:52:00+00:00
119529929,jinan-telecom,wuhan-telecom,49.3581,0.0,icmp,1591880040,2020-06-11 12:54:00+00:00
119530154,jinan-telecom,wuhan-telecom,47.9837,0.0,icmp,1591880160,2020-06-11 12:56:00+00:00
119530377,jinan-telecom,wuhan-telecom,46.0691,0.0,icmp,1591880280,2020-06-11 12:58:00+00:00
119530597,jinan-telecom,wuhan-telecom,48.8228,0.0,icmp,1591880400,2020-06-11 13:00:00+00:00
119530847,jinan-telecom,wuhan-telecom,39.3567,0.0,icmp,1591880539,2020-06-11 13:02:19+00:00
119531063,jinan-telecom,wuhan-telecom,47.6006,0.0,icmp,1591880640,2020-06-11 13:04:00+00:00
119531288,jinan-telecom,wuhan-telecom,42.1705,0.0,icmp,1591880760,2020-06-11 13:06:00+00:00
119531528,jinan-telecom,wuhan-telecom,45.8433,0.0,icmp,1591880880,2020-06-11 13:08:00+00:00
119531748,jinan-telecom,wuhan-telecom,48.0086,0.0,icmp,1591881000,2020-06-11 13:10:00+00:00
119531983,jinan-telecom,wuhan-telecom,47.238,0.0,icmp,1591881120,2020-06-11 13:12:00+00:00
119532218,jinan-telecom,wuhan-telecom,48.2462,0.0,icmp,1591881240,2020-06-11 13:14:00+00:00
119532440,jinan-telecom,wuhan-telecom,39.3601,0.0,icmp,1591881319,2020-06-11 13:15:19+00:00
119532684,jinan-telecom,wuhan-telecom,46.8374,0.0,icmp,1591881480,2020-06-11 13:18:00+00:00
119532903,jinan-telecom,wuhan-telecom,39.3583,0.0,icmp,1591881559,2020-06-11 13:19:19+00:00
119533132,jinan-telecom,wuhan-telecom,46.8049,0.0,icmp,1591881720,2020-06-11 13:22:00+00:00
119533368,jinan-telecom,wuhan-telecom,49.1955,0.0,icmp,1591881840,2020-06-11 13:24:00+00:00
119533596,jinan-telecom,wuhan-telecom,45.7271,0.0,icmp,1591881960,2020-06-11 13:26:00+00:00
119533810,jinan-telecom,wuhan-telecom,44.8778,0.0,icmp,1591882080,2020-06-11 13:28:00+00:00
119534037,jinan-telecom,wuhan-telecom,42.8161,0.0,icmp,1591882200,2020-06-11 13:30:00+00:00
119534265,jinan-telecom,wuhan-telecom,46.2583,0.0,icmp,1591882320,2020-06-11 13:32:00+00:00
119534507,jinan-telecom,wuhan-telecom,39.9029,0.0,icmp,1591882440,2020-06-11 13:34:00+00:00
119534738,jinan-telecom,wuhan-telecom,46.4201,0.0,icmp,1591882560,2020-06-11 13:36:00+00:00
119534958,jinan-telecom,wuhan-telecom,46.928,0.0,icmp,1591882680,2020-06-11 13:38:00+00:00
119535207,jinan-telecom,wuhan-telecom,39.4672,0.0,icmp,1591882804,2020-06-11 13:40:04+00:00
119535423,jinan-telecom,wuhan-telecom,40.5242,0.0,icmp,1591882920,2020-06-11 13:42:00+00:00
119535635,jinan-telecom,wuhan-telecom,39.3888,0.0,icmp,1591883059,2020-06-11 13:44:19+00:00
119535883,jinan-telecom,wuhan-telecom,46.6746,0.0,icmp,1591883160,2020-06-11 13:46:00+00:00
119536119,jinan-telecom,wuhan-telecom,47.514,0.0,icmp,1591883280,2020-06-11 13:48:00+00:00
119536325,jinan-telecom,wuhan-telecom,47.9499,0.0,icmp,1591883400,2020-06-11 13:50:00+00:00
119536562,jinan-telecom,wuhan-telecom,49.0633,0.0,icmp,1591883520,2020-06-11 13:52:00+00:00
119536782,jinan-telecom,wuhan-telecom,39.4189,0.0,icmp,1591883659,2020-06-11 13:54:19+00:00
119537031,jinan-telecom,wuhan-telecom,39.3617,0.0,icmp,1591883779,2020-06-11 13:56:19+00:00
119537243,jinan-telecom,wuhan-telecom,46.0802,0.0,icmp,1591883880,2020-06-11 13:58:00+00:00
119537480,jinan-telecom,wuhan-telecom,39.4345,0.0,icmp,1591883959,2020-06-11 13:59:19+00:00
119537710,jinan-telecom,wuhan-telecom,46.8438,0.0,icmp,1591884120,2020-06-11 14:02:00+00:00
119537936,jinan-telecom,wuhan-telecom,39.3493,0.0,icmp,1591884259,2020-06-11 14:04:19+00:00
119538155,jinan-telecom,wuhan-telecom,48.0236,0.0,icmp,1591884360,2020-06-11 14:06:00+00:00
119538402,jinan-telecom,wuhan-telecom,39.3445,0.0,icmp,1591884499,2020-06-11 14:08:19+00:00
119538616,jinan-telecom,wuhan-telecom,49.1053,0.0,icmp,1591884600,2020-06-11 14:10:00+00:00
119538868,jinan-telecom,wuhan-telecom,42.7486,0.0,icmp,1591884720,2020-06-11 14:12:00+00:00
119539098,jinan-telecom,wuhan-telecom,48.1288,0.0,icmp,1591884840,2020-06-11 14:14:00+00:00
119539280,jinan-telecom,wuhan-telecom,39.3299,0.0,icmp,1591884979,2020-06-11 14:16:19+00:00
119539540,jinan-telecom,wuhan-telecom,47.2916,0.0,icmp,1591885080,2020-06-11 14:18:00+00:00
119539756,jinan-telecom,wuhan-telecom,45.2933,0.0,icmp,1591885200,2020-06-11 14:20:00+00:00
119539985,jinan-telecom,wuhan-telecom,39.3301,0.0,icmp,1591885279,2020-06-11 14:21:19+00:00
119540215,jinan-telecom,wuhan-telecom,41.3156,0.0,icmp,1591885440,2020-06-11 14:24:00+00:00
119540451,jinan-telecom,wuhan-telecom,48.7591,0.0,icmp,1591885560,2020-06-11 14:26:00+00:00
119540700,jinan-telecom,wuhan-telecom,48.1105,0.0,icmp,1591885680,2020-06-11 14:28:00+00:00
119540913,jinan-telecom,wuhan-telecom,39.4805,0.0,icmp,1591885800,2020-06-11 14:30:00+00:00
119541144,jinan-telecom,wuhan-telecom,48.9065,0.0,icmp,1591885920,2020-06-11 14:32:00+00:00
119541371,jinan-telecom,wuhan-telecom,39.332,0.0,icmp,1591885999,2020-06-11 14:33:19+00:00
119541594,jinan-telecom,wuhan-telecom,45.3898,0.0,icmp,1591886160,2020-06-11 14:36:00+00:00
119541820,jinan-telecom,wuhan-telecom,39.5696,0.0,icmp,1591886299,2020-06-11 14:38:19+00:00
119542043,jinan-telecom,wuhan-telecom,45.5346,0.0,icmp,1591886400,2020-06-11 14:40:00+00:00
119542281,jinan-telecom,wuhan-telecom,46.7577,0.0,icmp,1591886520,2020-06-11 14:42:00+00:00
119542531,jinan-telecom,wuhan-telecom,46.6396,0.0,icmp,1591886640,2020-06-11 14:44:00+00:00
119542751,jinan-telecom,wuhan-telecom,46.6623,0.0,icmp,1591886760,2020-06-11 14:46:00+00:00
119542984,jinan-telecom,wuhan-telecom,44.5866,0.0,icmp,1591886880,2020-06-11 14:48:00+00:00
119543192,jinan-telecom,wuhan-telecom,47.4416,0.0,icmp,1591887000,2020-06-11 14:50:00+00:00
119543428,jinan-telecom,wuhan-telecom,48.4221,0.0,icmp,1591887120,2020-06-11 14:52:00+00:00
119543677,jinan-telecom,wuhan-telecom,47.6181,0.0,icmp,1591887240,2020-06-11 14:54:00+00:00
119543882,jinan-telecom,wuhan-telecom,42.655,0.0,icmp,1591887360,2020-06-11 14:56:00+00:00
119544114,jinan-telecom,wuhan-telecom,43.5981,0.0,icmp,1591887480,2020-06-11 14:58:00+00:00
119544348,jinan-telecom,wuhan-telecom,44.9163,0.0,icmp,1591887600,2020-06-11 15:00:00+00:00
119544579,jinan-telecom,wuhan-telecom,49.8253,0.0,icmp,1591887720,2020-06-11 15:02:00+00:00
119544817,jinan-telecom,wuhan-telecom,39.4322,0.0,icmp,1591887799,2020-06-11 15:03:19+00:00
119545059,jinan-telecom,wuhan-telecom,48.2229,0.0,icmp,1591887960,2020-06-11 15:06:00+00:00
119545272,jinan-telecom,wuhan-telecom,48.485,0.0,icmp,1591888080,2020-06-11 15:08:00+00:00
119545480,jinan-telecom,wuhan-telecom,47.0598,0.0,icmp,1591888200,2020-06-11 15:10:00+00:00
119545730,jinan-telecom,wuhan-telecom,42.669,0.0,icmp,1591888320,2020-06-11 15:12:00+00:00
119545941,jinan-telecom,wuhan-telecom,46.2475,0.0,icmp,1591888440,2020-06-11 15:14:00+00:00
119546186,jinan-telecom,wuhan-telecom,46.2338,0.0,icmp,1591888560,2020-06-11 15:16:00+00:00
119546428,jinan-telecom,wuhan-telecom,46.0573,0.0,icmp,1591888680,2020-06-11 15:18:00+00:00
119546643,jinan-telecom,wuhan-telecom,49.2088,0.0,icmp,1591888800,2020-06-11 15:20:00+00:00
119546864,jinan-telecom,wuhan-telecom,47.0235,0.0,icmp,1591888920,2020-06-11 15:22:00+00:00
119547089,jinan-telecom,wuhan-telecom,39.8453,0.0,icmp,1591888999,2020-06-11 15:23:19+00:00
119547320,jinan-telecom,wuhan-telecom,46.7778,0.0,icmp,1591889160,2020-06-11 15:26:00+00:00
119547565,jinan-telecom,wuhan-telecom,39.7389,0.0,icmp,1591889239,2020-06-11 15:27:19+00:00
119547783,jinan-telecom,wuhan-telecom,39.6407,0.0,icmp,1591889359,2020-06-11 15:29:19+00:00
119548028,jinan-telecom,wuhan-telecom,47.2644,0.0,icmp,1591889520,2020-06-11 15:32:00+00:00
119548224,jinan-telecom,wuhan-telecom,46.279,0.0,icmp,1591889640,2020-06-11 15:34:00+00:00
119548487,jinan-telecom,wuhan-telecom,49.1886,0.0,icmp,1591889760,2020-06-11 15:36:00+00:00
119548724,jinan-telecom,wuhan-telecom,48.1648,0.0,icmp,1591889880,2020-06-11 15:38:00+00:00
119548944,jinan-telecom,wuhan-telecom,39.5505,0.0,icmp,1591889959,2020-06-11 15:39:19+00:00
119549168,jinan-telecom,wuhan-telecom,45.5893,0.0,icmp,1591890120,2020-06-11 15:42:00+00:00
119549415,jinan-telecom,wuhan-telecom,39.4744,0.0,icmp,1591890259,2020-06-11 15:44:19+00:00
119549599,jinan-telecom,wuhan-telecom,47.5764,0.0,icmp,1591890360,2020-06-11 15:46:00+00:00
119549838,jinan-telecom,wuhan-telecom,46.8987,0.0,icmp,1591890480,2020-06-11 15:48:00+00:00
119550087,jinan-telecom,wuhan-telecom,39.4464,0.0,icmp,1591890619,2020-06-11 15:50:19+00:00
119550304,jinan-telecom,wuhan-telecom,39.433,0.0,icmp,1591890739,2020-06-11 15:52:19+00:00
119550543,jinan-telecom,wuhan-telecom,47.3034,0.0,icmp,1591890840,2020-06-11 15:54:00+00:00
119550769,jinan-telecom,wuhan-telecom,45.5936,0.0,icmp,1591890960,2020-06-11 15:56:00+00:00
119551005,jinan-telecom,wuhan-telecom,43.9379,0.0,icmp,1591891080,2020-06-11 15:58:00+00:00
119551216,jinan-telecom,wuhan-telecom,48.5412,0.0,icmp,1591891200,2020-06-11 16:00:00+00:00
119551449,jinan-telecom,wuhan-telecom,48.3433,0.0,icmp,1591891320,2020-06-11 16:02:00+00:00
119551666,jinan-telecom,wuhan-telecom,47.2163,0.0,icmp,1591891440,2020-06-11 16:04:00+00:00
119551898,jinan-telecom,wuhan-telecom,45.7003,0.0,icmp,1591891560,2020-06-11 16:06:00+00:00
119552126,jinan-telecom,wuhan-telecom,39.4009,0.0,icmp,1591891639,2020-06-11 16:07:19+00:00
119552397,jinan-telecom,wuhan-telecom,46.4045,0.0,icmp,1591891800,2020-06-11 16:10:00+00:00
119552608,jinan-telecom,wuhan-telecom,46.5886,0.0,icmp,1591891920,2020-06-11 16:12:00+00:00
119552810,jinan-telecom,wuhan-telecom,46.3582,0.0,icmp,1591892040,2020-06-11 16:14:00+00:00
119553028,jinan-telecom,wuhan-telecom,46.2838,0.0,icmp,1591892160,2020-06-11 16:16:00+00:00
119553286,jinan-telecom,wuhan-telecom,40.6047,0.0,icmp,1591892280,2020-06-11 16:18:00+00:00
119553520,jinan-telecom,wuhan-telecom,49.0459,0.0,icmp,1591892400,2020-06-11 16:20:00+00:00
119553726,jinan-telecom,wuhan-telecom,49.0674,0.0,icmp,1591892520,2020-06-11 16:22:00+00:00
119553953,jinan-telecom,wuhan-telecom,39.467,0.0,icmp,1591892585,2020-06-11 16:23:05+00:00
119554193,jinan-telecom,wuhan-telecom,46.0767,0.0,icmp,1591892760,2020-06-11 16:26:00+00:00
119554439,jinan-telecom,wuhan-telecom,39.4642,0.0,icmp,1591892839,2020-06-11 16:27:19+00:00
119554642,jinan-telecom,wuhan-telecom,47.7859,0.0,icmp,1591893000,2020-06-11 16:30:00+00:00
119554893,jinan-telecom,wuhan-telecom,47.8457,0.0,icmp,1591893120,2020-06-11 16:32:00+00:00
119555153,jinan-telecom,wuhan-telecom,39.3428,0.0,icmp,1591893199,2020-06-11 16:33:19+00:00
119555357,jinan-telecom,wuhan-telecom,48.1981,0.0,icmp,1591893360,2020-06-11 16:36:00+00:00
119555567,jinan-telecom,wuhan-telecom,47.5871,0.0,icmp,1591893480,2020-06-11 16:38:00+00:00
119555797,jinan-telecom,wuhan-telecom,48.1707,0.0,icmp,1591893600,2020-06-11 16:40:00+00:00
119556037,jinan-telecom,wuhan-telecom,47.0137,0.0,icmp,1591893720,2020-06-11 16:42:00+00:00
119556274,jinan-telecom,wuhan-telecom,46.2084,0.0,icmp,1591893840,2020-06-11 16:44:00+00:00
119556479,jinan-telecom,wuhan-telecom,46.2074,0.0,icmp,1591893960,2020-06-11 16:46:00+00:00
119556713,jinan-telecom,wuhan-telecom,45.2697,0.0,icmp,1591894080,2020-06-11 16:48:00+00:00
119556934,jinan-telecom,wuhan-telecom,39.3251,0.0,icmp,1591894159,2020-06-11 16:49:19+00:00
119557165,jinan-telecom,wuhan-telecom,41.6518,0.0,icmp,1591894320,2020-06-11 16:52:00+00:00
119557411,jinan-telecom,wuhan-telecom,48.5139,0.0,icmp,1591894440,2020-06-11 16:54:00+00:00
119557633,jinan-telecom,wuhan-telecom,39.4083,0.0,icmp,1591894579,2020-06-11 16:56:19+00:00
119557895,jinan-telecom,wuhan-telecom,47.0455,0.0,icmp,1591894680,2020-06-11 16:58:00+00:00
119558097,jinan-telecom,wuhan-telecom,46.871,0.0,icmp,1591894800,2020-06-11 17:00:00+00:00
119558318,jinan-telecom,wuhan-telecom,47.8812,0.0,icmp,1591894920,2020-06-11 17:02:00+00:00
119558556,jinan-telecom,wuhan-telecom,49.4345,0.0,icmp,1591895040,2020-06-11 17:04:00+00:00
119558781,jinan-telecom,wuhan-telecom,47.6064,0.0,icmp,1591895160,2020-06-11 17:06:00+00:00
119559018,jinan-telecom,wuhan-telecom,48.0774,0.0,icmp,1591895280,2020-06-11 17:08:00+00:00
119559216,jinan-telecom,wuhan-telecom,42.5659,0.0,icmp,1591895345,2020-06-11 17:09:05+00:00
119559468,jinan-telecom,wuhan-telecom,45.7968,0.0,icmp,1591895520,2020-06-11 17:12:00+00:00
119559687,jinan-telecom,wuhan-telecom,45.4563,0.0,icmp,1591895640,2020-06-11 17:14:00+00:00
119559908,jinan-telecom,wuhan-telecom,39.607,0.0,icmp,1591895719,2020-06-11 17:15:19+00:00
119560153,jinan-telecom,wuhan-telecom,46.386,0.0,icmp,1591895880,2020-06-11 17:18:00+00:00
119560395,jinan-telecom,wuhan-telecom,44.6508,0.0,icmp,1591896000,2020-06-11 17:20:00+00:00
119560612,jinan-telecom,wuhan-telecom,39.3829,0.0,icmp,1591896139,2020-06-11 17:22:19+00:00
119560852,jinan-telecom,wuhan-telecom,47.2311,0.0,icmp,1591896240,2020-06-11 17:24:00+00:00
119561065,jinan-telecom,wuhan-telecom,44.7839,0.0,icmp,1591896360,2020-06-11 17:26:00+00:00
119561306,jinan-telecom,wuhan-telecom,39.5143,0.0,icmp,1591896499,2020-06-11 17:28:19+00:00
119561512,jinan-telecom,wuhan-telecom,45.7355,0.0,icmp,1591896600,2020-06-11 17:30:00+00:00
119561747,jinan-telecom,wuhan-telecom,40.1986,0.0,icmp,1591896720,2020-06-11 17:32:00+00:00
119561976,jinan-telecom,wuhan-telecom,46.2383,0.0,icmp,1591896840,2020-06-11 17:34:00+00:00
119562212,jinan-telecom,wuhan-telecom,46.2737,0.0,icmp,1591896960,2020-06-11 17:36:00+00:00
119562428,jinan-telecom,wuhan-telecom,47.5954,0.0,icmp,1591897080,2020-06-11 17:38:00+00:00
119562661,jinan-telecom,wuhan-telecom,47.5785,0.0,icmp,1591897200,2020-06-11 17:40:00+00:00
119562899,jinan-telecom,wuhan-telecom,39.4623,0.0,icmp,1591897279,2020-06-11 17:41:19+00:00
119563136,jinan-telecom,wuhan-telecom,48.7342,0.0,icmp,1591897440,2020-06-11 17:44:00+00:00
119563362,jinan-telecom,wuhan-telecom,45.9912,0.0,icmp,1591897560,2020-06-11 17:46:00+00:00
119563576,jinan-telecom,wuhan-telecom,46.7758,0.0,icmp,1591897680,2020-06-11 17:48:00+00:00
119563822,jinan-telecom,wuhan-telecom,47.1835,0.0,icmp,1591897800,2020-06-11 17:50:00+00:00
119564023,jinan-telecom,wuhan-telecom,46.5135,0.0,icmp,1591897920,2020-06-11 17:52:00+00:00
119564248,jinan-telecom,wuhan-telecom,44.7072,0.0,icmp,1591898040,2020-06-11 17:54:00+00:00
119564488,jinan-telecom,wuhan-telecom,47.121,0.0,icmp,1591898160,2020-06-11 17:56:00+00:00
119564728,jinan-telecom,wuhan-telecom,46.9318,0.0,icmp,1591898280,2020-06-11 17:58:00+00:00
119564949,jinan-telecom,wuhan-telecom,39.378,0.0,icmp,1591898419,2020-06-11 18:00:19+00:00
119565174,jinan-telecom,wuhan-telecom,39.3581,0.0,icmp,1591898539,2020-06-11 18:02:19+00:00
119565407,jinan-telecom,wuhan-telecom,42.2628,0.0,icmp,1591898640,2020-06-11 18:04:00+00:00
119565607,jinan-telecom,wuhan-telecom,45.4567,0.0,icmp,1591898760,2020-06-11 18:06:00+00:00
119565837,jinan-telecom,wuhan-telecom,48.2761,0.0,icmp,1591898880,2020-06-11 18:08:00+00:00
119566078,jinan-telecom,wuhan-telecom,39.5943,0.0,icmp,1591899019,2020-06-11 18:10:19+00:00
119566316,jinan-telecom,wuhan-telecom,47.7334,0.0,icmp,1591899120,2020-06-11 18:12:00+00:00
119566545,jinan-telecom,wuhan-telecom,46.3523,0.0,icmp,1591899240,2020-06-11 18:14:00+00:00
119566763,jinan-telecom,wuhan-telecom,48.1518,0.0,icmp,1591899360,2020-06-11 18:16:00+00:00
119566985,jinan-telecom,wuhan-telecom,47.3592,0.0,icmp,1591899480,2020-06-11 18:18:00+00:00
119567210,jinan-telecom,wuhan-telecom,39.3302,0.0,icmp,1591899559,2020-06-11 18:19:19+00:00
119567450,jinan-telecom,wuhan-telecom,45.6433,0.0,icmp,1591899720,2020-06-11 18:22:00+00:00
119567674,jinan-telecom,wuhan-telecom,39.4168,0.0,icmp,1591899859,2020-06-11 18:24:19+00:00
119567892,jinan-telecom,wuhan-telecom,46.2163,0.0,icmp,1591899960,2020-06-11 18:26:00+00:00
119568117,jinan-telecom,wuhan-telecom,39.3299,0.0,icmp,1591900039,2020-06-11 18:27:19+00:00
119568353,jinan-telecom,wuhan-telecom,47.9754,0.0,icmp,1591900200,2020-06-11 18:30:00+00:00
119568573,jinan-telecom,wuhan-telecom,39.7091,0.0,icmp,1591900339,2020-06-11 18:32:19+00:00
119568808,jinan-telecom,wuhan-telecom,39.5601,0.0,icmp,1591900459,2020-06-11 18:34:19+00:00
119569029,jinan-telecom,wuhan-telecom,46.1693,0.0,icmp,1591900560,2020-06-11 18:36:00+00:00
119569254,jinan-telecom,wuhan-telecom,46.6865,0.0,icmp,1591900680,2020-06-11 18:38:00+00:00
119569465,jinan-telecom,wuhan-telecom,46.6336,0.0,icmp,1591900800,2020-06-11 18:40:00+00:00
119569703,jinan-telecom,wuhan-telecom,45.4546,0.0,icmp,1591900920,2020-06-11 18:42:00+00:00
119569929,jinan-telecom,wuhan-telecom,47.1275,0.0,icmp,1591901040,2020-06-11 18:44:00+00:00
119570139,jinan-telecom,wuhan-telecom,39.2998,0.0,icmp,1591901119,2020-06-11 18:45:19+00:00
119570391,jinan-telecom,wuhan-telecom,47.3072,0.0,icmp,1591901280,2020-06-11 18:48:00+00:00
119570608,jinan-telecom,wuhan-telecom,46.1337,0.0,icmp,1591901400,2020-06-11 18:50:00+00:00
119570847,jinan-telecom,wuhan-telecom,48.4041,0.0,icmp,1591901520,2020-06-11 18:52:00+00:00
119571074,jinan-telecom,wuhan-telecom,47.2684,0.0,icmp,1591901640,2020-06-11 18:54:00+00:00
119571287,jinan-telecom,wuhan-telecom,46.5706,0.0,icmp,1591901760,2020-06-11 18:56:00+00:00
119571517,jinan-telecom,wuhan-telecom,48.1604,0.0,icmp,1591901880,2020-06-11 18:58:00+00:00
119571752,jinan-telecom,wuhan-telecom,45.2401,0.0,icmp,1591901944,2020-06-11 18:59:04+00:00
119571972,jinan-telecom,wuhan-telecom,44.2606,0.0,icmp,1591902120,2020-06-11 19:02:00+00:00
119572202,jinan-telecom,wuhan-telecom,45.6761,0.0,icmp,1591902240,2020-06-11 19:04:00+00:00
119572432,jinan-telecom,wuhan-telecom,48.7319,0.0,icmp,1591902360,2020-06-11 19:06:00+00:00
119572657,jinan-telecom,wuhan-telecom,47.5886,0.0,icmp,1591902480,2020-06-11 19:08:00+00:00
119572894,jinan-telecom,wuhan-telecom,39.3428,0.0,icmp,1591902559,2020-06-11 19:09:19+00:00
119573131,jinan-telecom,wuhan-telecom,47.9825,0.0,icmp,1591902720,2020-06-11 19:12:00+00:00
119573372,jinan-telecom,wuhan-telecom,45.2633,0.0,icmp,1591902840,2020-06-11 19:14:00+00:00
119573576,jinan-telecom,wuhan-telecom,46.7213,0.0,icmp,1591902960,2020-06-11 19:16:00+00:00
119573795,jinan-telecom,wuhan-telecom,42.7637,0.0,icmp,1591903080,2020-06-11 19:18:00+00:00
119574023,jinan-telecom,wuhan-telecom,47.1419,0.0,icmp,1591903200,2020-06-11 19:20:00+00:00
119574270,jinan-telecom,wuhan-telecom,47.4372,0.0,icmp,1591903320,2020-06-11 19:22:00+00:00
119574488,jinan-telecom,wuhan-telecom,39.319,0.0,icmp,1591903399,2020-06-11 19:23:19+00:00
119574714,jinan-telecom,wuhan-telecom,41.4212,0.0,icmp,1591903560,2020-06-11 19:26:00+00:00
119574948,jinan-telecom,wuhan-telecom,39.3314,0.0,icmp,1591903639,2020-06-11 19:27:19+00:00
119575184,jinan-telecom,wuhan-telecom,39.5819,0.0,icmp,1591903800,2020-06-11 19:30:00+00:00
119575403,jinan-telecom,wuhan-telecom,48.6343,0.0,icmp,1591903920,2020-06-11 19:32:00+00:00
119575647,jinan-telecom,wuhan-telecom,45.8214,0.0,icmp,1591904040,2020-06-11 19:34:00+00:00
119575870,jinan-telecom,wuhan-telecom,47.1034,0.0,icmp,1591904160,2020-06-11 19:36:00+00:00
119576103,jinan-telecom,wuhan-telecom,45.3437,0.0,icmp,1591904280,2020-06-11 19:38:00+00:00
119576320,jinan-telecom,wuhan-telecom,39.4658,0.0,icmp,1591904344,2020-06-11 19:39:04+00:00
119576561,jinan-telecom,wuhan-telecom,46.777,0.0,icmp,1591904520,2020-06-11 19:42:00+00:00
119576772,jinan-telecom,wuhan-telecom,42.9519,0.0,icmp,1591904640,2020-06-11 19:44:00+00:00
119577003,jinan-telecom,wuhan-telecom,39.3316,0.0,icmp,1591904719,2020-06-11 19:45:19+00:00
119577244,jinan-telecom,wuhan-telecom,48.0479,0.0,icmp,1591904880,2020-06-11 19:48:00+00:00
119577462,jinan-telecom,wuhan-telecom,39.3272,0.0,icmp,1591904959,2020-06-11 19:49:19+00:00
119577704,jinan-telecom,wuhan-telecom,41.2673,0.0,icmp,1591905120,2020-06-11 19:52:00+00:00
119577946,jinan-telecom,wuhan-telecom,39.4873,0.0,icmp,1591905259,2020-06-11 19:54:19+00:00
119578167,jinan-telecom,wuhan-telecom,47.9224,0.0,icmp,1591905360,2020-06-11 19:56:00+00:00
119578374,jinan-telecom,wuhan-telecom,45.9801,0.0,icmp,1591905480,2020-06-11 19:58:00+00:00
119578603,jinan-telecom,wuhan-telecom,51.1561,1.0,icmp,1591905600,2020-06-11 20:00:00+00:00
119578848,jinan-telecom,wuhan-telecom,42.6544,0.0,icmp,1591905720,2020-06-11 20:02:00+00:00
119579092,jinan-telecom,wuhan-telecom,45.2362,0.0,icmp,1591905840,2020-06-11 20:04:00+00:00
119579316,jinan-telecom,wuhan-telecom,39.3412,0.0,icmp,1591905919,2020-06-11 20:05:19+00:00
119579545,jinan-telecom,wuhan-telecom,47.1583,0.0,icmp,1591906080,2020-06-11 20:08:00+00:00
119579763,jinan-telecom,wuhan-telecom,39.3998,0.0,icmp,1591906205,2020-06-11 20:10:05+00:00
119579994,jinan-telecom,wuhan-telecom,44.9028,0.0,icmp,1591906320,2020-06-11 20:12:00+00:00
119580234,jinan-telecom,wuhan-telecom,41.992,0.0,icmp,1591906440,2020-06-11 20:14:00+00:00
119580463,jinan-telecom,wuhan-telecom,47.9792,0.0,icmp,1591906560,2020-06-11 20:16:00+00:00
119580697,jinan-telecom,wuhan-telecom,39.3997,0.0,icmp,1591906684,2020-06-11 20:18:04+00:00
119580912,jinan-telecom,wuhan-telecom,46.1319,0.0,icmp,1591906800,2020-06-11 20:20:00+00:00
119581137,jinan-telecom,wuhan-telecom,47.1009,0.0,icmp,1591906920,2020-06-11 20:22:00+00:00
119581369,jinan-telecom,wuhan-telecom,45.4691,0.0,icmp,1591907040,2020-06-11 20:24:00+00:00
119581590,jinan-telecom,wuhan-telecom,47.946,0.0,icmp,1591907160,2020-06-11 20:26:00+00:00
119581822,jinan-telecom,wuhan-telecom,46.3744,0.0,icmp,1591907280,2020-06-11 20:28:00+00:00
119582052,jinan-telecom,wuhan-telecom,39.8415,0.0,icmp,1591907419,2020-06-11 20:30:19+00:00
119582295,jinan-telecom,wuhan-telecom,48.9436,0.0,icmp,1591907520,2020-06-11 20:32:00+00:00
119582497,jinan-telecom,wuhan-telecom,39.3054,0.0,icmp,1591907599,2020-06-11 20:33:19+00:00
119582723,jinan-telecom,wuhan-telecom,46.403,0.0,icmp,1591907760,2020-06-11 20:36:00+00:00
119582967,jinan-telecom,wuhan-telecom,39.5031,0.0,icmp,1591907839,2020-06-11 20:37:19+00:00
119583188,jinan-telecom,wuhan-telecom,46.9399,0.0,icmp,1591908000,2020-06-11 20:40:00+00:00
119583419,jinan-telecom,wuhan-telecom,39.4917,0.0,icmp,1591908079,2020-06-11 20:41:19+00:00
119583655,jinan-telecom,wuhan-telecom,47.8992,0.0,icmp,1591908240,2020-06-11 20:44:00+00:00
119583901,jinan-telecom,wuhan-telecom,43.0652,0.0,icmp,1591908360,2020-06-11 20:46:00+00:00
119584114,jinan-telecom,wuhan-telecom,47.164,0.0,icmp,1591908480,2020-06-11 20:48:00+00:00
119584347,jinan-telecom,wuhan-telecom,48.0826,0.0,icmp,1591908600,2020-06-11 20:50:00+00:00
119584570,jinan-telecom,wuhan-telecom,45.1101,0.0,icmp,1591908720,2020-06-11 20:52:00+00:00
119584786,jinan-telecom,wuhan-telecom,39.4821,0.0,icmp,1591908859,2020-06-11 20:54:19+00:00
119585036,jinan-telecom,wuhan-telecom,45.6936,0.0,icmp,1591908960,2020-06-11 20:56:00+00:00
119585251,jinan-telecom,wuhan-telecom,40.9158,0.0,icmp,1591909080,2020-06-11 20:58:00+00:00
119585500,jinan-telecom,wuhan-telecom,47.5417,0.0,icmp,1591909200,2020-06-11 21:00:00+00:00
119585709,jinan-telecom,wuhan-telecom,47.6822,0.0,icmp,1591909320,2020-06-11 21:02:00+00:00
119585935,jinan-telecom,wuhan-telecom,39.5039,0.0,icmp,1591909444,2020-06-11 21:04:04+00:00
119586180,jinan-telecom,wuhan-telecom,47.2183,0.0,icmp,1591909560,2020-06-11 21:06:00+00:00
119586402,jinan-telecom,wuhan-telecom,48.3828,0.0,icmp,1591909680,2020-06-11 21:08:00+00:00
119586635,jinan-telecom,wuhan-telecom,49.648,0.0,icmp,1591909800,2020-06-11 21:10:00+00:00
119586864,jinan-telecom,wuhan-telecom,48.2152,0.0,icmp,1591909920,2020-06-11 21:12:00+00:00
119587085,jinan-telecom,wuhan-telecom,47.7195,0.0,icmp,1591910040,2020-06-11 21:14:00+00:00
119587307,jinan-telecom,wuhan-telecom,44.9197,0.0,icmp,1591910160,2020-06-11 21:16:00+00:00
119587538,jinan-telecom,wuhan-telecom,47.0254,0.0,icmp,1591910280,2020-06-11 21:18:00+00:00
119587765,jinan-telecom,wuhan-telecom,45.6272,0.0,icmp,1591910400,2020-06-11 21:20:00+00:00
119588013,jinan-telecom,wuhan-telecom,47.4409,0.0,icmp,1591910520,2020-06-11 21:22:00+00:00
119588240,jinan-telecom,wuhan-telecom,46.4867,0.0,icmp,1591910640,2020-06-11 21:24:00+00:00
119588469,jinan-telecom,wuhan-telecom,47.8391,0.0,icmp,1591910760,2020-06-11 21:26:00+00:00
119588699,jinan-telecom,wuhan-telecom,43.5432,0.0,icmp,1591910880,2020-06-11 21:28:00+00:00
119588897,jinan-telecom,wuhan-telecom,47.5049,0.0,icmp,1591911000,2020-06-11 21:30:00+00:00
119589141,jinan-telecom,wuhan-telecom,46.0701,0.0,icmp,1591911120,2020-06-11 21:32:00+00:00
119589368,jinan-telecom,wuhan-telecom,39.556,0.0,icmp,1591911259,2020-06-11 21:34:19+00:00
119589611,jinan-telecom,wuhan-telecom,46.6432,0.0,icmp,1591911360,2020-06-11 21:36:00+00:00
119589853,jinan-telecom,wuhan-telecom,48.5978,0.0,icmp,1591911480,2020-06-11 21:38:00+00:00
119590073,jinan-telecom,wuhan-telecom,48.0852,0.0,icmp,1591911600,2020-06-11 21:40:00+00:00
119590299,jinan-telecom,wuhan-telecom,45.4609,0.0,icmp,1591911720,2020-06-11 21:42:00+00:00
119590502,jinan-telecom,wuhan-telecom,47.0525,0.0,icmp,1591911840,2020-06-11 21:44:00+00:00
119590746,jinan-telecom,wuhan-telecom,45.6283,0.0,icmp,1591911960,2020-06-11 21:46:00+00:00
119591008,jinan-telecom,wuhan-telecom,45.1761,0.0,icmp,1591912080,2020-06-11 21:48:00+00:00
119591200,jinan-telecom,wuhan-telecom,46.3594,0.0,icmp,1591912200,2020-06-11 21:50:00+00:00
119591455,jinan-telecom,wuhan-telecom,46.6648,0.0,icmp,1591912320,2020-06-11 21:52:00+00:00
119591699,jinan-telecom,wuhan-telecom,44.8717,0.0,icmp,1591912440,2020-06-11 21:54:00+00:00
119591882,jinan-telecom,wuhan-telecom,46.1469,0.0,icmp,1591912560,2020-06-11 21:56:00+00:00
119592129,jinan-telecom,wuhan-telecom,39.343,0.0,icmp,1591912699,2020-06-11 21:58:19+00:00
119592343,jinan-telecom,wuhan-telecom,46.6032,0.0,icmp,1591912800,2020-06-11 22:00:00+00:00
119592581,jinan-telecom,wuhan-telecom,46.3379,0.0,icmp,1591912920,2020-06-11 22:02:00+00:00
119592823,jinan-telecom,wuhan-telecom,39.5429,0.0,icmp,1591912999,2020-06-11 22:03:19+00:00
119593071,jinan-telecom,wuhan-telecom,46.7715,0.0,icmp,1591913160,2020-06-11 22:06:00+00:00
119593264,jinan-telecom,wuhan-telecom,39.4641,0.0,icmp,1591913224,2020-06-11 22:07:04+00:00
119593487,jinan-telecom,wuhan-telecom,43.1094,0.0,icmp,1591913400,2020-06-11 22:10:00+00:00
119593738,jinan-telecom,wuhan-telecom,48.1826,0.0,icmp,1591913520,2020-06-11 22:12:00+00:00
119593958,jinan-telecom,wuhan-telecom,48.0566,0.0,icmp,1591913640,2020-06-11 22:14:00+00:00
119594200,jinan-telecom,wuhan-telecom,39.3153,0.0,icmp,1591913719,2020-06-11 22:15:19+00:00
119594432,jinan-telecom,wuhan-telecom,48.6073,0.0,icmp,1591913880,2020-06-11 22:18:00+00:00
119594640,jinan-telecom,wuhan-telecom,43.918,0.0,icmp,1591914000,2020-06-11 22:20:00+00:00
119594881,jinan-telecom,wuhan-telecom,43.5005,0.0,icmp,1591914120,2020-06-11 22:22:00+00:00
119595097,jinan-telecom,wuhan-telecom,47.0081,0.0,icmp,1591914240,2020-06-11 22:24:00+00:00
119595325,jinan-telecom,wuhan-telecom,47.9302,0.0,icmp,1591914360,2020-06-11 22:26:00+00:00
119595562,jinan-telecom,wuhan-telecom,47.2402,0.0,icmp,1591914480,2020-06-11 22:28:00+00:00
119595784,jinan-telecom,wuhan-telecom,45.976,0.0,icmp,1591914600,2020-06-11 22:30:00+00:00
119596035,jinan-telecom,wuhan-telecom,45.4664,0.0,icmp,1591914720,2020-06-11 22:32:00+00:00
119596268,jinan-telecom,wuhan-telecom,43.4087,0.0,icmp,1591914840,2020-06-11 22:34:00+00:00
119596474,jinan-telecom,wuhan-telecom,46.8785,0.0,icmp,1591914960,2020-06-11 22:36:00+00:00
119596708,jinan-telecom,wuhan-telecom,39.3197,0.0,icmp,1591915039,2020-06-11 22:37:19+00:00
119596952,jinan-telecom,wuhan-telecom,39.3439,0.0,icmp,1591915159,2020-06-11 22:39:19+00:00
119597168,jinan-telecom,wuhan-telecom,46.2112,0.0,icmp,1591915320,2020-06-11 22:42:00+00:00
119597394,jinan-telecom,wuhan-telecom,44.9382,0.0,icmp,1591915440,2020-06-11 22:44:00+00:00
119597630,jinan-telecom,wuhan-telecom,39.3622,0.0,icmp,1591915579,2020-06-11 22:46:19+00:00
119597849,jinan-telecom,wuhan-telecom,45.0379,0.0,icmp,1591915680,2020-06-11 22:48:00+00:00
119598094,jinan-telecom,wuhan-telecom,39.3165,0.0,icmp,1591915759,2020-06-11 22:49:19+00:00
119598324,jinan-telecom,wuhan-telecom,48.4082,0.0,icmp,1591915920,2020-06-11 22:52:00+00:00
119598536,jinan-telecom,wuhan-telecom,46.226,0.0,icmp,1591916040,2020-06-11 22:54:00+00:00
119598759,jinan-telecom,wuhan-telecom,40.8846,0.0,icmp,1591916160,2020-06-11 22:56:00+00:00
119598986,jinan-telecom,wuhan-telecom,40.9721,0.0,icmp,1591916280,2020-06-11 22:58:00+00:00
119599229,jinan-telecom,wuhan-telecom,44.6305,0.0,icmp,1591916400,2020-06-11 23:00:00+00:00
119599466,jinan-telecom,wuhan-telecom,44.112,0.0,icmp,1591916520,2020-06-11 23:02:00+00:00
119599678,jinan-telecom,wuhan-telecom,44.468,0.0,icmp,1591916640,2020-06-11 23:04:00+00:00
119599923,jinan-telecom,wuhan-telecom,42.3301,0.0,icmp,1591916760,2020-06-11 23:06:00+00:00
119600147,jinan-telecom,wuhan-telecom,42.8394,0.0,icmp,1591916880,2020-06-11 23:08:00+00:00
119600367,jinan-telecom,wuhan-telecom,39.3315,0.0,icmp,1591916959,2020-06-11 23:09:19+00:00
119600613,jinan-telecom,wuhan-telecom,45.5402,0.0,icmp,1591917120,2020-06-11 23:12:00+00:00
119600819,jinan-telecom,wuhan-telecom,47.7105,0.0,icmp,1591917240,2020-06-11 23:14:00+00:00
119601059,jinan-telecom,wuhan-telecom,45.6283,0.0,icmp,1591917360,2020-06-11 23:16:00+00:00
119601282,jinan-telecom,wuhan-telecom,47.3899,0.0,icmp,1591917480,2020-06-11 23:18:00+00:00
119601529,jinan-telecom,wuhan-telecom,39.3025,0.0,icmp,1591917619,2020-06-11 23:20:19+00:00
119601748,jinan-telecom,wuhan-telecom,46.6527,0.0,icmp,1591917720,2020-06-11 23:22:00+00:00
119601964,jinan-telecom,wuhan-telecom,48.3567,0.0,icmp,1591917840,2020-06-11 23:24:00+00:00
119602192,jinan-telecom,wuhan-telecom,47.7775,0.0,icmp,1591917960,2020-06-11 23:26:00+00:00
119602419,jinan-telecom,wuhan-telecom,39.3535,0.0,icmp,1591918099,2020-06-11 23:28:19+00:00
119602665,jinan-telecom,wuhan-telecom,46.8738,0.0,icmp,1591918200,2020-06-11 23:30:00+00:00
119602890,jinan-telecom,wuhan-telecom,44.4583,0.0,icmp,1591918320,2020-06-11 23:32:00+00:00
119603141,jinan-telecom,wuhan-telecom,46.0829,0.0,icmp,1591918440,2020-06-11 23:34:00+00:00
119603372,jinan-telecom,wuhan-telecom,46.7224,0.0,icmp,1591918560,2020-06-11 23:36:00+00:00
119603577,jinan-telecom,wuhan-telecom,39.6487,0.0,icmp,1591918699,2020-06-11 23:38:19+00:00
119603810,jinan-telecom,wuhan-telecom,48.3171,0.0,icmp,1591918800,2020-06-11 23:40:00+00:00
119604023,jinan-telecom,wuhan-telecom,47.0567,0.0,icmp,1591918920,2020-06-11 23:42:00+00:00
119604278,jinan-telecom,wuhan-telecom,39.3869,0.0,icmp,1591918999,2020-06-11 23:43:19+00:00
119604506,jinan-telecom,wuhan-telecom,44.9689,0.0,icmp,1591919160,2020-06-11 23:46:00+00:00
119604721,jinan-telecom,wuhan-telecom,47.3266,0.0,icmp,1591919280,2020-06-11 23:48:00+00:00
119604938,jinan-telecom,wuhan-telecom,39.9066,0.0,icmp,1591919419,2020-06-11 23:50:19+00:00
119605177,jinan-telecom,wuhan-telecom,46.7711,0.0,icmp,1591919520,2020-06-11 23:52:00+00:00
119605422,jinan-telecom,wuhan-telecom,47.4219,0.0,icmp,1591919640,2020-06-11 23:54:00+00:00
119605648,jinan-telecom,wuhan-telecom,43.6411,0.0,icmp,1591919760,2020-06-11 23:56:00+00:00
119605862,jinan-telecom,wuhan-telecom,39.3676,0.0,icmp,1591919899,2020-06-11 23:58:19+00:00
119606092,jinan-telecom,wuhan-telecom,45.6572,0.0,icmp,1591920000,2020-06-12 00:00:00+00:00
119606337,jinan-telecom,wuhan-telecom,39.3209,0.0,icmp,1591920079,2020-06-12 00:01:19+00:00
119606560,jinan-telecom,wuhan-telecom,40.7777,0.0,icmp,1591920240,2020-06-12 00:04:00+00:00
119606796,jinan-telecom,wuhan-telecom,47.6987,0.0,icmp,1591920360,2020-06-12 00:06:00+00:00
119607028,jinan-telecom,wuhan-telecom,39.3284,0.0,icmp,1591920439,2020-06-12 00:07:19+00:00
119607240,jinan-telecom,wuhan-telecom,39.355,0.0,icmp,1591920619,2020-06-12 00:10:19+00:00
119607479,jinan-telecom,wuhan-telecom,45.3827,0.0,icmp,1591920720,2020-06-12 00:12:00+00:00
119607695,jinan-telecom,wuhan-telecom,47.9834,0.0,icmp,1591920840,2020-06-12 00:14:00+00:00
119607926,jinan-telecom,wuhan-telecom,47.9174,0.0,icmp,1591920960,2020-06-12 00:16:00+00:00
119608147,jinan-telecom,wuhan-telecom,47.0804,0.0,icmp,1591921080,2020-06-12 00:18:00+00:00
119608396,jinan-telecom,wuhan-telecom,45.4764,0.0,icmp,1591921200,2020-06-12 00:20:00+00:00
119608621,jinan-telecom,wuhan-telecom,46.1781,0.0,icmp,1591921320,2020-06-12 00:22:00+00:00
119608849,jinan-telecom,wuhan-telecom,48.5979,0.0,icmp,1591921440,2020-06-12 00:24:00+00:00
119609075,jinan-telecom,wuhan-telecom,39.6287,0.0,icmp,1591921505,2020-06-12 00:25:05+00:00
119609305,jinan-telecom,wuhan-telecom,45.372,0.0,icmp,1591921680,2020-06-12 00:28:00+00:00
119609522,jinan-telecom,wuhan-telecom,40.3385,0.0,icmp,1591921805,2020-06-12 00:30:05+00:00
119609765,jinan-telecom,wuhan-telecom,46.3373,0.0,icmp,1591921920,2020-06-12 00:32:00+00:00
119610005,jinan-telecom,wuhan-telecom,46.3606,0.0,icmp,1591922040,2020-06-12 00:34:00+00:00
119610206,jinan-telecom,wuhan-telecom,49.0215,0.0,icmp,1591922160,2020-06-12 00:36:00+00:00
119610441,jinan-telecom,wuhan-telecom,46.3608,0.0,icmp,1591922280,2020-06-12 00:38:00+00:00
119610679,jinan-telecom,wuhan-telecom,48.1216,0.0,icmp,1591922400,2020-06-12 00:40:00+00:00
119610912,jinan-telecom,wuhan-telecom,45.5095,0.0,icmp,1591922520,2020-06-12 00:42:00+00:00
119611137,jinan-telecom,wuhan-telecom,46.5543,0.0,icmp,1591922640,2020-06-12 00:44:00+00:00
119611358,jinan-telecom,wuhan-telecom,47.0523,0.0,icmp,1591922760,2020-06-12 00:46:00+00:00
119611586,jinan-telecom,wuhan-telecom,47.3966,0.0,icmp,1591922880,2020-06-12 00:48:00+00:00
119611814,jinan-telecom,wuhan-telecom,39.3551,0.0,icmp,1591922959,2020-06-12 00:49:19+00:00
119612067,jinan-telecom,wuhan-telecom,39.4753,0.0,icmp,1591923066,2020-06-12 00:51:06+00:00
119612281,jinan-telecom,wuhan-telecom,45.7122,0.0,icmp,1591923240,2020-06-12 00:54:00+00:00
119612520,jinan-telecom,wuhan-telecom,48.7831,0.0,icmp,1591923360,2020-06-12 00:56:00+00:00
119612736,jinan-telecom,wuhan-telecom,46.222,0.0,icmp,1591923480,2020-06-12 00:58:00+00:00
119612958,jinan-telecom,wuhan-telecom,47.3683,0.0,icmp,1591923600,2020-06-12 01:00:00+00:00
119613211,jinan-telecom,wuhan-telecom,47.2735,0.0,icmp,1591923720,2020-06-12 01:02:00+00:00
119613449,jinan-telecom,wuhan-telecom,39.434,0.0,icmp,1591923799,2020-06-12 01:03:19+00:00
119613672,jinan-telecom,wuhan-telecom,47.7682,0.0,icmp,1591923960,2020-06-12 01:06:00+00:00
119613894,jinan-telecom,wuhan-telecom,39.4927,0.0,icmp,1591924039,2020-06-12 01:07:19+00:00
119614114,jinan-telecom,wuhan-telecom,45.7807,0.0,icmp,1591924200,2020-06-12 01:10:00+00:00
119614335,jinan-telecom,wuhan-telecom,47.0559,0.0,icmp,1591924320,2020-06-12 01:12:00+00:00
119614585,jinan-telecom,wuhan-telecom,48.3185,0.0,icmp,1591924440,2020-06-12 01:14:00+00:00
119614823,jinan-telecom,wuhan-telecom,45.2129,0.0,icmp,1591924560,2020-06-12 01:16:00+00:00
119615025,jinan-telecom,wuhan-telecom,48.6934,0.0,icmp,1591924680,2020-06-12 01:18:00+00:00
119615259,jinan-telecom,wuhan-telecom,39.3238,0.0,icmp,1591924759,2020-06-12 01:19:19+00:00
119615474,jinan-telecom,wuhan-telecom,39.3093,0.0,icmp,1591924939,2020-06-12 01:22:19+00:00
119615707,jinan-telecom,wuhan-telecom,48.865,0.0,icmp,1591925040,2020-06-12 01:24:00+00:00
119615937,jinan-telecom,wuhan-telecom,39.356,0.0,icmp,1591925119,2020-06-12 01:25:19+00:00
119616177,jinan-telecom,wuhan-telecom,39.3608,0.0,icmp,1591925239,2020-06-12 01:27:19+00:00
119616417,jinan-telecom,wuhan-telecom,39.4074,0.0,icmp,1591925359,2020-06-12 01:29:19+00:00
119616641,jinan-telecom,wuhan-telecom,39.4176,0.0,icmp,1591925465,2020-06-12 01:31:05+00:00
119616851,jinan-telecom,wuhan-telecom,39.3501,0.0,icmp,1591925659,2020-06-12 01:34:19+00:00
119617076,jinan-telecom,wuhan-telecom,45.1859,0.0,icmp,1591925760,2020-06-12 01:36:00+00:00
119617311,jinan-telecom,wuhan-telecom,39.4448,0.0,icmp,1591925839,2020-06-12 01:37:19+00:00
119617542,jinan-telecom,wuhan-telecom,45.6351,0.0,icmp,1591926000,2020-06-12 01:40:00+00:00
119617758,jinan-telecom,wuhan-telecom,47.0361,0.0,icmp,1591926120,2020-06-12 01:42:00+00:00
119618018,jinan-telecom,wuhan-telecom,46.6223,0.0,icmp,1591926240,2020-06-12 01:44:00+00:00
119618242,jinan-telecom,wuhan-telecom,46.6629,0.0,icmp,1591926360,2020-06-12 01:46:00+00:00
119618461,jinan-telecom,wuhan-telecom,39.3164,0.0,icmp,1591926439,2020-06-12 01:47:19+00:00
119618705,jinan-telecom,wuhan-telecom,39.3435,0.0,icmp,1591926619,2020-06-12 01:50:19+00:00
119618921,jinan-telecom,wuhan-telecom,45.5564,0.0,icmp,1591926720,2020-06-12 01:52:00+00:00
119619157,jinan-telecom,wuhan-telecom,47.6511,0.0,icmp,1591926840,2020-06-12 01:54:00+00:00
119619372,jinan-telecom,wuhan-telecom,39.3663,0.0,icmp,1591926919,2020-06-12 01:55:19+00:00
119619615,jinan-telecom,wuhan-telecom,43.9451,0.0,icmp,1591927080,2020-06-12 01:58:00+00:00
119619833,jinan-telecom,wuhan-telecom,44.5236,0.0,icmp,1591927200,2020-06-12 02:00:00+00:00
119620070,jinan-telecom,wuhan-telecom,48.4744,0.0,icmp,1591927320,2020-06-12 02:02:00+00:00
119620295,jinan-telecom,wuhan-telecom,45.9266,0.0,icmp,1591927440,2020-06-12 02:04:00+00:00
119620534,jinan-telecom,wuhan-telecom,46.3745,0.0,icmp,1591927560,2020-06-12 02:06:00+00:00
119620740,jinan-telecom,wuhan-telecom,46.5777,0.0,icmp,1591927680,2020-06-12 02:08:00+00:00
119620974,jinan-telecom,wuhan-telecom,45.4678,0.0,icmp,1591927800,2020-06-12 02:10:00+00:00
119621211,jinan-telecom,wuhan-telecom,39.3745,0.0,icmp,1591927939,2020-06-12 02:12:19+00:00
119621435,jinan-telecom,wuhan-telecom,39.6179,0.0,icmp,1591928059,2020-06-12 02:14:19+00:00
119621676,jinan-telecom,wuhan-telecom,47.7019,0.0,icmp,1591928160,2020-06-12 02:16:00+00:00
119621893,jinan-telecom,wuhan-telecom,48.6158,0.0,icmp,1591928280,2020-06-12 02:18:00+00:00
119622130,jinan-telecom,wuhan-telecom,39.5387,0.0,icmp,1591928419,2020-06-12 02:20:19+00:00
119622367,jinan-telecom,wuhan-telecom,45.2986,0.0,icmp,1591928520,2020-06-12 02:22:00+00:00
119622576,jinan-telecom,wuhan-telecom,39.3517,0.0,icmp,1591928659,2020-06-12 02:24:19+00:00
119622794,jinan-telecom,wuhan-telecom,45.5697,0.0,icmp,1591928760,2020-06-12 02:26:00+00:00
119623052,jinan-telecom,wuhan-telecom,46.2032,0.0,icmp,1591928880,2020-06-12 02:28:00+00:00
119623273,jinan-telecom,wuhan-telecom,39.5891,0.0,icmp,1591929019,2020-06-12 02:30:19+00:00
119623492,jinan-telecom,wuhan-telecom,44.9923,0.0,icmp,1591929120,2020-06-12 02:32:00+00:00
119623737,jinan-telecom,wuhan-telecom,39.4348,0.0,icmp,1591929259,2020-06-12 02:34:19+00:00
119623960,jinan-telecom,wuhan-telecom,47.0579,0.0,icmp,1591929360,2020-06-12 02:36:00+00:00
119624195,jinan-telecom,wuhan-telecom,39.5744,0.0,icmp,1591929499,2020-06-12 02:38:19+00:00
119624400,jinan-telecom,wuhan-telecom,52.7076,0.0,icmp,1591929600,2020-06-12 02:40:00+00:00
119624640,jinan-telecom,wuhan-telecom,39.4403,0.0,icmp,1591929739,2020-06-12 02:42:19+00:00
119624869,jinan-telecom,wuhan-telecom,51.2137,0.0,icmp,1591929840,2020-06-12 02:44:00+00:00
119625118,jinan-telecom,wuhan-telecom,42.931,0.0,icmp,1591929960,2020-06-12 02:46:00+00:00
119625339,jinan-telecom,wuhan-telecom,44.4207,0.0,icmp,1591930080,2020-06-12 02:48:00+00:00
119625564,jinan-telecom,wuhan-telecom,46.185,0.0,icmp,1591930200,2020-06-12 02:50:00+00:00
123971638,jinan-telecom,wuhan-telecom,48.721,0.0,icmp,1592053980,2020-06-13 13:13:00+00:00
123971870,jinan-telecom,wuhan-telecom,46.6004,0.0,icmp,1592054100,2020-06-13 13:15:00+00:00
123972092,jinan-telecom,wuhan-telecom,47.2122,0.0,icmp,1592054220,2020-06-13 13:17:00+00:00
123972313,jinan-telecom,wuhan-telecom,39.7838,0.0,icmp,1592054299,2020-06-13 13:18:19+00:00
123972545,jinan-telecom,wuhan-telecom,47.8603,0.0,icmp,1592054460,2020-06-13 13:21:00+00:00
123972789,jinan-telecom,wuhan-telecom,47.2618,0.0,icmp,1592054580,2020-06-13 13:23:00+00:00
123973003,jinan-telecom,wuhan-telecom,49.1326,0.0,icmp,1592054700,2020-06-13 13:25:00+00:00
123973245,jinan-telecom,wuhan-telecom,39.5427,0.0,icmp,1592054765,2020-06-13 13:26:05+00:00
123973450,jinan-telecom,wuhan-telecom,47.4919,0.0,icmp,1592054940,2020-06-13 13:29:00+00:00
123973688,jinan-telecom,wuhan-telecom,39.3365,0.0,icmp,1592055079,2020-06-13 13:31:19+00:00
123973917,jinan-telecom,wuhan-telecom,41.3035,0.0,icmp,1592055180,2020-06-13 13:33:00+00:00
123974142,jinan-telecom,wuhan-telecom,46.9925,0.0,icmp,1592055300,2020-06-13 13:35:00+00:00
123974393,jinan-telecom,wuhan-telecom,48.3633,0.0,icmp,1592055420,2020-06-13 13:37:00+00:00
123974607,jinan-telecom,wuhan-telecom,46.3837,0.0,icmp,1592055540,2020-06-13 13:39:00+00:00
123974830,jinan-telecom,wuhan-telecom,39.3151,0.0,icmp,1592055619,2020-06-13 13:40:19+00:00
123975070,jinan-telecom,wuhan-telecom,50.7689,0.0,icmp,1592055780,2020-06-13 13:43:00+00:00
123975288,jinan-telecom,wuhan-telecom,46.1093,0.0,icmp,1592055900,2020-06-13 13:45:00+00:00
123975517,jinan-telecom,wuhan-telecom,39.3561,0.0,icmp,1592056039,2020-06-13 13:47:19+00:00
123975763,jinan-telecom,wuhan-telecom,48.1355,0.0,icmp,1592056140,2020-06-13 13:49:00+00:00
123975983,jinan-telecom,wuhan-telecom,45.4156,0.0,icmp,1592056260,2020-06-13 13:51:00+00:00
123976225,jinan-telecom,wuhan-telecom,46.6568,0.0,icmp,1592056380,2020-06-13 13:53:00+00:00
123976442,jinan-telecom,wuhan-telecom,46.4304,0.0,icmp,1592056500,2020-06-13 13:55:00+00:00
123976660,jinan-telecom,wuhan-telecom,49.4633,0.0,icmp,1592056620,2020-06-13 13:57:00+00:00
123976888,jinan-telecom,wuhan-telecom,39.3694,0.0,icmp,1592056759,2020-06-13 13:59:19+00:00
123977132,jinan-telecom,wuhan-telecom,48.0854,0.0,icmp,1592056860,2020-06-13 14:01:00+00:00
123977364,jinan-telecom,wuhan-telecom,46.0504,0.0,icmp,1592056980,2020-06-13 14:03:00+00:00
123977602,jinan-telecom,wuhan-telecom,39.4144,0.0,icmp,1592057119,2020-06-13 14:05:19+00:00
123977807,jinan-telecom,wuhan-telecom,46.4496,0.0,icmp,1592057220,2020-06-13 14:07:00+00:00
123978032,jinan-telecom,wuhan-telecom,46.8517,0.0,icmp,1592057340,2020-06-13 14:09:00+00:00
123978280,jinan-telecom,wuhan-telecom,39.4758,0.0,icmp,1592057479,2020-06-13 14:11:19+00:00
123978498,jinan-telecom,wuhan-telecom,40.3102,0.0,icmp,1592057580,2020-06-13 14:13:00+00:00
123978716,jinan-telecom,wuhan-telecom,46.5933,0.0,icmp,1592057700,2020-06-13 14:15:00+00:00
123978967,jinan-telecom,wuhan-telecom,48.3333,0.0,icmp,1592057820,2020-06-13 14:17:00+00:00
123979177,jinan-telecom,wuhan-telecom,39.3393,0.0,icmp,1592057899,2020-06-13 14:18:19+00:00
123979407,jinan-telecom,wuhan-telecom,48.0059,0.0,icmp,1592058060,2020-06-13 14:21:00+00:00
123979660,jinan-telecom,wuhan-telecom,45.3744,0.0,icmp,1592058180,2020-06-13 14:23:00+00:00
123979885,jinan-telecom,wuhan-telecom,48.0806,0.0,icmp,1592058300,2020-06-13 14:25:00+00:00
123980133,jinan-telecom,wuhan-telecom,39.5203,0.0,icmp,1592058379,2020-06-13 14:26:19+00:00
123980349,jinan-telecom,wuhan-telecom,48.7734,0.0,icmp,1592058540,2020-06-13 14:29:00+00:00
123980561,jinan-telecom,wuhan-telecom,39.4912,0.0,icmp,1592058619,2020-06-13 14:30:19+00:00
123980805,jinan-telecom,wuhan-telecom,39.2965,0.0,icmp,1592058739,2020-06-13 14:32:19+00:00
123981022,jinan-telecom,wuhan-telecom,45.3388,0.0,icmp,1592058900,2020-06-13 14:35:00+00:00
123981256,jinan-telecom,wuhan-telecom,46.3028,0.0,icmp,1592059020,2020-06-13 14:37:00+00:00
123981495,jinan-telecom,wuhan-telecom,47.9546,0.0,icmp,1592059140,2020-06-13 14:39:00+00:00
123981701,jinan-telecom,wuhan-telecom,46.9984,0.0,icmp,1592059260,2020-06-13 14:41:00+00:00
123981939,jinan-telecom,wuhan-telecom,39.4172,0.0,icmp,1592059399,2020-06-13 14:43:19+00:00
123982161,jinan-telecom,wuhan-telecom,46.4201,0.0,icmp,1592059500,2020-06-13 14:45:00+00:00
123982396,jinan-telecom,wuhan-telecom,47.3242,0.0,icmp,1592059620,2020-06-13 14:47:00+00:00
123982618,jinan-telecom,wuhan-telecom,39.3542,0.0,icmp,1592059759,2020-06-13 14:49:19+00:00
123982883,jinan-telecom,wuhan-telecom,39.3231,0.0,icmp,1592059879,2020-06-13 14:51:19+00:00
123983093,jinan-telecom,wuhan-telecom,46.9622,0.0,icmp,1592059980,2020-06-13 14:53:00+00:00
123983295,jinan-telecom,wuhan-telecom,39.3114,0.0,icmp,1592060119,2020-06-13 14:55:19+00:00
123983537,jinan-telecom,wuhan-telecom,39.5842,0.0,icmp,1592060220,2020-06-13 14:57:00+00:00
123983774,jinan-telecom,wuhan-telecom,47.3606,0.0,icmp,1592060340,2020-06-13 14:59:00+00:00
123984043,jinan-telecom,wuhan-telecom,45.8426,0.0,icmp,1592060460,2020-06-13 15:01:00+00:00
123984226,jinan-telecom,wuhan-telecom,48.6723,0.0,icmp,1592060580,2020-06-13 15:03:00+00:00
123984449,jinan-telecom,wuhan-telecom,42.1944,0.0,icmp,1592060700,2020-06-13 15:05:00+00:00
123984698,jinan-telecom,wuhan-telecom,39.3782,0.0,icmp,1592060779,2020-06-13 15:06:19+00:00
123984919,jinan-telecom,wuhan-telecom,48.8927,0.0,icmp,1592060940,2020-06-13 15:09:00+00:00
123985156,jinan-telecom,wuhan-telecom,39.3816,0.0,icmp,1592061019,2020-06-13 15:10:19+00:00
123985385,jinan-telecom,wuhan-telecom,46.7589,0.0,icmp,1592061180,2020-06-13 15:13:00+00:00
123985609,jinan-telecom,wuhan-telecom,47.4068,0.0,icmp,1592061300,2020-06-13 15:15:00+00:00
123985835,jinan-telecom,wuhan-telecom,44.7692,0.0,icmp,1592061420,2020-06-13 15:17:00+00:00
123986075,jinan-telecom,wuhan-telecom,46.3845,0.0,icmp,1592061540,2020-06-13 15:19:00+00:00
123986290,jinan-telecom,wuhan-telecom,47.4527,0.0,icmp,1592061660,2020-06-13 15:21:00+00:00
123986518,jinan-telecom,wuhan-telecom,39.4346,0.0,icmp,1592061739,2020-06-13 15:22:19+00:00
123986742,jinan-telecom,wuhan-telecom,45.5963,0.0,icmp,1592061900,2020-06-13 15:25:00+00:00
123986974,jinan-telecom,wuhan-telecom,44.9129,0.0,icmp,1592062020,2020-06-13 15:27:00+00:00
123987209,jinan-telecom,wuhan-telecom,47.5834,0.0,icmp,1592062140,2020-06-13 15:29:00+00:00
123987440,jinan-telecom,wuhan-telecom,39.3829,0.0,icmp,1592062219,2020-06-13 15:30:19+00:00
123987652,jinan-telecom,wuhan-telecom,48.0647,0.0,icmp,1592062380,2020-06-13 15:33:00+00:00
123987877,jinan-telecom,wuhan-telecom,46.1764,0.0,icmp,1592062500,2020-06-13 15:35:00+00:00
123988125,jinan-telecom,wuhan-telecom,47.0355,0.0,icmp,1592062620,2020-06-13 15:37:00+00:00
123988348,jinan-telecom,wuhan-telecom,47.3228,0.0,icmp,1592062740,2020-06-13 15:39:00+00:00
123988586,jinan-telecom,wuhan-telecom,46.5275,0.0,icmp,1592062860,2020-06-13 15:41:00+00:00
123988800,jinan-telecom,wuhan-telecom,39.3673,0.0,icmp,1592062999,2020-06-13 15:43:19+00:00
123989047,jinan-telecom,wuhan-telecom,48.8398,0.0,icmp,1592063100,2020-06-13 15:45:00+00:00
123989261,jinan-telecom,wuhan-telecom,39.3751,0.0,icmp,1592063239,2020-06-13 15:47:19+00:00
123989482,jinan-telecom,wuhan-telecom,46.0666,0.0,icmp,1592063340,2020-06-13 15:49:00+00:00
123989712,jinan-telecom,wuhan-telecom,46.4776,0.0,icmp,1592063460,2020-06-13 15:51:00+00:00
123989948,jinan-telecom,wuhan-telecom,44.0815,0.0,icmp,1592063580,2020-06-13 15:53:00+00:00
123990187,jinan-telecom,wuhan-telecom,47.1471,0.0,icmp,1592063700,2020-06-13 15:55:00+00:00
123990410,jinan-telecom,wuhan-telecom,39.4138,0.0,icmp,1592063839,2020-06-13 15:57:19+00:00
123990628,jinan-telecom,wuhan-telecom,46.652,0.0,icmp,1592063940,2020-06-13 15:59:00+00:00
123990889,jinan-telecom,wuhan-telecom,49.0066,0.0,icmp,1592064060,2020-06-13 16:01:00+00:00
123991090,jinan-telecom,wuhan-telecom,47.3058,21.0,icmp,1592064180,2020-06-13 16:03:00+00:00
123991319,jinan-telecom,wuhan-telecom,139.4084,9.0,icmp,1592064300,2020-06-13 16:05:00+00:00
123991543,jinan-telecom,wuhan-telecom,139.3793,11.0,icmp,1592064439,2020-06-13 16:07:19+00:00
123991779,jinan-telecom,wuhan-telecom,139.4631,17.0,icmp,1592064540,2020-06-13 16:09:00+00:00
123992015,jinan-telecom,wuhan-telecom,139.4091,10.0,icmp,1592064619,2020-06-13 16:10:19+00:00
123992235,jinan-telecom,wuhan-telecom,139.395,14.0,icmp,1592064799,2020-06-13 16:13:19+00:00
123992466,jinan-telecom,wuhan-telecom,139.3913,13.0,icmp,1592064900,2020-06-13 16:15:00+00:00
123992696,jinan-telecom,wuhan-telecom,141.9401,6.0,icmp,1592064970,2020-06-13 16:16:10+00:00
123992942,jinan-telecom,wuhan-telecom,139.5254,9.0,icmp,1592065085,2020-06-13 16:18:05+00:00
123993153,jinan-telecom,wuhan-telecom,139.4599,11.0,icmp,1592065260,2020-06-13 16:21:00+00:00
123993382,jinan-telecom,wuhan-telecom,139.4431,9.0,icmp,1592065380,2020-06-13 16:23:00+00:00
123993623,jinan-telecom,wuhan-telecom,139.4696,11.0,icmp,1592065500,2020-06-13 16:25:00+00:00
123993864,jinan-telecom,wuhan-telecom,139.3783,18.0,icmp,1592065620,2020-06-13 16:27:00+00:00
123994066,jinan-telecom,wuhan-telecom,139.4159,17.0,icmp,1592065740,2020-06-13 16:29:00+00:00
123994305,jinan-telecom,wuhan-telecom,139.3169,8.0,icmp,1592065819,2020-06-13 16:30:19+00:00
123994530,jinan-telecom,wuhan-telecom,139.3696,10.0,icmp,1592065980,2020-06-13 16:33:00+00:00
123994733,jinan-telecom,wuhan-telecom,139.2919,3.0,icmp,1592066119,2020-06-13 16:35:19+00:00
123994996,jinan-telecom,wuhan-telecom,139.3453,6.0,icmp,1592066220,2020-06-13 16:37:00+00:00
123995223,jinan-telecom,wuhan-telecom,139.302,9.0,icmp,1592066359,2020-06-13 16:39:19+00:00
123995476,jinan-telecom,wuhan-telecom,139.3855,7.0,icmp,1592066460,2020-06-13 16:41:00+00:00
123995678,jinan-telecom,wuhan-telecom,139.3171,3.0,icmp,1592066580,2020-06-13 16:43:00+00:00
123995894,jinan-telecom,wuhan-telecom,139.3951,3.0,icmp,1592066700,2020-06-13 16:45:00+00:00
123996122,jinan-telecom,wuhan-telecom,139.4009,3.0,icmp,1592066820,2020-06-13 16:47:00+00:00
123996373,jinan-telecom,wuhan-telecom,139.2783,8.0,icmp,1592066940,2020-06-13 16:49:00+00:00
123996580,jinan-telecom,wuhan-telecom,139.1852,4.0,icmp,1592067065,2020-06-13 16:51:05+00:00
123996829,jinan-telecom,wuhan-telecom,139.3753,9.0,icmp,1592067180,2020-06-13 16:53:00+00:00
123997042,jinan-telecom,wuhan-telecom,142.921,8.0,icmp,1592067310,2020-06-13 16:55:10+00:00
123997270,jinan-telecom,wuhan-telecom,139.0778,10.0,icmp,1592067420,2020-06-13 16:57:00+00:00
123997501,jinan-telecom,wuhan-telecom,139.3931,3.0,icmp,1592067540,2020-06-13 16:59:00+00:00
123997740,jinan-telecom,wuhan-telecom,139.2228,8.0,icmp,1592067679,2020-06-13 17:01:19+00:00
123997967,jinan-telecom,wuhan-telecom,139.2715,8.0,icmp,1592067780,2020-06-13 17:03:00+00:00
123998191,jinan-telecom,wuhan-telecom,139.3369,7.0,icmp,1592067900,2020-06-13 17:05:00+00:00
123998413,jinan-telecom,wuhan-telecom,139.4576,2.0,icmp,1592068020,2020-06-13 17:07:00+00:00
123998667,jinan-telecom,wuhan-telecom,139.3215,5.0,icmp,1592068140,2020-06-13 17:09:00+00:00
123998880,jinan-telecom,wuhan-telecom,139.2601,6.0,icmp,1592068260,2020-06-13 17:11:00+00:00
123999103,jinan-telecom,wuhan-telecom,139.3734,2.0,icmp,1592068380,2020-06-13 17:13:00+00:00
123999329,jinan-telecom,wuhan-telecom,139.2032,4.0,icmp,1592068459,2020-06-13 17:14:19+00:00
123999582,jinan-telecom,wuhan-telecom,133.3803,0.0,icmp,1592068620,2020-06-13 17:17:00+00:00
123999804,jinan-telecom,wuhan-telecom,133.877,0.0,icmp,1592068740,2020-06-13 17:19:00+00:00
124000025,jinan-telecom,wuhan-telecom,132.3453,0.0,icmp,1592068819,2020-06-13 17:20:19+00:00
124000245,jinan-telecom,wuhan-telecom,134.0304,0.0,icmp,1592068980,2020-06-13 17:23:00+00:00
124000493,jinan-telecom,wuhan-telecom,132.9108,0.0,icmp,1592069100,2020-06-13 17:25:00+00:00
124000708,jinan-telecom,wuhan-telecom,117.6595,0.0,icmp,1592069239,2020-06-13 17:27:19+00:00
124000946,jinan-telecom,wuhan-telecom,97.4737,0.0,icmp,1592069340,2020-06-13 17:29:00+00:00
124001168,jinan-telecom,wuhan-telecom,60.0868,0.0,icmp,1592069460,2020-06-13 17:31:00+00:00
124001408,jinan-telecom,wuhan-telecom,134.194,4.0,icmp,1592069580,2020-06-13 17:33:00+00:00
124001646,jinan-telecom,wuhan-telecom,53.8906,0.0,icmp,1592069700,2020-06-13 17:35:00+00:00
124001866,jinan-telecom,wuhan-telecom,48.7823,0.0,icmp,1592069820,2020-06-13 17:37:00+00:00
124002077,jinan-telecom,wuhan-telecom,51.0469,0.0,icmp,1592069940,2020-06-13 17:39:00+00:00
124002329,jinan-telecom,wuhan-telecom,54.0724,0.0,icmp,1592070060,2020-06-13 17:41:00+00:00
124002538,jinan-telecom,wuhan-telecom,50.5523,0.0,icmp,1592070180,2020-06-13 17:43:00+00:00
124002777,jinan-telecom,wuhan-telecom,41.9656,0.0,icmp,1592070319,2020-06-13 17:45:19+00:00
124003003,jinan-telecom,wuhan-telecom,40.5288,0.0,icmp,1592070439,2020-06-13 17:47:19+00:00
124003249,jinan-telecom,wuhan-telecom,48.2738,0.0,icmp,1592070540,2020-06-13 17:49:00+00:00
124003464,jinan-telecom,wuhan-telecom,49.0588,0.0,icmp,1592070660,2020-06-13 17:51:00+00:00
124003688,jinan-telecom,wuhan-telecom,41.5954,0.0,icmp,1592070780,2020-06-13 17:53:00+00:00
124003934,jinan-telecom,wuhan-telecom,46.3894,0.0,icmp,1592070900,2020-06-13 17:55:00+00:00
124004139,jinan-telecom,wuhan-telecom,47.2071,0.0,icmp,1592071020,2020-06-13 17:57:00+00:00
124004394,jinan-telecom,wuhan-telecom,49.2912,0.0,icmp,1592071140,2020-06-13 17:59:00+00:00
124004618,jinan-telecom,wuhan-telecom,45.0827,0.0,icmp,1592071260,2020-06-13 18:01:00+00:00
124004837,jinan-telecom,wuhan-telecom,39.5751,0.0,icmp,1592071399,2020-06-13 18:03:19+00:00
124005087,jinan-telecom,wuhan-telecom,49.0467,5.0,icmp,1592071500,2020-06-13 18:05:00+00:00
124005310,jinan-telecom,wuhan-telecom,39.5112,0.0,icmp,1592071639,2020-06-13 18:07:19+00:00
124005515,jinan-telecom,wuhan-telecom,47.5584,0.0,icmp,1592071740,2020-06-13 18:09:00+00:00
124005750,jinan-telecom,wuhan-telecom,47.0045,0.0,icmp,1592071860,2020-06-13 18:11:00+00:00
124005980,jinan-telecom,wuhan-telecom,46.0415,0.0,icmp,1592071980,2020-06-13 18:13:00+00:00
124006204,jinan-telecom,wuhan-telecom,49.5549,0.0,icmp,1592072100,2020-06-13 18:15:00+00:00
124006432,jinan-telecom,wuhan-telecom,42.8133,0.0,icmp,1592072220,2020-06-13 18:17:00+00:00
124006682,jinan-telecom,wuhan-telecom,39.3411,0.0,icmp,1592072299,2020-06-13 18:18:19+00:00
124006892,jinan-telecom,wuhan-telecom,46.5221,0.0,icmp,1592072460,2020-06-13 18:21:00+00:00
124007139,jinan-telecom,wuhan-telecom,39.3971,0.0,icmp,1592072599,2020-06-13 18:23:19+00:00
124007359,jinan-telecom,wuhan-telecom,44.2607,0.0,icmp,1592072700,2020-06-13 18:25:00+00:00
124007576,jinan-telecom,wuhan-telecom,45.7341,0.0,icmp,1592072820,2020-06-13 18:27:00+00:00
124007812,jinan-telecom,wuhan-telecom,48.2969,0.0,icmp,1592072940,2020-06-13 18:29:00+00:00
124008048,jinan-telecom,wuhan-telecom,46.4704,0.0,icmp,1592073060,2020-06-13 18:31:00+00:00
124008274,jinan-telecom,wuhan-telecom,46.8942,0.0,icmp,1592073180,2020-06-13 18:33:00+00:00
124008514,jinan-telecom,wuhan-telecom,46.417,0.0,icmp,1592073300,2020-06-13 18:35:00+00:00
124008728,jinan-telecom,wuhan-telecom,47.8944,0.0,icmp,1592073420,2020-06-13 18:37:00+00:00
124008954,jinan-telecom,wuhan-telecom,48.7016,0.0,icmp,1592073540,2020-06-13 18:39:00+00:00
124009200,jinan-telecom,wuhan-telecom,39.3404,0.0,icmp,1592073679,2020-06-13 18:41:19+00:00
124009427,jinan-telecom,wuhan-telecom,49.3631,0.0,icmp,1592073780,2020-06-13 18:43:00+00:00
124009642,jinan-telecom,wuhan-telecom,47.0387,0.0,icmp,1592073900,2020-06-13 18:45:00+00:00
124009884,jinan-telecom,wuhan-telecom,48.1047,0.0,icmp,1592074020,2020-06-13 18:47:00+00:00
124010097,jinan-telecom,wuhan-telecom,48.4091,0.0,icmp,1592074140,2020-06-13 18:49:00+00:00
124010332,jinan-telecom,wuhan-telecom,39.614,0.0,icmp,1592074219,2020-06-13 18:50:19+00:00
124010564,jinan-telecom,wuhan-telecom,39.5,0.0,icmp,1592074339,2020-06-13 18:52:19+00:00
124010779,jinan-telecom,wuhan-telecom,49.5713,0.0,icmp,1592074500,2020-06-13 18:55:00+00:00
124011038,jinan-telecom,wuhan-telecom,48.5901,0.0,icmp,1592074620,2020-06-13 18:57:00+00:00
124011240,jinan-telecom,wuhan-telecom,47.5731,0.0,icmp,1592074740,2020-06-13 18:59:00+00:00
124011480,jinan-telecom,wuhan-telecom,48.4659,0.0,icmp,1592074860,2020-06-13 19:01:00+00:00
124011699,jinan-telecom,wuhan-telecom,39.4073,0.0,icmp,1592074925,2020-06-13 19:02:05+00:00
124011931,jinan-telecom,wuhan-telecom,46.3728,0.0,icmp,1592075100,2020-06-13 19:05:00+00:00
124012160,jinan-telecom,wuhan-telecom,47.5042,0.0,icmp,1592075220,2020-06-13 19:07:00+00:00
124012406,jinan-telecom,wuhan-telecom,44.5288,0.0,icmp,1592075340,2020-06-13 19:09:00+00:00
124012613,jinan-telecom,wuhan-telecom,40.1552,0.0,icmp,1592075460,2020-06-13 19:11:00+00:00
124012846,jinan-telecom,wuhan-telecom,47.6198,0.0,icmp,1592075580,2020-06-13 19:13:00+00:00
124013074,jinan-telecom,wuhan-telecom,46.1842,0.0,icmp,1592075700,2020-06-13 19:15:00+00:00
124013316,jinan-telecom,wuhan-telecom,39.455,0.0,icmp,1592075779,2020-06-13 19:16:19+00:00
124013542,jinan-telecom,wuhan-telecom,47.8435,0.0,icmp,1592075940,2020-06-13 19:19:00+00:00
124013798,jinan-telecom,wuhan-telecom,39.3399,0.0,icmp,1592076019,2020-06-13 19:20:19+00:00
124014002,jinan-telecom,wuhan-telecom,39.3286,0.0,icmp,1592076199,2020-06-13 19:23:19+00:00
124014238,jinan-telecom,wuhan-telecom,39.3616,0.0,icmp,1592076319,2020-06-13 19:25:19+00:00
124014461,jinan-telecom,wuhan-telecom,46.2358,0.0,icmp,1592076420,2020-06-13 19:27:00+00:00
124014680,jinan-telecom,wuhan-telecom,47.4825,0.0,icmp,1592076540,2020-06-13 19:29:00+00:00
124014916,jinan-telecom,wuhan-telecom,45.2583,0.0,icmp,1592076660,2020-06-13 19:31:00+00:00
124015135,jinan-telecom,wuhan-telecom,48.4159,0.0,icmp,1592076780,2020-06-13 19:33:00+00:00
124015362,jinan-telecom,wuhan-telecom,47.7197,0.0,icmp,1592076900,2020-06-13 19:35:00+00:00
124015597,jinan-telecom,wuhan-telecom,47.9353,0.0,icmp,1592077020,2020-06-13 19:37:00+00:00
124015829,jinan-telecom,wuhan-telecom,46.8909,0.0,icmp,1592077140,2020-06-13 19:39:00+00:00
124016068,jinan-telecom,wuhan-telecom,41.7105,0.0,icmp,1592077260,2020-06-13 19:41:00+00:00
124016266,jinan-telecom,wuhan-telecom,47.2674,0.0,icmp,1592077380,2020-06-13 19:43:00+00:00
124016504,jinan-telecom,wuhan-telecom,39.3812,0.0,icmp,1592077519,2020-06-13 19:45:19+00:00
124016750,jinan-telecom,wuhan-telecom,45.7923,0.0,icmp,1592077620,2020-06-13 19:47:00+00:00
124016991,jinan-telecom,wuhan-telecom,39.3568,0.0,icmp,1592077759,2020-06-13 19:49:19+00:00
124017200,jinan-telecom,wuhan-telecom,48.53,0.0,icmp,1592077860,2020-06-13 19:51:00+00:00
124017433,jinan-telecom,wuhan-telecom,39.3332,0.0,icmp,1592077999,2020-06-13 19:53:19+00:00
124017653,jinan-telecom,wuhan-telecom,45.8038,0.0,icmp,1592078100,2020-06-13 19:55:00+00:00
124017904,jinan-telecom,wuhan-telecom,46.9076,0.0,icmp,1592078225,2020-06-13 19:57:05+00:00
124018109,jinan-telecom,wuhan-telecom,46.5669,0.0,icmp,1592078340,2020-06-13 19:59:00+00:00
124018361,jinan-telecom,wuhan-telecom,49.6737,0.0,icmp,1592078460,2020-06-13 20:01:00+00:00
124018568,jinan-telecom,wuhan-telecom,43.3077,0.0,icmp,1592078580,2020-06-13 20:03:00+00:00
124018813,jinan-telecom,wuhan-telecom,39.7426,0.0,icmp,1592078659,2020-06-13 20:04:19+00:00
124019042,jinan-telecom,wuhan-telecom,46.3267,0.0,icmp,1592078820,2020-06-13 20:07:00+00:00
124019288,jinan-telecom,wuhan-telecom,39.3379,0.0,icmp,1592078899,2020-06-13 20:08:19+00:00
124019477,jinan-telecom,wuhan-telecom,45.8553,0.0,icmp,1592079060,2020-06-13 20:11:00+00:00
124019726,jinan-telecom,wuhan-telecom,45.8479,0.0,icmp,1592079180,2020-06-13 20:13:00+00:00
124019954,jinan-telecom,wuhan-telecom,48.7301,0.0,icmp,1592079300,2020-06-13 20:15:00+00:00
124020197,jinan-telecom,wuhan-telecom,46.6663,0.0,icmp,1592079420,2020-06-13 20:17:00+00:00
124020406,jinan-telecom,wuhan-telecom,39.3295,0.0,icmp,1592079499,2020-06-13 20:18:19+00:00
124020631,jinan-telecom,wuhan-telecom,39.321,0.0,icmp,1592079619,2020-06-13 20:20:19+00:00
124020886,jinan-telecom,wuhan-telecom,48.2966,0.0,icmp,1592079780,2020-06-13 20:23:00+00:00
124021094,jinan-telecom,wuhan-telecom,47.431,0.0,icmp,1592079900,2020-06-13 20:25:00+00:00
124021336,jinan-telecom,wuhan-telecom,49.1121,0.0,icmp,1592080020,2020-06-13 20:27:00+00:00
124021542,jinan-telecom,wuhan-telecom,47.1103,0.0,icmp,1592080140,2020-06-13 20:29:00+00:00
124021811,jinan-telecom,wuhan-telecom,45.1706,0.0,icmp,1592080260,2020-06-13 20:31:00+00:00
124022012,jinan-telecom,wuhan-telecom,47.368,0.0,icmp,1592080380,2020-06-13 20:33:00+00:00
124022269,jinan-telecom,wuhan-telecom,39.5903,0.0,icmp,1592080519,2020-06-13 20:35:19+00:00
124022466,jinan-telecom,wuhan-telecom,39.3239,0.0,icmp,1592080639,2020-06-13 20:37:19+00:00
124022692,jinan-telecom,wuhan-telecom,39.314,0.0,icmp,1592080759,2020-06-13 20:39:19+00:00
124022920,jinan-telecom,wuhan-telecom,46.6932,0.0,icmp,1592080860,2020-06-13 20:41:00+00:00
124023152,jinan-telecom,wuhan-telecom,41.1649,0.0,icmp,1592080980,2020-06-13 20:43:00+00:00
124023379,jinan-telecom,wuhan-telecom,49.5106,0.0,icmp,1592081100,2020-06-13 20:45:00+00:00
124023622,jinan-telecom,wuhan-telecom,49.8329,0.0,icmp,1592081220,2020-06-13 20:47:00+00:00
124023828,jinan-telecom,wuhan-telecom,47.4946,0.0,icmp,1592081340,2020-06-13 20:49:00+00:00
124024097,jinan-telecom,wuhan-telecom,47.0229,0.0,icmp,1592081460,2020-06-13 20:51:00+00:00
124024305,jinan-telecom,wuhan-telecom,47.8049,0.0,icmp,1592081580,2020-06-13 20:53:00+00:00
124024536,jinan-telecom,wuhan-telecom,39.3548,0.0,icmp,1592081719,2020-06-13 20:55:19+00:00
124024748,jinan-telecom,wuhan-telecom,50.2906,0.0,icmp,1592081820,2020-06-13 20:57:00+00:00
124024992,jinan-telecom,wuhan-telecom,48.8428,0.0,icmp,1592081940,2020-06-13 20:59:00+00:00
124025223,jinan-telecom,wuhan-telecom,39.4806,0.0,icmp,1592082005,2020-06-13 21:00:05+00:00
124025462,jinan-telecom,wuhan-telecom,48.6827,0.0,icmp,1592082180,2020-06-13 21:03:00+00:00
124025670,jinan-telecom,wuhan-telecom,46.4677,0.0,icmp,1592082300,2020-06-13 21:05:00+00:00
124025903,jinan-telecom,wuhan-telecom,39.4017,0.0,icmp,1592082379,2020-06-13 21:06:19+00:00
124026149,jinan-telecom,wuhan-telecom,47.5641,0.0,icmp,1592082540,2020-06-13 21:09:00+00:00
124026348,jinan-telecom,wuhan-telecom,47.0978,0.0,icmp,1592082660,2020-06-13 21:11:00+00:00
124026585,jinan-telecom,wuhan-telecom,39.2977,0.0,icmp,1592082799,2020-06-13 21:13:19+00:00
124026823,jinan-telecom,wuhan-telecom,39.334,0.0,icmp,1592082919,2020-06-13 21:15:19+00:00
124027036,jinan-telecom,wuhan-telecom,45.5555,0.0,icmp,1592083020,2020-06-13 21:17:00+00:00
124027281,jinan-telecom,wuhan-telecom,39.4303,0.0,icmp,1592083159,2020-06-13 21:19:19+00:00
124027538,jinan-telecom,wuhan-telecom,46.2765,0.0,icmp,1592083260,2020-06-13 21:21:00+00:00
124027728,jinan-telecom,wuhan-telecom,48.6957,0.0,icmp,1592083380,2020-06-13 21:23:00+00:00
124027963,jinan-telecom,wuhan-telecom,39.4201,0.0,icmp,1592083459,2020-06-13 21:24:19+00:00
124028194,jinan-telecom,wuhan-telecom,45.1662,0.0,icmp,1592083620,2020-06-13 21:27:00+00:00
124028424,jinan-telecom,wuhan-telecom,39.5404,0.0,icmp,1592083759,2020-06-13 21:29:19+00:00
124028654,jinan-telecom,wuhan-telecom,48.5192,0.0,icmp,1592083860,2020-06-13 21:31:00+00:00
124028876,jinan-telecom,wuhan-telecom,47.2967,0.0,icmp,1592083980,2020-06-13 21:33:00+00:00
124029093,jinan-telecom,wuhan-telecom,45.1501,0.0,icmp,1592084100,2020-06-13 21:35:00+00:00
124029331,jinan-telecom,wuhan-telecom,46.3389,0.0,icmp,1592084220,2020-06-13 21:37:00+00:00
124029591,jinan-telecom,wuhan-telecom,45.6897,0.0,icmp,1592084340,2020-06-13 21:39:00+00:00
124029822,jinan-telecom,wuhan-telecom,44.6735,0.0,icmp,1592084464,2020-06-13 21:41:04+00:00
124030003,jinan-telecom,wuhan-telecom,46.3582,0.0,icmp,1592084580,2020-06-13 21:43:00+00:00
124030272,jinan-telecom,wuhan-telecom,39.3317,0.0,icmp,1592084719,2020-06-13 21:45:19+00:00
124030477,jinan-telecom,wuhan-telecom,46.1291,0.0,icmp,1592084820,2020-06-13 21:47:00+00:00
124030701,jinan-telecom,wuhan-telecom,39.4115,0.0,icmp,1592084959,2020-06-13 21:49:19+00:00
124030963,jinan-telecom,wuhan-telecom,48.476,0.0,icmp,1592085060,2020-06-13 21:51:00+00:00
124031177,jinan-telecom,wuhan-telecom,42.5893,0.0,icmp,1592085180,2020-06-13 21:53:00+00:00
124031382,jinan-telecom,wuhan-telecom,44.3598,0.0,icmp,1592085300,2020-06-13 21:55:00+00:00
124031639,jinan-telecom,wuhan-telecom,47.5532,0.0,icmp,1592085420,2020-06-13 21:57:00+00:00
124031850,jinan-telecom,wuhan-telecom,48.6261,0.0,icmp,1592085540,2020-06-13 21:59:00+00:00
124032110,jinan-telecom,wuhan-telecom,48.347,0.0,icmp,1592085660,2020-06-13 22:01:00+00:00
124032341,jinan-telecom,wuhan-telecom,47.1622,0.0,icmp,1592085780,2020-06-13 22:03:00+00:00
124032536,jinan-telecom,wuhan-telecom,49.2122,0.0,icmp,1592085900,2020-06-13 22:05:00+00:00
124032770,jinan-telecom,wuhan-telecom,40.9125,0.0,icmp,1592086020,2020-06-13 22:07:00+00:00
124033020,jinan-telecom,wuhan-telecom,39.6991,0.0,icmp,1592086085,2020-06-13 22:08:05+00:00
124033248,jinan-telecom,wuhan-telecom,47.7698,0.0,icmp,1592086260,2020-06-13 22:11:00+00:00
124033474,jinan-telecom,wuhan-telecom,48.3524,0.0,icmp,1592086380,2020-06-13 22:13:00+00:00
124033694,jinan-telecom,wuhan-telecom,45.9031,0.0,icmp,1592086500,2020-06-13 22:15:00+00:00
124033919,jinan-telecom,wuhan-telecom,47.6102,0.0,icmp,1592086620,2020-06-13 22:17:00+00:00
124034186,jinan-telecom,wuhan-telecom,39.7533,0.0,icmp,1592086699,2020-06-13 22:18:19+00:00
124034389,jinan-telecom,wuhan-telecom,43.0529,0.0,icmp,1592086865,2020-06-13 22:21:05+00:00
124034607,jinan-telecom,wuhan-telecom,42.1664,0.0,icmp,1592086980,2020-06-13 22:23:00+00:00
124034842,jinan-telecom,wuhan-telecom,39.4156,0.0,icmp,1592087104,2020-06-13 22:25:04+00:00
124035061,jinan-telecom,wuhan-telecom,42.7811,0.0,icmp,1592087220,2020-06-13 22:27:00+00:00
124035309,jinan-telecom,wuhan-telecom,39.37,0.0,icmp,1592087359,2020-06-13 22:29:19+00:00
124035517,jinan-telecom,wuhan-telecom,46.1819,0.0,icmp,1592087460,2020-06-13 22:31:00+00:00
124035748,jinan-telecom,wuhan-telecom,45.4973,0.0,icmp,1592087580,2020-06-13 22:33:00+00:00
124035981,jinan-telecom,wuhan-telecom,39.3222,0.0,icmp,1592087659,2020-06-13 22:34:19+00:00
124036207,jinan-telecom,wuhan-telecom,48.1316,0.0,icmp,1592087820,2020-06-13 22:37:00+00:00
124036432,jinan-telecom,wuhan-telecom,39.3462,0.0,icmp,1592087959,2020-06-13 22:39:19+00:00
124036673,jinan-telecom,wuhan-telecom,47.935,0.0,icmp,1592088060,2020-06-13 22:41:00+00:00
124036888,jinan-telecom,wuhan-telecom,47.8758,0.0,icmp,1592088180,2020-06-13 22:43:00+00:00
124037111,jinan-telecom,wuhan-telecom,47.1156,0.0,icmp,1592088300,2020-06-13 22:45:00+00:00
124037349,jinan-telecom,wuhan-telecom,49.0048,0.0,icmp,1592088420,2020-06-13 22:47:00+00:00
124037595,jinan-telecom,wuhan-telecom,46.1398,0.0,icmp,1592088540,2020-06-13 22:49:00+00:00
124037802,jinan-telecom,wuhan-telecom,39.5635,0.0,icmp,1592088679,2020-06-13 22:51:19+00:00
124038038,jinan-telecom,wuhan-telecom,48.4653,0.0,icmp,1592088780,2020-06-13 22:53:00+00:00
124038285,jinan-telecom,wuhan-telecom,47.542,0.0,icmp,1592088900,2020-06-13 22:55:00+00:00
124038510,jinan-telecom,wuhan-telecom,49.2741,0.0,icmp,1592089020,2020-06-13 22:57:00+00:00
124038724,jinan-telecom,wuhan-telecom,43.6613,0.0,icmp,1592089140,2020-06-13 22:59:00+00:00
124038975,jinan-telecom,wuhan-telecom,50.1496,0.0,icmp,1592089260,2020-06-13 23:01:00+00:00
124039201,jinan-telecom,wuhan-telecom,44.1348,0.0,icmp,1592089380,2020-06-13 23:03:00+00:00
124039410,jinan-telecom,wuhan-telecom,39.3659,0.0,icmp,1592089519,2020-06-13 23:05:19+00:00
124039661,jinan-telecom,wuhan-telecom,47.4787,0.0,icmp,1592089620,2020-06-13 23:07:00+00:00
124039881,jinan-telecom,wuhan-telecom,47.6902,0.0,icmp,1592089740,2020-06-13 23:09:00+00:00
124040098,jinan-telecom,wuhan-telecom,46.7601,0.0,icmp,1592089860,2020-06-13 23:11:00+00:00
124040344,jinan-telecom,wuhan-telecom,50.2826,0.0,icmp,1592089980,2020-06-13 23:13:00+00:00
124040549,jinan-telecom,wuhan-telecom,39.3078,0.0,icmp,1592090059,2020-06-13 23:14:19+00:00
124040789,jinan-telecom,wuhan-telecom,39.3257,0.0,icmp,1592090179,2020-06-13 23:16:19+00:00
124041001,jinan-telecom,wuhan-telecom,39.3282,0.0,icmp,1592090299,2020-06-13 23:18:19+00:00
124041241,jinan-telecom,wuhan-telecom,39.323,0.0,icmp,1592090479,2020-06-13 23:21:19+00:00
124041494,jinan-telecom,wuhan-telecom,45.9644,0.0,icmp,1592090580,2020-06-13 23:23:00+00:00
124041706,jinan-telecom,wuhan-telecom,45.3614,0.0,icmp,1592090700,2020-06-13 23:25:00+00:00
124041936,jinan-telecom,wuhan-telecom,39.4586,0.0,icmp,1592090779,2020-06-13 23:26:19+00:00
124042165,jinan-telecom,wuhan-telecom,44.9756,0.0,icmp,1592090940,2020-06-13 23:29:00+00:00
124042405,jinan-telecom,wuhan-telecom,39.3348,0.0,icmp,1592091079,2020-06-13 23:31:19+00:00
124042633,jinan-telecom,wuhan-telecom,39.3032,0.0,icmp,1592091199,2020-06-13 23:33:19+00:00
124042843,jinan-telecom,wuhan-telecom,46.2775,0.0,icmp,1592091300,2020-06-13 23:35:00+00:00
124043101,jinan-telecom,wuhan-telecom,39.5061,0.0,icmp,1592091439,2020-06-13 23:37:19+00:00
124043324,jinan-telecom,wuhan-telecom,45.3096,0.0,icmp,1592091540,2020-06-13 23:39:00+00:00
124043552,jinan-telecom,wuhan-telecom,39.3803,0.0,icmp,1592091679,2020-06-13 23:41:19+00:00
124043779,jinan-telecom,wuhan-telecom,45.848,0.0,icmp,1592091780,2020-06-13 23:43:00+00:00
124043999,jinan-telecom,wuhan-telecom,47.9076,0.0,icmp,1592091900,2020-06-13 23:45:00+00:00
124044216,jinan-telecom,wuhan-telecom,48.299,0.0,icmp,1592092020,2020-06-13 23:47:00+00:00
124044442,jinan-telecom,wuhan-telecom,49.1635,0.0,icmp,1592092140,2020-06-13 23:49:00+00:00
124044692,jinan-telecom,wuhan-telecom,45.53,0.0,icmp,1592092260,2020-06-13 23:51:00+00:00
124044907,jinan-telecom,wuhan-telecom,39.7295,0.0,icmp,1592092384,2020-06-13 23:53:04+00:00
124045144,jinan-telecom,wuhan-telecom,48.6419,0.0,icmp,1592092500,2020-06-13 23:55:00+00:00
124045357,jinan-telecom,wuhan-telecom,47.5299,0.0,icmp,1592092620,2020-06-13 23:57:00+00:00
124045589,jinan-telecom,wuhan-telecom,46.0887,0.0,icmp,1592092740,2020-06-13 23:59:00+00:00
124045847,jinan-telecom,wuhan-telecom,46.3629,0.0,icmp,1592092860,2020-06-14 00:01:00+00:00
124046046,jinan-telecom,wuhan-telecom,39.3181,0.0,icmp,1592092999,2020-06-14 00:03:19+00:00
124046301,jinan-telecom,wuhan-telecom,49.0676,0.0,icmp,1592093100,2020-06-14 00:05:00+00:00
124046520,jinan-telecom,wuhan-telecom,48.9614,0.0,icmp,1592093220,2020-06-14 00:07:00+00:00
124046740,jinan-telecom,wuhan-telecom,46.0716,0.0,icmp,1592093340,2020-06-14 00:09:00+00:00
124046964,jinan-telecom,wuhan-telecom,46.3275,0.0,icmp,1592093460,2020-06-14 00:11:00+00:00
124047190,jinan-telecom,wuhan-telecom,44.3918,0.0,icmp,1592093580,2020-06-14 00:13:00+00:00
124047430,jinan-telecom,wuhan-telecom,39.6179,0.0,icmp,1592093659,2020-06-14 00:14:19+00:00
124047658,jinan-telecom,wuhan-telecom,41.1894,0.0,icmp,1592093820,2020-06-14 00:17:00+00:00
124047893,jinan-telecom,wuhan-telecom,50.7273,0.0,icmp,1592093940,2020-06-14 00:19:00+00:00
124048113,jinan-telecom,wuhan-telecom,50.4511,0.0,icmp,1592094060,2020-06-14 00:21:00+00:00
124048348,jinan-telecom,wuhan-telecom,51.2497,0.0,icmp,1592094180,2020-06-14 00:23:00+00:00
124048583,jinan-telecom,wuhan-telecom,46.6691,0.0,icmp,1592094300,2020-06-14 00:25:00+00:00
124048802,jinan-telecom,wuhan-telecom,47.2788,0.0,icmp,1592094420,2020-06-14 00:27:00+00:00
124049064,jinan-telecom,wuhan-telecom,39.4232,0.0,icmp,1592094559,2020-06-14 00:29:19+00:00
124049275,jinan-telecom,wuhan-telecom,46.1988,0.0,icmp,1592094660,2020-06-14 00:31:00+00:00
124049497,jinan-telecom,wuhan-telecom,39.4083,0.0,icmp,1592094799,2020-06-14 00:33:19+00:00
124049726,jinan-telecom,wuhan-telecom,48.6066,0.0,icmp,1592094900,2020-06-14 00:35:00+00:00
124049953,jinan-telecom,wuhan-telecom,48.9145,0.0,icmp,1592095020,2020-06-14 00:37:00+00:00
124050193,jinan-telecom,wuhan-telecom,49.3959,0.0,icmp,1592095140,2020-06-14 00:39:00+00:00
124050391,jinan-telecom,wuhan-telecom,39.541,0.0,icmp,1592095219,2020-06-14 00:40:19+00:00
124050635,jinan-telecom,wuhan-telecom,48.0374,0.0,icmp,1592095380,2020-06-14 00:43:00+00:00
124050852,jinan-telecom,wuhan-telecom,48.4973,0.0,icmp,1592095500,2020-06-14 00:45:00+00:00
124051104,jinan-telecom,wuhan-telecom,42.863,0.0,icmp,1592095620,2020-06-14 00:47:00+00:00
124051331,jinan-telecom,wuhan-telecom,39.915,0.0,icmp,1592095740,2020-06-14 00:49:00+00:00
124051539,jinan-telecom,wuhan-telecom,45.5435,0.0,icmp,1592095860,2020-06-14 00:51:00+00:00
124051768,jinan-telecom,wuhan-telecom,43.4012,0.0,icmp,1592095980,2020-06-14 00:53:00+00:00
124051996,jinan-telecom,wuhan-telecom,39.3407,0.0,icmp,1592096119,2020-06-14 00:55:19+00:00
124052237,jinan-telecom,wuhan-telecom,47.0118,0.0,icmp,1592096220,2020-06-14 00:57:00+00:00
124052478,jinan-telecom,wuhan-telecom,44.5378,0.0,icmp,1592096340,2020-06-14 00:59:00+00:00
124052707,jinan-telecom,wuhan-telecom,45.2767,0.0,icmp,1592096460,2020-06-14 01:01:00+00:00
124052911,jinan-telecom,wuhan-telecom,45.878,0.0,icmp,1592096580,2020-06-14 01:03:00+00:00
124053149,jinan-telecom,wuhan-telecom,39.3624,0.0,icmp,1592096659,2020-06-14 01:04:19+00:00
124053382,jinan-telecom,wuhan-telecom,44.8696,0.0,icmp,1592096820,2020-06-14 01:07:00+00:00
124053604,jinan-telecom,wuhan-telecom,46.2664,0.0,icmp,1592096940,2020-06-14 01:09:00+00:00
124053863,jinan-telecom,wuhan-telecom,46.2166,0.0,icmp,1592097060,2020-06-14 01:11:00+00:00
124054052,jinan-telecom,wuhan-telecom,46.218,0.0,icmp,1592097180,2020-06-14 01:13:00+00:00
124054265,jinan-telecom,wuhan-telecom,46.5803,0.0,icmp,1592097300,2020-06-14 01:15:00+00:00
124054513,jinan-telecom,wuhan-telecom,46.0748,0.0,icmp,1592097420,2020-06-14 01:17:00+00:00
124054730,jinan-telecom,wuhan-telecom,46.7362,0.0,icmp,1592097540,2020-06-14 01:19:00+00:00
124054963,jinan-telecom,wuhan-telecom,39.312,0.0,icmp,1592097619,2020-06-14 01:20:19+00:00
124055193,jinan-telecom,wuhan-telecom,39.4551,0.0,icmp,1592097799,2020-06-14 01:23:19+00:00
124055409,jinan-telecom,wuhan-telecom,47.9837,0.0,icmp,1592097900,2020-06-14 01:25:00+00:00
124055646,jinan-telecom,wuhan-telecom,46.261,0.0,icmp,1592098020,2020-06-14 01:27:00+00:00
124055876,jinan-telecom,wuhan-telecom,39.3252,0.0,icmp,1592098159,2020-06-14 01:29:19+00:00
124056117,jinan-telecom,wuhan-telecom,47.8788,0.0,icmp,1592098260,2020-06-14 01:31:00+00:00
124056330,jinan-telecom,wuhan-telecom,42.8577,0.0,icmp,1592098380,2020-06-14 01:33:00+00:00
124056552,jinan-telecom,wuhan-telecom,39.6372,0.0,icmp,1592098505,2020-06-14 01:35:05+00:00
124056804,jinan-telecom,wuhan-telecom,44.9955,0.0,icmp,1592098620,2020-06-14 01:37:00+00:00
124057031,jinan-telecom,wuhan-telecom,39.4523,0.0,icmp,1592098699,2020-06-14 01:38:19+00:00
124057267,jinan-telecom,wuhan-telecom,40.4346,0.0,icmp,1592098860,2020-06-14 01:41:00+00:00
124057502,jinan-telecom,wuhan-telecom,48.1987,0.0,icmp,1592098980,2020-06-14 01:43:00+00:00
124057703,jinan-telecom,wuhan-telecom,47.1588,0.0,icmp,1592099100,2020-06-14 01:45:00+00:00
124057927,jinan-telecom,wuhan-telecom,39.3637,0.0,icmp,1592099239,2020-06-14 01:47:19+00:00
124058161,jinan-telecom,wuhan-telecom,39.7095,0.0,icmp,1592099359,2020-06-14 01:49:19+00:00
124058402,jinan-telecom,wuhan-telecom,43.1987,0.0,icmp,1592099460,2020-06-14 01:51:00+00:00
124058634,jinan-telecom,wuhan-telecom,48.0112,0.0,icmp,1592099580,2020-06-14 01:53:00+00:00
124058846,jinan-telecom,wuhan-telecom,39.3539,0.0,icmp,1592099719,2020-06-14 01:55:19+00:00
124059065,jinan-telecom,wuhan-telecom,46.2537,0.0,icmp,1592099820,2020-06-14 01:57:00+00:00
124059341,jinan-telecom,wuhan-telecom,48.1043,0.0,icmp,1592099940,2020-06-14 01:59:00+00:00
124059561,jinan-telecom,wuhan-telecom,47.9977,0.0,icmp,1592100060,2020-06-14 02:01:00+00:00
124059801,jinan-telecom,wuhan-telecom,46.6229,0.0,icmp,1592100180,2020-06-14 02:03:00+00:00
124060037,jinan-telecom,wuhan-telecom,47.4447,0.0,icmp,1592100300,2020-06-14 02:05:00+00:00
124060268,jinan-telecom,wuhan-telecom,49.1791,0.0,icmp,1592100420,2020-06-14 02:07:00+00:00
124060484,jinan-telecom,wuhan-telecom,46.4206,0.0,icmp,1592100540,2020-06-14 02:09:00+00:00
124060709,jinan-telecom,wuhan-telecom,39.8003,0.0,icmp,1592100679,2020-06-14 02:11:19+00:00
124060948,jinan-telecom,wuhan-telecom,40.8784,0.0,icmp,1592100780,2020-06-14 02:13:00+00:00
124061160,jinan-telecom,wuhan-telecom,42.1883,0.0,icmp,1592100900,2020-06-14 02:15:00+00:00
124061429,jinan-telecom,wuhan-telecom,45.7724,0.0,icmp,1592101020,2020-06-14 02:17:00+00:00
124061618,jinan-telecom,wuhan-telecom,46.1203,0.0,icmp,1592101140,2020-06-14 02:19:00+00:00
124061855,jinan-telecom,wuhan-telecom,45.7698,0.0,icmp,1592101260,2020-06-14 02:21:00+00:00
124062100,jinan-telecom,wuhan-telecom,45.1988,0.0,icmp,1592101380,2020-06-14 02:23:00+00:00
124062307,jinan-telecom,wuhan-telecom,48.4867,0.0,icmp,1592101500,2020-06-14 02:25:00+00:00
124062556,jinan-telecom,wuhan-telecom,46.6043,0.0,icmp,1592101620,2020-06-14 02:27:00+00:00
124062766,jinan-telecom,wuhan-telecom,43.4323,0.0,icmp,1592101740,2020-06-14 02:29:00+00:00
124063016,jinan-telecom,wuhan-telecom,39.3679,0.0,icmp,1592101819,2020-06-14 02:30:19+00:00
124063244,jinan-telecom,wuhan-telecom,40.0838,1.0,icmp,1592101980,2020-06-14 02:33:00+00:00
124063467,jinan-telecom,wuhan-telecom,42.1836,0.0,icmp,1592102100,2020-06-14 02:35:00+00:00
124063702,jinan-telecom,wuhan-telecom,39.4607,0.0,icmp,1592102179,2020-06-14 02:36:19+00:00
124063927,jinan-telecom,wuhan-telecom,46.6529,0.0,icmp,1592102340,2020-06-14 02:39:00+00:00
124064145,jinan-telecom,wuhan-telecom,39.6439,0.0,icmp,1592102479,2020-06-14 02:41:19+00:00
124064385,jinan-telecom,wuhan-telecom,47.9176,1.0,icmp,1592102580,2020-06-14 02:43:00+00:00
124064620,jinan-telecom,wuhan-telecom,39.5993,1.0,icmp,1592102719,2020-06-14 02:45:19+00:00
124064839,jinan-telecom,wuhan-telecom,39.8401,0.0,icmp,1592102839,2020-06-14 02:47:19+00:00
124065077,jinan-telecom,wuhan-telecom,47.4523,0.0,icmp,1592102940,2020-06-14 02:49:00+00:00
124065298,jinan-telecom,wuhan-telecom,45.1524,0.0,icmp,1592103060,2020-06-14 02:51:00+00:00
124065521,jinan-telecom,wuhan-telecom,48.4103,0.0,icmp,1592103180,2020-06-14 02:53:00+00:00
124065755,jinan-telecom,wuhan-telecom,39.4098,1.0,icmp,1592103319,2020-06-14 02:55:19+00:00
124065986,jinan-telecom,wuhan-telecom,47.6287,0.0,icmp,1592103420,2020-06-14 02:57:00+00:00
124066198,jinan-telecom,wuhan-telecom,39.4183,0.0,icmp,1592103559,2020-06-14 02:59:19+00:00
124066439,jinan-telecom,wuhan-telecom,43.8889,0.0,icmp,1592103660,2020-06-14 03:01:00+00:00
124066659,jinan-telecom,wuhan-telecom,46.366,0.0,icmp,1592103780,2020-06-14 03:03:00+00:00
124066898,jinan-telecom,wuhan-telecom,46.5682,0.0,icmp,1592103900,2020-06-14 03:05:00+00:00
124067115,jinan-telecom,wuhan-telecom,48.2352,0.0,icmp,1592104020,2020-06-14 03:07:00+00:00
124067366,jinan-telecom,wuhan-telecom,41.5584,0.0,icmp,1592104140,2020-06-14 03:09:00+00:00
124067578,jinan-telecom,wuhan-telecom,46.499,1.0,icmp,1592104260,2020-06-14 03:11:00+00:00
124067820,jinan-telecom,wuhan-telecom,39.6949,1.0,icmp,1592104339,2020-06-14 03:12:19+00:00
124068031,jinan-telecom,wuhan-telecom,39.5469,0.0,icmp,1592104445,2020-06-14 03:14:05+00:00
124068263,jinan-telecom,wuhan-telecom,45.9738,0.0,icmp,1592104620,2020-06-14 03:17:00+00:00
124068493,jinan-telecom,wuhan-telecom,46.3754,0.0,icmp,1592104740,2020-06-14 03:19:00+00:00
124068741,jinan-telecom,wuhan-telecom,48.0238,1.0,icmp,1592104860,2020-06-14 03:21:00+00:00
124068965,jinan-telecom,wuhan-telecom,47.3174,0.0,icmp,1592104980,2020-06-14 03:23:00+00:00
124069201,jinan-telecom,wuhan-telecom,46.1265,0.0,icmp,1592105100,2020-06-14 03:25:00+00:00
124069420,jinan-telecom,wuhan-telecom,46.8607,0.0,icmp,1592105220,2020-06-14 03:27:00+00:00
124069646,jinan-telecom,wuhan-telecom,39.4309,0.0,icmp,1592105299,2020-06-14 03:28:19+00:00
124069873,jinan-telecom,wuhan-telecom,47.7409,0.0,icmp,1592105460,2020-06-14 03:31:00+00:00
124070091,jinan-telecom,wuhan-telecom,46.9814,0.0,icmp,1592105580,2020-06-14 03:33:00+00:00
124070331,jinan-telecom,wuhan-telecom,47.7738,0.0,icmp,1592105700,2020-06-14 03:35:00+00:00
124070550,jinan-telecom,wuhan-telecom,40.3976,0.0,icmp,1592105820,2020-06-14 03:37:00+00:00
124070793,jinan-telecom,wuhan-telecom,48.9156,0.0,icmp,1592105940,2020-06-14 03:39:00+00:00
124071066,jinan-telecom,wuhan-telecom,48.6355,0.0,icmp,1592106060,2020-06-14 03:41:00+00:00
124071236,jinan-telecom,wuhan-telecom,45.7874,2.0,icmp,1592106180,2020-06-14 03:43:00+00:00
124071472,jinan-telecom,wuhan-telecom,40.5879,0.0,icmp,1592106300,2020-06-14 03:45:00+00:00
124071701,jinan-telecom,wuhan-telecom,48.3914,0.0,icmp,1592106420,2020-06-14 03:47:00+00:00
124071931,jinan-telecom,wuhan-telecom,45.7563,1.0,icmp,1592106540,2020-06-14 03:49:00+00:00
124072172,jinan-telecom,wuhan-telecom,47.6775,0.0,icmp,1592106660,2020-06-14 03:51:00+00:00
124072406,jinan-telecom,wuhan-telecom,47.8487,1.0,icmp,1592106780,2020-06-14 03:53:00+00:00
124072624,jinan-telecom,wuhan-telecom,43.4256,0.0,icmp,1592106900,2020-06-14 03:55:00+00:00
124072841,jinan-telecom,wuhan-telecom,39.6789,0.0,icmp,1592107039,2020-06-14 03:57:19+00:00
124073084,jinan-telecom,wuhan-telecom,47.7756,0.0,icmp,1592107140,2020-06-14 03:59:00+00:00
124073299,jinan-telecom,wuhan-telecom,45.8401,0.0,icmp,1592107260,2020-06-14 04:01:00+00:00
124073549,jinan-telecom,wuhan-telecom,45.8169,0.0,icmp,1592107380,2020-06-14 04:03:00+00:00
124073750,jinan-telecom,wuhan-telecom,48.5737,0.0,icmp,1592107500,2020-06-14 04:05:00+00:00
124073989,jinan-telecom,wuhan-telecom,45.6038,0.0,icmp,1592107620,2020-06-14 04:07:00+00:00
124074230,jinan-telecom,wuhan-telecom,47.9006,0.0,icmp,1592107740,2020-06-14 04:09:00+00:00
124074462,jinan-telecom,wuhan-telecom,47.5217,0.0,icmp,1592107860,2020-06-14 04:11:00+00:00
124074675,jinan-telecom,wuhan-telecom,45.4401,0.0,icmp,1592107980,2020-06-14 04:13:00+00:00
124074897,jinan-telecom,wuhan-telecom,47.9362,0.0,icmp,1592108100,2020-06-14 04:15:00+00:00
124075134,jinan-telecom,wuhan-telecom,43.2209,0.0,icmp,1592108220,2020-06-14 04:17:00+00:00
124075384,jinan-telecom,wuhan-telecom,39.4929,0.0,icmp,1592108344,2020-06-14 04:19:04+00:00
124075594,jinan-telecom,wuhan-telecom,44.8999,0.0,icmp,1592108460,2020-06-14 04:21:00+00:00
124075840,jinan-telecom,wuhan-telecom,46.3214,0.0,icmp,1592108580,2020-06-14 04:23:00+00:00
124076045,jinan-telecom,wuhan-telecom,47.9943,0.0,icmp,1592108700,2020-06-14 04:25:00+00:00
124076293,jinan-telecom,wuhan-telecom,47.004,0.0,icmp,1592108820,2020-06-14 04:27:00+00:00
124076499,jinan-telecom,wuhan-telecom,47.2934,0.0,icmp,1592108940,2020-06-14 04:29:00+00:00
124076737,jinan-telecom,wuhan-telecom,47.2538,0.0,icmp,1592109060,2020-06-14 04:31:00+00:00
124076961,jinan-telecom,wuhan-telecom,45.9775,0.0,icmp,1592109180,2020-06-14 04:33:00+00:00
124077193,jinan-telecom,wuhan-telecom,46.3839,0.0,icmp,1592109300,2020-06-14 04:35:00+00:00
124077432,jinan-telecom,wuhan-telecom,46.9769,0.0,icmp,1592109420,2020-06-14 04:37:00+00:00
124077658,jinan-telecom,wuhan-telecom,46.0294,0.0,icmp,1592109540,2020-06-14 04:39:00+00:00
124077880,jinan-telecom,wuhan-telecom,39.3892,0.0,icmp,1592109679,2020-06-14 04:41:19+00:00
124078108,jinan-telecom,wuhan-telecom,47.6068,0.0,icmp,1592109780,2020-06-14 04:43:00+00:00
124078347,jinan-telecom,wuhan-telecom,48.0551,1.0,icmp,1592109900,2020-06-14 04:45:00+00:00
124078587,jinan-telecom,wuhan-telecom,52.2331,1.0,icmp,1592110020,2020-06-14 04:47:00+00:00
124078809,jinan-telecom,wuhan-telecom,47.4056,0.0,icmp,1592110140,2020-06-14 04:49:00+00:00
124079032,jinan-telecom,wuhan-telecom,39.4344,0.0,icmp,1592110219,2020-06-14 04:50:19+00:00
124079251,jinan-telecom,wuhan-telecom,45.3739,0.0,icmp,1592110380,2020-06-14 04:53:00+00:00
124079476,jinan-telecom,wuhan-telecom,39.6246,0.0,icmp,1592110459,2020-06-14 04:54:19+00:00
124079717,jinan-telecom,wuhan-telecom,47.661,0.0,icmp,1592110620,2020-06-14 04:57:00+00:00
124079957,jinan-telecom,wuhan-telecom,47.7489,0.0,icmp,1592110740,2020-06-14 04:59:00+00:00
124080174,jinan-telecom,wuhan-telecom,56.7029,0.0,icmp,1592110860,2020-06-14 05:01:00+00:00
124080396,jinan-telecom,wuhan-telecom,39.5328,0.0,icmp,1592110939,2020-06-14 05:02:19+00:00
124080639,jinan-telecom,wuhan-telecom,48.3674,0.0,icmp,1592111100,2020-06-14 05:05:00+00:00
124080857,jinan-telecom,wuhan-telecom,47.9391,0.0,icmp,1592111220,2020-06-14 05:07:00+00:00
124081081,jinan-telecom,wuhan-telecom,44.0292,1.0,icmp,1592111340,2020-06-14 05:09:00+00:00
124081337,jinan-telecom,wuhan-telecom,48.223,0.0,icmp,1592111460,2020-06-14 05:11:00+00:00
124081546,jinan-telecom,wuhan-telecom,49.2833,0.0,icmp,1592111580,2020-06-14 05:13:00+00:00
124081784,jinan-telecom,wuhan-telecom,44.9903,0.0,icmp,1592111700,2020-06-14 05:15:00+00:00
124082004,jinan-telecom,wuhan-telecom,39.6254,0.0,icmp,1592111779,2020-06-14 05:16:19+00:00
124082239,jinan-telecom,wuhan-telecom,46.9832,0.0,icmp,1592111940,2020-06-14 05:19:00+00:00
124082467,jinan-telecom,wuhan-telecom,39.4695,0.0,icmp,1592112079,2020-06-14 05:21:19+00:00
124082699,jinan-telecom,wuhan-telecom,48.1471,0.0,icmp,1592112180,2020-06-14 05:23:00+00:00
124082915,jinan-telecom,wuhan-telecom,47.3668,0.0,icmp,1592112300,2020-06-14 05:25:00+00:00
124083168,jinan-telecom,wuhan-telecom,45.4755,0.0,icmp,1592112420,2020-06-14 05:27:00+00:00
124083386,jinan-telecom,wuhan-telecom,47.4853,0.0,icmp,1592112540,2020-06-14 05:29:00+00:00
124083625,jinan-telecom,wuhan-telecom,45.7805,1.0,icmp,1592112660,2020-06-14 05:31:00+00:00
124083832,jinan-telecom,wuhan-telecom,44.6901,0.0,icmp,1592112780,2020-06-14 05:33:00+00:00
124084069,jinan-telecom,wuhan-telecom,47.1733,0.0,icmp,1592112900,2020-06-14 05:35:00+00:00
124084312,jinan-telecom,wuhan-telecom,43.4227,2.0,icmp,1592113020,2020-06-14 05:37:00+00:00
124084540,jinan-telecom,wuhan-telecom,39.6748,0.0,icmp,1592113159,2020-06-14 05:39:19+00:00
124084772,jinan-telecom,wuhan-telecom,45.1343,0.0,icmp,1592113260,2020-06-14 05:41:00+00:00
124084989,jinan-telecom,wuhan-telecom,39.623,0.0,icmp,1592113339,2020-06-14 05:42:19+00:00
124085221,jinan-telecom,wuhan-telecom,49.5706,0.0,icmp,1592113500,2020-06-14 05:45:00+00:00
124085449,jinan-telecom,wuhan-telecom,48.4119,0.0,icmp,1592113620,2020-06-14 05:47:00+00:00
124085663,jinan-telecom,wuhan-telecom,39.4933,1.0,icmp,1592113759,2020-06-14 05:49:19+00:00
124085899,jinan-telecom,wuhan-telecom,45.2641,0.0,icmp,1592113860,2020-06-14 05:51:00+00:00
124086120,jinan-telecom,wuhan-telecom,43.2129,0.0,icmp,1592113980,2020-06-14 05:53:00+00:00
124086361,jinan-telecom,wuhan-telecom,45.636,0.0,icmp,1592114100,2020-06-14 05:55:00+00:00
124086605,jinan-telecom,wuhan-telecom,39.5255,0.0,icmp,1592114179,2020-06-14 05:56:19+00:00
124086809,jinan-telecom,wuhan-telecom,47.9233,0.0,icmp,1592114340,2020-06-14 05:59:00+00:00
124087058,jinan-telecom,wuhan-telecom,47.9984,0.0,icmp,1592114460,2020-06-14 06:01:00+00:00
124087267,jinan-telecom,wuhan-telecom,39.4828,0.0,icmp,1592114539,2020-06-14 06:02:19+00:00
124087497,jinan-telecom,wuhan-telecom,39.4533,0.0,icmp,1592114659,2020-06-14 06:04:19+00:00
124087737,jinan-telecom,wuhan-telecom,47.5869,0.0,icmp,1592114820,2020-06-14 06:07:00+00:00
124087978,jinan-telecom,wuhan-telecom,46.8929,0.0,icmp,1592114940,2020-06-14 06:09:00+00:00
124088204,jinan-telecom,wuhan-telecom,39.5999,0.0,icmp,1592115019,2020-06-14 06:10:19+00:00
124088438,jinan-telecom,wuhan-telecom,48.5151,1.0,icmp,1592115180,2020-06-14 06:13:00+00:00
124088638,jinan-telecom,wuhan-telecom,48.463,0.0,icmp,1592115300,2020-06-14 06:15:00+00:00
124088875,jinan-telecom,wuhan-telecom,47.3278,0.0,icmp,1592115420,2020-06-14 06:17:00+00:00
124089100,jinan-telecom,wuhan-telecom,46.7998,0.0,icmp,1592115540,2020-06-14 06:19:00+00:00
124089340,jinan-telecom,wuhan-telecom,48.1606,1.0,icmp,1592115660,2020-06-14 06:21:00+00:00
125267058,jinan-telecom,wuhan-telecom,39.548,0.0,icmp,1591930339,2020-06-12 02:52:19+00:00
125267297,jinan-telecom,wuhan-telecom,47.5833,0.0,icmp,1591930440,2020-06-12 02:54:00+00:00
125267539,jinan-telecom,wuhan-telecom,40.0801,0.0,icmp,1591930560,2020-06-12 02:56:00+00:00
125267760,jinan-telecom,wuhan-telecom,47.6729,0.0,icmp,1591930680,2020-06-12 02:58:00+00:00
125268018,jinan-telecom,wuhan-telecom,47.9831,0.0,icmp,1591930800,2020-06-12 03:00:00+00:00
125268226,jinan-telecom,wuhan-telecom,44.7182,0.0,icmp,1591930920,2020-06-12 03:02:00+00:00
125268440,jinan-telecom,wuhan-telecom,44.1238,0.0,icmp,1591931040,2020-06-12 03:04:00+00:00
125268669,jinan-telecom,wuhan-telecom,46.4915,0.0,icmp,1591931160,2020-06-12 03:06:00+00:00
125268901,jinan-telecom,wuhan-telecom,46.0528,0.0,icmp,1591931280,2020-06-12 03:08:00+00:00
125269136,jinan-telecom,wuhan-telecom,39.3599,0.0,icmp,1591931359,2020-06-12 03:09:19+00:00
125269375,jinan-telecom,wuhan-telecom,47.7755,0.0,icmp,1591931520,2020-06-12 03:12:00+00:00
125269590,jinan-telecom,wuhan-telecom,39.3823,0.0,icmp,1591931659,2020-06-12 03:14:19+00:00
125269823,jinan-telecom,wuhan-telecom,47.7491,0.0,icmp,1591931760,2020-06-12 03:16:00+00:00
125270059,jinan-telecom,wuhan-telecom,47.3234,0.0,icmp,1591931880,2020-06-12 03:18:00+00:00
125270259,jinan-telecom,wuhan-telecom,39.3355,0.0,icmp,1591931959,2020-06-12 03:19:19+00:00
125270506,jinan-telecom,wuhan-telecom,46.0764,0.0,icmp,1591932120,2020-06-12 03:22:00+00:00
125270747,jinan-telecom,wuhan-telecom,47.042,0.0,icmp,1591932240,2020-06-12 03:24:00+00:00
125270977,jinan-telecom,wuhan-telecom,48.3828,0.0,icmp,1591932360,2020-06-12 03:26:00+00:00
125271186,jinan-telecom,wuhan-telecom,47.673,0.0,icmp,1591932480,2020-06-12 03:28:00+00:00
125271419,jinan-telecom,wuhan-telecom,39.3804,0.0,icmp,1591932619,2020-06-12 03:30:19+00:00
125271656,jinan-telecom,wuhan-telecom,39.5733,0.0,icmp,1591932739,2020-06-12 03:32:19+00:00
125271891,jinan-telecom,wuhan-telecom,39.4779,0.0,icmp,1591932844,2020-06-12 03:34:04+00:00
125272100,jinan-telecom,wuhan-telecom,45.8679,0.0,icmp,1591932960,2020-06-12 03:36:00+00:00
125272332,jinan-telecom,wuhan-telecom,46.69,0.0,icmp,1591933080,2020-06-12 03:38:00+00:00
125272581,jinan-telecom,wuhan-telecom,45.9943,0.0,icmp,1591933200,2020-06-12 03:40:00+00:00
125272799,jinan-telecom,wuhan-telecom,39.4563,0.0,icmp,1591933279,2020-06-12 03:41:19+00:00
125273025,jinan-telecom,wuhan-telecom,41.0263,0.0,icmp,1591933440,2020-06-12 03:44:00+00:00
125273268,jinan-telecom,wuhan-telecom,44.3194,0.0,icmp,1591933560,2020-06-12 03:46:00+00:00
125273481,jinan-telecom,wuhan-telecom,47.0198,0.0,icmp,1591933680,2020-06-12 03:48:00+00:00
125273711,jinan-telecom,wuhan-telecom,48.5105,0.0,icmp,1591933800,2020-06-12 03:50:00+00:00
125273955,jinan-telecom,wuhan-telecom,44.4257,0.0,icmp,1591933920,2020-06-12 03:52:00+00:00
125274170,jinan-telecom,wuhan-telecom,39.4787,0.0,icmp,1591934059,2020-06-12 03:54:19+00:00
125274411,jinan-telecom,wuhan-telecom,48.066,0.0,icmp,1591934160,2020-06-12 03:56:00+00:00
125274645,jinan-telecom,wuhan-telecom,45.2042,0.0,icmp,1591934280,2020-06-12 03:58:00+00:00
125274850,jinan-telecom,wuhan-telecom,49.1398,0.0,icmp,1591934400,2020-06-12 04:00:00+00:00
125275081,jinan-telecom,wuhan-telecom,39.5844,0.0,icmp,1591934539,2020-06-12 04:02:19+00:00
125275316,jinan-telecom,wuhan-telecom,47.2661,0.0,icmp,1591934640,2020-06-12 04:04:00+00:00
125275535,jinan-telecom,wuhan-telecom,47.2448,0.0,icmp,1591934760,2020-06-12 04:06:00+00:00
125275767,jinan-telecom,wuhan-telecom,48.1045,0.0,icmp,1591934880,2020-06-12 04:08:00+00:00
125275996,jinan-telecom,wuhan-telecom,39.3996,0.0,icmp,1591934959,2020-06-12 04:09:19+00:00
125276238,jinan-telecom,wuhan-telecom,46.3803,0.0,icmp,1591935120,2020-06-12 04:12:00+00:00
125276460,jinan-telecom,wuhan-telecom,47.426,0.0,icmp,1591935240,2020-06-12 04:14:00+00:00
125276698,jinan-telecom,wuhan-telecom,45.679,0.0,icmp,1591935360,2020-06-12 04:16:00+00:00
125276906,jinan-telecom,wuhan-telecom,48.2038,0.0,icmp,1591935480,2020-06-12 04:18:00+00:00
125277154,jinan-telecom,wuhan-telecom,45.9648,0.0,icmp,1591935600,2020-06-12 04:20:00+00:00
125277380,jinan-telecom,wuhan-telecom,47.5157,0.0,icmp,1591935720,2020-06-12 04:22:00+00:00
125277611,jinan-telecom,wuhan-telecom,49.0499,0.0,icmp,1591935840,2020-06-12 04:24:00+00:00
125277827,jinan-telecom,wuhan-telecom,47.4067,0.0,icmp,1591935960,2020-06-12 04:26:00+00:00
125278063,jinan-telecom,wuhan-telecom,48.4257,0.0,icmp,1591936080,2020-06-12 04:28:00+00:00
125278306,jinan-telecom,wuhan-telecom,39.3388,0.0,icmp,1591936159,2020-06-12 04:29:19+00:00
125278526,jinan-telecom,wuhan-telecom,39.5169,0.0,icmp,1591936279,2020-06-12 04:31:19+00:00
125278753,jinan-telecom,wuhan-telecom,48.0946,0.0,icmp,1591936440,2020-06-12 04:34:00+00:00
125278982,jinan-telecom,wuhan-telecom,39.534,0.0,icmp,1591936519,2020-06-12 04:35:19+00:00
125279201,jinan-telecom,wuhan-telecom,39.339,0.0,icmp,1591936639,2020-06-12 04:37:19+00:00
125279471,jinan-telecom,wuhan-telecom,49.0326,0.0,icmp,1591936800,2020-06-12 04:40:00+00:00
125279673,jinan-telecom,wuhan-telecom,45.5538,0.0,icmp,1591936920,2020-06-12 04:42:00+00:00
125279889,jinan-telecom,wuhan-telecom,39.3894,0.0,icmp,1591936999,2020-06-12 04:43:19+00:00
125280128,jinan-telecom,wuhan-telecom,39.3661,0.0,icmp,1591937119,2020-06-12 04:45:19+00:00
125280345,jinan-telecom,wuhan-telecom,47.4661,0.0,icmp,1591937280,2020-06-12 04:48:00+00:00
125280586,jinan-telecom,wuhan-telecom,49.1448,0.0,icmp,1591937400,2020-06-12 04:50:00+00:00
125280794,jinan-telecom,wuhan-telecom,47.1825,0.0,icmp,1591937520,2020-06-12 04:52:00+00:00
125281037,jinan-telecom,wuhan-telecom,39.3656,0.0,icmp,1591937599,2020-06-12 04:53:19+00:00
125281256,jinan-telecom,wuhan-telecom,39.4069,0.0,icmp,1591937779,2020-06-12 04:56:19+00:00
125281486,jinan-telecom,wuhan-telecom,48.3621,0.0,icmp,1591937880,2020-06-12 04:58:00+00:00
125281735,jinan-telecom,wuhan-telecom,39.3969,0.0,icmp,1591937959,2020-06-12 04:59:19+00:00
125281956,jinan-telecom,wuhan-telecom,45.3366,0.0,icmp,1591938120,2020-06-12 05:02:00+00:00
125282193,jinan-telecom,wuhan-telecom,48.9979,0.0,icmp,1591938240,2020-06-12 05:04:00+00:00
125282418,jinan-telecom,wuhan-telecom,39.3847,0.0,icmp,1591938379,2020-06-12 05:06:19+00:00
125282638,jinan-telecom,wuhan-telecom,40.9493,0.0,icmp,1591938480,2020-06-12 05:08:00+00:00
125282879,jinan-telecom,wuhan-telecom,46.5089,0.0,icmp,1591938600,2020-06-12 05:10:00+00:00
125283105,jinan-telecom,wuhan-telecom,45.6397,0.0,icmp,1591938720,2020-06-12 05:12:00+00:00
125283344,jinan-telecom,wuhan-telecom,47.6524,0.0,icmp,1591938840,2020-06-12 05:14:00+00:00
125283544,jinan-telecom,wuhan-telecom,47.71,0.0,icmp,1591938960,2020-06-12 05:16:00+00:00
125283785,jinan-telecom,wuhan-telecom,41.2715,0.0,icmp,1591939080,2020-06-12 05:18:00+00:00
125284019,jinan-telecom,wuhan-telecom,39.3707,0.0,icmp,1591939159,2020-06-12 05:19:19+00:00
125284234,jinan-telecom,wuhan-telecom,47.3537,0.0,icmp,1591939320,2020-06-12 05:22:00+00:00
125284486,jinan-telecom,wuhan-telecom,39.4812,0.0,icmp,1591939399,2020-06-12 05:23:19+00:00
125284691,jinan-telecom,wuhan-telecom,47.3925,0.0,icmp,1591939560,2020-06-12 05:26:00+00:00
125284946,jinan-telecom,wuhan-telecom,50.3197,0.0,icmp,1591939680,2020-06-12 05:28:00+00:00
125285157,jinan-telecom,wuhan-telecom,47.3021,0.0,icmp,1591939800,2020-06-12 05:30:00+00:00
125285393,jinan-telecom,wuhan-telecom,46.6458,0.0,icmp,1591939920,2020-06-12 05:32:00+00:00
125285609,jinan-telecom,wuhan-telecom,39.3299,0.0,icmp,1591939999,2020-06-12 05:33:19+00:00
125285840,jinan-telecom,wuhan-telecom,45.7818,0.0,icmp,1591940160,2020-06-12 05:36:00+00:00
125286062,jinan-telecom,wuhan-telecom,48.35,0.0,icmp,1591940280,2020-06-12 05:38:00+00:00
125286294,jinan-telecom,wuhan-telecom,47.5301,0.0,icmp,1591940400,2020-06-12 05:40:00+00:00
125286529,jinan-telecom,wuhan-telecom,47.7764,0.0,icmp,1591940520,2020-06-12 05:42:00+00:00
125286765,jinan-telecom,wuhan-telecom,47.8859,0.0,icmp,1591940640,2020-06-12 05:44:00+00:00
125287005,jinan-telecom,wuhan-telecom,40.9398,0.0,icmp,1591940760,2020-06-12 05:46:00+00:00
125287229,jinan-telecom,wuhan-telecom,47.0193,0.0,icmp,1591940880,2020-06-12 05:48:00+00:00
125287439,jinan-telecom,wuhan-telecom,47.6652,0.0,icmp,1591941000,2020-06-12 05:50:00+00:00
125287678,jinan-telecom,wuhan-telecom,47.3983,0.0,icmp,1591941120,2020-06-12 05:52:00+00:00
125287912,jinan-telecom,wuhan-telecom,43.3948,0.0,icmp,1591941240,2020-06-12 05:54:00+00:00
125288129,jinan-telecom,wuhan-telecom,46.817,0.0,icmp,1591941360,2020-06-12 05:56:00+00:00
125288371,jinan-telecom,wuhan-telecom,39.326,0.0,icmp,1591941499,2020-06-12 05:58:19+00:00
125288581,jinan-telecom,wuhan-telecom,46.7841,0.0,icmp,1591941600,2020-06-12 06:00:00+00:00
125288834,jinan-telecom,wuhan-telecom,44.3309,0.0,icmp,1591941720,2020-06-12 06:02:00+00:00
125289060,jinan-telecom,wuhan-telecom,46.0902,0.0,icmp,1591941840,2020-06-12 06:04:00+00:00
125289268,jinan-telecom,wuhan-telecom,44.7654,0.0,icmp,1591941960,2020-06-12 06:06:00+00:00
125289514,jinan-telecom,wuhan-telecom,45.4958,0.0,icmp,1591942080,2020-06-12 06:08:00+00:00
125289724,jinan-telecom,wuhan-telecom,39.3597,0.0,icmp,1591942159,2020-06-12 06:09:19+00:00
125289967,jinan-telecom,wuhan-telecom,48.9549,0.0,icmp,1591942320,2020-06-12 06:12:00+00:00
125290198,jinan-telecom,wuhan-telecom,39.4273,0.0,icmp,1591942459,2020-06-12 06:14:19+00:00
125290429,jinan-telecom,wuhan-telecom,47.2355,0.0,icmp,1591942560,2020-06-12 06:16:00+00:00
125290686,jinan-telecom,wuhan-telecom,39.3709,0.0,icmp,1591942699,2020-06-12 06:18:19+00:00
125290882,jinan-telecom,wuhan-telecom,39.4339,0.0,icmp,1591942804,2020-06-12 06:20:04+00:00
125291112,jinan-telecom,wuhan-telecom,46.5213,0.0,icmp,1591942920,2020-06-12 06:22:00+00:00
125291351,jinan-telecom,wuhan-telecom,48.3051,0.0,icmp,1591943040,2020-06-12 06:24:00+00:00
125291574,jinan-telecom,wuhan-telecom,39.3592,0.0,icmp,1591943179,2020-06-12 06:26:19+00:00
125291795,jinan-telecom,wuhan-telecom,39.3437,0.0,icmp,1591943299,2020-06-12 06:28:19+00:00
125292038,jinan-telecom,wuhan-telecom,45.5616,0.0,icmp,1591943400,2020-06-12 06:30:00+00:00
125292262,jinan-telecom,wuhan-telecom,39.4547,0.0,icmp,1591943539,2020-06-12 06:32:19+00:00
125292476,jinan-telecom,wuhan-telecom,47.2728,0.0,icmp,1591943640,2020-06-12 06:34:00+00:00
125292711,jinan-telecom,wuhan-telecom,47.9436,0.0,icmp,1591943760,2020-06-12 06:36:00+00:00
125292950,jinan-telecom,wuhan-telecom,39.5432,0.0,icmp,1591943839,2020-06-12 06:37:19+00:00
125293190,jinan-telecom,wuhan-telecom,47.7536,0.0,icmp,1591944000,2020-06-12 06:40:00+00:00
125293395,jinan-telecom,wuhan-telecom,47.4888,0.0,icmp,1591944120,2020-06-12 06:42:00+00:00
125293623,jinan-telecom,wuhan-telecom,39.5147,0.0,icmp,1591944259,2020-06-12 06:44:19+00:00
125293852,jinan-telecom,wuhan-telecom,47.4644,0.0,icmp,1591944360,2020-06-12 06:46:00+00:00
125294101,jinan-telecom,wuhan-telecom,39.3409,0.0,icmp,1591944439,2020-06-12 06:47:19+00:00
125294326,jinan-telecom,wuhan-telecom,49.0932,0.0,icmp,1591944600,2020-06-12 06:50:00+00:00
125294550,jinan-telecom,wuhan-telecom,46.3108,0.0,icmp,1591944720,2020-06-12 06:52:00+00:00
125294791,jinan-telecom,wuhan-telecom,46.7415,0.0,icmp,1591944840,2020-06-12 06:54:00+00:00
125295016,jinan-telecom,wuhan-telecom,39.7056,0.0,icmp,1591944919,2020-06-12 06:55:19+00:00
125295215,jinan-telecom,wuhan-telecom,48.0427,0.0,icmp,1591945080,2020-06-12 06:58:00+00:00
125295460,jinan-telecom,wuhan-telecom,39.4356,0.0,icmp,1591945219,2020-06-12 07:00:19+00:00
125295690,jinan-telecom,wuhan-telecom,46.6306,0.0,icmp,1591945320,2020-06-12 07:02:00+00:00
125295938,jinan-telecom,wuhan-telecom,48.1096,0.0,icmp,1591945440,2020-06-12 07:04:00+00:00
125296162,jinan-telecom,wuhan-telecom,47.0604,0.0,icmp,1591945560,2020-06-12 07:06:00+00:00
125296377,jinan-telecom,wuhan-telecom,45.3971,0.0,icmp,1591945680,2020-06-12 07:08:00+00:00
125296599,jinan-telecom,wuhan-telecom,48.4393,0.0,icmp,1591945800,2020-06-12 07:10:00+00:00
125296831,jinan-telecom,wuhan-telecom,42.5431,0.0,icmp,1591945920,2020-06-12 07:12:00+00:00
125297070,jinan-telecom,wuhan-telecom,45.5849,0.0,icmp,1591946040,2020-06-12 07:14:00+00:00
125297310,jinan-telecom,wuhan-telecom,47.3268,0.0,icmp,1591946160,2020-06-12 07:16:00+00:00
125297521,jinan-telecom,wuhan-telecom,47.7985,0.0,icmp,1591946280,2020-06-12 07:18:00+00:00
125297757,jinan-telecom,wuhan-telecom,46.7039,0.0,icmp,1591946400,2020-06-12 07:20:00+00:00
125297973,jinan-telecom,wuhan-telecom,46.0384,0.0,icmp,1591946520,2020-06-12 07:22:00+00:00
125298203,jinan-telecom,wuhan-telecom,39.4391,0.0,icmp,1591946599,2020-06-12 07:23:19+00:00
125298427,jinan-telecom,wuhan-telecom,45.5165,0.0,icmp,1591946760,2020-06-12 07:26:00+00:00
125298668,jinan-telecom,wuhan-telecom,39.6348,0.0,icmp,1591946899,2020-06-12 07:28:19+00:00
125298887,jinan-telecom,wuhan-telecom,48.0853,0.0,icmp,1591947000,2020-06-12 07:30:00+00:00
125299122,jinan-telecom,wuhan-telecom,39.3448,0.0,icmp,1591947139,2020-06-12 07:32:19+00:00
125299354,jinan-telecom,wuhan-telecom,46.8529,0.0,icmp,1591947240,2020-06-12 07:34:00+00:00
125299592,jinan-telecom,wuhan-telecom,46.4921,0.0,icmp,1591947360,2020-06-12 07:36:00+00:00
125299806,jinan-telecom,wuhan-telecom,48.0154,0.0,icmp,1591947480,2020-06-12 07:38:00+00:00
125300031,jinan-telecom,wuhan-telecom,47.7551,0.0,icmp,1591947600,2020-06-12 07:40:00+00:00
125300273,jinan-telecom,wuhan-telecom,47.0632,0.0,icmp,1591947720,2020-06-12 07:42:00+00:00
125300511,jinan-telecom,wuhan-telecom,49.0584,0.0,icmp,1591947840,2020-06-12 07:44:00+00:00
125300735,jinan-telecom,wuhan-telecom,46.912,0.0,icmp,1591947960,2020-06-12 07:46:00+00:00
125300954,jinan-telecom,wuhan-telecom,47.58,0.0,icmp,1591948080,2020-06-12 07:48:00+00:00
125301198,jinan-telecom,wuhan-telecom,48.4858,0.0,icmp,1591948200,2020-06-12 07:50:00+00:00
125301425,jinan-telecom,wuhan-telecom,47.6493,0.0,icmp,1591948320,2020-06-12 07:52:00+00:00
125301636,jinan-telecom,wuhan-telecom,46.8747,0.0,icmp,1591948440,2020-06-12 07:54:00+00:00
125301887,jinan-telecom,wuhan-telecom,45.1209,0.0,icmp,1591948560,2020-06-12 07:56:00+00:00
125302098,jinan-telecom,wuhan-telecom,45.9837,0.0,icmp,1591948680,2020-06-12 07:58:00+00:00
125302337,jinan-telecom,wuhan-telecom,48.9219,0.0,icmp,1591948800,2020-06-12 08:00:00+00:00
125302553,jinan-telecom,wuhan-telecom,46.5954,0.0,icmp,1591948920,2020-06-12 08:02:00+00:00
125302785,jinan-telecom,wuhan-telecom,46.7514,0.0,icmp,1591949040,2020-06-12 08:04:00+00:00
125303018,jinan-telecom,wuhan-telecom,45.33,0.0,icmp,1591949160,2020-06-12 08:06:00+00:00
125303248,jinan-telecom,wuhan-telecom,46.1507,0.0,icmp,1591949280,2020-06-12 08:08:00+00:00
125303489,jinan-telecom,wuhan-telecom,47.4119,0.0,icmp,1591949400,2020-06-12 08:10:00+00:00
125303727,jinan-telecom,wuhan-telecom,46.055,0.0,icmp,1591949520,2020-06-12 08:12:00+00:00
125303925,jinan-telecom,wuhan-telecom,39.5703,0.0,icmp,1591949645,2020-06-12 08:14:05+00:00
125304172,jinan-telecom,wuhan-telecom,48.4826,0.0,icmp,1591949760,2020-06-12 08:16:00+00:00
125304393,jinan-telecom,wuhan-telecom,39.3448,0.0,icmp,1591949839,2020-06-12 08:17:19+00:00
125304635,jinan-telecom,wuhan-telecom,47.6001,0.0,icmp,1591950000,2020-06-12 08:20:00+00:00
125304848,jinan-telecom,wuhan-telecom,40.0428,0.0,icmp,1591950120,2020-06-12 08:22:00+00:00
125305081,jinan-telecom,wuhan-telecom,47.6244,0.0,icmp,1591950240,2020-06-12 08:24:00+00:00
125305324,jinan-telecom,wuhan-telecom,45.191,0.0,icmp,1591950360,2020-06-12 08:26:00+00:00
125305537,jinan-telecom,wuhan-telecom,39.4792,0.0,icmp,1591950439,2020-06-12 08:27:19+00:00
125305778,jinan-telecom,wuhan-telecom,45.9122,0.0,icmp,1591950600,2020-06-12 08:30:00+00:00
125306006,jinan-telecom,wuhan-telecom,49.0333,0.0,icmp,1591950720,2020-06-12 08:32:00+00:00
125306221,jinan-telecom,wuhan-telecom,40.1689,0.0,icmp,1591950840,2020-06-12 08:34:00+00:00
125306472,jinan-telecom,wuhan-telecom,39.3675,0.0,icmp,1591950919,2020-06-12 08:35:19+00:00
125306679,jinan-telecom,wuhan-telecom,45.6261,0.0,icmp,1591951080,2020-06-12 08:38:00+00:00
125306929,jinan-telecom,wuhan-telecom,48.4214,0.0,icmp,1591951200,2020-06-12 08:40:00+00:00
125307157,jinan-telecom,wuhan-telecom,48.0925,0.0,icmp,1591951320,2020-06-12 08:42:00+00:00
125307367,jinan-telecom,wuhan-telecom,46.8652,0.0,icmp,1591951440,2020-06-12 08:44:00+00:00
125307615,jinan-telecom,wuhan-telecom,47.2087,0.0,icmp,1591951560,2020-06-12 08:46:00+00:00
125307822,jinan-telecom,wuhan-telecom,48.0159,0.0,icmp,1591951680,2020-06-12 08:48:00+00:00
125308067,jinan-telecom,wuhan-telecom,47.834,0.0,icmp,1591951800,2020-06-12 08:50:00+00:00
125308292,jinan-telecom,wuhan-telecom,46.0804,0.0,icmp,1591951920,2020-06-12 08:52:00+00:00
125308512,jinan-telecom,wuhan-telecom,47.2217,0.0,icmp,1591952040,2020-06-12 08:54:00+00:00
125308765,jinan-telecom,wuhan-telecom,45.5374,0.0,icmp,1591952160,2020-06-12 08:56:00+00:00
125308975,jinan-telecom,wuhan-telecom,47.9916,0.0,icmp,1591952280,2020-06-12 08:58:00+00:00
125309202,jinan-telecom,wuhan-telecom,46.8239,0.0,icmp,1591952400,2020-06-12 09:00:00+00:00
125309423,jinan-telecom,wuhan-telecom,48.946,0.0,icmp,1591952520,2020-06-12 09:02:00+00:00
125309667,jinan-telecom,wuhan-telecom,39.576,0.0,icmp,1591952599,2020-06-12 09:03:19+00:00
125309925,jinan-telecom,wuhan-telecom,48.8921,0.0,icmp,1591952760,2020-06-12 09:06:00+00:00
125310112,jinan-telecom,wuhan-telecom,45.7418,0.0,icmp,1591952880,2020-06-12 09:08:00+00:00
125310358,jinan-telecom,wuhan-telecom,48.7263,0.0,icmp,1591953000,2020-06-12 09:10:00+00:00
125310589,jinan-telecom,wuhan-telecom,46.1454,0.0,icmp,1591953120,2020-06-12 09:12:00+00:00
125310820,jinan-telecom,wuhan-telecom,39.5314,0.0,icmp,1591953199,2020-06-12 09:13:19+00:00
125311046,jinan-telecom,wuhan-telecom,39.3343,0.0,icmp,1591953319,2020-06-12 09:15:19+00:00
125311281,jinan-telecom,wuhan-telecom,48.2217,0.0,icmp,1591953480,2020-06-12 09:18:00+00:00
125311495,jinan-telecom,wuhan-telecom,46.6686,0.0,icmp,1591953600,2020-06-12 09:20:00+00:00
125311726,jinan-telecom,wuhan-telecom,46.3563,0.0,icmp,1591953720,2020-06-12 09:22:00+00:00
125311957,jinan-telecom,wuhan-telecom,41.0261,0.0,icmp,1591953840,2020-06-12 09:24:00+00:00
125312187,jinan-telecom,wuhan-telecom,39.3264,0.0,icmp,1591953979,2020-06-12 09:26:19+00:00
125312409,jinan-telecom,wuhan-telecom,46.1166,0.0,icmp,1591954080,2020-06-12 09:28:00+00:00
125312636,jinan-telecom,wuhan-telecom,45.6908,0.0,icmp,1591954200,2020-06-12 09:30:00+00:00
125312894,jinan-telecom,wuhan-telecom,47.0337,0.0,icmp,1591954320,2020-06-12 09:32:00+00:00
125313103,jinan-telecom,wuhan-telecom,49.4941,0.0,icmp,1591954440,2020-06-12 09:34:00+00:00
125313356,jinan-telecom,wuhan-telecom,47.9822,0.0,icmp,1591954560,2020-06-12 09:36:00+00:00
125313558,jinan-telecom,wuhan-telecom,45.6167,0.0,icmp,1591954680,2020-06-12 09:38:00+00:00
125313785,jinan-telecom,wuhan-telecom,48.3831,0.0,icmp,1591954800,2020-06-12 09:40:00+00:00
125314029,jinan-telecom,wuhan-telecom,49.3754,0.0,icmp,1591954920,2020-06-12 09:42:00+00:00
125314253,jinan-telecom,wuhan-telecom,46.2111,0.0,icmp,1591955040,2020-06-12 09:44:00+00:00
125314476,jinan-telecom,wuhan-telecom,39.4271,0.0,icmp,1591955179,2020-06-12 09:46:19+00:00
125314688,jinan-telecom,wuhan-telecom,46.7656,0.0,icmp,1591955280,2020-06-12 09:48:00+00:00
125314932,jinan-telecom,wuhan-telecom,48.109,0.0,icmp,1591955400,2020-06-12 09:50:00+00:00
125315166,jinan-telecom,wuhan-telecom,39.3721,0.0,icmp,1591955479,2020-06-12 09:51:19+00:00
125315377,jinan-telecom,wuhan-telecom,47.1456,0.0,icmp,1591955640,2020-06-12 09:54:00+00:00
125315616,jinan-telecom,wuhan-telecom,47.2816,0.0,icmp,1591955760,2020-06-12 09:56:00+00:00
125315845,jinan-telecom,wuhan-telecom,46.513,0.0,icmp,1591955880,2020-06-12 09:58:00+00:00
125316086,jinan-telecom,wuhan-telecom,47.9548,0.0,icmp,1591956000,2020-06-12 10:00:00+00:00
125316296,jinan-telecom,wuhan-telecom,46.2169,0.0,icmp,1591956120,2020-06-12 10:02:00+00:00
125316537,jinan-telecom,wuhan-telecom,48.1899,0.0,icmp,1591956240,2020-06-12 10:04:00+00:00
125316773,jinan-telecom,wuhan-telecom,39.5072,0.0,icmp,1591956319,2020-06-12 10:05:19+00:00
125316972,jinan-telecom,wuhan-telecom,39.3312,0.0,icmp,1591956439,2020-06-12 10:07:19+00:00
125317223,jinan-telecom,wuhan-telecom,48.7954,0.0,icmp,1591956600,2020-06-12 10:10:00+00:00
125317452,jinan-telecom,wuhan-telecom,39.6411,0.0,icmp,1591956739,2020-06-12 10:12:19+00:00
125317679,jinan-telecom,wuhan-telecom,45.5378,0.0,icmp,1591956840,2020-06-12 10:14:00+00:00
125317898,jinan-telecom,wuhan-telecom,39.6626,0.0,icmp,1591956919,2020-06-12 10:15:19+00:00
125318145,jinan-telecom,wuhan-telecom,47.2341,0.0,icmp,1591957080,2020-06-12 10:18:00+00:00
125318358,jinan-telecom,wuhan-telecom,48.0291,0.0,icmp,1591957200,2020-06-12 10:20:00+00:00
125318606,jinan-telecom,wuhan-telecom,48.9955,0.0,icmp,1591957320,2020-06-12 10:22:00+00:00
125318812,jinan-telecom,wuhan-telecom,42.1054,0.0,icmp,1591957440,2020-06-12 10:24:00+00:00
125319040,jinan-telecom,wuhan-telecom,48.9574,0.0,icmp,1591957560,2020-06-12 10:26:00+00:00
125319282,jinan-telecom,wuhan-telecom,47.7503,0.0,icmp,1591957624,2020-06-12 10:27:04+00:00
125319525,jinan-telecom,wuhan-telecom,46.7115,0.0,icmp,1591957800,2020-06-12 10:30:00+00:00
125319747,jinan-telecom,wuhan-telecom,39.3259,0.0,icmp,1591957879,2020-06-12 10:31:19+00:00
125319955,jinan-telecom,wuhan-telecom,48.3075,0.0,icmp,1591958040,2020-06-12 10:34:00+00:00
125320223,jinan-telecom,wuhan-telecom,39.4814,0.0,icmp,1591958119,2020-06-12 10:35:19+00:00
125320434,jinan-telecom,wuhan-telecom,39.341,0.0,icmp,1591958299,2020-06-12 10:38:19+00:00
125320641,jinan-telecom,wuhan-telecom,48.8114,0.0,icmp,1591958400,2020-06-12 10:40:00+00:00
125320889,jinan-telecom,wuhan-telecom,49.6478,0.0,icmp,1591958520,2020-06-12 10:42:00+00:00
125321129,jinan-telecom,wuhan-telecom,46.2133,0.0,icmp,1591958640,2020-06-12 10:44:00+00:00
125321330,jinan-telecom,wuhan-telecom,46.6498,0.0,icmp,1591958760,2020-06-12 10:46:00+00:00
125321580,jinan-telecom,wuhan-telecom,46.4961,0.0,icmp,1591958880,2020-06-12 10:48:00+00:00
125321799,jinan-telecom,wuhan-telecom,46.9442,0.0,icmp,1591959000,2020-06-12 10:50:00+00:00
125322019,jinan-telecom,wuhan-telecom,46.4532,0.0,icmp,1591959120,2020-06-12 10:52:00+00:00
125322281,jinan-telecom,wuhan-telecom,47.5862,0.0,icmp,1591959240,2020-06-12 10:54:00+00:00
125322497,jinan-telecom,wuhan-telecom,39.4489,0.0,icmp,1591959319,2020-06-12 10:55:19+00:00
125322716,jinan-telecom,wuhan-telecom,39.3146,0.0,icmp,1591959439,2020-06-12 10:57:19+00:00
125322948,jinan-telecom,wuhan-telecom,47.6686,0.0,icmp,1591959600,2020-06-12 11:00:00+00:00
125323194,jinan-telecom,wuhan-telecom,47.2693,0.0,icmp,1591959720,2020-06-12 11:02:00+00:00
125323407,jinan-telecom,wuhan-telecom,48.5489,0.0,icmp,1591959840,2020-06-12 11:04:00+00:00
125323620,jinan-telecom,wuhan-telecom,45.2491,0.0,icmp,1591959960,2020-06-12 11:06:00+00:00
125323864,jinan-telecom,wuhan-telecom,44.6843,0.0,icmp,1591960080,2020-06-12 11:08:00+00:00
125324097,jinan-telecom,wuhan-telecom,46.4585,0.0,icmp,1591960200,2020-06-12 11:10:00+00:00
125324325,jinan-telecom,wuhan-telecom,47.535,0.0,icmp,1591960320,2020-06-12 11:12:00+00:00
125324547,jinan-telecom,wuhan-telecom,48.1238,0.0,icmp,1591960440,2020-06-12 11:14:00+00:00
125324773,jinan-telecom,wuhan-telecom,49.5433,0.0,icmp,1591960560,2020-06-12 11:16:00+00:00
125324998,jinan-telecom,wuhan-telecom,46.2294,0.0,icmp,1591960680,2020-06-12 11:18:00+00:00
125325229,jinan-telecom,wuhan-telecom,39.3232,0.0,icmp,1591960759,2020-06-12 11:19:19+00:00
125325460,jinan-telecom,wuhan-telecom,45.8592,0.0,icmp,1591960920,2020-06-12 11:22:00+00:00
125325706,jinan-telecom,wuhan-telecom,45.9676,0.0,icmp,1591961040,2020-06-12 11:24:00+00:00
125325933,jinan-telecom,wuhan-telecom,45.3857,0.0,icmp,1591961160,2020-06-12 11:26:00+00:00
125326164,jinan-telecom,wuhan-telecom,47.9252,0.0,icmp,1591961280,2020-06-12 11:28:00+00:00
125326384,jinan-telecom,wuhan-telecom,39.6864,0.0,icmp,1591961359,2020-06-12 11:29:19+00:00
125326616,jinan-telecom,wuhan-telecom,48.6681,0.0,icmp,1591961520,2020-06-12 11:32:00+00:00
125326850,jinan-telecom,wuhan-telecom,46.0473,0.0,icmp,1591961640,2020-06-12 11:34:00+00:00
125327058,jinan-telecom,wuhan-telecom,45.7818,0.0,icmp,1591961760,2020-06-12 11:36:00+00:00
125327319,jinan-telecom,wuhan-telecom,39.3631,0.0,icmp,1591961899,2020-06-12 11:38:19+00:00
125327513,jinan-telecom,wuhan-telecom,47.5791,0.0,icmp,1591962000,2020-06-12 11:40:00+00:00
125327767,jinan-telecom,wuhan-telecom,48.6914,0.0,icmp,1591962120,2020-06-12 11:42:00+00:00
125327991,jinan-telecom,wuhan-telecom,47.4746,0.0,icmp,1591962240,2020-06-12 11:44:00+00:00
125328211,jinan-telecom,wuhan-telecom,39.4856,0.0,icmp,1591962304,2020-06-12 11:45:04+00:00
125328455,jinan-telecom,wuhan-telecom,49.2287,0.0,icmp,1591962480,2020-06-12 11:48:00+00:00
125328665,jinan-telecom,wuhan-telecom,46.7616,0.0,icmp,1591962600,2020-06-12 11:50:00+00:00
125328894,jinan-telecom,wuhan-telecom,39.3351,0.0,icmp,1591962679,2020-06-12 11:51:19+00:00
125329133,jinan-telecom,wuhan-telecom,39.5667,0.0,icmp,1591962859,2020-06-12 11:54:19+00:00
125329343,jinan-telecom,wuhan-telecom,47.7225,0.0,icmp,1591962960,2020-06-12 11:56:00+00:00
125329581,jinan-telecom,wuhan-telecom,48.3861,0.0,icmp,1591963080,2020-06-12 11:58:00+00:00
125329785,jinan-telecom,wuhan-telecom,39.4012,0.0,icmp,1591963219,2020-06-12 12:00:19+00:00
125330039,jinan-telecom,wuhan-telecom,45.567,0.0,icmp,1591963320,2020-06-12 12:02:00+00:00
125330272,jinan-telecom,wuhan-telecom,46.474,0.0,icmp,1591963440,2020-06-12 12:04:00+00:00
125330502,jinan-telecom,wuhan-telecom,39.5281,0.0,icmp,1591963579,2020-06-12 12:06:19+00:00
125330744,jinan-telecom,wuhan-telecom,48.5303,0.0,icmp,1591963680,2020-06-12 12:08:00+00:00
125330972,jinan-telecom,wuhan-telecom,47.4416,0.0,icmp,1591963800,2020-06-12 12:10:00+00:00
125331198,jinan-telecom,wuhan-telecom,48.8793,0.0,icmp,1591963920,2020-06-12 12:12:00+00:00
125331421,jinan-telecom,wuhan-telecom,48.6336,0.0,icmp,1591964040,2020-06-12 12:14:00+00:00
125331643,jinan-telecom,wuhan-telecom,46.3598,0.0,icmp,1591964160,2020-06-12 12:16:00+00:00
125331875,jinan-telecom,wuhan-telecom,39.6836,0.0,icmp,1591964224,2020-06-12 12:17:04+00:00
125332118,jinan-telecom,wuhan-telecom,39.4674,0.0,icmp,1591964405,2020-06-12 12:20:05+00:00
125332333,jinan-telecom,wuhan-telecom,46.1801,0.0,icmp,1591964520,2020-06-12 12:22:00+00:00
125332570,jinan-telecom,wuhan-telecom,48.9099,0.0,icmp,1591964640,2020-06-12 12:24:00+00:00
125332798,jinan-telecom,wuhan-telecom,39.4247,0.0,icmp,1591964719,2020-06-12 12:25:19+00:00
125333034,jinan-telecom,wuhan-telecom,50.7096,0.0,icmp,1591964880,2020-06-12 12:28:00+00:00
125333261,jinan-telecom,wuhan-telecom,46.3235,0.0,icmp,1591965000,2020-06-12 12:30:00+00:00
125333476,jinan-telecom,wuhan-telecom,46.3078,0.0,icmp,1591965120,2020-06-12 12:32:00+00:00
125333716,jinan-telecom,wuhan-telecom,48.6887,0.0,icmp,1591965240,2020-06-12 12:34:00+00:00
125333942,jinan-telecom,wuhan-telecom,47.2726,0.0,icmp,1591965360,2020-06-12 12:36:00+00:00
125334164,jinan-telecom,wuhan-telecom,50.612,0.0,icmp,1591965480,2020-06-12 12:38:00+00:00
125334394,jinan-telecom,wuhan-telecom,46.943,0.0,icmp,1591965600,2020-06-12 12:40:00+00:00
125334639,jinan-telecom,wuhan-telecom,47.9104,0.0,icmp,1591965720,2020-06-12 12:42:00+00:00
125334824,jinan-telecom,wuhan-telecom,45.8026,0.0,icmp,1591965840,2020-06-12 12:44:00+00:00
125335089,jinan-telecom,wuhan-telecom,47.8333,0.0,icmp,1591965960,2020-06-12 12:46:00+00:00
125335298,jinan-telecom,wuhan-telecom,46.8396,0.0,icmp,1591966080,2020-06-12 12:48:00+00:00
125335555,jinan-telecom,wuhan-telecom,47.9572,0.0,icmp,1591966200,2020-06-12 12:50:00+00:00
125335766,jinan-telecom,wuhan-telecom,39.4527,0.0,icmp,1591966339,2020-06-12 12:52:19+00:00
125335981,jinan-telecom,wuhan-telecom,46.3438,0.0,icmp,1591966440,2020-06-12 12:54:00+00:00
125336237,jinan-telecom,wuhan-telecom,47.8028,0.0,icmp,1591966560,2020-06-12 12:56:00+00:00
125336446,jinan-telecom,wuhan-telecom,39.4625,0.0,icmp,1591966639,2020-06-12 12:57:19+00:00
125336711,jinan-telecom,wuhan-telecom,46.9863,0.0,icmp,1591966800,2020-06-12 13:00:00+00:00
125336915,jinan-telecom,wuhan-telecom,46.5263,0.0,icmp,1591966920,2020-06-12 13:02:00+00:00
125337171,jinan-telecom,wuhan-telecom,46.9362,0.0,icmp,1591967040,2020-06-12 13:04:00+00:00
125337369,jinan-telecom,wuhan-telecom,45.823,0.0,icmp,1591967160,2020-06-12 13:06:00+00:00
125337599,jinan-telecom,wuhan-telecom,46.7383,0.0,icmp,1591967280,2020-06-12 13:08:00+00:00
125337831,jinan-telecom,wuhan-telecom,39.4792,0.0,icmp,1591967359,2020-06-12 13:09:19+00:00
125338068,jinan-telecom,wuhan-telecom,47.223,0.0,icmp,1591967520,2020-06-12 13:12:00+00:00
125338276,jinan-telecom,wuhan-telecom,48.871,0.0,icmp,1591967640,2020-06-12 13:14:00+00:00
125338507,jinan-telecom,wuhan-telecom,48.3364,0.0,icmp,1591967760,2020-06-12 13:16:00+00:00
125338739,jinan-telecom,wuhan-telecom,39.8876,0.0,icmp,1591967884,2020-06-12 13:18:04+00:00
125338985,jinan-telecom,wuhan-telecom,46.8734,0.0,icmp,1591968000,2020-06-12 13:20:00+00:00
125339199,jinan-telecom,wuhan-telecom,40.3101,0.0,icmp,1591968079,2020-06-12 13:21:19+00:00
125339429,jinan-telecom,wuhan-telecom,47.6903,0.0,icmp,1591968240,2020-06-12 13:24:00+00:00
125339658,jinan-telecom,wuhan-telecom,48.0496,0.0,icmp,1591968360,2020-06-12 13:26:00+00:00
125339902,jinan-telecom,wuhan-telecom,46.4615,0.0,icmp,1591968480,2020-06-12 13:28:00+00:00
125340129,jinan-telecom,wuhan-telecom,39.9204,0.0,icmp,1591968619,2020-06-12 13:30:19+00:00
125340386,jinan-telecom,wuhan-telecom,48.067,1.0,icmp,1591968720,2020-06-12 13:32:00+00:00
125340571,jinan-telecom,wuhan-telecom,47.6678,0.0,icmp,1591968840,2020-06-12 13:34:00+00:00
125340804,jinan-telecom,wuhan-telecom,47.344,0.0,icmp,1591968960,2020-06-12 13:36:00+00:00
125341029,jinan-telecom,wuhan-telecom,47.4061,0.0,icmp,1591969080,2020-06-12 13:38:00+00:00
125341288,jinan-telecom,wuhan-telecom,45.7402,0.0,icmp,1591969200,2020-06-12 13:40:00+00:00
125341490,jinan-telecom,wuhan-telecom,47.4637,0.0,icmp,1591969320,2020-06-12 13:42:00+00:00
125341730,jinan-telecom,wuhan-telecom,45.1905,0.0,icmp,1591969440,2020-06-12 13:44:00+00:00
125341943,jinan-telecom,wuhan-telecom,39.371,0.0,icmp,1591969519,2020-06-12 13:45:19+00:00
125342197,jinan-telecom,wuhan-telecom,47.9164,0.0,icmp,1591969680,2020-06-12 13:48:00+00:00
125342406,jinan-telecom,wuhan-telecom,46.7354,0.0,icmp,1591969800,2020-06-12 13:50:00+00:00
125342627,jinan-telecom,wuhan-telecom,48.1768,0.0,icmp,1591969920,2020-06-12 13:52:00+00:00
125342878,jinan-telecom,wuhan-telecom,39.5055,0.0,icmp,1591970059,2020-06-12 13:54:19+00:00
125343099,jinan-telecom,wuhan-telecom,45.6712,0.0,icmp,1591970160,2020-06-12 13:56:00+00:00
125343338,jinan-telecom,wuhan-telecom,47.6049,0.0,icmp,1591970280,2020-06-12 13:58:00+00:00
125343542,jinan-telecom,wuhan-telecom,48.4566,0.0,icmp,1591970400,2020-06-12 14:00:00+00:00
125343766,jinan-telecom,wuhan-telecom,46.9258,0.0,icmp,1591970520,2020-06-12 14:02:00+00:00
125344003,jinan-telecom,wuhan-telecom,39.3568,0.0,icmp,1591970599,2020-06-12 14:03:19+00:00
125344229,jinan-telecom,wuhan-telecom,47.9014,0.0,icmp,1591970760,2020-06-12 14:06:00+00:00
125344473,jinan-telecom,wuhan-telecom,39.5198,0.0,icmp,1591970839,2020-06-12 14:07:19+00:00
125344719,jinan-telecom,wuhan-telecom,39.5375,0.0,icmp,1591971019,2020-06-12 14:10:19+00:00
125344914,jinan-telecom,wuhan-telecom,49.6379,0.0,icmp,1591971120,2020-06-12 14:12:00+00:00
125345159,jinan-telecom,wuhan-telecom,46.5951,0.0,icmp,1591971240,2020-06-12 14:14:00+00:00
125345380,jinan-telecom,wuhan-telecom,45.242,0.0,icmp,1591971360,2020-06-12 14:16:00+00:00
125345622,jinan-telecom,wuhan-telecom,45.5729,0.0,icmp,1591971480,2020-06-12 14:18:00+00:00
125345843,jinan-telecom,wuhan-telecom,46.6145,0.0,icmp,1591971600,2020-06-12 14:20:00+00:00
125346083,jinan-telecom,wuhan-telecom,46.3083,0.0,icmp,1591971720,2020-06-12 14:22:00+00:00
125346335,jinan-telecom,wuhan-telecom,46.0019,0.0,icmp,1591971840,2020-06-12 14:24:00+00:00
125346548,jinan-telecom,wuhan-telecom,39.3486,0.0,icmp,1591971979,2020-06-12 14:26:19+00:00
125346760,jinan-telecom,wuhan-telecom,49.4262,0.0,icmp,1591972080,2020-06-12 14:28:00+00:00
125346988,jinan-telecom,wuhan-telecom,47.126,0.0,icmp,1591972200,2020-06-12 14:30:00+00:00
125347228,jinan-telecom,wuhan-telecom,46.7969,0.0,icmp,1591972320,2020-06-12 14:32:00+00:00
125347447,jinan-telecom,wuhan-telecom,45.8393,0.0,icmp,1591972440,2020-06-12 14:34:00+00:00
125347691,jinan-telecom,wuhan-telecom,46.3472,0.0,icmp,1591972560,2020-06-12 14:36:00+00:00
125347915,jinan-telecom,wuhan-telecom,39.5687,0.0,icmp,1591972699,2020-06-12 14:38:19+00:00
125348150,jinan-telecom,wuhan-telecom,47.4405,0.0,icmp,1591972800,2020-06-12 14:40:00+00:00
125348369,jinan-telecom,wuhan-telecom,39.3122,0.0,icmp,1591972879,2020-06-12 14:41:19+00:00
125348620,jinan-telecom,wuhan-telecom,46.0695,0.0,icmp,1591973040,2020-06-12 14:44:00+00:00
125348829,jinan-telecom,wuhan-telecom,39.3613,0.0,icmp,1591973119,2020-06-12 14:45:19+00:00
125349041,jinan-telecom,wuhan-telecom,48.642,0.0,icmp,1591973280,2020-06-12 14:48:00+00:00
125349295,jinan-telecom,wuhan-telecom,47.1879,0.0,icmp,1591973400,2020-06-12 14:50:00+00:00
125349514,jinan-telecom,wuhan-telecom,41.5567,0.0,icmp,1591973520,2020-06-12 14:52:00+00:00
125349724,jinan-telecom,wuhan-telecom,48.0281,0.0,icmp,1591973640,2020-06-12 14:54:00+00:00
125349989,jinan-telecom,wuhan-telecom,39.345,0.0,icmp,1591973719,2020-06-12 14:55:19+00:00
125350206,jinan-telecom,wuhan-telecom,47.5289,0.0,icmp,1591973880,2020-06-12 14:58:00+00:00
125350435,jinan-telecom,wuhan-telecom,39.4545,0.0,icmp,1591973959,2020-06-12 14:59:19+00:00
125350656,jinan-telecom,wuhan-telecom,47.6965,0.0,icmp,1591974120,2020-06-12 15:02:00+00:00
125350872,jinan-telecom,wuhan-telecom,46.0256,0.0,icmp,1591974240,2020-06-12 15:04:00+00:00
125351126,jinan-telecom,wuhan-telecom,47.6952,0.0,icmp,1591974360,2020-06-12 15:06:00+00:00
125351356,jinan-telecom,wuhan-telecom,39.3496,0.0,icmp,1591974439,2020-06-12 15:07:19+00:00
125351548,jinan-telecom,wuhan-telecom,39.4144,0.0,icmp,1591974559,2020-06-12 15:09:19+00:00
125351788,jinan-telecom,wuhan-telecom,47.8082,0.0,icmp,1591974720,2020-06-12 15:12:00+00:00
125352019,jinan-telecom,wuhan-telecom,41.6878,0.0,icmp,1591974840,2020-06-12 15:14:00+00:00
125352247,jinan-telecom,wuhan-telecom,45.8905,0.0,icmp,1591974960,2020-06-12 15:16:00+00:00
125352486,jinan-telecom,wuhan-telecom,48.6108,0.0,icmp,1591975080,2020-06-12 15:18:00+00:00
125352728,jinan-telecom,wuhan-telecom,46.2185,0.0,icmp,1591975200,2020-06-12 15:20:00+00:00
125352946,jinan-telecom,wuhan-telecom,47.3771,0.0,icmp,1591975320,2020-06-12 15:22:00+00:00
125353166,jinan-telecom,wuhan-telecom,39.6517,0.0,icmp,1591975399,2020-06-12 15:23:19+00:00
125353397,jinan-telecom,wuhan-telecom,39.8658,0.0,icmp,1591975560,2020-06-12 15:26:00+00:00
125353618,jinan-telecom,wuhan-telecom,42.1979,0.0,icmp,1591975680,2020-06-12 15:28:00+00:00
125353879,jinan-telecom,wuhan-telecom,39.3184,0.0,icmp,1591975819,2020-06-12 15:30:19+00:00
125354082,jinan-telecom,wuhan-telecom,39.3273,0.0,icmp,1591975939,2020-06-12 15:32:19+00:00
125354306,jinan-telecom,wuhan-telecom,48.6717,0.0,icmp,1591976040,2020-06-12 15:34:00+00:00
125354542,jinan-telecom,wuhan-telecom,41.7633,0.0,icmp,1591976160,2020-06-12 15:36:00+00:00
125354779,jinan-telecom,wuhan-telecom,47.2736,0.0,icmp,1591976280,2020-06-12 15:38:00+00:00
125355012,jinan-telecom,wuhan-telecom,45.5834,0.0,icmp,1591976400,2020-06-12 15:40:00+00:00
125355235,jinan-telecom,wuhan-telecom,39.4187,0.0,icmp,1591976479,2020-06-12 15:41:19+00:00
125355456,jinan-telecom,wuhan-telecom,43.8168,0.0,icmp,1591976640,2020-06-12 15:44:00+00:00
125355685,jinan-telecom,wuhan-telecom,39.4807,0.0,icmp,1591976779,2020-06-12 15:46:19+00:00
125355935,jinan-telecom,wuhan-telecom,47.9383,0.0,icmp,1591976880,2020-06-12 15:48:00+00:00
125356163,jinan-telecom,wuhan-telecom,45.2511,1.0,icmp,1591977000,2020-06-12 15:50:00+00:00
125356373,jinan-telecom,wuhan-telecom,39.4057,0.0,icmp,1591977139,2020-06-12 15:52:19+00:00
125356613,jinan-telecom,wuhan-telecom,45.6135,0.0,icmp,1591977240,2020-06-12 15:54:00+00:00
125356835,jinan-telecom,wuhan-telecom,39.4699,0.0,icmp,1591977379,2020-06-12 15:56:19+00:00
125357073,jinan-telecom,wuhan-telecom,46.1308,2.0,icmp,1591977480,2020-06-12 15:58:00+00:00
125357289,jinan-telecom,wuhan-telecom,48.9279,0.0,icmp,1591977600,2020-06-12 16:00:00+00:00
125357517,jinan-telecom,wuhan-telecom,47.2089,0.0,icmp,1591977720,2020-06-12 16:02:00+00:00
125357751,jinan-telecom,wuhan-telecom,48.24,0.0,icmp,1591977840,2020-06-12 16:04:00+00:00
125357980,jinan-telecom,wuhan-telecom,48.0265,0.0,icmp,1591977960,2020-06-12 16:06:00+00:00
125358181,jinan-telecom,wuhan-telecom,39.4768,0.0,icmp,1591978039,2020-06-12 16:07:19+00:00
125358430,jinan-telecom,wuhan-telecom,46.1192,0.0,icmp,1591978200,2020-06-12 16:10:00+00:00
125358656,jinan-telecom,wuhan-telecom,46.8405,0.0,icmp,1591978320,2020-06-12 16:12:00+00:00
125358886,jinan-telecom,wuhan-telecom,39.3178,0.0,icmp,1591978459,2020-06-12 16:14:19+00:00
125359113,jinan-telecom,wuhan-telecom,39.4075,0.0,icmp,1591978579,2020-06-12 16:16:19+00:00
125359333,jinan-telecom,wuhan-telecom,39.5546,0.0,icmp,1591978699,2020-06-12 16:18:19+00:00
125359553,jinan-telecom,wuhan-telecom,39.3318,0.0,icmp,1591978819,2020-06-12 16:20:19+00:00
125359807,jinan-telecom,wuhan-telecom,47.8558,0.0,icmp,1591978920,2020-06-12 16:22:00+00:00
125360023,jinan-telecom,wuhan-telecom,47.1809,0.0,icmp,1591979040,2020-06-12 16:24:00+00:00
125360241,jinan-telecom,wuhan-telecom,45.6259,0.0,icmp,1591979160,2020-06-12 16:26:00+00:00
125360499,jinan-telecom,wuhan-telecom,39.442,0.0,icmp,1591979299,2020-06-12 16:28:19+00:00
125360676,jinan-telecom,wuhan-telecom,46.9188,0.0,icmp,1591979400,2020-06-12 16:30:00+00:00
125360892,jinan-telecom,wuhan-telecom,45.6511,0.0,icmp,1591979520,2020-06-12 16:32:00+00:00
125361117,jinan-telecom,wuhan-telecom,39.4468,0.0,icmp,1591979599,2020-06-12 16:33:19+00:00
125361348,jinan-telecom,wuhan-telecom,45.2598,0.0,icmp,1591979760,2020-06-12 16:36:00+00:00
125361570,jinan-telecom,wuhan-telecom,45.9837,0.0,icmp,1591979880,2020-06-12 16:38:00+00:00
125361783,jinan-telecom,wuhan-telecom,44.596,0.0,icmp,1591980000,2020-06-12 16:40:00+00:00
125362034,jinan-telecom,wuhan-telecom,46.287,0.0,icmp,1591980120,2020-06-12 16:42:00+00:00
125362248,jinan-telecom,wuhan-telecom,45.77,0.0,icmp,1591980240,2020-06-12 16:44:00+00:00
125362469,jinan-telecom,wuhan-telecom,39.6603,0.0,icmp,1591980319,2020-06-12 16:45:19+00:00
125362697,jinan-telecom,wuhan-telecom,46.0867,0.0,icmp,1591980480,2020-06-12 16:48:00+00:00
125362919,jinan-telecom,wuhan-telecom,46.6002,0.0,icmp,1591980600,2020-06-12 16:50:00+00:00
125363150,jinan-telecom,wuhan-telecom,46.6413,0.0,icmp,1591980720,2020-06-12 16:52:00+00:00
125363365,jinan-telecom,wuhan-telecom,44.3105,0.0,icmp,1591980840,2020-06-12 16:54:00+00:00
125363582,jinan-telecom,wuhan-telecom,45.2459,0.0,icmp,1591980960,2020-06-12 16:56:00+00:00
125363811,jinan-telecom,wuhan-telecom,39.304,0.0,icmp,1591981039,2020-06-12 16:57:19+00:00
125364062,jinan-telecom,wuhan-telecom,39.5243,0.0,icmp,1591981159,2020-06-12 16:59:19+00:00
125364279,jinan-telecom,wuhan-telecom,47.253,0.0,icmp,1591981320,2020-06-12 17:02:00+00:00
125364503,jinan-telecom,wuhan-telecom,40.171,0.0,icmp,1591981440,2020-06-12 17:04:00+00:00
125364721,jinan-telecom,wuhan-telecom,47.0447,0.0,icmp,1591981560,2020-06-12 17:06:00+00:00
125364955,jinan-telecom,wuhan-telecom,39.3288,0.0,icmp,1591981699,2020-06-12 17:08:19+00:00
125365193,jinan-telecom,wuhan-telecom,49.0291,0.0,icmp,1591981800,2020-06-12 17:10:00+00:00
125365406,jinan-telecom,wuhan-telecom,46.8944,0.0,icmp,1591981920,2020-06-12 17:12:00+00:00
125365621,jinan-telecom,wuhan-telecom,39.5037,0.0,icmp,1591981999,2020-06-12 17:13:19+00:00
125365860,jinan-telecom,wuhan-telecom,48.0784,0.0,icmp,1591982160,2020-06-12 17:16:00+00:00
125366087,jinan-telecom,wuhan-telecom,39.3288,0.0,icmp,1591982299,2020-06-12 17:18:19+00:00
125366316,jinan-telecom,wuhan-telecom,49.3893,0.0,icmp,1591982400,2020-06-12 17:20:00+00:00
125366526,jinan-telecom,wuhan-telecom,49.9984,0.0,icmp,1591982520,2020-06-12 17:22:00+00:00
125366773,jinan-telecom,wuhan-telecom,47.9767,0.0,icmp,1591982640,2020-06-12 17:24:00+00:00
125366980,jinan-telecom,wuhan-telecom,39.3186,0.0,icmp,1591982719,2020-06-12 17:25:19+00:00
125367218,jinan-telecom,wuhan-telecom,45.3402,0.0,icmp,1591982880,2020-06-12 17:28:00+00:00
125367442,jinan-telecom,wuhan-telecom,46.1445,0.0,icmp,1591983000,2020-06-12 17:30:00+00:00
125367681,jinan-telecom,wuhan-telecom,47.5584,0.0,icmp,1591983120,2020-06-12 17:32:00+00:00
125367910,jinan-telecom,wuhan-telecom,47.2072,0.0,icmp,1591983240,2020-06-12 17:34:00+00:00
125368166,jinan-telecom,wuhan-telecom,39.3864,0.0,icmp,1591983379,2020-06-12 17:36:19+00:00
125368377,jinan-telecom,wuhan-telecom,39.5858,0.0,icmp,1591983499,2020-06-12 17:38:19+00:00
125368621,jinan-telecom,wuhan-telecom,43.6805,0.0,icmp,1591983600,2020-06-12 17:40:00+00:00
125368835,jinan-telecom,wuhan-telecom,48.3057,0.0,icmp,1591983720,2020-06-12 17:42:00+00:00
125369069,jinan-telecom,wuhan-telecom,44.4489,0.0,icmp,1591983840,2020-06-12 17:44:00+00:00
125369283,jinan-telecom,wuhan-telecom,48.2604,0.0,icmp,1591983960,2020-06-12 17:46:00+00:00
125369518,jinan-telecom,wuhan-telecom,47.5804,0.0,icmp,1591984080,2020-06-12 17:48:00+00:00
125369754,jinan-telecom,wuhan-telecom,44.1354,0.0,icmp,1591984200,2020-06-12 17:50:00+00:00
125369965,jinan-telecom,wuhan-telecom,46.2454,0.0,icmp,1591984320,2020-06-12 17:52:00+00:00
125370201,jinan-telecom,wuhan-telecom,47.8366,0.0,icmp,1591984440,2020-06-12 17:54:00+00:00
125370425,jinan-telecom,wuhan-telecom,39.3398,0.0,icmp,1591984519,2020-06-12 17:55:19+00:00
125370674,jinan-telecom,wuhan-telecom,45.0399,0.0,icmp,1591984680,2020-06-12 17:58:00+00:00
125370887,jinan-telecom,wuhan-telecom,39.3329,0.0,icmp,1591984819,2020-06-12 18:00:19+00:00
125371126,jinan-telecom,wuhan-telecom,46.1667,0.0,icmp,1591984920,2020-06-12 18:02:00+00:00
125371334,jinan-telecom,wuhan-telecom,46.6814,0.0,icmp,1591985040,2020-06-12 18:04:00+00:00
125371565,jinan-telecom,wuhan-telecom,48.5199,0.0,icmp,1591985160,2020-06-12 18:06:00+00:00
125371811,jinan-telecom,wuhan-telecom,42.6794,0.0,icmp,1591985280,2020-06-12 18:08:00+00:00
125372043,jinan-telecom,wuhan-telecom,47.8005,0.0,icmp,1591985400,2020-06-12 18:10:00+00:00
125372251,jinan-telecom,wuhan-telecom,45.578,0.0,icmp,1591985520,2020-06-12 18:12:00+00:00
125372501,jinan-telecom,wuhan-telecom,41.8452,0.0,icmp,1591985640,2020-06-12 18:14:00+00:00
125372738,jinan-telecom,wuhan-telecom,45.1766,0.0,icmp,1591985760,2020-06-12 18:16:00+00:00
125372944,jinan-telecom,wuhan-telecom,48.3181,0.0,icmp,1591985880,2020-06-12 18:18:00+00:00
125373184,jinan-telecom,wuhan-telecom,39.3546,0.0,icmp,1591986019,2020-06-12 18:20:19+00:00
125373420,jinan-telecom,wuhan-telecom,47.191,0.0,icmp,1591986120,2020-06-12 18:22:00+00:00
125373627,jinan-telecom,wuhan-telecom,39.4232,0.0,icmp,1591986185,2020-06-12 18:23:05+00:00
125373870,jinan-telecom,wuhan-telecom,39.3347,0.0,icmp,1591986379,2020-06-12 18:26:19+00:00
125374110,jinan-telecom,wuhan-telecom,47.5538,0.0,icmp,1591986480,2020-06-12 18:28:00+00:00
125374334,jinan-telecom,wuhan-telecom,45.7973,0.0,icmp,1591986600,2020-06-12 18:30:00+00:00
125374545,jinan-telecom,wuhan-telecom,39.6952,0.0,icmp,1591986739,2020-06-12 18:32:19+00:00
125374779,jinan-telecom,wuhan-telecom,47.9411,0.0,icmp,1591986840,2020-06-12 18:34:00+00:00
125375014,jinan-telecom,wuhan-telecom,46.9883,0.0,icmp,1591986960,2020-06-12 18:36:00+00:00
125375256,jinan-telecom,wuhan-telecom,47.0044,0.0,icmp,1591987080,2020-06-12 18:38:00+00:00
125375477,jinan-telecom,wuhan-telecom,48.4321,0.0,icmp,1591987200,2020-06-12 18:40:00+00:00
125375700,jinan-telecom,wuhan-telecom,40.1201,0.0,icmp,1591987320,2020-06-12 18:42:00+00:00
125375923,jinan-telecom,wuhan-telecom,39.5187,0.0,icmp,1591987399,2020-06-12 18:43:19+00:00
125376170,jinan-telecom,wuhan-telecom,46.0306,0.0,icmp,1591987560,2020-06-12 18:46:00+00:00
125376376,jinan-telecom,wuhan-telecom,48.2757,0.0,icmp,1591987680,2020-06-12 18:48:00+00:00
125376607,jinan-telecom,wuhan-telecom,45.8399,0.0,icmp,1591987800,2020-06-12 18:50:00+00:00
125376868,jinan-telecom,wuhan-telecom,49.0827,0.0,icmp,1591987920,2020-06-12 18:52:00+00:00
125377099,jinan-telecom,wuhan-telecom,47.8824,0.0,icmp,1591988040,2020-06-12 18:54:00+00:00
125377307,jinan-telecom,wuhan-telecom,47.1397,0.0,icmp,1591988160,2020-06-12 18:56:00+00:00
125377526,jinan-telecom,wuhan-telecom,47.2419,0.0,icmp,1591988280,2020-06-12 18:58:00+00:00
125377760,jinan-telecom,wuhan-telecom,48.0067,0.0,icmp,1591988400,2020-06-12 19:00:00+00:00
125377995,jinan-telecom,wuhan-telecom,48.6576,0.0,icmp,1591988520,2020-06-12 19:02:00+00:00
125378211,jinan-telecom,wuhan-telecom,48.4513,0.0,icmp,1591988640,2020-06-12 19:04:00+00:00
125378442,jinan-telecom,wuhan-telecom,46.8018,0.0,icmp,1591988760,2020-06-12 19:06:00+00:00
125378684,jinan-telecom,wuhan-telecom,48.7921,0.0,icmp,1591988880,2020-06-12 19:08:00+00:00
125378914,jinan-telecom,wuhan-telecom,47.7796,0.0,icmp,1591989000,2020-06-12 19:10:00+00:00
125379123,jinan-telecom,wuhan-telecom,39.4616,0.0,icmp,1591989079,2020-06-12 19:11:19+00:00
125379367,jinan-telecom,wuhan-telecom,45.3502,0.0,icmp,1591989240,2020-06-12 19:14:00+00:00
125379586,jinan-telecom,wuhan-telecom,45.8598,0.0,icmp,1591989360,2020-06-12 19:16:00+00:00
125379814,jinan-telecom,wuhan-telecom,39.297,0.0,icmp,1591989439,2020-06-12 19:17:19+00:00
125380037,jinan-telecom,wuhan-telecom,48.0766,0.0,icmp,1591989600,2020-06-12 19:20:00+00:00
125380288,jinan-telecom,wuhan-telecom,49.4101,0.0,icmp,1591989720,2020-06-12 19:22:00+00:00
125380497,jinan-telecom,wuhan-telecom,48.3685,0.0,icmp,1591989840,2020-06-12 19:24:00+00:00
125380712,jinan-telecom,wuhan-telecom,48.1884,0.0,icmp,1591989960,2020-06-12 19:26:00+00:00
125380958,jinan-telecom,wuhan-telecom,46.5058,0.0,icmp,1591990080,2020-06-12 19:28:00+00:00
125381180,jinan-telecom,wuhan-telecom,48.8663,0.0,icmp,1591990200,2020-06-12 19:30:00+00:00
125381410,jinan-telecom,wuhan-telecom,39.4323,0.0,icmp,1591990325,2020-06-12 19:32:05+00:00
125381649,jinan-telecom,wuhan-telecom,39.3486,0.0,icmp,1591990459,2020-06-12 19:34:19+00:00
125381891,jinan-telecom,wuhan-telecom,47.1686,0.0,icmp,1591990560,2020-06-12 19:36:00+00:00
125382121,jinan-telecom,wuhan-telecom,47.7017,0.0,icmp,1591990680,2020-06-12 19:38:00+00:00
125382340,jinan-telecom,wuhan-telecom,48.1399,0.0,icmp,1591990800,2020-06-12 19:40:00+00:00
125382563,jinan-telecom,wuhan-telecom,45.7299,0.0,icmp,1591990920,2020-06-12 19:42:00+00:00
125382789,jinan-telecom,wuhan-telecom,49.592,0.0,icmp,1591991040,2020-06-12 19:44:00+00:00
125383009,jinan-telecom,wuhan-telecom,46.6106,0.0,icmp,1591991160,2020-06-12 19:46:00+00:00
125383228,jinan-telecom,wuhan-telecom,47.6592,0.0,icmp,1591991280,2020-06-12 19:48:00+00:00
125383482,jinan-telecom,wuhan-telecom,45.2157,0.0,icmp,1591991400,2020-06-12 19:50:00+00:00
125383714,jinan-telecom,wuhan-telecom,41.53,0.0,icmp,1591991520,2020-06-12 19:52:00+00:00
125383923,jinan-telecom,wuhan-telecom,41.8069,0.0,icmp,1591991640,2020-06-12 19:54:00+00:00
125384155,jinan-telecom,wuhan-telecom,48.1816,0.0,icmp,1591991760,2020-06-12 19:56:00+00:00
125384391,jinan-telecom,wuhan-telecom,39.3707,0.0,icmp,1591991839,2020-06-12 19:57:19+00:00
125384618,jinan-telecom,wuhan-telecom,50.7781,1.0,icmp,1591992000,2020-06-12 20:00:00+00:00
125384883,jinan-telecom,wuhan-telecom,39.3867,0.0,icmp,1591992079,2020-06-12 20:01:19+00:00
130322852,jinan-telecom,wuhan-telecom,46.8801,0.0,icmp,1592115780,2020-06-14 06:23:00+00:00
130323089,jinan-telecom,wuhan-telecom,47.6307,0.0,icmp,1592115900,2020-06-14 06:25:00+00:00
130323316,jinan-telecom,wuhan-telecom,47.8353,0.0,icmp,1592116020,2020-06-14 06:27:00+00:00
130323547,jinan-telecom,wuhan-telecom,46.345,0.0,icmp,1592116140,2020-06-14 06:29:00+00:00
130323770,jinan-telecom,wuhan-telecom,46.6211,1.0,icmp,1592116260,2020-06-14 06:31:00+00:00
130323994,jinan-telecom,wuhan-telecom,47.5212,0.0,icmp,1592116380,2020-06-14 06:33:00+00:00
130324217,jinan-telecom,wuhan-telecom,39.7248,0.0,icmp,1592116459,2020-06-14 06:34:19+00:00
130324454,jinan-telecom,wuhan-telecom,49.2028,0.0,icmp,1592116620,2020-06-14 06:37:00+00:00
130324691,jinan-telecom,wuhan-telecom,46.9924,0.0,icmp,1592116740,2020-06-14 06:39:00+00:00
130324906,jinan-telecom,wuhan-telecom,47.2741,0.0,icmp,1592116860,2020-06-14 06:41:00+00:00
130325157,jinan-telecom,wuhan-telecom,39.5372,0.0,icmp,1592116999,2020-06-14 06:43:19+00:00
130325365,jinan-telecom,wuhan-telecom,48.5786,0.0,icmp,1592117100,2020-06-14 06:45:00+00:00
130325606,jinan-telecom,wuhan-telecom,39.6013,0.0,icmp,1592117239,2020-06-14 06:47:19+00:00
130325826,jinan-telecom,wuhan-telecom,39.5238,0.0,icmp,1592117359,2020-06-14 06:49:19+00:00
130326057,jinan-telecom,wuhan-telecom,46.0631,0.0,icmp,1592117460,2020-06-14 06:51:00+00:00
130326295,jinan-telecom,wuhan-telecom,47.7659,1.0,icmp,1592117580,2020-06-14 06:53:00+00:00
130326498,jinan-telecom,wuhan-telecom,39.488,0.0,icmp,1592117659,2020-06-14 06:54:19+00:00
130326741,jinan-telecom,wuhan-telecom,45.0573,1.0,icmp,1592117820,2020-06-14 06:57:00+00:00
130326971,jinan-telecom,wuhan-telecom,45.0229,0.0,icmp,1592117940,2020-06-14 06:59:00+00:00
130327221,jinan-telecom,wuhan-telecom,47.9857,2.0,icmp,1592118060,2020-06-14 07:01:00+00:00
130327452,jinan-telecom,wuhan-telecom,39.6528,0.0,icmp,1592118199,2020-06-14 07:03:19+00:00
130327671,jinan-telecom,wuhan-telecom,48.4827,2.0,icmp,1592118300,2020-06-14 07:05:00+00:00
130327884,jinan-telecom,wuhan-telecom,43.019,0.0,icmp,1592118420,2020-06-14 07:07:00+00:00
130328134,jinan-telecom,wuhan-telecom,47.7501,1.0,icmp,1592118540,2020-06-14 07:09:00+00:00
130328357,jinan-telecom,wuhan-telecom,47.6262,0.0,icmp,1592118660,2020-06-14 07:11:00+00:00
130328584,jinan-telecom,wuhan-telecom,46.7115,0.0,icmp,1592118780,2020-06-14 07:13:00+00:00
130328795,jinan-telecom,wuhan-telecom,51.0779,0.0,icmp,1592118900,2020-06-14 07:15:00+00:00
130329049,jinan-telecom,wuhan-telecom,48.4666,0.0,icmp,1592119020,2020-06-14 07:17:00+00:00
130329243,jinan-telecom,wuhan-telecom,39.738,1.0,icmp,1592119159,2020-06-14 07:19:19+00:00
130329494,jinan-telecom,wuhan-telecom,46.1466,1.0,icmp,1592119260,2020-06-14 07:21:00+00:00
130329721,jinan-telecom,wuhan-telecom,47.2859,1.0,icmp,1592119380,2020-06-14 07:23:00+00:00
130329946,jinan-telecom,wuhan-telecom,44.7354,0.0,icmp,1592119500,2020-06-14 07:25:00+00:00
130330185,jinan-telecom,wuhan-telecom,39.5263,0.0,icmp,1592119579,2020-06-14 07:26:19+00:00
130330412,jinan-telecom,wuhan-telecom,47.1629,0.0,icmp,1592119740,2020-06-14 07:29:00+00:00
130330647,jinan-telecom,wuhan-telecom,46.9595,0.0,icmp,1592119860,2020-06-14 07:31:00+00:00
130330862,jinan-telecom,wuhan-telecom,44.8042,0.0,icmp,1592119980,2020-06-14 07:33:00+00:00
130331102,jinan-telecom,wuhan-telecom,45.9417,1.0,icmp,1592120100,2020-06-14 07:35:00+00:00
130331354,jinan-telecom,wuhan-telecom,46.0762,0.0,icmp,1592120220,2020-06-14 07:37:00+00:00
130331569,jinan-telecom,wuhan-telecom,47.6491,0.0,icmp,1592120340,2020-06-14 07:39:00+00:00
130331780,jinan-telecom,wuhan-telecom,45.5725,2.0,icmp,1592120460,2020-06-14 07:41:00+00:00
130332018,jinan-telecom,wuhan-telecom,46.052,0.0,icmp,1592120580,2020-06-14 07:43:00+00:00
130332243,jinan-telecom,wuhan-telecom,49.5981,0.0,icmp,1592120700,2020-06-14 07:45:00+00:00
130332488,jinan-telecom,wuhan-telecom,45.8138,0.0,icmp,1592120820,2020-06-14 07:47:00+00:00
130332707,jinan-telecom,wuhan-telecom,47.0564,0.0,icmp,1592120940,2020-06-14 07:49:00+00:00
130332933,jinan-telecom,wuhan-telecom,48.1235,1.0,icmp,1592121060,2020-06-14 07:51:00+00:00
130333154,jinan-telecom,wuhan-telecom,39.5267,0.0,icmp,1592121199,2020-06-14 07:53:19+00:00
130333393,jinan-telecom,wuhan-telecom,47.1812,1.0,icmp,1592121300,2020-06-14 07:55:00+00:00
130333631,jinan-telecom,wuhan-telecom,39.5384,0.0,icmp,1592121379,2020-06-14 07:56:19+00:00
130333848,jinan-telecom,wuhan-telecom,45.2326,2.0,icmp,1592121540,2020-06-14 07:59:00+00:00
130334114,jinan-telecom,wuhan-telecom,48.2847,1.0,icmp,1592121660,2020-06-14 08:01:00+00:00
130334316,jinan-telecom,wuhan-telecom,47.378,0.0,icmp,1592121780,2020-06-14 08:03:00+00:00
130334550,jinan-telecom,wuhan-telecom,39.7201,0.0,icmp,1592121859,2020-06-14 08:04:19+00:00
130334783,jinan-telecom,wuhan-telecom,47.9258,1.0,icmp,1592122020,2020-06-14 08:07:00+00:00
130335010,jinan-telecom,wuhan-telecom,44.7901,2.0,icmp,1592122140,2020-06-14 08:09:00+00:00
130335237,jinan-telecom,wuhan-telecom,48.5861,2.0,icmp,1592122260,2020-06-14 08:11:00+00:00
130335464,jinan-telecom,wuhan-telecom,45.8613,1.0,icmp,1592122380,2020-06-14 08:13:00+00:00
130335688,jinan-telecom,wuhan-telecom,47.5578,2.0,icmp,1592122500,2020-06-14 08:15:00+00:00
130335913,jinan-telecom,wuhan-telecom,47.8692,1.0,icmp,1592122620,2020-06-14 08:17:00+00:00
130336130,jinan-telecom,wuhan-telecom,47.3652,2.0,icmp,1592122740,2020-06-14 08:19:00+00:00
130336381,jinan-telecom,wuhan-telecom,39.5795,1.0,icmp,1592122819,2020-06-14 08:20:19+00:00
130336600,jinan-telecom,wuhan-telecom,39.5644,0.0,icmp,1592122939,2020-06-14 08:22:19+00:00
130336822,jinan-telecom,wuhan-telecom,47.1389,1.0,icmp,1592123100,2020-06-14 08:25:00+00:00
130337052,jinan-telecom,wuhan-telecom,46.8919,0.0,icmp,1592123220,2020-06-14 08:27:00+00:00
130337284,jinan-telecom,wuhan-telecom,49.563,1.0,icmp,1592123340,2020-06-14 08:29:00+00:00
130337562,jinan-telecom,wuhan-telecom,47.0431,1.0,icmp,1592123460,2020-06-14 08:31:00+00:00
130337720,jinan-telecom,wuhan-telecom,48.0631,0.0,icmp,1592123580,2020-06-14 08:33:00+00:00
130337995,jinan-telecom,wuhan-telecom,46.8629,3.0,icmp,1592123700,2020-06-14 08:35:00+00:00
130338206,jinan-telecom,wuhan-telecom,47.4957,0.0,icmp,1592123820,2020-06-14 08:37:00+00:00
130338422,jinan-telecom,wuhan-telecom,45.8982,0.0,icmp,1592123940,2020-06-14 08:39:00+00:00
130338673,jinan-telecom,wuhan-telecom,41.7705,0.0,icmp,1592124060,2020-06-14 08:41:00+00:00
130338883,jinan-telecom,wuhan-telecom,47.6241,0.0,icmp,1592124180,2020-06-14 08:43:00+00:00
130339121,jinan-telecom,wuhan-telecom,46.3849,1.0,icmp,1592124300,2020-06-14 08:45:00+00:00
130339346,jinan-telecom,wuhan-telecom,47.4716,2.0,icmp,1592124420,2020-06-14 08:47:00+00:00
130339583,jinan-telecom,wuhan-telecom,47.625,1.0,icmp,1592124540,2020-06-14 08:49:00+00:00
130339816,jinan-telecom,wuhan-telecom,39.5708,3.0,icmp,1592124619,2020-06-14 08:50:19+00:00
130340022,jinan-telecom,wuhan-telecom,48.2548,0.0,icmp,1592124780,2020-06-14 08:53:00+00:00
130340256,jinan-telecom,wuhan-telecom,47.5599,1.0,icmp,1592124900,2020-06-14 08:55:00+00:00
130340504,jinan-telecom,wuhan-telecom,48.0562,1.0,icmp,1592125020,2020-06-14 08:57:00+00:00
130340710,jinan-telecom,wuhan-telecom,46.8003,1.0,icmp,1592125140,2020-06-14 08:59:00+00:00
130340952,jinan-telecom,wuhan-telecom,46.1623,0.0,icmp,1592125260,2020-06-14 09:01:00+00:00
130341181,jinan-telecom,wuhan-telecom,47.0144,1.0,icmp,1592125380,2020-06-14 09:03:00+00:00
130341411,jinan-telecom,wuhan-telecom,39.7154,0.0,icmp,1592125519,2020-06-14 09:05:19+00:00
130341626,jinan-telecom,wuhan-telecom,48.6287,0.0,icmp,1592125620,2020-06-14 09:07:00+00:00
130341888,jinan-telecom,wuhan-telecom,48.2521,2.0,icmp,1592125740,2020-06-14 09:09:00+00:00
130342084,jinan-telecom,wuhan-telecom,47.9628,1.0,icmp,1592125860,2020-06-14 09:11:00+00:00
130342350,jinan-telecom,wuhan-telecom,39.6522,1.0,icmp,1592125939,2020-06-14 09:12:19+00:00
130342547,jinan-telecom,wuhan-telecom,47.3368,0.0,icmp,1592126100,2020-06-14 09:15:00+00:00
130342783,jinan-telecom,wuhan-telecom,47.3858,0.0,icmp,1592126220,2020-06-14 09:17:00+00:00
130343040,jinan-telecom,wuhan-telecom,39.4773,0.0,icmp,1592126359,2020-06-14 09:19:19+00:00
130343262,jinan-telecom,wuhan-telecom,46.4343,0.0,icmp,1592126460,2020-06-14 09:21:00+00:00
130343465,jinan-telecom,wuhan-telecom,41.9587,1.0,icmp,1592126584,2020-06-14 09:23:04+00:00
130343696,jinan-telecom,wuhan-telecom,48.5677,1.0,icmp,1592126700,2020-06-14 09:25:00+00:00
130343919,jinan-telecom,wuhan-telecom,47.842,0.0,icmp,1592126820,2020-06-14 09:27:00+00:00
130344168,jinan-telecom,wuhan-telecom,50.7836,1.0,icmp,1592126940,2020-06-14 09:29:00+00:00
130344378,jinan-telecom,wuhan-telecom,39.579,0.0,icmp,1592127064,2020-06-14 09:31:04+00:00
130344626,jinan-telecom,wuhan-telecom,39.4777,1.0,icmp,1592127199,2020-06-14 09:33:19+00:00
130344833,jinan-telecom,wuhan-telecom,41.442,0.0,icmp,1592127300,2020-06-14 09:35:00+00:00
130345061,jinan-telecom,wuhan-telecom,39.7859,0.0,icmp,1592127439,2020-06-14 09:37:19+00:00
130345307,jinan-telecom,wuhan-telecom,39.9387,1.0,icmp,1592127540,2020-06-14 09:39:00+00:00
130345516,jinan-telecom,wuhan-telecom,44.5528,0.0,icmp,1592127660,2020-06-14 09:41:00+00:00
130345766,jinan-telecom,wuhan-telecom,48.481,0.0,icmp,1592127780,2020-06-14 09:43:00+00:00
130346002,jinan-telecom,wuhan-telecom,47.3423,1.0,icmp,1592127900,2020-06-14 09:45:00+00:00
130346208,jinan-telecom,wuhan-telecom,46.9051,1.0,icmp,1592128020,2020-06-14 09:47:00+00:00
130346445,jinan-telecom,wuhan-telecom,48.4687,1.0,icmp,1592128140,2020-06-14 09:49:00+00:00
130346667,jinan-telecom,wuhan-telecom,49.2646,2.0,icmp,1592128260,2020-06-14 09:51:00+00:00
130346904,jinan-telecom,wuhan-telecom,39.3922,0.0,icmp,1592128399,2020-06-14 09:53:19+00:00
130347126,jinan-telecom,wuhan-telecom,46.2309,0.0,icmp,1592128500,2020-06-14 09:55:00+00:00
130347362,jinan-telecom,wuhan-telecom,47.5019,0.0,icmp,1592128620,2020-06-14 09:57:00+00:00
130347580,jinan-telecom,wuhan-telecom,47.0478,1.0,icmp,1592128740,2020-06-14 09:59:00+00:00
130347807,jinan-telecom,wuhan-telecom,39.422,0.0,icmp,1592128879,2020-06-14 10:01:19+00:00
130348052,jinan-telecom,wuhan-telecom,39.4218,2.0,icmp,1592128999,2020-06-14 10:03:19+00:00
130348285,jinan-telecom,wuhan-telecom,47.9656,0.0,icmp,1592129100,2020-06-14 10:05:00+00:00
130348506,jinan-telecom,wuhan-telecom,46.7569,0.0,icmp,1592129220,2020-06-14 10:07:00+00:00
130348741,jinan-telecom,wuhan-telecom,39.4004,0.0,icmp,1592129299,2020-06-14 10:08:19+00:00
130348979,jinan-telecom,wuhan-telecom,48.0742,0.0,icmp,1592129460,2020-06-14 10:11:00+00:00
130349196,jinan-telecom,wuhan-telecom,47.1952,0.0,icmp,1592129580,2020-06-14 10:13:00+00:00
130349421,jinan-telecom,wuhan-telecom,46.7038,0.0,icmp,1592129700,2020-06-14 10:15:00+00:00
130349642,jinan-telecom,wuhan-telecom,39.7018,1.0,icmp,1592129779,2020-06-14 10:16:19+00:00
130349872,jinan-telecom,wuhan-telecom,40.085,0.0,icmp,1592129940,2020-06-14 10:19:00+00:00
130350096,jinan-telecom,wuhan-telecom,45.7133,0.0,icmp,1592130060,2020-06-14 10:21:00+00:00
130350344,jinan-telecom,wuhan-telecom,39.415,0.0,icmp,1592130139,2020-06-14 10:22:19+00:00
130350569,jinan-telecom,wuhan-telecom,49.2599,0.0,icmp,1592130300,2020-06-14 10:25:00+00:00
130350793,jinan-telecom,wuhan-telecom,48.5139,0.0,icmp,1592130420,2020-06-14 10:27:00+00:00
130351016,jinan-telecom,wuhan-telecom,39.6088,0.0,icmp,1592130559,2020-06-14 10:29:19+00:00
130351256,jinan-telecom,wuhan-telecom,48.6418,0.0,icmp,1592130660,2020-06-14 10:31:00+00:00
130351496,jinan-telecom,wuhan-telecom,40.2717,0.0,icmp,1592130780,2020-06-14 10:33:00+00:00
130351716,jinan-telecom,wuhan-telecom,39.4783,0.0,icmp,1592130859,2020-06-14 10:34:19+00:00
130351938,jinan-telecom,wuhan-telecom,39.468,0.0,icmp,1592130979,2020-06-14 10:36:19+00:00
130352160,jinan-telecom,wuhan-telecom,47.3346,1.0,icmp,1592131140,2020-06-14 10:39:00+00:00
130352400,jinan-telecom,wuhan-telecom,47.3331,0.0,icmp,1592131260,2020-06-14 10:41:00+00:00
130352625,jinan-telecom,wuhan-telecom,45.8668,0.0,icmp,1592131380,2020-06-14 10:43:00+00:00
130352869,jinan-telecom,wuhan-telecom,46.6847,0.0,icmp,1592131500,2020-06-14 10:45:00+00:00
130353074,jinan-telecom,wuhan-telecom,47.7368,0.0,icmp,1592131620,2020-06-14 10:47:00+00:00
130353323,jinan-telecom,wuhan-telecom,48.7306,0.0,icmp,1592131740,2020-06-14 10:49:00+00:00
130353525,jinan-telecom,wuhan-telecom,46.8997,0.0,icmp,1592131860,2020-06-14 10:51:00+00:00
130353786,jinan-telecom,wuhan-telecom,46.8221,0.0,icmp,1592131980,2020-06-14 10:53:00+00:00
130353997,jinan-telecom,wuhan-telecom,47.98,1.0,icmp,1592132100,2020-06-14 10:55:00+00:00
130354239,jinan-telecom,wuhan-telecom,46.1389,0.0,icmp,1592132220,2020-06-14 10:57:00+00:00
130354437,jinan-telecom,wuhan-telecom,39.432,0.0,icmp,1592132359,2020-06-14 10:59:19+00:00
130354675,jinan-telecom,wuhan-telecom,46.2158,0.0,icmp,1592132460,2020-06-14 11:01:00+00:00
130354906,jinan-telecom,wuhan-telecom,46.9678,0.0,icmp,1592132580,2020-06-14 11:03:00+00:00
130355147,jinan-telecom,wuhan-telecom,44.8896,0.0,icmp,1592132700,2020-06-14 11:05:00+00:00
130355390,jinan-telecom,wuhan-telecom,48.6189,1.0,icmp,1592132820,2020-06-14 11:07:00+00:00
130355596,jinan-telecom,wuhan-telecom,47.7284,1.0,icmp,1592132940,2020-06-14 11:09:00+00:00
130355875,jinan-telecom,wuhan-telecom,39.4149,0.0,icmp,1592133019,2020-06-14 11:10:19+00:00
130356077,jinan-telecom,wuhan-telecom,39.6317,0.0,icmp,1592133199,2020-06-14 11:13:19+00:00
130356294,jinan-telecom,wuhan-telecom,43.8674,1.0,icmp,1592133300,2020-06-14 11:15:00+00:00
130356509,jinan-telecom,wuhan-telecom,47.1438,0.0,icmp,1592133420,2020-06-14 11:17:00+00:00
130356752,jinan-telecom,wuhan-telecom,47.6615,0.0,icmp,1592133540,2020-06-14 11:19:00+00:00
130356979,jinan-telecom,wuhan-telecom,48.8475,0.0,icmp,1592133660,2020-06-14 11:21:00+00:00
130357220,jinan-telecom,wuhan-telecom,45.7798,0.0,icmp,1592133780,2020-06-14 11:23:00+00:00
130357442,jinan-telecom,wuhan-telecom,46.2868,1.0,icmp,1592133900,2020-06-14 11:25:00+00:00
130357671,jinan-telecom,wuhan-telecom,39.6682,0.0,icmp,1592134039,2020-06-14 11:27:19+00:00
130357897,jinan-telecom,wuhan-telecom,46.3461,0.0,icmp,1592134140,2020-06-14 11:29:00+00:00
130358129,jinan-telecom,wuhan-telecom,45.2712,0.0,icmp,1592134260,2020-06-14 11:31:00+00:00
130358362,jinan-telecom,wuhan-telecom,46.575,1.0,icmp,1592134380,2020-06-14 11:33:00+00:00
130358578,jinan-telecom,wuhan-telecom,46.3135,0.0,icmp,1592134500,2020-06-14 11:35:00+00:00
130358801,jinan-telecom,wuhan-telecom,46.8724,0.0,icmp,1592134620,2020-06-14 11:37:00+00:00
130359035,jinan-telecom,wuhan-telecom,45.693,2.0,icmp,1592134740,2020-06-14 11:39:00+00:00
130359268,jinan-telecom,wuhan-telecom,45.4129,0.0,icmp,1592134860,2020-06-14 11:41:00+00:00
130359489,jinan-telecom,wuhan-telecom,46.5518,0.0,icmp,1592134980,2020-06-14 11:43:00+00:00
130359722,jinan-telecom,wuhan-telecom,46.7294,2.0,icmp,1592135100,2020-06-14 11:45:00+00:00
130359943,jinan-telecom,wuhan-telecom,41.3668,1.0,icmp,1592135220,2020-06-14 11:47:00+00:00
130360193,jinan-telecom,wuhan-telecom,48.3571,0.0,icmp,1592135340,2020-06-14 11:49:00+00:00
130360403,jinan-telecom,wuhan-telecom,39.549,3.0,icmp,1592135419,2020-06-14 11:50:19+00:00
130360649,jinan-telecom,wuhan-telecom,46.4192,2.0,icmp,1592135580,2020-06-14 11:53:00+00:00
130360858,jinan-telecom,wuhan-telecom,43.5689,0.0,icmp,1592135700,2020-06-14 11:55:00+00:00
130361089,jinan-telecom,wuhan-telecom,47.4153,0.0,icmp,1592135820,2020-06-14 11:57:00+00:00
130361353,jinan-telecom,wuhan-telecom,46.7413,1.0,icmp,1592135940,2020-06-14 11:59:00+00:00
130361571,jinan-telecom,wuhan-telecom,39.5565,0.0,icmp,1592136079,2020-06-14 12:01:19+00:00
130361801,jinan-telecom,wuhan-telecom,48.5193,0.0,icmp,1592136180,2020-06-14 12:03:00+00:00
130362024,jinan-telecom,wuhan-telecom,39.6047,2.0,icmp,1592136259,2020-06-14 12:04:19+00:00
130362262,jinan-telecom,wuhan-telecom,39.7355,0.0,icmp,1592136424,2020-06-14 12:07:04+00:00
130362477,jinan-telecom,wuhan-telecom,46.9044,2.0,icmp,1592136540,2020-06-14 12:09:00+00:00
130362705,jinan-telecom,wuhan-telecom,45.7743,0.0,icmp,1592136660,2020-06-14 12:11:00+00:00
130362930,jinan-telecom,wuhan-telecom,47.6193,2.0,icmp,1592136780,2020-06-14 12:13:00+00:00
130363148,jinan-telecom,wuhan-telecom,39.7012,2.0,icmp,1592136919,2020-06-14 12:15:19+00:00
130363388,jinan-telecom,wuhan-telecom,45.814,1.0,icmp,1592137020,2020-06-14 12:17:00+00:00
130363627,jinan-telecom,wuhan-telecom,47.5966,2.0,icmp,1592137140,2020-06-14 12:19:00+00:00
130363868,jinan-telecom,wuhan-telecom,48.509,0.0,icmp,1592137260,2020-06-14 12:21:00+00:00
130364067,jinan-telecom,wuhan-telecom,39.7385,2.0,icmp,1592137399,2020-06-14 12:23:19+00:00
130364293,jinan-telecom,wuhan-telecom,47.3612,2.0,icmp,1592137500,2020-06-14 12:25:00+00:00
130364523,jinan-telecom,wuhan-telecom,47.2789,0.0,icmp,1592137620,2020-06-14 12:27:00+00:00
130364749,jinan-telecom,wuhan-telecom,39.9329,3.0,icmp,1592137699,2020-06-14 12:28:19+00:00
130365034,jinan-telecom,wuhan-telecom,48.358,2.0,icmp,1592137860,2020-06-14 12:31:00+00:00
130365213,jinan-telecom,wuhan-telecom,46.7947,3.0,icmp,1592137980,2020-06-14 12:33:00+00:00
130365453,jinan-telecom,wuhan-telecom,48.6012,1.0,icmp,1592138100,2020-06-14 12:35:00+00:00
130365694,jinan-telecom,wuhan-telecom,70.3922,2.0,icmp,1592138220,2020-06-14 12:37:00+00:00
130365904,jinan-telecom,wuhan-telecom,49.2704,4.0,icmp,1592138340,2020-06-14 12:39:00+00:00
130366150,jinan-telecom,wuhan-telecom,40.3842,3.0,icmp,1592138479,2020-06-14 12:41:19+00:00
130366383,jinan-telecom,wuhan-telecom,48.0586,1.0,icmp,1592138580,2020-06-14 12:43:00+00:00
130366589,jinan-telecom,wuhan-telecom,47.0988,3.0,icmp,1592138700,2020-06-14 12:45:00+00:00
130366828,jinan-telecom,wuhan-telecom,48.2134,3.0,icmp,1592138820,2020-06-14 12:47:00+00:00
130367078,jinan-telecom,wuhan-telecom,47.006,3.0,icmp,1592138940,2020-06-14 12:49:00+00:00
130367297,jinan-telecom,wuhan-telecom,40.2671,3.0,icmp,1592139010,2020-06-14 12:50:10+00:00
130367513,jinan-telecom,wuhan-telecom,49.3221,6.0,icmp,1592139180,2020-06-14 12:53:00+00:00
130367735,jinan-telecom,wuhan-telecom,45.5313,7.0,icmp,1592139300,2020-06-14 12:55:00+00:00
130367978,jinan-telecom,wuhan-telecom,46.8023,4.0,icmp,1592139420,2020-06-14 12:57:00+00:00
130368201,jinan-telecom,wuhan-telecom,46.7822,3.0,icmp,1592139540,2020-06-14 12:59:00+00:00
130368415,jinan-telecom,wuhan-telecom,43.0989,5.0,icmp,1592139660,2020-06-14 13:01:00+00:00
130368686,jinan-telecom,wuhan-telecom,49.1653,2.0,icmp,1592139780,2020-06-14 13:03:00+00:00
130368879,jinan-telecom,wuhan-telecom,39.9611,5.0,icmp,1592139859,2020-06-14 13:04:19+00:00
130369126,jinan-telecom,wuhan-telecom,40.8199,4.0,icmp,1592140020,2020-06-14 13:07:00+00:00
130369341,jinan-telecom,wuhan-telecom,48.2136,2.0,icmp,1592140140,2020-06-14 13:09:00+00:00
130369569,jinan-telecom,wuhan-telecom,40.0504,5.0,icmp,1592140279,2020-06-14 13:11:19+00:00
130369812,jinan-telecom,wuhan-telecom,48.2078,8.0,icmp,1592140380,2020-06-14 13:13:00+00:00
130370043,jinan-telecom,wuhan-telecom,48.4751,6.0,icmp,1592140500,2020-06-14 13:15:00+00:00
130370258,jinan-telecom,wuhan-telecom,48.2627,4.0,icmp,1592140620,2020-06-14 13:17:00+00:00
130370490,jinan-telecom,wuhan-telecom,40.1231,6.0,icmp,1592140759,2020-06-14 13:19:19+00:00
130370726,jinan-telecom,wuhan-telecom,46.2592,4.0,icmp,1592140860,2020-06-14 13:21:00+00:00
130370937,jinan-telecom,wuhan-telecom,39.9295,4.0,icmp,1592140999,2020-06-14 13:23:19+00:00
130371168,jinan-telecom,wuhan-telecom,45.0993,0.0,icmp,1592141100,2020-06-14 13:25:00+00:00
130371397,jinan-telecom,wuhan-telecom,49.9445,1.0,icmp,1592141220,2020-06-14 13:27:00+00:00
130371644,jinan-telecom,wuhan-telecom,41.7829,3.0,icmp,1592141340,2020-06-14 13:29:00+00:00
130371866,jinan-telecom,wuhan-telecom,40.1556,9.0,icmp,1592141405,2020-06-14 13:30:05+00:00
130372083,jinan-telecom,wuhan-telecom,46.1967,4.0,icmp,1592141580,2020-06-14 13:33:00+00:00
130372328,jinan-telecom,wuhan-telecom,49.2974,6.0,icmp,1592141700,2020-06-14 13:35:00+00:00
130372549,jinan-telecom,wuhan-telecom,47.5283,6.0,icmp,1592141820,2020-06-14 13:37:00+00:00
130372770,jinan-telecom,wuhan-telecom,46.47,5.0,icmp,1592141940,2020-06-14 13:39:00+00:00
130373010,jinan-telecom,wuhan-telecom,40.4286,8.0,icmp,1592142019,2020-06-14 13:40:19+00:00
130373253,jinan-telecom,wuhan-telecom,49.2967,6.0,icmp,1592142180,2020-06-14 13:43:00+00:00
130373469,jinan-telecom,wuhan-telecom,40.898,7.0,icmp,1592142259,2020-06-14 13:44:19+00:00
130373704,jinan-telecom,wuhan-telecom,40.3149,3.0,icmp,1592142379,2020-06-14 13:46:19+00:00
130373916,jinan-telecom,wuhan-telecom,42.4135,7.0,icmp,1592142540,2020-06-14 13:49:00+00:00
130374158,jinan-telecom,wuhan-telecom,47.2954,2.0,icmp,1592142660,2020-06-14 13:51:00+00:00
130374385,jinan-telecom,wuhan-telecom,50.9507,5.0,icmp,1592142780,2020-06-14 13:53:00+00:00
130374608,jinan-telecom,wuhan-telecom,40.4931,8.0,icmp,1592142859,2020-06-14 13:54:19+00:00
130374839,jinan-telecom,wuhan-telecom,44.569,4.0,icmp,1592143020,2020-06-14 13:57:00+00:00
130375067,jinan-telecom,wuhan-telecom,46.4043,7.0,icmp,1592143140,2020-06-14 13:59:00+00:00
130375302,jinan-telecom,wuhan-telecom,46.6504,3.0,icmp,1592143260,2020-06-14 14:01:00+00:00
130375539,jinan-telecom,wuhan-telecom,46.9768,7.0,icmp,1592143380,2020-06-14 14:03:00+00:00
130375769,jinan-telecom,wuhan-telecom,43.0632,5.0,icmp,1592143500,2020-06-14 14:05:00+00:00
130375992,jinan-telecom,wuhan-telecom,39.9068,5.0,icmp,1592143579,2020-06-14 14:06:19+00:00
130376220,jinan-telecom,wuhan-telecom,45.1169,6.0,icmp,1592143740,2020-06-14 14:09:00+00:00
130376450,jinan-telecom,wuhan-telecom,39.8432,3.0,icmp,1592143879,2020-06-14 14:11:19+00:00
130376680,jinan-telecom,wuhan-telecom,47.7467,4.0,icmp,1592143980,2020-06-14 14:13:00+00:00
130376905,jinan-telecom,wuhan-telecom,47.3918,3.0,icmp,1592144100,2020-06-14 14:15:00+00:00
130377126,jinan-telecom,wuhan-telecom,45.9857,3.0,icmp,1592144220,2020-06-14 14:17:00+00:00
130377360,jinan-telecom,wuhan-telecom,48.3883,5.0,icmp,1592144340,2020-06-14 14:19:00+00:00
130377602,jinan-telecom,wuhan-telecom,48.2934,3.0,icmp,1592144460,2020-06-14 14:21:00+00:00
130377830,jinan-telecom,wuhan-telecom,47.979,3.0,icmp,1592144580,2020-06-14 14:23:00+00:00
130378054,jinan-telecom,wuhan-telecom,40.0684,3.0,icmp,1592144719,2020-06-14 14:25:19+00:00
130378272,jinan-telecom,wuhan-telecom,47.2556,6.0,icmp,1592144820,2020-06-14 14:27:00+00:00
130378510,jinan-telecom,wuhan-telecom,39.9372,1.0,icmp,1592144959,2020-06-14 14:29:19+00:00
130378741,jinan-telecom,wuhan-telecom,45.7024,2.0,icmp,1592145060,2020-06-14 14:31:00+00:00
130378958,jinan-telecom,wuhan-telecom,47.4542,0.0,icmp,1592145180,2020-06-14 14:33:00+00:00
130379186,jinan-telecom,wuhan-telecom,45.6777,4.0,icmp,1592145300,2020-06-14 14:35:00+00:00
130379412,jinan-telecom,wuhan-telecom,48.0091,2.0,icmp,1592145420,2020-06-14 14:37:00+00:00
130379652,jinan-telecom,wuhan-telecom,46.2399,0.0,icmp,1592145540,2020-06-14 14:39:00+00:00
130379904,jinan-telecom,wuhan-telecom,44.7162,2.0,icmp,1592145660,2020-06-14 14:41:00+00:00
130380102,jinan-telecom,wuhan-telecom,39.6553,2.0,icmp,1592145799,2020-06-14 14:43:19+00:00
130380348,jinan-telecom,wuhan-telecom,47.1755,5.0,icmp,1592145900,2020-06-14 14:45:00+00:00
130380565,jinan-telecom,wuhan-telecom,39.7236,1.0,icmp,1592145979,2020-06-14 14:46:19+00:00
130380783,jinan-telecom,wuhan-telecom,39.707,0.0,icmp,1592146099,2020-06-14 14:48:19+00:00
130381018,jinan-telecom,wuhan-telecom,47.9053,3.0,icmp,1592146260,2020-06-14 14:51:00+00:00
130381250,jinan-telecom,wuhan-telecom,45.0818,2.0,icmp,1592146380,2020-06-14 14:53:00+00:00
130381471,jinan-telecom,wuhan-telecom,46.4922,2.0,icmp,1592146500,2020-06-14 14:55:00+00:00
130381702,jinan-telecom,wuhan-telecom,48.1715,0.0,icmp,1592146620,2020-06-14 14:57:00+00:00
130381946,jinan-telecom,wuhan-telecom,47.3081,0.0,icmp,1592146740,2020-06-14 14:59:00+00:00
130382162,jinan-telecom,wuhan-telecom,39.6299,1.0,icmp,1592146879,2020-06-14 15:01:19+00:00
130382405,jinan-telecom,wuhan-telecom,47.0636,0.0,icmp,1592146980,2020-06-14 15:03:00+00:00
130382632,jinan-telecom,wuhan-telecom,46.2119,1.0,icmp,1592147100,2020-06-14 15:05:00+00:00
130382865,jinan-telecom,wuhan-telecom,39.5038,0.0,icmp,1592147179,2020-06-14 15:06:19+00:00
130383076,jinan-telecom,wuhan-telecom,46.0549,0.0,icmp,1592147340,2020-06-14 15:09:00+00:00
130383346,jinan-telecom,wuhan-telecom,43.9507,0.0,icmp,1592147460,2020-06-14 15:11:00+00:00
130383538,jinan-telecom,wuhan-telecom,46.613,0.0,icmp,1592147580,2020-06-14 15:13:00+00:00
130383759,jinan-telecom,wuhan-telecom,47.1442,0.0,icmp,1592147700,2020-06-14 15:15:00+00:00
130383998,jinan-telecom,wuhan-telecom,46.9062,0.0,icmp,1592147820,2020-06-14 15:17:00+00:00
130384233,jinan-telecom,wuhan-telecom,47.3344,0.0,icmp,1592147940,2020-06-14 15:19:00+00:00
130384445,jinan-telecom,wuhan-telecom,46.443,0.0,icmp,1592148060,2020-06-14 15:21:00+00:00
130384691,jinan-telecom,wuhan-telecom,39.5079,0.0,icmp,1592148199,2020-06-14 15:23:19+00:00
130384925,jinan-telecom,wuhan-telecom,39.3458,0.0,icmp,1592148319,2020-06-14 15:25:19+00:00
130385153,jinan-telecom,wuhan-telecom,45.7013,0.0,icmp,1592148420,2020-06-14 15:27:00+00:00
130385365,jinan-telecom,wuhan-telecom,48.4875,0.0,icmp,1592148540,2020-06-14 15:29:00+00:00
130385599,jinan-telecom,wuhan-telecom,49.7238,0.0,icmp,1592148660,2020-06-14 15:31:00+00:00
130385824,jinan-telecom,wuhan-telecom,45.5846,0.0,icmp,1592148780,2020-06-14 15:33:00+00:00
130386049,jinan-telecom,wuhan-telecom,39.3331,0.0,icmp,1592148859,2020-06-14 15:34:19+00:00
130386274,jinan-telecom,wuhan-telecom,39.3196,0.0,icmp,1592148979,2020-06-14 15:36:19+00:00
130386537,jinan-telecom,wuhan-telecom,45.8035,0.0,icmp,1592149140,2020-06-14 15:39:00+00:00
130386743,jinan-telecom,wuhan-telecom,43.6266,0.0,icmp,1592149260,2020-06-14 15:41:00+00:00
130387002,jinan-telecom,wuhan-telecom,47.3901,0.0,icmp,1592149380,2020-06-14 15:43:00+00:00
130387219,jinan-telecom,wuhan-telecom,47.8016,0.0,icmp,1592149500,2020-06-14 15:45:00+00:00
130387428,jinan-telecom,wuhan-telecom,47.2892,0.0,icmp,1592149620,2020-06-14 15:47:00+00:00
130387670,jinan-telecom,wuhan-telecom,46.3821,0.0,icmp,1592149740,2020-06-14 15:49:00+00:00
130387891,jinan-telecom,wuhan-telecom,49.6858,0.0,icmp,1592149860,2020-06-14 15:51:00+00:00
130388133,jinan-telecom,wuhan-telecom,39.5157,0.0,icmp,1592149939,2020-06-14 15:52:19+00:00
130388352,jinan-telecom,wuhan-telecom,46.6876,0.0,icmp,1592150100,2020-06-14 15:55:00+00:00
130388585,jinan-telecom,wuhan-telecom,39.3414,0.0,icmp,1592150239,2020-06-14 15:57:19+00:00
130388820,jinan-telecom,wuhan-telecom,39.8292,0.0,icmp,1592150340,2020-06-14 15:59:00+00:00
130389042,jinan-telecom,wuhan-telecom,39.3645,0.0,icmp,1592150419,2020-06-14 16:00:19+00:00
130389264,jinan-telecom,wuhan-telecom,144.5475,15.0,icmp,1592150524,2020-06-14 16:02:04+00:00
130389496,jinan-telecom,wuhan-telecom,141.1596,4.0,icmp,1592150700,2020-06-14 16:05:00+00:00
130389716,jinan-telecom,wuhan-telecom,141.1763,3.0,icmp,1592150765,2020-06-14 16:06:05+00:00
130389954,jinan-telecom,wuhan-telecom,140.9112,3.0,icmp,1592150940,2020-06-14 16:09:00+00:00
130390198,jinan-telecom,wuhan-telecom,140.9586,5.0,icmp,1592151060,2020-06-14 16:11:00+00:00
130390418,jinan-telecom,wuhan-telecom,139.7666,5.0,icmp,1592151180,2020-06-14 16:13:00+00:00
130390644,jinan-telecom,wuhan-telecom,137.9416,8.0,icmp,1592151300,2020-06-14 16:15:00+00:00
130390852,jinan-telecom,wuhan-telecom,138.4759,7.0,icmp,1592151420,2020-06-14 16:17:00+00:00
130391103,jinan-telecom,wuhan-telecom,138.3936,7.0,icmp,1592151540,2020-06-14 16:19:00+00:00
130391324,jinan-telecom,wuhan-telecom,138.3833,2.0,icmp,1592151660,2020-06-14 16:21:00+00:00
130391551,jinan-telecom,wuhan-telecom,139.1263,2.0,icmp,1592151780,2020-06-14 16:23:00+00:00
130391800,jinan-telecom,wuhan-telecom,137.0157,5.0,icmp,1592151900,2020-06-14 16:25:00+00:00
130392026,jinan-telecom,wuhan-telecom,138.1432,3.0,icmp,1592152020,2020-06-14 16:27:00+00:00
130392252,jinan-telecom,wuhan-telecom,137.2037,2.0,icmp,1592152159,2020-06-14 16:29:19+00:00
130392471,jinan-telecom,wuhan-telecom,136.5204,4.0,icmp,1592152260,2020-06-14 16:31:00+00:00
130392707,jinan-telecom,wuhan-telecom,137.2964,3.0,icmp,1592152384,2020-06-14 16:33:04+00:00
130392942,jinan-telecom,wuhan-telecom,135.1809,3.0,icmp,1592152500,2020-06-14 16:35:00+00:00
130393160,jinan-telecom,wuhan-telecom,134.5248,2.0,icmp,1592152620,2020-06-14 16:37:00+00:00
130393386,jinan-telecom,wuhan-telecom,133.489,3.0,icmp,1592152740,2020-06-14 16:39:00+00:00
130393621,jinan-telecom,wuhan-telecom,132.8138,2.0,icmp,1592152860,2020-06-14 16:41:00+00:00
130393835,jinan-telecom,wuhan-telecom,133.0661,1.0,icmp,1592152980,2020-06-14 16:43:00+00:00
130394070,jinan-telecom,wuhan-telecom,132.7164,2.0,icmp,1592153100,2020-06-14 16:45:00+00:00
130394308,jinan-telecom,wuhan-telecom,133.0948,3.0,icmp,1592153179,2020-06-14 16:46:19+00:00
130394527,jinan-telecom,wuhan-telecom,132.2621,0.0,icmp,1592153340,2020-06-14 16:49:00+00:00
130394779,jinan-telecom,wuhan-telecom,133.5669,1.0,icmp,1592153460,2020-06-14 16:51:00+00:00
130395007,jinan-telecom,wuhan-telecom,133.033,1.0,icmp,1592153599,2020-06-14 16:53:19+00:00
130395218,jinan-telecom,wuhan-telecom,132.8896,0.0,icmp,1592153700,2020-06-14 16:55:00+00:00
130395439,jinan-telecom,wuhan-telecom,133.7184,0.0,icmp,1592153820,2020-06-14 16:57:00+00:00
130395677,jinan-telecom,wuhan-telecom,132.6623,0.0,icmp,1592153959,2020-06-14 16:59:19+00:00
130395894,jinan-telecom,wuhan-telecom,133.8259,0.0,icmp,1592154060,2020-06-14 17:01:00+00:00
130396124,jinan-telecom,wuhan-telecom,132.9574,0.0,icmp,1592154180,2020-06-14 17:03:00+00:00
130396359,jinan-telecom,wuhan-telecom,131.7956,2.0,icmp,1592154300,2020-06-14 17:05:00+00:00
130396608,jinan-telecom,wuhan-telecom,131.6056,0.0,icmp,1592154420,2020-06-14 17:07:00+00:00
130396827,jinan-telecom,wuhan-telecom,126.2568,0.0,icmp,1592154540,2020-06-14 17:09:00+00:00
130397062,jinan-telecom,wuhan-telecom,131.4651,0.0,icmp,1592154660,2020-06-14 17:11:00+00:00
130397278,jinan-telecom,wuhan-telecom,124.8116,0.0,icmp,1592154780,2020-06-14 17:13:00+00:00
130397500,jinan-telecom,wuhan-telecom,129.0123,0.0,icmp,1592154919,2020-06-14 17:15:19+00:00
130397752,jinan-telecom,wuhan-telecom,128.0757,0.0,icmp,1592155020,2020-06-14 17:17:00+00:00
130397978,jinan-telecom,wuhan-telecom,117.2822,0.0,icmp,1592155140,2020-06-14 17:19:00+00:00
130398195,jinan-telecom,wuhan-telecom,93.1456,0.0,icmp,1592155260,2020-06-14 17:21:00+00:00
130398425,jinan-telecom,wuhan-telecom,43.2197,0.0,icmp,1592155399,2020-06-14 17:23:19+00:00
130398655,jinan-telecom,wuhan-telecom,49.2588,0.0,icmp,1592155500,2020-06-14 17:25:00+00:00
130398874,jinan-telecom,wuhan-telecom,52.4329,0.0,icmp,1592155620,2020-06-14 17:27:00+00:00
130399104,jinan-telecom,wuhan-telecom,46.3476,0.0,icmp,1592155740,2020-06-14 17:29:00+00:00
130399344,jinan-telecom,wuhan-telecom,49.7342,0.0,icmp,1592155860,2020-06-14 17:31:00+00:00
130399586,jinan-telecom,wuhan-telecom,48.9141,0.0,icmp,1592155980,2020-06-14 17:33:00+00:00
130399792,jinan-telecom,wuhan-telecom,48.3442,0.0,icmp,1592156100,2020-06-14 17:35:00+00:00
130400021,jinan-telecom,wuhan-telecom,39.6809,0.0,icmp,1592156179,2020-06-14 17:36:19+00:00
130400251,jinan-telecom,wuhan-telecom,46.8703,0.0,icmp,1592156340,2020-06-14 17:39:00+00:00
130400490,jinan-telecom,wuhan-telecom,39.6865,0.0,icmp,1592156479,2020-06-14 17:41:19+00:00
130400729,jinan-telecom,wuhan-telecom,48.1797,0.0,icmp,1592156580,2020-06-14 17:43:00+00:00
130400960,jinan-telecom,wuhan-telecom,46.4994,0.0,icmp,1592156700,2020-06-14 17:45:00+00:00
130401178,jinan-telecom,wuhan-telecom,45.8134,0.0,icmp,1592156820,2020-06-14 17:47:00+00:00
130401401,jinan-telecom,wuhan-telecom,48.9304,0.0,icmp,1592156940,2020-06-14 17:49:00+00:00
130401639,jinan-telecom,wuhan-telecom,46.8846,0.0,icmp,1592157060,2020-06-14 17:51:00+00:00
130401857,jinan-telecom,wuhan-telecom,48.9102,0.0,icmp,1592157180,2020-06-14 17:53:00+00:00
130402088,jinan-telecom,wuhan-telecom,45.9391,0.0,icmp,1592157300,2020-06-14 17:55:00+00:00
130402312,jinan-telecom,wuhan-telecom,39.4846,0.0,icmp,1592157379,2020-06-14 17:56:19+00:00
130402563,jinan-telecom,wuhan-telecom,46.8147,0.0,icmp,1592157540,2020-06-14 17:59:00+00:00
130402778,jinan-telecom,wuhan-telecom,45.1671,0.0,icmp,1592157660,2020-06-14 18:01:00+00:00
130402996,jinan-telecom,wuhan-telecom,46.1669,0.0,icmp,1592157780,2020-06-14 18:03:00+00:00
130403249,jinan-telecom,wuhan-telecom,47.8293,0.0,icmp,1592157900,2020-06-14 18:05:00+00:00
130403463,jinan-telecom,wuhan-telecom,48.3782,11.0,icmp,1592158020,2020-06-14 18:07:00+00:00
130403688,jinan-telecom,wuhan-telecom,47.1243,0.0,icmp,1592158140,2020-06-14 18:09:00+00:00
130403936,jinan-telecom,wuhan-telecom,39.4386,0.0,icmp,1592158279,2020-06-14 18:11:19+00:00
130404159,jinan-telecom,wuhan-telecom,40.5234,0.0,icmp,1592158380,2020-06-14 18:13:00+00:00
130404382,jinan-telecom,wuhan-telecom,45.1655,0.0,icmp,1592158500,2020-06-14 18:15:00+00:00
130404646,jinan-telecom,wuhan-telecom,47.7194,0.0,icmp,1592158620,2020-06-14 18:17:00+00:00
130404844,jinan-telecom,wuhan-telecom,42.9519,0.0,icmp,1592158740,2020-06-14 18:19:00+00:00
130405070,jinan-telecom,wuhan-telecom,48.6825,0.0,icmp,1592158860,2020-06-14 18:21:00+00:00
130405300,jinan-telecom,wuhan-telecom,46.9176,0.0,icmp,1592158980,2020-06-14 18:23:00+00:00
130405512,jinan-telecom,wuhan-telecom,49.025,0.0,icmp,1592159100,2020-06-14 18:25:00+00:00
130405758,jinan-telecom,wuhan-telecom,47.3777,0.0,icmp,1592159220,2020-06-14 18:27:00+00:00
130405976,jinan-telecom,wuhan-telecom,45.6781,0.0,icmp,1592159340,2020-06-14 18:29:00+00:00
130406223,jinan-telecom,wuhan-telecom,39.3222,0.0,icmp,1592159479,2020-06-14 18:31:19+00:00
130406430,jinan-telecom,wuhan-telecom,46.1202,0.0,icmp,1592159580,2020-06-14 18:33:00+00:00
130406670,jinan-telecom,wuhan-telecom,49.1107,0.0,icmp,1592159700,2020-06-14 18:35:00+00:00
130406886,jinan-telecom,wuhan-telecom,46.9565,0.0,icmp,1592159820,2020-06-14 18:37:00+00:00
130407133,jinan-telecom,wuhan-telecom,48.4584,0.0,icmp,1592159940,2020-06-14 18:39:00+00:00
130407349,jinan-telecom,wuhan-telecom,49.4439,0.0,icmp,1592160060,2020-06-14 18:41:00+00:00
130407581,jinan-telecom,wuhan-telecom,47.8675,0.0,icmp,1592160180,2020-06-14 18:43:00+00:00
130407824,jinan-telecom,wuhan-telecom,47.1665,0.0,icmp,1592160300,2020-06-14 18:45:00+00:00
130408024,jinan-telecom,wuhan-telecom,47.2851,0.0,icmp,1592160420,2020-06-14 18:47:00+00:00
130408289,jinan-telecom,wuhan-telecom,46.9745,0.0,icmp,1592160540,2020-06-14 18:49:00+00:00
130408486,jinan-telecom,wuhan-telecom,45.8863,0.0,icmp,1592160660,2020-06-14 18:51:00+00:00
130408738,jinan-telecom,wuhan-telecom,39.4044,0.0,icmp,1592160799,2020-06-14 18:53:19+00:00
130408952,jinan-telecom,wuhan-telecom,45.5346,0.0,icmp,1592160900,2020-06-14 18:55:00+00:00
130409183,jinan-telecom,wuhan-telecom,46.1051,0.0,icmp,1592161020,2020-06-14 18:57:00+00:00
130409408,jinan-telecom,wuhan-telecom,39.6922,0.0,icmp,1592161144,2020-06-14 18:59:04+00:00
130409637,jinan-telecom,wuhan-telecom,43.5528,0.0,icmp,1592161260,2020-06-14 19:01:00+00:00
130409887,jinan-telecom,wuhan-telecom,44.5944,0.0,icmp,1592161380,2020-06-14 19:03:00+00:00
130410093,jinan-telecom,wuhan-telecom,39.6952,0.0,icmp,1592161459,2020-06-14 19:04:19+00:00
130410318,jinan-telecom,wuhan-telecom,47.5241,0.0,icmp,1592161620,2020-06-14 19:07:00+00:00
130410576,jinan-telecom,wuhan-telecom,39.305,0.0,icmp,1592161699,2020-06-14 19:08:19+00:00
130410797,jinan-telecom,wuhan-telecom,47.0744,0.0,icmp,1592161860,2020-06-14 19:11:00+00:00
130411008,jinan-telecom,wuhan-telecom,45.5028,0.0,icmp,1592161980,2020-06-14 19:13:00+00:00
130411260,jinan-telecom,wuhan-telecom,47.0264,0.0,icmp,1592162100,2020-06-14 19:15:00+00:00
130411474,jinan-telecom,wuhan-telecom,39.4119,0.0,icmp,1592162239,2020-06-14 19:17:19+00:00
130411721,jinan-telecom,wuhan-telecom,47.0625,0.0,icmp,1592162340,2020-06-14 19:19:00+00:00
130411930,jinan-telecom,wuhan-telecom,47.3689,0.0,icmp,1592162460,2020-06-14 19:21:00+00:00
130412174,jinan-telecom,wuhan-telecom,39.3585,0.0,icmp,1592162539,2020-06-14 19:22:19+00:00
130412390,jinan-telecom,wuhan-telecom,48.4718,0.0,icmp,1592162700,2020-06-14 19:25:00+00:00
130412637,jinan-telecom,wuhan-telecom,39.4611,0.0,icmp,1592162779,2020-06-14 19:26:19+00:00
130412856,jinan-telecom,wuhan-telecom,39.2912,0.0,icmp,1592162959,2020-06-14 19:29:19+00:00
130413078,jinan-telecom,wuhan-telecom,47.6641,0.0,icmp,1592163060,2020-06-14 19:31:00+00:00
130413330,jinan-telecom,wuhan-telecom,46.6605,0.0,icmp,1592163180,2020-06-14 19:33:00+00:00
130413541,jinan-telecom,wuhan-telecom,46.7045,0.0,icmp,1592163300,2020-06-14 19:35:00+00:00
130413760,jinan-telecom,wuhan-telecom,42.9083,0.0,icmp,1592163420,2020-06-14 19:37:00+00:00
130413985,jinan-telecom,wuhan-telecom,46.3698,0.0,icmp,1592163540,2020-06-14 19:39:00+00:00
130414218,jinan-telecom,wuhan-telecom,46.0905,0.0,icmp,1592163660,2020-06-14 19:41:00+00:00
130414437,jinan-telecom,wuhan-telecom,46.6188,0.0,icmp,1592163780,2020-06-14 19:43:00+00:00
130414675,jinan-telecom,wuhan-telecom,39.3596,0.0,icmp,1592163919,2020-06-14 19:45:19+00:00
130414924,jinan-telecom,wuhan-telecom,40.1472,0.0,icmp,1592164020,2020-06-14 19:47:00+00:00
130415146,jinan-telecom,wuhan-telecom,43.6529,0.0,icmp,1592164140,2020-06-14 19:49:00+00:00
130415386,jinan-telecom,wuhan-telecom,47.3422,0.0,icmp,1592164260,2020-06-14 19:51:00+00:00
130415611,jinan-telecom,wuhan-telecom,47.9926,0.0,icmp,1592164380,2020-06-14 19:53:00+00:00
130415851,jinan-telecom,wuhan-telecom,46.692,0.0,icmp,1592164500,2020-06-14 19:55:00+00:00
130416047,jinan-telecom,wuhan-telecom,39.3606,0.0,icmp,1592164639,2020-06-14 19:57:19+00:00
130416283,jinan-telecom,wuhan-telecom,47.7501,0.0,icmp,1592164740,2020-06-14 19:59:00+00:00
130416516,jinan-telecom,wuhan-telecom,48.5116,0.0,icmp,1592164860,2020-06-14 20:01:00+00:00
130416735,jinan-telecom,wuhan-telecom,45.6182,0.0,icmp,1592164980,2020-06-14 20:03:00+00:00
130416988,jinan-telecom,wuhan-telecom,47.0075,0.0,icmp,1592165100,2020-06-14 20:05:00+00:00
130417204,jinan-telecom,wuhan-telecom,46.8729,0.0,icmp,1592165220,2020-06-14 20:07:00+00:00
130417426,jinan-telecom,wuhan-telecom,48.6199,0.0,icmp,1592165340,2020-06-14 20:09:00+00:00
130417664,jinan-telecom,wuhan-telecom,47.4204,0.0,icmp,1592165460,2020-06-14 20:11:00+00:00
130417892,jinan-telecom,wuhan-telecom,49.7805,0.0,icmp,1592165580,2020-06-14 20:13:00+00:00
130418118,jinan-telecom,wuhan-telecom,46.0323,0.0,icmp,1592165700,2020-06-14 20:15:00+00:00
130418341,jinan-telecom,wuhan-telecom,48.247,0.0,icmp,1592165820,2020-06-14 20:17:00+00:00
130418598,jinan-telecom,wuhan-telecom,44.842,0.0,icmp,1592165940,2020-06-14 20:19:00+00:00
130418815,jinan-telecom,wuhan-telecom,46.94,0.0,icmp,1592166060,2020-06-14 20:21:00+00:00
130419027,jinan-telecom,wuhan-telecom,46.298,0.0,icmp,1592166180,2020-06-14 20:23:00+00:00
130419252,jinan-telecom,wuhan-telecom,46.8484,0.0,icmp,1592166300,2020-06-14 20:25:00+00:00
130419506,jinan-telecom,wuhan-telecom,39.3224,0.0,icmp,1592166379,2020-06-14 20:26:19+00:00
130419737,jinan-telecom,wuhan-telecom,46.0559,0.0,icmp,1592166540,2020-06-14 20:29:00+00:00
130419964,jinan-telecom,wuhan-telecom,46.5244,0.0,icmp,1592166660,2020-06-14 20:31:00+00:00
130420173,jinan-telecom,wuhan-telecom,39.3805,0.0,icmp,1592166739,2020-06-14 20:32:19+00:00
130420408,jinan-telecom,wuhan-telecom,39.3773,0.0,icmp,1592166859,2020-06-14 20:34:19+00:00
130420647,jinan-telecom,wuhan-telecom,44.622,0.0,icmp,1592167020,2020-06-14 20:37:00+00:00
130420879,jinan-telecom,wuhan-telecom,46.8056,0.0,icmp,1592167140,2020-06-14 20:39:00+00:00
130421107,jinan-telecom,wuhan-telecom,44.8275,0.0,icmp,1592167260,2020-06-14 20:41:00+00:00
130421331,jinan-telecom,wuhan-telecom,48.0564,0.0,icmp,1592167380,2020-06-14 20:43:00+00:00
130421554,jinan-telecom,wuhan-telecom,46.5071,0.0,icmp,1592167500,2020-06-14 20:45:00+00:00
130421771,jinan-telecom,wuhan-telecom,46.8783,0.0,icmp,1592167620,2020-06-14 20:47:00+00:00
130422014,jinan-telecom,wuhan-telecom,39.3307,0.0,icmp,1592167699,2020-06-14 20:48:19+00:00
130422242,jinan-telecom,wuhan-telecom,47.5531,0.0,icmp,1592167860,2020-06-14 20:51:00+00:00
130422459,jinan-telecom,wuhan-telecom,48.2251,0.0,icmp,1592167980,2020-06-14 20:53:00+00:00
130422699,jinan-telecom,wuhan-telecom,45.474,0.0,icmp,1592168100,2020-06-14 20:55:00+00:00
130422925,jinan-telecom,wuhan-telecom,39.307,0.0,icmp,1592168239,2020-06-14 20:57:19+00:00
130423144,jinan-telecom,wuhan-telecom,46.9988,0.0,icmp,1592168340,2020-06-14 20:59:00+00:00
130423381,jinan-telecom,wuhan-telecom,41.4292,0.0,icmp,1592168460,2020-06-14 21:01:00+00:00
130423616,jinan-telecom,wuhan-telecom,47.3546,0.0,icmp,1592168580,2020-06-14 21:03:00+00:00
130423855,jinan-telecom,wuhan-telecom,40.768,0.0,icmp,1592168644,2020-06-14 21:04:04+00:00
130424079,jinan-telecom,wuhan-telecom,46.7419,0.0,icmp,1592168820,2020-06-14 21:07:00+00:00
130424306,jinan-telecom,wuhan-telecom,41.9031,0.0,icmp,1592168940,2020-06-14 21:09:00+00:00
130424564,jinan-telecom,wuhan-telecom,46.7594,0.0,icmp,1592169060,2020-06-14 21:11:00+00:00
130424773,jinan-telecom,wuhan-telecom,47.4499,0.0,icmp,1592169180,2020-06-14 21:13:00+00:00
130424986,jinan-telecom,wuhan-telecom,49.1994,0.0,icmp,1592169300,2020-06-14 21:15:00+00:00
130425207,jinan-telecom,wuhan-telecom,39.3404,0.0,icmp,1592169439,2020-06-14 21:17:19+00:00
130425455,jinan-telecom,wuhan-telecom,48.4047,0.0,icmp,1592169540,2020-06-14 21:19:00+00:00
130425671,jinan-telecom,wuhan-telecom,46.1932,0.0,icmp,1592169660,2020-06-14 21:21:00+00:00
130425911,jinan-telecom,wuhan-telecom,47.5528,0.0,icmp,1592169780,2020-06-14 21:23:00+00:00
130426141,jinan-telecom,wuhan-telecom,48.7249,0.0,icmp,1592169900,2020-06-14 21:25:00+00:00
130426356,jinan-telecom,wuhan-telecom,46.2555,0.0,icmp,1592170020,2020-06-14 21:27:00+00:00
130426584,jinan-telecom,wuhan-telecom,46.9914,0.0,icmp,1592170140,2020-06-14 21:29:00+00:00
130426858,jinan-telecom,wuhan-telecom,49.1479,0.0,icmp,1592170260,2020-06-14 21:31:00+00:00
130427036,jinan-telecom,wuhan-telecom,39.3849,0.0,icmp,1592170399,2020-06-14 21:33:19+00:00
130427265,jinan-telecom,wuhan-telecom,46.2141,0.0,icmp,1592170500,2020-06-14 21:35:00+00:00
130427502,jinan-telecom,wuhan-telecom,47.0556,0.0,icmp,1592170620,2020-06-14 21:37:00+00:00
130427738,jinan-telecom,wuhan-telecom,46.0647,0.0,icmp,1592170740,2020-06-14 21:39:00+00:00
130427954,jinan-telecom,wuhan-telecom,45.1784,0.0,icmp,1592170860,2020-06-14 21:41:00+00:00
130428205,jinan-telecom,wuhan-telecom,46.9562,0.0,icmp,1592170980,2020-06-14 21:43:00+00:00
130428425,jinan-telecom,wuhan-telecom,45.2269,0.0,icmp,1592171100,2020-06-14 21:45:00+00:00
130428657,jinan-telecom,wuhan-telecom,40.743,0.0,icmp,1592171220,2020-06-14 21:47:00+00:00
130428880,jinan-telecom,wuhan-telecom,46.7251,0.0,icmp,1592171340,2020-06-14 21:49:00+00:00
130429137,jinan-telecom,wuhan-telecom,45.277,0.0,icmp,1592171460,2020-06-14 21:51:00+00:00
130429347,jinan-telecom,wuhan-telecom,46.6649,0.0,icmp,1592171580,2020-06-14 21:53:00+00:00
130429571,jinan-telecom,wuhan-telecom,39.6249,0.0,icmp,1592171659,2020-06-14 21:54:19+00:00
130429798,jinan-telecom,wuhan-telecom,41.707,0.0,icmp,1592171820,2020-06-14 21:57:00+00:00
130430023,jinan-telecom,wuhan-telecom,47.0984,0.0,icmp,1592171940,2020-06-14 21:59:00+00:00
130430248,jinan-telecom,wuhan-telecom,44.1403,0.0,icmp,1592172060,2020-06-14 22:01:00+00:00
130430482,jinan-telecom,wuhan-telecom,46.5936,0.0,icmp,1592172180,2020-06-14 22:03:00+00:00
130430732,jinan-telecom,wuhan-telecom,46.8517,0.0,icmp,1592172300,2020-06-14 22:05:00+00:00
130430970,jinan-telecom,wuhan-telecom,47.8833,0.0,icmp,1592172420,2020-06-14 22:07:00+00:00
130431160,jinan-telecom,wuhan-telecom,47.5149,0.0,icmp,1592172540,2020-06-14 22:09:00+00:00
130431401,jinan-telecom,wuhan-telecom,45.6189,0.0,icmp,1592172660,2020-06-14 22:11:00+00:00
130431629,jinan-telecom,wuhan-telecom,45.7931,0.0,icmp,1592172780,2020-06-14 22:13:00+00:00
130431847,jinan-telecom,wuhan-telecom,39.6394,0.0,icmp,1592172919,2020-06-14 22:15:19+00:00
130432086,jinan-telecom,wuhan-telecom,46.9043,0.0,icmp,1592173020,2020-06-14 22:17:00+00:00
130432305,jinan-telecom,wuhan-telecom,47.5061,0.0,icmp,1592173140,2020-06-14 22:19:00+00:00
130432555,jinan-telecom,wuhan-telecom,46.0519,0.0,icmp,1592173260,2020-06-14 22:21:00+00:00
130432775,jinan-telecom,wuhan-telecom,39.3754,0.0,icmp,1592173399,2020-06-14 22:23:19+00:00
130433013,jinan-telecom,wuhan-telecom,50.1452,0.0,icmp,1592173500,2020-06-14 22:25:00+00:00
130433246,jinan-telecom,wuhan-telecom,39.4477,0.0,icmp,1592173565,2020-06-14 22:26:05+00:00
130433467,jinan-telecom,wuhan-telecom,39.3473,0.0,icmp,1592173759,2020-06-14 22:29:19+00:00
130433706,jinan-telecom,wuhan-telecom,39.3721,0.0,icmp,1592173879,2020-06-14 22:31:19+00:00
130433937,jinan-telecom,wuhan-telecom,39.7285,0.0,icmp,1592173999,2020-06-14 22:33:19+00:00
130434155,jinan-telecom,wuhan-telecom,46.0395,0.0,icmp,1592174100,2020-06-14 22:35:00+00:00
130434390,jinan-telecom,wuhan-telecom,46.7823,0.0,icmp,1592174220,2020-06-14 22:37:00+00:00
130434616,jinan-telecom,wuhan-telecom,39.3054,0.0,icmp,1592174299,2020-06-14 22:38:19+00:00
130434829,jinan-telecom,wuhan-telecom,39.3633,0.0,icmp,1592174419,2020-06-14 22:40:19+00:00
130435080,jinan-telecom,wuhan-telecom,42.1965,0.0,icmp,1592174580,2020-06-14 22:43:00+00:00
130435296,jinan-telecom,wuhan-telecom,49.6626,0.0,icmp,1592174700,2020-06-14 22:45:00+00:00
130435526,jinan-telecom,wuhan-telecom,47.7275,0.0,icmp,1592174820,2020-06-14 22:47:00+00:00
130435789,jinan-telecom,wuhan-telecom,47.821,0.0,icmp,1592174940,2020-06-14 22:49:00+00:00
130435982,jinan-telecom,wuhan-telecom,41.1822,0.0,icmp,1592175005,2020-06-14 22:50:05+00:00
130436218,jinan-telecom,wuhan-telecom,45.342,0.0,icmp,1592175180,2020-06-14 22:53:00+00:00
130436447,jinan-telecom,wuhan-telecom,46.2107,0.0,icmp,1592175300,2020-06-14 22:55:00+00:00
130436674,jinan-telecom,wuhan-telecom,49.2388,0.0,icmp,1592175420,2020-06-14 22:57:00+00:00
130436903,jinan-telecom,wuhan-telecom,47.5222,0.0,icmp,1592175540,2020-06-14 22:59:00+00:00
130437133,jinan-telecom,wuhan-telecom,39.3447,0.0,icmp,1592175679,2020-06-14 23:01:19+00:00
130437343,jinan-telecom,wuhan-telecom,47.2938,0.0,icmp,1592175780,2020-06-14 23:03:00+00:00
130437601,jinan-telecom,wuhan-telecom,39.4798,0.0,icmp,1592175919,2020-06-14 23:05:19+00:00
130437804,jinan-telecom,wuhan-telecom,53.3026,0.0,icmp,1592176020,2020-06-14 23:07:00+00:00
130438031,jinan-telecom,wuhan-telecom,51.7045,0.0,icmp,1592176140,2020-06-14 23:09:00+00:00
130438268,jinan-telecom,wuhan-telecom,52.0439,0.0,icmp,1592176260,2020-06-14 23:11:00+00:00
130438504,jinan-telecom,wuhan-telecom,39.3519,0.0,icmp,1592176339,2020-06-14 23:12:19+00:00
130438732,jinan-telecom,wuhan-telecom,47.5878,0.0,icmp,1592176500,2020-06-14 23:15:00+00:00
130438958,jinan-telecom,wuhan-telecom,39.4064,0.0,icmp,1592176639,2020-06-14 23:17:19+00:00
130439197,jinan-telecom,wuhan-telecom,47.2733,0.0,icmp,1592176740,2020-06-14 23:19:00+00:00
130439426,jinan-telecom,wuhan-telecom,48.7662,0.0,icmp,1592176860,2020-06-14 23:21:00+00:00
130439647,jinan-telecom,wuhan-telecom,43.105,0.0,icmp,1592176980,2020-06-14 23:23:00+00:00
130439888,jinan-telecom,wuhan-telecom,46.131,0.0,icmp,1592177100,2020-06-14 23:25:00+00:00
130440094,jinan-telecom,wuhan-telecom,47.505,0.0,icmp,1592177220,2020-06-14 23:27:00+00:00
130440335,jinan-telecom,wuhan-telecom,39.3511,0.0,icmp,1592177299,2020-06-14 23:28:19+00:00
130440577,jinan-telecom,wuhan-telecom,39.3493,0.0,icmp,1592177479,2020-06-14 23:31:19+00:00
132202666,jinan-telecom,wuhan-telecom,39.4987,0.0,icmp,1591992259,2020-06-12 20:04:19+00:00
132202877,jinan-telecom,wuhan-telecom,47.5872,0.0,icmp,1591992360,2020-06-12 20:06:00+00:00
132203103,jinan-telecom,wuhan-telecom,45.4945,0.0,icmp,1591992480,2020-06-12 20:08:00+00:00
132203339,jinan-telecom,wuhan-telecom,47.6509,0.0,icmp,1591992600,2020-06-12 20:10:00+00:00
132203561,jinan-telecom,wuhan-telecom,48.7505,0.0,icmp,1591992720,2020-06-12 20:12:00+00:00
132203800,jinan-telecom,wuhan-telecom,49.6554,0.0,icmp,1591992840,2020-06-12 20:14:00+00:00
132204010,jinan-telecom,wuhan-telecom,39.6464,0.0,icmp,1591992919,2020-06-12 20:15:19+00:00
132204246,jinan-telecom,wuhan-telecom,39.3389,0.0,icmp,1591993039,2020-06-12 20:17:19+00:00
132204484,jinan-telecom,wuhan-telecom,39.3501,0.0,icmp,1591993159,2020-06-12 20:19:19+00:00
132204722,jinan-telecom,wuhan-telecom,46.823,0.0,icmp,1591993320,2020-06-12 20:22:00+00:00
132204925,jinan-telecom,wuhan-telecom,47.3766,0.0,icmp,1591993440,2020-06-12 20:24:00+00:00
132205169,jinan-telecom,wuhan-telecom,39.4564,0.0,icmp,1591993519,2020-06-12 20:25:19+00:00
132205401,jinan-telecom,wuhan-telecom,43.0556,0.0,icmp,1591993684,2020-06-12 20:28:04+00:00
132205628,jinan-telecom,wuhan-telecom,47.9479,0.0,icmp,1591993800,2020-06-12 20:30:00+00:00
132205852,jinan-telecom,wuhan-telecom,47.3629,0.0,icmp,1591993920,2020-06-12 20:32:00+00:00
132206088,jinan-telecom,wuhan-telecom,39.3344,0.0,icmp,1591994059,2020-06-12 20:34:19+00:00
132206315,jinan-telecom,wuhan-telecom,46.8063,0.0,icmp,1591994160,2020-06-12 20:36:00+00:00
132206553,jinan-telecom,wuhan-telecom,47.3226,0.0,icmp,1591994280,2020-06-12 20:38:00+00:00
132206758,jinan-telecom,wuhan-telecom,47.3621,0.0,icmp,1591994400,2020-06-12 20:40:00+00:00
132206999,jinan-telecom,wuhan-telecom,48.4997,0.0,icmp,1591994520,2020-06-12 20:42:00+00:00
132207232,jinan-telecom,wuhan-telecom,46.314,0.0,icmp,1591994640,2020-06-12 20:44:00+00:00
132207457,jinan-telecom,wuhan-telecom,48.1199,0.0,icmp,1591994760,2020-06-12 20:46:00+00:00
132207700,jinan-telecom,wuhan-telecom,39.3961,0.0,icmp,1591994899,2020-06-12 20:48:19+00:00
132207916,jinan-telecom,wuhan-telecom,48.1805,0.0,icmp,1591995000,2020-06-12 20:50:00+00:00
132208146,jinan-telecom,wuhan-telecom,39.3375,0.0,icmp,1591995139,2020-06-12 20:52:19+00:00
132208385,jinan-telecom,wuhan-telecom,46.202,0.0,icmp,1591995240,2020-06-12 20:54:00+00:00
132208578,jinan-telecom,wuhan-telecom,47.206,0.0,icmp,1591995360,2020-06-12 20:56:00+00:00
132208835,jinan-telecom,wuhan-telecom,39.3339,0.0,icmp,1591995499,2020-06-12 20:58:19+00:00
132209049,jinan-telecom,wuhan-telecom,46.5341,0.0,icmp,1591995600,2020-06-12 21:00:00+00:00
132209310,jinan-telecom,wuhan-telecom,47.2657,0.0,icmp,1591995720,2020-06-12 21:02:00+00:00
132209507,jinan-telecom,wuhan-telecom,43.0057,0.0,icmp,1591995840,2020-06-12 21:04:00+00:00
132209744,jinan-telecom,wuhan-telecom,47.6704,0.0,icmp,1591995960,2020-06-12 21:06:00+00:00
132209970,jinan-telecom,wuhan-telecom,45.9551,0.0,icmp,1591996080,2020-06-12 21:08:00+00:00
132210199,jinan-telecom,wuhan-telecom,42.0824,0.0,icmp,1591996200,2020-06-12 21:10:00+00:00
132210431,jinan-telecom,wuhan-telecom,46.1601,0.0,icmp,1591996320,2020-06-12 21:12:00+00:00
132210678,jinan-telecom,wuhan-telecom,46.5984,0.0,icmp,1591996440,2020-06-12 21:14:00+00:00
132210888,jinan-telecom,wuhan-telecom,39.4913,0.0,icmp,1591996519,2020-06-12 21:15:19+00:00
132211124,jinan-telecom,wuhan-telecom,45.9521,0.0,icmp,1591996680,2020-06-12 21:18:00+00:00
132211338,jinan-telecom,wuhan-telecom,47.0457,0.0,icmp,1591996800,2020-06-12 21:20:00+00:00
132211602,jinan-telecom,wuhan-telecom,49.5377,0.0,icmp,1591996920,2020-06-12 21:22:00+00:00
132211801,jinan-telecom,wuhan-telecom,46.1056,0.0,icmp,1591997040,2020-06-12 21:24:00+00:00
132212035,jinan-telecom,wuhan-telecom,41.569,0.0,icmp,1591997160,2020-06-12 21:26:00+00:00
132212261,jinan-telecom,wuhan-telecom,47.7043,0.0,icmp,1591997280,2020-06-12 21:28:00+00:00
132212498,jinan-telecom,wuhan-telecom,46.6121,0.0,icmp,1591997400,2020-06-12 21:30:00+00:00
132212720,jinan-telecom,wuhan-telecom,47.9145,0.0,icmp,1591997520,2020-06-12 21:32:00+00:00
132212946,jinan-telecom,wuhan-telecom,39.8598,0.0,icmp,1591997599,2020-06-12 21:33:19+00:00
132213173,jinan-telecom,wuhan-telecom,39.9941,0.0,icmp,1591997760,2020-06-12 21:36:00+00:00
132213428,jinan-telecom,wuhan-telecom,46.4507,0.0,icmp,1591997880,2020-06-12 21:38:00+00:00
132213632,jinan-telecom,wuhan-telecom,48.9408,0.0,icmp,1591998000,2020-06-12 21:40:00+00:00
132213865,jinan-telecom,wuhan-telecom,39.3248,0.0,icmp,1591998139,2020-06-12 21:42:19+00:00
132214089,jinan-telecom,wuhan-telecom,39.4105,0.0,icmp,1591998259,2020-06-12 21:44:19+00:00
132214326,jinan-telecom,wuhan-telecom,39.4069,0.0,icmp,1591998379,2020-06-12 21:46:19+00:00
132214557,jinan-telecom,wuhan-telecom,39.4237,0.0,icmp,1591998499,2020-06-12 21:48:19+00:00
132214797,jinan-telecom,wuhan-telecom,39.3212,0.0,icmp,1591998619,2020-06-12 21:50:19+00:00
132215015,jinan-telecom,wuhan-telecom,39.3126,0.0,icmp,1591998739,2020-06-12 21:52:19+00:00
132215241,jinan-telecom,wuhan-telecom,46.5553,0.0,icmp,1591998840,2020-06-12 21:54:00+00:00
132215461,jinan-telecom,wuhan-telecom,46.8963,0.0,icmp,1591998960,2020-06-12 21:56:00+00:00
132215702,jinan-telecom,wuhan-telecom,47.8655,0.0,icmp,1591999080,2020-06-12 21:58:00+00:00
132215929,jinan-telecom,wuhan-telecom,45.6984,0.0,icmp,1591999200,2020-06-12 22:00:00+00:00
132216170,jinan-telecom,wuhan-telecom,39.3162,0.0,icmp,1591999279,2020-06-12 22:01:19+00:00
132216385,jinan-telecom,wuhan-telecom,44.8282,0.0,icmp,1591999440,2020-06-12 22:04:00+00:00
132216646,jinan-telecom,wuhan-telecom,43.8099,0.0,icmp,1591999560,2020-06-12 22:06:00+00:00
132216847,jinan-telecom,wuhan-telecom,47.2519,0.0,icmp,1591999680,2020-06-12 22:08:00+00:00
132217074,jinan-telecom,wuhan-telecom,46.645,0.0,icmp,1591999800,2020-06-12 22:10:00+00:00
132217306,jinan-telecom,wuhan-telecom,47.7743,0.0,icmp,1591999920,2020-06-12 22:12:00+00:00
132217536,jinan-telecom,wuhan-telecom,48.7732,0.0,icmp,1592000040,2020-06-12 22:14:00+00:00
132217785,jinan-telecom,wuhan-telecom,45.1239,0.0,icmp,1592000160,2020-06-12 22:16:00+00:00
132217979,jinan-telecom,wuhan-telecom,39.3184,0.0,icmp,1592000239,2020-06-12 22:17:19+00:00
132218231,jinan-telecom,wuhan-telecom,41.4873,0.0,icmp,1592000400,2020-06-12 22:20:00+00:00
132218446,jinan-telecom,wuhan-telecom,39.3378,0.0,icmp,1592000539,2020-06-12 22:22:19+00:00
132218677,jinan-telecom,wuhan-telecom,48.8403,0.0,icmp,1592000640,2020-06-12 22:24:00+00:00
132218917,jinan-telecom,wuhan-telecom,46.5572,0.0,icmp,1592000760,2020-06-12 22:26:00+00:00
132219131,jinan-telecom,wuhan-telecom,47.9219,0.0,icmp,1592000880,2020-06-12 22:28:00+00:00
132219359,jinan-telecom,wuhan-telecom,48.3185,0.0,icmp,1592001000,2020-06-12 22:30:00+00:00
132219609,jinan-telecom,wuhan-telecom,39.299,0.0,icmp,1592001139,2020-06-12 22:32:19+00:00
132219829,jinan-telecom,wuhan-telecom,39.3341,0.0,icmp,1592001259,2020-06-12 22:34:19+00:00
132220053,jinan-telecom,wuhan-telecom,46.7192,0.0,icmp,1592001360,2020-06-12 22:36:00+00:00
132220288,jinan-telecom,wuhan-telecom,43.1559,0.0,icmp,1592001480,2020-06-12 22:38:00+00:00
132220501,jinan-telecom,wuhan-telecom,42.9426,0.0,icmp,1592001600,2020-06-12 22:40:00+00:00
132220752,jinan-telecom,wuhan-telecom,47.4418,0.0,icmp,1592001720,2020-06-12 22:42:00+00:00
132220967,jinan-telecom,wuhan-telecom,49.1955,0.0,icmp,1592001840,2020-06-12 22:44:00+00:00
132221225,jinan-telecom,wuhan-telecom,45.2109,0.0,icmp,1592001960,2020-06-12 22:46:00+00:00
132221417,jinan-telecom,wuhan-telecom,46.3661,0.0,icmp,1592002080,2020-06-12 22:48:00+00:00
132221667,jinan-telecom,wuhan-telecom,45.9233,0.0,icmp,1592002200,2020-06-12 22:50:00+00:00
132221869,jinan-telecom,wuhan-telecom,45.3806,0.0,icmp,1592002320,2020-06-12 22:52:00+00:00
132222113,jinan-telecom,wuhan-telecom,48.8421,0.0,icmp,1592002440,2020-06-12 22:54:00+00:00
132222339,jinan-telecom,wuhan-telecom,43.1904,0.0,icmp,1592002560,2020-06-12 22:56:00+00:00
132222566,jinan-telecom,wuhan-telecom,40.3139,0.0,icmp,1592002680,2020-06-12 22:58:00+00:00
132222797,jinan-telecom,wuhan-telecom,39.3584,0.0,icmp,1592002819,2020-06-12 23:00:19+00:00
132223029,jinan-telecom,wuhan-telecom,45.9371,0.0,icmp,1592002920,2020-06-12 23:02:00+00:00
132223245,jinan-telecom,wuhan-telecom,45.3769,0.0,icmp,1592003040,2020-06-12 23:04:00+00:00
132223455,jinan-telecom,wuhan-telecom,48.0848,0.0,icmp,1592003160,2020-06-12 23:06:00+00:00
132223719,jinan-telecom,wuhan-telecom,39.5674,0.0,icmp,1592003299,2020-06-12 23:08:19+00:00
132223944,jinan-telecom,wuhan-telecom,47.2356,0.0,icmp,1592003400,2020-06-12 23:10:00+00:00
132224189,jinan-telecom,wuhan-telecom,39.3103,0.0,icmp,1592003479,2020-06-12 23:11:19+00:00
132224421,jinan-telecom,wuhan-telecom,39.3585,0.0,icmp,1592003599,2020-06-12 23:13:19+00:00
132224648,jinan-telecom,wuhan-telecom,46.2038,0.0,icmp,1592003760,2020-06-12 23:16:00+00:00
132224874,jinan-telecom,wuhan-telecom,44.8489,0.0,icmp,1592003880,2020-06-12 23:18:00+00:00
132225093,jinan-telecom,wuhan-telecom,49.4387,0.0,icmp,1592004000,2020-06-12 23:20:00+00:00
132225328,jinan-telecom,wuhan-telecom,47.135,0.0,icmp,1592004120,2020-06-12 23:22:00+00:00
132225547,jinan-telecom,wuhan-telecom,47.3094,0.0,icmp,1592004240,2020-06-12 23:24:00+00:00
132225767,jinan-telecom,wuhan-telecom,48.8044,0.0,icmp,1592004360,2020-06-12 23:26:00+00:00
132226011,jinan-telecom,wuhan-telecom,46.8264,0.0,icmp,1592004480,2020-06-12 23:28:00+00:00
132226222,jinan-telecom,wuhan-telecom,46.2174,0.0,icmp,1592004600,2020-06-12 23:30:00+00:00
132226472,jinan-telecom,wuhan-telecom,46.7812,0.0,icmp,1592004720,2020-06-12 23:32:00+00:00
132226690,jinan-telecom,wuhan-telecom,46.7049,0.0,icmp,1592004840,2020-06-12 23:34:00+00:00
132226914,jinan-telecom,wuhan-telecom,39.4108,0.0,icmp,1592004919,2020-06-12 23:35:19+00:00
132227146,jinan-telecom,wuhan-telecom,39.3513,0.0,icmp,1592005039,2020-06-12 23:37:19+00:00
132227375,jinan-telecom,wuhan-telecom,39.3959,0.0,icmp,1592005219,2020-06-12 23:40:19+00:00
132227641,jinan-telecom,wuhan-telecom,42.487,0.0,icmp,1592005320,2020-06-12 23:42:00+00:00
132227843,jinan-telecom,wuhan-telecom,48.2443,0.0,icmp,1592005440,2020-06-12 23:44:00+00:00
132228066,jinan-telecom,wuhan-telecom,39.4834,0.0,icmp,1592005519,2020-06-12 23:45:19+00:00
132228309,jinan-telecom,wuhan-telecom,46.0419,0.0,icmp,1592005680,2020-06-12 23:48:00+00:00
132228523,jinan-telecom,wuhan-telecom,47.0265,0.0,icmp,1592005800,2020-06-12 23:50:00+00:00
132228760,jinan-telecom,wuhan-telecom,39.5126,0.0,icmp,1592005879,2020-06-12 23:51:19+00:00
132228985,jinan-telecom,wuhan-telecom,39.4146,0.0,icmp,1592005999,2020-06-12 23:53:19+00:00
132229227,jinan-telecom,wuhan-telecom,46.3241,0.0,icmp,1592006160,2020-06-12 23:56:00+00:00
132229442,jinan-telecom,wuhan-telecom,40.3542,0.0,icmp,1592006280,2020-06-12 23:58:00+00:00
132229658,jinan-telecom,wuhan-telecom,39.6999,0.0,icmp,1592006419,2020-06-13 00:00:19+00:00
132229893,jinan-telecom,wuhan-telecom,39.5703,0.0,icmp,1592006539,2020-06-13 00:02:19+00:00
132230125,jinan-telecom,wuhan-telecom,39.3432,0.0,icmp,1592006659,2020-06-13 00:04:19+00:00
132230368,jinan-telecom,wuhan-telecom,44.7003,0.0,icmp,1592006760,2020-06-13 00:06:00+00:00
132230598,jinan-telecom,wuhan-telecom,49.1357,0.0,icmp,1592006880,2020-06-13 00:08:00+00:00
132230794,jinan-telecom,wuhan-telecom,47.5885,0.0,icmp,1592007000,2020-06-13 00:10:00+00:00
132231042,jinan-telecom,wuhan-telecom,46.3193,0.0,icmp,1592007120,2020-06-13 00:12:00+00:00
132231263,jinan-telecom,wuhan-telecom,47.0974,0.0,icmp,1592007240,2020-06-13 00:14:00+00:00
132231500,jinan-telecom,wuhan-telecom,46.6439,0.0,icmp,1592007360,2020-06-13 00:16:00+00:00
132231732,jinan-telecom,wuhan-telecom,47.4195,0.0,icmp,1592007480,2020-06-13 00:18:00+00:00
132231973,jinan-telecom,wuhan-telecom,43.4559,0.0,icmp,1592007600,2020-06-13 00:20:00+00:00
132232193,jinan-telecom,wuhan-telecom,48.5757,0.0,icmp,1592007720,2020-06-13 00:22:00+00:00
132232433,jinan-telecom,wuhan-telecom,47.7644,0.0,icmp,1592007840,2020-06-13 00:24:00+00:00
132232646,jinan-telecom,wuhan-telecom,39.654,0.0,icmp,1592007979,2020-06-13 00:26:19+00:00
132232866,jinan-telecom,wuhan-telecom,40.8623,0.0,icmp,1592008080,2020-06-13 00:28:00+00:00
132233125,jinan-telecom,wuhan-telecom,48.2916,0.0,icmp,1592008200,2020-06-13 00:30:00+00:00
132233332,jinan-telecom,wuhan-telecom,47.1981,0.0,icmp,1592008320,2020-06-13 00:32:00+00:00
132233576,jinan-telecom,wuhan-telecom,45.0715,0.0,icmp,1592008440,2020-06-13 00:34:00+00:00
132233794,jinan-telecom,wuhan-telecom,45.7353,0.0,icmp,1592008560,2020-06-13 00:36:00+00:00
132234067,jinan-telecom,wuhan-telecom,39.4065,0.0,icmp,1592008699,2020-06-13 00:38:19+00:00
132234264,jinan-telecom,wuhan-telecom,45.457,0.0,icmp,1592008800,2020-06-13 00:40:00+00:00
132234477,jinan-telecom,wuhan-telecom,47.5185,0.0,icmp,1592008920,2020-06-13 00:42:00+00:00
132234698,jinan-telecom,wuhan-telecom,39.4206,0.0,icmp,1592008999,2020-06-13 00:43:19+00:00
132234930,jinan-telecom,wuhan-telecom,39.4487,0.0,icmp,1592009179,2020-06-13 00:46:19+00:00
132235175,jinan-telecom,wuhan-telecom,48.6806,0.0,icmp,1592009280,2020-06-13 00:48:00+00:00
132235411,jinan-telecom,wuhan-telecom,45.825,0.0,icmp,1592009400,2020-06-13 00:50:00+00:00
132235627,jinan-telecom,wuhan-telecom,48.2401,0.0,icmp,1592009520,2020-06-13 00:52:00+00:00
132235861,jinan-telecom,wuhan-telecom,42.129,0.0,icmp,1592009640,2020-06-13 00:54:00+00:00
132236069,jinan-telecom,wuhan-telecom,39.3223,0.0,icmp,1592009779,2020-06-13 00:56:19+00:00
132236323,jinan-telecom,wuhan-telecom,49.5629,0.0,icmp,1592009880,2020-06-13 00:58:00+00:00
132236536,jinan-telecom,wuhan-telecom,49.1855,0.0,icmp,1592010000,2020-06-13 01:00:00+00:00
132236773,jinan-telecom,wuhan-telecom,49.4612,0.0,icmp,1592010120,2020-06-13 01:02:00+00:00
132237011,jinan-telecom,wuhan-telecom,39.4668,0.0,icmp,1592010259,2020-06-13 01:04:19+00:00
132237225,jinan-telecom,wuhan-telecom,45.2424,0.0,icmp,1592010360,2020-06-13 01:06:00+00:00
132237465,jinan-telecom,wuhan-telecom,47.9388,0.0,icmp,1592010480,2020-06-13 01:08:00+00:00
132237701,jinan-telecom,wuhan-telecom,39.3332,0.0,icmp,1592010619,2020-06-13 01:10:19+00:00
132237928,jinan-telecom,wuhan-telecom,46.1689,0.0,icmp,1592010720,2020-06-13 01:12:00+00:00
132238159,jinan-telecom,wuhan-telecom,47.1848,0.0,icmp,1592010840,2020-06-13 01:14:00+00:00
132238386,jinan-telecom,wuhan-telecom,39.3597,0.0,icmp,1592010919,2020-06-13 01:15:19+00:00
132238598,jinan-telecom,wuhan-telecom,45.3972,0.0,icmp,1592011080,2020-06-13 01:18:00+00:00
132238832,jinan-telecom,wuhan-telecom,42.0271,0.0,icmp,1592011200,2020-06-13 01:20:00+00:00
132239049,jinan-telecom,wuhan-telecom,39.4552,0.0,icmp,1592011325,2020-06-13 01:22:05+00:00
132239311,jinan-telecom,wuhan-telecom,44.521,0.0,icmp,1592011440,2020-06-13 01:24:00+00:00
132239530,jinan-telecom,wuhan-telecom,49.4459,0.0,icmp,1592011560,2020-06-13 01:26:00+00:00
132239758,jinan-telecom,wuhan-telecom,50.677,0.0,icmp,1592011680,2020-06-13 01:28:00+00:00
132239982,jinan-telecom,wuhan-telecom,52.6907,0.0,icmp,1592011800,2020-06-13 01:30:00+00:00
132240207,jinan-telecom,wuhan-telecom,54.6813,0.0,icmp,1592011920,2020-06-13 01:32:00+00:00
132240429,jinan-telecom,wuhan-telecom,49.5452,0.0,icmp,1592012040,2020-06-13 01:34:00+00:00
132240650,jinan-telecom,wuhan-telecom,46.0176,0.0,icmp,1592012160,2020-06-13 01:36:00+00:00
132240895,jinan-telecom,wuhan-telecom,47.2408,0.0,icmp,1592012280,2020-06-13 01:38:00+00:00
132241126,jinan-telecom,wuhan-telecom,46.8653,0.0,icmp,1592012400,2020-06-13 01:40:00+00:00
132241357,jinan-telecom,wuhan-telecom,46.2136,0.0,icmp,1592012520,2020-06-13 01:42:00+00:00
132241577,jinan-telecom,wuhan-telecom,40.8883,0.0,icmp,1592012640,2020-06-13 01:44:00+00:00
132241820,jinan-telecom,wuhan-telecom,45.3744,0.0,icmp,1592012760,2020-06-13 01:46:00+00:00
132242029,jinan-telecom,wuhan-telecom,47.3132,0.0,icmp,1592012880,2020-06-13 01:48:00+00:00
132242251,jinan-telecom,wuhan-telecom,48.9791,0.0,icmp,1592013000,2020-06-13 01:50:00+00:00
132242487,jinan-telecom,wuhan-telecom,39.5063,0.0,icmp,1592013125,2020-06-13 01:52:05+00:00
132242734,jinan-telecom,wuhan-telecom,47.9566,0.0,icmp,1592013240,2020-06-13 01:54:00+00:00
132242951,jinan-telecom,wuhan-telecom,46.6085,0.0,icmp,1592013360,2020-06-13 01:56:00+00:00
132243171,jinan-telecom,wuhan-telecom,45.6374,0.0,icmp,1592013480,2020-06-13 01:58:00+00:00
132243404,jinan-telecom,wuhan-telecom,49.7074,0.0,icmp,1592013600,2020-06-13 02:00:00+00:00
132243632,jinan-telecom,wuhan-telecom,49.805,0.0,icmp,1592013720,2020-06-13 02:02:00+00:00
132243893,jinan-telecom,wuhan-telecom,39.5879,0.0,icmp,1592013799,2020-06-13 02:03:19+00:00
132244087,jinan-telecom,wuhan-telecom,46.5263,0.0,icmp,1592013960,2020-06-13 02:06:00+00:00
132244331,jinan-telecom,wuhan-telecom,46.784,0.0,icmp,1592014080,2020-06-13 02:08:00+00:00
132244581,jinan-telecom,wuhan-telecom,39.332,0.0,icmp,1592014159,2020-06-13 02:09:19+00:00
132244773,jinan-telecom,wuhan-telecom,39.543,0.0,icmp,1592014279,2020-06-13 02:11:19+00:00
132245033,jinan-telecom,wuhan-telecom,44.7229,0.0,icmp,1592014440,2020-06-13 02:14:00+00:00
132245243,jinan-telecom,wuhan-telecom,47.166,0.0,icmp,1592014560,2020-06-13 02:16:00+00:00
132245474,jinan-telecom,wuhan-telecom,48.083,0.0,icmp,1592014680,2020-06-13 02:18:00+00:00
132245686,jinan-telecom,wuhan-telecom,50.004,0.0,icmp,1592014800,2020-06-13 02:20:00+00:00
132245941,jinan-telecom,wuhan-telecom,46.9101,0.0,icmp,1592014920,2020-06-13 02:22:00+00:00
132246183,jinan-telecom,wuhan-telecom,39.3364,0.0,icmp,1592014999,2020-06-13 02:23:19+00:00
132246376,jinan-telecom,wuhan-telecom,47.8103,0.0,icmp,1592015160,2020-06-13 02:26:00+00:00
132246628,jinan-telecom,wuhan-telecom,48.8674,0.0,icmp,1592015280,2020-06-13 02:28:00+00:00
132246840,jinan-telecom,wuhan-telecom,50.3764,0.0,icmp,1592015400,2020-06-13 02:30:00+00:00
132247089,jinan-telecom,wuhan-telecom,46.7492,0.0,icmp,1592015520,2020-06-13 02:32:00+00:00
132247305,jinan-telecom,wuhan-telecom,45.8355,0.0,icmp,1592015640,2020-06-13 02:34:00+00:00
132247536,jinan-telecom,wuhan-telecom,48.4553,0.0,icmp,1592015760,2020-06-13 02:36:00+00:00
132247773,jinan-telecom,wuhan-telecom,47.7015,0.0,icmp,1592015880,2020-06-13 02:38:00+00:00
132247990,jinan-telecom,wuhan-telecom,47.4792,0.0,icmp,1592016000,2020-06-13 02:40:00+00:00
132248247,jinan-telecom,wuhan-telecom,47.039,0.0,icmp,1592016120,2020-06-13 02:42:00+00:00
132248454,jinan-telecom,wuhan-telecom,47.0662,0.0,icmp,1592016240,2020-06-13 02:44:00+00:00
132248681,jinan-telecom,wuhan-telecom,49.3456,0.0,icmp,1592016360,2020-06-13 02:46:00+00:00
132248914,jinan-telecom,wuhan-telecom,46.2499,0.0,icmp,1592016480,2020-06-13 02:48:00+00:00
132249130,jinan-telecom,wuhan-telecom,47.3388,0.0,icmp,1592016600,2020-06-13 02:50:00+00:00
132249355,jinan-telecom,wuhan-telecom,46.5465,0.0,icmp,1592016720,2020-06-13 02:52:00+00:00
132249611,jinan-telecom,wuhan-telecom,39.54,0.0,icmp,1592016859,2020-06-13 02:54:19+00:00
132249819,jinan-telecom,wuhan-telecom,48.8186,0.0,icmp,1592016960,2020-06-13 02:56:00+00:00
132250058,jinan-telecom,wuhan-telecom,47.7889,0.0,icmp,1592017080,2020-06-13 02:58:00+00:00
132250278,jinan-telecom,wuhan-telecom,45.5146,0.0,icmp,1592017200,2020-06-13 03:00:00+00:00
132250496,jinan-telecom,wuhan-telecom,47.6761,0.0,icmp,1592017320,2020-06-13 03:02:00+00:00
132250750,jinan-telecom,wuhan-telecom,46.4772,0.0,icmp,1592017440,2020-06-13 03:04:00+00:00
132250968,jinan-telecom,wuhan-telecom,48.105,0.0,icmp,1592017560,2020-06-13 03:06:00+00:00
132251190,jinan-telecom,wuhan-telecom,40.1815,0.0,icmp,1592017680,2020-06-13 03:08:00+00:00
132251417,jinan-telecom,wuhan-telecom,47.7276,0.0,icmp,1592017800,2020-06-13 03:10:00+00:00
132251650,jinan-telecom,wuhan-telecom,45.0335,0.0,icmp,1592017920,2020-06-13 03:12:00+00:00
132251875,jinan-telecom,wuhan-telecom,44.6679,0.0,icmp,1592018040,2020-06-13 03:14:00+00:00
132252117,jinan-telecom,wuhan-telecom,48.3585,0.0,icmp,1592018160,2020-06-13 03:16:00+00:00
132252352,jinan-telecom,wuhan-telecom,46.2527,0.0,icmp,1592018280,2020-06-13 03:18:00+00:00
132252585,jinan-telecom,wuhan-telecom,39.4724,0.0,icmp,1592018419,2020-06-13 03:20:19+00:00
132252805,jinan-telecom,wuhan-telecom,42.0453,0.0,icmp,1592018520,2020-06-13 03:22:00+00:00
132253032,jinan-telecom,wuhan-telecom,47.3244,0.0,icmp,1592018640,2020-06-13 03:24:00+00:00
132253280,jinan-telecom,wuhan-telecom,46.5472,0.0,icmp,1592018760,2020-06-13 03:26:00+00:00
132253484,jinan-telecom,wuhan-telecom,39.5569,0.0,icmp,1592018839,2020-06-13 03:27:19+00:00
132253716,jinan-telecom,wuhan-telecom,39.4846,0.0,icmp,1592018959,2020-06-13 03:29:19+00:00
132253947,jinan-telecom,wuhan-telecom,44.7504,0.0,icmp,1592019120,2020-06-13 03:32:00+00:00
132254174,jinan-telecom,wuhan-telecom,47.003,0.0,icmp,1592019240,2020-06-13 03:34:00+00:00
132254405,jinan-telecom,wuhan-telecom,39.3748,0.0,icmp,1592019379,2020-06-13 03:36:19+00:00
132254624,jinan-telecom,wuhan-telecom,48.697,0.0,icmp,1592019480,2020-06-13 03:38:00+00:00
132254880,jinan-telecom,wuhan-telecom,48.1663,0.0,icmp,1592019600,2020-06-13 03:40:00+00:00
132255102,jinan-telecom,wuhan-telecom,45.6763,0.0,icmp,1592019720,2020-06-13 03:42:00+00:00
132255321,jinan-telecom,wuhan-telecom,48.0051,0.0,icmp,1592019840,2020-06-13 03:44:00+00:00
132255533,jinan-telecom,wuhan-telecom,47.7357,0.0,icmp,1592019960,2020-06-13 03:46:00+00:00
132255782,jinan-telecom,wuhan-telecom,46.5371,0.0,icmp,1592020080,2020-06-13 03:48:00+00:00
132256003,jinan-telecom,wuhan-telecom,47.7674,0.0,icmp,1592020200,2020-06-13 03:50:00+00:00
132256241,jinan-telecom,wuhan-telecom,44.9957,0.0,icmp,1592020320,2020-06-13 03:52:00+00:00
132256476,jinan-telecom,wuhan-telecom,39.4166,0.0,icmp,1592020459,2020-06-13 03:54:19+00:00
132256699,jinan-telecom,wuhan-telecom,39.3555,0.0,icmp,1592020579,2020-06-13 03:56:19+00:00
132256928,jinan-telecom,wuhan-telecom,46.3412,0.0,icmp,1592020680,2020-06-13 03:58:00+00:00
132257162,jinan-telecom,wuhan-telecom,39.4076,0.0,icmp,1592020819,2020-06-13 04:00:19+00:00
132257386,jinan-telecom,wuhan-telecom,39.45,0.0,icmp,1592020939,2020-06-13 04:02:19+00:00
132257624,jinan-telecom,wuhan-telecom,48.6988,0.0,icmp,1592021040,2020-06-13 04:04:00+00:00
132257835,jinan-telecom,wuhan-telecom,46.2842,0.0,icmp,1592021160,2020-06-13 04:06:00+00:00
132258071,jinan-telecom,wuhan-telecom,45.8545,0.0,icmp,1592021280,2020-06-13 04:08:00+00:00
132258301,jinan-telecom,wuhan-telecom,47.5455,0.0,icmp,1592021400,2020-06-13 04:10:00+00:00
132258516,jinan-telecom,wuhan-telecom,39.3615,0.0,icmp,1592021539,2020-06-13 04:12:19+00:00
132258751,jinan-telecom,wuhan-telecom,48.8571,0.0,icmp,1592021640,2020-06-13 04:14:00+00:00
132258960,jinan-telecom,wuhan-telecom,39.3364,0.0,icmp,1592021779,2020-06-13 04:16:19+00:00
132259218,jinan-telecom,wuhan-telecom,46.0088,0.0,icmp,1592021880,2020-06-13 04:18:00+00:00
132259439,jinan-telecom,wuhan-telecom,47.9011,0.0,icmp,1592022000,2020-06-13 04:20:00+00:00
132259667,jinan-telecom,wuhan-telecom,50.0752,0.0,icmp,1592022120,2020-06-13 04:22:00+00:00
132259888,jinan-telecom,wuhan-telecom,46.788,0.0,icmp,1592022240,2020-06-13 04:24:00+00:00
132260112,jinan-telecom,wuhan-telecom,39.4546,0.0,icmp,1592022304,2020-06-13 04:25:04+00:00
132260352,jinan-telecom,wuhan-telecom,45.8365,0.0,icmp,1592022480,2020-06-13 04:28:00+00:00
132260601,jinan-telecom,wuhan-telecom,49.4773,0.0,icmp,1592022600,2020-06-13 04:30:00+00:00
132260841,jinan-telecom,wuhan-telecom,39.4084,0.0,icmp,1592022679,2020-06-13 04:31:19+00:00
132261033,jinan-telecom,wuhan-telecom,39.6742,0.0,icmp,1592022799,2020-06-13 04:33:19+00:00
132261279,jinan-telecom,wuhan-telecom,39.3784,0.0,icmp,1592022919,2020-06-13 04:35:19+00:00
132261515,jinan-telecom,wuhan-telecom,42.0175,0.0,icmp,1592023025,2020-06-13 04:37:05+00:00
132261735,jinan-telecom,wuhan-telecom,41.5145,0.0,icmp,1592023200,2020-06-13 04:40:00+00:00
132261948,jinan-telecom,wuhan-telecom,43.6195,0.0,icmp,1592023320,2020-06-13 04:42:00+00:00
132262174,jinan-telecom,wuhan-telecom,48.6575,0.0,icmp,1592023440,2020-06-13 04:44:00+00:00
132262421,jinan-telecom,wuhan-telecom,48.7951,0.0,icmp,1592023560,2020-06-13 04:46:00+00:00
132262661,jinan-telecom,wuhan-telecom,47.0796,0.0,icmp,1592023680,2020-06-13 04:48:00+00:00
132262870,jinan-telecom,wuhan-telecom,39.3259,0.0,icmp,1592023759,2020-06-13 04:49:19+00:00
132263113,jinan-telecom,wuhan-telecom,45.6161,0.0,icmp,1592023920,2020-06-13 04:52:00+00:00
132263335,jinan-telecom,wuhan-telecom,39.3486,0.0,icmp,1592023999,2020-06-13 04:53:19+00:00
132263554,jinan-telecom,wuhan-telecom,39.3243,0.0,icmp,1592024119,2020-06-13 04:55:19+00:00
132263820,jinan-telecom,wuhan-telecom,42.0844,0.0,icmp,1592024280,2020-06-13 04:58:00+00:00
132264032,jinan-telecom,wuhan-telecom,47.893,0.0,icmp,1592024400,2020-06-13 05:00:00+00:00
132264250,jinan-telecom,wuhan-telecom,47.0641,0.0,icmp,1592024520,2020-06-13 05:02:00+00:00
132264477,jinan-telecom,wuhan-telecom,47.246,0.0,icmp,1592024640,2020-06-13 05:04:00+00:00
132264694,jinan-telecom,wuhan-telecom,47.9237,0.0,icmp,1592024760,2020-06-13 05:06:00+00:00
132264947,jinan-telecom,wuhan-telecom,47.7473,0.0,icmp,1592024880,2020-06-13 05:08:00+00:00
132265175,jinan-telecom,wuhan-telecom,39.4322,0.0,icmp,1592025019,2020-06-13 05:10:19+00:00
132265383,jinan-telecom,wuhan-telecom,48.3783,0.0,icmp,1592025120,2020-06-13 05:12:00+00:00
132265622,jinan-telecom,wuhan-telecom,39.3266,0.0,icmp,1592025199,2020-06-13 05:13:19+00:00
132265859,jinan-telecom,wuhan-telecom,46.4601,0.0,icmp,1592025360,2020-06-13 05:16:00+00:00
132266074,jinan-telecom,wuhan-telecom,44.9306,0.0,icmp,1592025480,2020-06-13 05:18:00+00:00
132266299,jinan-telecom,wuhan-telecom,39.6087,0.0,icmp,1592025619,2020-06-13 05:20:19+00:00
132266555,jinan-telecom,wuhan-telecom,47.7984,0.0,icmp,1592025720,2020-06-13 05:22:00+00:00
132266758,jinan-telecom,wuhan-telecom,46.8359,0.0,icmp,1592025840,2020-06-13 05:24:00+00:00
132266990,jinan-telecom,wuhan-telecom,48.0919,0.0,icmp,1592025960,2020-06-13 05:26:00+00:00
132267232,jinan-telecom,wuhan-telecom,39.3254,0.0,icmp,1592026099,2020-06-13 05:28:19+00:00
132267453,jinan-telecom,wuhan-telecom,41.343,0.0,icmp,1592026200,2020-06-13 05:30:00+00:00
132267680,jinan-telecom,wuhan-telecom,49.8604,0.0,icmp,1592026320,2020-06-13 05:32:00+00:00
132267906,jinan-telecom,wuhan-telecom,41.6343,0.0,icmp,1592026440,2020-06-13 05:34:00+00:00
132268154,jinan-telecom,wuhan-telecom,39.3623,0.0,icmp,1592026519,2020-06-13 05:35:19+00:00
132268362,jinan-telecom,wuhan-telecom,39.3462,0.0,icmp,1592026639,2020-06-13 05:37:19+00:00
132268580,jinan-telecom,wuhan-telecom,45.9679,0.0,icmp,1592026800,2020-06-13 05:40:00+00:00
132268825,jinan-telecom,wuhan-telecom,47.2445,0.0,icmp,1592026920,2020-06-13 05:42:00+00:00
132269061,jinan-telecom,wuhan-telecom,39.3439,0.0,icmp,1592027059,2020-06-13 05:44:19+00:00
132269301,jinan-telecom,wuhan-telecom,46.2411,0.0,icmp,1592027160,2020-06-13 05:46:00+00:00
132269505,jinan-telecom,wuhan-telecom,39.3723,0.0,icmp,1592027239,2020-06-13 05:47:19+00:00
132269744,jinan-telecom,wuhan-telecom,40.057,0.0,icmp,1592027400,2020-06-13 05:50:00+00:00
132269973,jinan-telecom,wuhan-telecom,39.4946,0.0,icmp,1592027479,2020-06-13 05:51:19+00:00
132270193,jinan-telecom,wuhan-telecom,39.3388,0.0,icmp,1592027599,2020-06-13 05:53:19+00:00
132270436,jinan-telecom,wuhan-telecom,44.8916,0.0,icmp,1592027760,2020-06-13 05:56:00+00:00
132270667,jinan-telecom,wuhan-telecom,39.3378,0.0,icmp,1592027839,2020-06-13 05:57:19+00:00
132270889,jinan-telecom,wuhan-telecom,39.3703,0.0,icmp,1592028019,2020-06-13 06:00:19+00:00
132271128,jinan-telecom,wuhan-telecom,47.8518,0.0,icmp,1592028120,2020-06-13 06:02:00+00:00
132271359,jinan-telecom,wuhan-telecom,47.7407,0.0,icmp,1592028240,2020-06-13 06:04:00+00:00
132271590,jinan-telecom,wuhan-telecom,46.5187,0.0,icmp,1592028360,2020-06-13 06:06:00+00:00
132271812,jinan-telecom,wuhan-telecom,39.4655,0.0,icmp,1592028499,2020-06-13 06:08:19+00:00
132272026,jinan-telecom,wuhan-telecom,47.8152,0.0,icmp,1592028600,2020-06-13 06:10:00+00:00
132272258,jinan-telecom,wuhan-telecom,42.8249,0.0,icmp,1592028720,2020-06-13 06:12:00+00:00
132272506,jinan-telecom,wuhan-telecom,47.9851,0.0,icmp,1592028840,2020-06-13 06:14:00+00:00
132272725,jinan-telecom,wuhan-telecom,48.6489,0.0,icmp,1592028960,2020-06-13 06:16:00+00:00
132272950,jinan-telecom,wuhan-telecom,47.3963,0.0,icmp,1592029080,2020-06-13 06:18:00+00:00
132273199,jinan-telecom,wuhan-telecom,47.2898,0.0,icmp,1592029200,2020-06-13 06:20:00+00:00
132273400,jinan-telecom,wuhan-telecom,46.1238,0.0,icmp,1592029320,2020-06-13 06:22:00+00:00
132273635,jinan-telecom,wuhan-telecom,42.7677,0.0,icmp,1592029440,2020-06-13 06:24:00+00:00
132273858,jinan-telecom,wuhan-telecom,46.825,0.0,icmp,1592029560,2020-06-13 06:26:00+00:00
132274091,jinan-telecom,wuhan-telecom,48.798,0.0,icmp,1592029680,2020-06-13 06:28:00+00:00
132274340,jinan-telecom,wuhan-telecom,46.5992,0.0,icmp,1592029800,2020-06-13 06:30:00+00:00
132274545,jinan-telecom,wuhan-telecom,45.768,0.0,icmp,1592029920,2020-06-13 06:32:00+00:00
132274797,jinan-telecom,wuhan-telecom,47.5196,0.0,icmp,1592030040,2020-06-13 06:34:00+00:00
132274999,jinan-telecom,wuhan-telecom,48.6785,0.0,icmp,1592030160,2020-06-13 06:36:00+00:00
132275259,jinan-telecom,wuhan-telecom,39.3218,0.0,icmp,1592030299,2020-06-13 06:38:19+00:00
132275473,jinan-telecom,wuhan-telecom,46.3323,0.0,icmp,1592030400,2020-06-13 06:40:00+00:00
132275688,jinan-telecom,wuhan-telecom,39.5962,0.0,icmp,1592030539,2020-06-13 06:42:19+00:00
132275939,jinan-telecom,wuhan-telecom,45.7076,0.0,icmp,1592030640,2020-06-13 06:44:00+00:00
132276156,jinan-telecom,wuhan-telecom,39.583,0.0,icmp,1592030719,2020-06-13 06:45:19+00:00
132276382,jinan-telecom,wuhan-telecom,48.2048,0.0,icmp,1592030880,2020-06-13 06:48:00+00:00
132276627,jinan-telecom,wuhan-telecom,47.1999,0.0,icmp,1592031000,2020-06-13 06:50:00+00:00
132276839,jinan-telecom,wuhan-telecom,48.4569,0.0,icmp,1592031120,2020-06-13 06:52:00+00:00
132277067,jinan-telecom,wuhan-telecom,39.516,0.0,icmp,1592031259,2020-06-13 06:54:19+00:00
132277291,jinan-telecom,wuhan-telecom,47.0823,0.0,icmp,1592031360,2020-06-13 06:56:00+00:00
132277521,jinan-telecom,wuhan-telecom,39.3381,0.0,icmp,1592031499,2020-06-13 06:58:19+00:00
132277775,jinan-telecom,wuhan-telecom,48.3222,0.0,icmp,1592031600,2020-06-13 07:00:00+00:00
132278004,jinan-telecom,wuhan-telecom,46.243,0.0,icmp,1592031720,2020-06-13 07:02:00+00:00
132278212,jinan-telecom,wuhan-telecom,47.4999,0.0,icmp,1592031840,2020-06-13 07:04:00+00:00
132278434,jinan-telecom,wuhan-telecom,47.159,0.0,icmp,1592031960,2020-06-13 07:06:00+00:00
132278669,jinan-telecom,wuhan-telecom,39.558,0.0,icmp,1592032039,2020-06-13 07:07:19+00:00
132278910,jinan-telecom,wuhan-telecom,46.9887,0.0,icmp,1592032200,2020-06-13 07:10:00+00:00
132279139,jinan-telecom,wuhan-telecom,47.5779,0.0,icmp,1592032320,2020-06-13 07:12:00+00:00
132279370,jinan-telecom,wuhan-telecom,39.5388,0.0,icmp,1592032399,2020-06-13 07:13:19+00:00
132279577,jinan-telecom,wuhan-telecom,48.9514,0.0,icmp,1592032560,2020-06-13 07:16:00+00:00
132279815,jinan-telecom,wuhan-telecom,49.2598,0.0,icmp,1592032680,2020-06-13 07:18:00+00:00
132280080,jinan-telecom,wuhan-telecom,46.578,0.0,icmp,1592032800,2020-06-13 07:20:00+00:00
132280285,jinan-telecom,wuhan-telecom,47.0062,0.0,icmp,1592032920,2020-06-13 07:22:00+00:00
132280504,jinan-telecom,wuhan-telecom,46.6576,0.0,icmp,1592033040,2020-06-13 07:24:00+00:00
132280727,jinan-telecom,wuhan-telecom,47.1813,0.0,icmp,1592033160,2020-06-13 07:26:00+00:00
132280976,jinan-telecom,wuhan-telecom,39.4276,0.0,icmp,1592033239,2020-06-13 07:27:19+00:00
132281191,jinan-telecom,wuhan-telecom,46.2627,0.0,icmp,1592033400,2020-06-13 07:30:00+00:00
132281411,jinan-telecom,wuhan-telecom,49.1315,0.0,icmp,1592033520,2020-06-13 07:32:00+00:00
132281661,jinan-telecom,wuhan-telecom,39.3202,0.0,icmp,1592033659,2020-06-13 07:34:19+00:00
132281871,jinan-telecom,wuhan-telecom,47.3972,0.0,icmp,1592033760,2020-06-13 07:36:00+00:00
132282106,jinan-telecom,wuhan-telecom,44.8025,0.0,icmp,1592033880,2020-06-13 07:38:00+00:00
132282337,jinan-telecom,wuhan-telecom,39.3311,0.0,icmp,1592033959,2020-06-13 07:39:19+00:00
132282557,jinan-telecom,wuhan-telecom,49.0939,0.0,icmp,1592034120,2020-06-13 07:42:00+00:00
132282790,jinan-telecom,wuhan-telecom,46.516,0.0,icmp,1592034240,2020-06-13 07:44:00+00:00
132283032,jinan-telecom,wuhan-telecom,39.3897,0.0,icmp,1592034319,2020-06-13 07:45:19+00:00
132283267,jinan-telecom,wuhan-telecom,41.8878,0.0,icmp,1592034480,2020-06-13 07:48:00+00:00
132283491,jinan-telecom,wuhan-telecom,47.5897,0.0,icmp,1592034600,2020-06-13 07:50:00+00:00
132283720,jinan-telecom,wuhan-telecom,39.4873,0.0,icmp,1592034679,2020-06-13 07:51:19+00:00
132283933,jinan-telecom,wuhan-telecom,47.3608,0.0,icmp,1592034840,2020-06-13 07:54:00+00:00
132284187,jinan-telecom,wuhan-telecom,46.5118,0.0,icmp,1592034960,2020-06-13 07:56:00+00:00
132284396,jinan-telecom,wuhan-telecom,48.302,0.0,icmp,1592035080,2020-06-13 07:58:00+00:00
132284626,jinan-telecom,wuhan-telecom,47.3661,0.0,icmp,1592035200,2020-06-13 08:00:00+00:00
132284847,jinan-telecom,wuhan-telecom,47.6379,0.0,icmp,1592035320,2020-06-13 08:02:00+00:00
132285079,jinan-telecom,wuhan-telecom,47.5736,0.0,icmp,1592035440,2020-06-13 08:04:00+00:00
132285329,jinan-telecom,wuhan-telecom,47.2062,0.0,icmp,1592035560,2020-06-13 08:06:00+00:00
132285558,jinan-telecom,wuhan-telecom,42.7484,0.0,icmp,1592035680,2020-06-13 08:08:00+00:00
132285743,jinan-telecom,wuhan-telecom,44.9066,0.0,icmp,1592035800,2020-06-13 08:10:00+00:00
132286019,jinan-telecom,wuhan-telecom,47.538,0.0,icmp,1592035920,2020-06-13 08:12:00+00:00
132286241,jinan-telecom,wuhan-telecom,47.6606,0.0,icmp,1592036040,2020-06-13 08:14:00+00:00
132286467,jinan-telecom,wuhan-telecom,46.7515,0.0,icmp,1592036160,2020-06-13 08:16:00+00:00
132286703,jinan-telecom,wuhan-telecom,46.3089,0.0,icmp,1592036280,2020-06-13 08:18:00+00:00
132286919,jinan-telecom,wuhan-telecom,39.4235,0.0,icmp,1592036359,2020-06-13 08:19:19+00:00
132287145,jinan-telecom,wuhan-telecom,39.5065,0.0,icmp,1592036539,2020-06-13 08:22:19+00:00
132287384,jinan-telecom,wuhan-telecom,42.084,0.0,icmp,1592036640,2020-06-13 08:24:00+00:00
132287614,jinan-telecom,wuhan-telecom,48.4472,0.0,icmp,1592036760,2020-06-13 08:26:00+00:00
132287866,jinan-telecom,wuhan-telecom,48.1908,0.0,icmp,1592036880,2020-06-13 08:28:00+00:00
132288056,jinan-telecom,wuhan-telecom,47.6113,0.0,icmp,1592037000,2020-06-13 08:30:00+00:00
132288283,jinan-telecom,wuhan-telecom,46.9019,0.0,icmp,1592037120,2020-06-13 08:32:00+00:00
132288520,jinan-telecom,wuhan-telecom,48.4967,0.0,icmp,1592037240,2020-06-13 08:34:00+00:00
132288752,jinan-telecom,wuhan-telecom,45.5969,0.0,icmp,1592037360,2020-06-13 08:36:00+00:00
132289010,jinan-telecom,wuhan-telecom,39.5948,0.0,icmp,1592037439,2020-06-13 08:37:19+00:00
132289204,jinan-telecom,wuhan-telecom,39.624,0.0,icmp,1592037559,2020-06-13 08:39:19+00:00
132289454,jinan-telecom,wuhan-telecom,45.9343,0.0,icmp,1592037720,2020-06-13 08:42:00+00:00
132289670,jinan-telecom,wuhan-telecom,49.032,0.0,icmp,1592037840,2020-06-13 08:44:00+00:00
132289894,jinan-telecom,wuhan-telecom,46.5356,0.0,icmp,1592037960,2020-06-13 08:46:00+00:00
132290127,jinan-telecom,wuhan-telecom,48.0668,0.0,icmp,1592038080,2020-06-13 08:48:00+00:00
132290358,jinan-telecom,wuhan-telecom,47.7924,0.0,icmp,1592038200,2020-06-13 08:50:00+00:00
132290583,jinan-telecom,wuhan-telecom,39.3187,0.0,icmp,1592038279,2020-06-13 08:51:19+00:00
132290814,jinan-telecom,wuhan-telecom,47.2613,0.0,icmp,1592038440,2020-06-13 08:54:00+00:00
132291035,jinan-telecom,wuhan-telecom,46.2327,0.0,icmp,1592038560,2020-06-13 08:56:00+00:00
132291255,jinan-telecom,wuhan-telecom,47.4075,0.0,icmp,1592038680,2020-06-13 08:58:00+00:00
132291488,jinan-telecom,wuhan-telecom,48.7078,0.0,icmp,1592038800,2020-06-13 09:00:00+00:00
132291713,jinan-telecom,wuhan-telecom,41.8674,0.0,icmp,1592038920,2020-06-13 09:02:00+00:00
132291945,jinan-telecom,wuhan-telecom,47.8492,0.0,icmp,1592039040,2020-06-13 09:04:00+00:00
132292198,jinan-telecom,wuhan-telecom,49.36,0.0,icmp,1592039160,2020-06-13 09:06:00+00:00
132292427,jinan-telecom,wuhan-telecom,46.4186,0.0,icmp,1592039280,2020-06-13 09:08:00+00:00
132292648,jinan-telecom,wuhan-telecom,39.5446,0.0,icmp,1592039359,2020-06-13 09:09:19+00:00
132292888,jinan-telecom,wuhan-telecom,47.7588,0.0,icmp,1592039520,2020-06-13 09:12:00+00:00
132293097,jinan-telecom,wuhan-telecom,47.6899,0.0,icmp,1592039640,2020-06-13 09:14:00+00:00
132293330,jinan-telecom,wuhan-telecom,39.4369,0.0,icmp,1592039719,2020-06-13 09:15:19+00:00
132293569,jinan-telecom,wuhan-telecom,39.4072,0.0,icmp,1592039899,2020-06-13 09:18:19+00:00
132293805,jinan-telecom,wuhan-telecom,46.9501,0.0,icmp,1592040000,2020-06-13 09:20:00+00:00
132294023,jinan-telecom,wuhan-telecom,48.8503,0.0,icmp,1592040120,2020-06-13 09:22:00+00:00
132294251,jinan-telecom,wuhan-telecom,49.3738,0.0,icmp,1592040240,2020-06-13 09:24:00+00:00
132294486,jinan-telecom,wuhan-telecom,46.9665,0.0,icmp,1592040360,2020-06-13 09:26:00+00:00
132294715,jinan-telecom,wuhan-telecom,39.3723,0.0,icmp,1592040499,2020-06-13 09:28:19+00:00
132294929,jinan-telecom,wuhan-telecom,39.4537,0.0,icmp,1592040619,2020-06-13 09:30:19+00:00
132295169,jinan-telecom,wuhan-telecom,39.3592,0.0,icmp,1592040739,2020-06-13 09:32:19+00:00
132295409,jinan-telecom,wuhan-telecom,46.5494,0.0,icmp,1592040840,2020-06-13 09:34:00+00:00
132295628,jinan-telecom,wuhan-telecom,41.9502,0.0,icmp,1592040960,2020-06-13 09:36:00+00:00
132295848,jinan-telecom,wuhan-telecom,39.3893,0.0,icmp,1592041099,2020-06-13 09:38:19+00:00
132296085,jinan-telecom,wuhan-telecom,48.5665,0.0,icmp,1592041200,2020-06-13 09:40:00+00:00
132296301,jinan-telecom,wuhan-telecom,47.639,0.0,icmp,1592041320,2020-06-13 09:42:00+00:00
132296526,jinan-telecom,wuhan-telecom,39.3915,0.0,icmp,1592041459,2020-06-13 09:44:19+00:00
132296760,jinan-telecom,wuhan-telecom,43.4093,0.0,icmp,1592041560,2020-06-13 09:46:00+00:00
132296996,jinan-telecom,wuhan-telecom,39.3776,0.0,icmp,1592041699,2020-06-13 09:48:19+00:00
132297246,jinan-telecom,wuhan-telecom,39.5332,0.0,icmp,1592041819,2020-06-13 09:50:19+00:00
132297440,jinan-telecom,wuhan-telecom,48.2836,0.0,icmp,1592041920,2020-06-13 09:52:00+00:00
132297659,jinan-telecom,wuhan-telecom,46.7916,0.0,icmp,1592042040,2020-06-13 09:54:00+00:00
132297903,jinan-telecom,wuhan-telecom,46.5906,0.0,icmp,1592042160,2020-06-13 09:56:00+00:00
132298157,jinan-telecom,wuhan-telecom,48.4114,0.0,icmp,1592042280,2020-06-13 09:58:00+00:00
132298365,jinan-telecom,wuhan-telecom,46.6583,0.0,icmp,1592042400,2020-06-13 10:00:00+00:00
132298606,jinan-telecom,wuhan-telecom,47.465,0.0,icmp,1592042520,2020-06-13 10:02:00+00:00
132298816,jinan-telecom,wuhan-telecom,45.0927,0.0,icmp,1592042640,2020-06-13 10:04:00+00:00
132299045,jinan-telecom,wuhan-telecom,41.7609,0.0,icmp,1592042760,2020-06-13 10:06:00+00:00
132299298,jinan-telecom,wuhan-telecom,46.366,0.0,icmp,1592042880,2020-06-13 10:08:00+00:00
132299506,jinan-telecom,wuhan-telecom,39.3334,0.0,icmp,1592042959,2020-06-13 10:09:19+00:00
132299758,jinan-telecom,wuhan-telecom,45.9507,0.0,icmp,1592043120,2020-06-13 10:12:00+00:00
132299959,jinan-telecom,wuhan-telecom,46.5319,0.0,icmp,1592043240,2020-06-13 10:14:00+00:00
132300212,jinan-telecom,wuhan-telecom,47.2781,0.0,icmp,1592043360,2020-06-13 10:16:00+00:00
132300437,jinan-telecom,wuhan-telecom,39.6094,0.0,icmp,1592043499,2020-06-13 10:18:19+00:00
132300656,jinan-telecom,wuhan-telecom,47.6012,0.0,icmp,1592043600,2020-06-13 10:20:00+00:00
132300913,jinan-telecom,wuhan-telecom,39.3532,0.0,icmp,1592043679,2020-06-13 10:21:19+00:00
132301113,jinan-telecom,wuhan-telecom,49.2734,0.0,icmp,1592043840,2020-06-13 10:24:00+00:00
132301372,jinan-telecom,wuhan-telecom,47.9599,0.0,icmp,1592043960,2020-06-13 10:26:00+00:00
132301567,jinan-telecom,wuhan-telecom,49.5417,0.0,icmp,1592044080,2020-06-13 10:28:00+00:00
132301809,jinan-telecom,wuhan-telecom,39.3775,0.0,icmp,1592044219,2020-06-13 10:30:19+00:00
132302037,jinan-telecom,wuhan-telecom,46.8474,0.0,icmp,1592044320,2020-06-13 10:32:00+00:00
132302269,jinan-telecom,wuhan-telecom,48.3,0.0,icmp,1592044440,2020-06-13 10:34:00+00:00
132302489,jinan-telecom,wuhan-telecom,45.9924,0.0,icmp,1592044560,2020-06-13 10:36:00+00:00
132302714,jinan-telecom,wuhan-telecom,44.9157,0.0,icmp,1592044680,2020-06-13 10:38:00+00:00
132302943,jinan-telecom,wuhan-telecom,47.7541,0.0,icmp,1592044800,2020-06-13 10:40:00+00:00
132303175,jinan-telecom,wuhan-telecom,47.9881,0.0,icmp,1592044920,2020-06-13 10:42:00+00:00
132303412,jinan-telecom,wuhan-telecom,47.82,0.0,icmp,1592045040,2020-06-13 10:44:00+00:00
132303630,jinan-telecom,wuhan-telecom,39.6788,0.0,icmp,1592045179,2020-06-13 10:46:19+00:00
132303870,jinan-telecom,wuhan-telecom,48.0749,0.0,icmp,1592045280,2020-06-13 10:48:00+00:00
132304094,jinan-telecom,wuhan-telecom,39.3365,0.0,icmp,1592045419,2020-06-13 10:50:19+00:00
132304316,jinan-telecom,wuhan-telecom,46.7364,0.0,icmp,1592045520,2020-06-13 10:52:00+00:00
132304555,jinan-telecom,wuhan-telecom,48.4334,0.0,icmp,1592045640,2020-06-13 10:54:00+00:00
132304771,jinan-telecom,wuhan-telecom,46.7573,0.0,icmp,1592045760,2020-06-13 10:56:00+00:00
132305027,jinan-telecom,wuhan-telecom,41.0286,0.0,icmp,1592045880,2020-06-13 10:58:00+00:00
132305245,jinan-telecom,wuhan-telecom,48.8623,0.0,icmp,1592046000,2020-06-13 11:00:00+00:00
132305460,jinan-telecom,wuhan-telecom,46.4932,0.0,icmp,1592046120,2020-06-13 11:02:00+00:00
132305697,jinan-telecom,wuhan-telecom,45.1736,0.0,icmp,1592046240,2020-06-13 11:04:00+00:00
132305935,jinan-telecom,wuhan-telecom,47.0531,0.0,icmp,1592046360,2020-06-13 11:06:00+00:00
132306148,jinan-telecom,wuhan-telecom,46.8207,0.0,icmp,1592046480,2020-06-13 11:08:00+00:00
132306392,jinan-telecom,wuhan-telecom,42.0121,0.0,icmp,1592046600,2020-06-13 11:10:00+00:00
132306599,jinan-telecom,wuhan-telecom,47.1929,0.0,icmp,1592046720,2020-06-13 11:12:00+00:00
132306835,jinan-telecom,wuhan-telecom,48.6279,0.0,icmp,1592046840,2020-06-13 11:14:00+00:00
132307075,jinan-telecom,wuhan-telecom,47.3628,0.0,icmp,1592046960,2020-06-13 11:16:00+00:00
132307304,jinan-telecom,wuhan-telecom,39.4299,0.0,icmp,1592047099,2020-06-13 11:18:19+00:00
132307546,jinan-telecom,wuhan-telecom,46.0406,0.0,icmp,1592047200,2020-06-13 11:20:00+00:00
132307763,jinan-telecom,wuhan-telecom,39.3677,0.0,icmp,1592047279,2020-06-13 11:21:19+00:00
132308000,jinan-telecom,wuhan-telecom,46.6555,0.0,icmp,1592047440,2020-06-13 11:24:00+00:00
132308233,jinan-telecom,wuhan-telecom,47.6128,0.0,icmp,1592047560,2020-06-13 11:26:00+00:00
132308456,jinan-telecom,wuhan-telecom,48.116,0.0,icmp,1592047680,2020-06-13 11:28:00+00:00
132308668,jinan-telecom,wuhan-telecom,47.2748,0.0,icmp,1592047800,2020-06-13 11:30:00+00:00
132308934,jinan-telecom,wuhan-telecom,39.32,0.0,icmp,1592047939,2020-06-13 11:32:19+00:00
132309151,jinan-telecom,wuhan-telecom,41.2753,0.0,icmp,1592048040,2020-06-13 11:34:00+00:00
132309369,jinan-telecom,wuhan-telecom,39.3942,0.0,icmp,1592048119,2020-06-13 11:35:19+00:00
132309594,jinan-telecom,wuhan-telecom,39.3379,0.0,icmp,1592048239,2020-06-13 11:37:19+00:00
132309816,jinan-telecom,wuhan-telecom,39.3752,0.0,icmp,1592048359,2020-06-13 11:39:19+00:00
132310050,jinan-telecom,wuhan-telecom,45.6456,0.0,icmp,1592048520,2020-06-13 11:42:00+00:00
132310274,jinan-telecom,wuhan-telecom,46.2919,0.0,icmp,1592048640,2020-06-13 11:44:00+00:00
132310498,jinan-telecom,wuhan-telecom,39.5291,0.0,icmp,1592048779,2020-06-13 11:46:19+00:00
132310722,jinan-telecom,wuhan-telecom,48.8813,0.0,icmp,1592048880,2020-06-13 11:48:00+00:00
132310955,jinan-telecom,wuhan-telecom,44.7258,0.0,icmp,1592049000,2020-06-13 11:50:00+00:00
132311189,jinan-telecom,wuhan-telecom,47.6704,0.0,icmp,1592049120,2020-06-13 11:52:00+00:00
132311430,jinan-telecom,wuhan-telecom,39.4211,0.0,icmp,1592049199,2020-06-13 11:53:19+00:00
132311659,jinan-telecom,wuhan-telecom,47.2625,0.0,icmp,1592049360,2020-06-13 11:56:00+00:00
132311872,jinan-telecom,wuhan-telecom,46.5284,0.0,icmp,1592049480,2020-06-13 11:58:00+00:00
132312118,jinan-telecom,wuhan-telecom,48.0433,0.0,icmp,1592049600,2020-06-13 12:00:00+00:00
132312349,jinan-telecom,wuhan-telecom,47.3807,0.0,icmp,1592049720,2020-06-13 12:02:00+00:00
132312577,jinan-telecom,wuhan-telecom,39.3313,0.0,icmp,1592049799,2020-06-13 12:03:19+00:00
132312810,jinan-telecom,wuhan-telecom,48.282,0.0,icmp,1592049960,2020-06-13 12:06:00+00:00
132313031,jinan-telecom,wuhan-telecom,40.6373,0.0,icmp,1592050024,2020-06-13 12:07:04+00:00
132313261,jinan-telecom,wuhan-telecom,46.1964,0.0,icmp,1592050200,2020-06-13 12:10:00+00:00
132313488,jinan-telecom,wuhan-telecom,45.8618,0.0,icmp,1592050320,2020-06-13 12:12:00+00:00
132313718,jinan-telecom,wuhan-telecom,50.0283,0.0,icmp,1592050440,2020-06-13 12:14:00+00:00
132313956,jinan-telecom,wuhan-telecom,45.7546,0.0,icmp,1592050560,2020-06-13 12:16:00+00:00
132314176,jinan-telecom,wuhan-telecom,39.465,0.0,icmp,1592050625,2020-06-13 12:17:05+00:00
132314393,jinan-telecom,wuhan-telecom,46.837,0.0,icmp,1592050800,2020-06-13 12:20:00+00:00
132314644,jinan-telecom,wuhan-telecom,46.3066,0.0,icmp,1592050920,2020-06-13 12:22:00+00:00
132314859,jinan-telecom,wuhan-telecom,39.3614,0.0,icmp,1592050999,2020-06-13 12:23:19+00:00
132315074,jinan-telecom,wuhan-telecom,39.4646,0.0,icmp,1592051119,2020-06-13 12:25:19+00:00
132315314,jinan-telecom,wuhan-telecom,46.3359,0.0,icmp,1592051280,2020-06-13 12:28:00+00:00
132315536,jinan-telecom,wuhan-telecom,47.7904,1.0,icmp,1592051400,2020-06-13 12:30:00+00:00
132315775,jinan-telecom,wuhan-telecom,46.5101,1.0,icmp,1592051520,2020-06-13 12:32:00+00:00
132315990,jinan-telecom,wuhan-telecom,47.0174,0.0,icmp,1592051640,2020-06-13 12:34:00+00:00
132316235,jinan-telecom,wuhan-telecom,39.9408,0.0,icmp,1592051779,2020-06-13 12:36:19+00:00
132316464,jinan-telecom,wuhan-telecom,48.6253,0.0,icmp,1592051880,2020-06-13 12:38:00+00:00
132316678,jinan-telecom,wuhan-telecom,46.2741,1.0,icmp,1592052000,2020-06-13 12:40:00+00:00
132316911,jinan-telecom,wuhan-telecom,47.3405,0.0,icmp,1592052120,2020-06-13 12:42:00+00:00
132317149,jinan-telecom,wuhan-telecom,50.0492,0.0,icmp,1592052240,2020-06-13 12:44:00+00:00
132317374,jinan-telecom,wuhan-telecom,47.1107,0.0,icmp,1592052360,2020-06-13 12:46:00+00:00
132317602,jinan-telecom,wuhan-telecom,39.6521,0.0,icmp,1592052439,2020-06-13 12:47:19+00:00
132317837,jinan-telecom,wuhan-telecom,47.0478,0.0,icmp,1592052600,2020-06-13 12:50:00+00:00
132318058,jinan-telecom,wuhan-telecom,39.5469,0.0,icmp,1592052739,2020-06-13 12:52:19+00:00
132318308,jinan-telecom,wuhan-telecom,44.0668,0.0,icmp,1592052840,2020-06-13 12:54:00+00:00
132318535,jinan-telecom,wuhan-telecom,42.4344,0.0,icmp,1592052960,2020-06-13 12:56:00+00:00
132318777,jinan-telecom,wuhan-telecom,39.4407,0.0,icmp,1592053039,2020-06-13 12:57:19+00:00
132319010,jinan-telecom,wuhan-telecom,39.4613,0.0,icmp,1592053159,2020-06-13 12:59:19+00:00
132319209,jinan-telecom,wuhan-telecom,47.5784,0.0,icmp,1592053320,2020-06-13 13:02:00+00:00
132319438,jinan-telecom,wuhan-telecom,45.9827,0.0,icmp,1592053440,2020-06-13 13:04:00+00:00
132319671,jinan-telecom,wuhan-telecom,46.7624,0.0,icmp,1592053560,2020-06-13 13:06:00+00:00
132319898,jinan-telecom,wuhan-telecom,40.7542,0.0,icmp,1592053680,2020-06-13 13:08:00+00:00
132320114,jinan-telecom,wuhan-telecom,39.5428,0.0,icmp,1592053819,2020-06-13 13:10:19+00:00
132320354,jinan-telecom,wuhan-telecom,49.3355,0.0,icmp,1592053920,2020-06-13 13:12:00+00:00
136671518,jinan-telecom,wuhan-telecom,47.5059,0.0,icmp,1592177580,2020-06-14 23:33:00+00:00
136671734,jinan-telecom,wuhan-telecom,39.3965,0.0,icmp,1592177719,2020-06-14 23:35:19+00:00
136671952,jinan-telecom,wuhan-telecom,42.6175,0.0,icmp,1592177820,2020-06-14 23:37:00+00:00
136672185,jinan-telecom,wuhan-telecom,47.4105,0.0,icmp,1592177940,2020-06-14 23:39:00+00:00
136672440,jinan-telecom,wuhan-telecom,45.3654,0.0,icmp,1592178060,2020-06-14 23:41:00+00:00
136672669,jinan-telecom,wuhan-telecom,46.874,0.0,icmp,1592178180,2020-06-14 23:43:00+00:00
136672878,jinan-telecom,wuhan-telecom,46.7713,0.0,icmp,1592178300,2020-06-14 23:45:00+00:00
136673110,jinan-telecom,wuhan-telecom,48.0554,0.0,icmp,1592178420,2020-06-14 23:47:00+00:00
136673333,jinan-telecom,wuhan-telecom,46.1493,0.0,icmp,1592178540,2020-06-14 23:49:00+00:00
136673575,jinan-telecom,wuhan-telecom,46.9903,0.0,icmp,1592178660,2020-06-14 23:51:00+00:00
136673784,jinan-telecom,wuhan-telecom,39.3647,0.0,icmp,1592178739,2020-06-14 23:52:19+00:00
136674023,jinan-telecom,wuhan-telecom,46.0191,0.0,icmp,1592178900,2020-06-14 23:55:00+00:00
136674267,jinan-telecom,wuhan-telecom,39.3382,0.0,icmp,1592179039,2020-06-14 23:57:19+00:00
136674486,jinan-telecom,wuhan-telecom,39.3367,0.0,icmp,1592179159,2020-06-14 23:59:19+00:00
136674730,jinan-telecom,wuhan-telecom,50.1476,0.0,icmp,1592179260,2020-06-15 00:01:00+00:00
136674958,jinan-telecom,wuhan-telecom,46.0758,0.0,icmp,1592179380,2020-06-15 00:03:00+00:00
136675174,jinan-telecom,wuhan-telecom,49.4626,0.0,icmp,1592179500,2020-06-15 00:05:00+00:00
136675397,jinan-telecom,wuhan-telecom,48.4939,0.0,icmp,1592179620,2020-06-15 00:07:00+00:00
136675620,jinan-telecom,wuhan-telecom,46.9742,0.0,icmp,1592179740,2020-06-15 00:09:00+00:00
136675854,jinan-telecom,wuhan-telecom,47.2236,0.0,icmp,1592179860,2020-06-15 00:11:00+00:00
136676084,jinan-telecom,wuhan-telecom,45.0028,0.0,icmp,1592179980,2020-06-15 00:13:00+00:00
136676301,jinan-telecom,wuhan-telecom,45.1946,0.0,icmp,1592180100,2020-06-15 00:15:00+00:00
136676551,jinan-telecom,wuhan-telecom,44.944,0.0,icmp,1592180220,2020-06-15 00:17:00+00:00
136676791,jinan-telecom,wuhan-telecom,40.9496,0.0,icmp,1592180340,2020-06-15 00:19:00+00:00
136677012,jinan-telecom,wuhan-telecom,48.8056,0.0,icmp,1592180460,2020-06-15 00:21:00+00:00
136677241,jinan-telecom,wuhan-telecom,47.0823,0.0,icmp,1592180580,2020-06-15 00:23:00+00:00
136677457,jinan-telecom,wuhan-telecom,46.5434,0.0,icmp,1592180700,2020-06-15 00:25:00+00:00
136677691,jinan-telecom,wuhan-telecom,39.7173,0.0,icmp,1592180779,2020-06-15 00:26:19+00:00
136677931,jinan-telecom,wuhan-telecom,50.3324,0.0,icmp,1592180940,2020-06-15 00:29:00+00:00
136678196,jinan-telecom,wuhan-telecom,46.9746,0.0,icmp,1592181060,2020-06-15 00:31:00+00:00
136678383,jinan-telecom,wuhan-telecom,48.8123,0.0,icmp,1592181180,2020-06-15 00:33:00+00:00
136678596,jinan-telecom,wuhan-telecom,40.0487,0.0,icmp,1592181300,2020-06-15 00:35:00+00:00
136678840,jinan-telecom,wuhan-telecom,42.8298,0.0,icmp,1592181420,2020-06-15 00:37:00+00:00
136679067,jinan-telecom,wuhan-telecom,46.9311,0.0,icmp,1592181540,2020-06-15 00:39:00+00:00
136679285,jinan-telecom,wuhan-telecom,46.6982,0.0,icmp,1592181660,2020-06-15 00:41:00+00:00
136679533,jinan-telecom,wuhan-telecom,43.7567,0.0,icmp,1592181780,2020-06-15 00:43:00+00:00
136679743,jinan-telecom,wuhan-telecom,46.542,0.0,icmp,1592181900,2020-06-15 00:45:00+00:00
136679987,jinan-telecom,wuhan-telecom,39.3454,0.0,icmp,1592181979,2020-06-15 00:46:19+00:00
136680202,jinan-telecom,wuhan-telecom,45.2063,0.0,icmp,1592182140,2020-06-15 00:49:00+00:00
136680440,jinan-telecom,wuhan-telecom,46.5302,0.0,icmp,1592182260,2020-06-15 00:51:00+00:00
136680672,jinan-telecom,wuhan-telecom,47.2908,0.0,icmp,1592182380,2020-06-15 00:53:00+00:00
136680890,jinan-telecom,wuhan-telecom,39.4414,0.0,icmp,1592182444,2020-06-15 00:54:04+00:00
136681128,jinan-telecom,wuhan-telecom,45.7608,0.0,icmp,1592182620,2020-06-15 00:57:00+00:00
136681352,jinan-telecom,wuhan-telecom,39.4285,0.0,icmp,1592182699,2020-06-15 00:58:19+00:00
136681589,jinan-telecom,wuhan-telecom,47.3248,0.0,icmp,1592182860,2020-06-15 01:01:00+00:00
136681810,jinan-telecom,wuhan-telecom,39.3941,0.0,icmp,1592182939,2020-06-15 01:02:19+00:00
136682049,jinan-telecom,wuhan-telecom,50.6904,0.0,icmp,1592183100,2020-06-15 01:05:00+00:00
136682272,jinan-telecom,wuhan-telecom,39.3966,0.0,icmp,1592183179,2020-06-15 01:06:19+00:00
136682505,jinan-telecom,wuhan-telecom,46.0635,0.0,icmp,1592183340,2020-06-15 01:09:00+00:00
136682734,jinan-telecom,wuhan-telecom,39.8333,0.0,icmp,1592183460,2020-06-15 01:11:00+00:00
136682962,jinan-telecom,wuhan-telecom,47.6017,0.0,icmp,1592183580,2020-06-15 01:13:00+00:00
136683178,jinan-telecom,wuhan-telecom,47.5408,0.0,icmp,1592183700,2020-06-15 01:15:00+00:00
136683406,jinan-telecom,wuhan-telecom,39.5748,0.0,icmp,1592183779,2020-06-15 01:16:19+00:00
136683630,jinan-telecom,wuhan-telecom,46.8908,0.0,icmp,1592183940,2020-06-15 01:19:00+00:00
136683880,jinan-telecom,wuhan-telecom,43.2816,0.0,icmp,1592184060,2020-06-15 01:21:00+00:00
136684082,jinan-telecom,wuhan-telecom,49.5385,0.0,icmp,1592184180,2020-06-15 01:23:00+00:00
136684340,jinan-telecom,wuhan-telecom,47.9926,0.0,icmp,1592184300,2020-06-15 01:25:00+00:00
136684573,jinan-telecom,wuhan-telecom,47.1745,0.0,icmp,1592184420,2020-06-15 01:27:00+00:00
136684792,jinan-telecom,wuhan-telecom,47.4139,0.0,icmp,1592184540,2020-06-15 01:29:00+00:00
136685026,jinan-telecom,wuhan-telecom,45.7016,0.0,icmp,1592184660,2020-06-15 01:31:00+00:00
136685257,jinan-telecom,wuhan-telecom,46.4608,0.0,icmp,1592184780,2020-06-15 01:33:00+00:00
136685471,jinan-telecom,wuhan-telecom,47.2383,0.0,icmp,1592184900,2020-06-15 01:35:00+00:00
136685700,jinan-telecom,wuhan-telecom,47.2763,0.0,icmp,1592185020,2020-06-15 01:37:00+00:00
136685942,jinan-telecom,wuhan-telecom,46.7884,0.0,icmp,1592185140,2020-06-15 01:39:00+00:00
136686143,jinan-telecom,wuhan-telecom,39.3405,0.0,icmp,1592185219,2020-06-15 01:40:19+00:00
136686408,jinan-telecom,wuhan-telecom,39.3106,0.0,icmp,1592185339,2020-06-15 01:42:19+00:00
136686620,jinan-telecom,wuhan-telecom,39.4563,0.0,icmp,1592185459,2020-06-15 01:44:19+00:00
136686862,jinan-telecom,wuhan-telecom,46.504,0.0,icmp,1592185620,2020-06-15 01:47:00+00:00
136687073,jinan-telecom,wuhan-telecom,47.6662,0.0,icmp,1592185740,2020-06-15 01:49:00+00:00
136687315,jinan-telecom,wuhan-telecom,46.576,0.0,icmp,1592185860,2020-06-15 01:51:00+00:00
136687538,jinan-telecom,wuhan-telecom,46.6555,0.0,icmp,1592185980,2020-06-15 01:53:00+00:00
136687749,jinan-telecom,wuhan-telecom,48.6766,0.0,icmp,1592186100,2020-06-15 01:55:00+00:00
136687988,jinan-telecom,wuhan-telecom,47.0057,0.0,icmp,1592186220,2020-06-15 01:57:00+00:00
136688208,jinan-telecom,wuhan-telecom,39.471,0.0,icmp,1592186359,2020-06-15 01:59:19+00:00
136688464,jinan-telecom,wuhan-telecom,47.7726,0.0,icmp,1592186460,2020-06-15 02:01:00+00:00
136688675,jinan-telecom,wuhan-telecom,44.0502,0.0,icmp,1592186580,2020-06-15 02:03:00+00:00
136688912,jinan-telecom,wuhan-telecom,46.5766,0.0,icmp,1592186700,2020-06-15 02:05:00+00:00
136689152,jinan-telecom,wuhan-telecom,39.4207,0.0,icmp,1592186839,2020-06-15 02:07:19+00:00
136689367,jinan-telecom,wuhan-telecom,46.6116,0.0,icmp,1592186940,2020-06-15 02:09:00+00:00
136689610,jinan-telecom,wuhan-telecom,48.0321,0.0,icmp,1592187060,2020-06-15 02:11:00+00:00
136689842,jinan-telecom,wuhan-telecom,47.9709,0.0,icmp,1592187180,2020-06-15 02:13:00+00:00
136690050,jinan-telecom,wuhan-telecom,46.0555,0.0,icmp,1592187300,2020-06-15 02:15:00+00:00
136690293,jinan-telecom,wuhan-telecom,45.3407,0.0,icmp,1592187420,2020-06-15 02:17:00+00:00
136690526,jinan-telecom,wuhan-telecom,46.6854,0.0,icmp,1592187540,2020-06-15 02:19:00+00:00
136690737,jinan-telecom,wuhan-telecom,47.4224,0.0,icmp,1592187660,2020-06-15 02:21:00+00:00
136690967,jinan-telecom,wuhan-telecom,44.9058,0.0,icmp,1592187780,2020-06-15 02:23:00+00:00
136691204,jinan-telecom,wuhan-telecom,47.5222,0.0,icmp,1592187900,2020-06-15 02:25:00+00:00
136691411,jinan-telecom,wuhan-telecom,44.2053,0.0,icmp,1592188020,2020-06-15 02:27:00+00:00
136691656,jinan-telecom,wuhan-telecom,46.7481,0.0,icmp,1592188140,2020-06-15 02:29:00+00:00
136691919,jinan-telecom,wuhan-telecom,46.1026,0.0,icmp,1592188260,2020-06-15 02:31:00+00:00
136692132,jinan-telecom,wuhan-telecom,45.1945,0.0,icmp,1592188380,2020-06-15 02:33:00+00:00
136692347,jinan-telecom,wuhan-telecom,48.1646,0.0,icmp,1592188500,2020-06-15 02:35:00+00:00
136692590,jinan-telecom,wuhan-telecom,47.0352,0.0,icmp,1592188620,2020-06-15 02:37:00+00:00
136692841,jinan-telecom,wuhan-telecom,39.3585,0.0,icmp,1592188759,2020-06-15 02:39:19+00:00
136693054,jinan-telecom,wuhan-telecom,45.3153,0.0,icmp,1592188860,2020-06-15 02:41:00+00:00
136693276,jinan-telecom,wuhan-telecom,46.7447,0.0,icmp,1592188980,2020-06-15 02:43:00+00:00
136693497,jinan-telecom,wuhan-telecom,47.4605,0.0,icmp,1592189100,2020-06-15 02:45:00+00:00
136693728,jinan-telecom,wuhan-telecom,39.3262,0.0,icmp,1592189239,2020-06-15 02:47:19+00:00
136693949,jinan-telecom,wuhan-telecom,47.8501,0.0,icmp,1592189340,2020-06-15 02:49:00+00:00
136694215,jinan-telecom,wuhan-telecom,39.3204,0.0,icmp,1592189479,2020-06-15 02:51:19+00:00
136694408,jinan-telecom,wuhan-telecom,48.436,0.0,icmp,1592189580,2020-06-15 02:53:00+00:00
136694631,jinan-telecom,wuhan-telecom,46.4215,0.0,icmp,1592189700,2020-06-15 02:55:00+00:00
136694849,jinan-telecom,wuhan-telecom,46.6244,0.0,icmp,1592189820,2020-06-15 02:57:00+00:00
136695102,jinan-telecom,wuhan-telecom,47.1823,0.0,icmp,1592189940,2020-06-15 02:59:00+00:00
136695337,jinan-telecom,wuhan-telecom,41.9446,0.0,icmp,1592190060,2020-06-15 03:01:00+00:00
136695548,jinan-telecom,wuhan-telecom,46.4474,0.0,icmp,1592190180,2020-06-15 03:03:00+00:00
136695761,jinan-telecom,wuhan-telecom,45.5544,0.0,icmp,1592190300,2020-06-15 03:05:00+00:00
136696004,jinan-telecom,wuhan-telecom,39.4727,0.0,icmp,1592190439,2020-06-15 03:07:19+00:00
136696231,jinan-telecom,wuhan-telecom,45.2581,0.0,icmp,1592190540,2020-06-15 03:09:00+00:00
136696464,jinan-telecom,wuhan-telecom,45.1949,0.0,icmp,1592190660,2020-06-15 03:11:00+00:00
136696709,jinan-telecom,wuhan-telecom,39.4877,0.0,icmp,1592190739,2020-06-15 03:12:19+00:00
136696925,jinan-telecom,wuhan-telecom,39.3302,0.0,icmp,1592190919,2020-06-15 03:15:19+00:00
136697157,jinan-telecom,wuhan-telecom,44.4432,0.0,icmp,1592191020,2020-06-15 03:17:00+00:00
136697366,jinan-telecom,wuhan-telecom,45.8155,0.0,icmp,1592191140,2020-06-15 03:19:00+00:00
136697646,jinan-telecom,wuhan-telecom,39.3262,0.0,icmp,1592191219,2020-06-15 03:20:19+00:00
136697848,jinan-telecom,wuhan-telecom,47.0087,0.0,icmp,1592191380,2020-06-15 03:23:00+00:00
136698070,jinan-telecom,wuhan-telecom,46.7075,0.0,icmp,1592191500,2020-06-15 03:25:00+00:00
136698296,jinan-telecom,wuhan-telecom,45.6401,0.0,icmp,1592191620,2020-06-15 03:27:00+00:00
136698563,jinan-telecom,wuhan-telecom,47.3258,0.0,icmp,1592191740,2020-06-15 03:29:00+00:00
136698744,jinan-telecom,wuhan-telecom,46.7775,0.0,icmp,1592191860,2020-06-15 03:31:00+00:00
136698992,jinan-telecom,wuhan-telecom,41.9455,0.0,icmp,1592191980,2020-06-15 03:33:00+00:00
136699229,jinan-telecom,wuhan-telecom,46.8658,0.0,icmp,1592192100,2020-06-15 03:35:00+00:00
136699440,jinan-telecom,wuhan-telecom,39.7877,0.0,icmp,1592192220,2020-06-15 03:37:00+00:00
136699671,jinan-telecom,wuhan-telecom,39.7663,0.0,icmp,1592192340,2020-06-15 03:39:00+00:00
136699896,jinan-telecom,wuhan-telecom,46.711,0.0,icmp,1592192460,2020-06-15 03:41:00+00:00
136700139,jinan-telecom,wuhan-telecom,39.4894,0.0,icmp,1592192599,2020-06-15 03:43:19+00:00
136700372,jinan-telecom,wuhan-telecom,48.5468,0.0,icmp,1592192700,2020-06-15 03:45:00+00:00
136700582,jinan-telecom,wuhan-telecom,47.5505,0.0,icmp,1592192820,2020-06-15 03:47:00+00:00
136700813,jinan-telecom,wuhan-telecom,46.1163,0.0,icmp,1592192940,2020-06-15 03:49:00+00:00
136701049,jinan-telecom,wuhan-telecom,48.3645,0.0,icmp,1592193060,2020-06-15 03:51:00+00:00
136701280,jinan-telecom,wuhan-telecom,44.7496,0.0,icmp,1592193180,2020-06-15 03:53:00+00:00
136701513,jinan-telecom,wuhan-telecom,48.2417,0.0,icmp,1592193300,2020-06-15 03:55:00+00:00
136701734,jinan-telecom,wuhan-telecom,47.2061,0.0,icmp,1592193420,2020-06-15 03:57:00+00:00
136701948,jinan-telecom,wuhan-telecom,46.7626,0.0,icmp,1592193540,2020-06-15 03:59:00+00:00
136702198,jinan-telecom,wuhan-telecom,45.74,0.0,icmp,1592193660,2020-06-15 04:01:00+00:00
136702428,jinan-telecom,wuhan-telecom,39.3745,0.0,icmp,1592193739,2020-06-15 04:02:19+00:00
136702664,jinan-telecom,wuhan-telecom,48.0669,0.0,icmp,1592193900,2020-06-15 04:05:00+00:00
136702900,jinan-telecom,wuhan-telecom,49.309,0.0,icmp,1592194020,2020-06-15 04:07:00+00:00
136703099,jinan-telecom,wuhan-telecom,46.0018,0.0,icmp,1592194140,2020-06-15 04:09:00+00:00
136703334,jinan-telecom,wuhan-telecom,46.8709,0.0,icmp,1592194260,2020-06-15 04:11:00+00:00
136703580,jinan-telecom,wuhan-telecom,39.583,0.0,icmp,1592194339,2020-06-15 04:12:19+00:00
136703794,jinan-telecom,wuhan-telecom,48.2753,0.0,icmp,1592194500,2020-06-15 04:15:00+00:00
136704026,jinan-telecom,wuhan-telecom,39.6507,0.0,icmp,1592194579,2020-06-15 04:16:19+00:00
136704266,jinan-telecom,wuhan-telecom,45.6795,0.0,icmp,1592194740,2020-06-15 04:19:00+00:00
136704491,jinan-telecom,wuhan-telecom,48.563,0.0,icmp,1592194860,2020-06-15 04:21:00+00:00
136704720,jinan-telecom,wuhan-telecom,48.423,0.0,icmp,1592194980,2020-06-15 04:23:00+00:00
136704953,jinan-telecom,wuhan-telecom,39.4924,0.0,icmp,1592195119,2020-06-15 04:25:19+00:00
136705189,jinan-telecom,wuhan-telecom,39.3576,0.0,icmp,1592195240,2020-06-15 04:27:20+00:00
136705397,jinan-telecom,wuhan-telecom,47.3034,0.0,icmp,1592195340,2020-06-15 04:29:00+00:00
136705636,jinan-telecom,wuhan-telecom,47.2855,0.0,icmp,1592195460,2020-06-15 04:31:00+00:00
136705853,jinan-telecom,wuhan-telecom,49.2962,0.0,icmp,1592195580,2020-06-15 04:33:00+00:00
136706084,jinan-telecom,wuhan-telecom,48.1453,0.0,icmp,1592195700,2020-06-15 04:35:00+00:00
136706306,jinan-telecom,wuhan-telecom,39.4781,0.0,icmp,1592195779,2020-06-15 04:36:19+00:00
136706557,jinan-telecom,wuhan-telecom,45.6158,0.0,icmp,1592195940,2020-06-15 04:39:00+00:00
136706762,jinan-telecom,wuhan-telecom,48.2921,0.0,icmp,1592196060,2020-06-15 04:41:00+00:00
136706989,jinan-telecom,wuhan-telecom,39.4353,0.0,icmp,1592196199,2020-06-15 04:43:19+00:00
136707252,jinan-telecom,wuhan-telecom,48.4154,0.0,icmp,1592196300,2020-06-15 04:45:00+00:00
136707452,jinan-telecom,wuhan-telecom,49.8659,0.0,icmp,1592196420,2020-06-15 04:47:00+00:00
136707701,jinan-telecom,wuhan-telecom,46.8372,0.0,icmp,1592196540,2020-06-15 04:49:00+00:00
136707922,jinan-telecom,wuhan-telecom,48.4659,0.0,icmp,1592196660,2020-06-15 04:51:00+00:00
136708142,jinan-telecom,wuhan-telecom,48.2668,0.0,icmp,1592196780,2020-06-15 04:53:00+00:00
136708388,jinan-telecom,wuhan-telecom,44.4345,0.0,icmp,1592196900,2020-06-15 04:55:00+00:00
136708598,jinan-telecom,wuhan-telecom,39.4866,0.0,icmp,1592196979,2020-06-15 04:56:19+00:00
136708846,jinan-telecom,wuhan-telecom,48.414,0.0,icmp,1592197140,2020-06-15 04:59:00+00:00
136709057,jinan-telecom,wuhan-telecom,48.3711,0.0,icmp,1592197260,2020-06-15 05:01:00+00:00
136709303,jinan-telecom,wuhan-telecom,39.5648,0.0,icmp,1592197339,2020-06-15 05:02:19+00:00
136709542,jinan-telecom,wuhan-telecom,44.3152,0.0,icmp,1592197500,2020-06-15 05:05:00+00:00
136709751,jinan-telecom,wuhan-telecom,45.9814,0.0,icmp,1592197620,2020-06-15 05:07:00+00:00
136709977,jinan-telecom,wuhan-telecom,46.6207,0.0,icmp,1592197740,2020-06-15 05:09:00+00:00
136710257,jinan-telecom,wuhan-telecom,39.3417,0.0,icmp,1592197819,2020-06-15 05:10:19+00:00
136710441,jinan-telecom,wuhan-telecom,46.7927,0.0,icmp,1592197980,2020-06-15 05:13:00+00:00
136710677,jinan-telecom,wuhan-telecom,47.4832,0.0,icmp,1592198100,2020-06-15 05:15:00+00:00
136710882,jinan-telecom,wuhan-telecom,39.3494,0.0,icmp,1592198179,2020-06-15 05:16:19+00:00
136711133,jinan-telecom,wuhan-telecom,47.7644,0.0,icmp,1592198340,2020-06-15 05:19:00+00:00
136711363,jinan-telecom,wuhan-telecom,46.1553,0.0,icmp,1592198460,2020-06-15 05:21:00+00:00
136711618,jinan-telecom,wuhan-telecom,45.9136,0.0,icmp,1592198580,2020-06-15 05:23:00+00:00
136711811,jinan-telecom,wuhan-telecom,48.1782,0.0,icmp,1592198700,2020-06-15 05:25:00+00:00
136712049,jinan-telecom,wuhan-telecom,46.8089,0.0,icmp,1592198820,2020-06-15 05:27:00+00:00
136712276,jinan-telecom,wuhan-telecom,40.4122,0.0,icmp,1592198940,2020-06-15 05:29:00+00:00
136712540,jinan-telecom,wuhan-telecom,48.5319,0.0,icmp,1592199060,2020-06-15 05:31:00+00:00
136712726,jinan-telecom,wuhan-telecom,48.0096,0.0,icmp,1592199180,2020-06-15 05:33:00+00:00
136712936,jinan-telecom,wuhan-telecom,49.2821,0.0,icmp,1592199300,2020-06-15 05:35:00+00:00
136713190,jinan-telecom,wuhan-telecom,39.3913,0.0,icmp,1592199439,2020-06-15 05:37:19+00:00
136713430,jinan-telecom,wuhan-telecom,47.2169,0.0,icmp,1592199540,2020-06-15 05:39:00+00:00
136713658,jinan-telecom,wuhan-telecom,47.6967,0.0,icmp,1592199660,2020-06-15 05:41:00+00:00
136713856,jinan-telecom,wuhan-telecom,46.5402,0.0,icmp,1592199780,2020-06-15 05:43:00+00:00
136714095,jinan-telecom,wuhan-telecom,46.5446,0.0,icmp,1592199900,2020-06-15 05:45:00+00:00
136714325,jinan-telecom,wuhan-telecom,47.4473,0.0,icmp,1592200020,2020-06-15 05:47:00+00:00
136714552,jinan-telecom,wuhan-telecom,45.2917,0.0,icmp,1592200140,2020-06-15 05:49:00+00:00
136714791,jinan-telecom,wuhan-telecom,39.3556,0.0,icmp,1592200279,2020-06-15 05:51:19+00:00
136715015,jinan-telecom,wuhan-telecom,39.4817,0.0,icmp,1592200399,2020-06-15 05:53:19+00:00
136715239,jinan-telecom,wuhan-telecom,47.0439,0.0,icmp,1592200500,2020-06-15 05:55:00+00:00
136715471,jinan-telecom,wuhan-telecom,43.1619,0.0,icmp,1592200564,2020-06-15 05:56:04+00:00
136715707,jinan-telecom,wuhan-telecom,39.3635,0.0,icmp,1592200759,2020-06-15 05:59:19+00:00
136715922,jinan-telecom,wuhan-telecom,46.6828,0.0,icmp,1592200860,2020-06-15 06:01:00+00:00
136716194,jinan-telecom,wuhan-telecom,44.6736,0.0,icmp,1592200980,2020-06-15 06:03:00+00:00
136716382,jinan-telecom,wuhan-telecom,46.1765,0.0,icmp,1592201100,2020-06-15 06:05:00+00:00
136716625,jinan-telecom,wuhan-telecom,47.6381,0.0,icmp,1592201220,2020-06-15 06:07:00+00:00
136716838,jinan-telecom,wuhan-telecom,44.6715,0.0,icmp,1592201340,2020-06-15 06:09:00+00:00
136717097,jinan-telecom,wuhan-telecom,45.8429,0.0,icmp,1592201460,2020-06-15 06:11:00+00:00
136717293,jinan-telecom,wuhan-telecom,48.0778,0.0,icmp,1592201580,2020-06-15 06:13:00+00:00
136717545,jinan-telecom,wuhan-telecom,45.9375,0.0,icmp,1592201700,2020-06-15 06:15:00+00:00
136717775,jinan-telecom,wuhan-telecom,47.2543,0.0,icmp,1592201820,2020-06-15 06:17:00+00:00
136717995,jinan-telecom,wuhan-telecom,39.3499,0.0,icmp,1592201959,2020-06-15 06:19:19+00:00
136718238,jinan-telecom,wuhan-telecom,47.4141,0.0,icmp,1592202060,2020-06-15 06:21:00+00:00
136718460,jinan-telecom,wuhan-telecom,48.457,0.0,icmp,1592202180,2020-06-15 06:23:00+00:00
136718721,jinan-telecom,wuhan-telecom,46.1401,0.0,icmp,1592202300,2020-06-15 06:25:00+00:00
136718901,jinan-telecom,wuhan-telecom,48.1356,0.0,icmp,1592202420,2020-06-15 06:27:00+00:00
136719128,jinan-telecom,wuhan-telecom,46.4864,0.0,icmp,1592202540,2020-06-15 06:29:00+00:00
136719361,jinan-telecom,wuhan-telecom,48.3352,0.0,icmp,1592202660,2020-06-15 06:31:00+00:00
136719610,jinan-telecom,wuhan-telecom,47.7874,0.0,icmp,1592202780,2020-06-15 06:33:00+00:00
136719820,jinan-telecom,wuhan-telecom,50.1342,0.0,icmp,1592202900,2020-06-15 06:35:00+00:00
136720058,jinan-telecom,wuhan-telecom,46.4151,0.0,icmp,1592203020,2020-06-15 06:37:00+00:00
136720291,jinan-telecom,wuhan-telecom,48.3454,0.0,icmp,1592203140,2020-06-15 06:39:00+00:00
136720532,jinan-telecom,wuhan-telecom,45.7191,0.0,icmp,1592203260,2020-06-15 06:41:00+00:00
136720732,jinan-telecom,wuhan-telecom,39.3507,0.0,icmp,1592203339,2020-06-15 06:42:19+00:00
136720972,jinan-telecom,wuhan-telecom,45.7056,0.0,icmp,1592203500,2020-06-15 06:45:00+00:00
136721193,jinan-telecom,wuhan-telecom,43.0916,0.0,icmp,1592203620,2020-06-15 06:47:00+00:00
136721445,jinan-telecom,wuhan-telecom,39.3211,0.0,icmp,1592203699,2020-06-15 06:48:19+00:00
136721670,jinan-telecom,wuhan-telecom,39.3482,0.0,icmp,1592203819,2020-06-15 06:50:19+00:00
136721888,jinan-telecom,wuhan-telecom,39.3165,0.0,icmp,1592203939,2020-06-15 06:52:19+00:00
136722140,jinan-telecom,wuhan-telecom,39.8087,0.0,icmp,1592204119,2020-06-15 06:55:19+00:00
136722339,jinan-telecom,wuhan-telecom,47.3679,0.0,icmp,1592204220,2020-06-15 06:57:00+00:00
136722573,jinan-telecom,wuhan-telecom,47.5314,0.0,icmp,1592204340,2020-06-15 06:59:00+00:00
136722799,jinan-telecom,wuhan-telecom,47.8908,0.0,icmp,1592204460,2020-06-15 07:01:00+00:00
136723031,jinan-telecom,wuhan-telecom,47.1185,0.0,icmp,1592204580,2020-06-15 07:03:00+00:00
136723274,jinan-telecom,wuhan-telecom,39.3637,0.0,icmp,1592204659,2020-06-15 07:04:19+00:00
136723495,jinan-telecom,wuhan-telecom,39.4661,0.0,icmp,1592204825,2020-06-15 07:07:05+00:00
136723707,jinan-telecom,wuhan-telecom,47.4123,0.0,icmp,1592204940,2020-06-15 07:09:00+00:00
136723944,jinan-telecom,wuhan-telecom,46.1931,0.0,icmp,1592205060,2020-06-15 07:11:00+00:00
136724177,jinan-telecom,wuhan-telecom,47.9723,0.0,icmp,1592205180,2020-06-15 07:13:00+00:00
136724418,jinan-telecom,wuhan-telecom,50.9286,0.0,icmp,1592205300,2020-06-15 07:15:00+00:00
136724638,jinan-telecom,wuhan-telecom,39.3094,0.0,icmp,1592205439,2020-06-15 07:17:19+00:00
136724860,jinan-telecom,wuhan-telecom,47.5926,0.0,icmp,1592205540,2020-06-15 07:19:00+00:00
136725080,jinan-telecom,wuhan-telecom,46.1541,0.0,icmp,1592205660,2020-06-15 07:21:00+00:00
136725331,jinan-telecom,wuhan-telecom,44.8886,0.0,icmp,1592205780,2020-06-15 07:23:00+00:00
136725562,jinan-telecom,wuhan-telecom,39.36,0.0,icmp,1592205859,2020-06-15 07:24:19+00:00
136725781,jinan-telecom,wuhan-telecom,48.1969,0.0,icmp,1592206020,2020-06-15 07:27:00+00:00
136726045,jinan-telecom,wuhan-telecom,49.78,0.0,icmp,1592206140,2020-06-15 07:29:00+00:00
136726237,jinan-telecom,wuhan-telecom,47.2888,0.0,icmp,1592206260,2020-06-15 07:31:00+00:00
136726464,jinan-telecom,wuhan-telecom,39.3741,0.0,icmp,1592206339,2020-06-15 07:32:19+00:00
136726699,jinan-telecom,wuhan-telecom,47.1799,0.0,icmp,1592206500,2020-06-15 07:35:00+00:00
136726934,jinan-telecom,wuhan-telecom,47.3619,0.0,icmp,1592206620,2020-06-15 07:37:00+00:00
136727145,jinan-telecom,wuhan-telecom,45.5337,0.0,icmp,1592206740,2020-06-15 07:39:00+00:00
136727391,jinan-telecom,wuhan-telecom,46.0433,0.0,icmp,1592206860,2020-06-15 07:41:00+00:00
136727626,jinan-telecom,wuhan-telecom,39.4756,0.0,icmp,1592206939,2020-06-15 07:42:19+00:00
136727835,jinan-telecom,wuhan-telecom,47.5019,0.0,icmp,1592207100,2020-06-15 07:45:00+00:00
136728056,jinan-telecom,wuhan-telecom,39.5107,0.0,icmp,1592207164,2020-06-15 07:46:04+00:00
136728303,jinan-telecom,wuhan-telecom,39.4221,0.0,icmp,1592207346,2020-06-15 07:49:06+00:00
136728518,jinan-telecom,wuhan-telecom,46.0461,0.0,icmp,1592207460,2020-06-15 07:51:00+00:00
136728741,jinan-telecom,wuhan-telecom,39.3354,0.0,icmp,1592207539,2020-06-15 07:52:19+00:00
136728974,jinan-telecom,wuhan-telecom,47.2424,0.0,icmp,1592207700,2020-06-15 07:55:00+00:00
136729247,jinan-telecom,wuhan-telecom,46.3893,0.0,icmp,1592207820,2020-06-15 07:57:00+00:00
136729421,jinan-telecom,wuhan-telecom,46.0646,0.0,icmp,1592207940,2020-06-15 07:59:00+00:00
136729670,jinan-telecom,wuhan-telecom,40.0894,0.0,icmp,1592208060,2020-06-15 08:01:00+00:00
136729896,jinan-telecom,wuhan-telecom,48.3102,0.0,icmp,1592208180,2020-06-15 08:03:00+00:00
136730132,jinan-telecom,wuhan-telecom,39.3412,0.0,icmp,1592208259,2020-06-15 08:04:19+00:00
136730351,jinan-telecom,wuhan-telecom,39.4864,0.0,icmp,1592208439,2020-06-15 08:07:19+00:00
136730580,jinan-telecom,wuhan-telecom,47.4006,0.0,icmp,1592208540,2020-06-15 08:09:00+00:00
136730810,jinan-telecom,wuhan-telecom,46.8928,0.0,icmp,1592208660,2020-06-15 08:11:00+00:00
136731040,jinan-telecom,wuhan-telecom,46.8134,0.0,icmp,1592208780,2020-06-15 08:13:00+00:00
136731276,jinan-telecom,wuhan-telecom,46.8535,0.0,icmp,1592208900,2020-06-15 08:15:00+00:00
136731514,jinan-telecom,wuhan-telecom,46.0233,0.0,icmp,1592209020,2020-06-15 08:17:00+00:00
136731735,jinan-telecom,wuhan-telecom,39.4289,0.0,icmp,1592209099,2020-06-15 08:18:19+00:00
136731991,jinan-telecom,wuhan-telecom,39.345,0.0,icmp,1592209219,2020-06-15 08:20:19+00:00
136732207,jinan-telecom,wuhan-telecom,39.4094,0.0,icmp,1592209339,2020-06-15 08:22:19+00:00
136732420,jinan-telecom,wuhan-telecom,39.3649,0.0,icmp,1592209519,2020-06-15 08:25:19+00:00
136732658,jinan-telecom,wuhan-telecom,44.066,0.0,icmp,1592209625,2020-06-15 08:27:05+00:00
136732878,jinan-telecom,wuhan-telecom,47.338,0.0,icmp,1592209740,2020-06-15 08:29:00+00:00
136733098,jinan-telecom,wuhan-telecom,47.7562,0.0,icmp,1592209860,2020-06-15 08:31:00+00:00
136733324,jinan-telecom,wuhan-telecom,47.037,0.0,icmp,1592209980,2020-06-15 08:33:00+00:00
136733553,jinan-telecom,wuhan-telecom,48.2592,0.0,icmp,1592210100,2020-06-15 08:35:00+00:00
136733793,jinan-telecom,wuhan-telecom,39.6411,0.0,icmp,1592210179,2020-06-15 08:36:19+00:00
136734015,jinan-telecom,wuhan-telecom,47.8115,0.0,icmp,1592210340,2020-06-15 08:39:00+00:00
136734262,jinan-telecom,wuhan-telecom,39.6291,0.0,icmp,1592210479,2020-06-15 08:41:19+00:00
136734489,jinan-telecom,wuhan-telecom,39.5259,0.0,icmp,1592210599,2020-06-15 08:43:19+00:00
136734707,jinan-telecom,wuhan-telecom,39.4907,0.0,icmp,1592210719,2020-06-15 08:45:19+00:00
136734938,jinan-telecom,wuhan-telecom,46.2545,0.0,icmp,1592210820,2020-06-15 08:47:00+00:00
136735161,jinan-telecom,wuhan-telecom,47.4176,0.0,icmp,1592210940,2020-06-15 08:49:00+00:00
136735400,jinan-telecom,wuhan-telecom,45.2909,0.0,icmp,1592211060,2020-06-15 08:51:00+00:00
136735629,jinan-telecom,wuhan-telecom,48.4897,0.0,icmp,1592211180,2020-06-15 08:53:00+00:00
136735866,jinan-telecom,wuhan-telecom,39.368,0.0,icmp,1592211259,2020-06-15 08:54:19+00:00
136736080,jinan-telecom,wuhan-telecom,46.3441,0.0,icmp,1592211420,2020-06-15 08:57:00+00:00
136736340,jinan-telecom,wuhan-telecom,39.3648,0.0,icmp,1592211499,2020-06-15 08:58:19+00:00
136736532,jinan-telecom,wuhan-telecom,47.0196,0.0,icmp,1592211660,2020-06-15 09:01:00+00:00
136736757,jinan-telecom,wuhan-telecom,45.7786,0.0,icmp,1592211780,2020-06-15 09:03:00+00:00
136737035,jinan-telecom,wuhan-telecom,44.9293,0.0,icmp,1592211900,2020-06-15 09:05:00+00:00
136737231,jinan-telecom,wuhan-telecom,46.6925,0.0,icmp,1592212020,2020-06-15 09:07:00+00:00
136737457,jinan-telecom,wuhan-telecom,47.1347,0.0,icmp,1592212140,2020-06-15 09:09:00+00:00
136737677,jinan-telecom,wuhan-telecom,39.6903,0.0,icmp,1592212219,2020-06-15 09:10:19+00:00
136737927,jinan-telecom,wuhan-telecom,47.3354,0.0,icmp,1592212380,2020-06-15 09:13:00+00:00
136738136,jinan-telecom,wuhan-telecom,47.6804,0.0,icmp,1592212500,2020-06-15 09:15:00+00:00
136738389,jinan-telecom,wuhan-telecom,39.3673,0.0,icmp,1592212579,2020-06-15 09:16:19+00:00
136738590,jinan-telecom,wuhan-telecom,46.9501,0.0,icmp,1592212740,2020-06-15 09:19:00+00:00
136738838,jinan-telecom,wuhan-telecom,46.7513,0.0,icmp,1592212860,2020-06-15 09:21:00+00:00
136739038,jinan-telecom,wuhan-telecom,46.7498,0.0,icmp,1592212980,2020-06-15 09:23:00+00:00
136739299,jinan-telecom,wuhan-telecom,46.8558,0.0,icmp,1592213100,2020-06-15 09:25:00+00:00
136739509,jinan-telecom,wuhan-telecom,47.3987,0.0,icmp,1592213220,2020-06-15 09:27:00+00:00
136739757,jinan-telecom,wuhan-telecom,47.842,0.0,icmp,1592213340,2020-06-15 09:29:00+00:00
136739988,jinan-telecom,wuhan-telecom,46.9616,0.0,icmp,1592213460,2020-06-15 09:31:00+00:00
136740201,jinan-telecom,wuhan-telecom,49.0168,0.0,icmp,1592213580,2020-06-15 09:33:00+00:00
136740427,jinan-telecom,wuhan-telecom,44.4443,0.0,icmp,1592213700,2020-06-15 09:35:00+00:00
136740656,jinan-telecom,wuhan-telecom,41.7452,0.0,icmp,1592213820,2020-06-15 09:37:00+00:00
136740884,jinan-telecom,wuhan-telecom,46.304,0.0,icmp,1592213940,2020-06-15 09:39:00+00:00
136741136,jinan-telecom,wuhan-telecom,45.983,0.0,icmp,1592214060,2020-06-15 09:41:00+00:00
136741345,jinan-telecom,wuhan-telecom,39.4014,0.0,icmp,1592214139,2020-06-15 09:42:19+00:00
136741578,jinan-telecom,wuhan-telecom,47.2475,0.0,icmp,1592214300,2020-06-15 09:45:00+00:00
136741815,jinan-telecom,wuhan-telecom,39.3391,0.0,icmp,1592214379,2020-06-15 09:46:19+00:00
136742034,jinan-telecom,wuhan-telecom,46.3277,0.0,icmp,1592214540,2020-06-15 09:49:00+00:00
136742295,jinan-telecom,wuhan-telecom,44.8106,0.0,icmp,1592214660,2020-06-15 09:51:00+00:00
136742484,jinan-telecom,wuhan-telecom,46.5771,0.0,icmp,1592214780,2020-06-15 09:53:00+00:00
136742722,jinan-telecom,wuhan-telecom,47.2192,0.0,icmp,1592214900,2020-06-15 09:55:00+00:00
136742962,jinan-telecom,wuhan-telecom,46.9945,0.0,icmp,1592215020,2020-06-15 09:57:00+00:00
136743181,jinan-telecom,wuhan-telecom,47.6204,0.0,icmp,1592215140,2020-06-15 09:59:00+00:00
136743421,jinan-telecom,wuhan-telecom,48.0207,0.0,icmp,1592215260,2020-06-15 10:01:00+00:00
136743634,jinan-telecom,wuhan-telecom,40.2985,0.0,icmp,1592215380,2020-06-15 10:03:00+00:00
136743873,jinan-telecom,wuhan-telecom,46.1682,0.0,icmp,1592215500,2020-06-15 10:05:00+00:00
136744113,jinan-telecom,wuhan-telecom,47.9034,0.0,icmp,1592215620,2020-06-15 10:07:00+00:00
136744336,jinan-telecom,wuhan-telecom,39.3216,0.0,icmp,1592215759,2020-06-15 10:09:19+00:00
136744562,jinan-telecom,wuhan-telecom,47.8166,0.0,icmp,1592215860,2020-06-15 10:11:00+00:00
136744790,jinan-telecom,wuhan-telecom,39.533,0.0,icmp,1592215939,2020-06-15 10:12:19+00:00
136745020,jinan-telecom,wuhan-telecom,48.2683,0.0,icmp,1592216100,2020-06-15 10:15:00+00:00
136745254,jinan-telecom,wuhan-telecom,39.3766,0.0,icmp,1592216179,2020-06-15 10:16:19+00:00
136745481,jinan-telecom,wuhan-telecom,47.8831,0.0,icmp,1592216340,2020-06-15 10:19:00+00:00
136745718,jinan-telecom,wuhan-telecom,48.2251,0.0,icmp,1592216460,2020-06-15 10:21:00+00:00
136745935,jinan-telecom,wuhan-telecom,46.4445,0.0,icmp,1592216580,2020-06-15 10:23:00+00:00
136746162,jinan-telecom,wuhan-telecom,46.3874,0.0,icmp,1592216700,2020-06-15 10:25:00+00:00
136746376,jinan-telecom,wuhan-telecom,47.9854,0.0,icmp,1592216820,2020-06-15 10:27:00+00:00
136746646,jinan-telecom,wuhan-telecom,47.1755,0.0,icmp,1592216940,2020-06-15 10:29:00+00:00
136746838,jinan-telecom,wuhan-telecom,46.3334,0.0,icmp,1592217060,2020-06-15 10:31:00+00:00
136747077,jinan-telecom,wuhan-telecom,44.115,0.0,icmp,1592217180,2020-06-15 10:33:00+00:00
136747292,jinan-telecom,wuhan-telecom,44.6919,0.0,icmp,1592217300,2020-06-15 10:35:00+00:00
136747545,jinan-telecom,wuhan-telecom,39.4345,0.0,icmp,1592217379,2020-06-15 10:36:19+00:00
136747752,jinan-telecom,wuhan-telecom,47.2016,0.0,icmp,1592217540,2020-06-15 10:39:00+00:00
136748006,jinan-telecom,wuhan-telecom,49.7444,0.0,icmp,1592217660,2020-06-15 10:41:00+00:00
136748218,jinan-telecom,wuhan-telecom,49.1544,0.0,icmp,1592217780,2020-06-15 10:43:00+00:00
136748451,jinan-telecom,wuhan-telecom,39.3256,0.0,icmp,1592217859,2020-06-15 10:44:19+00:00
136748667,jinan-telecom,wuhan-telecom,48.8834,0.0,icmp,1592218020,2020-06-15 10:47:00+00:00
136748911,jinan-telecom,wuhan-telecom,39.3798,0.0,icmp,1592218099,2020-06-15 10:48:19+00:00
136749134,jinan-telecom,wuhan-telecom,46.8891,0.0,icmp,1592218260,2020-06-15 10:51:00+00:00
136749361,jinan-telecom,wuhan-telecom,39.6808,0.0,icmp,1592218339,2020-06-15 10:52:19+00:00
136749585,jinan-telecom,wuhan-telecom,47.4273,0.0,icmp,1592218500,2020-06-15 10:55:00+00:00
136749821,jinan-telecom,wuhan-telecom,46.8793,0.0,icmp,1592218620,2020-06-15 10:57:00+00:00
136750053,jinan-telecom,wuhan-telecom,48.2108,0.0,icmp,1592218740,2020-06-15 10:59:00+00:00
136750281,jinan-telecom,wuhan-telecom,47.6117,0.0,icmp,1592218860,2020-06-15 11:01:00+00:00
136750507,jinan-telecom,wuhan-telecom,39.3337,0.0,icmp,1592218999,2020-06-15 11:03:19+00:00
136750735,jinan-telecom,wuhan-telecom,47.959,0.0,icmp,1592219100,2020-06-15 11:05:00+00:00
136750958,jinan-telecom,wuhan-telecom,47.401,0.0,icmp,1592219220,2020-06-15 11:07:00+00:00
136751214,jinan-telecom,wuhan-telecom,39.8227,0.0,icmp,1592219340,2020-06-15 11:09:00+00:00
136751444,jinan-telecom,wuhan-telecom,45.2768,0.0,icmp,1592219460,2020-06-15 11:11:00+00:00
136751649,jinan-telecom,wuhan-telecom,42.624,0.0,icmp,1592219580,2020-06-15 11:13:00+00:00
136751874,jinan-telecom,wuhan-telecom,46.1972,0.0,icmp,1592219700,2020-06-15 11:15:00+00:00
136752084,jinan-telecom,wuhan-telecom,39.4186,0.0,icmp,1592219779,2020-06-15 11:16:19+00:00
136752349,jinan-telecom,wuhan-telecom,45.008,0.0,icmp,1592219940,2020-06-15 11:19:00+00:00
136752568,jinan-telecom,wuhan-telecom,48.2555,0.0,icmp,1592220060,2020-06-15 11:21:00+00:00
136752791,jinan-telecom,wuhan-telecom,47.8122,0.0,icmp,1592220180,2020-06-15 11:23:00+00:00
136753018,jinan-telecom,wuhan-telecom,39.507,0.0,icmp,1592220319,2020-06-15 11:25:19+00:00
136753250,jinan-telecom,wuhan-telecom,45.2951,0.0,icmp,1592220420,2020-06-15 11:27:00+00:00
136753499,jinan-telecom,wuhan-telecom,47.1052,0.0,icmp,1592220540,2020-06-15 11:29:00+00:00
136753722,jinan-telecom,wuhan-telecom,46.5037,0.0,icmp,1592220660,2020-06-15 11:31:00+00:00
136753944,jinan-telecom,wuhan-telecom,45.1981,0.0,icmp,1592220780,2020-06-15 11:33:00+00:00
136754167,jinan-telecom,wuhan-telecom,46.823,0.0,icmp,1592220900,2020-06-15 11:35:00+00:00
136754407,jinan-telecom,wuhan-telecom,39.3408,0.0,icmp,1592221039,2020-06-15 11:37:19+00:00
136754635,jinan-telecom,wuhan-telecom,39.6936,0.0,icmp,1592221159,2020-06-15 11:39:19+00:00
136754859,jinan-telecom,wuhan-telecom,45.6099,0.0,icmp,1592221260,2020-06-15 11:41:00+00:00
136755102,jinan-telecom,wuhan-telecom,48.9402,0.0,icmp,1592221380,2020-06-15 11:43:00+00:00
136755346,jinan-telecom,wuhan-telecom,46.3883,0.0,icmp,1592221500,2020-06-15 11:45:00+00:00
136755555,jinan-telecom,wuhan-telecom,44.7757,0.0,icmp,1592221620,2020-06-15 11:47:00+00:00
136755793,jinan-telecom,wuhan-telecom,46.6142,0.0,icmp,1592221740,2020-06-15 11:49:00+00:00
136756034,jinan-telecom,wuhan-telecom,47.4094,0.0,icmp,1592221860,2020-06-15 11:51:00+00:00
136756252,jinan-telecom,wuhan-telecom,48.3013,0.0,icmp,1592221980,2020-06-15 11:53:00+00:00
136756467,jinan-telecom,wuhan-telecom,39.4924,0.0,icmp,1592222059,2020-06-15 11:54:19+00:00
136756720,jinan-telecom,wuhan-telecom,39.8656,0.0,icmp,1592222179,2020-06-15 11:56:19+00:00
136756921,jinan-telecom,wuhan-telecom,49.7028,1.0,icmp,1592222340,2020-06-15 11:59:00+00:00
136757146,jinan-telecom,wuhan-telecom,46.7632,2.0,icmp,1592222460,2020-06-15 12:01:00+00:00
136757386,jinan-telecom,wuhan-telecom,41.0549,1.0,icmp,1592222539,2020-06-15 12:02:19+00:00
136757612,jinan-telecom,wuhan-telecom,47.8077,0.0,icmp,1592222700,2020-06-15 12:05:00+00:00
136757824,jinan-telecom,wuhan-telecom,46.7502,0.0,icmp,1592222820,2020-06-15 12:07:00+00:00
136758061,jinan-telecom,wuhan-telecom,46.4989,0.0,icmp,1592222940,2020-06-15 12:09:00+00:00
136758280,jinan-telecom,wuhan-telecom,41.8099,0.0,icmp,1592223060,2020-06-15 12:11:00+00:00
136758503,jinan-telecom,wuhan-telecom,48.6969,0.0,icmp,1592223180,2020-06-15 12:13:00+00:00
136758745,jinan-telecom,wuhan-telecom,45.3063,0.0,icmp,1592223300,2020-06-15 12:15:00+00:00
136758964,jinan-telecom,wuhan-telecom,39.6495,0.0,icmp,1592223439,2020-06-15 12:17:19+00:00
136759224,jinan-telecom,wuhan-telecom,46.2678,0.0,icmp,1592223540,2020-06-15 12:19:00+00:00
136759421,jinan-telecom,wuhan-telecom,45.9841,0.0,icmp,1592223660,2020-06-15 12:21:00+00:00
136759647,jinan-telecom,wuhan-telecom,47.2608,0.0,icmp,1592223780,2020-06-15 12:23:00+00:00
136759867,jinan-telecom,wuhan-telecom,45.6683,0.0,icmp,1592223900,2020-06-15 12:25:00+00:00
136760115,jinan-telecom,wuhan-telecom,47.911,0.0,icmp,1592224020,2020-06-15 12:27:00+00:00
136760361,jinan-telecom,wuhan-telecom,48.9336,0.0,icmp,1592224140,2020-06-15 12:29:00+00:00
136760594,jinan-telecom,wuhan-telecom,51.115,0.0,icmp,1592224260,2020-06-15 12:31:00+00:00
136760793,jinan-telecom,wuhan-telecom,39.6304,0.0,icmp,1592224399,2020-06-15 12:33:19+00:00
136761033,jinan-telecom,wuhan-telecom,47.2404,0.0,icmp,1592224500,2020-06-15 12:35:00+00:00
136761252,jinan-telecom,wuhan-telecom,45.9228,0.0,icmp,1592224620,2020-06-15 12:37:00+00:00
136761469,jinan-telecom,wuhan-telecom,39.5051,0.0,icmp,1592224699,2020-06-15 12:38:19+00:00
136761726,jinan-telecom,wuhan-telecom,46.8633,0.0,icmp,1592224860,2020-06-15 12:41:00+00:00
136761950,jinan-telecom,wuhan-telecom,39.6571,1.0,icmp,1592224999,2020-06-15 12:43:19+00:00
136762174,jinan-telecom,wuhan-telecom,43.831,0.0,icmp,1592225100,2020-06-15 12:45:00+00:00
136762389,jinan-telecom,wuhan-telecom,39.6663,0.0,icmp,1592225179,2020-06-15 12:46:19+00:00
136762635,jinan-telecom,wuhan-telecom,46.3609,0.0,icmp,1592225340,2020-06-15 12:49:00+00:00
136762859,jinan-telecom,wuhan-telecom,49.3619,0.0,icmp,1592225460,2020-06-15 12:51:00+00:00
136763077,jinan-telecom,wuhan-telecom,46.571,0.0,icmp,1592225580,2020-06-15 12:53:00+00:00
136763310,jinan-telecom,wuhan-telecom,39.3744,0.0,icmp,1592225719,2020-06-15 12:55:19+00:00
136763523,jinan-telecom,wuhan-telecom,45.5498,0.0,icmp,1592225820,2020-06-15 12:57:00+00:00
136763754,jinan-telecom,wuhan-telecom,39.8334,0.0,icmp,1592225940,2020-06-15 12:59:00+00:00
136763987,jinan-telecom,wuhan-telecom,44.9681,0.0,icmp,1592226060,2020-06-15 13:01:00+00:00
136764223,jinan-telecom,wuhan-telecom,46.0335,0.0,icmp,1592226180,2020-06-15 13:03:00+00:00
136764447,jinan-telecom,wuhan-telecom,39.5577,0.0,icmp,1592226319,2020-06-15 13:05:19+00:00
136764657,jinan-telecom,wuhan-telecom,46.4685,0.0,icmp,1592226420,2020-06-15 13:07:00+00:00
136764902,jinan-telecom,wuhan-telecom,45.6476,0.0,icmp,1592226540,2020-06-15 13:09:00+00:00
136765123,jinan-telecom,wuhan-telecom,47.1859,0.0,icmp,1592226660,2020-06-15 13:11:00+00:00
136765333,jinan-telecom,wuhan-telecom,39.3623,0.0,icmp,1592226799,2020-06-15 13:13:19+00:00
136765561,jinan-telecom,wuhan-telecom,46.301,0.0,icmp,1592226900,2020-06-15 13:15:00+00:00
136765779,jinan-telecom,wuhan-telecom,39.469,0.0,icmp,1592226979,2020-06-15 13:16:19+00:00
136766036,jinan-telecom,wuhan-telecom,39.365,0.0,icmp,1592227099,2020-06-15 13:18:19+00:00
136766267,jinan-telecom,wuhan-telecom,46.7443,0.0,icmp,1592227260,2020-06-15 13:21:00+00:00
136766481,jinan-telecom,wuhan-telecom,47.2642,0.0,icmp,1592227380,2020-06-15 13:23:00+00:00
136766713,jinan-telecom,wuhan-telecom,47.5934,0.0,icmp,1592227500,2020-06-15 13:25:00+00:00
136766948,jinan-telecom,wuhan-telecom,45.804,0.0,icmp,1592227620,2020-06-15 13:27:00+00:00
136767171,jinan-telecom,wuhan-telecom,45.9465,0.0,icmp,1592227740,2020-06-15 13:29:00+00:00
136767474,jinan-telecom,wuhan-telecom,42.5302,0.0,icmp,1592227860,2020-06-15 13:31:00+00:00
136767680,jinan-telecom,wuhan-telecom,46.2252,0.0,icmp,1592227980,2020-06-15 13:33:00+00:00
136767903,jinan-telecom,wuhan-telecom,48.225,0.0,icmp,1592228100,2020-06-15 13:35:00+00:00
136768149,jinan-telecom,wuhan-telecom,39.546,0.0,icmp,1592228239,2020-06-15 13:37:19+00:00
136768371,jinan-telecom,wuhan-telecom,46.3709,0.0,icmp,1592228340,2020-06-15 13:39:00+00:00
136768605,jinan-telecom,wuhan-telecom,39.4296,0.0,icmp,1592228479,2020-06-15 13:41:19+00:00
136768828,jinan-telecom,wuhan-telecom,41.8716,0.0,icmp,1592228580,2020-06-15 13:43:00+00:00
136769055,jinan-telecom,wuhan-telecom,47.5673,0.0,icmp,1592228700,2020-06-15 13:45:00+00:00
136769292,jinan-telecom,wuhan-telecom,45.2881,0.0,icmp,1592228820,2020-06-15 13:47:00+00:00
136769508,jinan-telecom,wuhan-telecom,45.9419,0.0,icmp,1592228940,2020-06-15 13:49:00+00:00
136769745,jinan-telecom,wuhan-telecom,39.3654,0.0,icmp,1592229019,2020-06-15 13:50:19+00:00
136769963,jinan-telecom,wuhan-telecom,39.399,0.0,icmp,1592229139,2020-06-15 13:52:19+00:00
136770189,jinan-telecom,wuhan-telecom,47.5444,0.0,icmp,1592229300,2020-06-15 13:55:00+00:00
136770426,jinan-telecom,wuhan-telecom,44.051,0.0,icmp,1592229420,2020-06-15 13:57:00+00:00
136770677,jinan-telecom,wuhan-telecom,39.5145,0.0,icmp,1592229499,2020-06-15 13:58:19+00:00
136770895,jinan-telecom,wuhan-telecom,46.8959,0.0,icmp,1592229660,2020-06-15 14:01:00+00:00
136771122,jinan-telecom,wuhan-telecom,46.1891,0.0,icmp,1592229780,2020-06-15 14:03:00+00:00
136771340,jinan-telecom,wuhan-telecom,39.5163,0.0,icmp,1592229859,2020-06-15 14:04:19+00:00
136771566,jinan-telecom,wuhan-telecom,48.4108,0.0,icmp,1592230020,2020-06-15 14:07:00+00:00
136771824,jinan-telecom,wuhan-telecom,45.7492,0.0,icmp,1592230140,2020-06-15 14:09:00+00:00
136772048,jinan-telecom,wuhan-telecom,47.3614,0.0,icmp,1592230260,2020-06-15 14:11:00+00:00
136772266,jinan-telecom,wuhan-telecom,46.9808,0.0,icmp,1592230380,2020-06-15 14:13:00+00:00
136772492,jinan-telecom,wuhan-telecom,39.3897,0.0,icmp,1592230459,2020-06-15 14:14:19+00:00
136772730,jinan-telecom,wuhan-telecom,46.8151,0.0,icmp,1592230620,2020-06-15 14:17:00+00:00
136772943,jinan-telecom,wuhan-telecom,48.1116,0.0,icmp,1592230740,2020-06-15 14:19:00+00:00
136773189,jinan-telecom,wuhan-telecom,45.6379,0.0,icmp,1592230860,2020-06-15 14:21:00+00:00
136773407,jinan-telecom,wuhan-telecom,39.4043,0.0,icmp,1592230939,2020-06-15 14:22:19+00:00
136773631,jinan-telecom,wuhan-telecom,39.7758,0.0,icmp,1592231059,2020-06-15 14:24:19+00:00
136773881,jinan-telecom,wuhan-telecom,46.5313,0.0,icmp,1592231220,2020-06-15 14:27:00+00:00
136774087,jinan-telecom,wuhan-telecom,46.1236,0.0,icmp,1592231340,2020-06-15 14:29:00+00:00
136774310,jinan-telecom,wuhan-telecom,39.8517,0.0,icmp,1592231419,2020-06-15 14:30:19+00:00
136774552,jinan-telecom,wuhan-telecom,49.8527,2.0,icmp,1592231580,2020-06-15 14:33:00+00:00
136774796,jinan-telecom,wuhan-telecom,47.3517,0.0,icmp,1592231700,2020-06-15 14:35:00+00:00
136775009,jinan-telecom,wuhan-telecom,39.348,0.0,icmp,1592231839,2020-06-15 14:37:19+00:00
136775224,jinan-telecom,wuhan-telecom,47.344,0.0,icmp,1592231940,2020-06-15 14:39:00+00:00
136775463,jinan-telecom,wuhan-telecom,45.4585,0.0,icmp,1592232060,2020-06-15 14:41:00+00:00
136775725,jinan-telecom,wuhan-telecom,43.9939,0.0,icmp,1592232180,2020-06-15 14:43:00+00:00
136775928,jinan-telecom,wuhan-telecom,50.2792,0.0,icmp,1592232300,2020-06-15 14:45:00+00:00
136776161,jinan-telecom,wuhan-telecom,47.2793,0.0,icmp,1592232420,2020-06-15 14:47:00+00:00
136776394,jinan-telecom,wuhan-telecom,49.2049,0.0,icmp,1592232540,2020-06-15 14:49:00+00:00
136776611,jinan-telecom,wuhan-telecom,39.7311,0.0,icmp,1592232619,2020-06-15 14:50:19+00:00
136776862,jinan-telecom,wuhan-telecom,44.3064,0.0,icmp,1592232780,2020-06-15 14:53:00+00:00
136777067,jinan-telecom,wuhan-telecom,45.3907,2.0,icmp,1592232900,2020-06-15 14:55:00+00:00
136777316,jinan-telecom,wuhan-telecom,47.5405,0.0,icmp,1592233020,2020-06-15 14:57:00+00:00
136777523,jinan-telecom,wuhan-telecom,39.639,0.0,icmp,1592233144,2020-06-15 14:59:04+00:00
136777761,jinan-telecom,wuhan-telecom,47.7761,0.0,icmp,1592233260,2020-06-15 15:01:00+00:00
136777993,jinan-telecom,wuhan-telecom,47.4857,0.0,icmp,1592233380,2020-06-15 15:03:00+00:00
136778218,jinan-telecom,wuhan-telecom,40.8673,0.0,icmp,1592233500,2020-06-15 15:05:00+00:00
136778456,jinan-telecom,wuhan-telecom,49.3953,0.0,icmp,1592233620,2020-06-15 15:07:00+00:00
136778666,jinan-telecom,wuhan-telecom,44.9024,0.0,icmp,1592233740,2020-06-15 15:09:00+00:00
136778895,jinan-telecom,wuhan-telecom,47.5719,0.0,icmp,1592233860,2020-06-15 15:11:00+00:00
136779115,jinan-telecom,wuhan-telecom,47.6826,0.0,icmp,1592233980,2020-06-15 15:13:00+00:00
136779359,jinan-telecom,wuhan-telecom,48.1542,0.0,icmp,1592234100,2020-06-15 15:15:00+00:00
136779593,jinan-telecom,wuhan-telecom,49.2151,0.0,icmp,1592234220,2020-06-15 15:17:00+00:00
136779838,jinan-telecom,wuhan-telecom,46.6431,0.0,icmp,1592234340,2020-06-15 15:19:00+00:00
136780066,jinan-telecom,wuhan-telecom,47.3357,0.0,icmp,1592234460,2020-06-15 15:21:00+00:00
136780290,jinan-telecom,wuhan-telecom,39.3344,0.0,icmp,1592234539,2020-06-15 15:22:19+00:00
136780523,jinan-telecom,wuhan-telecom,46.1533,0.0,icmp,1592234700,2020-06-15 15:25:00+00:00
136780729,jinan-telecom,wuhan-telecom,39.7618,0.0,icmp,1592234779,2020-06-15 15:26:19+00:00
136780958,jinan-telecom,wuhan-telecom,40.0037,0.0,icmp,1592234885,2020-06-15 15:28:05+00:00
136781188,jinan-telecom,wuhan-telecom,42.8572,0.0,icmp,1592235060,2020-06-15 15:31:00+00:00
136781425,jinan-telecom,wuhan-telecom,46.5512,0.0,icmp,1592235180,2020-06-15 15:33:00+00:00
136781651,jinan-telecom,wuhan-telecom,47.5419,0.0,icmp,1592235300,2020-06-15 15:35:00+00:00
136781874,jinan-telecom,wuhan-telecom,42.6689,0.0,icmp,1592235364,2020-06-15 15:36:04+00:00
136782115,jinan-telecom,wuhan-telecom,39.3303,0.0,icmp,1592235559,2020-06-15 15:39:19+00:00
136782350,jinan-telecom,wuhan-telecom,48.5734,0.0,icmp,1592235660,2020-06-15 15:41:00+00:00
136782565,jinan-telecom,wuhan-telecom,45.6925,0.0,icmp,1592235780,2020-06-15 15:43:00+00:00
136782814,jinan-telecom,wuhan-telecom,46.2715,0.0,icmp,1592235900,2020-06-15 15:45:00+00:00
136783036,jinan-telecom,wuhan-telecom,47.3609,0.0,icmp,1592236020,2020-06-15 15:47:00+00:00
136783279,jinan-telecom,wuhan-telecom,39.3355,0.0,icmp,1592236159,2020-06-15 15:49:19+00:00
136783484,jinan-telecom,wuhan-telecom,45.4733,0.0,icmp,1592236260,2020-06-15 15:51:00+00:00
136783718,jinan-telecom,wuhan-telecom,48.1478,0.0,icmp,1592236380,2020-06-15 15:53:00+00:00
136783954,jinan-telecom,wuhan-telecom,46.338,0.0,icmp,1592236500,2020-06-15 15:55:00+00:00
136784161,jinan-telecom,wuhan-telecom,45.4456,0.0,icmp,1592236620,2020-06-15 15:57:00+00:00
136784391,jinan-telecom,wuhan-telecom,44.2388,0.0,icmp,1592236740,2020-06-15 15:59:00+00:00
136784624,jinan-telecom,wuhan-telecom,46.7731,0.0,icmp,1592236860,2020-06-15 16:01:00+00:00
136784853,jinan-telecom,wuhan-telecom,39.3706,0.0,icmp,1592236999,2020-06-15 16:03:19+00:00
136785087,jinan-telecom,wuhan-telecom,47.5397,0.0,icmp,1592237100,2020-06-15 16:05:00+00:00
136785325,jinan-telecom,wuhan-telecom,39.3203,0.0,icmp,1592237179,2020-06-15 16:06:19+00:00
136785560,jinan-telecom,wuhan-telecom,46.6423,0.0,icmp,1592237340,2020-06-15 16:09:00+00:00
136785758,jinan-telecom,wuhan-telecom,39.366,0.0,icmp,1592237479,2020-06-15 16:11:19+00:00
136786004,jinan-telecom,wuhan-telecom,39.3654,0.0,icmp,1592237599,2020-06-15 16:13:19+00:00
136786244,jinan-telecom,wuhan-telecom,46.1466,0.0,icmp,1592237700,2020-06-15 16:15:00+00:00
136786483,jinan-telecom,wuhan-telecom,45.1774,0.0,icmp,1592237820,2020-06-15 16:17:00+00:00
136786678,jinan-telecom,wuhan-telecom,39.3502,0.0,icmp,1592237959,2020-06-15 16:19:19+00:00
136786903,jinan-telecom,wuhan-telecom,47.0029,0.0,icmp,1592238060,2020-06-15 16:21:00+00:00
136787152,jinan-telecom,wuhan-telecom,40.4148,0.0,icmp,1592238180,2020-06-15 16:23:00+00:00
136787397,jinan-telecom,wuhan-telecom,49.0295,0.0,icmp,1592238300,2020-06-15 16:25:00+00:00
136787619,jinan-telecom,wuhan-telecom,39.4639,0.0,icmp,1592238420,2020-06-15 16:27:00+00:00
136787822,jinan-telecom,wuhan-telecom,36.7324,11.0,icmp,1592238540,2020-06-15 16:29:00+00:00
136788073,jinan-telecom,wuhan-telecom,39.4337,0.0,icmp,1592238660,2020-06-15 16:31:00+00:00
136788284,jinan-telecom,wuhan-telecom,31.4105,0.0,icmp,1592238799,2020-06-15 16:33:19+00:00
136788525,jinan-telecom,wuhan-telecom,39.1594,0.0,icmp,1592238900,2020-06-15 16:35:00+00:00
136788753,jinan-telecom,wuhan-telecom,40.0862,0.0,icmp,1592239020,2020-06-15 16:37:00+00:00
136788976,jinan-telecom,wuhan-telecom,41.2735,0.0,icmp,1592239140,2020-06-15 16:39:00+00:00
136789225,jinan-telecom,wuhan-telecom,31.1663,0.0,icmp,1592239219,2020-06-15 16:40:19+00:00
139374132,jinan-telecom,wuhan-telecom,46.0044,0.0,icmp,1592054040,2020-06-13 13:14:00+00:00
139374359,jinan-telecom,wuhan-telecom,45.3112,0.0,icmp,1592054160,2020-06-13 13:16:00+00:00
139374616,jinan-telecom,wuhan-telecom,39.7838,0.0,icmp,1592054299,2020-06-13 13:18:19+00:00
139374833,jinan-telecom,wuhan-telecom,48.2236,0.0,icmp,1592054400,2020-06-13 13:20:00+00:00
139375057,jinan-telecom,wuhan-telecom,49.2867,0.0,icmp,1592054520,2020-06-13 13:22:00+00:00
139375286,jinan-telecom,wuhan-telecom,45.2616,0.0,icmp,1592054640,2020-06-13 13:24:00+00:00
139375507,jinan-telecom,wuhan-telecom,39.5427,0.0,icmp,1592054765,2020-06-13 13:26:05+00:00
139375736,jinan-telecom,wuhan-telecom,45.2817,0.0,icmp,1592054880,2020-06-13 13:28:00+00:00
139375968,jinan-telecom,wuhan-telecom,48.2878,0.0,icmp,1592055000,2020-06-13 13:30:00+00:00
139376203,jinan-telecom,wuhan-telecom,39.3365,0.0,icmp,1592055079,2020-06-13 13:31:19+00:00
139376437,jinan-telecom,wuhan-telecom,46.8434,0.0,icmp,1592055240,2020-06-13 13:34:00+00:00
139376675,jinan-telecom,wuhan-telecom,40.4219,0.0,icmp,1592055360,2020-06-13 13:36:00+00:00
139376892,jinan-telecom,wuhan-telecom,46.2867,0.0,icmp,1592055480,2020-06-13 13:38:00+00:00
139377118,jinan-telecom,wuhan-telecom,39.3151,0.0,icmp,1592055619,2020-06-13 13:40:19+00:00
139377353,jinan-telecom,wuhan-telecom,46.3166,0.0,icmp,1592055720,2020-06-13 13:42:00+00:00
139377589,jinan-telecom,wuhan-telecom,48.667,0.0,icmp,1592055840,2020-06-13 13:44:00+00:00
139377810,jinan-telecom,wuhan-telecom,46.9382,0.0,icmp,1592055960,2020-06-13 13:46:00+00:00
139378038,jinan-telecom,wuhan-telecom,39.3561,0.0,icmp,1592056039,2020-06-13 13:47:19+00:00
139378270,jinan-telecom,wuhan-telecom,46.9636,0.0,icmp,1592056200,2020-06-13 13:50:00+00:00
139378506,jinan-telecom,wuhan-telecom,47.8205,0.0,icmp,1592056320,2020-06-13 13:52:00+00:00
139378704,jinan-telecom,wuhan-telecom,41.0477,0.0,icmp,1592056440,2020-06-13 13:54:00+00:00
139378951,jinan-telecom,wuhan-telecom,47.1253,0.0,icmp,1592056560,2020-06-13 13:56:00+00:00
139379168,jinan-telecom,wuhan-telecom,47.4023,0.0,icmp,1592056680,2020-06-13 13:58:00+00:00
139379397,jinan-telecom,wuhan-telecom,39.3694,0.0,icmp,1592056759,2020-06-13 13:59:19+00:00
139379625,jinan-telecom,wuhan-telecom,46.4535,0.0,icmp,1592056920,2020-06-13 14:02:00+00:00
139379858,jinan-telecom,wuhan-telecom,48.0259,0.0,icmp,1592057040,2020-06-13 14:04:00+00:00
139380085,jinan-telecom,wuhan-telecom,39.4144,0.0,icmp,1592057119,2020-06-13 14:05:19+00:00
139380330,jinan-telecom,wuhan-telecom,39.6726,0.0,icmp,1592057280,2020-06-13 14:08:00+00:00
139380567,jinan-telecom,wuhan-telecom,46.728,0.0,icmp,1592057400,2020-06-13 14:10:00+00:00
139380784,jinan-telecom,wuhan-telecom,39.4758,0.0,icmp,1592057479,2020-06-13 14:11:19+00:00
139381019,jinan-telecom,wuhan-telecom,47.6158,0.0,icmp,1592057640,2020-06-13 14:14:00+00:00
139381254,jinan-telecom,wuhan-telecom,43.7032,0.0,icmp,1592057760,2020-06-13 14:16:00+00:00
139381483,jinan-telecom,wuhan-telecom,39.3393,0.0,icmp,1592057899,2020-06-13 14:18:19+00:00
139381705,jinan-telecom,wuhan-telecom,45.9628,0.0,icmp,1592058000,2020-06-13 14:20:00+00:00
139381932,jinan-telecom,wuhan-telecom,47.6055,0.0,icmp,1592058120,2020-06-13 14:22:00+00:00
139382166,jinan-telecom,wuhan-telecom,45.8311,0.0,icmp,1592058240,2020-06-13 14:24:00+00:00
139382379,jinan-telecom,wuhan-telecom,39.5203,0.0,icmp,1592058379,2020-06-13 14:26:19+00:00
139382642,jinan-telecom,wuhan-telecom,46.4343,0.0,icmp,1592058480,2020-06-13 14:28:00+00:00
139382836,jinan-telecom,wuhan-telecom,39.4912,0.0,icmp,1592058619,2020-06-13 14:30:19+00:00
139383064,jinan-telecom,wuhan-telecom,39.2965,0.0,icmp,1592058739,2020-06-13 14:32:19+00:00
139383303,jinan-telecom,wuhan-telecom,43.5436,0.0,icmp,1592058840,2020-06-13 14:34:00+00:00
139383519,jinan-telecom,wuhan-telecom,46.6014,0.0,icmp,1592058960,2020-06-13 14:36:00+00:00
139383782,jinan-telecom,wuhan-telecom,46.065,0.0,icmp,1592059080,2020-06-13 14:38:00+00:00
139383969,jinan-telecom,wuhan-telecom,49.1393,0.0,icmp,1592059200,2020-06-13 14:40:00+00:00
139384221,jinan-telecom,wuhan-telecom,46.0769,0.0,icmp,1592059320,2020-06-13 14:42:00+00:00
139384423,jinan-telecom,wuhan-telecom,39.4172,0.0,icmp,1592059399,2020-06-13 14:43:19+00:00
139384664,jinan-telecom,wuhan-telecom,47.0732,0.0,icmp,1592059560,2020-06-13 14:46:00+00:00
139384904,jinan-telecom,wuhan-telecom,46.9262,0.0,icmp,1592059680,2020-06-13 14:48:00+00:00
139385154,jinan-telecom,wuhan-telecom,39.3542,0.0,icmp,1592059759,2020-06-13 14:49:19+00:00
139385357,jinan-telecom,wuhan-telecom,39.3231,0.0,icmp,1592059879,2020-06-13 14:51:19+00:00
139385584,jinan-telecom,wuhan-telecom,45.9171,0.0,icmp,1592060040,2020-06-13 14:54:00+00:00
139385817,jinan-telecom,wuhan-telecom,39.3114,0.0,icmp,1592060119,2020-06-13 14:55:19+00:00
139386043,jinan-telecom,wuhan-telecom,47.4989,0.0,icmp,1592060280,2020-06-13 14:58:00+00:00
139386281,jinan-telecom,wuhan-telecom,46.9972,0.0,icmp,1592060400,2020-06-13 15:00:00+00:00
139386521,jinan-telecom,wuhan-telecom,45.89,0.0,icmp,1592060520,2020-06-13 15:02:00+00:00
139386738,jinan-telecom,wuhan-telecom,42.7477,0.0,icmp,1592060640,2020-06-13 15:04:00+00:00
139386959,jinan-telecom,wuhan-telecom,39.3782,0.0,icmp,1592060779,2020-06-13 15:06:19+00:00
139387186,jinan-telecom,wuhan-telecom,48.5512,0.0,icmp,1592060880,2020-06-13 15:08:00+00:00
139387437,jinan-telecom,wuhan-telecom,39.3816,0.0,icmp,1592061019,2020-06-13 15:10:19+00:00
139387651,jinan-telecom,wuhan-telecom,40.1794,0.0,icmp,1592061120,2020-06-13 15:12:00+00:00
139387894,jinan-telecom,wuhan-telecom,44.8648,0.0,icmp,1592061240,2020-06-13 15:14:00+00:00
139388097,jinan-telecom,wuhan-telecom,42.0687,0.0,icmp,1592061360,2020-06-13 15:16:00+00:00
139388341,jinan-telecom,wuhan-telecom,46.1084,0.0,icmp,1592061480,2020-06-13 15:18:00+00:00
139388590,jinan-telecom,wuhan-telecom,45.4663,0.0,icmp,1592061600,2020-06-13 15:20:00+00:00
139388792,jinan-telecom,wuhan-telecom,39.4346,0.0,icmp,1592061739,2020-06-13 15:22:19+00:00
139389026,jinan-telecom,wuhan-telecom,43.5614,0.0,icmp,1592061840,2020-06-13 15:24:00+00:00
139389245,jinan-telecom,wuhan-telecom,46.3393,0.0,icmp,1592061960,2020-06-13 15:26:00+00:00
139389494,jinan-telecom,wuhan-telecom,45.7405,0.0,icmp,1592062080,2020-06-13 15:28:00+00:00
139389723,jinan-telecom,wuhan-telecom,39.3829,0.0,icmp,1592062219,2020-06-13 15:30:19+00:00
139389950,jinan-telecom,wuhan-telecom,46.6653,0.0,icmp,1592062320,2020-06-13 15:32:00+00:00
139390187,jinan-telecom,wuhan-telecom,46.6866,0.0,icmp,1592062440,2020-06-13 15:34:00+00:00
139390402,jinan-telecom,wuhan-telecom,47.6527,0.0,icmp,1592062560,2020-06-13 15:36:00+00:00
139390621,jinan-telecom,wuhan-telecom,46.4491,0.0,icmp,1592062680,2020-06-13 15:38:00+00:00
139390870,jinan-telecom,wuhan-telecom,45.4214,0.0,icmp,1592062800,2020-06-13 15:40:00+00:00
139391075,jinan-telecom,wuhan-telecom,48.3069,0.0,icmp,1592062920,2020-06-13 15:42:00+00:00
139391327,jinan-telecom,wuhan-telecom,39.3673,0.0,icmp,1592062999,2020-06-13 15:43:19+00:00
139391536,jinan-telecom,wuhan-telecom,46.6998,0.0,icmp,1592063160,2020-06-13 15:46:00+00:00
139391788,jinan-telecom,wuhan-telecom,39.3751,0.0,icmp,1592063239,2020-06-13 15:47:19+00:00
139391989,jinan-telecom,wuhan-telecom,47.1687,0.0,icmp,1592063400,2020-06-13 15:50:00+00:00
139392232,jinan-telecom,wuhan-telecom,46.0793,0.0,icmp,1592063520,2020-06-13 15:52:00+00:00
139392453,jinan-telecom,wuhan-telecom,48.272,0.0,icmp,1592063640,2020-06-13 15:54:00+00:00
139392688,jinan-telecom,wuhan-telecom,47.5146,0.0,icmp,1592063760,2020-06-13 15:56:00+00:00
139392948,jinan-telecom,wuhan-telecom,39.4138,0.0,icmp,1592063839,2020-06-13 15:57:19+00:00
139393146,jinan-telecom,wuhan-telecom,48.3313,0.0,icmp,1592064000,2020-06-13 16:00:00+00:00
139393398,jinan-telecom,wuhan-telecom,45.4306,0.0,icmp,1592064120,2020-06-13 16:02:00+00:00
139393598,jinan-telecom,wuhan-telecom,139.4692,11.0,icmp,1592064240,2020-06-13 16:04:00+00:00
139393834,jinan-telecom,wuhan-telecom,139.5325,13.0,icmp,1592064360,2020-06-13 16:06:00+00:00
139394065,jinan-telecom,wuhan-telecom,139.3793,11.0,icmp,1592064439,2020-06-13 16:07:19+00:00
139394310,jinan-telecom,wuhan-telecom,139.4091,10.0,icmp,1592064619,2020-06-13 16:10:19+00:00
139394510,jinan-telecom,wuhan-telecom,139.3814,13.0,icmp,1592064720,2020-06-13 16:12:00+00:00
139394765,jinan-telecom,wuhan-telecom,139.395,14.0,icmp,1592064799,2020-06-13 16:13:19+00:00
139394983,jinan-telecom,wuhan-telecom,141.9401,6.0,icmp,1592064970,2020-06-13 16:16:10+00:00
139395210,jinan-telecom,wuhan-telecom,139.5254,9.0,icmp,1592065085,2020-06-13 16:18:05+00:00
139395448,jinan-telecom,wuhan-telecom,139.3678,10.0,icmp,1592065200,2020-06-13 16:20:00+00:00
139395660,jinan-telecom,wuhan-telecom,139.401,11.0,icmp,1592065320,2020-06-13 16:22:00+00:00
139395911,jinan-telecom,wuhan-telecom,139.3822,10.0,icmp,1592065440,2020-06-13 16:24:00+00:00
139396156,jinan-telecom,wuhan-telecom,139.3236,12.0,icmp,1592065560,2020-06-13 16:26:00+00:00
139396348,jinan-telecom,wuhan-telecom,139.4034,13.0,icmp,1592065680,2020-06-13 16:28:00+00:00
139396596,jinan-telecom,wuhan-telecom,139.3169,8.0,icmp,1592065819,2020-06-13 16:30:19+00:00
139396810,jinan-telecom,wuhan-telecom,139.3114,6.0,icmp,1592065920,2020-06-13 16:32:00+00:00
139397031,jinan-telecom,wuhan-telecom,139.3759,8.0,icmp,1592066040,2020-06-13 16:34:00+00:00
139397259,jinan-telecom,wuhan-telecom,139.2919,3.0,icmp,1592066119,2020-06-13 16:35:19+00:00
139397509,jinan-telecom,wuhan-telecom,139.4022,13.0,icmp,1592066280,2020-06-13 16:38:00+00:00
139397720,jinan-telecom,wuhan-telecom,139.302,9.0,icmp,1592066359,2020-06-13 16:39:19+00:00
139397944,jinan-telecom,wuhan-telecom,139.3576,4.0,icmp,1592066520,2020-06-13 16:42:00+00:00
139398174,jinan-telecom,wuhan-telecom,139.3286,5.0,icmp,1592066640,2020-06-13 16:44:00+00:00
139398404,jinan-telecom,wuhan-telecom,139.3319,7.0,icmp,1592066760,2020-06-13 16:46:00+00:00
139398655,jinan-telecom,wuhan-telecom,139.3697,7.0,icmp,1592066880,2020-06-13 16:48:00+00:00
139398872,jinan-telecom,wuhan-telecom,139.3467,8.0,icmp,1592067000,2020-06-13 16:50:00+00:00
139399100,jinan-telecom,wuhan-telecom,139.1852,4.0,icmp,1592067065,2020-06-13 16:51:05+00:00
139399333,jinan-telecom,wuhan-telecom,139.2277,5.0,icmp,1592067240,2020-06-13 16:54:00+00:00
139399562,jinan-telecom,wuhan-telecom,142.921,8.0,icmp,1592067310,2020-06-13 16:55:10+00:00
139399803,jinan-telecom,wuhan-telecom,139.2452,8.0,icmp,1592067480,2020-06-13 16:58:00+00:00
139400031,jinan-telecom,wuhan-telecom,139.3079,4.0,icmp,1592067600,2020-06-13 17:00:00+00:00
139400238,jinan-telecom,wuhan-telecom,139.2228,8.0,icmp,1592067679,2020-06-13 17:01:19+00:00
139400476,jinan-telecom,wuhan-telecom,139.2609,4.0,icmp,1592067840,2020-06-13 17:04:00+00:00
139400702,jinan-telecom,wuhan-telecom,139.3066,7.0,icmp,1592067960,2020-06-13 17:06:00+00:00
139400948,jinan-telecom,wuhan-telecom,139.3857,3.0,icmp,1592068080,2020-06-13 17:08:00+00:00
139401176,jinan-telecom,wuhan-telecom,139.2943,5.0,icmp,1592068200,2020-06-13 17:10:00+00:00
139401382,jinan-telecom,wuhan-telecom,139.3266,6.0,icmp,1592068320,2020-06-13 17:12:00+00:00
139401608,jinan-telecom,wuhan-telecom,139.2032,4.0,icmp,1592068459,2020-06-13 17:14:19+00:00
139401839,jinan-telecom,wuhan-telecom,132.5301,3.0,icmp,1592068560,2020-06-13 17:16:00+00:00
139402075,jinan-telecom,wuhan-telecom,134.0381,0.0,icmp,1592068680,2020-06-13 17:18:00+00:00
139402304,jinan-telecom,wuhan-telecom,132.3453,0.0,icmp,1592068819,2020-06-13 17:20:19+00:00
139402539,jinan-telecom,wuhan-telecom,133.9789,0.0,icmp,1592068920,2020-06-13 17:22:00+00:00
139402768,jinan-telecom,wuhan-telecom,133.9849,0.0,icmp,1592069040,2020-06-13 17:24:00+00:00
139402993,jinan-telecom,wuhan-telecom,121.0303,0.0,icmp,1592069160,2020-06-13 17:26:00+00:00
139403234,jinan-telecom,wuhan-telecom,117.6595,0.0,icmp,1592069239,2020-06-13 17:27:19+00:00
139403444,jinan-telecom,wuhan-telecom,81.2672,0.0,icmp,1592069400,2020-06-13 17:30:00+00:00
139403672,jinan-telecom,wuhan-telecom,133.5785,1.0,icmp,1592069520,2020-06-13 17:32:00+00:00
139403921,jinan-telecom,wuhan-telecom,68.0434,0.0,icmp,1592069640,2020-06-13 17:34:00+00:00
139404140,jinan-telecom,wuhan-telecom,50.665,0.0,icmp,1592069760,2020-06-13 17:36:00+00:00
139404371,jinan-telecom,wuhan-telecom,48.4333,0.0,icmp,1592069880,2020-06-13 17:38:00+00:00
139404609,jinan-telecom,wuhan-telecom,52.1078,0.0,icmp,1592070000,2020-06-13 17:40:00+00:00
139404835,jinan-telecom,wuhan-telecom,52.1816,0.0,icmp,1592070120,2020-06-13 17:42:00+00:00
139405070,jinan-telecom,wuhan-telecom,51.0376,0.0,icmp,1592070240,2020-06-13 17:44:00+00:00
139405297,jinan-telecom,wuhan-telecom,41.9656,0.0,icmp,1592070319,2020-06-13 17:45:19+00:00
139405512,jinan-telecom,wuhan-telecom,40.5288,0.0,icmp,1592070439,2020-06-13 17:47:19+00:00
139405748,jinan-telecom,wuhan-telecom,49.0388,0.0,icmp,1592070600,2020-06-13 17:50:00+00:00
139405969,jinan-telecom,wuhan-telecom,48.2973,0.0,icmp,1592070720,2020-06-13 17:52:00+00:00
139406205,jinan-telecom,wuhan-telecom,48.4956,0.0,icmp,1592070840,2020-06-13 17:54:00+00:00
139406438,jinan-telecom,wuhan-telecom,46.6114,0.0,icmp,1592070960,2020-06-13 17:56:00+00:00
139406671,jinan-telecom,wuhan-telecom,48.3844,0.0,icmp,1592071080,2020-06-13 17:58:00+00:00
139406875,jinan-telecom,wuhan-telecom,47.2608,0.0,icmp,1592071200,2020-06-13 18:00:00+00:00
139407114,jinan-telecom,wuhan-telecom,47.8097,0.0,icmp,1592071320,2020-06-13 18:02:00+00:00
139407335,jinan-telecom,wuhan-telecom,39.5751,0.0,icmp,1592071399,2020-06-13 18:03:19+00:00
139407589,jinan-telecom,wuhan-telecom,50.0529,0.0,icmp,1592071560,2020-06-13 18:06:00+00:00
139407805,jinan-telecom,wuhan-telecom,39.5112,0.0,icmp,1592071639,2020-06-13 18:07:19+00:00
139408042,jinan-telecom,wuhan-telecom,46.3941,0.0,icmp,1592071800,2020-06-13 18:10:00+00:00
139408279,jinan-telecom,wuhan-telecom,45.7397,0.0,icmp,1592071920,2020-06-13 18:12:00+00:00
139408486,jinan-telecom,wuhan-telecom,46.978,0.0,icmp,1592072040,2020-06-13 18:14:00+00:00
139408722,jinan-telecom,wuhan-telecom,45.8589,0.0,icmp,1592072160,2020-06-13 18:16:00+00:00
139408961,jinan-telecom,wuhan-telecom,39.3411,0.0,icmp,1592072299,2020-06-13 18:18:19+00:00
139409177,jinan-telecom,wuhan-telecom,49.5665,0.0,icmp,1592072400,2020-06-13 18:20:00+00:00
139409418,jinan-telecom,wuhan-telecom,46.4301,0.0,icmp,1592072520,2020-06-13 18:22:00+00:00
139409649,jinan-telecom,wuhan-telecom,39.3971,0.0,icmp,1592072599,2020-06-13 18:23:19+00:00
139409863,jinan-telecom,wuhan-telecom,46.9219,0.0,icmp,1592072760,2020-06-13 18:26:00+00:00
139410127,jinan-telecom,wuhan-telecom,43.9608,0.0,icmp,1592072880,2020-06-13 18:28:00+00:00
139410336,jinan-telecom,wuhan-telecom,47.0313,0.0,icmp,1592073000,2020-06-13 18:30:00+00:00
139410545,jinan-telecom,wuhan-telecom,48.7807,0.0,icmp,1592073120,2020-06-13 18:32:00+00:00
139410780,jinan-telecom,wuhan-telecom,46.9022,0.0,icmp,1592073240,2020-06-13 18:34:00+00:00
139411007,jinan-telecom,wuhan-telecom,48.3039,0.0,icmp,1592073360,2020-06-13 18:36:00+00:00
139411240,jinan-telecom,wuhan-telecom,51.1205,0.0,icmp,1592073480,2020-06-13 18:38:00+00:00
139411478,jinan-telecom,wuhan-telecom,49.5352,0.0,icmp,1592073600,2020-06-13 18:40:00+00:00
139411692,jinan-telecom,wuhan-telecom,39.3404,0.0,icmp,1592073679,2020-06-13 18:41:19+00:00
139411949,jinan-telecom,wuhan-telecom,49.676,0.0,icmp,1592073840,2020-06-13 18:44:00+00:00
139412147,jinan-telecom,wuhan-telecom,46.1282,0.0,icmp,1592073960,2020-06-13 18:46:00+00:00
139412391,jinan-telecom,wuhan-telecom,48.1077,0.0,icmp,1592074080,2020-06-13 18:48:00+00:00
139412634,jinan-telecom,wuhan-telecom,39.614,0.0,icmp,1592074219,2020-06-13 18:50:19+00:00
139412843,jinan-telecom,wuhan-telecom,39.5,0.0,icmp,1592074339,2020-06-13 18:52:19+00:00
139413073,jinan-telecom,wuhan-telecom,46.5019,0.0,icmp,1592074440,2020-06-13 18:54:00+00:00
139413310,jinan-telecom,wuhan-telecom,46.2775,0.0,icmp,1592074560,2020-06-13 18:56:00+00:00
139413545,jinan-telecom,wuhan-telecom,48.4432,0.0,icmp,1592074680,2020-06-13 18:58:00+00:00
139413760,jinan-telecom,wuhan-telecom,48.9707,0.0,icmp,1592074800,2020-06-13 19:00:00+00:00
139413973,jinan-telecom,wuhan-telecom,39.4073,0.0,icmp,1592074925,2020-06-13 19:02:05+00:00
139414245,jinan-telecom,wuhan-telecom,46.1134,0.0,icmp,1592075040,2020-06-13 19:04:00+00:00
139414453,jinan-telecom,wuhan-telecom,47.1336,0.0,icmp,1592075160,2020-06-13 19:06:00+00:00
139414666,jinan-telecom,wuhan-telecom,46.6433,0.0,icmp,1592075280,2020-06-13 19:08:00+00:00
139414902,jinan-telecom,wuhan-telecom,45.7716,0.0,icmp,1592075400,2020-06-13 19:10:00+00:00
139415121,jinan-telecom,wuhan-telecom,48.4526,0.0,icmp,1592075520,2020-06-13 19:12:00+00:00
139415390,jinan-telecom,wuhan-telecom,47.8068,0.0,icmp,1592075640,2020-06-13 19:14:00+00:00
139415577,jinan-telecom,wuhan-telecom,39.455,0.0,icmp,1592075779,2020-06-13 19:16:19+00:00
139415819,jinan-telecom,wuhan-telecom,46.1962,0.0,icmp,1592075880,2020-06-13 19:18:00+00:00
139416042,jinan-telecom,wuhan-telecom,39.3399,0.0,icmp,1592076019,2020-06-13 19:20:19+00:00
139416295,jinan-telecom,wuhan-telecom,46.4851,0.0,icmp,1592076120,2020-06-13 19:22:00+00:00
139416509,jinan-telecom,wuhan-telecom,39.3286,0.0,icmp,1592076199,2020-06-13 19:23:19+00:00
139416727,jinan-telecom,wuhan-telecom,39.3616,0.0,icmp,1592076319,2020-06-13 19:25:19+00:00
139416961,jinan-telecom,wuhan-telecom,47.9062,0.0,icmp,1592076480,2020-06-13 19:28:00+00:00
139417198,jinan-telecom,wuhan-telecom,49.093,0.0,icmp,1592076600,2020-06-13 19:30:00+00:00
139417409,jinan-telecom,wuhan-telecom,47.9912,0.0,icmp,1592076720,2020-06-13 19:32:00+00:00
139417635,jinan-telecom,wuhan-telecom,47.1405,0.0,icmp,1592076840,2020-06-13 19:34:00+00:00
139417880,jinan-telecom,wuhan-telecom,48.354,0.0,icmp,1592076960,2020-06-13 19:36:00+00:00
139418120,jinan-telecom,wuhan-telecom,48.9145,0.0,icmp,1592077080,2020-06-13 19:38:00+00:00
139418333,jinan-telecom,wuhan-telecom,48.1976,0.0,icmp,1592077200,2020-06-13 19:40:00+00:00
139418581,jinan-telecom,wuhan-telecom,47.0799,0.0,icmp,1592077320,2020-06-13 19:42:00+00:00
139418806,jinan-telecom,wuhan-telecom,49.7964,0.0,icmp,1592077440,2020-06-13 19:44:00+00:00
139419036,jinan-telecom,wuhan-telecom,39.3812,0.0,icmp,1592077519,2020-06-13 19:45:19+00:00
139419266,jinan-telecom,wuhan-telecom,45.8253,0.0,icmp,1592077680,2020-06-13 19:48:00+00:00
139419482,jinan-telecom,wuhan-telecom,39.3568,0.0,icmp,1592077759,2020-06-13 19:49:19+00:00
139419705,jinan-telecom,wuhan-telecom,49.49,0.0,icmp,1592077920,2020-06-13 19:52:00+00:00
139419956,jinan-telecom,wuhan-telecom,39.3332,0.0,icmp,1592077999,2020-06-13 19:53:19+00:00
139420175,jinan-telecom,wuhan-telecom,46.7355,0.0,icmp,1592078160,2020-06-13 19:56:00+00:00
139420402,jinan-telecom,wuhan-telecom,46.9076,0.0,icmp,1592078225,2020-06-13 19:57:05+00:00
139420640,jinan-telecom,wuhan-telecom,49.632,1.0,icmp,1592078400,2020-06-13 20:00:00+00:00
139420871,jinan-telecom,wuhan-telecom,48.5777,0.0,icmp,1592078520,2020-06-13 20:02:00+00:00
139421082,jinan-telecom,wuhan-telecom,39.7426,0.0,icmp,1592078659,2020-06-13 20:04:19+00:00
139421301,jinan-telecom,wuhan-telecom,47.2994,0.0,icmp,1592078760,2020-06-13 20:06:00+00:00
139421545,jinan-telecom,wuhan-telecom,39.3379,0.0,icmp,1592078899,2020-06-13 20:08:19+00:00
139421761,jinan-telecom,wuhan-telecom,46.5401,0.0,icmp,1592079000,2020-06-13 20:10:00+00:00
139422005,jinan-telecom,wuhan-telecom,46.3627,0.0,icmp,1592079120,2020-06-13 20:12:00+00:00
139422219,jinan-telecom,wuhan-telecom,47.108,0.0,icmp,1592079240,2020-06-13 20:14:00+00:00
139422454,jinan-telecom,wuhan-telecom,48.2326,0.0,icmp,1592079360,2020-06-13 20:16:00+00:00
139422702,jinan-telecom,wuhan-telecom,39.3295,0.0,icmp,1592079499,2020-06-13 20:18:19+00:00
139422905,jinan-telecom,wuhan-telecom,39.321,0.0,icmp,1592079619,2020-06-13 20:20:19+00:00
139423148,jinan-telecom,wuhan-telecom,48.3227,0.0,icmp,1592079720,2020-06-13 20:22:00+00:00
139423380,jinan-telecom,wuhan-telecom,48.6891,0.0,icmp,1592079840,2020-06-13 20:24:00+00:00
139423630,jinan-telecom,wuhan-telecom,49.196,0.0,icmp,1592079960,2020-06-13 20:26:00+00:00
139423845,jinan-telecom,wuhan-telecom,48.381,0.0,icmp,1592080080,2020-06-13 20:28:00+00:00
139424052,jinan-telecom,wuhan-telecom,45.9282,0.0,icmp,1592080200,2020-06-13 20:30:00+00:00
139424297,jinan-telecom,wuhan-telecom,46.181,0.0,icmp,1592080320,2020-06-13 20:32:00+00:00
139424531,jinan-telecom,wuhan-telecom,47.4466,0.0,icmp,1592080440,2020-06-13 20:34:00+00:00
139424764,jinan-telecom,wuhan-telecom,39.5903,0.0,icmp,1592080519,2020-06-13 20:35:19+00:00
139424954,jinan-telecom,wuhan-telecom,39.3239,0.0,icmp,1592080639,2020-06-13 20:37:19+00:00
139425207,jinan-telecom,wuhan-telecom,39.314,0.0,icmp,1592080759,2020-06-13 20:39:19+00:00
139425428,jinan-telecom,wuhan-telecom,49.9675,0.0,icmp,1592080920,2020-06-13 20:42:00+00:00
139425676,jinan-telecom,wuhan-telecom,47.3003,0.0,icmp,1592081040,2020-06-13 20:44:00+00:00
139425898,jinan-telecom,wuhan-telecom,48.1049,0.0,icmp,1592081160,2020-06-13 20:46:00+00:00
139426139,jinan-telecom,wuhan-telecom,46.5267,0.0,icmp,1592081280,2020-06-13 20:48:00+00:00
139426361,jinan-telecom,wuhan-telecom,44.8652,0.0,icmp,1592081400,2020-06-13 20:50:00+00:00
139426581,jinan-telecom,wuhan-telecom,48.8833,0.0,icmp,1592081520,2020-06-13 20:52:00+00:00
139426803,jinan-telecom,wuhan-telecom,48.0175,0.0,icmp,1592081640,2020-06-13 20:54:00+00:00
139427036,jinan-telecom,wuhan-telecom,39.3548,0.0,icmp,1592081719,2020-06-13 20:55:19+00:00
139427277,jinan-telecom,wuhan-telecom,43.0987,0.0,icmp,1592081880,2020-06-13 20:58:00+00:00
139427503,jinan-telecom,wuhan-telecom,39.4806,0.0,icmp,1592082005,2020-06-13 21:00:05+00:00
139427734,jinan-telecom,wuhan-telecom,49.5077,0.0,icmp,1592082120,2020-06-13 21:02:00+00:00
139427958,jinan-telecom,wuhan-telecom,47.866,0.0,icmp,1592082240,2020-06-13 21:04:00+00:00
139428187,jinan-telecom,wuhan-telecom,39.4017,0.0,icmp,1592082379,2020-06-13 21:06:19+00:00
139428442,jinan-telecom,wuhan-telecom,42.7887,0.0,icmp,1592082480,2020-06-13 21:08:00+00:00
139428660,jinan-telecom,wuhan-telecom,47.3797,0.0,icmp,1592082600,2020-06-13 21:10:00+00:00
139428865,jinan-telecom,wuhan-telecom,44.3794,0.0,icmp,1592082720,2020-06-13 21:12:00+00:00
139429114,jinan-telecom,wuhan-telecom,39.2977,0.0,icmp,1592082799,2020-06-13 21:13:19+00:00
139429317,jinan-telecom,wuhan-telecom,39.334,0.0,icmp,1592082919,2020-06-13 21:15:19+00:00
139429543,jinan-telecom,wuhan-telecom,42.9512,0.0,icmp,1592083080,2020-06-13 21:18:00+00:00
139429781,jinan-telecom,wuhan-telecom,39.4303,0.0,icmp,1592083159,2020-06-13 21:19:19+00:00
139430008,jinan-telecom,wuhan-telecom,46.474,0.0,icmp,1592083320,2020-06-13 21:22:00+00:00
139430262,jinan-telecom,wuhan-telecom,39.4201,0.0,icmp,1592083459,2020-06-13 21:24:19+00:00
139430474,jinan-telecom,wuhan-telecom,47.578,0.0,icmp,1592083560,2020-06-13 21:26:00+00:00
139430695,jinan-telecom,wuhan-telecom,44.7845,0.0,icmp,1592083680,2020-06-13 21:28:00+00:00
139430929,jinan-telecom,wuhan-telecom,39.5404,0.0,icmp,1592083759,2020-06-13 21:29:19+00:00
139431156,jinan-telecom,wuhan-telecom,47.9347,0.0,icmp,1592083920,2020-06-13 21:32:00+00:00
139431385,jinan-telecom,wuhan-telecom,47.9046,0.0,icmp,1592084040,2020-06-13 21:34:00+00:00
139431603,jinan-telecom,wuhan-telecom,48.8326,0.0,icmp,1592084160,2020-06-13 21:36:00+00:00
139431837,jinan-telecom,wuhan-telecom,49.4346,0.0,icmp,1592084280,2020-06-13 21:38:00+00:00
139432093,jinan-telecom,wuhan-telecom,41.4692,0.0,icmp,1592084400,2020-06-13 21:40:00+00:00
139432317,jinan-telecom,wuhan-telecom,44.6735,0.0,icmp,1592084464,2020-06-13 21:41:04+00:00
139432515,jinan-telecom,wuhan-telecom,48.6017,0.0,icmp,1592084640,2020-06-13 21:44:00+00:00
139432756,jinan-telecom,wuhan-telecom,39.3317,0.0,icmp,1592084719,2020-06-13 21:45:19+00:00
139433000,jinan-telecom,wuhan-telecom,48.7159,0.0,icmp,1592084880,2020-06-13 21:48:00+00:00
139433219,jinan-telecom,wuhan-telecom,39.4115,0.0,icmp,1592084959,2020-06-13 21:49:19+00:00
139433463,jinan-telecom,wuhan-telecom,45.7734,0.0,icmp,1592085120,2020-06-13 21:52:00+00:00
139433675,jinan-telecom,wuhan-telecom,46.5889,0.0,icmp,1592085240,2020-06-13 21:54:00+00:00
139433910,jinan-telecom,wuhan-telecom,48.548,0.0,icmp,1592085360,2020-06-13 21:56:00+00:00
139434136,jinan-telecom,wuhan-telecom,49.1799,0.0,icmp,1592085480,2020-06-13 21:58:00+00:00
139434364,jinan-telecom,wuhan-telecom,46.9469,0.0,icmp,1592085600,2020-06-13 22:00:00+00:00
139434619,jinan-telecom,wuhan-telecom,45.9157,0.0,icmp,1592085720,2020-06-13 22:02:00+00:00
139434822,jinan-telecom,wuhan-telecom,49.491,0.0,icmp,1592085840,2020-06-13 22:04:00+00:00
139435053,jinan-telecom,wuhan-telecom,46.8715,0.0,icmp,1592085960,2020-06-13 22:06:00+00:00
139435271,jinan-telecom,wuhan-telecom,39.6991,0.0,icmp,1592086085,2020-06-13 22:08:05+00:00
139435496,jinan-telecom,wuhan-telecom,44.031,0.0,icmp,1592086200,2020-06-13 22:10:00+00:00
139435737,jinan-telecom,wuhan-telecom,45.2448,0.0,icmp,1592086320,2020-06-13 22:12:00+00:00
139435965,jinan-telecom,wuhan-telecom,48.387,0.0,icmp,1592086440,2020-06-13 22:14:00+00:00
139436198,jinan-telecom,wuhan-telecom,45.8119,0.0,icmp,1592086560,2020-06-13 22:16:00+00:00
139436424,jinan-telecom,wuhan-telecom,39.7533,0.0,icmp,1592086699,2020-06-13 22:18:19+00:00
139436655,jinan-telecom,wuhan-telecom,45.827,0.0,icmp,1592086800,2020-06-13 22:20:00+00:00
139436889,jinan-telecom,wuhan-telecom,43.0529,0.0,icmp,1592086865,2020-06-13 22:21:05+00:00
139437116,jinan-telecom,wuhan-telecom,47.1804,0.0,icmp,1592087040,2020-06-13 22:24:00+00:00
139437341,jinan-telecom,wuhan-telecom,39.4156,0.0,icmp,1592087104,2020-06-13 22:25:04+00:00
139437576,jinan-telecom,wuhan-telecom,42.1898,0.0,icmp,1592087280,2020-06-13 22:28:00+00:00
139437791,jinan-telecom,wuhan-telecom,39.37,0.0,icmp,1592087359,2020-06-13 22:29:19+00:00
139438033,jinan-telecom,wuhan-telecom,46.3092,0.0,icmp,1592087520,2020-06-13 22:32:00+00:00
139438263,jinan-telecom,wuhan-telecom,39.3222,0.0,icmp,1592087659,2020-06-13 22:34:19+00:00
139438510,jinan-telecom,wuhan-telecom,46.3967,0.0,icmp,1592087760,2020-06-13 22:36:00+00:00
139438723,jinan-telecom,wuhan-telecom,46.6696,0.0,icmp,1592087880,2020-06-13 22:38:00+00:00
139438939,jinan-telecom,wuhan-telecom,39.3462,0.0,icmp,1592087959,2020-06-13 22:39:19+00:00
139439166,jinan-telecom,wuhan-telecom,48.763,0.0,icmp,1592088120,2020-06-13 22:42:00+00:00
139439407,jinan-telecom,wuhan-telecom,46.7788,0.0,icmp,1592088240,2020-06-13 22:44:00+00:00
139439644,jinan-telecom,wuhan-telecom,45.8934,0.0,icmp,1592088360,2020-06-13 22:46:00+00:00
139439851,jinan-telecom,wuhan-telecom,46.2948,0.0,icmp,1592088480,2020-06-13 22:48:00+00:00
139440084,jinan-telecom,wuhan-telecom,47.3913,0.0,icmp,1592088600,2020-06-13 22:50:00+00:00
139440313,jinan-telecom,wuhan-telecom,39.5635,0.0,icmp,1592088679,2020-06-13 22:51:19+00:00
139440567,jinan-telecom,wuhan-telecom,47.0914,0.0,icmp,1592088840,2020-06-13 22:54:00+00:00
139440799,jinan-telecom,wuhan-telecom,45.9704,0.0,icmp,1592088960,2020-06-13 22:56:00+00:00
139441010,jinan-telecom,wuhan-telecom,49.0049,0.0,icmp,1592089080,2020-06-13 22:58:00+00:00
139441228,jinan-telecom,wuhan-telecom,44.063,0.0,icmp,1592089200,2020-06-13 23:00:00+00:00
139441461,jinan-telecom,wuhan-telecom,47.6401,0.0,icmp,1592089320,2020-06-13 23:02:00+00:00
139441701,jinan-telecom,wuhan-telecom,45.0237,0.0,icmp,1592089440,2020-06-13 23:04:00+00:00
139441921,jinan-telecom,wuhan-telecom,39.3659,0.0,icmp,1592089519,2020-06-13 23:05:19+00:00
139442157,jinan-telecom,wuhan-telecom,47.4293,0.0,icmp,1592089680,2020-06-13 23:08:00+00:00
139442390,jinan-telecom,wuhan-telecom,47.2479,0.0,icmp,1592089800,2020-06-13 23:10:00+00:00
139442648,jinan-telecom,wuhan-telecom,47.8914,0.0,icmp,1592089920,2020-06-13 23:12:00+00:00
139442847,jinan-telecom,wuhan-telecom,39.3078,0.0,icmp,1592090059,2020-06-13 23:14:19+00:00
139443078,jinan-telecom,wuhan-telecom,39.3257,0.0,icmp,1592090179,2020-06-13 23:16:19+00:00
139443305,jinan-telecom,wuhan-telecom,39.3282,0.0,icmp,1592090299,2020-06-13 23:18:19+00:00
139443513,jinan-telecom,wuhan-telecom,46.4291,0.0,icmp,1592090400,2020-06-13 23:20:00+00:00
139443753,jinan-telecom,wuhan-telecom,39.323,0.0,icmp,1592090479,2020-06-13 23:21:19+00:00
139443985,jinan-telecom,wuhan-telecom,46.8171,0.0,icmp,1592090640,2020-06-13 23:24:00+00:00
139444248,jinan-telecom,wuhan-telecom,39.4586,0.0,icmp,1592090779,2020-06-13 23:26:19+00:00
139444431,jinan-telecom,wuhan-telecom,46.572,0.0,icmp,1592090880,2020-06-13 23:28:00+00:00
139444657,jinan-telecom,wuhan-telecom,49.5191,0.0,icmp,1592091000,2020-06-13 23:30:00+00:00
139444908,jinan-telecom,wuhan-telecom,39.3348,0.0,icmp,1592091079,2020-06-13 23:31:19+00:00
139445143,jinan-telecom,wuhan-telecom,39.3032,0.0,icmp,1592091199,2020-06-13 23:33:19+00:00
139445378,jinan-telecom,wuhan-telecom,47.563,0.0,icmp,1592091360,2020-06-13 23:36:00+00:00
139445574,jinan-telecom,wuhan-telecom,39.5061,0.0,icmp,1592091439,2020-06-13 23:37:19+00:00
139445814,jinan-telecom,wuhan-telecom,40.0662,0.0,icmp,1592091600,2020-06-13 23:40:00+00:00
139446047,jinan-telecom,wuhan-telecom,39.3803,0.0,icmp,1592091679,2020-06-13 23:41:19+00:00
139446284,jinan-telecom,wuhan-telecom,45.3393,0.0,icmp,1592091840,2020-06-13 23:44:00+00:00
139446515,jinan-telecom,wuhan-telecom,47.3392,0.0,icmp,1592091960,2020-06-13 23:46:00+00:00
139446719,jinan-telecom,wuhan-telecom,48.9399,0.0,icmp,1592092080,2020-06-13 23:48:00+00:00
139446953,jinan-telecom,wuhan-telecom,49.6908,0.0,icmp,1592092200,2020-06-13 23:50:00+00:00
139447186,jinan-telecom,wuhan-telecom,47.787,0.0,icmp,1592092320,2020-06-13 23:52:00+00:00
139447408,jinan-telecom,wuhan-telecom,39.7295,0.0,icmp,1592092384,2020-06-13 23:53:04+00:00
139447655,jinan-telecom,wuhan-telecom,45.8831,0.0,icmp,1592092560,2020-06-13 23:56:00+00:00
139447864,jinan-telecom,wuhan-telecom,46.1295,0.0,icmp,1592092680,2020-06-13 23:58:00+00:00
139448104,jinan-telecom,wuhan-telecom,48.0963,0.0,icmp,1592092800,2020-06-14 00:00:00+00:00
139448327,jinan-telecom,wuhan-telecom,47.5953,0.0,icmp,1592092920,2020-06-14 00:02:00+00:00
139448577,jinan-telecom,wuhan-telecom,39.3181,0.0,icmp,1592092999,2020-06-14 00:03:19+00:00
139448805,jinan-telecom,wuhan-telecom,45.774,0.0,icmp,1592093160,2020-06-14 00:06:00+00:00
139449014,jinan-telecom,wuhan-telecom,47.6711,0.0,icmp,1592093280,2020-06-14 00:08:00+00:00
139449266,jinan-telecom,wuhan-telecom,45.4038,0.0,icmp,1592093400,2020-06-14 00:10:00+00:00
139449485,jinan-telecom,wuhan-telecom,48.0573,0.0,icmp,1592093520,2020-06-14 00:12:00+00:00
139449712,jinan-telecom,wuhan-telecom,39.6179,0.0,icmp,1592093659,2020-06-14 00:14:19+00:00
139449926,jinan-telecom,wuhan-telecom,49.7907,0.0,icmp,1592093760,2020-06-14 00:16:00+00:00
139450173,jinan-telecom,wuhan-telecom,40.9106,0.0,icmp,1592093880,2020-06-14 00:18:00+00:00
139450386,jinan-telecom,wuhan-telecom,47.4209,0.0,icmp,1592094000,2020-06-14 00:20:00+00:00
139450631,jinan-telecom,wuhan-telecom,50.1724,0.0,icmp,1592094120,2020-06-14 00:22:00+00:00
139450849,jinan-telecom,wuhan-telecom,49.3447,0.0,icmp,1592094240,2020-06-14 00:24:00+00:00
139451080,jinan-telecom,wuhan-telecom,46.1037,0.0,icmp,1592094360,2020-06-14 00:26:00+00:00
139451297,jinan-telecom,wuhan-telecom,41.1396,0.0,icmp,1592094480,2020-06-14 00:28:00+00:00
139451553,jinan-telecom,wuhan-telecom,39.4232,0.0,icmp,1592094559,2020-06-14 00:29:19+00:00
139451775,jinan-telecom,wuhan-telecom,46.7841,0.0,icmp,1592094720,2020-06-14 00:32:00+00:00
139452005,jinan-telecom,wuhan-telecom,39.4083,0.0,icmp,1592094799,2020-06-14 00:33:19+00:00
139452215,jinan-telecom,wuhan-telecom,48.0961,0.0,icmp,1592094960,2020-06-14 00:36:00+00:00
139452459,jinan-telecom,wuhan-telecom,47.4061,0.0,icmp,1592095080,2020-06-14 00:38:00+00:00
139452684,jinan-telecom,wuhan-telecom,39.541,0.0,icmp,1592095219,2020-06-14 00:40:19+00:00
139452906,jinan-telecom,wuhan-telecom,47.3,0.0,icmp,1592095320,2020-06-14 00:42:00+00:00
139453131,jinan-telecom,wuhan-telecom,45.9535,0.0,icmp,1592095440,2020-06-14 00:44:00+00:00
139453362,jinan-telecom,wuhan-telecom,46.608,0.0,icmp,1592095560,2020-06-14 00:46:00+00:00
139453604,jinan-telecom,wuhan-telecom,45.9587,0.0,icmp,1592095680,2020-06-14 00:48:00+00:00
139453836,jinan-telecom,wuhan-telecom,46.8405,0.0,icmp,1592095800,2020-06-14 00:50:00+00:00
139454056,jinan-telecom,wuhan-telecom,45.6354,0.0,icmp,1592095920,2020-06-14 00:52:00+00:00
139454277,jinan-telecom,wuhan-telecom,44.2083,0.0,icmp,1592096040,2020-06-14 00:54:00+00:00
139454507,jinan-telecom,wuhan-telecom,39.3407,0.0,icmp,1592096119,2020-06-14 00:55:19+00:00
139454742,jinan-telecom,wuhan-telecom,46.3924,0.0,icmp,1592096280,2020-06-14 00:58:00+00:00
139454946,jinan-telecom,wuhan-telecom,46.7238,0.0,icmp,1592096400,2020-06-14 01:00:00+00:00
139455193,jinan-telecom,wuhan-telecom,45.2934,0.0,icmp,1592096520,2020-06-14 01:02:00+00:00
139455426,jinan-telecom,wuhan-telecom,39.3624,0.0,icmp,1592096659,2020-06-14 01:04:19+00:00
139455654,jinan-telecom,wuhan-telecom,48.7495,0.0,icmp,1592096760,2020-06-14 01:06:00+00:00
139455870,jinan-telecom,wuhan-telecom,46.2678,0.0,icmp,1592096880,2020-06-14 01:08:00+00:00
139456102,jinan-telecom,wuhan-telecom,46.0591,0.0,icmp,1592097000,2020-06-14 01:10:00+00:00
139456332,jinan-telecom,wuhan-telecom,46.9729,0.0,icmp,1592097120,2020-06-14 01:12:00+00:00
139456558,jinan-telecom,wuhan-telecom,47.4271,0.0,icmp,1592097240,2020-06-14 01:14:00+00:00
139456812,jinan-telecom,wuhan-telecom,44.3071,0.0,icmp,1592097360,2020-06-14 01:16:00+00:00
139457025,jinan-telecom,wuhan-telecom,46.5307,0.0,icmp,1592097480,2020-06-14 01:18:00+00:00
139457255,jinan-telecom,wuhan-telecom,39.312,0.0,icmp,1592097619,2020-06-14 01:20:19+00:00
139457472,jinan-telecom,wuhan-telecom,47.372,0.0,icmp,1592097720,2020-06-14 01:22:00+00:00
139457696,jinan-telecom,wuhan-telecom,39.4551,0.0,icmp,1592097799,2020-06-14 01:23:19+00:00
139457931,jinan-telecom,wuhan-telecom,41.6651,0.0,icmp,1592097960,2020-06-14 01:26:00+00:00
139458182,jinan-telecom,wuhan-telecom,47.5655,0.0,icmp,1592098080,2020-06-14 01:28:00+00:00
139458398,jinan-telecom,wuhan-telecom,39.3252,0.0,icmp,1592098159,2020-06-14 01:29:19+00:00
139458612,jinan-telecom,wuhan-telecom,45.7403,0.0,icmp,1592098320,2020-06-14 01:32:00+00:00
139458842,jinan-telecom,wuhan-telecom,47.9689,0.0,icmp,1592098440,2020-06-14 01:34:00+00:00
139459078,jinan-telecom,wuhan-telecom,39.6372,0.0,icmp,1592098505,2020-06-14 01:35:05+00:00
139459300,jinan-telecom,wuhan-telecom,39.4523,0.0,icmp,1592098699,2020-06-14 01:38:19+00:00
139459541,jinan-telecom,wuhan-telecom,48.6627,0.0,icmp,1592098800,2020-06-14 01:40:00+00:00
139459776,jinan-telecom,wuhan-telecom,46.8023,0.0,icmp,1592098920,2020-06-14 01:42:00+00:00
139459977,jinan-telecom,wuhan-telecom,47.0846,0.0,icmp,1592099040,2020-06-14 01:44:00+00:00
139460210,jinan-telecom,wuhan-telecom,40.7897,0.0,icmp,1592099160,2020-06-14 01:46:00+00:00
139460446,jinan-telecom,wuhan-telecom,39.3637,0.0,icmp,1592099239,2020-06-14 01:47:19+00:00
139460670,jinan-telecom,wuhan-telecom,39.7095,0.0,icmp,1592099359,2020-06-14 01:49:19+00:00
139460913,jinan-telecom,wuhan-telecom,50.1782,0.0,icmp,1592099520,2020-06-14 01:52:00+00:00
139461130,jinan-telecom,wuhan-telecom,46.2807,0.0,icmp,1592099640,2020-06-14 01:54:00+00:00
139461343,jinan-telecom,wuhan-telecom,39.3539,0.0,icmp,1592099719,2020-06-14 01:55:19+00:00
139461587,jinan-telecom,wuhan-telecom,47.9755,0.0,icmp,1592099880,2020-06-14 01:58:00+00:00
139461834,jinan-telecom,wuhan-telecom,46.3091,0.0,icmp,1592100000,2020-06-14 02:00:00+00:00
139462077,jinan-telecom,wuhan-telecom,46.6527,0.0,icmp,1592100120,2020-06-14 02:02:00+00:00
139462298,jinan-telecom,wuhan-telecom,47.1212,0.0,icmp,1592100240,2020-06-14 02:04:00+00:00
139462522,jinan-telecom,wuhan-telecom,48.1258,0.0,icmp,1592100360,2020-06-14 02:06:00+00:00
139462752,jinan-telecom,wuhan-telecom,46.5385,0.0,icmp,1592100480,2020-06-14 02:08:00+00:00
139462996,jinan-telecom,wuhan-telecom,48.1166,0.0,icmp,1592100600,2020-06-14 02:10:00+00:00
139463225,jinan-telecom,wuhan-telecom,39.8003,0.0,icmp,1592100679,2020-06-14 02:11:19+00:00
139463464,jinan-telecom,wuhan-telecom,46.2198,0.0,icmp,1592100840,2020-06-14 02:14:00+00:00
139463698,jinan-telecom,wuhan-telecom,39.6184,0.0,icmp,1592100960,2020-06-14 02:16:00+00:00
139463922,jinan-telecom,wuhan-telecom,45.8889,0.0,icmp,1592101080,2020-06-14 02:18:00+00:00
139464135,jinan-telecom,wuhan-telecom,46.6305,0.0,icmp,1592101200,2020-06-14 02:20:00+00:00
139464356,jinan-telecom,wuhan-telecom,48.0853,0.0,icmp,1592101320,2020-06-14 02:22:00+00:00
139464606,jinan-telecom,wuhan-telecom,43.0379,0.0,icmp,1592101440,2020-06-14 02:24:00+00:00
139464821,jinan-telecom,wuhan-telecom,44.7513,0.0,icmp,1592101560,2020-06-14 02:26:00+00:00
139465045,jinan-telecom,wuhan-telecom,47.2513,0.0,icmp,1592101680,2020-06-14 02:28:00+00:00
139465276,jinan-telecom,wuhan-telecom,39.3679,0.0,icmp,1592101819,2020-06-14 02:30:19+00:00
139465539,jinan-telecom,wuhan-telecom,48.6872,0.0,icmp,1592101920,2020-06-14 02:32:00+00:00
139465739,jinan-telecom,wuhan-telecom,41.6265,0.0,icmp,1592102040,2020-06-14 02:34:00+00:00
139465968,jinan-telecom,wuhan-telecom,39.4607,0.0,icmp,1592102179,2020-06-14 02:36:19+00:00
139466216,jinan-telecom,wuhan-telecom,45.9381,0.0,icmp,1592102280,2020-06-14 02:38:00+00:00
139466427,jinan-telecom,wuhan-telecom,48.5874,0.0,icmp,1592102400,2020-06-14 02:40:00+00:00
139466660,jinan-telecom,wuhan-telecom,39.6439,0.0,icmp,1592102479,2020-06-14 02:41:19+00:00
139466896,jinan-telecom,wuhan-telecom,48.4722,0.0,icmp,1592102640,2020-06-14 02:44:00+00:00
139467134,jinan-telecom,wuhan-telecom,39.5993,1.0,icmp,1592102719,2020-06-14 02:45:19+00:00
139467334,jinan-telecom,wuhan-telecom,39.8401,0.0,icmp,1592102839,2020-06-14 02:47:19+00:00
139467575,jinan-telecom,wuhan-telecom,45.8066,0.0,icmp,1592103000,2020-06-14 02:50:00+00:00
139467801,jinan-telecom,wuhan-telecom,45.8646,0.0,icmp,1592103120,2020-06-14 02:52:00+00:00
139468020,jinan-telecom,wuhan-telecom,47.367,2.0,icmp,1592103240,2020-06-14 02:54:00+00:00
139468246,jinan-telecom,wuhan-telecom,39.4098,1.0,icmp,1592103319,2020-06-14 02:55:19+00:00
139468484,jinan-telecom,wuhan-telecom,50.1483,0.0,icmp,1592103480,2020-06-14 02:58:00+00:00
139468723,jinan-telecom,wuhan-telecom,39.4183,0.0,icmp,1592103559,2020-06-14 02:59:19+00:00
139468966,jinan-telecom,wuhan-telecom,44.3043,0.0,icmp,1592103720,2020-06-14 03:02:00+00:00
139469177,jinan-telecom,wuhan-telecom,47.4513,0.0,icmp,1592103840,2020-06-14 03:04:00+00:00
139469379,jinan-telecom,wuhan-telecom,48.6303,0.0,icmp,1592103960,2020-06-14 03:06:00+00:00
139469623,jinan-telecom,wuhan-telecom,48.0048,0.0,icmp,1592104080,2020-06-14 03:08:00+00:00
139469864,jinan-telecom,wuhan-telecom,47.7192,0.0,icmp,1592104200,2020-06-14 03:10:00+00:00
139470063,jinan-telecom,wuhan-telecom,39.6949,1.0,icmp,1592104339,2020-06-14 03:12:19+00:00
139470313,jinan-telecom,wuhan-telecom,39.5469,0.0,icmp,1592104445,2020-06-14 03:14:05+00:00
139470543,jinan-telecom,wuhan-telecom,47.0957,1.0,icmp,1592104560,2020-06-14 03:16:00+00:00
139470761,jinan-telecom,wuhan-telecom,46.524,1.0,icmp,1592104680,2020-06-14 03:18:00+00:00
139471004,jinan-telecom,wuhan-telecom,41.7025,0.0,icmp,1592104800,2020-06-14 03:20:00+00:00
139471246,jinan-telecom,wuhan-telecom,47.5898,0.0,icmp,1592104920,2020-06-14 03:22:00+00:00
139471482,jinan-telecom,wuhan-telecom,46.3521,0.0,icmp,1592105040,2020-06-14 03:24:00+00:00
139471698,jinan-telecom,wuhan-telecom,45.9945,0.0,icmp,1592105160,2020-06-14 03:26:00+00:00
139471921,jinan-telecom,wuhan-telecom,39.4309,0.0,icmp,1592105299,2020-06-14 03:28:19+00:00
139472140,jinan-telecom,wuhan-telecom,46.7763,0.0,icmp,1592105400,2020-06-14 03:30:00+00:00
139472392,jinan-telecom,wuhan-telecom,47.8305,0.0,icmp,1592105520,2020-06-14 03:32:00+00:00
139472609,jinan-telecom,wuhan-telecom,49.1989,0.0,icmp,1592105640,2020-06-14 03:34:00+00:00
139472825,jinan-telecom,wuhan-telecom,47.1716,0.0,icmp,1592105760,2020-06-14 03:36:00+00:00
139473078,jinan-telecom,wuhan-telecom,49.2498,0.0,icmp,1592105880,2020-06-14 03:38:00+00:00
139473309,jinan-telecom,wuhan-telecom,47.3587,0.0,icmp,1592106000,2020-06-14 03:40:00+00:00
139473497,jinan-telecom,wuhan-telecom,45.8686,0.0,icmp,1592106120,2020-06-14 03:42:00+00:00
139473741,jinan-telecom,wuhan-telecom,46.113,0.0,icmp,1592106240,2020-06-14 03:44:00+00:00
139473973,jinan-telecom,wuhan-telecom,43.6956,1.0,icmp,1592106360,2020-06-14 03:46:00+00:00
139474210,jinan-telecom,wuhan-telecom,47.0246,1.0,icmp,1592106480,2020-06-14 03:48:00+00:00
139474425,jinan-telecom,wuhan-telecom,45.8485,0.0,icmp,1592106600,2020-06-14 03:50:00+00:00
139474667,jinan-telecom,wuhan-telecom,47.4092,0.0,icmp,1592106720,2020-06-14 03:52:00+00:00
139474894,jinan-telecom,wuhan-telecom,47.3727,0.0,icmp,1592106840,2020-06-14 03:54:00+00:00
139475157,jinan-telecom,wuhan-telecom,46.4097,1.0,icmp,1592106960,2020-06-14 03:56:00+00:00
139475370,jinan-telecom,wuhan-telecom,39.6789,0.0,icmp,1592107039,2020-06-14 03:57:19+00:00
139475616,jinan-telecom,wuhan-telecom,47.9734,0.0,icmp,1592107200,2020-06-14 04:00:00+00:00
139475819,jinan-telecom,wuhan-telecom,43.6916,0.0,icmp,1592107320,2020-06-14 04:02:00+00:00
139476064,jinan-telecom,wuhan-telecom,41.0117,1.0,icmp,1592107440,2020-06-14 04:04:00+00:00
139476268,jinan-telecom,wuhan-telecom,50.5598,2.0,icmp,1592107560,2020-06-14 04:06:00+00:00
139476516,jinan-telecom,wuhan-telecom,46.9534,0.0,icmp,1592107680,2020-06-14 04:08:00+00:00
139476739,jinan-telecom,wuhan-telecom,46.2123,0.0,icmp,1592107800,2020-06-14 04:10:00+00:00
139476951,jinan-telecom,wuhan-telecom,40.4523,1.0,icmp,1592107920,2020-06-14 04:12:00+00:00
139477174,jinan-telecom,wuhan-telecom,46.7009,0.0,icmp,1592108040,2020-06-14 04:14:00+00:00
139477411,jinan-telecom,wuhan-telecom,46.7625,0.0,icmp,1592108160,2020-06-14 04:16:00+00:00
139477660,jinan-telecom,wuhan-telecom,47.0438,0.0,icmp,1592108280,2020-06-14 04:18:00+00:00
139477890,jinan-telecom,wuhan-telecom,39.4929,0.0,icmp,1592108344,2020-06-14 04:19:04+00:00
139478110,jinan-telecom,wuhan-telecom,47.6802,0.0,icmp,1592108520,2020-06-14 04:22:00+00:00
139478329,jinan-telecom,wuhan-telecom,47.8164,0.0,icmp,1592108640,2020-06-14 04:24:00+00:00
139478562,jinan-telecom,wuhan-telecom,46.1907,0.0,icmp,1592108760,2020-06-14 04:26:00+00:00
139478790,jinan-telecom,wuhan-telecom,46.8685,1.0,icmp,1592108880,2020-06-14 04:28:00+00:00
139479025,jinan-telecom,wuhan-telecom,47.6881,0.0,icmp,1592109000,2020-06-14 04:30:00+00:00
139479241,jinan-telecom,wuhan-telecom,48.9149,0.0,icmp,1592109120,2020-06-14 04:32:00+00:00
139479493,jinan-telecom,wuhan-telecom,47.8211,1.0,icmp,1592109240,2020-06-14 04:34:00+00:00
139479718,jinan-telecom,wuhan-telecom,46.3594,0.0,icmp,1592109360,2020-06-14 04:36:00+00:00
139479941,jinan-telecom,wuhan-telecom,47.1122,2.0,icmp,1592109480,2020-06-14 04:38:00+00:00
139480174,jinan-telecom,wuhan-telecom,46.6438,0.0,icmp,1592109600,2020-06-14 04:40:00+00:00
139480388,jinan-telecom,wuhan-telecom,39.3892,0.0,icmp,1592109679,2020-06-14 04:41:19+00:00
139480615,jinan-telecom,wuhan-telecom,40.9506,0.0,icmp,1592109841,2020-06-14 04:44:01+00:00
139480856,jinan-telecom,wuhan-telecom,41.0194,0.0,icmp,1592109960,2020-06-14 04:46:00+00:00
139481074,jinan-telecom,wuhan-telecom,47.7202,2.0,icmp,1592110080,2020-06-14 04:48:00+00:00
139481325,jinan-telecom,wuhan-telecom,39.4344,0.0,icmp,1592110219,2020-06-14 04:50:19+00:00
139481551,jinan-telecom,wuhan-telecom,45.9231,0.0,icmp,1592110320,2020-06-14 04:52:00+00:00
139481781,jinan-telecom,wuhan-telecom,39.6246,0.0,icmp,1592110459,2020-06-14 04:54:19+00:00
139482008,jinan-telecom,wuhan-telecom,47.4757,0.0,icmp,1592110560,2020-06-14 04:56:00+00:00
139482215,jinan-telecom,wuhan-telecom,46.5648,0.0,icmp,1592110680,2020-06-14 04:58:00+00:00
139482442,jinan-telecom,wuhan-telecom,47.7043,0.0,icmp,1592110800,2020-06-14 05:00:00+00:00
139482686,jinan-telecom,wuhan-telecom,39.5328,0.0,icmp,1592110939,2020-06-14 05:02:19+00:00
139482899,jinan-telecom,wuhan-telecom,47.6276,0.0,icmp,1592111040,2020-06-14 05:04:00+00:00
139483143,jinan-telecom,wuhan-telecom,47.5987,0.0,icmp,1592111160,2020-06-14 05:06:00+00:00
139483375,jinan-telecom,wuhan-telecom,48.4198,0.0,icmp,1592111280,2020-06-14 05:08:00+00:00
139483608,jinan-telecom,wuhan-telecom,46.3116,1.0,icmp,1592111400,2020-06-14 05:10:00+00:00
139483823,jinan-telecom,wuhan-telecom,47.7657,0.0,icmp,1592111520,2020-06-14 05:12:00+00:00
139484062,jinan-telecom,wuhan-telecom,48.2757,0.0,icmp,1592111640,2020-06-14 05:14:00+00:00
139484285,jinan-telecom,wuhan-telecom,39.6254,0.0,icmp,1592111779,2020-06-14 05:16:19+00:00
139484528,jinan-telecom,wuhan-telecom,46.8416,0.0,icmp,1592111880,2020-06-14 05:18:00+00:00
139484751,jinan-telecom,wuhan-telecom,45.4868,1.0,icmp,1592112000,2020-06-14 05:20:00+00:00
139484964,jinan-telecom,wuhan-telecom,39.4695,0.0,icmp,1592112079,2020-06-14 05:21:19+00:00
139485231,jinan-telecom,wuhan-telecom,46.4083,0.0,icmp,1592112240,2020-06-14 05:24:00+00:00
139485444,jinan-telecom,wuhan-telecom,44.4418,1.0,icmp,1592112360,2020-06-14 05:26:00+00:00
139485674,jinan-telecom,wuhan-telecom,44.3315,0.0,icmp,1592112480,2020-06-14 05:28:00+00:00
139485893,jinan-telecom,wuhan-telecom,47.7233,1.0,icmp,1592112600,2020-06-14 05:30:00+00:00
139486132,jinan-telecom,wuhan-telecom,45.9262,1.0,icmp,1592112720,2020-06-14 05:32:00+00:00
139486368,jinan-telecom,wuhan-telecom,46.048,1.0,icmp,1592112840,2020-06-14 05:34:00+00:00
139486576,jinan-telecom,wuhan-telecom,46.7003,0.0,icmp,1592112960,2020-06-14 05:36:00+00:00
139486791,jinan-telecom,wuhan-telecom,49.277,0.0,icmp,1592113080,2020-06-14 05:38:00+00:00
139487042,jinan-telecom,wuhan-telecom,39.6748,0.0,icmp,1592113159,2020-06-14 05:39:19+00:00
139487278,jinan-telecom,wuhan-telecom,39.623,0.0,icmp,1592113339,2020-06-14 05:42:19+00:00
139487506,jinan-telecom,wuhan-telecom,47.5021,0.0,icmp,1592113440,2020-06-14 05:44:00+00:00
139487712,jinan-telecom,wuhan-telecom,47.6825,0.0,icmp,1592113560,2020-06-14 05:46:00+00:00
139487953,jinan-telecom,wuhan-telecom,46.0845,0.0,icmp,1592113680,2020-06-14 05:48:00+00:00
139488173,jinan-telecom,wuhan-telecom,39.4933,1.0,icmp,1592113759,2020-06-14 05:49:19+00:00
139488411,jinan-telecom,wuhan-telecom,45.9766,0.0,icmp,1592113920,2020-06-14 05:52:00+00:00
139488633,jinan-telecom,wuhan-telecom,45.5648,0.0,icmp,1592114040,2020-06-14 05:54:00+00:00
139488874,jinan-telecom,wuhan-telecom,39.5255,0.0,icmp,1592114179,2020-06-14 05:56:19+00:00
139489094,jinan-telecom,wuhan-telecom,45.4936,2.0,icmp,1592114280,2020-06-14 05:58:00+00:00
139489320,jinan-telecom,wuhan-telecom,48.3757,0.0,icmp,1592114400,2020-06-14 06:00:00+00:00
139489583,jinan-telecom,wuhan-telecom,39.4828,0.0,icmp,1592114539,2020-06-14 06:02:19+00:00
139489774,jinan-telecom,wuhan-telecom,39.4533,0.0,icmp,1592114659,2020-06-14 06:04:19+00:00
139490018,jinan-telecom,wuhan-telecom,47.4743,0.0,icmp,1592114760,2020-06-14 06:06:00+00:00
139490240,jinan-telecom,wuhan-telecom,40.9159,0.0,icmp,1592114880,2020-06-14 06:08:00+00:00
139490471,jinan-telecom,wuhan-telecom,39.5999,0.0,icmp,1592115019,2020-06-14 06:10:19+00:00
139490714,jinan-telecom,wuhan-telecom,47.823,0.0,icmp,1592115120,2020-06-14 06:12:00+00:00
139490915,jinan-telecom,wuhan-telecom,47.7373,0.0,icmp,1592115240,2020-06-14 06:14:00+00:00
139491156,jinan-telecom,wuhan-telecom,46.1839,0.0,icmp,1592115360,2020-06-14 06:16:00+00:00
139491381,jinan-telecom,wuhan-telecom,45.801,0.0,icmp,1592115480,2020-06-14 06:18:00+00:00
139491629,jinan-telecom,wuhan-telecom,47.3183,1.0,icmp,1592115600,2020-06-14 06:20:00+00:00
139491849,jinan-telecom,wuhan-telecom,46.6378,1.0,icmp,1592115720,2020-06-14 06:22:00+00:00
143486436,jinan-telecom,wuhan-telecom,31.152,0.0,icmp,1592239399,2020-06-15 16:43:19+00:00
143486664,jinan-telecom,wuhan-telecom,36.4271,0.0,icmp,1592239500,2020-06-15 16:45:00+00:00
143486890,jinan-telecom,wuhan-telecom,31.2379,0.0,icmp,1592239639,2020-06-15 16:47:19+00:00
143487137,jinan-telecom,wuhan-telecom,40.3998,0.0,icmp,1592239740,2020-06-15 16:49:00+00:00
143487372,jinan-telecom,wuhan-telecom,38.5008,0.0,icmp,1592239860,2020-06-15 16:51:00+00:00
143487607,jinan-telecom,wuhan-telecom,43.2987,0.0,icmp,1592239980,2020-06-15 16:53:00+00:00
143487829,jinan-telecom,wuhan-telecom,39.4612,0.0,icmp,1592240100,2020-06-15 16:55:00+00:00
143488049,jinan-telecom,wuhan-telecom,40.8173,0.0,icmp,1592240220,2020-06-15 16:57:00+00:00
143488279,jinan-telecom,wuhan-telecom,34.2842,0.0,icmp,1592240340,2020-06-15 16:59:00+00:00
143488492,jinan-telecom,wuhan-telecom,41.3743,0.0,icmp,1592240460,2020-06-15 17:01:00+00:00
143488736,jinan-telecom,wuhan-telecom,41.8551,0.0,icmp,1592240580,2020-06-15 17:03:00+00:00
143488954,jinan-telecom,wuhan-telecom,40.806,0.0,icmp,1592240700,2020-06-15 17:05:00+00:00
143489215,jinan-telecom,wuhan-telecom,39.3862,0.0,icmp,1592240820,2020-06-15 17:07:00+00:00
143489431,jinan-telecom,wuhan-telecom,41.843,0.0,icmp,1592240940,2020-06-15 17:09:00+00:00
143489648,jinan-telecom,wuhan-telecom,35.9593,0.0,icmp,1592241060,2020-06-15 17:11:00+00:00
143489890,jinan-telecom,wuhan-telecom,41.0064,0.0,icmp,1592241180,2020-06-15 17:13:00+00:00
143490102,jinan-telecom,wuhan-telecom,37.8382,0.0,icmp,1592241300,2020-06-15 17:15:00+00:00
143490332,jinan-telecom,wuhan-telecom,41.7862,0.0,icmp,1592241420,2020-06-15 17:17:00+00:00
143490569,jinan-telecom,wuhan-telecom,42.2403,0.0,icmp,1592241540,2020-06-15 17:19:00+00:00
143490787,jinan-telecom,wuhan-telecom,40.4076,0.0,icmp,1592241660,2020-06-15 17:21:00+00:00
143491018,jinan-telecom,wuhan-telecom,39.5393,0.0,icmp,1592241780,2020-06-15 17:23:00+00:00
143491252,jinan-telecom,wuhan-telecom,39.7816,0.0,icmp,1592241900,2020-06-15 17:25:00+00:00
143491478,jinan-telecom,wuhan-telecom,33.1538,0.0,icmp,1592242020,2020-06-15 17:27:00+00:00
143491724,jinan-telecom,wuhan-telecom,41.0953,0.0,icmp,1592242140,2020-06-15 17:29:00+00:00
143491943,jinan-telecom,wuhan-telecom,40.6441,0.0,icmp,1592242260,2020-06-15 17:31:00+00:00
143492160,jinan-telecom,wuhan-telecom,41.4854,0.0,icmp,1592242380,2020-06-15 17:33:00+00:00
143492403,jinan-telecom,wuhan-telecom,31.131,0.0,icmp,1592242459,2020-06-15 17:34:19+00:00
143492612,jinan-telecom,wuhan-telecom,33.3118,0.0,icmp,1592242620,2020-06-15 17:37:00+00:00
143492855,jinan-telecom,wuhan-telecom,31.4101,0.0,icmp,1592242699,2020-06-15 17:38:19+00:00
143493093,jinan-telecom,wuhan-telecom,38.5949,0.0,icmp,1592242860,2020-06-15 17:41:00+00:00
143493314,jinan-telecom,wuhan-telecom,40.6719,0.0,icmp,1592242980,2020-06-15 17:43:00+00:00
143493529,jinan-telecom,wuhan-telecom,31.1819,0.0,icmp,1592243119,2020-06-15 17:45:19+00:00
143493784,jinan-telecom,wuhan-telecom,41.1604,0.0,icmp,1592243220,2020-06-15 17:47:00+00:00
143493992,jinan-telecom,wuhan-telecom,41.5865,0.0,icmp,1592243340,2020-06-15 17:49:00+00:00
143494238,jinan-telecom,wuhan-telecom,31.1801,0.0,icmp,1592243419,2020-06-15 17:50:19+00:00
143494465,jinan-telecom,wuhan-telecom,41.2418,0.0,icmp,1592243580,2020-06-15 17:53:00+00:00
143494676,jinan-telecom,wuhan-telecom,40.5274,0.0,icmp,1592243700,2020-06-15 17:55:00+00:00
143494918,jinan-telecom,wuhan-telecom,39.8279,0.0,icmp,1592243820,2020-06-15 17:57:00+00:00
143495133,jinan-telecom,wuhan-telecom,30.9787,0.0,icmp,1592243959,2020-06-15 17:59:19+00:00
143495380,jinan-telecom,wuhan-telecom,37.7432,0.0,icmp,1592244060,2020-06-15 18:01:00+00:00
143495609,jinan-telecom,wuhan-telecom,39.1776,0.0,icmp,1592244180,2020-06-15 18:03:00+00:00
143495829,jinan-telecom,wuhan-telecom,40.9158,0.0,icmp,1592244300,2020-06-15 18:05:00+00:00
143496052,jinan-telecom,wuhan-telecom,40.1512,0.0,icmp,1592244420,2020-06-15 18:07:00+00:00
143496289,jinan-telecom,wuhan-telecom,37.9325,0.0,icmp,1592244540,2020-06-15 18:09:00+00:00
143496523,jinan-telecom,wuhan-telecom,39.9302,0.0,icmp,1592244660,2020-06-15 18:11:00+00:00
143496743,jinan-telecom,wuhan-telecom,31.2134,0.0,icmp,1592244799,2020-06-15 18:13:19+00:00
143496979,jinan-telecom,wuhan-telecom,33.626,0.0,icmp,1592244900,2020-06-15 18:15:00+00:00
143497195,jinan-telecom,wuhan-telecom,40.0184,0.0,icmp,1592245020,2020-06-15 18:17:00+00:00
143497428,jinan-telecom,wuhan-telecom,40.2908,0.0,icmp,1592245140,2020-06-15 18:19:00+00:00
143497664,jinan-telecom,wuhan-telecom,41.359,0.0,icmp,1592245260,2020-06-15 18:21:00+00:00
143497887,jinan-telecom,wuhan-telecom,30.935,0.0,icmp,1592245399,2020-06-15 18:23:19+00:00
143498110,jinan-telecom,wuhan-telecom,44.0369,0.0,icmp,1592245500,2020-06-15 18:25:00+00:00
143498367,jinan-telecom,wuhan-telecom,42.426,0.0,icmp,1592245620,2020-06-15 18:27:00+00:00
143498569,jinan-telecom,wuhan-telecom,31.099,0.0,icmp,1592245759,2020-06-15 18:29:19+00:00
143498797,jinan-telecom,wuhan-telecom,41.0975,0.0,icmp,1592245860,2020-06-15 18:31:00+00:00
143499027,jinan-telecom,wuhan-telecom,31.0682,0.0,icmp,1592245939,2020-06-15 18:32:19+00:00
143499266,jinan-telecom,wuhan-telecom,31.1353,0.0,icmp,1592246119,2020-06-15 18:35:19+00:00
143499500,jinan-telecom,wuhan-telecom,40.2488,0.0,icmp,1592246220,2020-06-15 18:37:00+00:00
143499712,jinan-telecom,wuhan-telecom,30.8843,0.0,icmp,1592246359,2020-06-15 18:39:19+00:00
143499967,jinan-telecom,wuhan-telecom,35.9867,0.0,icmp,1592246460,2020-06-15 18:41:00+00:00
143500196,jinan-telecom,wuhan-telecom,38.6083,0.0,icmp,1592246580,2020-06-15 18:43:00+00:00
143500419,jinan-telecom,wuhan-telecom,34.0896,0.0,icmp,1592246700,2020-06-15 18:45:00+00:00
143500655,jinan-telecom,wuhan-telecom,37.5576,0.0,icmp,1592246820,2020-06-15 18:47:00+00:00
143500865,jinan-telecom,wuhan-telecom,41.1084,0.0,icmp,1592246940,2020-06-15 18:49:00+00:00
143501112,jinan-telecom,wuhan-telecom,41.3391,0.0,icmp,1592247060,2020-06-15 18:51:00+00:00
143501320,jinan-telecom,wuhan-telecom,39.5606,0.0,icmp,1592247139,2020-06-15 18:52:19+00:00
143501551,jinan-telecom,wuhan-telecom,47.2814,0.0,icmp,1592247300,2020-06-15 18:55:00+00:00
143501779,jinan-telecom,wuhan-telecom,44.5752,0.0,icmp,1592247420,2020-06-15 18:57:00+00:00
143502022,jinan-telecom,wuhan-telecom,46.2191,0.0,icmp,1592247540,2020-06-15 18:59:00+00:00
143502247,jinan-telecom,wuhan-telecom,47.3252,0.0,icmp,1592247660,2020-06-15 19:01:00+00:00
143502470,jinan-telecom,wuhan-telecom,46.5871,0.0,icmp,1592247780,2020-06-15 19:03:00+00:00
143502698,jinan-telecom,wuhan-telecom,40.4471,0.0,icmp,1592247900,2020-06-15 19:05:00+00:00
143502933,jinan-telecom,wuhan-telecom,46.2448,0.0,icmp,1592248020,2020-06-15 19:07:00+00:00
143503146,jinan-telecom,wuhan-telecom,48.0008,0.0,icmp,1592248140,2020-06-15 19:09:00+00:00
143503376,jinan-telecom,wuhan-telecom,39.7409,0.0,icmp,1592248279,2020-06-15 19:11:19+00:00
143503629,jinan-telecom,wuhan-telecom,45.8099,0.0,icmp,1592248380,2020-06-15 19:13:00+00:00
143503853,jinan-telecom,wuhan-telecom,47.8265,0.0,icmp,1592248500,2020-06-15 19:15:00+00:00
143504068,jinan-telecom,wuhan-telecom,39.3629,0.0,icmp,1592248639,2020-06-15 19:17:19+00:00
143504292,jinan-telecom,wuhan-telecom,47.1133,0.0,icmp,1592248740,2020-06-15 19:19:00+00:00
143504529,jinan-telecom,wuhan-telecom,45.6093,0.0,icmp,1592248860,2020-06-15 19:21:00+00:00
143504770,jinan-telecom,wuhan-telecom,39.3265,0.0,icmp,1592248999,2020-06-15 19:23:19+00:00
143504996,jinan-telecom,wuhan-telecom,48.4299,0.0,icmp,1592249100,2020-06-15 19:25:00+00:00
143505221,jinan-telecom,wuhan-telecom,39.488,0.0,icmp,1592249179,2020-06-15 19:26:19+00:00
143505436,jinan-telecom,wuhan-telecom,50.216,0.0,icmp,1592249340,2020-06-15 19:29:00+00:00
143505691,jinan-telecom,wuhan-telecom,45.177,0.0,icmp,1592249460,2020-06-15 19:31:00+00:00
143505917,jinan-telecom,wuhan-telecom,47.402,0.0,icmp,1592249580,2020-06-15 19:33:00+00:00
143506142,jinan-telecom,wuhan-telecom,49.1066,0.0,icmp,1592249700,2020-06-15 19:35:00+00:00
143506381,jinan-telecom,wuhan-telecom,46.4258,0.0,icmp,1592249820,2020-06-15 19:37:00+00:00
143506583,jinan-telecom,wuhan-telecom,47.6148,0.0,icmp,1592249940,2020-06-15 19:39:00+00:00
143506815,jinan-telecom,wuhan-telecom,45.1726,0.0,icmp,1592250060,2020-06-15 19:41:00+00:00
143507054,jinan-telecom,wuhan-telecom,45.0958,0.0,icmp,1592250180,2020-06-15 19:43:00+00:00
143507289,jinan-telecom,wuhan-telecom,43.6043,0.0,icmp,1592250300,2020-06-15 19:45:00+00:00
143507506,jinan-telecom,wuhan-telecom,39.334,0.0,icmp,1592250379,2020-06-15 19:46:19+00:00
143507740,jinan-telecom,wuhan-telecom,39.3383,0.0,icmp,1592250559,2020-06-15 19:49:19+00:00
143507957,jinan-telecom,wuhan-telecom,45.3973,0.0,icmp,1592250660,2020-06-15 19:51:00+00:00
143508197,jinan-telecom,wuhan-telecom,39.3105,0.0,icmp,1592250799,2020-06-15 19:53:19+00:00
143508428,jinan-telecom,wuhan-telecom,50.9012,0.0,icmp,1592250900,2020-06-15 19:55:00+00:00
143508660,jinan-telecom,wuhan-telecom,45.6799,0.0,icmp,1592251020,2020-06-15 19:57:00+00:00
143508897,jinan-telecom,wuhan-telecom,47.4586,0.0,icmp,1592251140,2020-06-15 19:59:00+00:00
143509118,jinan-telecom,wuhan-telecom,46.6912,0.0,icmp,1592251260,2020-06-15 20:01:00+00:00
143509333,jinan-telecom,wuhan-telecom,46.83,0.0,icmp,1592251380,2020-06-15 20:03:00+00:00
143509589,jinan-telecom,wuhan-telecom,47.2886,0.0,icmp,1592251500,2020-06-15 20:05:00+00:00
143509798,jinan-telecom,wuhan-telecom,47.3494,0.0,icmp,1592251620,2020-06-15 20:07:00+00:00
143510028,jinan-telecom,wuhan-telecom,49.0287,0.0,icmp,1592251740,2020-06-15 20:09:00+00:00
143510252,jinan-telecom,wuhan-telecom,39.4022,0.0,icmp,1592251819,2020-06-15 20:10:19+00:00
143510494,jinan-telecom,wuhan-telecom,48.1969,0.0,icmp,1592251980,2020-06-15 20:13:00+00:00
143510709,jinan-telecom,wuhan-telecom,42.7012,0.0,icmp,1592252100,2020-06-15 20:15:00+00:00
143510946,jinan-telecom,wuhan-telecom,45.3811,0.0,icmp,1592252220,2020-06-15 20:17:00+00:00
143511181,jinan-telecom,wuhan-telecom,45.8302,0.0,icmp,1592252340,2020-06-15 20:19:00+00:00
143511401,jinan-telecom,wuhan-telecom,46.5465,0.0,icmp,1592252460,2020-06-15 20:21:00+00:00
143511642,jinan-telecom,wuhan-telecom,46.2994,0.0,icmp,1592252580,2020-06-15 20:23:00+00:00
143511857,jinan-telecom,wuhan-telecom,46.2319,0.0,icmp,1592252700,2020-06-15 20:25:00+00:00
143512094,jinan-telecom,wuhan-telecom,48.138,0.0,icmp,1592252820,2020-06-15 20:27:00+00:00
143512313,jinan-telecom,wuhan-telecom,47.6717,0.0,icmp,1592252940,2020-06-15 20:29:00+00:00
143512553,jinan-telecom,wuhan-telecom,39.3448,0.0,icmp,1592253019,2020-06-15 20:30:19+00:00
143512784,jinan-telecom,wuhan-telecom,48.7874,0.0,icmp,1592253180,2020-06-15 20:33:00+00:00
143513016,jinan-telecom,wuhan-telecom,48.6204,0.0,icmp,1592253300,2020-06-15 20:35:00+00:00
143513224,jinan-telecom,wuhan-telecom,39.4512,0.0,icmp,1592253439,2020-06-15 20:37:19+00:00
143513453,jinan-telecom,wuhan-telecom,48.7364,0.0,icmp,1592253540,2020-06-15 20:39:00+00:00
143513720,jinan-telecom,wuhan-telecom,47.6759,0.0,icmp,1592253660,2020-06-15 20:41:00+00:00
143513909,jinan-telecom,wuhan-telecom,39.437,0.0,icmp,1592253739,2020-06-15 20:42:19+00:00
143514145,jinan-telecom,wuhan-telecom,39.9381,0.0,icmp,1592253859,2020-06-15 20:44:19+00:00
143514380,jinan-telecom,wuhan-telecom,46.6369,0.0,icmp,1592254020,2020-06-15 20:47:00+00:00
143514615,jinan-telecom,wuhan-telecom,48.0767,0.0,icmp,1592254140,2020-06-15 20:49:00+00:00
143514826,jinan-telecom,wuhan-telecom,48.0881,0.0,icmp,1592254260,2020-06-15 20:51:00+00:00
143515056,jinan-telecom,wuhan-telecom,46.0399,0.0,icmp,1592254380,2020-06-15 20:53:00+00:00
143515299,jinan-telecom,wuhan-telecom,47.5795,0.0,icmp,1592254500,2020-06-15 20:55:00+00:00
143515529,jinan-telecom,wuhan-telecom,39.4599,0.0,icmp,1592254639,2020-06-15 20:57:19+00:00
143515766,jinan-telecom,wuhan-telecom,47.9523,0.0,icmp,1592254740,2020-06-15 20:59:00+00:00
143515989,jinan-telecom,wuhan-telecom,46.3646,0.0,icmp,1592254860,2020-06-15 21:01:00+00:00
143516203,jinan-telecom,wuhan-telecom,47.8229,0.0,icmp,1592254980,2020-06-15 21:03:00+00:00
143516447,jinan-telecom,wuhan-telecom,45.6432,0.0,icmp,1592255100,2020-06-15 21:05:00+00:00
143516659,jinan-telecom,wuhan-telecom,49.4126,0.0,icmp,1592255220,2020-06-15 21:07:00+00:00
143516916,jinan-telecom,wuhan-telecom,45.6778,0.0,icmp,1592255340,2020-06-15 21:09:00+00:00
143517142,jinan-telecom,wuhan-telecom,45.5966,0.0,icmp,1592255460,2020-06-15 21:11:00+00:00
143517355,jinan-telecom,wuhan-telecom,39.6611,0.0,icmp,1592255580,2020-06-15 21:13:00+00:00
143517586,jinan-telecom,wuhan-telecom,41.8748,0.0,icmp,1592255700,2020-06-15 21:15:00+00:00
143517812,jinan-telecom,wuhan-telecom,46.7123,0.0,icmp,1592255820,2020-06-15 21:17:00+00:00
143518027,jinan-telecom,wuhan-telecom,39.3141,0.0,icmp,1592255899,2020-06-15 21:18:19+00:00
143518278,jinan-telecom,wuhan-telecom,45.7636,0.0,icmp,1592256060,2020-06-15 21:21:00+00:00
143518496,jinan-telecom,wuhan-telecom,45.5827,0.0,icmp,1592256180,2020-06-15 21:23:00+00:00
143518732,jinan-telecom,wuhan-telecom,39.5245,0.0,icmp,1592256319,2020-06-15 21:25:19+00:00
143518976,jinan-telecom,wuhan-telecom,39.3898,0.0,icmp,1592256439,2020-06-15 21:27:19+00:00
143519224,jinan-telecom,wuhan-telecom,39.3832,0.0,icmp,1592256559,2020-06-15 21:29:19+00:00
143519417,jinan-telecom,wuhan-telecom,47.2464,0.0,icmp,1592256660,2020-06-15 21:31:00+00:00
143519637,jinan-telecom,wuhan-telecom,46.3293,0.0,icmp,1592256780,2020-06-15 21:33:00+00:00
143519874,jinan-telecom,wuhan-telecom,47.3734,0.0,icmp,1592256900,2020-06-15 21:35:00+00:00
143520117,jinan-telecom,wuhan-telecom,46.7639,0.0,icmp,1592257020,2020-06-15 21:37:00+00:00
143520337,jinan-telecom,wuhan-telecom,46.9692,0.0,icmp,1592257140,2020-06-15 21:39:00+00:00
143520563,jinan-telecom,wuhan-telecom,46.5161,0.0,icmp,1592257260,2020-06-15 21:41:00+00:00
143520799,jinan-telecom,wuhan-telecom,39.5193,0.0,icmp,1592257399,2020-06-15 21:43:19+00:00
143521035,jinan-telecom,wuhan-telecom,48.4779,0.0,icmp,1592257500,2020-06-15 21:45:00+00:00
143521256,jinan-telecom,wuhan-telecom,47.3347,0.0,icmp,1592257620,2020-06-15 21:47:00+00:00
143521495,jinan-telecom,wuhan-telecom,47.8903,0.0,icmp,1592257740,2020-06-15 21:49:00+00:00
143521704,jinan-telecom,wuhan-telecom,40.4693,0.0,icmp,1592257860,2020-06-15 21:51:00+00:00
143521950,jinan-telecom,wuhan-telecom,39.8989,0.0,icmp,1592257939,2020-06-15 21:52:19+00:00
143522177,jinan-telecom,wuhan-telecom,50.7853,0.0,icmp,1592258100,2020-06-15 21:55:00+00:00
143522404,jinan-telecom,wuhan-telecom,50.069,0.0,icmp,1592258220,2020-06-15 21:57:00+00:00
143522621,jinan-telecom,wuhan-telecom,51.4466,0.0,icmp,1592258340,2020-06-15 21:59:00+00:00
143522839,jinan-telecom,wuhan-telecom,50.803,0.0,icmp,1592258460,2020-06-15 22:01:00+00:00
143523089,jinan-telecom,wuhan-telecom,51.2296,0.0,icmp,1592258580,2020-06-15 22:03:00+00:00
143523307,jinan-telecom,wuhan-telecom,39.5863,0.0,icmp,1592258659,2020-06-15 22:04:19+00:00
143523542,jinan-telecom,wuhan-telecom,42.3855,0.0,icmp,1592258825,2020-06-15 22:07:05+00:00
143523756,jinan-telecom,wuhan-telecom,45.318,0.0,icmp,1592258940,2020-06-15 22:09:00+00:00
143523988,jinan-telecom,wuhan-telecom,39.3811,0.0,icmp,1592259019,2020-06-15 22:10:19+00:00
143524212,jinan-telecom,wuhan-telecom,47.9463,0.0,icmp,1592259180,2020-06-15 22:13:00+00:00
143524470,jinan-telecom,wuhan-telecom,47.5859,0.0,icmp,1592259300,2020-06-15 22:15:00+00:00
143524675,jinan-telecom,wuhan-telecom,44.9733,0.0,icmp,1592259420,2020-06-15 22:17:00+00:00
143524937,jinan-telecom,wuhan-telecom,43.704,0.0,icmp,1592259540,2020-06-15 22:19:00+00:00
143525150,jinan-telecom,wuhan-telecom,47.3061,0.0,icmp,1592259660,2020-06-15 22:21:00+00:00
143525369,jinan-telecom,wuhan-telecom,48.3498,0.0,icmp,1592259780,2020-06-15 22:23:00+00:00
143525598,jinan-telecom,wuhan-telecom,46.7117,0.0,icmp,1592259900,2020-06-15 22:25:00+00:00
143525839,jinan-telecom,wuhan-telecom,45.9475,0.0,icmp,1592260020,2020-06-15 22:27:00+00:00
143526074,jinan-telecom,wuhan-telecom,48.6591,0.0,icmp,1592260140,2020-06-15 22:29:00+00:00
143526290,jinan-telecom,wuhan-telecom,45.1317,0.0,icmp,1592260260,2020-06-15 22:31:00+00:00
143526512,jinan-telecom,wuhan-telecom,39.3573,0.0,icmp,1592260339,2020-06-15 22:32:19+00:00
143526760,jinan-telecom,wuhan-telecom,50.5664,0.0,icmp,1592260500,2020-06-15 22:35:00+00:00
143526983,jinan-telecom,wuhan-telecom,46.447,0.0,icmp,1592260620,2020-06-15 22:37:00+00:00
143527208,jinan-telecom,wuhan-telecom,49.435,0.0,icmp,1592260740,2020-06-15 22:39:00+00:00
143527422,jinan-telecom,wuhan-telecom,39.4654,0.0,icmp,1592260879,2020-06-15 22:41:19+00:00
143527665,jinan-telecom,wuhan-telecom,47.2647,0.0,icmp,1592260980,2020-06-15 22:43:00+00:00
143527910,jinan-telecom,wuhan-telecom,48.5578,0.0,icmp,1592261100,2020-06-15 22:45:00+00:00
143528113,jinan-telecom,wuhan-telecom,46.6396,0.0,icmp,1592261220,2020-06-15 22:47:00+00:00
143528339,jinan-telecom,wuhan-telecom,47.1727,0.0,icmp,1592261340,2020-06-15 22:49:00+00:00
143528576,jinan-telecom,wuhan-telecom,39.3372,0.0,icmp,1592261419,2020-06-15 22:50:19+00:00
143528798,jinan-telecom,wuhan-telecom,39.3398,0.0,icmp,1592261539,2020-06-15 22:52:19+00:00
143529029,jinan-telecom,wuhan-telecom,47.4686,0.0,icmp,1592261700,2020-06-15 22:55:00+00:00
143529273,jinan-telecom,wuhan-telecom,46.3995,0.0,icmp,1592261820,2020-06-15 22:57:00+00:00
143529502,jinan-telecom,wuhan-telecom,47.37,0.0,icmp,1592261940,2020-06-15 22:59:00+00:00
143529725,jinan-telecom,wuhan-telecom,39.3583,0.0,icmp,1592262019,2020-06-15 23:00:19+00:00
143529965,jinan-telecom,wuhan-telecom,48.153,0.0,icmp,1592262180,2020-06-15 23:03:00+00:00
143530183,jinan-telecom,wuhan-telecom,47.6876,0.0,icmp,1592262300,2020-06-15 23:05:00+00:00
143530400,jinan-telecom,wuhan-telecom,46.1752,0.0,icmp,1592262420,2020-06-15 23:07:00+00:00
143530641,jinan-telecom,wuhan-telecom,42.1746,0.0,icmp,1592262540,2020-06-15 23:09:00+00:00
143530860,jinan-telecom,wuhan-telecom,46.5278,0.0,icmp,1592262660,2020-06-15 23:11:00+00:00
143531090,jinan-telecom,wuhan-telecom,46.8199,0.0,icmp,1592262780,2020-06-15 23:13:00+00:00
143531314,jinan-telecom,wuhan-telecom,45.3136,0.0,icmp,1592262900,2020-06-15 23:15:00+00:00
143531541,jinan-telecom,wuhan-telecom,47.3478,0.0,icmp,1592263020,2020-06-15 23:17:00+00:00
143531779,jinan-telecom,wuhan-telecom,46.5482,0.0,icmp,1592263140,2020-06-15 23:19:00+00:00
143532012,jinan-telecom,wuhan-telecom,44.1817,0.0,icmp,1592263260,2020-06-15 23:21:00+00:00
143532225,jinan-telecom,wuhan-telecom,46.1417,0.0,icmp,1592263380,2020-06-15 23:23:00+00:00
143532457,jinan-telecom,wuhan-telecom,39.4895,0.0,icmp,1592263519,2020-06-15 23:25:19+00:00
143532715,jinan-telecom,wuhan-telecom,45.1541,0.0,icmp,1592263620,2020-06-15 23:27:00+00:00
143532942,jinan-telecom,wuhan-telecom,46.1482,0.0,icmp,1592263740,2020-06-15 23:29:00+00:00
143533147,jinan-telecom,wuhan-telecom,39.4232,0.0,icmp,1592263804,2020-06-15 23:30:04+00:00
143533384,jinan-telecom,wuhan-telecom,49.254,0.0,icmp,1592263980,2020-06-15 23:33:00+00:00
143533612,jinan-telecom,wuhan-telecom,39.3593,0.0,icmp,1592264059,2020-06-15 23:34:19+00:00
143533847,jinan-telecom,wuhan-telecom,46.8512,0.0,icmp,1592264220,2020-06-15 23:37:00+00:00
143534076,jinan-telecom,wuhan-telecom,48.1303,0.0,icmp,1592264340,2020-06-15 23:39:00+00:00
143534289,jinan-telecom,wuhan-telecom,46.3927,0.0,icmp,1592264460,2020-06-15 23:41:00+00:00
143534536,jinan-telecom,wuhan-telecom,46.4497,0.0,icmp,1592264580,2020-06-15 23:43:00+00:00
143534766,jinan-telecom,wuhan-telecom,39.5255,0.0,icmp,1592264719,2020-06-15 23:45:19+00:00
143534981,jinan-telecom,wuhan-telecom,49.1303,0.0,icmp,1592264820,2020-06-15 23:47:00+00:00
143535205,jinan-telecom,wuhan-telecom,39.5017,0.0,icmp,1592264959,2020-06-15 23:49:19+00:00
143535463,jinan-telecom,wuhan-telecom,46.2247,0.0,icmp,1592265060,2020-06-15 23:51:00+00:00
143535672,jinan-telecom,wuhan-telecom,49.4785,0.0,icmp,1592265180,2020-06-15 23:53:00+00:00
143535899,jinan-telecom,wuhan-telecom,46.3852,0.0,icmp,1592265300,2020-06-15 23:55:00+00:00
143536126,jinan-telecom,wuhan-telecom,47.095,0.0,icmp,1592265420,2020-06-15 23:57:00+00:00
143536339,jinan-telecom,wuhan-telecom,46.3066,0.0,icmp,1592265540,2020-06-15 23:59:00+00:00
143536582,jinan-telecom,wuhan-telecom,45.6234,0.0,icmp,1592265660,2020-06-16 00:01:00+00:00
143536820,jinan-telecom,wuhan-telecom,45.4365,0.0,icmp,1592265780,2020-06-16 00:03:00+00:00
143537034,jinan-telecom,wuhan-telecom,39.5871,0.0,icmp,1592265900,2020-06-16 00:05:00+00:00
143537289,jinan-telecom,wuhan-telecom,47.1897,0.0,icmp,1592266020,2020-06-16 00:07:00+00:00
143537505,jinan-telecom,wuhan-telecom,39.3322,0.0,icmp,1592266099,2020-06-16 00:08:19+00:00
143537723,jinan-telecom,wuhan-telecom,39.3536,0.0,icmp,1592266219,2020-06-16 00:10:19+00:00
143537967,jinan-telecom,wuhan-telecom,46.5454,0.0,icmp,1592266380,2020-06-16 00:13:00+00:00
143538191,jinan-telecom,wuhan-telecom,47.1505,0.0,icmp,1592266500,2020-06-16 00:15:00+00:00
143538418,jinan-telecom,wuhan-telecom,48.3878,0.0,icmp,1592266620,2020-06-16 00:17:00+00:00
143538661,jinan-telecom,wuhan-telecom,46.6963,0.0,icmp,1592266740,2020-06-16 00:19:00+00:00
143538877,jinan-telecom,wuhan-telecom,48.0541,0.0,icmp,1592266860,2020-06-16 00:21:00+00:00
143539127,jinan-telecom,wuhan-telecom,39.4385,0.0,icmp,1592266999,2020-06-16 00:23:19+00:00
143539330,jinan-telecom,wuhan-telecom,47.2399,0.0,icmp,1592267100,2020-06-16 00:25:00+00:00
143539562,jinan-telecom,wuhan-telecom,46.9308,0.0,icmp,1592267220,2020-06-16 00:27:00+00:00
143539785,jinan-telecom,wuhan-telecom,46.4813,0.0,icmp,1592267340,2020-06-16 00:29:00+00:00
143540027,jinan-telecom,wuhan-telecom,47.4704,0.0,icmp,1592267460,2020-06-16 00:31:00+00:00
143540258,jinan-telecom,wuhan-telecom,45.9824,0.0,icmp,1592267580,2020-06-16 00:33:00+00:00
143540502,jinan-telecom,wuhan-telecom,39.3529,0.0,icmp,1592267659,2020-06-16 00:34:19+00:00
143540710,jinan-telecom,wuhan-telecom,47.8084,0.0,icmp,1592267820,2020-06-16 00:37:00+00:00
143540940,jinan-telecom,wuhan-telecom,39.3866,0.0,icmp,1592267899,2020-06-16 00:38:19+00:00
143541180,jinan-telecom,wuhan-telecom,46.0599,0.0,icmp,1592268060,2020-06-16 00:41:00+00:00
143541402,jinan-telecom,wuhan-telecom,46.4835,0.0,icmp,1592268180,2020-06-16 00:43:00+00:00
143541642,jinan-telecom,wuhan-telecom,39.3546,0.0,icmp,1592268319,2020-06-16 00:45:19+00:00
143541867,jinan-telecom,wuhan-telecom,46.6584,0.0,icmp,1592268420,2020-06-16 00:47:00+00:00
143542077,jinan-telecom,wuhan-telecom,39.4044,0.0,icmp,1592268499,2020-06-16 00:48:19+00:00
143542329,jinan-telecom,wuhan-telecom,48.5458,0.0,icmp,1592268660,2020-06-16 00:51:00+00:00
143542550,jinan-telecom,wuhan-telecom,45.4105,0.0,icmp,1592268780,2020-06-16 00:53:00+00:00
143542778,jinan-telecom,wuhan-telecom,47.023,0.0,icmp,1592268900,2020-06-16 00:55:00+00:00
143542993,jinan-telecom,wuhan-telecom,48.5825,0.0,icmp,1592269020,2020-06-16 00:57:00+00:00
143543232,jinan-telecom,wuhan-telecom,40.5352,0.0,icmp,1592269140,2020-06-16 00:59:00+00:00
143543468,jinan-telecom,wuhan-telecom,39.4378,0.0,icmp,1592269219,2020-06-16 01:00:19+00:00
143543686,jinan-telecom,wuhan-telecom,46.3091,0.0,icmp,1592269380,2020-06-16 01:03:00+00:00
143543926,jinan-telecom,wuhan-telecom,39.4985,0.0,icmp,1592269519,2020-06-16 01:05:19+00:00
143544136,jinan-telecom,wuhan-telecom,48.8685,0.0,icmp,1592269620,2020-06-16 01:07:00+00:00
143544379,jinan-telecom,wuhan-telecom,39.3837,0.0,icmp,1592269699,2020-06-16 01:08:19+00:00
143544607,jinan-telecom,wuhan-telecom,46.7073,0.0,icmp,1592269860,2020-06-16 01:11:00+00:00
143544842,jinan-telecom,wuhan-telecom,42.1247,0.0,icmp,1592269980,2020-06-16 01:13:00+00:00
143545081,jinan-telecom,wuhan-telecom,47.3919,0.0,icmp,1592270100,2020-06-16 01:15:00+00:00
143545298,jinan-telecom,wuhan-telecom,46.8803,0.0,icmp,1592270220,2020-06-16 01:17:00+00:00
143545515,jinan-telecom,wuhan-telecom,46.8629,0.0,icmp,1592270340,2020-06-16 01:19:00+00:00
143545777,jinan-telecom,wuhan-telecom,46.9214,0.0,icmp,1592270460,2020-06-16 01:21:00+00:00
143545974,jinan-telecom,wuhan-telecom,45.8404,0.0,icmp,1592270580,2020-06-16 01:23:00+00:00
143546211,jinan-telecom,wuhan-telecom,39.341,0.0,icmp,1592270659,2020-06-16 01:24:19+00:00
143546436,jinan-telecom,wuhan-telecom,45.0935,0.0,icmp,1592270820,2020-06-16 01:27:00+00:00
143546708,jinan-telecom,wuhan-telecom,39.7299,0.0,icmp,1592270899,2020-06-16 01:28:19+00:00
143546910,jinan-telecom,wuhan-telecom,47.9383,0.0,icmp,1592271060,2020-06-16 01:31:00+00:00
143547119,jinan-telecom,wuhan-telecom,46.0504,0.0,icmp,1592271180,2020-06-16 01:33:00+00:00
143547352,jinan-telecom,wuhan-telecom,45.69,0.0,icmp,1592271300,2020-06-16 01:35:00+00:00
143547571,jinan-telecom,wuhan-telecom,46.5543,0.0,icmp,1592271420,2020-06-16 01:37:00+00:00
143547811,jinan-telecom,wuhan-telecom,48.0956,0.0,icmp,1592271540,2020-06-16 01:39:00+00:00
143548058,jinan-telecom,wuhan-telecom,46.7227,0.0,icmp,1592271660,2020-06-16 01:41:00+00:00
143548265,jinan-telecom,wuhan-telecom,44.4764,0.0,icmp,1592271780,2020-06-16 01:43:00+00:00
143548498,jinan-telecom,wuhan-telecom,47.2275,0.0,icmp,1592271900,2020-06-16 01:45:00+00:00
143548723,jinan-telecom,wuhan-telecom,40.5999,0.0,icmp,1592272020,2020-06-16 01:47:00+00:00
143548967,jinan-telecom,wuhan-telecom,46.6881,0.0,icmp,1592272140,2020-06-16 01:49:00+00:00
143549196,jinan-telecom,wuhan-telecom,39.3756,0.0,icmp,1592272279,2020-06-16 01:51:19+00:00
143549421,jinan-telecom,wuhan-telecom,48.1622,0.0,icmp,1592272380,2020-06-16 01:53:00+00:00
143549619,jinan-telecom,wuhan-telecom,39.375,0.0,icmp,1592272519,2020-06-16 01:55:19+00:00
143549886,jinan-telecom,wuhan-telecom,44.8582,0.0,icmp,1592272624,2020-06-16 01:57:04+00:00
143550125,jinan-telecom,wuhan-telecom,47.549,0.0,icmp,1592272740,2020-06-16 01:59:00+00:00
143550326,jinan-telecom,wuhan-telecom,47.8413,0.0,icmp,1592272860,2020-06-16 02:01:00+00:00
143550573,jinan-telecom,wuhan-telecom,39.5093,0.0,icmp,1592272999,2020-06-16 02:03:19+00:00
143550784,jinan-telecom,wuhan-telecom,46.3573,0.0,icmp,1592273100,2020-06-16 02:05:00+00:00
143551016,jinan-telecom,wuhan-telecom,46.9083,0.0,icmp,1592273220,2020-06-16 02:07:00+00:00
143551243,jinan-telecom,wuhan-telecom,46.0276,0.0,icmp,1592273340,2020-06-16 02:09:00+00:00
143551467,jinan-telecom,wuhan-telecom,48.5448,0.0,icmp,1592273460,2020-06-16 02:11:00+00:00
143551707,jinan-telecom,wuhan-telecom,40.2113,0.0,icmp,1592273580,2020-06-16 02:13:00+00:00
143551932,jinan-telecom,wuhan-telecom,46.9927,0.0,icmp,1592273700,2020-06-16 02:15:00+00:00
143552169,jinan-telecom,wuhan-telecom,39.3212,0.0,icmp,1592273779,2020-06-16 02:16:19+00:00
143552397,jinan-telecom,wuhan-telecom,39.4372,0.0,icmp,1592273945,2020-06-16 02:19:05+00:00
143552609,jinan-telecom,wuhan-telecom,46.9143,0.0,icmp,1592274060,2020-06-16 02:21:00+00:00
143552838,jinan-telecom,wuhan-telecom,39.3421,0.0,icmp,1592274139,2020-06-16 02:22:19+00:00
143553075,jinan-telecom,wuhan-telecom,39.3919,0.0,icmp,1592274259,2020-06-16 02:24:19+00:00
143553307,jinan-telecom,wuhan-telecom,48.6627,0.0,icmp,1592274420,2020-06-16 02:27:00+00:00
143553546,jinan-telecom,wuhan-telecom,46.9854,0.0,icmp,1592274540,2020-06-16 02:29:00+00:00
143553782,jinan-telecom,wuhan-telecom,39.5363,0.0,icmp,1592274679,2020-06-16 02:31:19+00:00
143553984,jinan-telecom,wuhan-telecom,39.5739,0.0,icmp,1592274799,2020-06-16 02:33:19+00:00
143554233,jinan-telecom,wuhan-telecom,45.636,0.0,icmp,1592274900,2020-06-16 02:35:00+00:00
143554464,jinan-telecom,wuhan-telecom,47.5572,0.0,icmp,1592275020,2020-06-16 02:37:00+00:00
143554692,jinan-telecom,wuhan-telecom,48.327,0.0,icmp,1592275140,2020-06-16 02:39:00+00:00
143554897,jinan-telecom,wuhan-telecom,45.6352,0.0,icmp,1592275260,2020-06-16 02:41:00+00:00
143555149,jinan-telecom,wuhan-telecom,45.8498,0.0,icmp,1592275380,2020-06-16 02:43:00+00:00
143555374,jinan-telecom,wuhan-telecom,45.9353,0.0,icmp,1592275500,2020-06-16 02:45:00+00:00
143555593,jinan-telecom,wuhan-telecom,47.7127,0.0,icmp,1592275620,2020-06-16 02:47:00+00:00
143555832,jinan-telecom,wuhan-telecom,46.9318,0.0,icmp,1592275740,2020-06-16 02:49:00+00:00
143556047,jinan-telecom,wuhan-telecom,39.3507,0.0,icmp,1592275819,2020-06-16 02:50:19+00:00
143556267,jinan-telecom,wuhan-telecom,41.1189,0.0,icmp,1592275980,2020-06-16 02:53:00+00:00
143556507,jinan-telecom,wuhan-telecom,47.7904,0.0,icmp,1592276100,2020-06-16 02:55:00+00:00
143556759,jinan-telecom,wuhan-telecom,39.3503,0.0,icmp,1592276239,2020-06-16 02:57:19+00:00
143556966,jinan-telecom,wuhan-telecom,39.7102,0.0,icmp,1592276359,2020-06-16 02:59:19+00:00
143557203,jinan-telecom,wuhan-telecom,46.9663,0.0,icmp,1592276460,2020-06-16 03:01:00+00:00
143557434,jinan-telecom,wuhan-telecom,47.2253,0.0,icmp,1592276580,2020-06-16 03:03:00+00:00
143557636,jinan-telecom,wuhan-telecom,44.5967,0.0,icmp,1592276700,2020-06-16 03:05:00+00:00
143557889,jinan-telecom,wuhan-telecom,47.0949,0.0,icmp,1592276820,2020-06-16 03:07:00+00:00
143558133,jinan-telecom,wuhan-telecom,47.6991,0.0,icmp,1592276940,2020-06-16 03:09:00+00:00
143558336,jinan-telecom,wuhan-telecom,48.5188,0.0,icmp,1592277060,2020-06-16 03:11:00+00:00
143558561,jinan-telecom,wuhan-telecom,46.4235,0.0,icmp,1592277180,2020-06-16 03:13:00+00:00
143558806,jinan-telecom,wuhan-telecom,41.3236,0.0,icmp,1592277300,2020-06-16 03:15:00+00:00
143559048,jinan-telecom,wuhan-telecom,46.7366,0.0,icmp,1592277420,2020-06-16 03:17:00+00:00
143559263,jinan-telecom,wuhan-telecom,31.1352,0.0,icmp,1592277499,2020-06-16 03:18:19+00:00
143559509,jinan-telecom,wuhan-telecom,39.7865,0.0,icmp,1592277619,2020-06-16 03:20:19+00:00
143559716,jinan-telecom,wuhan-telecom,39.5445,0.0,icmp,1592277739,2020-06-16 03:22:19+00:00
143559963,jinan-telecom,wuhan-telecom,41.0077,0.0,icmp,1592277900,2020-06-16 03:25:00+00:00
143560191,jinan-telecom,wuhan-telecom,45.9129,0.0,icmp,1592278020,2020-06-16 03:27:00+00:00
143560409,jinan-telecom,wuhan-telecom,39.5379,0.0,icmp,1592278159,2020-06-16 03:29:19+00:00
143560644,jinan-telecom,wuhan-telecom,48.5218,0.0,icmp,1592278260,2020-06-16 03:31:00+00:00
143560854,jinan-telecom,wuhan-telecom,46.3495,0.0,icmp,1592278380,2020-06-16 03:33:00+00:00
143561107,jinan-telecom,wuhan-telecom,39.5215,0.0,icmp,1592278459,2020-06-16 03:34:19+00:00
143561318,jinan-telecom,wuhan-telecom,47.5732,0.0,icmp,1592278620,2020-06-16 03:37:00+00:00
143561555,jinan-telecom,wuhan-telecom,39.5217,0.0,icmp,1592278699,2020-06-16 03:38:19+00:00
143561803,jinan-telecom,wuhan-telecom,39.5916,0.0,icmp,1592278879,2020-06-16 03:41:19+00:00
143562031,jinan-telecom,wuhan-telecom,42.0976,0.0,icmp,1592278980,2020-06-16 03:43:00+00:00
143562233,jinan-telecom,wuhan-telecom,47.5218,0.0,icmp,1592279100,2020-06-16 03:45:00+00:00
143562480,jinan-telecom,wuhan-telecom,45.6413,0.0,icmp,1592279220,2020-06-16 03:47:00+00:00
143562700,jinan-telecom,wuhan-telecom,47.8807,0.0,icmp,1592279340,2020-06-16 03:49:00+00:00
143562931,jinan-telecom,wuhan-telecom,39.7329,0.0,icmp,1592279479,2020-06-16 03:51:19+00:00
143563149,jinan-telecom,wuhan-telecom,46.6711,0.0,icmp,1592279580,2020-06-16 03:53:00+00:00
143563402,jinan-telecom,wuhan-telecom,47.7258,0.0,icmp,1592279700,2020-06-16 03:55:00+00:00
143563615,jinan-telecom,wuhan-telecom,49.4892,0.0,icmp,1592279820,2020-06-16 03:57:00+00:00
143563840,jinan-telecom,wuhan-telecom,46.6212,0.0,icmp,1592279940,2020-06-16 03:59:00+00:00
143564091,jinan-telecom,wuhan-telecom,40.4279,0.0,icmp,1592280060,2020-06-16 04:01:00+00:00
143564294,jinan-telecom,wuhan-telecom,46.6594,0.0,icmp,1592280180,2020-06-16 04:03:00+00:00
143564542,jinan-telecom,wuhan-telecom,46.6205,0.0,icmp,1592280300,2020-06-16 04:05:00+00:00
143564770,jinan-telecom,wuhan-telecom,39.5833,0.0,icmp,1592280439,2020-06-16 04:07:19+00:00
143564984,jinan-telecom,wuhan-telecom,47.388,0.0,icmp,1592280540,2020-06-16 04:09:00+00:00
143565202,jinan-telecom,wuhan-telecom,45.2855,0.0,icmp,1592280660,2020-06-16 04:11:00+00:00
143565458,jinan-telecom,wuhan-telecom,39.5612,0.0,icmp,1592280739,2020-06-16 04:12:19+00:00
143565677,jinan-telecom,wuhan-telecom,42.1404,0.0,icmp,1592280900,2020-06-16 04:15:00+00:00
143565918,jinan-telecom,wuhan-telecom,45.4744,0.0,icmp,1592281020,2020-06-16 04:17:00+00:00
143566126,jinan-telecom,wuhan-telecom,46.5995,0.0,icmp,1592281140,2020-06-16 04:19:00+00:00
143566353,jinan-telecom,wuhan-telecom,45.983,0.0,icmp,1592281260,2020-06-16 04:21:00+00:00
143566584,jinan-telecom,wuhan-telecom,47.4576,0.0,icmp,1592281380,2020-06-16 04:23:00+00:00
143566812,jinan-telecom,wuhan-telecom,47.2108,0.0,icmp,1592281500,2020-06-16 04:25:00+00:00
143567048,jinan-telecom,wuhan-telecom,41.1218,0.0,icmp,1592281620,2020-06-16 04:27:00+00:00
143567298,jinan-telecom,wuhan-telecom,48.458,0.0,icmp,1592281740,2020-06-16 04:29:00+00:00
143567509,jinan-telecom,wuhan-telecom,48.2734,0.0,icmp,1592281860,2020-06-16 04:31:00+00:00
143593900,jinan-telecom,wuhan-telecom,0.0,100.0,icmp,1592282700,2020-06-16 04:45:00+00:00
143593902,jinan-telecom,wuhan-telecom,0.0,100.0,icmp,1592282040,2020-06-16 04:34:00+00:00
143593903,jinan-telecom,wuhan-telecom,0.0,100.0,icmp,1592283061,2020-06-16 04:51:01+00:00
143593905,jinan-telecom,wuhan-telecom,0.0,100.0,icmp,1592282220,2020-06-16 04:37:00+00:00
143593906,jinan-telecom,wuhan-telecom,0.0,100.0,icmp,1592282580,2020-06-16 04:43:00+00:00
143593907,jinan-telecom,wuhan-telecom,0.0,100.0,icmp,1592282460,2020-06-16 04:41:00+00:00
143593911,jinan-telecom,wuhan-telecom,39.7799,0.0,icmp,1592281939,2020-06-16 04:32:19+00:00
143593913,jinan-telecom,wuhan-telecom,0.0,100.0,icmp,1592282820,2020-06-16 04:47:00+00:00
143593914,jinan-telecom,wuhan-telecom,0.0,100.0,icmp,1592285891,2020-06-16 05:38:11+00:00
143593915,jinan-telecom,wuhan-telecom,0.0,100.0,icmp,1592285640,2020-06-16 05:34:00+00:00
143593916,jinan-telecom,wuhan-telecom,0.0,100.0,icmp,1592282340,2020-06-16 04:39:00+00:00
143593917,jinan-telecom,wuhan-telecom,0.0,100.0,icmp,1592285820,2020-06-16 05:37:00+00:00
143593918,jinan-telecom,wuhan-telecom,0.0,100.0,icmp,1592282940,2020-06-16 04:49:00+00:00
143593919,jinan-telecom,wuhan-telecom,0.0,100.0,icmp,1592286200,2020-06-16 05:43:20+00:00
143593920,jinan-telecom,wuhan-telecom,0.0,100.0,icmp,1592286060,2020-06-16 05:41:00+00:00
143593921,jinan-telecom,wuhan-telecom,0.0,100.0,icmp,1592284020,2020-06-16 05:07:00+00:00
143593922,jinan-telecom,wuhan-telecom,0.0,100.0,icmp,1592286540,2020-06-16 05:49:00+00:00
143593923,jinan-telecom,wuhan-telecom,0.0,100.0,icmp,1592286720,2020-06-16 05:52:00+00:00
143593924,jinan-telecom,wuhan-telecom,0.0,100.0,icmp,1592286410,2020-06-16 05:46:50+00:00
143593925,jinan-telecom,wuhan-telecom,0.0,100.0,icmp,1592284091,2020-06-16 05:08:11+00:00
143593926,jinan-telecom,wuhan-telecom,0.0,100.0,icmp,1592286300,2020-06-16 05:45:00+00:00
143593927,jinan-telecom,wuhan-telecom,0.0,100.0,icmp,1592286611,2020-06-16 05:50:11+00:00
143593928,jinan-telecom,wuhan-telecom,0.0,100.0,icmp,1592286921,2020-06-16 05:55:21+00:00
143593929,jinan-telecom,wuhan-telecom,0.0,100.0,icmp,1592283780,2020-06-16 05:03:00+00:00
143593930,jinan-telecom,wuhan-telecom,0.0,100.0,icmp,1592283900,2020-06-16 05:05:00+00:00
143593931,jinan-telecom,wuhan-telecom,0.0,100.0,icmp,1592289660,2020-06-16 06:41:00+00:00
143593932,jinan-telecom,wuhan-telecom,0.0,100.0,icmp,1592289491,2020-06-16 06:38:11+00:00
143593933,jinan-telecom,wuhan-telecom,0.0,100.0,icmp,1592283660,2020-06-16 05:01:00+00:00
143593934,jinan-telecom,wuhan-telecom,0.0,100.0,icmp,1592289420,2020-06-16 06:37:00+00:00
143593935,jinan-telecom,wuhan-telecom,0.0,100.0,icmp,1592284260,2020-06-16 05:11:00+00:00
143593936,jinan-telecom,wuhan-telecom,0.0,100.0,icmp,1592284350,2020-06-16 05:12:30+00:00
143593937,jinan-telecom,wuhan-telecom,0.0,100.0,icmp,1592288970,2020-06-16 06:29:30+00:00
143593938,jinan-telecom,wuhan-telecom,0.0,100.0,icmp,1592288821,2020-06-16 06:27:01+00:00
143593939,jinan-telecom,wuhan-telecom,0.0,100.0,icmp,1592289791,2020-06-16 06:43:11+00:00
143593940,jinan-telecom,wuhan-telecom,0.0,100.0,icmp,1592288721,2020-06-16 06:25:21+00:00
143593941,jinan-telecom,wuhan-telecom,0.0,100.0,icmp,1592289180,2020-06-16 06:33:00+00:00
143593942,jinan-telecom,wuhan-telecom,0.0,100.0,icmp,1592289081,2020-06-16 06:31:21+00:00
143593943,jinan-telecom,wuhan-telecom,0.0,100.0,icmp,1592289300,2020-06-16 06:35:00+00:00
143593944,jinan-telecom,wuhan-telecom,0.0,100.0,icmp,1592283180,2020-06-16 04:53:00+00:00
143593945,jinan-telecom,wuhan-telecom,0.0,100.0,icmp,1592290010,2020-06-16 06:46:50+00:00
143593946,jinan-telecom,wuhan-telecom,0.0,100.0,icmp,1592289900,2020-06-16 06:45:00+00:00
143593947,jinan-telecom,wuhan-telecom,0.0,100.0,icmp,1592283421,2020-06-16 04:57:01+00:00
143593948,jinan-telecom,wuhan-telecom,0.0,100.0,icmp,1592283311,2020-06-16 04:55:11+00:00
143593949,jinan-telecom,wuhan-telecom,0.0,100.0,icmp,1592290110,2020-06-16 06:48:30+00:00
143593950,jinan-telecom,wuhan-telecom,0.0,100.0,icmp,1592283540,2020-06-16 04:59:00+00:00
143593951,jinan-telecom,wuhan-telecom,0.0,100.0,icmp,1592290500,2020-06-16 06:55:00+00:00
143593952,jinan-telecom,wuhan-telecom,0.0,100.0,icmp,1592292900,2020-06-16 07:35:00+00:00
143593953,jinan-telecom,wuhan-telecom,0.0,100.0,icmp,1592293260,2020-06-16 07:41:00+00:00
143593954,jinan-telecom,wuhan-telecom,0.0,100.0,icmp,1592290360,2020-06-16 06:52:40+00:00
143593955,jinan-telecom,wuhan-telecom,0.0,100.0,icmp,1592293020,2020-06-16 07:37:00+00:00
143593956,jinan-telecom,wuhan-telecom,0.0,100.0,icmp,1592290620,2020-06-16 06:57:00+00:00
143593957,jinan-telecom,wuhan-telecom,0.0,100.0,icmp,1592290261,2020-06-16 06:51:01+00:00
143593958,jinan-telecom,wuhan-telecom,0.0,100.0,icmp,1592293080,2020-06-16 07:38:00+00:00
143593959,jinan-telecom,wuhan-telecom,0.0,100.0,icmp,1592292420,2020-06-16 07:27:00+00:00
143593960,jinan-telecom,wuhan-telecom,0.0,100.0,icmp,1592293400,2020-06-16 07:43:20+00:00
143593961,jinan-telecom,wuhan-telecom,0.0,100.0,icmp,1592292780,2020-06-16 07:33:00+00:00
143593962,jinan-telecom,wuhan-telecom,0.0,100.0,icmp,1592293700,2020-06-16 07:48:20+00:00
143593963,jinan-telecom,wuhan-telecom,0.0,100.0,icmp,1592292660,2020-06-16 07:31:00+00:00
143593964,jinan-telecom,wuhan-telecom,0.0,100.0,icmp,1592293610,2020-06-16 07:46:50+00:00
143593965,jinan-telecom,wuhan-telecom,0.0,100.0,icmp,1592292480,2020-06-16 07:28:00+00:00
143593966,jinan-telecom,wuhan-telecom,0.0,100.0,icmp,1592293500,2020-06-16 07:45:00+00:00
143593967,jinan-telecom,wuhan-telecom,0.0,100.0,icmp,1592293800,2020-06-16 07:50:00+00:00
143593968,jinan-telecom,wuhan-telecom,0.0,100.0,icmp,1592293980,2020-06-16 07:53:00+00:00
143593969,jinan-telecom,wuhan-telecom,0.0,100.0,icmp,1592294430,2020-06-16 08:00:30+00:00
143593970,jinan-telecom,wuhan-telecom,0.0,100.0,icmp,1592294531,2020-06-16 08:02:11+00:00
143593971,jinan-telecom,wuhan-telecom,0.0,100.0,icmp,1592294171,2020-06-16 07:56:11+00:00
143593972,jinan-telecom,wuhan-telecom,0.0,100.0,icmp,1592294340,2020-06-16 07:59:00+00:00
143593973,jinan-telecom,wuhan-telecom,0.0,100.0,icmp,1592294060,2020-06-16 07:54:20+00:00
143593974,jinan-telecom,wuhan-telecom,0.0,100.0,icmp,1592294640,2020-06-16 08:04:00+00:00
143593975,jinan-telecom,wuhan-telecom,0.0,100.0,icmp,1592294820,2020-06-16 08:07:00+00:00
143593976,jinan-telecom,wuhan-telecom,0.0,100.0,icmp,1592295301,2020-06-16 08:15:01+00:00
143593977,jinan-telecom,wuhan-telecom,0.0,100.0,icmp,1592287850,2020-06-16 06:10:50+00:00
143593978,jinan-telecom,wuhan-telecom,0.0,100.0,icmp,1592287740,2020-06-16 06:09:00+00:00
143593979,jinan-telecom,wuhan-telecom,0.0,100.0,icmp,1592295180,2020-06-16 08:13:00+00:00
143593980,jinan-telecom,wuhan-telecom,0.0,100.0,icmp,1592287941,2020-06-16 06:12:21+00:00
143593981,jinan-telecom,wuhan-telecom,0.0,100.0,icmp,1592295060,2020-06-16 08:11:00+00:00
143593982,jinan-telecom,wuhan-telecom,0.0,100.0,icmp,1592294880,2020-06-16 08:08:00+00:00
143593983,jinan-telecom,wuhan-telecom,0.0,100.0,icmp,1592285100,2020-06-16 05:25:00+00:00
143593984,jinan-telecom,wuhan-telecom,0.0,100.0,icmp,1592284980,2020-06-16 05:23:00+00:00
143593985,jinan-telecom,wuhan-telecom,0.0,100.0,icmp,1592284860,2020-06-16 05:21:00+00:00
143593986,jinan-telecom,wuhan-telecom,0.0,100.0,icmp,1592288100,2020-06-16 06:15:00+00:00
143593987,jinan-telecom,wuhan-telecom,0.0,100.0,icmp,1592288160,2020-06-16 06:16:00+00:00
143593988,jinan-telecom,wuhan-telecom,0.0,100.0,icmp,1592288580,2020-06-16 06:23:00+00:00
143593989,jinan-telecom,wuhan-telecom,0.0,100.0,icmp,1592285220,2020-06-16 05:27:00+00:00
143593990,jinan-telecom,wuhan-telecom,0.0,100.0,icmp,1592288460,2020-06-16 06:21:00+00:00
143593991,jinan-telecom,wuhan-telecom,0.0,100.0,icmp,1592288340,2020-06-16 06:19:00+00:00
143593992,jinan-telecom,wuhan-telecom,0.0,100.0,icmp,1592284500,2020-06-16 05:15:00+00:00
143593993,jinan-telecom,wuhan-telecom,0.0,100.0,icmp,1592285460,2020-06-16 05:31:00+00:00
143593994,jinan-telecom,wuhan-telecom,0.0,100.0,icmp,1592295611,2020-06-16 08:20:11+00:00
143593995,jinan-telecom,wuhan-telecom,0.0,100.0,icmp,1592285280,2020-06-16 05:28:00+00:00
143593996,jinan-telecom,wuhan-telecom,0.0,100.0,icmp,1592295540,2020-06-16 08:19:00+00:00
143593997,jinan-telecom,wuhan-telecom,0.0,100.0,icmp,1592295420,2020-06-16 08:17:00+00:00
143593998,jinan-telecom,wuhan-telecom,0.0,100.0,icmp,1592285531,2020-06-16 05:32:11+00:00
143593999,jinan-telecom,wuhan-telecom,0.0,100.0,icmp,1592287280,2020-06-16 06:01:20+00:00
143594000,jinan-telecom,wuhan-telecom,0.0,100.0,icmp,1592284620,2020-06-16 05:17:00+00:00
143594001,jinan-telecom,wuhan-telecom,0.0,100.0,icmp,1592287381,2020-06-16 06:03:01+00:00
143594002,jinan-telecom,wuhan-telecom,0.0,100.0,icmp,1592287170,2020-06-16 05:59:30+00:00
143594003,jinan-telecom,wuhan-telecom,0.0,100.0,icmp,1592284740,2020-06-16 05:19:00+00:00
143594004,jinan-telecom,wuhan-telecom,0.0,100.0,icmp,1592287480,2020-06-16 06:04:40+00:00
143594005,jinan-telecom,wuhan-telecom,0.0,100.0,icmp,1592287020,2020-06-16 05:57:00+00:00
143594006,jinan-telecom,wuhan-telecom,0.0,100.0,icmp,1592287620,2020-06-16 06:07:00+00:00
143594007,jinan-telecom,wuhan-telecom,0.0,100.0,icmp,1592291190,2020-06-16 07:06:30+00:00
143594008,jinan-telecom,wuhan-telecom,0.0,100.0,icmp,1592291340,2020-06-16 07:09:00+00:00
143594009,jinan-telecom,wuhan-telecom,0.0,100.0,icmp,1592290980,2020-06-16 07:03:00+00:00
143594010,jinan-telecom,wuhan-telecom,0.0,100.0,icmp,1592291450,2020-06-16 07:10:50+00:00
143594011,jinan-telecom,wuhan-telecom,0.0,100.0,icmp,1592291100,2020-06-16 07:05:00+00:00
143594012,jinan-telecom,wuhan-telecom,0.0,100.0,icmp,1592290730,2020-06-16 06:58:50+00:00
143594013,jinan-telecom,wuhan-telecom,0.0,100.0,icmp,1592290871,2020-06-16 07:01:11+00:00
143594014,jinan-telecom,wuhan-telecom,0.0,100.0,icmp,1592292300,2020-06-16 07:25:00+00:00
143594015,jinan-telecom,wuhan-telecom,0.0,100.0,icmp,1592292120,2020-06-16 07:22:00+00:00
143594016,jinan-telecom,wuhan-telecom,0.0,100.0,icmp,1592292060,2020-06-16 07:21:00+00:00
143594017,jinan-telecom,wuhan-telecom,0.0,100.0,icmp,1592291960,2020-06-16 07:19:20+00:00
143594018,jinan-telecom,wuhan-telecom,0.0,100.0,icmp,1592291580,2020-06-16 07:13:00+00:00
143594019,jinan-telecom,wuhan-telecom,0.0,100.0,icmp,1592291701,2020-06-16 07:15:01+00:00
143594020,jinan-telecom,wuhan-telecom,0.0,100.0,icmp,1592291760,2020-06-16 07:16:00+00:00
143594087,jinan-telecom,wuhan-telecom,0.0,100.0,icmp,1592295770,2020-06-16 08:22:50+00:00
143594306,jinan-telecom,wuhan-telecom,39.3043,0.0,icmp,1592295919,2020-06-16 08:25:19+00:00
143594530,jinan-telecom,wuhan-telecom,46.2849,0.0,icmp,1592296020,2020-06-16 08:27:00+00:00
143594757,jinan-telecom,wuhan-telecom,48.2219,0.0,icmp,1592296140,2020-06-16 08:29:00+00:00
143594998,jinan-telecom,wuhan-telecom,45.9787,0.0,icmp,1592296260,2020-06-16 08:31:00+00:00
143595212,jinan-telecom,wuhan-telecom,45.9838,0.0,icmp,1592296380,2020-06-16 08:33:00+00:00
143595439,jinan-telecom,wuhan-telecom,39.422,0.0,icmp,1592296445,2020-06-16 08:34:05+00:00
143595665,jinan-telecom,wuhan-telecom,44.8652,0.0,icmp,1592296620,2020-06-16 08:37:00+00:00
143596132,jinan-telecom,wuhan-telecom,49.6317,0.0,icmp,1592296860,2020-06-16 08:41:00+00:00
143596371,jinan-telecom,wuhan-telecom,51.5883,0.0,icmp,1592296980,2020-06-16 08:43:00+00:00
143596593,jinan-telecom,wuhan-telecom,49.4602,0.0,icmp,1592297100,2020-06-16 08:45:00+00:00
143596825,jinan-telecom,wuhan-telecom,48.2404,0.0,icmp,1592297220,2020-06-16 08:47:00+00:00
143597044,jinan-telecom,wuhan-telecom,44.4817,0.0,icmp,1592297340,2020-06-16 08:49:00+00:00
143597265,jinan-telecom,wuhan-telecom,47.234,0.0,icmp,1592297460,2020-06-16 08:51:00+00:00
143597500,jinan-telecom,wuhan-telecom,45.8666,0.0,icmp,1592297580,2020-06-16 08:53:00+00:00
143597740,jinan-telecom,wuhan-telecom,39.3,0.0,icmp,1592297719,2020-06-16 08:55:19+00:00
143597965,jinan-telecom,wuhan-telecom,47.5004,0.0,icmp,1592297820,2020-06-16 08:57:00+00:00
143598198,jinan-telecom,wuhan-telecom,42.2128,0.0,icmp,1592297940,2020-06-16 08:59:00+00:00
143598418,jinan-telecom,wuhan-telecom,47.5166,0.0,icmp,1592298060,2020-06-16 09:01:00+00:00
143598655,jinan-telecom,wuhan-telecom,48.1795,0.0,icmp,1592298180,2020-06-16 09:03:00+00:00
143598880,jinan-telecom,wuhan-telecom,46.6086,0.0,icmp,1592298300,2020-06-16 09:05:00+00:00
143599122,jinan-telecom,wuhan-telecom,45.3869,0.0,icmp,1592298420,2020-06-16 09:07:00+00:00
143599322,jinan-telecom,wuhan-telecom,44.4154,0.0,icmp,1592298540,2020-06-16 09:09:00+00:00
143599551,jinan-telecom,wuhan-telecom,44.6727,0.0,icmp,1592298660,2020-06-16 09:11:00+00:00
143599806,jinan-telecom,wuhan-telecom,39.4598,0.0,icmp,1592298799,2020-06-16 09:13:19+00:00
143600014,jinan-telecom,wuhan-telecom,46.3044,0.0,icmp,1592298900,2020-06-16 09:15:00+00:00
143600249,jinan-telecom,wuhan-telecom,39.4128,0.0,icmp,1592299039,2020-06-16 09:17:19+00:00
143600477,jinan-telecom,wuhan-telecom,44.6297,0.0,icmp,1592299140,2020-06-16 09:19:00+00:00
143600716,jinan-telecom,wuhan-telecom,46.8719,0.0,icmp,1592299260,2020-06-16 09:21:00+00:00
143600939,jinan-telecom,wuhan-telecom,39.289,0.0,icmp,1592299399,2020-06-16 09:23:19+00:00
143601165,jinan-telecom,wuhan-telecom,47.149,0.0,icmp,1592299500,2020-06-16 09:25:00+00:00
143601390,jinan-telecom,wuhan-telecom,39.3982,0.0,icmp,1592299639,2020-06-16 09:27:19+00:00
143601641,jinan-telecom,wuhan-telecom,47.0937,0.0,icmp,1592299740,2020-06-16 09:29:00+00:00
143601852,jinan-telecom,wuhan-telecom,47.3233,0.0,icmp,1592299860,2020-06-16 09:31:00+00:00
143602084,jinan-telecom,wuhan-telecom,47.1195,0.0,icmp,1592299980,2020-06-16 09:33:00+00:00
143602323,jinan-telecom,wuhan-telecom,39.4264,0.0,icmp,1592300119,2020-06-16 09:35:19+00:00
143602547,jinan-telecom,wuhan-telecom,39.9645,0.0,icmp,1592300220,2020-06-16 09:37:00+00:00
143602765,jinan-telecom,wuhan-telecom,47.6861,0.0,icmp,1592300340,2020-06-16 09:39:00+00:00
143603003,jinan-telecom,wuhan-telecom,49.9109,0.0,icmp,1592300460,2020-06-16 09:41:00+00:00
143603243,jinan-telecom,wuhan-telecom,44.647,0.0,icmp,1592300580,2020-06-16 09:43:00+00:00
143603455,jinan-telecom,wuhan-telecom,47.4686,0.0,icmp,1592300700,2020-06-16 09:45:00+00:00
143603700,jinan-telecom,wuhan-telecom,39.3369,0.0,icmp,1592300779,2020-06-16 09:46:19+00:00
143603914,jinan-telecom,wuhan-telecom,46.0342,0.0,icmp,1592300940,2020-06-16 09:49:00+00:00
143604147,jinan-telecom,wuhan-telecom,48.4961,0.0,icmp,1592301060,2020-06-16 09:51:00+00:00
148188385,jinan-telecom,wuhan-telecom,49.0714,0.0,icmp,1592115840,2020-06-14 06:24:00+00:00
148188613,jinan-telecom,wuhan-telecom,47.4771,0.0,icmp,1592115960,2020-06-14 06:26:00+00:00
148188850,jinan-telecom,wuhan-telecom,49.4083,3.0,icmp,1592116080,2020-06-14 06:28:00+00:00
148189061,jinan-telecom,wuhan-telecom,47.5887,0.0,icmp,1592116200,2020-06-14 06:30:00+00:00
148189293,jinan-telecom,wuhan-telecom,48.5513,0.0,icmp,1592116320,2020-06-14 06:32:00+00:00
148189526,jinan-telecom,wuhan-telecom,39.7248,0.0,icmp,1592116459,2020-06-14 06:34:19+00:00
148189768,jinan-telecom,wuhan-telecom,47.4554,0.0,icmp,1592116560,2020-06-14 06:36:00+00:00
148190001,jinan-telecom,wuhan-telecom,47.4163,1.0,icmp,1592116680,2020-06-14 06:38:00+00:00
148190204,jinan-telecom,wuhan-telecom,48.2238,0.0,icmp,1592116800,2020-06-14 06:40:00+00:00
148190433,jinan-telecom,wuhan-telecom,44.2373,0.0,icmp,1592116920,2020-06-14 06:42:00+00:00
148190678,jinan-telecom,wuhan-telecom,39.5372,0.0,icmp,1592116999,2020-06-14 06:43:19+00:00
148190920,jinan-telecom,wuhan-telecom,47.6885,0.0,icmp,1592117160,2020-06-14 06:46:00+00:00
148191120,jinan-telecom,wuhan-telecom,39.6013,0.0,icmp,1592117239,2020-06-14 06:47:19+00:00
148191371,jinan-telecom,wuhan-telecom,39.5238,0.0,icmp,1592117359,2020-06-14 06:49:19+00:00
148191591,jinan-telecom,wuhan-telecom,46.9795,1.0,icmp,1592117520,2020-06-14 06:52:00+00:00
148191829,jinan-telecom,wuhan-telecom,39.488,0.0,icmp,1592117659,2020-06-14 06:54:19+00:00
148192039,jinan-telecom,wuhan-telecom,46.6642,0.0,icmp,1592117760,2020-06-14 06:56:00+00:00
148192273,jinan-telecom,wuhan-telecom,46.4099,0.0,icmp,1592117880,2020-06-14 06:58:00+00:00
148192495,jinan-telecom,wuhan-telecom,45.2137,0.0,icmp,1592118000,2020-06-14 07:00:00+00:00
148192733,jinan-telecom,wuhan-telecom,47.9589,1.0,icmp,1592118120,2020-06-14 07:02:00+00:00
148192945,jinan-telecom,wuhan-telecom,39.6528,0.0,icmp,1592118199,2020-06-14 07:03:19+00:00
148193173,jinan-telecom,wuhan-telecom,47.1972,0.0,icmp,1592118360,2020-06-14 07:06:00+00:00
148193440,jinan-telecom,wuhan-telecom,48.192,1.0,icmp,1592118480,2020-06-14 07:08:00+00:00
148193655,jinan-telecom,wuhan-telecom,47.0283,0.0,icmp,1592118600,2020-06-14 07:10:00+00:00
148193884,jinan-telecom,wuhan-telecom,46.5771,0.0,icmp,1592118720,2020-06-14 07:12:00+00:00
148194094,jinan-telecom,wuhan-telecom,47.0148,0.0,icmp,1592118840,2020-06-14 07:14:00+00:00
148194337,jinan-telecom,wuhan-telecom,49.9483,0.0,icmp,1592118960,2020-06-14 07:16:00+00:00
148194562,jinan-telecom,wuhan-telecom,41.6408,0.0,icmp,1592119080,2020-06-14 07:18:00+00:00
148194793,jinan-telecom,wuhan-telecom,39.738,1.0,icmp,1592119159,2020-06-14 07:19:19+00:00
148195028,jinan-telecom,wuhan-telecom,47.168,1.0,icmp,1592119320,2020-06-14 07:22:00+00:00
148195263,jinan-telecom,wuhan-telecom,46.7139,2.0,icmp,1592119440,2020-06-14 07:24:00+00:00
148195468,jinan-telecom,wuhan-telecom,39.5263,0.0,icmp,1592119579,2020-06-14 07:26:19+00:00
148195717,jinan-telecom,wuhan-telecom,47.6357,0.0,icmp,1592119680,2020-06-14 07:28:00+00:00
148195951,jinan-telecom,wuhan-telecom,46.0825,1.0,icmp,1592119800,2020-06-14 07:30:00+00:00
148196170,jinan-telecom,wuhan-telecom,45.5445,0.0,icmp,1592119920,2020-06-14 07:32:00+00:00
148196388,jinan-telecom,wuhan-telecom,46.8982,0.0,icmp,1592120040,2020-06-14 07:34:00+00:00
148196629,jinan-telecom,wuhan-telecom,46.3659,0.0,icmp,1592120160,2020-06-14 07:36:00+00:00
148196862,jinan-telecom,wuhan-telecom,46.8983,0.0,icmp,1592120280,2020-06-14 07:38:00+00:00
148197069,jinan-telecom,wuhan-telecom,47.7527,1.0,icmp,1592120400,2020-06-14 07:40:00+00:00
148197322,jinan-telecom,wuhan-telecom,48.8251,0.0,icmp,1592120520,2020-06-14 07:42:00+00:00
148197538,jinan-telecom,wuhan-telecom,46.9062,1.0,icmp,1592120640,2020-06-14 07:44:00+00:00
148197803,jinan-telecom,wuhan-telecom,49.5981,0.0,icmp,1592120760,2020-06-14 07:46:00+00:00
148197993,jinan-telecom,wuhan-telecom,40.6305,1.0,icmp,1592120880,2020-06-14 07:48:00+00:00
148198242,jinan-telecom,wuhan-telecom,48.6246,1.0,icmp,1592121000,2020-06-14 07:50:00+00:00
148198445,jinan-telecom,wuhan-telecom,49.2098,1.0,icmp,1592121120,2020-06-14 07:52:00+00:00
148198687,jinan-telecom,wuhan-telecom,39.5267,0.0,icmp,1592121199,2020-06-14 07:53:19+00:00
148198917,jinan-telecom,wuhan-telecom,39.5384,0.0,icmp,1592121379,2020-06-14 07:56:19+00:00
148199128,jinan-telecom,wuhan-telecom,49.8715,3.0,icmp,1592121480,2020-06-14 07:58:00+00:00
148199370,jinan-telecom,wuhan-telecom,46.6455,0.0,icmp,1592121600,2020-06-14 08:00:00+00:00
148199603,jinan-telecom,wuhan-telecom,47.4899,1.0,icmp,1592121720,2020-06-14 08:02:00+00:00
148199820,jinan-telecom,wuhan-telecom,39.7201,0.0,icmp,1592121859,2020-06-14 08:04:19+00:00
148200053,jinan-telecom,wuhan-telecom,48.6658,1.0,icmp,1592121960,2020-06-14 08:06:00+00:00
148200276,jinan-telecom,wuhan-telecom,45.0081,0.0,icmp,1592122080,2020-06-14 08:08:00+00:00
148200532,jinan-telecom,wuhan-telecom,42.2008,0.0,icmp,1592122200,2020-06-14 08:10:00+00:00
148200759,jinan-telecom,wuhan-telecom,49.6099,0.0,icmp,1592122320,2020-06-14 08:12:00+00:00
148200975,jinan-telecom,wuhan-telecom,47.8551,2.0,icmp,1592122440,2020-06-14 08:14:00+00:00
148201197,jinan-telecom,wuhan-telecom,48.7347,1.0,icmp,1592122560,2020-06-14 08:16:00+00:00
148201421,jinan-telecom,wuhan-telecom,47.4986,2.0,icmp,1592122680,2020-06-14 08:18:00+00:00
148201680,jinan-telecom,wuhan-telecom,39.5795,1.0,icmp,1592122819,2020-06-14 08:20:19+00:00
148201902,jinan-telecom,wuhan-telecom,39.5644,0.0,icmp,1592122939,2020-06-14 08:22:19+00:00
148202116,jinan-telecom,wuhan-telecom,46.685,1.0,icmp,1592123040,2020-06-14 08:24:00+00:00
148202354,jinan-telecom,wuhan-telecom,47.5664,5.0,icmp,1592123160,2020-06-14 08:26:00+00:00
148202578,jinan-telecom,wuhan-telecom,48.2096,0.0,icmp,1592123280,2020-06-14 08:28:00+00:00
148202819,jinan-telecom,wuhan-telecom,46.2842,1.0,icmp,1592123400,2020-06-14 08:30:00+00:00
148203035,jinan-telecom,wuhan-telecom,49.9977,2.0,icmp,1592123520,2020-06-14 08:32:00+00:00
148203262,jinan-telecom,wuhan-telecom,46.7593,0.0,icmp,1592123640,2020-06-14 08:34:00+00:00
148203487,jinan-telecom,wuhan-telecom,45.4953,0.0,icmp,1592123760,2020-06-14 08:36:00+00:00
148203717,jinan-telecom,wuhan-telecom,46.8645,1.0,icmp,1592123880,2020-06-14 08:38:00+00:00
148203948,jinan-telecom,wuhan-telecom,48.0752,1.0,icmp,1592124000,2020-06-14 08:40:00+00:00
148204189,jinan-telecom,wuhan-telecom,47.1488,0.0,icmp,1592124120,2020-06-14 08:42:00+00:00
148204412,jinan-telecom,wuhan-telecom,46.6243,0.0,icmp,1592124240,2020-06-14 08:44:00+00:00
148204630,jinan-telecom,wuhan-telecom,46.9081,0.0,icmp,1592124360,2020-06-14 08:46:00+00:00
148204856,jinan-telecom,wuhan-telecom,46.4491,0.0,icmp,1592124480,2020-06-14 08:48:00+00:00
148205106,jinan-telecom,wuhan-telecom,39.5708,3.0,icmp,1592124619,2020-06-14 08:50:19+00:00
148205321,jinan-telecom,wuhan-telecom,48.2381,1.0,icmp,1592124720,2020-06-14 08:52:00+00:00
148205569,jinan-telecom,wuhan-telecom,48.0996,0.0,icmp,1592124840,2020-06-14 08:54:00+00:00
148205798,jinan-telecom,wuhan-telecom,46.4939,2.0,icmp,1592124960,2020-06-14 08:56:00+00:00
148206011,jinan-telecom,wuhan-telecom,47.9973,0.0,icmp,1592125080,2020-06-14 08:58:00+00:00
148206246,jinan-telecom,wuhan-telecom,46.3308,1.0,icmp,1592125200,2020-06-14 09:00:00+00:00
148206466,jinan-telecom,wuhan-telecom,48.4664,0.0,icmp,1592125320,2020-06-14 09:02:00+00:00
148206690,jinan-telecom,wuhan-telecom,45.0133,0.0,icmp,1592125440,2020-06-14 09:04:00+00:00
148206930,jinan-telecom,wuhan-telecom,39.7154,0.0,icmp,1592125519,2020-06-14 09:05:19+00:00
148207157,jinan-telecom,wuhan-telecom,48.6098,1.0,icmp,1592125680,2020-06-14 09:08:00+00:00
148207374,jinan-telecom,wuhan-telecom,48.7608,0.0,icmp,1592125800,2020-06-14 09:10:00+00:00
148207626,jinan-telecom,wuhan-telecom,39.6522,1.0,icmp,1592125939,2020-06-14 09:12:19+00:00
148207849,jinan-telecom,wuhan-telecom,48.7807,1.0,icmp,1592126040,2020-06-14 09:14:00+00:00
148208083,jinan-telecom,wuhan-telecom,48.1356,1.0,icmp,1592126160,2020-06-14 09:16:00+00:00
148208319,jinan-telecom,wuhan-telecom,46.9241,2.0,icmp,1592126280,2020-06-14 09:18:00+00:00
148208546,jinan-telecom,wuhan-telecom,39.4773,0.0,icmp,1592126359,2020-06-14 09:19:19+00:00
148208757,jinan-telecom,wuhan-telecom,47.7222,0.0,icmp,1592126520,2020-06-14 09:22:00+00:00
148208983,jinan-telecom,wuhan-telecom,41.9587,1.0,icmp,1592126584,2020-06-14 09:23:04+00:00
148209228,jinan-telecom,wuhan-telecom,48.5909,0.0,icmp,1592126760,2020-06-14 09:26:00+00:00
148209457,jinan-telecom,wuhan-telecom,48.8043,0.0,icmp,1592126880,2020-06-14 09:28:00+00:00
148209683,jinan-telecom,wuhan-telecom,48.8514,0.0,icmp,1592127000,2020-06-14 09:30:00+00:00
148209902,jinan-telecom,wuhan-telecom,39.579,0.0,icmp,1592127064,2020-06-14 09:31:04+00:00
148210127,jinan-telecom,wuhan-telecom,39.4777,1.0,icmp,1592127199,2020-06-14 09:33:19+00:00
148210357,jinan-telecom,wuhan-telecom,48.2419,0.0,icmp,1592127360,2020-06-14 09:36:00+00:00
148210604,jinan-telecom,wuhan-telecom,39.7859,0.0,icmp,1592127439,2020-06-14 09:37:19+00:00
148210808,jinan-telecom,wuhan-telecom,47.8261,0.0,icmp,1592127600,2020-06-14 09:40:00+00:00
148211048,jinan-telecom,wuhan-telecom,47.8596,0.0,icmp,1592127720,2020-06-14 09:42:00+00:00
148211294,jinan-telecom,wuhan-telecom,46.7536,0.0,icmp,1592127840,2020-06-14 09:44:00+00:00
148211511,jinan-telecom,wuhan-telecom,48.4149,0.0,icmp,1592127960,2020-06-14 09:46:00+00:00
148211755,jinan-telecom,wuhan-telecom,47.9985,0.0,icmp,1592128080,2020-06-14 09:48:00+00:00
148211979,jinan-telecom,wuhan-telecom,47.8854,0.0,icmp,1592128200,2020-06-14 09:50:00+00:00
148212217,jinan-telecom,wuhan-telecom,45.2007,0.0,icmp,1592128320,2020-06-14 09:52:00+00:00
148212428,jinan-telecom,wuhan-telecom,39.3922,0.0,icmp,1592128399,2020-06-14 09:53:19+00:00
148212644,jinan-telecom,wuhan-telecom,45.1161,0.0,icmp,1592128560,2020-06-14 09:56:00+00:00
148212894,jinan-telecom,wuhan-telecom,47.5479,1.0,icmp,1592128680,2020-06-14 09:58:00+00:00
148213140,jinan-telecom,wuhan-telecom,46.961,2.0,icmp,1592128800,2020-06-14 10:00:00+00:00
148213342,jinan-telecom,wuhan-telecom,39.422,0.0,icmp,1592128879,2020-06-14 10:01:19+00:00
148213577,jinan-telecom,wuhan-telecom,39.4218,2.0,icmp,1592128999,2020-06-14 10:03:19+00:00
148213788,jinan-telecom,wuhan-telecom,46.6851,0.0,icmp,1592129160,2020-06-14 10:06:00+00:00
148214016,jinan-telecom,wuhan-telecom,39.4004,0.0,icmp,1592129299,2020-06-14 10:08:19+00:00
148214241,jinan-telecom,wuhan-telecom,46.6849,0.0,icmp,1592129400,2020-06-14 10:10:00+00:00
148214494,jinan-telecom,wuhan-telecom,46.0117,0.0,icmp,1592129520,2020-06-14 10:12:00+00:00
148214737,jinan-telecom,wuhan-telecom,45.606,0.0,icmp,1592129640,2020-06-14 10:14:00+00:00
148214954,jinan-telecom,wuhan-telecom,39.7018,1.0,icmp,1592129779,2020-06-14 10:16:19+00:00
148215163,jinan-telecom,wuhan-telecom,47.9628,0.0,icmp,1592129880,2020-06-14 10:18:00+00:00
148215388,jinan-telecom,wuhan-telecom,48.3339,1.0,icmp,1592130000,2020-06-14 10:20:00+00:00
148215632,jinan-telecom,wuhan-telecom,39.415,0.0,icmp,1592130139,2020-06-14 10:22:19+00:00
148215874,jinan-telecom,wuhan-telecom,44.5152,0.0,icmp,1592130240,2020-06-14 10:24:00+00:00
148216115,jinan-telecom,wuhan-telecom,49.0576,1.0,icmp,1592130360,2020-06-14 10:26:00+00:00
148216314,jinan-telecom,wuhan-telecom,46.7885,1.0,icmp,1592130480,2020-06-14 10:28:00+00:00
148216541,jinan-telecom,wuhan-telecom,39.6088,0.0,icmp,1592130559,2020-06-14 10:29:19+00:00
148216765,jinan-telecom,wuhan-telecom,45.5586,1.0,icmp,1592130720,2020-06-14 10:32:00+00:00
148217014,jinan-telecom,wuhan-telecom,39.4783,0.0,icmp,1592130859,2020-06-14 10:34:19+00:00
148217222,jinan-telecom,wuhan-telecom,39.468,0.0,icmp,1592130979,2020-06-14 10:36:19+00:00
148217449,jinan-telecom,wuhan-telecom,47.6816,0.0,icmp,1592131080,2020-06-14 10:38:00+00:00
148217685,jinan-telecom,wuhan-telecom,44.3387,0.0,icmp,1592131200,2020-06-14 10:40:00+00:00
148217928,jinan-telecom,wuhan-telecom,48.7856,0.0,icmp,1592131320,2020-06-14 10:42:00+00:00
148218155,jinan-telecom,wuhan-telecom,48.0615,0.0,icmp,1592131440,2020-06-14 10:44:00+00:00
148218387,jinan-telecom,wuhan-telecom,47.6772,0.0,icmp,1592131560,2020-06-14 10:46:00+00:00
148218614,jinan-telecom,wuhan-telecom,45.7543,0.0,icmp,1592131680,2020-06-14 10:48:00+00:00
148218834,jinan-telecom,wuhan-telecom,48.294,0.0,icmp,1592131800,2020-06-14 10:50:00+00:00
148219076,jinan-telecom,wuhan-telecom,47.1162,0.0,icmp,1592131920,2020-06-14 10:52:00+00:00
148219310,jinan-telecom,wuhan-telecom,47.1872,0.0,icmp,1592132040,2020-06-14 10:54:00+00:00
148219526,jinan-telecom,wuhan-telecom,47.3384,0.0,icmp,1592132160,2020-06-14 10:56:00+00:00
148219744,jinan-telecom,wuhan-telecom,47.0505,0.0,icmp,1592132280,2020-06-14 10:58:00+00:00
148219995,jinan-telecom,wuhan-telecom,39.432,0.0,icmp,1592132359,2020-06-14 10:59:19+00:00
148220201,jinan-telecom,wuhan-telecom,48.3191,0.0,icmp,1592132520,2020-06-14 11:02:00+00:00
148220442,jinan-telecom,wuhan-telecom,48.0779,0.0,icmp,1592132640,2020-06-14 11:04:00+00:00
148220668,jinan-telecom,wuhan-telecom,45.6267,0.0,icmp,1592132760,2020-06-14 11:06:00+00:00
148220888,jinan-telecom,wuhan-telecom,47.7104,0.0,icmp,1592132880,2020-06-14 11:08:00+00:00
148221131,jinan-telecom,wuhan-telecom,39.4149,0.0,icmp,1592133019,2020-06-14 11:10:19+00:00
148221370,jinan-telecom,wuhan-telecom,47.8293,0.0,icmp,1592133120,2020-06-14 11:12:00+00:00
148221576,jinan-telecom,wuhan-telecom,39.6317,0.0,icmp,1592133199,2020-06-14 11:13:19+00:00
148221810,jinan-telecom,wuhan-telecom,41.5275,0.0,icmp,1592133360,2020-06-14 11:16:00+00:00
148222052,jinan-telecom,wuhan-telecom,47.8145,1.0,icmp,1592133480,2020-06-14 11:18:00+00:00
148222262,jinan-telecom,wuhan-telecom,47.5974,0.0,icmp,1592133600,2020-06-14 11:20:00+00:00
148222505,jinan-telecom,wuhan-telecom,45.9082,0.0,icmp,1592133720,2020-06-14 11:22:00+00:00
148222721,jinan-telecom,wuhan-telecom,47.4515,0.0,icmp,1592133840,2020-06-14 11:24:00+00:00
148222947,jinan-telecom,wuhan-telecom,45.6829,0.0,icmp,1592133960,2020-06-14 11:26:00+00:00
148223187,jinan-telecom,wuhan-telecom,39.6682,0.0,icmp,1592134039,2020-06-14 11:27:19+00:00
148223423,jinan-telecom,wuhan-telecom,46.1843,0.0,icmp,1592134200,2020-06-14 11:30:00+00:00
148223645,jinan-telecom,wuhan-telecom,46.7343,0.0,icmp,1592134320,2020-06-14 11:32:00+00:00
148223868,jinan-telecom,wuhan-telecom,46.2686,1.0,icmp,1592134440,2020-06-14 11:34:00+00:00
148224099,jinan-telecom,wuhan-telecom,47.5781,0.0,icmp,1592134560,2020-06-14 11:36:00+00:00
148224332,jinan-telecom,wuhan-telecom,49.1811,0.0,icmp,1592134680,2020-06-14 11:38:00+00:00
148224556,jinan-telecom,wuhan-telecom,47.9462,0.0,icmp,1592134800,2020-06-14 11:40:00+00:00
148224803,jinan-telecom,wuhan-telecom,47.3256,1.0,icmp,1592134920,2020-06-14 11:42:00+00:00
148225027,jinan-telecom,wuhan-telecom,45.8189,1.0,icmp,1592135040,2020-06-14 11:44:00+00:00
148225247,jinan-telecom,wuhan-telecom,47.6382,0.0,icmp,1592135160,2020-06-14 11:46:00+00:00
148225469,jinan-telecom,wuhan-telecom,47.6406,1.0,icmp,1592135280,2020-06-14 11:48:00+00:00
148225710,jinan-telecom,wuhan-telecom,39.549,3.0,icmp,1592135419,2020-06-14 11:50:19+00:00
148225923,jinan-telecom,wuhan-telecom,47.475,0.0,icmp,1592135520,2020-06-14 11:52:00+00:00
148226148,jinan-telecom,wuhan-telecom,46.7213,0.0,icmp,1592135640,2020-06-14 11:54:00+00:00
148226387,jinan-telecom,wuhan-telecom,47.1091,3.0,icmp,1592135760,2020-06-14 11:56:00+00:00
148226633,jinan-telecom,wuhan-telecom,44.6993,0.0,icmp,1592135880,2020-06-14 11:58:00+00:00
148226841,jinan-telecom,wuhan-telecom,46.6611,0.0,icmp,1592136000,2020-06-14 12:00:00+00:00
148227089,jinan-telecom,wuhan-telecom,39.5565,0.0,icmp,1592136079,2020-06-14 12:01:19+00:00
148227315,jinan-telecom,wuhan-telecom,39.6047,2.0,icmp,1592136259,2020-06-14 12:04:19+00:00
148227524,jinan-telecom,wuhan-telecom,44.8415,2.0,icmp,1592136360,2020-06-14 12:06:00+00:00
148227763,jinan-telecom,wuhan-telecom,39.7355,0.0,icmp,1592136424,2020-06-14 12:07:04+00:00
148228009,jinan-telecom,wuhan-telecom,48.5032,0.0,icmp,1592136600,2020-06-14 12:10:00+00:00
148228214,jinan-telecom,wuhan-telecom,44.1199,2.0,icmp,1592136720,2020-06-14 12:12:00+00:00
148228441,jinan-telecom,wuhan-telecom,46.9821,0.0,icmp,1592136840,2020-06-14 12:14:00+00:00
148228677,jinan-telecom,wuhan-telecom,39.7012,2.0,icmp,1592136919,2020-06-14 12:15:19+00:00
148228917,jinan-telecom,wuhan-telecom,47.5889,3.0,icmp,1592137080,2020-06-14 12:18:00+00:00
148229137,jinan-telecom,wuhan-telecom,47.4544,2.0,icmp,1592137200,2020-06-14 12:20:00+00:00
148229377,jinan-telecom,wuhan-telecom,41.5082,1.0,icmp,1592137320,2020-06-14 12:22:00+00:00
148229608,jinan-telecom,wuhan-telecom,39.7385,2.0,icmp,1592137399,2020-06-14 12:23:19+00:00
148229838,jinan-telecom,wuhan-telecom,46.4801,1.0,icmp,1592137560,2020-06-14 12:26:00+00:00
148230056,jinan-telecom,wuhan-telecom,39.9329,3.0,icmp,1592137699,2020-06-14 12:28:19+00:00
148230295,jinan-telecom,wuhan-telecom,47.7739,1.0,icmp,1592137800,2020-06-14 12:30:00+00:00
148230528,jinan-telecom,wuhan-telecom,45.6627,5.0,icmp,1592137920,2020-06-14 12:32:00+00:00
148230749,jinan-telecom,wuhan-telecom,47.0796,5.0,icmp,1592138040,2020-06-14 12:34:00+00:00
148230986,jinan-telecom,wuhan-telecom,42.604,5.0,icmp,1592138160,2020-06-14 12:36:00+00:00
148231213,jinan-telecom,wuhan-telecom,42.3254,6.0,icmp,1592138280,2020-06-14 12:38:00+00:00
148231435,jinan-telecom,wuhan-telecom,48.8209,2.0,icmp,1592138400,2020-06-14 12:40:00+00:00
148231683,jinan-telecom,wuhan-telecom,40.3842,3.0,icmp,1592138479,2020-06-14 12:41:19+00:00
148231894,jinan-telecom,wuhan-telecom,47.2114,0.0,icmp,1592138640,2020-06-14 12:44:00+00:00
148232114,jinan-telecom,wuhan-telecom,48.7262,2.0,icmp,1592138760,2020-06-14 12:46:00+00:00
148232361,jinan-telecom,wuhan-telecom,42.6108,4.0,icmp,1592138880,2020-06-14 12:48:00+00:00
148232567,jinan-telecom,wuhan-telecom,40.2671,3.0,icmp,1592139010,2020-06-14 12:50:10+00:00
148232804,jinan-telecom,wuhan-telecom,46.9651,1.0,icmp,1592139120,2020-06-14 12:52:00+00:00
148233046,jinan-telecom,wuhan-telecom,46.9872,3.0,icmp,1592139240,2020-06-14 12:54:00+00:00
148233278,jinan-telecom,wuhan-telecom,47.6847,5.0,icmp,1592139360,2020-06-14 12:56:00+00:00
148233499,jinan-telecom,wuhan-telecom,47.7498,10.0,icmp,1592139480,2020-06-14 12:58:00+00:00
148233719,jinan-telecom,wuhan-telecom,47.0611,4.0,icmp,1592139600,2020-06-14 13:00:00+00:00
148233936,jinan-telecom,wuhan-telecom,46.6372,3.0,icmp,1592139720,2020-06-14 13:02:00+00:00
148234171,jinan-telecom,wuhan-telecom,39.9611,5.0,icmp,1592139859,2020-06-14 13:04:19+00:00
148234410,jinan-telecom,wuhan-telecom,47.9782,9.0,icmp,1592139960,2020-06-14 13:06:00+00:00
148234639,jinan-telecom,wuhan-telecom,46.3059,4.0,icmp,1592140080,2020-06-14 13:08:00+00:00
148234867,jinan-telecom,wuhan-telecom,47.7209,2.0,icmp,1592140200,2020-06-14 13:10:00+00:00
148235093,jinan-telecom,wuhan-telecom,40.0504,5.0,icmp,1592140279,2020-06-14 13:11:19+00:00
148235350,jinan-telecom,wuhan-telecom,47.2468,7.0,icmp,1592140440,2020-06-14 13:14:00+00:00
148235553,jinan-telecom,wuhan-telecom,48.2839,8.0,icmp,1592140560,2020-06-14 13:16:00+00:00
148235780,jinan-telecom,wuhan-telecom,50.3368,7.0,icmp,1592140680,2020-06-14 13:18:00+00:00
148236015,jinan-telecom,wuhan-telecom,40.1231,6.0,icmp,1592140759,2020-06-14 13:19:19+00:00
148236242,jinan-telecom,wuhan-telecom,47.3958,5.0,icmp,1592140920,2020-06-14 13:22:00+00:00
148236481,jinan-telecom,wuhan-telecom,39.9295,4.0,icmp,1592140999,2020-06-14 13:23:19+00:00
148236721,jinan-telecom,wuhan-telecom,46.0163,6.0,icmp,1592141160,2020-06-14 13:26:00+00:00
148236920,jinan-telecom,wuhan-telecom,46.79,8.0,icmp,1592141280,2020-06-14 13:28:00+00:00
148237154,jinan-telecom,wuhan-telecom,40.1556,9.0,icmp,1592141405,2020-06-14 13:30:05+00:00
148237390,jinan-telecom,wuhan-telecom,48.5834,5.0,icmp,1592141520,2020-06-14 13:32:00+00:00
148237633,jinan-telecom,wuhan-telecom,48.5089,8.0,icmp,1592141640,2020-06-14 13:34:00+00:00
148237837,jinan-telecom,wuhan-telecom,47.9555,8.0,icmp,1592141760,2020-06-14 13:36:00+00:00
148238071,jinan-telecom,wuhan-telecom,47.8003,5.0,icmp,1592141880,2020-06-14 13:38:00+00:00
148238323,jinan-telecom,wuhan-telecom,40.4286,8.0,icmp,1592142019,2020-06-14 13:40:19+00:00
148238530,jinan-telecom,wuhan-telecom,48.5018,3.0,icmp,1592142120,2020-06-14 13:42:00+00:00
148238774,jinan-telecom,wuhan-telecom,40.898,7.0,icmp,1592142259,2020-06-14 13:44:19+00:00
148238983,jinan-telecom,wuhan-telecom,40.3149,3.0,icmp,1592142379,2020-06-14 13:46:19+00:00
148239210,jinan-telecom,wuhan-telecom,42.5384,3.0,icmp,1592142480,2020-06-14 13:48:00+00:00
148239440,jinan-telecom,wuhan-telecom,47.4336,5.0,icmp,1592142600,2020-06-14 13:50:00+00:00
148239681,jinan-telecom,wuhan-telecom,45.9881,7.0,icmp,1592142720,2020-06-14 13:52:00+00:00
148239882,jinan-telecom,wuhan-telecom,40.4931,8.0,icmp,1592142859,2020-06-14 13:54:19+00:00
148240140,jinan-telecom,wuhan-telecom,47.1461,5.0,icmp,1592142960,2020-06-14 13:56:00+00:00
148240367,jinan-telecom,wuhan-telecom,47.9278,3.0,icmp,1592143080,2020-06-14 13:58:00+00:00
148240583,jinan-telecom,wuhan-telecom,49.143,13.0,icmp,1592143200,2020-06-14 14:00:00+00:00
148240829,jinan-telecom,wuhan-telecom,43.0394,6.0,icmp,1592143320,2020-06-14 14:02:00+00:00
148241044,jinan-telecom,wuhan-telecom,49.2122,7.0,icmp,1592143440,2020-06-14 14:04:00+00:00
148241279,jinan-telecom,wuhan-telecom,39.9068,5.0,icmp,1592143579,2020-06-14 14:06:19+00:00
148241502,jinan-telecom,wuhan-telecom,48.1657,7.0,icmp,1592143680,2020-06-14 14:08:00+00:00
148241737,jinan-telecom,wuhan-telecom,48.4802,7.0,icmp,1592143800,2020-06-14 14:10:00+00:00
148241963,jinan-telecom,wuhan-telecom,39.8432,3.0,icmp,1592143879,2020-06-14 14:11:19+00:00
148242194,jinan-telecom,wuhan-telecom,49.4241,3.0,icmp,1592144040,2020-06-14 14:14:00+00:00
148242422,jinan-telecom,wuhan-telecom,46.9903,1.0,icmp,1592144160,2020-06-14 14:16:00+00:00
148242641,jinan-telecom,wuhan-telecom,48.0856,4.0,icmp,1592144280,2020-06-14 14:18:00+00:00
148242875,jinan-telecom,wuhan-telecom,46.4675,0.0,icmp,1592144400,2020-06-14 14:20:00+00:00
148243101,jinan-telecom,wuhan-telecom,47.3921,2.0,icmp,1592144520,2020-06-14 14:22:00+00:00
148243345,jinan-telecom,wuhan-telecom,47.6341,1.0,icmp,1592144640,2020-06-14 14:24:00+00:00
148243582,jinan-telecom,wuhan-telecom,40.0684,3.0,icmp,1592144719,2020-06-14 14:25:19+00:00
148243792,jinan-telecom,wuhan-telecom,46.2525,3.0,icmp,1592144880,2020-06-14 14:28:00+00:00
148244014,jinan-telecom,wuhan-telecom,39.9372,1.0,icmp,1592144959,2020-06-14 14:29:19+00:00
148244258,jinan-telecom,wuhan-telecom,47.6033,2.0,icmp,1592145120,2020-06-14 14:32:00+00:00
148244479,jinan-telecom,wuhan-telecom,46.0981,4.0,icmp,1592145240,2020-06-14 14:34:00+00:00
148244710,jinan-telecom,wuhan-telecom,39.8626,2.0,icmp,1592145360,2020-06-14 14:36:00+00:00
148244968,jinan-telecom,wuhan-telecom,46.737,4.0,icmp,1592145480,2020-06-14 14:38:00+00:00
148245164,jinan-telecom,wuhan-telecom,47.1276,0.0,icmp,1592145600,2020-06-14 14:40:00+00:00
148245404,jinan-telecom,wuhan-telecom,48.3916,4.0,icmp,1592145720,2020-06-14 14:42:00+00:00
148245639,jinan-telecom,wuhan-telecom,39.6553,2.0,icmp,1592145799,2020-06-14 14:43:19+00:00
148245855,jinan-telecom,wuhan-telecom,39.7236,1.0,icmp,1592145979,2020-06-14 14:46:19+00:00
148246087,jinan-telecom,wuhan-telecom,39.707,0.0,icmp,1592146099,2020-06-14 14:48:19+00:00
148246327,jinan-telecom,wuhan-telecom,45.5482,3.0,icmp,1592146200,2020-06-14 14:50:00+00:00
148246548,jinan-telecom,wuhan-telecom,46.3443,0.0,icmp,1592146320,2020-06-14 14:52:00+00:00
148246766,jinan-telecom,wuhan-telecom,46.4492,0.0,icmp,1592146440,2020-06-14 14:54:00+00:00
148247002,jinan-telecom,wuhan-telecom,46.6505,0.0,icmp,1592146560,2020-06-14 14:56:00+00:00
148247236,jinan-telecom,wuhan-telecom,46.3668,1.0,icmp,1592146680,2020-06-14 14:58:00+00:00
148247453,jinan-telecom,wuhan-telecom,46.3725,0.0,icmp,1592146800,2020-06-14 15:00:00+00:00
148247679,jinan-telecom,wuhan-telecom,39.6299,1.0,icmp,1592146879,2020-06-14 15:01:19+00:00
148247906,jinan-telecom,wuhan-telecom,47.366,1.0,icmp,1592147040,2020-06-14 15:04:00+00:00
148248156,jinan-telecom,wuhan-telecom,39.5038,0.0,icmp,1592147179,2020-06-14 15:06:19+00:00
148248377,jinan-telecom,wuhan-telecom,47.5694,0.0,icmp,1592147280,2020-06-14 15:08:00+00:00
148248600,jinan-telecom,wuhan-telecom,47.2429,0.0,icmp,1592147400,2020-06-14 15:10:00+00:00
148248833,jinan-telecom,wuhan-telecom,47.6576,0.0,icmp,1592147520,2020-06-14 15:12:00+00:00
148249061,jinan-telecom,wuhan-telecom,47.1789,0.0,icmp,1592147640,2020-06-14 15:14:00+00:00
148249292,jinan-telecom,wuhan-telecom,46.5396,0.0,icmp,1592147760,2020-06-14 15:16:00+00:00
148249532,jinan-telecom,wuhan-telecom,48.748,0.0,icmp,1592147880,2020-06-14 15:18:00+00:00
148249754,jinan-telecom,wuhan-telecom,49.555,0.0,icmp,1592148000,2020-06-14 15:20:00+00:00
148249990,jinan-telecom,wuhan-telecom,46.6043,0.0,icmp,1592148120,2020-06-14 15:22:00+00:00
148250193,jinan-telecom,wuhan-telecom,39.5079,0.0,icmp,1592148199,2020-06-14 15:23:19+00:00
148250461,jinan-telecom,wuhan-telecom,39.3458,0.0,icmp,1592148319,2020-06-14 15:25:19+00:00
148250656,jinan-telecom,wuhan-telecom,47.252,0.0,icmp,1592148480,2020-06-14 15:28:00+00:00
148250897,jinan-telecom,wuhan-telecom,48.2613,0.0,icmp,1592148600,2020-06-14 15:30:00+00:00
148251139,jinan-telecom,wuhan-telecom,48.6232,0.0,icmp,1592148720,2020-06-14 15:32:00+00:00
148251363,jinan-telecom,wuhan-telecom,39.3331,0.0,icmp,1592148859,2020-06-14 15:34:19+00:00
148251585,jinan-telecom,wuhan-telecom,39.3196,0.0,icmp,1592148979,2020-06-14 15:36:19+00:00
148251813,jinan-telecom,wuhan-telecom,45.8287,0.0,icmp,1592149080,2020-06-14 15:38:00+00:00
148252051,jinan-telecom,wuhan-telecom,46.7977,0.0,icmp,1592149200,2020-06-14 15:40:00+00:00
148252259,jinan-telecom,wuhan-telecom,46.554,0.0,icmp,1592149320,2020-06-14 15:42:00+00:00
148252490,jinan-telecom,wuhan-telecom,47.2525,0.0,icmp,1592149440,2020-06-14 15:44:00+00:00
148252728,jinan-telecom,wuhan-telecom,47.5409,0.0,icmp,1592149560,2020-06-14 15:46:00+00:00
148252971,jinan-telecom,wuhan-telecom,46.1448,0.0,icmp,1592149680,2020-06-14 15:48:00+00:00
148253186,jinan-telecom,wuhan-telecom,48.4332,0.0,icmp,1592149800,2020-06-14 15:50:00+00:00
148253409,jinan-telecom,wuhan-telecom,39.5157,0.0,icmp,1592149939,2020-06-14 15:52:19+00:00
148253649,jinan-telecom,wuhan-telecom,47.0258,0.0,icmp,1592150040,2020-06-14 15:54:00+00:00
148253852,jinan-telecom,wuhan-telecom,48.2017,0.0,icmp,1592150160,2020-06-14 15:56:00+00:00
148254107,jinan-telecom,wuhan-telecom,39.3414,0.0,icmp,1592150239,2020-06-14 15:57:19+00:00
148254335,jinan-telecom,wuhan-telecom,39.3645,0.0,icmp,1592150419,2020-06-14 16:00:19+00:00
148254569,jinan-telecom,wuhan-telecom,144.5475,15.0,icmp,1592150524,2020-06-14 16:02:04+00:00
148254778,jinan-telecom,wuhan-telecom,141.0788,4.0,icmp,1592150640,2020-06-14 16:04:00+00:00
148255023,jinan-telecom,wuhan-telecom,141.1763,3.0,icmp,1592150765,2020-06-14 16:06:05+00:00
148255233,jinan-telecom,wuhan-telecom,140.995,5.0,icmp,1592150880,2020-06-14 16:08:00+00:00
148255471,jinan-telecom,wuhan-telecom,140.8948,8.0,icmp,1592151000,2020-06-14 16:10:00+00:00
148255717,jinan-telecom,wuhan-telecom,139.812,3.0,icmp,1592151120,2020-06-14 16:12:00+00:00
148255921,jinan-telecom,wuhan-telecom,139.0919,5.0,icmp,1592151240,2020-06-14 16:14:00+00:00
148256166,jinan-telecom,wuhan-telecom,138.3556,4.0,icmp,1592151360,2020-06-14 16:16:00+00:00
148256380,jinan-telecom,wuhan-telecom,139.0985,7.0,icmp,1592151480,2020-06-14 16:18:00+00:00
148256609,jinan-telecom,wuhan-telecom,138.2675,7.0,icmp,1592151600,2020-06-14 16:20:00+00:00
148256855,jinan-telecom,wuhan-telecom,139.0401,5.0,icmp,1592151720,2020-06-14 16:22:00+00:00
148257076,jinan-telecom,wuhan-telecom,139.0059,2.0,icmp,1592151840,2020-06-14 16:24:00+00:00
148257303,jinan-telecom,wuhan-telecom,138.1664,5.0,icmp,1592151960,2020-06-14 16:26:00+00:00
148257531,jinan-telecom,wuhan-telecom,136.5924,3.0,icmp,1592152080,2020-06-14 16:28:00+00:00
148257752,jinan-telecom,wuhan-telecom,137.2037,2.0,icmp,1592152159,2020-06-14 16:29:19+00:00
148257999,jinan-telecom,wuhan-telecom,136.1491,1.0,icmp,1592152320,2020-06-14 16:32:00+00:00
148258213,jinan-telecom,wuhan-telecom,137.2964,3.0,icmp,1592152384,2020-06-14 16:33:04+00:00
148258456,jinan-telecom,wuhan-telecom,134.5997,3.0,icmp,1592152560,2020-06-14 16:36:00+00:00
148258697,jinan-telecom,wuhan-telecom,134.1257,0.0,icmp,1592152680,2020-06-14 16:38:00+00:00
148258897,jinan-telecom,wuhan-telecom,133.5258,2.0,icmp,1592152800,2020-06-14 16:40:00+00:00
148259150,jinan-telecom,wuhan-telecom,133.6085,1.0,icmp,1592152920,2020-06-14 16:42:00+00:00
148259359,jinan-telecom,wuhan-telecom,132.9084,1.0,icmp,1592153040,2020-06-14 16:44:00+00:00
148259590,jinan-telecom,wuhan-telecom,133.0948,3.0,icmp,1592153179,2020-06-14 16:46:19+00:00
148259815,jinan-telecom,wuhan-telecom,131.9408,1.0,icmp,1592153280,2020-06-14 16:48:00+00:00
148260048,jinan-telecom,wuhan-telecom,131.808,2.0,icmp,1592153400,2020-06-14 16:50:00+00:00
148260276,jinan-telecom,wuhan-telecom,133.0614,1.0,icmp,1592153520,2020-06-14 16:52:00+00:00
148260529,jinan-telecom,wuhan-telecom,133.033,1.0,icmp,1592153599,2020-06-14 16:53:19+00:00
148260736,jinan-telecom,wuhan-telecom,132.5009,1.0,icmp,1592153760,2020-06-14 16:56:00+00:00
148260967,jinan-telecom,wuhan-telecom,133.6443,0.0,icmp,1592153880,2020-06-14 16:58:00+00:00
148261201,jinan-telecom,wuhan-telecom,132.6623,0.0,icmp,1592153959,2020-06-14 16:59:19+00:00
148261427,jinan-telecom,wuhan-telecom,133.7842,0.0,icmp,1592154120,2020-06-14 17:02:00+00:00
148261673,jinan-telecom,wuhan-telecom,131.2786,0.0,icmp,1592154240,2020-06-14 17:04:00+00:00
148261904,jinan-telecom,wuhan-telecom,126.8299,0.0,icmp,1592154360,2020-06-14 17:06:00+00:00
148262111,jinan-telecom,wuhan-telecom,127.0389,0.0,icmp,1592154480,2020-06-14 17:08:00+00:00
148262353,jinan-telecom,wuhan-telecom,120.3383,0.0,icmp,1592154600,2020-06-14 17:10:00+00:00
148262585,jinan-telecom,wuhan-telecom,132.4649,0.0,icmp,1592154720,2020-06-14 17:12:00+00:00
148262812,jinan-telecom,wuhan-telecom,129.3513,0.0,icmp,1592154840,2020-06-14 17:14:00+00:00
148263026,jinan-telecom,wuhan-telecom,129.0123,0.0,icmp,1592154919,2020-06-14 17:15:19+00:00
148263250,jinan-telecom,wuhan-telecom,128.4929,0.0,icmp,1592155080,2020-06-14 17:18:00+00:00
148263494,jinan-telecom,wuhan-telecom,102.059,0.0,icmp,1592155200,2020-06-14 17:20:00+00:00
148263735,jinan-telecom,wuhan-telecom,75.3423,0.0,icmp,1592155320,2020-06-14 17:22:00+00:00
148263944,jinan-telecom,wuhan-telecom,43.2197,0.0,icmp,1592155399,2020-06-14 17:23:19+00:00
148264180,jinan-telecom,wuhan-telecom,56.5938,0.0,icmp,1592155560,2020-06-14 17:26:00+00:00
148264409,jinan-telecom,wuhan-telecom,49.7675,0.0,icmp,1592155680,2020-06-14 17:28:00+00:00
148264624,jinan-telecom,wuhan-telecom,43.2119,0.0,icmp,1592155800,2020-06-14 17:30:00+00:00
148264857,jinan-telecom,wuhan-telecom,44.4017,0.0,icmp,1592155920,2020-06-14 17:32:00+00:00
148265107,jinan-telecom,wuhan-telecom,46.5637,0.0,icmp,1592156040,2020-06-14 17:34:00+00:00
148265317,jinan-telecom,wuhan-telecom,39.6809,0.0,icmp,1592156179,2020-06-14 17:36:19+00:00
148265542,jinan-telecom,wuhan-telecom,47.0534,0.0,icmp,1592156280,2020-06-14 17:38:00+00:00
148265770,jinan-telecom,wuhan-telecom,41.3079,0.0,icmp,1592156400,2020-06-14 17:40:00+00:00
148266012,jinan-telecom,wuhan-telecom,39.6865,0.0,icmp,1592156479,2020-06-14 17:41:19+00:00
148266233,jinan-telecom,wuhan-telecom,46.8132,0.0,icmp,1592156640,2020-06-14 17:44:00+00:00
148266462,jinan-telecom,wuhan-telecom,45.3465,0.0,icmp,1592156760,2020-06-14 17:46:00+00:00
148266707,jinan-telecom,wuhan-telecom,46.594,0.0,icmp,1592156880,2020-06-14 17:48:00+00:00
148266930,jinan-telecom,wuhan-telecom,47.877,0.0,icmp,1592157000,2020-06-14 17:50:00+00:00
148267158,jinan-telecom,wuhan-telecom,45.8966,0.0,icmp,1592157120,2020-06-14 17:52:00+00:00
148267381,jinan-telecom,wuhan-telecom,41.1605,0.0,icmp,1592157240,2020-06-14 17:54:00+00:00
148267601,jinan-telecom,wuhan-telecom,39.4846,0.0,icmp,1592157379,2020-06-14 17:56:19+00:00
148267851,jinan-telecom,wuhan-telecom,48.1988,0.0,icmp,1592157480,2020-06-14 17:58:00+00:00
148268062,jinan-telecom,wuhan-telecom,45.9046,0.0,icmp,1592157600,2020-06-14 18:00:00+00:00
148268303,jinan-telecom,wuhan-telecom,45.8995,0.0,icmp,1592157720,2020-06-14 18:02:00+00:00
148268523,jinan-telecom,wuhan-telecom,47.4398,0.0,icmp,1592157840,2020-06-14 18:04:00+00:00
148268768,jinan-telecom,wuhan-telecom,48.2513,0.0,icmp,1592157960,2020-06-14 18:06:00+00:00
148268975,jinan-telecom,wuhan-telecom,48.025,0.0,icmp,1592158080,2020-06-14 18:08:00+00:00
148269217,jinan-telecom,wuhan-telecom,48.7296,0.0,icmp,1592158200,2020-06-14 18:10:00+00:00
148269454,jinan-telecom,wuhan-telecom,39.4386,0.0,icmp,1592158279,2020-06-14 18:11:19+00:00
148269686,jinan-telecom,wuhan-telecom,45.7693,0.0,icmp,1592158440,2020-06-14 18:14:00+00:00
148269900,jinan-telecom,wuhan-telecom,48.0614,0.0,icmp,1592158560,2020-06-14 18:16:00+00:00
148270128,jinan-telecom,wuhan-telecom,47.9238,0.0,icmp,1592158680,2020-06-14 18:18:00+00:00
148270349,jinan-telecom,wuhan-telecom,46.5344,0.0,icmp,1592158800,2020-06-14 18:20:00+00:00
148270586,jinan-telecom,wuhan-telecom,47.356,0.0,icmp,1592158920,2020-06-14 18:22:00+00:00
148270807,jinan-telecom,wuhan-telecom,46.7534,0.0,icmp,1592159040,2020-06-14 18:24:00+00:00
148271051,jinan-telecom,wuhan-telecom,48.4198,0.0,icmp,1592159160,2020-06-14 18:26:00+00:00
148271263,jinan-telecom,wuhan-telecom,48.0639,0.0,icmp,1592159280,2020-06-14 18:28:00+00:00
148271509,jinan-telecom,wuhan-telecom,48.4248,0.0,icmp,1592159400,2020-06-14 18:30:00+00:00
148271735,jinan-telecom,wuhan-telecom,39.3222,0.0,icmp,1592159479,2020-06-14 18:31:19+00:00
148271971,jinan-telecom,wuhan-telecom,45.7054,0.0,icmp,1592159640,2020-06-14 18:34:00+00:00
148272178,jinan-telecom,wuhan-telecom,47.4517,0.0,icmp,1592159760,2020-06-14 18:36:00+00:00
148272417,jinan-telecom,wuhan-telecom,45.0347,0.0,icmp,1592159880,2020-06-14 18:38:00+00:00
148272642,jinan-telecom,wuhan-telecom,49.0519,0.0,icmp,1592160000,2020-06-14 18:40:00+00:00
148272883,jinan-telecom,wuhan-telecom,46.2791,0.0,icmp,1592160120,2020-06-14 18:42:00+00:00
148273116,jinan-telecom,wuhan-telecom,47.6551,0.0,icmp,1592160240,2020-06-14 18:44:00+00:00
148273337,jinan-telecom,wuhan-telecom,46.7491,0.0,icmp,1592160360,2020-06-14 18:46:00+00:00
148273566,jinan-telecom,wuhan-telecom,47.3949,0.0,icmp,1592160480,2020-06-14 18:48:00+00:00
148273807,jinan-telecom,wuhan-telecom,47.4877,0.0,icmp,1592160600,2020-06-14 18:50:00+00:00
148274046,jinan-telecom,wuhan-telecom,47.5925,0.0,icmp,1592160720,2020-06-14 18:52:00+00:00
148274250,jinan-telecom,wuhan-telecom,39.4044,0.0,icmp,1592160799,2020-06-14 18:53:19+00:00
148274489,jinan-telecom,wuhan-telecom,47.4542,0.0,icmp,1592160960,2020-06-14 18:56:00+00:00
148274702,jinan-telecom,wuhan-telecom,47.8867,0.0,icmp,1592161080,2020-06-14 18:58:00+00:00
148274934,jinan-telecom,wuhan-telecom,39.6922,0.0,icmp,1592161144,2020-06-14 18:59:04+00:00
148275158,jinan-telecom,wuhan-telecom,46.4215,0.0,icmp,1592161320,2020-06-14 19:02:00+00:00
148275416,jinan-telecom,wuhan-telecom,39.6952,0.0,icmp,1592161459,2020-06-14 19:04:19+00:00
148275611,jinan-telecom,wuhan-telecom,46.7551,0.0,icmp,1592161560,2020-06-14 19:06:00+00:00
148275867,jinan-telecom,wuhan-telecom,39.305,0.0,icmp,1592161699,2020-06-14 19:08:19+00:00
148276098,jinan-telecom,wuhan-telecom,49.4215,0.0,icmp,1592161800,2020-06-14 19:10:00+00:00
148276316,jinan-telecom,wuhan-telecom,46.4328,0.0,icmp,1592161920,2020-06-14 19:12:00+00:00
148276528,jinan-telecom,wuhan-telecom,47.1475,0.0,icmp,1592162040,2020-06-14 19:14:00+00:00
148276770,jinan-telecom,wuhan-telecom,46.5537,0.0,icmp,1592162160,2020-06-14 19:16:00+00:00
148277000,jinan-telecom,wuhan-telecom,39.4119,0.0,icmp,1592162239,2020-06-14 19:17:19+00:00
148277260,jinan-telecom,wuhan-telecom,47.4701,0.0,icmp,1592162400,2020-06-14 19:20:00+00:00
148277458,jinan-telecom,wuhan-telecom,39.3585,0.0,icmp,1592162539,2020-06-14 19:22:19+00:00
148277697,jinan-telecom,wuhan-telecom,48.7014,0.0,icmp,1592162640,2020-06-14 19:24:00+00:00
148277920,jinan-telecom,wuhan-telecom,39.4611,0.0,icmp,1592162779,2020-06-14 19:26:19+00:00
148278178,jinan-telecom,wuhan-telecom,47.6064,0.0,icmp,1592162880,2020-06-14 19:28:00+00:00
148278383,jinan-telecom,wuhan-telecom,39.2912,0.0,icmp,1592162959,2020-06-14 19:29:19+00:00
148278609,jinan-telecom,wuhan-telecom,50.1703,0.0,icmp,1592163120,2020-06-14 19:32:00+00:00
148278846,jinan-telecom,wuhan-telecom,46.2005,0.0,icmp,1592163240,2020-06-14 19:34:00+00:00
148279069,jinan-telecom,wuhan-telecom,41.2735,0.0,icmp,1592163360,2020-06-14 19:36:00+00:00
148279282,jinan-telecom,wuhan-telecom,41.0464,0.0,icmp,1592163480,2020-06-14 19:38:00+00:00
148279507,jinan-telecom,wuhan-telecom,46.4207,0.0,icmp,1592163600,2020-06-14 19:40:00+00:00
148279739,jinan-telecom,wuhan-telecom,46.2437,0.0,icmp,1592163720,2020-06-14 19:42:00+00:00
148280002,jinan-telecom,wuhan-telecom,47.6379,0.0,icmp,1592163840,2020-06-14 19:44:00+00:00
148280196,jinan-telecom,wuhan-telecom,39.3596,0.0,icmp,1592163919,2020-06-14 19:45:19+00:00
148280451,jinan-telecom,wuhan-telecom,46.2531,0.0,icmp,1592164080,2020-06-14 19:48:00+00:00
148280675,jinan-telecom,wuhan-telecom,47.274,0.0,icmp,1592164200,2020-06-14 19:50:00+00:00
148280891,jinan-telecom,wuhan-telecom,47.4398,0.0,icmp,1592164320,2020-06-14 19:52:00+00:00
148281123,jinan-telecom,wuhan-telecom,41.559,0.0,icmp,1592164440,2020-06-14 19:54:00+00:00
148281358,jinan-telecom,wuhan-telecom,45.8972,0.0,icmp,1592164560,2020-06-14 19:56:00+00:00
148281591,jinan-telecom,wuhan-telecom,39.3606,0.0,icmp,1592164639,2020-06-14 19:57:19+00:00
148281804,jinan-telecom,wuhan-telecom,46.0909,2.0,icmp,1592164800,2020-06-14 20:00:00+00:00
148282042,jinan-telecom,wuhan-telecom,48.6357,0.0,icmp,1592164920,2020-06-14 20:02:00+00:00
148282274,jinan-telecom,wuhan-telecom,45.911,0.0,icmp,1592165040,2020-06-14 20:04:00+00:00
148282496,jinan-telecom,wuhan-telecom,48.4287,0.0,icmp,1592165160,2020-06-14 20:06:00+00:00
148282715,jinan-telecom,wuhan-telecom,46.9659,0.0,icmp,1592165280,2020-06-14 20:08:00+00:00
148282958,jinan-telecom,wuhan-telecom,46.8352,0.0,icmp,1592165400,2020-06-14 20:10:00+00:00
148283190,jinan-telecom,wuhan-telecom,46.9999,0.0,icmp,1592165520,2020-06-14 20:12:00+00:00
148283405,jinan-telecom,wuhan-telecom,47.0281,0.0,icmp,1592165640,2020-06-14 20:14:00+00:00
148283632,jinan-telecom,wuhan-telecom,46.1674,0.0,icmp,1592165760,2020-06-14 20:16:00+00:00
148283863,jinan-telecom,wuhan-telecom,46.5571,0.0,icmp,1592165880,2020-06-14 20:18:00+00:00
148284084,jinan-telecom,wuhan-telecom,45.9478,0.0,icmp,1592166000,2020-06-14 20:20:00+00:00
148284317,jinan-telecom,wuhan-telecom,49.2261,0.0,icmp,1592166120,2020-06-14 20:22:00+00:00
148284553,jinan-telecom,wuhan-telecom,47.8054,0.0,icmp,1592166240,2020-06-14 20:24:00+00:00
148284779,jinan-telecom,wuhan-telecom,39.3224,0.0,icmp,1592166379,2020-06-14 20:26:19+00:00
148285031,jinan-telecom,wuhan-telecom,41.5658,0.0,icmp,1592166480,2020-06-14 20:28:00+00:00
148285244,jinan-telecom,wuhan-telecom,47.476,0.0,icmp,1592166600,2020-06-14 20:30:00+00:00
148285484,jinan-telecom,wuhan-telecom,39.3805,0.0,icmp,1592166739,2020-06-14 20:32:19+00:00
148285709,jinan-telecom,wuhan-telecom,39.3773,0.0,icmp,1592166859,2020-06-14 20:34:19+00:00
148285944,jinan-telecom,wuhan-telecom,42.3052,0.0,icmp,1592166960,2020-06-14 20:36:00+00:00
148286159,jinan-telecom,wuhan-telecom,42.9179,0.0,icmp,1592167080,2020-06-14 20:38:00+00:00
148286400,jinan-telecom,wuhan-telecom,47.7333,0.0,icmp,1592167200,2020-06-14 20:40:00+00:00
148286618,jinan-telecom,wuhan-telecom,46.7572,0.0,icmp,1592167320,2020-06-14 20:42:00+00:00
148286860,jinan-telecom,wuhan-telecom,46.3155,0.0,icmp,1592167440,2020-06-14 20:44:00+00:00
148287086,jinan-telecom,wuhan-telecom,45.0829,0.0,icmp,1592167560,2020-06-14 20:46:00+00:00
148287313,jinan-telecom,wuhan-telecom,39.3307,0.0,icmp,1592167699,2020-06-14 20:48:19+00:00
148287523,jinan-telecom,wuhan-telecom,47.7319,0.0,icmp,1592167800,2020-06-14 20:50:00+00:00
148287763,jinan-telecom,wuhan-telecom,47.2531,0.0,icmp,1592167920,2020-06-14 20:52:00+00:00
148287998,jinan-telecom,wuhan-telecom,45.0212,0.0,icmp,1592168040,2020-06-14 20:54:00+00:00
148288217,jinan-telecom,wuhan-telecom,48.0897,0.0,icmp,1592168160,2020-06-14 20:56:00+00:00
148288456,jinan-telecom,wuhan-telecom,39.307,0.0,icmp,1592168239,2020-06-14 20:57:19+00:00
148288663,jinan-telecom,wuhan-telecom,44.8662,0.0,icmp,1592168400,2020-06-14 21:00:00+00:00
148288898,jinan-telecom,wuhan-telecom,48.3077,0.0,icmp,1592168520,2020-06-14 21:02:00+00:00
148289141,jinan-telecom,wuhan-telecom,40.768,0.0,icmp,1592168644,2020-06-14 21:04:04+00:00
148289359,jinan-telecom,wuhan-telecom,46.0822,0.0,icmp,1592168760,2020-06-14 21:06:00+00:00
148289584,jinan-telecom,wuhan-telecom,48.2903,0.0,icmp,1592168880,2020-06-14 21:08:00+00:00
148289830,jinan-telecom,wuhan-telecom,44.345,0.0,icmp,1592169000,2020-06-14 21:10:00+00:00
148290059,jinan-telecom,wuhan-telecom,47.4332,0.0,icmp,1592169120,2020-06-14 21:12:00+00:00
148290290,jinan-telecom,wuhan-telecom,46.462,0.0,icmp,1592169240,2020-06-14 21:14:00+00:00
148290517,jinan-telecom,wuhan-telecom,47.538,0.0,icmp,1592169360,2020-06-14 21:16:00+00:00
148290756,jinan-telecom,wuhan-telecom,39.3404,0.0,icmp,1592169439,2020-06-14 21:17:19+00:00
148290982,jinan-telecom,wuhan-telecom,46.5213,0.0,icmp,1592169600,2020-06-14 21:20:00+00:00
148291202,jinan-telecom,wuhan-telecom,46.3829,0.0,icmp,1592169720,2020-06-14 21:22:00+00:00
148291447,jinan-telecom,wuhan-telecom,48.1855,0.0,icmp,1592169840,2020-06-14 21:24:00+00:00
148291652,jinan-telecom,wuhan-telecom,45.5391,0.0,icmp,1592169960,2020-06-14 21:26:00+00:00
148291877,jinan-telecom,wuhan-telecom,48.7231,0.0,icmp,1592170080,2020-06-14 21:28:00+00:00
148292101,jinan-telecom,wuhan-telecom,46.7377,0.0,icmp,1592170200,2020-06-14 21:30:00+00:00
148292343,jinan-telecom,wuhan-telecom,46.1687,0.0,icmp,1592170320,2020-06-14 21:32:00+00:00
148292580,jinan-telecom,wuhan-telecom,39.3849,0.0,icmp,1592170399,2020-06-14 21:33:19+00:00
148292788,jinan-telecom,wuhan-telecom,49.603,0.0,icmp,1592170560,2020-06-14 21:36:00+00:00
148293044,jinan-telecom,wuhan-telecom,45.6817,0.0,icmp,1592170680,2020-06-14 21:38:00+00:00
148293243,jinan-telecom,wuhan-telecom,47.1025,0.0,icmp,1592170800,2020-06-14 21:40:00+00:00
148293510,jinan-telecom,wuhan-telecom,48.1557,0.0,icmp,1592170920,2020-06-14 21:42:00+00:00
148293708,jinan-telecom,wuhan-telecom,46.0518,0.0,icmp,1592171040,2020-06-14 21:44:00+00:00
148293964,jinan-telecom,wuhan-telecom,45.7814,0.0,icmp,1592171160,2020-06-14 21:46:00+00:00
148294166,jinan-telecom,wuhan-telecom,46.1606,0.0,icmp,1592171280,2020-06-14 21:48:00+00:00
148294403,jinan-telecom,wuhan-telecom,45.9358,0.0,icmp,1592171400,2020-06-14 21:50:00+00:00
148294640,jinan-telecom,wuhan-telecom,40.52,0.0,icmp,1592171520,2020-06-14 21:52:00+00:00
148294864,jinan-telecom,wuhan-telecom,39.6249,0.0,icmp,1592171659,2020-06-14 21:54:19+00:00
148295091,jinan-telecom,wuhan-telecom,45.9602,0.0,icmp,1592171760,2020-06-14 21:56:00+00:00
148295324,jinan-telecom,wuhan-telecom,47.5,0.0,icmp,1592171880,2020-06-14 21:58:00+00:00
148295563,jinan-telecom,wuhan-telecom,46.7153,0.0,icmp,1592172000,2020-06-14 22:00:00+00:00
148295784,jinan-telecom,wuhan-telecom,47.8966,0.0,icmp,1592172120,2020-06-14 22:02:00+00:00
148295994,jinan-telecom,wuhan-telecom,41.8764,0.0,icmp,1592172240,2020-06-14 22:04:00+00:00
148296241,jinan-telecom,wuhan-telecom,45.7404,0.0,icmp,1592172360,2020-06-14 22:06:00+00:00
148296481,jinan-telecom,wuhan-telecom,47.6354,0.0,icmp,1592172480,2020-06-14 22:08:00+00:00
148296703,jinan-telecom,wuhan-telecom,47.3642,0.0,icmp,1592172600,2020-06-14 22:10:00+00:00
148296931,jinan-telecom,wuhan-telecom,45.932,0.0,icmp,1592172720,2020-06-14 22:12:00+00:00
148297137,jinan-telecom,wuhan-telecom,47.5031,0.0,icmp,1592172840,2020-06-14 22:14:00+00:00
148297373,jinan-telecom,wuhan-telecom,39.6394,0.0,icmp,1592172919,2020-06-14 22:15:19+00:00
148297620,jinan-telecom,wuhan-telecom,46.9117,0.0,icmp,1592173080,2020-06-14 22:18:00+00:00
148297843,jinan-telecom,wuhan-telecom,47.4739,0.0,icmp,1592173200,2020-06-14 22:20:00+00:00
148298067,jinan-telecom,wuhan-telecom,44.5853,0.0,icmp,1592173320,2020-06-14 22:22:00+00:00
148298285,jinan-telecom,wuhan-telecom,39.3754,0.0,icmp,1592173399,2020-06-14 22:23:19+00:00
148298530,jinan-telecom,wuhan-telecom,39.4477,0.0,icmp,1592173565,2020-06-14 22:26:05+00:00
148298751,jinan-telecom,wuhan-telecom,46.3942,0.0,icmp,1592173680,2020-06-14 22:28:00+00:00
148298991,jinan-telecom,wuhan-telecom,39.3473,0.0,icmp,1592173759,2020-06-14 22:29:19+00:00
148299212,jinan-telecom,wuhan-telecom,39.3721,0.0,icmp,1592173879,2020-06-14 22:31:19+00:00
148299456,jinan-telecom,wuhan-telecom,39.7285,0.0,icmp,1592173999,2020-06-14 22:33:19+00:00
148299687,jinan-telecom,wuhan-telecom,46.9234,0.0,icmp,1592174160,2020-06-14 22:36:00+00:00
148299900,jinan-telecom,wuhan-telecom,39.3054,0.0,icmp,1592174299,2020-06-14 22:38:19+00:00
148300118,jinan-telecom,wuhan-telecom,39.3633,0.0,icmp,1592174419,2020-06-14 22:40:19+00:00
148300366,jinan-telecom,wuhan-telecom,46.2406,0.0,icmp,1592174520,2020-06-14 22:42:00+00:00
148300579,jinan-telecom,wuhan-telecom,46.4951,0.0,icmp,1592174640,2020-06-14 22:44:00+00:00
148300810,jinan-telecom,wuhan-telecom,46.7191,0.0,icmp,1592174760,2020-06-14 22:46:00+00:00
148301051,jinan-telecom,wuhan-telecom,46.972,0.0,icmp,1592174880,2020-06-14 22:48:00+00:00
148301277,jinan-telecom,wuhan-telecom,41.1822,0.0,icmp,1592175005,2020-06-14 22:50:05+00:00
148301504,jinan-telecom,wuhan-telecom,45.7447,0.0,icmp,1592175120,2020-06-14 22:52:00+00:00
148301740,jinan-telecom,wuhan-telecom,48.3821,0.0,icmp,1592175240,2020-06-14 22:54:00+00:00
148301936,jinan-telecom,wuhan-telecom,47.1226,0.0,icmp,1592175360,2020-06-14 22:56:00+00:00
148302176,jinan-telecom,wuhan-telecom,46.1491,0.0,icmp,1592175480,2020-06-14 22:58:00+00:00
148302424,jinan-telecom,wuhan-telecom,45.3553,0.0,icmp,1592175600,2020-06-14 23:00:00+00:00
148302648,jinan-telecom,wuhan-telecom,39.3447,0.0,icmp,1592175679,2020-06-14 23:01:19+00:00
148302866,jinan-telecom,wuhan-telecom,48.9828,0.0,icmp,1592175840,2020-06-14 23:04:00+00:00
148303117,jinan-telecom,wuhan-telecom,39.4798,0.0,icmp,1592175919,2020-06-14 23:05:19+00:00
148303344,jinan-telecom,wuhan-telecom,52.1466,0.0,icmp,1592176080,2020-06-14 23:08:00+00:00
148303565,jinan-telecom,wuhan-telecom,50.2242,0.0,icmp,1592176200,2020-06-14 23:10:00+00:00
148303798,jinan-telecom,wuhan-telecom,39.3519,0.0,icmp,1592176339,2020-06-14 23:12:19+00:00
148304017,jinan-telecom,wuhan-telecom,52.0648,0.0,icmp,1592176440,2020-06-14 23:14:00+00:00
148304251,jinan-telecom,wuhan-telecom,47.9546,0.0,icmp,1592176560,2020-06-14 23:16:00+00:00
148304469,jinan-telecom,wuhan-telecom,39.4064,0.0,icmp,1592176639,2020-06-14 23:17:19+00:00
148304702,jinan-telecom,wuhan-telecom,45.3246,0.0,icmp,1592176800,2020-06-14 23:20:00+00:00
148304953,jinan-telecom,wuhan-telecom,45.8351,0.0,icmp,1592176920,2020-06-14 23:22:00+00:00
148305181,jinan-telecom,wuhan-telecom,44.9472,0.0,icmp,1592177040,2020-06-14 23:24:00+00:00
148305400,jinan-telecom,wuhan-telecom,46.012,0.0,icmp,1592177160,2020-06-14 23:26:00+00:00
148305622,jinan-telecom,wuhan-telecom,39.3511,0.0,icmp,1592177299,2020-06-14 23:28:19+00:00
148305880,jinan-telecom,wuhan-telecom,47.2504,0.0,icmp,1592177400,2020-06-14 23:30:00+00:00
148306081,jinan-telecom,wuhan-telecom,39.3493,0.0,icmp,1592177479,2020-06-14 23:31:19+00:00
150069362,jinan-telecom,wuhan-telecom,47.042,0.0,icmp,1592301180,2020-06-16 09:53:00+00:00
150069578,jinan-telecom,wuhan-telecom,39.4399,0.0,icmp,1592301319,2020-06-16 09:55:19+00:00
150069829,jinan-telecom,wuhan-telecom,44.0457,0.0,icmp,1592301420,2020-06-16 09:57:00+00:00
150070039,jinan-telecom,wuhan-telecom,39.3048,0.0,icmp,1592301559,2020-06-16 09:59:19+00:00
150070295,jinan-telecom,wuhan-telecom,47.1244,0.0,icmp,1592301660,2020-06-16 10:01:00+00:00
150070519,jinan-telecom,wuhan-telecom,46.0145,0.0,icmp,1592301780,2020-06-16 10:03:00+00:00
150070706,jinan-telecom,wuhan-telecom,39.3091,0.0,icmp,1592301919,2020-06-16 10:05:19+00:00
150070953,jinan-telecom,wuhan-telecom,46.4117,0.0,icmp,1592302020,2020-06-16 10:07:00+00:00
150071200,jinan-telecom,wuhan-telecom,39.3406,0.0,icmp,1592302099,2020-06-16 10:08:19+00:00
150071437,jinan-telecom,wuhan-telecom,41.2918,0.0,icmp,1592302260,2020-06-16 10:11:00+00:00
150071645,jinan-telecom,wuhan-telecom,39.3222,0.0,icmp,1592302399,2020-06-16 10:13:19+00:00
150071870,jinan-telecom,wuhan-telecom,46.7896,0.0,icmp,1592302500,2020-06-16 10:15:00+00:00
150072104,jinan-telecom,wuhan-telecom,46.0845,0.0,icmp,1592302620,2020-06-16 10:17:00+00:00
150072330,jinan-telecom,wuhan-telecom,46.6122,0.0,icmp,1592302740,2020-06-16 10:19:00+00:00
150072558,jinan-telecom,wuhan-telecom,48.2643,0.0,icmp,1592302860,2020-06-16 10:21:00+00:00
150072819,jinan-telecom,wuhan-telecom,40.109,0.0,icmp,1592302980,2020-06-16 10:23:00+00:00
150073019,jinan-telecom,wuhan-telecom,46.6972,0.0,icmp,1592303100,2020-06-16 10:25:00+00:00
150073270,jinan-telecom,wuhan-telecom,43.0755,0.0,icmp,1592303220,2020-06-16 10:27:00+00:00
150073500,jinan-telecom,wuhan-telecom,47.7166,0.0,icmp,1592303340,2020-06-16 10:29:00+00:00
150073719,jinan-telecom,wuhan-telecom,39.4647,0.0,icmp,1592303419,2020-06-16 10:30:19+00:00
150073956,jinan-telecom,wuhan-telecom,39.3611,0.0,icmp,1592303599,2020-06-16 10:33:19+00:00
150074159,jinan-telecom,wuhan-telecom,48.8661,0.0,icmp,1592303700,2020-06-16 10:35:00+00:00
150074408,jinan-telecom,wuhan-telecom,46.7007,0.0,icmp,1592303820,2020-06-16 10:37:00+00:00
150074614,jinan-telecom,wuhan-telecom,41.0471,0.0,icmp,1592303940,2020-06-16 10:39:00+00:00
150074841,jinan-telecom,wuhan-telecom,39.4707,0.0,icmp,1592304079,2020-06-16 10:41:19+00:00
150075074,jinan-telecom,wuhan-telecom,47.0864,0.0,icmp,1592304180,2020-06-16 10:43:00+00:00
150075330,jinan-telecom,wuhan-telecom,46.1811,0.0,icmp,1592304300,2020-06-16 10:45:00+00:00
150075548,jinan-telecom,wuhan-telecom,47.207,0.0,icmp,1592304420,2020-06-16 10:47:00+00:00
150075766,jinan-telecom,wuhan-telecom,45.6915,0.0,icmp,1592304540,2020-06-16 10:49:00+00:00
150075992,jinan-telecom,wuhan-telecom,39.3828,0.0,icmp,1592304619,2020-06-16 10:50:19+00:00
150076236,jinan-telecom,wuhan-telecom,46.6633,0.0,icmp,1592304780,2020-06-16 10:53:00+00:00
150076457,jinan-telecom,wuhan-telecom,43.4523,0.0,icmp,1592304900,2020-06-16 10:55:00+00:00
150076684,jinan-telecom,wuhan-telecom,45.1701,0.0,icmp,1592305020,2020-06-16 10:57:00+00:00
150076912,jinan-telecom,wuhan-telecom,46.7262,0.0,icmp,1592305140,2020-06-16 10:59:00+00:00
150077138,jinan-telecom,wuhan-telecom,39.6084,0.0,icmp,1592305219,2020-06-16 11:00:19+00:00
150077377,jinan-telecom,wuhan-telecom,46.1254,0.0,icmp,1592305380,2020-06-16 11:03:00+00:00
150077621,jinan-telecom,wuhan-telecom,47.084,0.0,icmp,1592305500,2020-06-16 11:05:00+00:00
150077838,jinan-telecom,wuhan-telecom,46.3104,0.0,icmp,1592305620,2020-06-16 11:07:00+00:00
150078057,jinan-telecom,wuhan-telecom,46.6561,0.0,icmp,1592305740,2020-06-16 11:09:00+00:00
150078279,jinan-telecom,wuhan-telecom,46.5871,0.0,icmp,1592305860,2020-06-16 11:11:00+00:00
150078533,jinan-telecom,wuhan-telecom,40.7033,0.0,icmp,1592305980,2020-06-16 11:13:00+00:00
150078741,jinan-telecom,wuhan-telecom,45.7977,0.0,icmp,1592306100,2020-06-16 11:15:00+00:00
150079000,jinan-telecom,wuhan-telecom,45.254,0.0,icmp,1592306220,2020-06-16 11:17:00+00:00
150079216,jinan-telecom,wuhan-telecom,40.0039,0.0,icmp,1592306340,2020-06-16 11:19:00+00:00
150079431,jinan-telecom,wuhan-telecom,39.6021,0.0,icmp,1592306419,2020-06-16 11:20:19+00:00
150079682,jinan-telecom,wuhan-telecom,46.1769,0.0,icmp,1592306580,2020-06-16 11:23:00+00:00
150079899,jinan-telecom,wuhan-telecom,47.0257,0.0,icmp,1592306700,2020-06-16 11:25:00+00:00
150080123,jinan-telecom,wuhan-telecom,46.7623,0.0,icmp,1592306820,2020-06-16 11:27:00+00:00
150080353,jinan-telecom,wuhan-telecom,39.3527,0.0,icmp,1592306959,2020-06-16 11:29:19+00:00
150080574,jinan-telecom,wuhan-telecom,48.5336,0.0,icmp,1592307060,2020-06-16 11:31:00+00:00
150080825,jinan-telecom,wuhan-telecom,47.1281,0.0,icmp,1592307180,2020-06-16 11:33:00+00:00
150081041,jinan-telecom,wuhan-telecom,39.3315,0.0,icmp,1592307319,2020-06-16 11:35:19+00:00
150081272,jinan-telecom,wuhan-telecom,46.6589,0.0,icmp,1592307420,2020-06-16 11:37:00+00:00
150081490,jinan-telecom,wuhan-telecom,45.8732,0.0,icmp,1592307540,2020-06-16 11:39:00+00:00
150081721,jinan-telecom,wuhan-telecom,47.0171,0.0,icmp,1592307660,2020-06-16 11:41:00+00:00
150081966,jinan-telecom,wuhan-telecom,46.6955,0.0,icmp,1592307780,2020-06-16 11:43:00+00:00
150082189,jinan-telecom,wuhan-telecom,45.4175,0.0,icmp,1592307900,2020-06-16 11:45:00+00:00
150082406,jinan-telecom,wuhan-telecom,48.2502,0.0,icmp,1592308020,2020-06-16 11:47:00+00:00
150082635,jinan-telecom,wuhan-telecom,47.0231,0.0,icmp,1592308140,2020-06-16 11:49:00+00:00
150082880,jinan-telecom,wuhan-telecom,39.3279,0.0,icmp,1592308219,2020-06-16 11:50:19+00:00
150083097,jinan-telecom,wuhan-telecom,39.4828,0.0,icmp,1592308339,2020-06-16 11:52:19+00:00
150083315,jinan-telecom,wuhan-telecom,47.4898,0.0,icmp,1592308500,2020-06-16 11:55:00+00:00
150083550,jinan-telecom,wuhan-telecom,47.6171,0.0,icmp,1592308620,2020-06-16 11:57:00+00:00
150083785,jinan-telecom,wuhan-telecom,39.3939,0.0,icmp,1592308699,2020-06-16 11:58:19+00:00
150084017,jinan-telecom,wuhan-telecom,48.9738,0.0,icmp,1592308860,2020-06-16 12:01:00+00:00
150084241,jinan-telecom,wuhan-telecom,49.7691,0.0,icmp,1592308980,2020-06-16 12:03:00+00:00
150084478,jinan-telecom,wuhan-telecom,44.6076,0.0,icmp,1592309100,2020-06-16 12:05:00+00:00
150084695,jinan-telecom,wuhan-telecom,47.5638,0.0,icmp,1592309220,2020-06-16 12:07:00+00:00
150084918,jinan-telecom,wuhan-telecom,47.364,0.0,icmp,1592309340,2020-06-16 12:09:00+00:00
150085155,jinan-telecom,wuhan-telecom,45.1156,0.0,icmp,1592309460,2020-06-16 12:11:00+00:00
150085393,jinan-telecom,wuhan-telecom,48.5296,0.0,icmp,1592309580,2020-06-16 12:13:00+00:00
150085634,jinan-telecom,wuhan-telecom,47.4451,0.0,icmp,1592309700,2020-06-16 12:15:00+00:00
150085849,jinan-telecom,wuhan-telecom,47.2831,0.0,icmp,1592309820,2020-06-16 12:17:00+00:00
150086105,jinan-telecom,wuhan-telecom,45.2059,0.0,icmp,1592309940,2020-06-16 12:19:00+00:00
150086303,jinan-telecom,wuhan-telecom,46.0129,0.0,icmp,1592310060,2020-06-16 12:21:00+00:00
150086528,jinan-telecom,wuhan-telecom,46.403,0.0,icmp,1592310180,2020-06-16 12:23:00+00:00
150086773,jinan-telecom,wuhan-telecom,46.6798,0.0,icmp,1592310300,2020-06-16 12:25:00+00:00
150086983,jinan-telecom,wuhan-telecom,46.5679,0.0,icmp,1592310420,2020-06-16 12:27:00+00:00
150087216,jinan-telecom,wuhan-telecom,46.7593,0.0,icmp,1592310540,2020-06-16 12:29:00+00:00
150087433,jinan-telecom,wuhan-telecom,47.2269,0.0,icmp,1592310660,2020-06-16 12:31:00+00:00
150087670,jinan-telecom,wuhan-telecom,47.1811,0.0,icmp,1592310780,2020-06-16 12:33:00+00:00
150087903,jinan-telecom,wuhan-telecom,39.4176,0.0,icmp,1592310919,2020-06-16 12:35:19+00:00
150088140,jinan-telecom,wuhan-telecom,45.6049,0.0,icmp,1592311020,2020-06-16 12:37:00+00:00
150088377,jinan-telecom,wuhan-telecom,47.5378,0.0,icmp,1592311140,2020-06-16 12:39:00+00:00
150088583,jinan-telecom,wuhan-telecom,46.6093,0.0,icmp,1592311260,2020-06-16 12:41:00+00:00
150088827,jinan-telecom,wuhan-telecom,48.38,0.0,icmp,1592311380,2020-06-16 12:43:00+00:00
150089044,jinan-telecom,wuhan-telecom,39.5329,0.0,icmp,1592311459,2020-06-16 12:44:19+00:00
150089272,jinan-telecom,wuhan-telecom,46.6629,0.0,icmp,1592311620,2020-06-16 12:47:00+00:00
150089518,jinan-telecom,wuhan-telecom,44.7468,0.0,icmp,1592311740,2020-06-16 12:49:00+00:00
150089757,jinan-telecom,wuhan-telecom,39.4671,0.0,icmp,1592311879,2020-06-16 12:51:19+00:00
150089961,jinan-telecom,wuhan-telecom,44.5023,0.0,icmp,1592311980,2020-06-16 12:53:00+00:00
150090195,jinan-telecom,wuhan-telecom,49.2718,0.0,icmp,1592312100,2020-06-16 12:55:00+00:00
150090420,jinan-telecom,wuhan-telecom,46.635,0.0,icmp,1592312220,2020-06-16 12:57:00+00:00
150090664,jinan-telecom,wuhan-telecom,47.0285,0.0,icmp,1592312340,2020-06-16 12:59:00+00:00
150090893,jinan-telecom,wuhan-telecom,47.5332,0.0,icmp,1592312460,2020-06-16 13:01:00+00:00
150091130,jinan-telecom,wuhan-telecom,47.0724,0.0,icmp,1592312580,2020-06-16 13:03:00+00:00
150091352,jinan-telecom,wuhan-telecom,39.4094,0.0,icmp,1592312659,2020-06-16 13:04:19+00:00
150091550,jinan-telecom,wuhan-telecom,47.27,0.0,icmp,1592312820,2020-06-16 13:07:00+00:00
150091797,jinan-telecom,wuhan-telecom,48.5764,0.0,icmp,1592312940,2020-06-16 13:09:00+00:00
150092044,jinan-telecom,wuhan-telecom,39.5101,0.0,icmp,1592313079,2020-06-16 13:11:19+00:00
150092273,jinan-telecom,wuhan-telecom,46.4387,0.0,icmp,1592313180,2020-06-16 13:13:00+00:00
150092487,jinan-telecom,wuhan-telecom,48.0415,0.0,icmp,1592313300,2020-06-16 13:15:00+00:00
150092725,jinan-telecom,wuhan-telecom,47.4566,0.0,icmp,1592313420,2020-06-16 13:17:00+00:00
150092943,jinan-telecom,wuhan-telecom,39.4358,0.0,icmp,1592313499,2020-06-16 13:18:19+00:00
150093175,jinan-telecom,wuhan-telecom,44.052,0.0,icmp,1592313660,2020-06-16 13:21:00+00:00
150093406,jinan-telecom,wuhan-telecom,48.3825,0.0,icmp,1592313780,2020-06-16 13:23:00+00:00
150093625,jinan-telecom,wuhan-telecom,46.0492,0.0,icmp,1592313900,2020-06-16 13:25:00+00:00
150093866,jinan-telecom,wuhan-telecom,39.367,0.0,icmp,1592313979,2020-06-16 13:26:19+00:00
150094089,jinan-telecom,wuhan-telecom,47.2791,0.0,icmp,1592314140,2020-06-16 13:29:00+00:00
150094305,jinan-telecom,wuhan-telecom,39.3352,0.0,icmp,1592314219,2020-06-16 13:30:19+00:00
150094553,jinan-telecom,wuhan-telecom,49.4162,0.0,icmp,1592314380,2020-06-16 13:33:00+00:00
150094774,jinan-telecom,wuhan-telecom,47.8149,0.0,icmp,1592314500,2020-06-16 13:35:00+00:00
150094998,jinan-telecom,wuhan-telecom,39.3999,0.0,icmp,1592314579,2020-06-16 13:36:19+00:00
150095248,jinan-telecom,wuhan-telecom,45.0602,0.0,icmp,1592314740,2020-06-16 13:39:00+00:00
150095485,jinan-telecom,wuhan-telecom,39.6268,0.0,icmp,1592314879,2020-06-16 13:41:19+00:00
150095711,jinan-telecom,wuhan-telecom,46.4777,0.0,icmp,1592314980,2020-06-16 13:43:00+00:00
150095921,jinan-telecom,wuhan-telecom,47.5451,0.0,icmp,1592315100,2020-06-16 13:45:00+00:00
150096158,jinan-telecom,wuhan-telecom,48.4556,0.0,icmp,1592315220,2020-06-16 13:47:00+00:00
150096382,jinan-telecom,wuhan-telecom,46.5102,0.0,icmp,1592315340,2020-06-16 13:49:00+00:00
150096607,jinan-telecom,wuhan-telecom,47.8289,0.0,icmp,1592315460,2020-06-16 13:51:00+00:00
150096842,jinan-telecom,wuhan-telecom,39.7769,0.0,icmp,1592315539,2020-06-16 13:52:19+00:00
150097054,jinan-telecom,wuhan-telecom,47.75,0.0,icmp,1592315700,2020-06-16 13:55:00+00:00
150097289,jinan-telecom,wuhan-telecom,47.0286,0.0,icmp,1592315820,2020-06-16 13:57:00+00:00
150097518,jinan-telecom,wuhan-telecom,39.3194,0.0,icmp,1592315899,2020-06-16 13:58:19+00:00
150097748,jinan-telecom,wuhan-telecom,47.3531,0.0,icmp,1592316060,2020-06-16 14:01:00+00:00
150097989,jinan-telecom,wuhan-telecom,48.3942,0.0,icmp,1592316180,2020-06-16 14:03:00+00:00
150098208,jinan-telecom,wuhan-telecom,48.5153,0.0,icmp,1592316300,2020-06-16 14:05:00+00:00
150098454,jinan-telecom,wuhan-telecom,47.3892,0.0,icmp,1592316420,2020-06-16 14:07:00+00:00
150098678,jinan-telecom,wuhan-telecom,39.3393,0.0,icmp,1592316499,2020-06-16 14:08:19+00:00
150098897,jinan-telecom,wuhan-telecom,46.7809,0.0,icmp,1592316660,2020-06-16 14:11:00+00:00
150099119,jinan-telecom,wuhan-telecom,46.7289,0.0,icmp,1592316780,2020-06-16 14:13:00+00:00
150099371,jinan-telecom,wuhan-telecom,45.766,0.0,icmp,1592316900,2020-06-16 14:15:00+00:00
150099581,jinan-telecom,wuhan-telecom,45.0651,0.0,icmp,1592317020,2020-06-16 14:17:00+00:00
150099806,jinan-telecom,wuhan-telecom,39.3087,0.0,icmp,1592317159,2020-06-16 14:19:19+00:00
150100042,jinan-telecom,wuhan-telecom,45.281,0.0,icmp,1592317260,2020-06-16 14:21:00+00:00
150100276,jinan-telecom,wuhan-telecom,46.4786,0.0,icmp,1592317380,2020-06-16 14:23:00+00:00
150100501,jinan-telecom,wuhan-telecom,46.345,0.0,icmp,1592317500,2020-06-16 14:25:00+00:00
150100749,jinan-telecom,wuhan-telecom,39.3755,0.0,icmp,1592317579,2020-06-16 14:26:19+00:00
150100976,jinan-telecom,wuhan-telecom,46.4924,0.0,icmp,1592317740,2020-06-16 14:29:00+00:00
150101185,jinan-telecom,wuhan-telecom,47.3333,0.0,icmp,1592317860,2020-06-16 14:31:00+00:00
150101422,jinan-telecom,wuhan-telecom,46.7099,0.0,icmp,1592317980,2020-06-16 14:33:00+00:00
150101647,jinan-telecom,wuhan-telecom,39.5855,0.0,icmp,1592318119,2020-06-16 14:35:19+00:00
150101872,jinan-telecom,wuhan-telecom,47.1622,0.0,icmp,1592318220,2020-06-16 14:37:00+00:00
150102137,jinan-telecom,wuhan-telecom,39.3679,0.0,icmp,1592318359,2020-06-16 14:39:19+00:00
150102338,jinan-telecom,wuhan-telecom,39.4087,0.0,icmp,1592318479,2020-06-16 14:41:19+00:00
150102559,jinan-telecom,wuhan-telecom,44.737,0.0,icmp,1592318580,2020-06-16 14:43:00+00:00
150102800,jinan-telecom,wuhan-telecom,47.9934,0.0,icmp,1592318700,2020-06-16 14:45:00+00:00
150103035,jinan-telecom,wuhan-telecom,39.5845,0.0,icmp,1592318839,2020-06-16 14:47:19+00:00
150103265,jinan-telecom,wuhan-telecom,47.2868,0.0,icmp,1592318940,2020-06-16 14:49:00+00:00
150103490,jinan-telecom,wuhan-telecom,47.4729,0.0,icmp,1592319060,2020-06-16 14:51:00+00:00
150103708,jinan-telecom,wuhan-telecom,39.8448,0.0,icmp,1592319180,2020-06-16 14:53:00+00:00
150103936,jinan-telecom,wuhan-telecom,47.803,0.0,icmp,1592319300,2020-06-16 14:55:00+00:00
150104164,jinan-telecom,wuhan-telecom,39.4043,0.0,icmp,1592319439,2020-06-16 14:57:19+00:00
150104404,jinan-telecom,wuhan-telecom,49.6088,0.0,icmp,1592319540,2020-06-16 14:59:00+00:00
150104623,jinan-telecom,wuhan-telecom,46.3761,0.0,icmp,1592319660,2020-06-16 15:01:00+00:00
150104860,jinan-telecom,wuhan-telecom,45.5311,0.0,icmp,1592319780,2020-06-16 15:03:00+00:00
150105077,jinan-telecom,wuhan-telecom,48.2573,0.0,icmp,1592319900,2020-06-16 15:05:00+00:00
150105309,jinan-telecom,wuhan-telecom,49.4157,0.0,icmp,1592320020,2020-06-16 15:07:00+00:00
150105535,jinan-telecom,wuhan-telecom,47.5181,0.0,icmp,1592320140,2020-06-16 15:09:00+00:00
150105763,jinan-telecom,wuhan-telecom,47.2764,0.0,icmp,1592320260,2020-06-16 15:11:00+00:00
150105998,jinan-telecom,wuhan-telecom,45.1313,0.0,icmp,1592320380,2020-06-16 15:13:00+00:00
150106224,jinan-telecom,wuhan-telecom,39.5637,0.0,icmp,1592320459,2020-06-16 15:14:19+00:00
150106464,jinan-telecom,wuhan-telecom,46.6408,0.0,icmp,1592320620,2020-06-16 15:17:00+00:00
150106704,jinan-telecom,wuhan-telecom,46.44,0.0,icmp,1592320740,2020-06-16 15:19:00+00:00
150106914,jinan-telecom,wuhan-telecom,39.9475,0.0,icmp,1592320879,2020-06-16 15:21:19+00:00
150107148,jinan-telecom,wuhan-telecom,48.499,0.0,icmp,1592320980,2020-06-16 15:23:00+00:00
150107372,jinan-telecom,wuhan-telecom,46.8627,0.0,icmp,1592321100,2020-06-16 15:25:00+00:00
150107614,jinan-telecom,wuhan-telecom,39.7766,0.0,icmp,1592321239,2020-06-16 15:27:19+00:00
150107834,jinan-telecom,wuhan-telecom,47.4833,0.0,icmp,1592321340,2020-06-16 15:29:00+00:00
150108056,jinan-telecom,wuhan-telecom,39.4292,0.0,icmp,1592321419,2020-06-16 15:30:19+00:00
150108295,jinan-telecom,wuhan-telecom,45.6957,0.0,icmp,1592321580,2020-06-16 15:33:00+00:00
150108509,jinan-telecom,wuhan-telecom,47.0257,0.0,icmp,1592321700,2020-06-16 15:35:00+00:00
150108741,jinan-telecom,wuhan-telecom,46.8307,0.0,icmp,1592321820,2020-06-16 15:37:00+00:00
150108970,jinan-telecom,wuhan-telecom,47.3068,0.0,icmp,1592321940,2020-06-16 15:39:00+00:00
150109204,jinan-telecom,wuhan-telecom,47.7591,0.0,icmp,1592322060,2020-06-16 15:41:00+00:00
150109425,jinan-telecom,wuhan-telecom,47.6209,0.0,icmp,1592322180,2020-06-16 15:43:00+00:00
150109652,jinan-telecom,wuhan-telecom,48.496,0.0,icmp,1592322300,2020-06-16 15:45:00+00:00
150109889,jinan-telecom,wuhan-telecom,48.5492,0.0,icmp,1592322420,2020-06-16 15:47:00+00:00
150110109,jinan-telecom,wuhan-telecom,45.2219,0.0,icmp,1592322540,2020-06-16 15:49:00+00:00
150110362,jinan-telecom,wuhan-telecom,39.3521,0.0,icmp,1592322679,2020-06-16 15:51:19+00:00
150110593,jinan-telecom,wuhan-telecom,41.9378,0.0,icmp,1592322780,2020-06-16 15:53:00+00:00
150110817,jinan-telecom,wuhan-telecom,39.5786,0.0,icmp,1592322919,2020-06-16 15:55:19+00:00
150111041,jinan-telecom,wuhan-telecom,46.482,0.0,icmp,1592323020,2020-06-16 15:57:00+00:00
150111267,jinan-telecom,wuhan-telecom,47.652,0.0,icmp,1592323140,2020-06-16 15:59:00+00:00
150111486,jinan-telecom,wuhan-telecom,39.3163,0.0,icmp,1592323219,2020-06-16 16:00:19+00:00
150111750,jinan-telecom,wuhan-telecom,42.9302,0.0,icmp,1592323380,2020-06-16 16:03:00+00:00
150111964,jinan-telecom,wuhan-telecom,47.3382,0.0,icmp,1592323500,2020-06-16 16:05:00+00:00
150112186,jinan-telecom,wuhan-telecom,47.3771,0.0,icmp,1592323620,2020-06-16 16:07:00+00:00
150112411,jinan-telecom,wuhan-telecom,46.5964,0.0,icmp,1592323740,2020-06-16 16:09:00+00:00
150112655,jinan-telecom,wuhan-telecom,44.6998,0.0,icmp,1592323860,2020-06-16 16:11:00+00:00
150112863,jinan-telecom,wuhan-telecom,46.6164,0.0,icmp,1592323980,2020-06-16 16:13:00+00:00
150113114,jinan-telecom,wuhan-telecom,39.351,0.0,icmp,1592324059,2020-06-16 16:14:19+00:00
150113321,jinan-telecom,wuhan-telecom,45.9131,0.0,icmp,1592324220,2020-06-16 16:17:00+00:00
150113545,jinan-telecom,wuhan-telecom,47.5163,0.0,icmp,1592324340,2020-06-16 16:19:00+00:00
150113781,jinan-telecom,wuhan-telecom,47.0852,0.0,icmp,1592324460,2020-06-16 16:21:00+00:00
150114012,jinan-telecom,wuhan-telecom,46.2357,0.0,icmp,1592324580,2020-06-16 16:23:00+00:00
150114259,jinan-telecom,wuhan-telecom,39.6699,0.0,icmp,1592324659,2020-06-16 16:24:19+00:00
150114491,jinan-telecom,wuhan-telecom,39.4256,0.0,icmp,1592324839,2020-06-16 16:27:19+00:00
150114716,jinan-telecom,wuhan-telecom,44.4129,0.0,icmp,1592324940,2020-06-16 16:29:00+00:00
150114936,jinan-telecom,wuhan-telecom,47.6916,0.0,icmp,1592325060,2020-06-16 16:31:00+00:00
150115166,jinan-telecom,wuhan-telecom,39.4114,0.0,icmp,1592325139,2020-06-16 16:32:19+00:00
150115404,jinan-telecom,wuhan-telecom,46.1938,0.0,icmp,1592325300,2020-06-16 16:35:00+00:00
150115615,jinan-telecom,wuhan-telecom,39.303,0.0,icmp,1592325379,2020-06-16 16:36:19+00:00
150115857,jinan-telecom,wuhan-telecom,46.036,0.0,icmp,1592325540,2020-06-16 16:39:00+00:00
150116081,jinan-telecom,wuhan-telecom,47.9243,0.0,icmp,1592325660,2020-06-16 16:41:00+00:00
150116294,jinan-telecom,wuhan-telecom,40.411,0.0,icmp,1592325780,2020-06-16 16:43:00+00:00
150116546,jinan-telecom,wuhan-telecom,41.3997,0.0,icmp,1592325900,2020-06-16 16:45:00+00:00
150116753,jinan-telecom,wuhan-telecom,39.4166,0.0,icmp,1592325979,2020-06-16 16:46:19+00:00
150116996,jinan-telecom,wuhan-telecom,46.9566,0.0,icmp,1592326140,2020-06-16 16:49:00+00:00
150117225,jinan-telecom,wuhan-telecom,46.174,0.0,icmp,1592326260,2020-06-16 16:51:00+00:00
150117451,jinan-telecom,wuhan-telecom,45.9616,0.0,icmp,1592326380,2020-06-16 16:53:00+00:00
150117668,jinan-telecom,wuhan-telecom,39.6337,0.0,icmp,1592326445,2020-06-16 16:54:05+00:00
150117900,jinan-telecom,wuhan-telecom,44.1351,0.0,icmp,1592326620,2020-06-16 16:57:00+00:00
150118136,jinan-telecom,wuhan-telecom,47.9016,0.0,icmp,1592326740,2020-06-16 16:59:00+00:00
150118369,jinan-telecom,wuhan-telecom,39.3318,0.0,icmp,1592326819,2020-06-16 17:00:19+00:00
150118589,jinan-telecom,wuhan-telecom,47.2856,0.0,icmp,1592326980,2020-06-16 17:03:00+00:00
150118827,jinan-telecom,wuhan-telecom,39.4326,0.0,icmp,1592327119,2020-06-16 17:05:19+00:00
150119077,jinan-telecom,wuhan-telecom,48.4088,0.0,icmp,1592327220,2020-06-16 17:07:00+00:00
150119278,jinan-telecom,wuhan-telecom,47.0362,0.0,icmp,1592327340,2020-06-16 17:09:00+00:00
150119515,jinan-telecom,wuhan-telecom,49.3935,0.0,icmp,1592327460,2020-06-16 17:11:00+00:00
150119731,jinan-telecom,wuhan-telecom,40.362,0.0,icmp,1592327580,2020-06-16 17:13:00+00:00
150119954,jinan-telecom,wuhan-telecom,39.3761,0.0,icmp,1592327719,2020-06-16 17:15:19+00:00
150120201,jinan-telecom,wuhan-telecom,46.6201,0.0,icmp,1592327820,2020-06-16 17:17:00+00:00
150120419,jinan-telecom,wuhan-telecom,46.4071,0.0,icmp,1592327940,2020-06-16 17:19:00+00:00
150120662,jinan-telecom,wuhan-telecom,45.9362,0.0,icmp,1592328060,2020-06-16 17:21:00+00:00
150120873,jinan-telecom,wuhan-telecom,47.2002,0.0,icmp,1592328180,2020-06-16 17:23:00+00:00
150121094,jinan-telecom,wuhan-telecom,39.4445,0.0,icmp,1592328245,2020-06-16 17:24:05+00:00
150121334,jinan-telecom,wuhan-telecom,44.5429,0.0,icmp,1592328420,2020-06-16 17:27:00+00:00
150121570,jinan-telecom,wuhan-telecom,39.3923,0.0,icmp,1592328499,2020-06-16 17:28:19+00:00
150121805,jinan-telecom,wuhan-telecom,45.441,0.0,icmp,1592328660,2020-06-16 17:31:00+00:00
150122024,jinan-telecom,wuhan-telecom,47.828,0.0,icmp,1592328780,2020-06-16 17:33:00+00:00
150122269,jinan-telecom,wuhan-telecom,39.4509,0.0,icmp,1592328859,2020-06-16 17:34:19+00:00
150122502,jinan-telecom,wuhan-telecom,39.3738,0.0,icmp,1592329039,2020-06-16 17:37:19+00:00
150122721,jinan-telecom,wuhan-telecom,47.0394,0.0,icmp,1592329140,2020-06-16 17:39:00+00:00
150122937,jinan-telecom,wuhan-telecom,46.8321,0.0,icmp,1592329260,2020-06-16 17:41:00+00:00
150123172,jinan-telecom,wuhan-telecom,47.4639,0.0,icmp,1592329380,2020-06-16 17:43:00+00:00
150123400,jinan-telecom,wuhan-telecom,48.7789,0.0,icmp,1592329500,2020-06-16 17:45:00+00:00
150123628,jinan-telecom,wuhan-telecom,46.7719,0.0,icmp,1592329620,2020-06-16 17:47:00+00:00
150123856,jinan-telecom,wuhan-telecom,48.8537,0.0,icmp,1592329740,2020-06-16 17:49:00+00:00
150124091,jinan-telecom,wuhan-telecom,45.3552,0.0,icmp,1592329860,2020-06-16 17:51:00+00:00
150124311,jinan-telecom,wuhan-telecom,39.478,0.0,icmp,1592329999,2020-06-16 17:53:19+00:00
150124542,jinan-telecom,wuhan-telecom,39.3504,0.0,icmp,1592330119,2020-06-16 17:55:19+00:00
150124814,jinan-telecom,wuhan-telecom,47.0709,0.0,icmp,1592330220,2020-06-16 17:57:00+00:00
150125004,jinan-telecom,wuhan-telecom,47.7853,0.0,icmp,1592330340,2020-06-16 17:59:00+00:00
150125222,jinan-telecom,wuhan-telecom,45.9025,0.0,icmp,1592330460,2020-06-16 18:01:00+00:00
150125485,jinan-telecom,wuhan-telecom,39.7542,0.0,icmp,1592330580,2020-06-16 18:03:00+00:00
150125699,jinan-telecom,wuhan-telecom,46.6921,0.0,icmp,1592330700,2020-06-16 18:05:00+00:00
150125912,jinan-telecom,wuhan-telecom,39.462,0.0,icmp,1592330765,2020-06-16 18:06:05+00:00
150126147,jinan-telecom,wuhan-telecom,48.9705,0.0,icmp,1592330940,2020-06-16 18:09:00+00:00
150126397,jinan-telecom,wuhan-telecom,47.5304,0.0,icmp,1592331060,2020-06-16 18:11:00+00:00
150126614,jinan-telecom,wuhan-telecom,48.0741,0.0,icmp,1592331180,2020-06-16 18:13:00+00:00
150126837,jinan-telecom,wuhan-telecom,48.6544,0.0,icmp,1592331300,2020-06-16 18:15:00+00:00
150127069,jinan-telecom,wuhan-telecom,46.1172,0.0,icmp,1592331420,2020-06-16 18:17:00+00:00
150127298,jinan-telecom,wuhan-telecom,48.1884,0.0,icmp,1592331540,2020-06-16 18:19:00+00:00
150127509,jinan-telecom,wuhan-telecom,39.6488,0.0,icmp,1592331679,2020-06-16 18:21:19+00:00
150127749,jinan-telecom,wuhan-telecom,46.3946,0.0,icmp,1592331780,2020-06-16 18:23:00+00:00
150127982,jinan-telecom,wuhan-telecom,45.3091,0.0,icmp,1592331900,2020-06-16 18:25:00+00:00
150128223,jinan-telecom,wuhan-telecom,46.9312,0.0,icmp,1592332020,2020-06-16 18:27:00+00:00
150128440,jinan-telecom,wuhan-telecom,49.7586,0.0,icmp,1592332140,2020-06-16 18:29:00+00:00
150128663,jinan-telecom,wuhan-telecom,39.3519,0.0,icmp,1592332219,2020-06-16 18:30:19+00:00
150128891,jinan-telecom,wuhan-telecom,39.408,0.0,icmp,1592332339,2020-06-16 18:32:19+00:00
150129121,jinan-telecom,wuhan-telecom,48.5874,0.0,icmp,1592332500,2020-06-16 18:35:00+00:00
150129349,jinan-telecom,wuhan-telecom,47.0339,0.0,icmp,1592332620,2020-06-16 18:37:00+00:00
150129586,jinan-telecom,wuhan-telecom,46.8519,0.0,icmp,1592332740,2020-06-16 18:39:00+00:00
150129821,jinan-telecom,wuhan-telecom,40.8455,0.0,icmp,1592332860,2020-06-16 18:41:00+00:00
150130049,jinan-telecom,wuhan-telecom,46.7725,0.0,icmp,1592332980,2020-06-16 18:43:00+00:00
150130289,jinan-telecom,wuhan-telecom,46.5868,0.0,icmp,1592333100,2020-06-16 18:45:00+00:00
150130512,jinan-telecom,wuhan-telecom,47.0315,0.0,icmp,1592333220,2020-06-16 18:47:00+00:00
150130739,jinan-telecom,wuhan-telecom,41.3033,0.0,icmp,1592333340,2020-06-16 18:49:00+00:00
150130955,jinan-telecom,wuhan-telecom,39.4225,0.0,icmp,1592333419,2020-06-16 18:50:19+00:00
150131183,jinan-telecom,wuhan-telecom,47.0941,0.0,icmp,1592333580,2020-06-16 18:53:00+00:00
150131427,jinan-telecom,wuhan-telecom,42.8694,0.0,icmp,1592333700,2020-06-16 18:55:00+00:00
150131639,jinan-telecom,wuhan-telecom,46.1274,0.0,icmp,1592333820,2020-06-16 18:57:00+00:00
150131866,jinan-telecom,wuhan-telecom,44.855,0.0,icmp,1592333940,2020-06-16 18:59:00+00:00
150132117,jinan-telecom,wuhan-telecom,46.7678,0.0,icmp,1592334060,2020-06-16 19:01:00+00:00
150132340,jinan-telecom,wuhan-telecom,49.4742,0.0,icmp,1592334180,2020-06-16 19:03:00+00:00
150132567,jinan-telecom,wuhan-telecom,46.8201,0.0,icmp,1592334300,2020-06-16 19:05:00+00:00
150132788,jinan-telecom,wuhan-telecom,45.2577,0.0,icmp,1592334420,2020-06-16 19:07:00+00:00
150133011,jinan-telecom,wuhan-telecom,45.9049,0.0,icmp,1592334540,2020-06-16 19:09:00+00:00
150133265,jinan-telecom,wuhan-telecom,47.2498,0.0,icmp,1592334660,2020-06-16 19:11:00+00:00
150133475,jinan-telecom,wuhan-telecom,45.7425,0.0,icmp,1592334780,2020-06-16 19:13:00+00:00
150133703,jinan-telecom,wuhan-telecom,39.3873,0.0,icmp,1592334859,2020-06-16 19:14:19+00:00
150133940,jinan-telecom,wuhan-telecom,46.7918,0.0,icmp,1592335020,2020-06-16 19:17:00+00:00
150134165,jinan-telecom,wuhan-telecom,46.8298,0.0,icmp,1592335140,2020-06-16 19:19:00+00:00
150134396,jinan-telecom,wuhan-telecom,40.1867,0.0,icmp,1592335260,2020-06-16 19:21:00+00:00
150134631,jinan-telecom,wuhan-telecom,39.3106,0.0,icmp,1592335339,2020-06-16 19:22:19+00:00
150134847,jinan-telecom,wuhan-telecom,39.319,0.0,icmp,1592335519,2020-06-16 19:25:19+00:00
150135076,jinan-telecom,wuhan-telecom,47.1537,0.0,icmp,1592335620,2020-06-16 19:27:00+00:00
150135321,jinan-telecom,wuhan-telecom,46.8808,0.0,icmp,1592335740,2020-06-16 19:29:00+00:00
150135534,jinan-telecom,wuhan-telecom,47.4939,0.0,icmp,1592335860,2020-06-16 19:31:00+00:00
150135784,jinan-telecom,wuhan-telecom,46.7587,0.0,icmp,1592335980,2020-06-16 19:33:00+00:00
150135993,jinan-telecom,wuhan-telecom,46.231,0.0,icmp,1592336100,2020-06-16 19:35:00+00:00
150136241,jinan-telecom,wuhan-telecom,39.379,0.0,icmp,1592336179,2020-06-16 19:36:19+00:00
150136449,jinan-telecom,wuhan-telecom,39.3213,0.0,icmp,1592336299,2020-06-16 19:38:19+00:00
150136678,jinan-telecom,wuhan-telecom,44.3447,0.0,icmp,1592336460,2020-06-16 19:41:00+00:00
150136922,jinan-telecom,wuhan-telecom,46.3339,0.0,icmp,1592336580,2020-06-16 19:43:00+00:00
150137153,jinan-telecom,wuhan-telecom,47.2524,0.0,icmp,1592336700,2020-06-16 19:45:00+00:00
150137366,jinan-telecom,wuhan-telecom,41.6768,0.0,icmp,1592336820,2020-06-16 19:47:00+00:00
150137608,jinan-telecom,wuhan-telecom,44.9494,0.0,icmp,1592336940,2020-06-16 19:49:00+00:00
150137845,jinan-telecom,wuhan-telecom,49.5023,0.0,icmp,1592337060,2020-06-16 19:51:00+00:00
150138062,jinan-telecom,wuhan-telecom,39.4538,0.0,icmp,1592337199,2020-06-16 19:53:19+00:00
150138279,jinan-telecom,wuhan-telecom,46.6698,0.0,icmp,1592337300,2020-06-16 19:55:00+00:00
150138525,jinan-telecom,wuhan-telecom,39.4813,0.0,icmp,1592337439,2020-06-16 19:57:19+00:00
150138745,jinan-telecom,wuhan-telecom,47.0775,0.0,icmp,1592337540,2020-06-16 19:59:00+00:00
150138966,jinan-telecom,wuhan-telecom,39.4228,0.0,icmp,1592337679,2020-06-16 20:01:19+00:00
150139201,jinan-telecom,wuhan-telecom,39.3397,0.0,icmp,1592337799,2020-06-16 20:03:19+00:00
150139437,jinan-telecom,wuhan-telecom,45.2797,0.0,icmp,1592337900,2020-06-16 20:05:00+00:00
150139661,jinan-telecom,wuhan-telecom,39.5318,0.0,icmp,1592337979,2020-06-16 20:06:19+00:00
150139884,jinan-telecom,wuhan-telecom,47.452,0.0,icmp,1592338140,2020-06-16 20:09:00+00:00
150140136,jinan-telecom,wuhan-telecom,44.973,0.0,icmp,1592338260,2020-06-16 20:11:00+00:00
150140355,jinan-telecom,wuhan-telecom,46.5063,0.0,icmp,1592338380,2020-06-16 20:13:00+00:00
150140587,jinan-telecom,wuhan-telecom,42.8531,0.0,icmp,1592338500,2020-06-16 20:15:00+00:00
150140814,jinan-telecom,wuhan-telecom,45.1804,0.0,icmp,1592338620,2020-06-16 20:17:00+00:00
150141041,jinan-telecom,wuhan-telecom,48.0764,0.0,icmp,1592338740,2020-06-16 20:19:00+00:00
150141264,jinan-telecom,wuhan-telecom,39.4311,0.0,icmp,1592338879,2020-06-16 20:21:19+00:00
150141494,jinan-telecom,wuhan-telecom,44.5037,0.0,icmp,1592338980,2020-06-16 20:23:00+00:00
150141711,jinan-telecom,wuhan-telecom,47.9795,0.0,icmp,1592339100,2020-06-16 20:25:00+00:00
150141959,jinan-telecom,wuhan-telecom,47.531,0.0,icmp,1592339220,2020-06-16 20:27:00+00:00
150142187,jinan-telecom,wuhan-telecom,45.3704,0.0,icmp,1592339340,2020-06-16 20:29:00+00:00
150142412,jinan-telecom,wuhan-telecom,46.9597,0.0,icmp,1592339460,2020-06-16 20:31:00+00:00
150142648,jinan-telecom,wuhan-telecom,42.9049,0.0,icmp,1592339580,2020-06-16 20:33:00+00:00
150142859,jinan-telecom,wuhan-telecom,47.4002,0.0,icmp,1592339700,2020-06-16 20:35:00+00:00
150143099,jinan-telecom,wuhan-telecom,39.3367,0.0,icmp,1592339779,2020-06-16 20:36:19+00:00
150143325,jinan-telecom,wuhan-telecom,46.1018,0.0,icmp,1592339940,2020-06-16 20:39:00+00:00
150143571,jinan-telecom,wuhan-telecom,47.7212,0.0,icmp,1592340060,2020-06-16 20:41:00+00:00
150143790,jinan-telecom,wuhan-telecom,39.452,0.0,icmp,1592340139,2020-06-16 20:42:19+00:00
150144026,jinan-telecom,wuhan-telecom,48.0011,0.0,icmp,1592340300,2020-06-16 20:45:00+00:00
150144258,jinan-telecom,wuhan-telecom,47.0172,0.0,icmp,1592340420,2020-06-16 20:47:00+00:00
150144480,jinan-telecom,wuhan-telecom,45.4187,0.0,icmp,1592340540,2020-06-16 20:49:00+00:00
150144719,jinan-telecom,wuhan-telecom,39.481,0.0,icmp,1592340679,2020-06-16 20:51:19+00:00
150144933,jinan-telecom,wuhan-telecom,47.2587,0.0,icmp,1592340780,2020-06-16 20:53:00+00:00
150145175,jinan-telecom,wuhan-telecom,46.8174,0.0,icmp,1592340900,2020-06-16 20:55:00+00:00
150145405,jinan-telecom,wuhan-telecom,46.91,0.0,icmp,1592341020,2020-06-16 20:57:00+00:00
150145610,jinan-telecom,wuhan-telecom,44.715,0.0,icmp,1592341140,2020-06-16 20:59:00+00:00
150145858,jinan-telecom,wuhan-telecom,39.3332,0.0,icmp,1592341219,2020-06-16 21:00:19+00:00
150146063,jinan-telecom,wuhan-telecom,46.2176,0.0,icmp,1592341380,2020-06-16 21:03:00+00:00
150146311,jinan-telecom,wuhan-telecom,39.3076,0.0,icmp,1592341459,2020-06-16 21:04:19+00:00
150146536,jinan-telecom,wuhan-telecom,47.0132,0.0,icmp,1592341620,2020-06-16 21:07:00+00:00
150146752,jinan-telecom,wuhan-telecom,39.8424,0.0,icmp,1592341740,2020-06-16 21:09:00+00:00
150146992,jinan-telecom,wuhan-telecom,39.3425,0.0,icmp,1592341879,2020-06-16 21:11:19+00:00
150147248,jinan-telecom,wuhan-telecom,47.5007,0.0,icmp,1592341980,2020-06-16 21:13:00+00:00
150147454,jinan-telecom,wuhan-telecom,48.0062,0.0,icmp,1592342100,2020-06-16 21:15:00+00:00
150147673,jinan-telecom,wuhan-telecom,47.4081,0.0,icmp,1592342220,2020-06-16 21:17:00+00:00
150147902,jinan-telecom,wuhan-telecom,39.353,0.0,icmp,1592342299,2020-06-16 21:18:19+00:00
150148141,jinan-telecom,wuhan-telecom,47.3119,0.0,icmp,1592342460,2020-06-16 21:21:00+00:00
150148382,jinan-telecom,wuhan-telecom,46.8535,0.0,icmp,1592342580,2020-06-16 21:23:00+00:00
150148578,jinan-telecom,wuhan-telecom,47.5635,0.0,icmp,1592342700,2020-06-16 21:25:00+00:00
150148818,jinan-telecom,wuhan-telecom,47.9912,0.0,icmp,1592342820,2020-06-16 21:27:00+00:00
150149056,jinan-telecom,wuhan-telecom,39.3737,0.0,icmp,1592342899,2020-06-16 21:28:19+00:00
150149271,jinan-telecom,wuhan-telecom,47.1138,0.0,icmp,1592343060,2020-06-16 21:31:00+00:00
150149515,jinan-telecom,wuhan-telecom,49.1248,0.0,icmp,1592343180,2020-06-16 21:33:00+00:00
150149731,jinan-telecom,wuhan-telecom,48.1868,0.0,icmp,1592343300,2020-06-16 21:35:00+00:00
150149968,jinan-telecom,wuhan-telecom,39.3323,0.0,icmp,1592343379,2020-06-16 21:36:19+00:00
150150192,jinan-telecom,wuhan-telecom,49.3702,0.0,icmp,1592343540,2020-06-16 21:39:00+00:00
150150441,jinan-telecom,wuhan-telecom,47.7272,0.0,icmp,1592343660,2020-06-16 21:41:00+00:00
150150654,jinan-telecom,wuhan-telecom,47.6929,0.0,icmp,1592343780,2020-06-16 21:43:00+00:00
150150886,jinan-telecom,wuhan-telecom,39.32,0.0,icmp,1592343919,2020-06-16 21:45:19+00:00
150151117,jinan-telecom,wuhan-telecom,46.7468,0.0,icmp,1592344020,2020-06-16 21:47:00+00:00
150151356,jinan-telecom,wuhan-telecom,47.2078,0.0,icmp,1592344140,2020-06-16 21:49:00+00:00
150151568,jinan-telecom,wuhan-telecom,48.4586,0.0,icmp,1592344260,2020-06-16 21:51:00+00:00
150151803,jinan-telecom,wuhan-telecom,48.3183,0.0,icmp,1592344380,2020-06-16 21:53:00+00:00
150152051,jinan-telecom,wuhan-telecom,39.5493,0.0,icmp,1592344519,2020-06-16 21:55:19+00:00
150152243,jinan-telecom,wuhan-telecom,46.6552,0.0,icmp,1592344620,2020-06-16 21:57:00+00:00
150152477,jinan-telecom,wuhan-telecom,39.3369,0.0,icmp,1592344699,2020-06-16 21:58:19+00:00
150152719,jinan-telecom,wuhan-telecom,39.4165,0.0,icmp,1592344879,2020-06-16 22:01:19+00:00
150152952,jinan-telecom,wuhan-telecom,47.1646,0.0,icmp,1592344980,2020-06-16 22:03:00+00:00
150153182,jinan-telecom,wuhan-telecom,46.4553,0.0,icmp,1592345100,2020-06-16 22:05:00+00:00
150153398,jinan-telecom,wuhan-telecom,47.9648,0.0,icmp,1592345220,2020-06-16 22:07:00+00:00
150153642,jinan-telecom,wuhan-telecom,47.4505,0.0,icmp,1592345340,2020-06-16 22:09:00+00:00
150153881,jinan-telecom,wuhan-telecom,46.7876,0.0,icmp,1592345460,2020-06-16 22:11:00+00:00
150154106,jinan-telecom,wuhan-telecom,45.6348,0.0,icmp,1592345580,2020-06-16 22:13:00+00:00
150154326,jinan-telecom,wuhan-telecom,39.3281,0.0,icmp,1592345659,2020-06-16 22:14:19+00:00
150154565,jinan-telecom,wuhan-telecom,49.9518,0.0,icmp,1592345820,2020-06-16 22:17:00+00:00
150154790,jinan-telecom,wuhan-telecom,47.7975,0.0,icmp,1592345940,2020-06-16 22:19:00+00:00
150154997,jinan-telecom,wuhan-telecom,47.2134,0.0,icmp,1592346060,2020-06-16 22:21:00+00:00
150155245,jinan-telecom,wuhan-telecom,39.3332,0.0,icmp,1592346139,2020-06-16 22:22:19+00:00
150155456,jinan-telecom,wuhan-telecom,39.3876,0.0,icmp,1592346259,2020-06-16 22:24:19+00:00
150155690,jinan-telecom,wuhan-telecom,47.8186,0.0,icmp,1592346420,2020-06-16 22:27:00+00:00
150155921,jinan-telecom,wuhan-telecom,46.3726,0.0,icmp,1592346540,2020-06-16 22:29:00+00:00
150156151,jinan-telecom,wuhan-telecom,46.5383,0.0,icmp,1592346660,2020-06-16 22:31:00+00:00
150156386,jinan-telecom,wuhan-telecom,46.2788,0.0,icmp,1592346780,2020-06-16 22:33:00+00:00
150156607,jinan-telecom,wuhan-telecom,42.7609,0.0,icmp,1592346900,2020-06-16 22:35:00+00:00
150156840,jinan-telecom,wuhan-telecom,47.306,0.0,icmp,1592347020,2020-06-16 22:37:00+00:00
150157057,jinan-telecom,wuhan-telecom,46.4736,0.0,icmp,1592347140,2020-06-16 22:39:00+00:00
150157294,jinan-telecom,wuhan-telecom,47.3979,0.0,icmp,1592347260,2020-06-16 22:41:00+00:00
150157508,jinan-telecom,wuhan-telecom,46.3732,0.0,icmp,1592347380,2020-06-16 22:43:00+00:00
150157749,jinan-telecom,wuhan-telecom,48.2336,0.0,icmp,1592347500,2020-06-16 22:45:00+00:00
150157980,jinan-telecom,wuhan-telecom,46.2129,0.0,icmp,1592347620,2020-06-16 22:47:00+00:00
150158233,jinan-telecom,wuhan-telecom,45.5344,0.0,icmp,1592347740,2020-06-16 22:49:00+00:00
150158440,jinan-telecom,wuhan-telecom,39.466,0.0,icmp,1592347819,2020-06-16 22:50:19+00:00
150158663,jinan-telecom,wuhan-telecom,45.8754,0.0,icmp,1592347980,2020-06-16 22:53:00+00:00
150158889,jinan-telecom,wuhan-telecom,47.2842,0.0,icmp,1592348100,2020-06-16 22:55:00+00:00
150159134,jinan-telecom,wuhan-telecom,39.342,0.0,icmp,1592348179,2020-06-16 22:56:19+00:00
150159372,jinan-telecom,wuhan-telecom,46.6118,0.0,icmp,1592348340,2020-06-16 22:59:00+00:00
150159588,jinan-telecom,wuhan-telecom,46.9919,0.0,icmp,1592348460,2020-06-16 23:01:00+00:00
150159817,jinan-telecom,wuhan-telecom,39.4347,0.0,icmp,1592348524,2020-06-16 23:02:04+00:00
150160067,jinan-telecom,wuhan-telecom,47.2701,0.0,icmp,1592348700,2020-06-16 23:05:00+00:00
150160262,jinan-telecom,wuhan-telecom,45.7115,0.0,icmp,1592348820,2020-06-16 23:07:00+00:00
150160495,jinan-telecom,wuhan-telecom,46.0328,0.0,icmp,1592348940,2020-06-16 23:09:00+00:00
150160734,jinan-telecom,wuhan-telecom,46.2598,0.0,icmp,1592349060,2020-06-16 23:11:00+00:00
150160955,jinan-telecom,wuhan-telecom,46.8078,0.0,icmp,1592349180,2020-06-16 23:13:00+00:00
150161195,jinan-telecom,wuhan-telecom,47.0543,0.0,icmp,1592349300,2020-06-16 23:15:00+00:00
150161431,jinan-telecom,wuhan-telecom,48.1589,0.0,icmp,1592349420,2020-06-16 23:17:00+00:00
150161647,jinan-telecom,wuhan-telecom,46.8308,0.0,icmp,1592349540,2020-06-16 23:19:00+00:00
150161855,jinan-telecom,wuhan-telecom,39.3219,0.0,icmp,1592349619,2020-06-16 23:20:19+00:00
150162102,jinan-telecom,wuhan-telecom,47.1941,0.0,icmp,1592349780,2020-06-16 23:23:00+00:00
150162340,jinan-telecom,wuhan-telecom,39.316,0.0,icmp,1592349919,2020-06-16 23:25:19+00:00
150162560,jinan-telecom,wuhan-telecom,47.6619,0.0,icmp,1592350020,2020-06-16 23:27:00+00:00
150162798,jinan-telecom,wuhan-telecom,45.5214,0.0,icmp,1592350140,2020-06-16 23:29:00+00:00
150163025,jinan-telecom,wuhan-telecom,46.0464,0.0,icmp,1592350260,2020-06-16 23:31:00+00:00
150163245,jinan-telecom,wuhan-telecom,42.0723,0.0,icmp,1592350380,2020-06-16 23:33:00+00:00
150163481,jinan-telecom,wuhan-telecom,46.8015,0.0,icmp,1592350500,2020-06-16 23:35:00+00:00
150163696,jinan-telecom,wuhan-telecom,39.3964,0.0,icmp,1592350579,2020-06-16 23:36:19+00:00
150163946,jinan-telecom,wuhan-telecom,39.365,0.0,icmp,1592350699,2020-06-16 23:38:19+00:00
150164178,jinan-telecom,wuhan-telecom,46.6882,0.0,icmp,1592350860,2020-06-16 23:41:00+00:00
150164407,jinan-telecom,wuhan-telecom,39.4418,0.0,icmp,1592350984,2020-06-16 23:43:04+00:00
150164618,jinan-telecom,wuhan-telecom,46.6246,0.0,icmp,1592351100,2020-06-16 23:45:00+00:00
150164837,jinan-telecom,wuhan-telecom,39.3885,0.0,icmp,1592351179,2020-06-16 23:46:19+00:00
150165096,jinan-telecom,wuhan-telecom,47.8603,0.0,icmp,1592351340,2020-06-16 23:49:00+00:00
150165310,jinan-telecom,wuhan-telecom,39.4691,0.0,icmp,1592351419,2020-06-16 23:50:19+00:00
150165540,jinan-telecom,wuhan-telecom,39.4207,0.0,icmp,1592351539,2020-06-16 23:52:19+00:00
150165789,jinan-telecom,wuhan-telecom,45.9537,0.0,icmp,1592351700,2020-06-16 23:55:00+00:00
150165988,jinan-telecom,wuhan-telecom,46.7531,0.0,icmp,1592351820,2020-06-16 23:57:00+00:00
150166218,jinan-telecom,wuhan-telecom,46.764,0.0,icmp,1592351940,2020-06-16 23:59:00+00:00
150166440,jinan-telecom,wuhan-telecom,39.4429,0.0,icmp,1592352019,2020-06-17 00:00:19+00:00
150166693,jinan-telecom,wuhan-telecom,48.7396,0.0,icmp,1592352180,2020-06-17 00:03:00+00:00
150166931,jinan-telecom,wuhan-telecom,39.3183,0.0,icmp,1592352259,2020-06-17 00:04:19+00:00
150167132,jinan-telecom,wuhan-telecom,39.6573,0.0,icmp,1592352439,2020-06-17 00:07:19+00:00
150167362,jinan-telecom,wuhan-telecom,45.608,0.0,icmp,1592352540,2020-06-17 00:09:00+00:00
150167585,jinan-telecom,wuhan-telecom,42.2564,0.0,icmp,1592352604,2020-06-17 00:10:04+00:00
150167810,jinan-telecom,wuhan-telecom,45.8204,0.0,icmp,1592352780,2020-06-17 00:13:00+00:00
150168053,jinan-telecom,wuhan-telecom,49.2292,0.0,icmp,1592352900,2020-06-17 00:15:00+00:00
150168278,jinan-telecom,wuhan-telecom,46.6535,0.0,icmp,1592353020,2020-06-17 00:17:00+00:00
150168522,jinan-telecom,wuhan-telecom,47.5697,0.0,icmp,1592353140,2020-06-17 00:19:00+00:00
150168749,jinan-telecom,wuhan-telecom,47.3409,0.0,icmp,1592353260,2020-06-17 00:21:00+00:00
150168978,jinan-telecom,wuhan-telecom,48.7126,0.0,icmp,1592353380,2020-06-17 00:23:00+00:00
150169211,jinan-telecom,wuhan-telecom,48.1317,0.0,icmp,1592353500,2020-06-17 00:25:00+00:00
150169423,jinan-telecom,wuhan-telecom,39.427,0.0,icmp,1592353624,2020-06-17 00:27:04+00:00
150169655,jinan-telecom,wuhan-telecom,47.6211,0.0,icmp,1592353740,2020-06-17 00:29:00+00:00
150169892,jinan-telecom,wuhan-telecom,39.3834,0.0,icmp,1592353879,2020-06-17 00:31:19+00:00
150170111,jinan-telecom,wuhan-telecom,39.4948,0.0,icmp,1592353999,2020-06-17 00:33:19+00:00
150170345,jinan-telecom,wuhan-telecom,48.3316,0.0,icmp,1592354100,2020-06-17 00:35:00+00:00
150170561,jinan-telecom,wuhan-telecom,49.6891,0.0,icmp,1592354220,2020-06-17 00:37:00+00:00
150170823,jinan-telecom,wuhan-telecom,46.7527,0.0,icmp,1592354340,2020-06-17 00:39:00+00:00
150171024,jinan-telecom,wuhan-telecom,46.0851,0.0,icmp,1592354460,2020-06-17 00:41:00+00:00
150171273,jinan-telecom,wuhan-telecom,39.3827,0.0,icmp,1592354539,2020-06-17 00:42:19+00:00
150171489,jinan-telecom,wuhan-telecom,47.8768,0.0,icmp,1592354700,2020-06-17 00:45:00+00:00
150171718,jinan-telecom,wuhan-telecom,39.3333,0.0,icmp,1592354779,2020-06-17 00:46:19+00:00
150171946,jinan-telecom,wuhan-telecom,39.3125,0.0,icmp,1592354899,2020-06-17 00:48:19+00:00
150172177,jinan-telecom,wuhan-telecom,46.1743,0.0,icmp,1592355060,2020-06-17 00:51:00+00:00
150172409,jinan-telecom,wuhan-telecom,46.6335,0.0,icmp,1592355180,2020-06-17 00:53:00+00:00
150172638,jinan-telecom,wuhan-telecom,39.3385,0.0,icmp,1592355259,2020-06-17 00:54:19+00:00
150172865,jinan-telecom,wuhan-telecom,39.3922,0.0,icmp,1592355439,2020-06-17 00:57:19+00:00
150173093,jinan-telecom,wuhan-telecom,39.399,0.0,icmp,1592355559,2020-06-17 00:59:19+00:00
150173322,jinan-telecom,wuhan-telecom,46.7123,0.0,icmp,1592355660,2020-06-17 01:01:00+00:00
150173562,jinan-telecom,wuhan-telecom,47.4254,0.0,icmp,1592355780,2020-06-17 01:03:00+00:00
150173772,jinan-telecom,wuhan-telecom,46.7007,0.0,icmp,1592355900,2020-06-17 01:05:00+00:00
150174013,jinan-telecom,wuhan-telecom,39.4516,0.0,icmp,1592355979,2020-06-17 01:06:19+00:00
150174237,jinan-telecom,wuhan-telecom,48.6894,0.0,icmp,1592356140,2020-06-17 01:09:00+00:00
150174478,jinan-telecom,wuhan-telecom,39.3237,0.0,icmp,1592356279,2020-06-17 01:11:19+00:00
150174694,jinan-telecom,wuhan-telecom,46.7554,0.0,icmp,1592356380,2020-06-17 01:13:00+00:00
150174935,jinan-telecom,wuhan-telecom,46.8059,0.0,icmp,1592356500,2020-06-17 01:15:00+00:00
150175149,jinan-telecom,wuhan-telecom,47.1028,0.0,icmp,1592356620,2020-06-17 01:17:00+00:00
150175400,jinan-telecom,wuhan-telecom,47.0373,0.0,icmp,1592356740,2020-06-17 01:19:00+00:00
150175630,jinan-telecom,wuhan-telecom,45.5821,0.0,icmp,1592356860,2020-06-17 01:21:00+00:00
150175836,jinan-telecom,wuhan-telecom,39.3504,0.0,icmp,1592356939,2020-06-17 01:22:19+00:00
150176074,jinan-telecom,wuhan-telecom,47.1559,0.0,icmp,1592357100,2020-06-17 01:25:00+00:00
150176300,jinan-telecom,wuhan-telecom,39.3424,0.0,icmp,1592357179,2020-06-17 01:26:19+00:00
150176541,jinan-telecom,wuhan-telecom,47.2591,0.0,icmp,1592357340,2020-06-17 01:29:00+00:00
150176760,jinan-telecom,wuhan-telecom,39.3743,0.0,icmp,1592357419,2020-06-17 01:30:19+00:00
150176985,jinan-telecom,wuhan-telecom,45.8365,0.0,icmp,1592357580,2020-06-17 01:33:00+00:00
150177221,jinan-telecom,wuhan-telecom,47.0272,0.0,icmp,1592357700,2020-06-17 01:35:00+00:00
150177444,jinan-telecom,wuhan-telecom,46.2558,0.0,icmp,1592357820,2020-06-17 01:37:00+00:00
150177684,jinan-telecom,wuhan-telecom,44.9312,0.0,icmp,1592357940,2020-06-17 01:39:00+00:00
150177906,jinan-telecom,wuhan-telecom,47.3867,0.0,icmp,1592358060,2020-06-17 01:41:00+00:00
150178131,jinan-telecom,wuhan-telecom,47.5129,0.0,icmp,1592358180,2020-06-17 01:43:00+00:00
150178379,jinan-telecom,wuhan-telecom,48.4073,0.0,icmp,1592358300,2020-06-17 01:45:00+00:00
150178597,jinan-telecom,wuhan-telecom,47.4589,0.0,icmp,1592358420,2020-06-17 01:47:00+00:00
150178808,jinan-telecom,wuhan-telecom,46.6583,0.0,icmp,1592358540,2020-06-17 01:49:00+00:00
150179050,jinan-telecom,wuhan-telecom,39.3135,0.0,icmp,1592358679,2020-06-17 01:51:19+00:00
150179282,jinan-telecom,wuhan-telecom,46.6135,0.0,icmp,1592358780,2020-06-17 01:53:00+00:00
150179524,jinan-telecom,wuhan-telecom,39.3718,0.0,icmp,1592358919,2020-06-17 01:55:19+00:00
150179747,jinan-telecom,wuhan-telecom,48.467,0.0,icmp,1592359020,2020-06-17 01:57:00+00:00
150179964,jinan-telecom,wuhan-telecom,47.5244,0.0,icmp,1592359140,2020-06-17 01:59:00+00:00
150180211,jinan-telecom,wuhan-telecom,47.0163,0.0,icmp,1592359260,2020-06-17 02:01:00+00:00
150180420,jinan-telecom,wuhan-telecom,47.6944,0.0,icmp,1592359380,2020-06-17 02:03:00+00:00
150180650,jinan-telecom,wuhan-telecom,45.2664,0.0,icmp,1592359500,2020-06-17 02:05:00+00:00
150180879,jinan-telecom,wuhan-telecom,48.062,0.0,icmp,1592359620,2020-06-17 02:07:00+00:00
150181106,jinan-telecom,wuhan-telecom,39.4407,0.0,icmp,1592359699,2020-06-17 02:08:19+00:00
150181338,jinan-telecom,wuhan-telecom,46.8929,0.0,icmp,1592359860,2020-06-17 02:11:00+00:00
150181575,jinan-telecom,wuhan-telecom,45.705,0.0,icmp,1592359980,2020-06-17 02:13:00+00:00
150181793,jinan-telecom,wuhan-telecom,39.4224,0.0,icmp,1592360119,2020-06-17 02:15:19+00:00
150182027,jinan-telecom,wuhan-telecom,45.2407,0.0,icmp,1592360220,2020-06-17 02:17:00+00:00
150182255,jinan-telecom,wuhan-telecom,47.4079,0.0,icmp,1592360340,2020-06-17 02:19:00+00:00
150182484,jinan-telecom,wuhan-telecom,41.4455,0.0,icmp,1592360460,2020-06-17 02:21:00+00:00
150182698,jinan-telecom,wuhan-telecom,45.6846,0.0,icmp,1592360580,2020-06-17 02:23:00+00:00
150182927,jinan-telecom,wuhan-telecom,45.6681,0.0,icmp,1592360700,2020-06-17 02:25:00+00:00
150183192,jinan-telecom,wuhan-telecom,47.6142,0.0,icmp,1592360820,2020-06-17 02:27:00+00:00
150183393,jinan-telecom,wuhan-telecom,45.3931,0.0,icmp,1592360940,2020-06-17 02:29:00+00:00
150183624,jinan-telecom,wuhan-telecom,47.0329,0.0,icmp,1592361060,2020-06-17 02:31:00+00:00
150183871,jinan-telecom,wuhan-telecom,39.4371,0.0,icmp,1592361199,2020-06-17 02:33:19+00:00
150184091,jinan-telecom,wuhan-telecom,46.685,0.0,icmp,1592361300,2020-06-17 02:35:00+00:00
150184317,jinan-telecom,wuhan-telecom,39.5998,0.0,icmp,1592361439,2020-06-17 02:37:19+00:00
150184535,jinan-telecom,wuhan-telecom,48.2458,0.0,icmp,1592361540,2020-06-17 02:39:00+00:00
150184791,jinan-telecom,wuhan-telecom,46.5353,0.0,icmp,1592361660,2020-06-17 02:41:00+00:00
150185002,jinan-telecom,wuhan-telecom,47.7293,0.0,icmp,1592361780,2020-06-17 02:43:00+00:00
150185248,jinan-telecom,wuhan-telecom,39.4759,0.0,icmp,1592361919,2020-06-17 02:45:19+00:00
150185460,jinan-telecom,wuhan-telecom,47.764,0.0,icmp,1592362020,2020-06-17 02:47:00+00:00
150185683,jinan-telecom,wuhan-telecom,46.8407,0.0,icmp,1592362140,2020-06-17 02:49:00+00:00
150185933,jinan-telecom,wuhan-telecom,39.5105,0.0,icmp,1592362219,2020-06-17 02:50:19+00:00
150186160,jinan-telecom,wuhan-telecom,44.38,0.0,icmp,1592362380,2020-06-17 02:53:00+00:00
150186377,jinan-telecom,wuhan-telecom,48.6699,0.0,icmp,1592362500,2020-06-17 02:55:00+00:00
150186600,jinan-telecom,wuhan-telecom,46.5395,0.0,icmp,1592362620,2020-06-17 02:57:00+00:00
150186840,jinan-telecom,wuhan-telecom,39.3454,0.0,icmp,1592362699,2020-06-17 02:58:19+00:00
150187061,jinan-telecom,wuhan-telecom,48.4354,0.0,icmp,1592362860,2020-06-17 03:01:00+00:00
154655013,jinan-telecom,wuhan-telecom,46.6873,0.0,icmp,1592362980,2020-06-17 03:03:00+00:00
154655265,jinan-telecom,wuhan-telecom,47.8453,0.0,icmp,1592363100,2020-06-17 03:05:00+00:00
154655489,jinan-telecom,wuhan-telecom,48.7695,0.0,icmp,1592363220,2020-06-17 03:07:00+00:00
154655718,jinan-telecom,wuhan-telecom,49.5853,0.0,icmp,1592363340,2020-06-17 03:09:00+00:00
154655954,jinan-telecom,wuhan-telecom,47.1936,0.0,icmp,1592363460,2020-06-17 03:11:00+00:00
154656181,jinan-telecom,wuhan-telecom,46.4302,0.0,icmp,1592363580,2020-06-17 03:13:00+00:00
154656396,jinan-telecom,wuhan-telecom,45.4668,0.0,icmp,1592363700,2020-06-17 03:15:00+00:00
154656628,jinan-telecom,wuhan-telecom,47.3923,0.0,icmp,1592363820,2020-06-17 03:17:00+00:00
154656848,jinan-telecom,wuhan-telecom,39.3293,0.0,icmp,1592363899,2020-06-17 03:18:19+00:00
154657078,jinan-telecom,wuhan-telecom,48.453,0.0,icmp,1592364060,2020-06-17 03:21:00+00:00
154657323,jinan-telecom,wuhan-telecom,46.7507,0.0,icmp,1592364180,2020-06-17 03:23:00+00:00
154657567,jinan-telecom,wuhan-telecom,39.4629,0.0,icmp,1592364319,2020-06-17 03:25:19+00:00
154657777,jinan-telecom,wuhan-telecom,47.5013,0.0,icmp,1592364420,2020-06-17 03:27:00+00:00
154657996,jinan-telecom,wuhan-telecom,47.4585,0.0,icmp,1592364540,2020-06-17 03:29:00+00:00
154658225,jinan-telecom,wuhan-telecom,39.5325,0.0,icmp,1592364619,2020-06-17 03:30:19+00:00
154658464,jinan-telecom,wuhan-telecom,48.4876,0.0,icmp,1592364780,2020-06-17 03:33:00+00:00
154658689,jinan-telecom,wuhan-telecom,46.4427,0.0,icmp,1592364900,2020-06-17 03:35:00+00:00
154658929,jinan-telecom,wuhan-telecom,47.8425,0.0,icmp,1592365020,2020-06-17 03:37:00+00:00
154659149,jinan-telecom,wuhan-telecom,39.3591,0.0,icmp,1592365159,2020-06-17 03:39:19+00:00
154659383,jinan-telecom,wuhan-telecom,45.8301,0.0,icmp,1592365260,2020-06-17 03:41:00+00:00
154659611,jinan-telecom,wuhan-telecom,48.5953,0.0,icmp,1592365380,2020-06-17 03:43:00+00:00
154659835,jinan-telecom,wuhan-telecom,46.3148,0.0,icmp,1592365500,2020-06-17 03:45:00+00:00
154660072,jinan-telecom,wuhan-telecom,47.4592,0.0,icmp,1592365620,2020-06-17 03:47:00+00:00
154660306,jinan-telecom,wuhan-telecom,46.9325,0.0,icmp,1592365740,2020-06-17 03:49:00+00:00
154660528,jinan-telecom,wuhan-telecom,43.7834,0.0,icmp,1592365860,2020-06-17 03:51:00+00:00
154660758,jinan-telecom,wuhan-telecom,39.3408,0.0,icmp,1592365939,2020-06-17 03:52:19+00:00
154660978,jinan-telecom,wuhan-telecom,45.7079,0.0,icmp,1592366100,2020-06-17 03:55:00+00:00
154661204,jinan-telecom,wuhan-telecom,48.0307,0.0,icmp,1592366220,2020-06-17 03:57:00+00:00
154661439,jinan-telecom,wuhan-telecom,48.0974,0.0,icmp,1592366340,2020-06-17 03:59:00+00:00
154661656,jinan-telecom,wuhan-telecom,47.4273,0.0,icmp,1592366460,2020-06-17 04:01:00+00:00
154661899,jinan-telecom,wuhan-telecom,46.5008,0.0,icmp,1592366580,2020-06-17 04:03:00+00:00
154662115,jinan-telecom,wuhan-telecom,39.3312,0.0,icmp,1592366659,2020-06-17 04:04:19+00:00
154662342,jinan-telecom,wuhan-telecom,47.7227,0.0,icmp,1592366820,2020-06-17 04:07:00+00:00
154662596,jinan-telecom,wuhan-telecom,39.3764,0.0,icmp,1592366899,2020-06-17 04:08:19+00:00
154662809,jinan-telecom,wuhan-telecom,42.1016,0.0,icmp,1592367060,2020-06-17 04:11:00+00:00
154663051,jinan-telecom,wuhan-telecom,45.2987,0.0,icmp,1592367180,2020-06-17 04:13:00+00:00
154663255,jinan-telecom,wuhan-telecom,46.7237,0.0,icmp,1592367300,2020-06-17 04:15:00+00:00
154663493,jinan-telecom,wuhan-telecom,46.0179,0.0,icmp,1592367420,2020-06-17 04:17:00+00:00
154663720,jinan-telecom,wuhan-telecom,46.9795,0.0,icmp,1592367540,2020-06-17 04:19:00+00:00
154663956,jinan-telecom,wuhan-telecom,39.3911,0.0,icmp,1592367619,2020-06-17 04:20:19+00:00
154664174,jinan-telecom,wuhan-telecom,48.9544,0.0,icmp,1592367780,2020-06-17 04:23:00+00:00
154664402,jinan-telecom,wuhan-telecom,48.6629,0.0,icmp,1592367900,2020-06-17 04:25:00+00:00
154664639,jinan-telecom,wuhan-telecom,47.922,0.0,icmp,1592368020,2020-06-17 04:27:00+00:00
154664903,jinan-telecom,wuhan-telecom,45.3235,0.0,icmp,1592368140,2020-06-17 04:29:00+00:00
154665120,jinan-telecom,wuhan-telecom,46.8763,0.0,icmp,1592368260,2020-06-17 04:31:00+00:00
154665314,jinan-telecom,wuhan-telecom,47.2585,0.0,icmp,1592368380,2020-06-17 04:33:00+00:00
154665541,jinan-telecom,wuhan-telecom,47.6825,0.0,icmp,1592368500,2020-06-17 04:35:00+00:00
154665784,jinan-telecom,wuhan-telecom,46.8439,0.0,icmp,1592368620,2020-06-17 04:37:00+00:00
154666018,jinan-telecom,wuhan-telecom,48.2707,4.0,icmp,1592368684,2020-06-17 04:38:04+00:00
154666240,jinan-telecom,wuhan-telecom,47.805,0.0,icmp,1592368860,2020-06-17 04:41:00+00:00
154666480,jinan-telecom,wuhan-telecom,48.6476,0.0,icmp,1592368980,2020-06-17 04:43:00+00:00
154666702,jinan-telecom,wuhan-telecom,46.0433,0.0,icmp,1592369100,2020-06-17 04:45:00+00:00
154666934,jinan-telecom,wuhan-telecom,46.869,0.0,icmp,1592369220,2020-06-17 04:47:00+00:00
154667168,jinan-telecom,wuhan-telecom,39.507,0.0,icmp,1592369359,2020-06-17 04:49:19+00:00
154667396,jinan-telecom,wuhan-telecom,47.1365,0.0,icmp,1592369460,2020-06-17 04:51:00+00:00
154667610,jinan-telecom,wuhan-telecom,46.6787,0.0,icmp,1592369580,2020-06-17 04:53:00+00:00
154667840,jinan-telecom,wuhan-telecom,45.7584,0.0,icmp,1592369700,2020-06-17 04:55:00+00:00
154668077,jinan-telecom,wuhan-telecom,39.3443,0.0,icmp,1592369779,2020-06-17 04:56:19+00:00
154668323,jinan-telecom,wuhan-telecom,45.6759,0.0,icmp,1592369940,2020-06-17 04:59:00+00:00
154668534,jinan-telecom,wuhan-telecom,39.5204,0.0,icmp,1592370079,2020-06-17 05:01:19+00:00
154668760,jinan-telecom,wuhan-telecom,47.6396,0.0,icmp,1592370180,2020-06-17 05:03:00+00:00
154668983,jinan-telecom,wuhan-telecom,47.9781,0.0,icmp,1592370300,2020-06-17 05:05:00+00:00
154669223,jinan-telecom,wuhan-telecom,47.1917,0.0,icmp,1592370420,2020-06-17 05:07:00+00:00
154669469,jinan-telecom,wuhan-telecom,45.7963,0.0,icmp,1592370540,2020-06-17 05:09:00+00:00
154669681,jinan-telecom,wuhan-telecom,48.0801,0.0,icmp,1592370660,2020-06-17 05:11:00+00:00
154669923,jinan-telecom,wuhan-telecom,46.7703,0.0,icmp,1592370780,2020-06-17 05:13:00+00:00
154670133,jinan-telecom,wuhan-telecom,47.5649,0.0,icmp,1592370900,2020-06-17 05:15:00+00:00
154670372,jinan-telecom,wuhan-telecom,39.5686,0.0,icmp,1592370979,2020-06-17 05:16:19+00:00
154670608,jinan-telecom,wuhan-telecom,48.5885,0.0,icmp,1592371140,2020-06-17 05:19:00+00:00
154670813,jinan-telecom,wuhan-telecom,47.4738,0.0,icmp,1592371260,2020-06-17 05:21:00+00:00
154671050,jinan-telecom,wuhan-telecom,39.4116,0.0,icmp,1592371399,2020-06-17 05:23:19+00:00
154671277,jinan-telecom,wuhan-telecom,47.3795,0.0,icmp,1592371500,2020-06-17 05:25:00+00:00
154671529,jinan-telecom,wuhan-telecom,47.3054,0.0,icmp,1592371620,2020-06-17 05:27:00+00:00
154671728,jinan-telecom,wuhan-telecom,46.9537,0.0,icmp,1592371740,2020-06-17 05:29:00+00:00
154671969,jinan-telecom,wuhan-telecom,45.6331,0.0,icmp,1592371860,2020-06-17 05:31:00+00:00
154672204,jinan-telecom,wuhan-telecom,39.577,0.0,icmp,1592371980,2020-06-17 05:33:00+00:00
154672440,jinan-telecom,wuhan-telecom,44.4228,0.0,icmp,1592372100,2020-06-17 05:35:00+00:00
154672663,jinan-telecom,wuhan-telecom,46.2209,0.0,icmp,1592372220,2020-06-17 05:37:00+00:00
154672904,jinan-telecom,wuhan-telecom,45.9723,0.0,icmp,1592372340,2020-06-17 05:39:00+00:00
154673130,jinan-telecom,wuhan-telecom,47.3329,0.0,icmp,1592372460,2020-06-17 05:41:00+00:00
154673336,jinan-telecom,wuhan-telecom,39.4584,0.0,icmp,1592372539,2020-06-17 05:42:19+00:00
154673588,jinan-telecom,wuhan-telecom,48.3262,0.0,icmp,1592372700,2020-06-17 05:45:00+00:00
154673814,jinan-telecom,wuhan-telecom,46.9467,0.0,icmp,1592372820,2020-06-17 05:47:00+00:00
154674022,jinan-telecom,wuhan-telecom,39.6105,0.0,icmp,1592372959,2020-06-17 05:49:19+00:00
154674265,jinan-telecom,wuhan-telecom,46.5913,0.0,icmp,1592373060,2020-06-17 05:51:00+00:00
154674510,jinan-telecom,wuhan-telecom,45.297,0.0,icmp,1592373180,2020-06-17 05:53:00+00:00
154674713,jinan-telecom,wuhan-telecom,50.2241,0.0,icmp,1592373300,2020-06-17 05:55:00+00:00
154674955,jinan-telecom,wuhan-telecom,46.9186,0.0,icmp,1592373420,2020-06-17 05:57:00+00:00
154675166,jinan-telecom,wuhan-telecom,48.0397,0.0,icmp,1592373540,2020-06-17 05:59:00+00:00
154675416,jinan-telecom,wuhan-telecom,39.3453,0.0,icmp,1592373619,2020-06-17 06:00:19+00:00
154675637,jinan-telecom,wuhan-telecom,47.0945,0.0,icmp,1592373780,2020-06-17 06:03:00+00:00
154675856,jinan-telecom,wuhan-telecom,39.3604,0.0,icmp,1592373859,2020-06-17 06:04:19+00:00
154676138,jinan-telecom,wuhan-telecom,39.4969,0.0,icmp,1592374039,2020-06-17 06:07:19+00:00
154676331,jinan-telecom,wuhan-telecom,47.3611,0.0,icmp,1592374140,2020-06-17 06:09:00+00:00
154676540,jinan-telecom,wuhan-telecom,42.9983,0.0,icmp,1592374260,2020-06-17 06:11:00+00:00
154676773,jinan-telecom,wuhan-telecom,41.2154,0.0,icmp,1592374380,2020-06-17 06:13:00+00:00
154677009,jinan-telecom,wuhan-telecom,47.4396,0.0,icmp,1592374500,2020-06-17 06:15:00+00:00
154677241,jinan-telecom,wuhan-telecom,44.3285,0.0,icmp,1592374620,2020-06-17 06:17:00+00:00
154677462,jinan-telecom,wuhan-telecom,44.59,0.0,icmp,1592374740,2020-06-17 06:19:00+00:00
154677701,jinan-telecom,wuhan-telecom,39.3771,0.0,icmp,1592374879,2020-06-17 06:21:19+00:00
154677909,jinan-telecom,wuhan-telecom,46.307,0.0,icmp,1592374980,2020-06-17 06:23:00+00:00
154678156,jinan-telecom,wuhan-telecom,48.4617,0.0,icmp,1592375100,2020-06-17 06:25:00+00:00
154678392,jinan-telecom,wuhan-telecom,39.389,0.0,icmp,1592375239,2020-06-17 06:27:19+00:00
154678602,jinan-telecom,wuhan-telecom,44.7299,0.0,icmp,1592375340,2020-06-17 06:29:00+00:00
154678839,jinan-telecom,wuhan-telecom,47.5719,0.0,icmp,1592375460,2020-06-17 06:31:00+00:00
154679065,jinan-telecom,wuhan-telecom,48.1521,0.0,icmp,1592375580,2020-06-17 06:33:00+00:00
154679306,jinan-telecom,wuhan-telecom,48.5201,0.0,icmp,1592375700,2020-06-17 06:35:00+00:00
154679532,jinan-telecom,wuhan-telecom,39.7173,0.0,icmp,1592375779,2020-06-17 06:36:19+00:00
154679758,jinan-telecom,wuhan-telecom,45.8411,0.0,icmp,1592375940,2020-06-17 06:39:00+00:00
154679976,jinan-telecom,wuhan-telecom,39.3366,0.0,icmp,1592376019,2020-06-17 06:40:19+00:00
154680215,jinan-telecom,wuhan-telecom,42.8013,0.0,icmp,1592376180,2020-06-17 06:43:00+00:00
154680443,jinan-telecom,wuhan-telecom,46.6382,0.0,icmp,1592376300,2020-06-17 06:45:00+00:00
154680668,jinan-telecom,wuhan-telecom,47.1273,0.0,icmp,1592376420,2020-06-17 06:47:00+00:00
154680897,jinan-telecom,wuhan-telecom,46.2341,0.0,icmp,1592376540,2020-06-17 06:49:00+00:00
154681131,jinan-telecom,wuhan-telecom,39.4757,0.0,icmp,1592376679,2020-06-17 06:51:19+00:00
154681364,jinan-telecom,wuhan-telecom,46.6218,0.0,icmp,1592376780,2020-06-17 06:53:00+00:00
154681579,jinan-telecom,wuhan-telecom,45.7363,0.0,icmp,1592376900,2020-06-17 06:55:00+00:00
154681801,jinan-telecom,wuhan-telecom,46.0349,0.0,icmp,1592377020,2020-06-17 06:57:00+00:00
154682043,jinan-telecom,wuhan-telecom,46.8268,0.0,icmp,1592377140,2020-06-17 06:59:00+00:00
154682292,jinan-telecom,wuhan-telecom,47.3826,0.0,icmp,1592377260,2020-06-17 07:01:00+00:00
154682507,jinan-telecom,wuhan-telecom,39.6945,0.0,icmp,1592377380,2020-06-17 07:03:00+00:00
154682720,jinan-telecom,wuhan-telecom,41.0735,0.0,icmp,1592377500,2020-06-17 07:05:00+00:00
154682965,jinan-telecom,wuhan-telecom,39.3436,0.0,icmp,1592377639,2020-06-17 07:07:19+00:00
154683193,jinan-telecom,wuhan-telecom,39.3554,0.0,icmp,1592377759,2020-06-17 07:09:19+00:00
154683423,jinan-telecom,wuhan-telecom,47.2388,0.0,icmp,1592377860,2020-06-17 07:11:00+00:00
154683663,jinan-telecom,wuhan-telecom,47.2713,0.0,icmp,1592377980,2020-06-17 07:13:00+00:00
154683872,jinan-telecom,wuhan-telecom,48.8972,0.0,icmp,1592378100,2020-06-17 07:15:00+00:00
154684118,jinan-telecom,wuhan-telecom,47.0202,0.0,icmp,1592378220,2020-06-17 07:17:00+00:00
154684327,jinan-telecom,wuhan-telecom,39.3249,0.0,icmp,1592378299,2020-06-17 07:18:19+00:00
154684553,jinan-telecom,wuhan-telecom,45.9146,0.0,icmp,1592378460,2020-06-17 07:21:00+00:00
154684780,jinan-telecom,wuhan-telecom,49.7238,0.0,icmp,1592378580,2020-06-17 07:23:00+00:00
154685025,jinan-telecom,wuhan-telecom,47.6234,0.0,icmp,1592378700,2020-06-17 07:25:00+00:00
154685253,jinan-telecom,wuhan-telecom,47.8185,0.0,icmp,1592378820,2020-06-17 07:27:00+00:00
154685490,jinan-telecom,wuhan-telecom,47.8935,0.0,icmp,1592378940,2020-06-17 07:29:00+00:00
154685694,jinan-telecom,wuhan-telecom,39.6792,0.0,icmp,1592379019,2020-06-17 07:30:19+00:00
154685939,jinan-telecom,wuhan-telecom,49.4308,0.0,icmp,1592379180,2020-06-17 07:33:00+00:00
154686158,jinan-telecom,wuhan-telecom,48.856,0.0,icmp,1592379300,2020-06-17 07:35:00+00:00
154686400,jinan-telecom,wuhan-telecom,52.5362,0.0,icmp,1592379420,2020-06-17 07:37:00+00:00
154686629,jinan-telecom,wuhan-telecom,47.9885,0.0,icmp,1592379540,2020-06-17 07:39:00+00:00
154686873,jinan-telecom,wuhan-telecom,45.7219,0.0,icmp,1592379660,2020-06-17 07:41:00+00:00
154687101,jinan-telecom,wuhan-telecom,45.3819,0.0,icmp,1592379780,2020-06-17 07:43:00+00:00
154687294,jinan-telecom,wuhan-telecom,47.5426,0.0,icmp,1592379900,2020-06-17 07:45:00+00:00
154687538,jinan-telecom,wuhan-telecom,48.1642,0.0,icmp,1592380020,2020-06-17 07:47:00+00:00
154687785,jinan-telecom,wuhan-telecom,46.42,0.0,icmp,1592380140,2020-06-17 07:49:00+00:00
154687992,jinan-telecom,wuhan-telecom,48.6742,0.0,icmp,1592380260,2020-06-17 07:51:00+00:00
154688223,jinan-telecom,wuhan-telecom,48.5196,0.0,icmp,1592380380,2020-06-17 07:53:00+00:00
154688461,jinan-telecom,wuhan-telecom,46.8477,0.0,icmp,1592380500,2020-06-17 07:55:00+00:00
154688696,jinan-telecom,wuhan-telecom,39.4133,0.0,icmp,1592380579,2020-06-17 07:56:19+00:00
154688919,jinan-telecom,wuhan-telecom,39.3529,0.0,icmp,1592380759,2020-06-17 07:59:19+00:00
154689143,jinan-telecom,wuhan-telecom,49.0613,0.0,icmp,1592380860,2020-06-17 08:01:00+00:00
154689374,jinan-telecom,wuhan-telecom,43.1998,0.0,icmp,1592380980,2020-06-17 08:03:00+00:00
154689591,jinan-telecom,wuhan-telecom,46.824,0.0,icmp,1592381100,2020-06-17 08:05:00+00:00
154689828,jinan-telecom,wuhan-telecom,49.0804,0.0,icmp,1592381220,2020-06-17 08:07:00+00:00
154690071,jinan-telecom,wuhan-telecom,39.4157,1.0,icmp,1592381359,2020-06-17 08:09:19+00:00
154690280,jinan-telecom,wuhan-telecom,45.702,0.0,icmp,1592381460,2020-06-17 08:11:00+00:00
154690517,jinan-telecom,wuhan-telecom,47.3973,0.0,icmp,1592381580,2020-06-17 08:13:00+00:00
154690758,jinan-telecom,wuhan-telecom,39.3708,0.0,icmp,1592381719,2020-06-17 08:15:19+00:00
154690967,jinan-telecom,wuhan-telecom,43.0346,0.0,icmp,1592381820,2020-06-17 08:17:00+00:00
154691202,jinan-telecom,wuhan-telecom,47.2642,0.0,icmp,1592381940,2020-06-17 08:19:00+00:00
154691448,jinan-telecom,wuhan-telecom,47.5603,1.0,icmp,1592382060,2020-06-17 08:21:00+00:00
154691664,jinan-telecom,wuhan-telecom,46.3682,0.0,icmp,1592382180,2020-06-17 08:23:00+00:00
154691910,jinan-telecom,wuhan-telecom,47.1314,0.0,icmp,1592382300,2020-06-17 08:25:00+00:00
154692136,jinan-telecom,wuhan-telecom,46.7834,0.0,icmp,1592382420,2020-06-17 08:27:00+00:00
154692348,jinan-telecom,wuhan-telecom,45.954,0.0,icmp,1592382540,2020-06-17 08:29:00+00:00
154692582,jinan-telecom,wuhan-telecom,46.8345,0.0,icmp,1592382660,2020-06-17 08:31:00+00:00
154692799,jinan-telecom,wuhan-telecom,39.6666,1.0,icmp,1592382739,2020-06-17 08:32:19+00:00
154693049,jinan-telecom,wuhan-telecom,39.388,0.0,icmp,1592382919,2020-06-17 08:35:19+00:00
154693262,jinan-telecom,wuhan-telecom,48.4474,0.0,icmp,1592383020,2020-06-17 08:37:00+00:00
154693511,jinan-telecom,wuhan-telecom,46.0942,0.0,icmp,1592383140,2020-06-17 08:39:00+00:00
154693715,jinan-telecom,wuhan-telecom,46.2558,0.0,icmp,1592383260,2020-06-17 08:41:00+00:00
154693963,jinan-telecom,wuhan-telecom,48.7845,0.0,icmp,1592383380,2020-06-17 08:43:00+00:00
154694173,jinan-telecom,wuhan-telecom,39.4418,0.0,icmp,1592383459,2020-06-17 08:44:19+00:00
154694397,jinan-telecom,wuhan-telecom,44.8484,0.0,icmp,1592383620,2020-06-17 08:47:00+00:00
154694657,jinan-telecom,wuhan-telecom,48.0814,0.0,icmp,1592383740,2020-06-17 08:49:00+00:00
154694880,jinan-telecom,wuhan-telecom,47.4927,0.0,icmp,1592383860,2020-06-17 08:51:00+00:00
154695105,jinan-telecom,wuhan-telecom,39.3942,0.0,icmp,1592383939,2020-06-17 08:52:19+00:00
154695314,jinan-telecom,wuhan-telecom,44.71,0.0,icmp,1592384100,2020-06-17 08:55:00+00:00
154695551,jinan-telecom,wuhan-telecom,46.0811,0.0,icmp,1592384220,2020-06-17 08:57:00+00:00
154695770,jinan-telecom,wuhan-telecom,39.5011,0.0,icmp,1592384359,2020-06-17 08:59:19+00:00
154696030,jinan-telecom,wuhan-telecom,39.5498,0.0,icmp,1592384479,2020-06-17 09:01:19+00:00
154696261,jinan-telecom,wuhan-telecom,39.585,0.0,icmp,1592384599,2020-06-17 09:03:19+00:00
154696483,jinan-telecom,wuhan-telecom,39.5128,0.0,icmp,1592384719,2020-06-17 09:05:19+00:00
154696697,jinan-telecom,wuhan-telecom,46.6011,0.0,icmp,1592384820,2020-06-17 09:07:00+00:00
154696937,jinan-telecom,wuhan-telecom,45.316,0.0,icmp,1592384940,2020-06-17 09:09:00+00:00
154697143,jinan-telecom,wuhan-telecom,47.6534,0.0,icmp,1592385060,2020-06-17 09:11:00+00:00
154697399,jinan-telecom,wuhan-telecom,43.152,0.0,icmp,1592385180,2020-06-17 09:13:00+00:00
154697631,jinan-telecom,wuhan-telecom,39.4319,0.0,icmp,1592385259,2020-06-17 09:14:19+00:00
154697856,jinan-telecom,wuhan-telecom,39.5863,0.0,icmp,1592385439,2020-06-17 09:17:19+00:00
154698085,jinan-telecom,wuhan-telecom,41.5691,0.0,icmp,1592385540,2020-06-17 09:19:00+00:00
154698302,jinan-telecom,wuhan-telecom,39.3492,0.0,icmp,1592385680,2020-06-17 09:21:20+00:00
154698522,jinan-telecom,wuhan-telecom,45.9499,0.0,icmp,1592385780,2020-06-17 09:23:00+00:00
154698764,jinan-telecom,wuhan-telecom,46.8152,0.0,icmp,1592385900,2020-06-17 09:25:00+00:00
154699003,jinan-telecom,wuhan-telecom,47.2652,0.0,icmp,1592386020,2020-06-17 09:27:00+00:00
154699219,jinan-telecom,wuhan-telecom,39.3815,0.0,icmp,1592386099,2020-06-17 09:28:19+00:00
154699445,jinan-telecom,wuhan-telecom,39.4182,0.0,icmp,1592386219,2020-06-17 09:30:19+00:00
154699667,jinan-telecom,wuhan-telecom,48.3273,0.0,icmp,1592386380,2020-06-17 09:33:00+00:00
154699911,jinan-telecom,wuhan-telecom,48.383,0.0,icmp,1592386500,2020-06-17 09:35:00+00:00
154700139,jinan-telecom,wuhan-telecom,49.51,0.0,icmp,1592386620,2020-06-17 09:37:00+00:00
154700350,jinan-telecom,wuhan-telecom,45.6294,0.0,icmp,1592386740,2020-06-17 09:39:00+00:00
154700607,jinan-telecom,wuhan-telecom,39.3989,0.0,icmp,1592386879,2020-06-17 09:41:19+00:00
154700822,jinan-telecom,wuhan-telecom,46.9356,0.0,icmp,1592386980,2020-06-17 09:43:00+00:00
154701068,jinan-telecom,wuhan-telecom,46.9272,0.0,icmp,1592387100,2020-06-17 09:45:00+00:00
154701286,jinan-telecom,wuhan-telecom,46.5447,0.0,icmp,1592387220,2020-06-17 09:47:00+00:00
154701501,jinan-telecom,wuhan-telecom,46.5637,0.0,icmp,1592387340,2020-06-17 09:49:00+00:00
154701737,jinan-telecom,wuhan-telecom,39.4748,0.0,icmp,1592387479,2020-06-17 09:51:19+00:00
154701967,jinan-telecom,wuhan-telecom,46.9804,0.0,icmp,1592387580,2020-06-17 09:53:00+00:00
154702198,jinan-telecom,wuhan-telecom,48.1971,0.0,icmp,1592387700,2020-06-17 09:55:00+00:00
154702442,jinan-telecom,wuhan-telecom,46.2951,0.0,icmp,1592387820,2020-06-17 09:57:00+00:00
154702648,jinan-telecom,wuhan-telecom,39.3893,0.0,icmp,1592387899,2020-06-17 09:58:19+00:00
154702889,jinan-telecom,wuhan-telecom,39.7655,0.0,icmp,1592388019,2020-06-17 10:00:19+00:00
154703125,jinan-telecom,wuhan-telecom,39.3845,0.0,icmp,1592388139,2020-06-17 10:02:19+00:00
154703334,jinan-telecom,wuhan-telecom,39.3506,0.0,icmp,1592388319,2020-06-17 10:05:19+00:00
154703579,jinan-telecom,wuhan-telecom,47.2337,0.0,icmp,1592388420,2020-06-17 10:07:00+00:00
154703791,jinan-telecom,wuhan-telecom,46.3407,0.0,icmp,1592388540,2020-06-17 10:09:00+00:00
154704037,jinan-telecom,wuhan-telecom,48.0792,0.0,icmp,1592388660,2020-06-17 10:11:00+00:00
154704241,jinan-telecom,wuhan-telecom,39.5177,0.0,icmp,1592388739,2020-06-17 10:12:19+00:00
154704477,jinan-telecom,wuhan-telecom,47.5633,0.0,icmp,1592388900,2020-06-17 10:15:00+00:00
154704721,jinan-telecom,wuhan-telecom,47.3986,0.0,icmp,1592389020,2020-06-17 10:17:00+00:00
154704937,jinan-telecom,wuhan-telecom,39.3538,0.0,icmp,1592389159,2020-06-17 10:19:19+00:00
154705179,jinan-telecom,wuhan-telecom,48.6726,0.0,icmp,1592389260,2020-06-17 10:21:00+00:00
154705394,jinan-telecom,wuhan-telecom,46.9414,0.0,icmp,1592389380,2020-06-17 10:23:00+00:00
154705636,jinan-telecom,wuhan-telecom,39.48,0.0,icmp,1592389445,2020-06-17 10:24:05+00:00
154705863,jinan-telecom,wuhan-telecom,39.3317,0.0,icmp,1592389579,2020-06-17 10:26:19+00:00
154706089,jinan-telecom,wuhan-telecom,49.0094,0.0,icmp,1592389740,2020-06-17 10:29:00+00:00
154706330,jinan-telecom,wuhan-telecom,48.9631,0.0,icmp,1592389860,2020-06-17 10:31:00+00:00
154706556,jinan-telecom,wuhan-telecom,47.3721,0.0,icmp,1592389980,2020-06-17 10:33:00+00:00
154706793,jinan-telecom,wuhan-telecom,47.4569,0.0,icmp,1592390100,2020-06-17 10:35:00+00:00
154707004,jinan-telecom,wuhan-telecom,47.5691,0.0,icmp,1592390220,2020-06-17 10:37:00+00:00
154707235,jinan-telecom,wuhan-telecom,47.2381,0.0,icmp,1592390340,2020-06-17 10:39:00+00:00
154707469,jinan-telecom,wuhan-telecom,49.5543,0.0,icmp,1592390460,2020-06-17 10:41:00+00:00
154707700,jinan-telecom,wuhan-telecom,49.0883,0.0,icmp,1592390580,2020-06-17 10:43:00+00:00
154707916,jinan-telecom,wuhan-telecom,47.7198,0.0,icmp,1592390700,2020-06-17 10:45:00+00:00
154708150,jinan-telecom,wuhan-telecom,47.8038,0.0,icmp,1592390820,2020-06-17 10:47:00+00:00
154708384,jinan-telecom,wuhan-telecom,46.0935,0.0,icmp,1592390940,2020-06-17 10:49:00+00:00
154708605,jinan-telecom,wuhan-telecom,39.3287,0.0,icmp,1592391079,2020-06-17 10:51:19+00:00
154708853,jinan-telecom,wuhan-telecom,48.6405,0.0,icmp,1592391180,2020-06-17 10:53:00+00:00
154709087,jinan-telecom,wuhan-telecom,46.4655,0.0,icmp,1592391300,2020-06-17 10:55:00+00:00
154709317,jinan-telecom,wuhan-telecom,44.5523,0.0,icmp,1592391420,2020-06-17 10:57:00+00:00
154709536,jinan-telecom,wuhan-telecom,45.9589,0.0,icmp,1592391540,2020-06-17 10:59:00+00:00
154709766,jinan-telecom,wuhan-telecom,47.0923,0.0,icmp,1592391660,2020-06-17 11:01:00+00:00
154709991,jinan-telecom,wuhan-telecom,45.3538,0.0,icmp,1592391780,2020-06-17 11:03:00+00:00
154710230,jinan-telecom,wuhan-telecom,45.7579,0.0,icmp,1592391900,2020-06-17 11:05:00+00:00
154710441,jinan-telecom,wuhan-telecom,39.3829,0.0,icmp,1592391979,2020-06-17 11:06:19+00:00
154710670,jinan-telecom,wuhan-telecom,47.9971,0.0,icmp,1592392140,2020-06-17 11:09:00+00:00
154710901,jinan-telecom,wuhan-telecom,48.7512,0.0,icmp,1592392260,2020-06-17 11:11:00+00:00
154711118,jinan-telecom,wuhan-telecom,48.3796,0.0,icmp,1592392380,2020-06-17 11:13:00+00:00
154711349,jinan-telecom,wuhan-telecom,45.7475,0.0,icmp,1592392500,2020-06-17 11:15:00+00:00
154711609,jinan-telecom,wuhan-telecom,46.5735,0.0,icmp,1592392620,2020-06-17 11:17:00+00:00
154711817,jinan-telecom,wuhan-telecom,42.8498,0.0,icmp,1592392740,2020-06-17 11:19:00+00:00
154712048,jinan-telecom,wuhan-telecom,47.2257,0.0,icmp,1592392860,2020-06-17 11:21:00+00:00
154712272,jinan-telecom,wuhan-telecom,46.41,1.0,icmp,1592392980,2020-06-17 11:23:00+00:00
154712497,jinan-telecom,wuhan-telecom,46.0372,0.0,icmp,1592393104,2020-06-17 11:25:04+00:00
154712730,jinan-telecom,wuhan-telecom,46.6958,0.0,icmp,1592393220,2020-06-17 11:27:00+00:00
154712971,jinan-telecom,wuhan-telecom,47.9017,0.0,icmp,1592393340,2020-06-17 11:29:00+00:00
154713194,jinan-telecom,wuhan-telecom,39.3798,1.0,icmp,1592393479,2020-06-17 11:31:19+00:00
154713399,jinan-telecom,wuhan-telecom,40.7458,0.0,icmp,1592393580,2020-06-17 11:33:00+00:00
154713648,jinan-telecom,wuhan-telecom,48.6057,0.0,icmp,1592393700,2020-06-17 11:35:00+00:00
154713868,jinan-telecom,wuhan-telecom,39.3794,0.0,icmp,1592393779,2020-06-17 11:36:19+00:00
154714098,jinan-telecom,wuhan-telecom,45.7103,0.0,icmp,1592393940,2020-06-17 11:39:00+00:00
154714334,jinan-telecom,wuhan-telecom,39.6112,0.0,icmp,1592394019,2020-06-17 11:40:19+00:00
154714577,jinan-telecom,wuhan-telecom,47.2958,1.0,icmp,1592394180,2020-06-17 11:43:00+00:00
154714780,jinan-telecom,wuhan-telecom,46.8528,1.0,icmp,1592394300,2020-06-17 11:45:00+00:00
154715017,jinan-telecom,wuhan-telecom,47.7773,0.0,icmp,1592394420,2020-06-17 11:47:00+00:00
154715246,jinan-telecom,wuhan-telecom,47.5365,0.0,icmp,1592394540,2020-06-17 11:49:00+00:00
154715493,jinan-telecom,wuhan-telecom,47.548,0.0,icmp,1592394660,2020-06-17 11:51:00+00:00
154715720,jinan-telecom,wuhan-telecom,47.8575,0.0,icmp,1592394780,2020-06-17 11:53:00+00:00
154715928,jinan-telecom,wuhan-telecom,46.1676,2.0,icmp,1592394900,2020-06-17 11:55:00+00:00
154716165,jinan-telecom,wuhan-telecom,39.5088,0.0,icmp,1592394979,2020-06-17 11:56:19+00:00
154716408,jinan-telecom,wuhan-telecom,39.7084,0.0,icmp,1592395159,2020-06-17 11:59:19+00:00
154716622,jinan-telecom,wuhan-telecom,39.5065,0.0,icmp,1592395279,2020-06-17 12:01:19+00:00
154716849,jinan-telecom,wuhan-telecom,47.9377,1.0,icmp,1592395380,2020-06-17 12:03:00+00:00
154717097,jinan-telecom,wuhan-telecom,39.7651,0.0,icmp,1592395459,2020-06-17 12:04:19+00:00
154717308,jinan-telecom,wuhan-telecom,45.7803,1.0,icmp,1592395620,2020-06-17 12:07:00+00:00
154717559,jinan-telecom,wuhan-telecom,48.513,1.0,icmp,1592395740,2020-06-17 12:09:00+00:00
154717776,jinan-telecom,wuhan-telecom,46.9024,1.0,icmp,1592395860,2020-06-17 12:11:00+00:00
154718009,jinan-telecom,wuhan-telecom,39.5835,0.0,icmp,1592395939,2020-06-17 12:12:19+00:00
154718224,jinan-telecom,wuhan-telecom,43.1496,0.0,icmp,1592396100,2020-06-17 12:15:00+00:00
154718445,jinan-telecom,wuhan-telecom,44.8193,1.0,icmp,1592396220,2020-06-17 12:17:00+00:00
154718680,jinan-telecom,wuhan-telecom,39.6712,0.0,icmp,1592396299,2020-06-17 12:18:19+00:00
154718918,jinan-telecom,wuhan-telecom,48.4084,1.0,icmp,1592396460,2020-06-17 12:21:00+00:00
154719140,jinan-telecom,wuhan-telecom,49.5864,1.0,icmp,1592396580,2020-06-17 12:23:00+00:00
154719363,jinan-telecom,wuhan-telecom,45.2622,0.0,icmp,1592396700,2020-06-17 12:25:00+00:00
154719589,jinan-telecom,wuhan-telecom,47.5769,1.0,icmp,1592396820,2020-06-17 12:27:00+00:00
154719834,jinan-telecom,wuhan-telecom,39.9319,2.0,icmp,1592396959,2020-06-17 12:29:19+00:00
154720059,jinan-telecom,wuhan-telecom,48.7799,2.0,icmp,1592397060,2020-06-17 12:31:00+00:00
154720300,jinan-telecom,wuhan-telecom,46.203,2.0,icmp,1592397180,2020-06-17 12:33:00+00:00
154720526,jinan-telecom,wuhan-telecom,45.835,3.0,icmp,1592397300,2020-06-17 12:35:00+00:00
154720761,jinan-telecom,wuhan-telecom,39.8022,4.0,icmp,1592397439,2020-06-17 12:37:19+00:00
154720962,jinan-telecom,wuhan-telecom,47.3337,4.0,icmp,1592397540,2020-06-17 12:39:00+00:00
154721212,jinan-telecom,wuhan-telecom,47.3712,6.0,icmp,1592397660,2020-06-17 12:41:00+00:00
154721433,jinan-telecom,wuhan-telecom,48.8696,5.0,icmp,1592397780,2020-06-17 12:43:00+00:00
154721654,jinan-telecom,wuhan-telecom,47.9707,0.0,icmp,1592397900,2020-06-17 12:45:00+00:00
154721886,jinan-telecom,wuhan-telecom,46.5634,2.0,icmp,1592398020,2020-06-17 12:47:00+00:00
154722117,jinan-telecom,wuhan-telecom,48.2512,5.0,icmp,1592398140,2020-06-17 12:49:00+00:00
154722339,jinan-telecom,wuhan-telecom,49.1247,1.0,icmp,1592398260,2020-06-17 12:51:00+00:00
154722579,jinan-telecom,wuhan-telecom,40.0553,4.0,icmp,1592398339,2020-06-17 12:52:19+00:00
154722819,jinan-telecom,wuhan-telecom,48.5992,5.0,icmp,1592398500,2020-06-17 12:55:00+00:00
154723038,jinan-telecom,wuhan-telecom,47.2439,3.0,icmp,1592398620,2020-06-17 12:57:00+00:00
154723261,jinan-telecom,wuhan-telecom,45.696,3.0,icmp,1592398740,2020-06-17 12:59:00+00:00
154723489,jinan-telecom,wuhan-telecom,47.6676,1.0,icmp,1592398860,2020-06-17 13:01:00+00:00
154723727,jinan-telecom,wuhan-telecom,40.0373,3.0,icmp,1592398939,2020-06-17 13:02:19+00:00
154723959,jinan-telecom,wuhan-telecom,40.0277,2.0,icmp,1592399059,2020-06-17 13:04:19+00:00
154724183,jinan-telecom,wuhan-telecom,48.6804,3.0,icmp,1592399220,2020-06-17 13:07:00+00:00
154724426,jinan-telecom,wuhan-telecom,47.0162,3.0,icmp,1592399340,2020-06-17 13:09:00+00:00
154724630,jinan-telecom,wuhan-telecom,49.3673,2.0,icmp,1592399460,2020-06-17 13:11:00+00:00
154724869,jinan-telecom,wuhan-telecom,40.0146,3.0,icmp,1592399539,2020-06-17 13:12:19+00:00
154725100,jinan-telecom,wuhan-telecom,49.0812,4.0,icmp,1592399700,2020-06-17 13:15:00+00:00
154725333,jinan-telecom,wuhan-telecom,49.7236,3.0,icmp,1592399820,2020-06-17 13:17:00+00:00
154725562,jinan-telecom,wuhan-telecom,46.7166,4.0,icmp,1592399940,2020-06-17 13:19:00+00:00
154725793,jinan-telecom,wuhan-telecom,47.4011,1.0,icmp,1592400060,2020-06-17 13:21:00+00:00
154726017,jinan-telecom,wuhan-telecom,47.8891,3.0,icmp,1592400180,2020-06-17 13:23:00+00:00
154726235,jinan-telecom,wuhan-telecom,46.7774,1.0,icmp,1592400300,2020-06-17 13:25:00+00:00
154726492,jinan-telecom,wuhan-telecom,47.3184,5.0,icmp,1592400420,2020-06-17 13:27:00+00:00
154726699,jinan-telecom,wuhan-telecom,46.138,3.0,icmp,1592400484,2020-06-17 13:28:04+00:00
154726938,jinan-telecom,wuhan-telecom,40.3251,4.0,icmp,1592400619,2020-06-17 13:30:19+00:00
154727172,jinan-telecom,wuhan-telecom,50.4588,6.0,icmp,1592400780,2020-06-17 13:33:00+00:00
154727377,jinan-telecom,wuhan-telecom,47.1977,4.0,icmp,1592400900,2020-06-17 13:35:00+00:00
154727629,jinan-telecom,wuhan-telecom,40.2007,7.0,icmp,1592400979,2020-06-17 13:36:19+00:00
154727836,jinan-telecom,wuhan-telecom,48.1714,7.0,icmp,1592401140,2020-06-17 13:39:00+00:00
154728066,jinan-telecom,wuhan-telecom,46.0357,4.0,icmp,1592401260,2020-06-17 13:41:00+00:00
154728315,jinan-telecom,wuhan-telecom,45.8277,5.0,icmp,1592401380,2020-06-17 13:43:00+00:00
154728535,jinan-telecom,wuhan-telecom,48.2678,2.0,icmp,1592401500,2020-06-17 13:45:00+00:00
154728760,jinan-telecom,wuhan-telecom,47.9407,7.0,icmp,1592401620,2020-06-17 13:47:00+00:00
154728982,jinan-telecom,wuhan-telecom,47.491,2.0,icmp,1592401740,2020-06-17 13:49:00+00:00
154729232,jinan-telecom,wuhan-telecom,40.0413,3.0,icmp,1592401819,2020-06-17 13:50:19+00:00
154729461,jinan-telecom,wuhan-telecom,47.6391,5.0,icmp,1592401980,2020-06-17 13:53:00+00:00
154729681,jinan-telecom,wuhan-telecom,46.6713,1.0,icmp,1592402100,2020-06-17 13:55:00+00:00
154729901,jinan-telecom,wuhan-telecom,40.0644,2.0,icmp,1592402179,2020-06-17 13:56:19+00:00
154730133,jinan-telecom,wuhan-telecom,48.7768,3.0,icmp,1592402340,2020-06-17 13:59:00+00:00
154730367,jinan-telecom,wuhan-telecom,48.3463,6.0,icmp,1592402460,2020-06-17 14:01:00+00:00
154730593,jinan-telecom,wuhan-telecom,47.135,4.0,icmp,1592402580,2020-06-17 14:03:00+00:00
154730827,jinan-telecom,wuhan-telecom,46.1872,2.0,icmp,1592402700,2020-06-17 14:05:00+00:00
154731050,jinan-telecom,wuhan-telecom,47.1387,3.0,icmp,1592402820,2020-06-17 14:07:00+00:00
154731278,jinan-telecom,wuhan-telecom,47.2424,1.0,icmp,1592402940,2020-06-17 14:09:00+00:00
154731517,jinan-telecom,wuhan-telecom,48.5764,3.0,icmp,1592403060,2020-06-17 14:11:00+00:00
154731734,jinan-telecom,wuhan-telecom,46.9321,2.0,icmp,1592403180,2020-06-17 14:13:00+00:00
154731974,jinan-telecom,wuhan-telecom,39.8886,3.0,icmp,1592403259,2020-06-17 14:14:19+00:00
154732192,jinan-telecom,wuhan-telecom,43.3358,2.0,icmp,1592403420,2020-06-17 14:17:00+00:00
154732418,jinan-telecom,wuhan-telecom,49.3611,2.0,icmp,1592403540,2020-06-17 14:19:00+00:00
154732649,jinan-telecom,wuhan-telecom,47.4146,3.0,icmp,1592403660,2020-06-17 14:21:00+00:00
154732906,jinan-telecom,wuhan-telecom,48.4851,4.0,icmp,1592403780,2020-06-17 14:23:00+00:00
154733115,jinan-telecom,wuhan-telecom,47.8326,0.0,icmp,1592403900,2020-06-17 14:25:00+00:00
154733336,jinan-telecom,wuhan-telecom,48.3291,2.0,icmp,1592404020,2020-06-17 14:27:00+00:00
154733567,jinan-telecom,wuhan-telecom,46.9815,2.0,icmp,1592404140,2020-06-17 14:29:00+00:00
154733820,jinan-telecom,wuhan-telecom,46.8357,0.0,icmp,1592404260,2020-06-17 14:31:00+00:00
154734052,jinan-telecom,wuhan-telecom,39.6687,5.0,icmp,1592404339,2020-06-17 14:32:19+00:00
154734246,jinan-telecom,wuhan-telecom,49.7667,1.0,icmp,1592404500,2020-06-17 14:35:00+00:00
154734470,jinan-telecom,wuhan-telecom,48.5688,0.0,icmp,1592404620,2020-06-17 14:37:00+00:00
154734735,jinan-telecom,wuhan-telecom,49.5439,0.0,icmp,1592404740,2020-06-17 14:39:00+00:00
154734947,jinan-telecom,wuhan-telecom,39.5369,0.0,icmp,1592404819,2020-06-17 14:40:19+00:00
154735171,jinan-telecom,wuhan-telecom,49.1184,0.0,icmp,1592404980,2020-06-17 14:43:00+00:00
154735411,jinan-telecom,wuhan-telecom,47.2746,0.0,icmp,1592405100,2020-06-17 14:45:00+00:00
154735631,jinan-telecom,wuhan-telecom,46.278,0.0,icmp,1592405220,2020-06-17 14:47:00+00:00
154735854,jinan-telecom,wuhan-telecom,39.69,0.0,icmp,1592405285,2020-06-17 14:48:05+00:00
154736089,jinan-telecom,wuhan-telecom,46.1856,0.0,icmp,1592405460,2020-06-17 14:51:00+00:00
154736307,jinan-telecom,wuhan-telecom,46.8278,0.0,icmp,1592405580,2020-06-17 14:53:00+00:00
154736535,jinan-telecom,wuhan-telecom,46.5192,0.0,icmp,1592405700,2020-06-17 14:55:00+00:00
154736787,jinan-telecom,wuhan-telecom,48.6723,0.0,icmp,1592405820,2020-06-17 14:57:00+00:00
154737011,jinan-telecom,wuhan-telecom,39.4169,0.0,icmp,1592405959,2020-06-17 14:59:19+00:00
154737226,jinan-telecom,wuhan-telecom,48.6189,0.0,icmp,1592406060,2020-06-17 15:01:00+00:00
154737472,jinan-telecom,wuhan-telecom,39.4622,0.0,icmp,1592406199,2020-06-17 15:03:19+00:00
154737690,jinan-telecom,wuhan-telecom,39.4313,0.0,icmp,1592406319,2020-06-17 15:05:19+00:00
154737932,jinan-telecom,wuhan-telecom,48.7221,0.0,icmp,1592406420,2020-06-17 15:07:00+00:00
154738154,jinan-telecom,wuhan-telecom,48.7886,0.0,icmp,1592406540,2020-06-17 15:09:00+00:00
154738383,jinan-telecom,wuhan-telecom,47.7781,0.0,icmp,1592406660,2020-06-17 15:11:00+00:00
154738598,jinan-telecom,wuhan-telecom,45.1861,0.0,icmp,1592406780,2020-06-17 15:13:00+00:00
154738822,jinan-telecom,wuhan-telecom,48.4716,0.0,icmp,1592406900,2020-06-17 15:15:00+00:00
154739076,jinan-telecom,wuhan-telecom,47.7404,0.0,icmp,1592407020,2020-06-17 15:17:00+00:00
154739287,jinan-telecom,wuhan-telecom,47.7375,0.0,icmp,1592407140,2020-06-17 15:19:00+00:00
154739516,jinan-telecom,wuhan-telecom,45.8707,0.0,icmp,1592407260,2020-06-17 15:21:00+00:00
154739744,jinan-telecom,wuhan-telecom,42.8559,0.0,icmp,1592407380,2020-06-17 15:23:00+00:00
154739976,jinan-telecom,wuhan-telecom,49.418,0.0,icmp,1592407500,2020-06-17 15:25:00+00:00
154740191,jinan-telecom,wuhan-telecom,39.8416,0.0,icmp,1592407620,2020-06-17 15:27:00+00:00
154740458,jinan-telecom,wuhan-telecom,46.4361,0.0,icmp,1592407685,2020-06-17 15:28:05+00:00
154740686,jinan-telecom,wuhan-telecom,45.2249,0.0,icmp,1592407860,2020-06-17 15:31:00+00:00
154740895,jinan-telecom,wuhan-telecom,47.2246,0.0,icmp,1592407980,2020-06-17 15:33:00+00:00
154741128,jinan-telecom,wuhan-telecom,48.9407,0.0,icmp,1592408100,2020-06-17 15:35:00+00:00
154741365,jinan-telecom,wuhan-telecom,47.6818,0.0,icmp,1592408220,2020-06-17 15:37:00+00:00
154741586,jinan-telecom,wuhan-telecom,39.7533,0.0,icmp,1592408299,2020-06-17 15:38:19+00:00
154741824,jinan-telecom,wuhan-telecom,48.2465,0.0,icmp,1592408460,2020-06-17 15:41:00+00:00
154742043,jinan-telecom,wuhan-telecom,44.729,0.0,icmp,1592408580,2020-06-17 15:43:00+00:00
154742269,jinan-telecom,wuhan-telecom,45.3046,0.0,icmp,1592408700,2020-06-17 15:45:00+00:00
154742498,jinan-telecom,wuhan-telecom,39.6041,0.0,icmp,1592408779,2020-06-17 15:46:19+00:00
154742721,jinan-telecom,wuhan-telecom,47.8921,0.0,icmp,1592408940,2020-06-17 15:49:00+00:00
154742952,jinan-telecom,wuhan-telecom,50.8317,0.0,icmp,1592409060,2020-06-17 15:51:00+00:00
154743185,jinan-telecom,wuhan-telecom,42.5572,0.0,icmp,1592409180,2020-06-17 15:53:00+00:00
154743411,jinan-telecom,wuhan-telecom,46.5006,0.0,icmp,1592409300,2020-06-17 15:55:00+00:00
154743643,jinan-telecom,wuhan-telecom,39.4315,0.0,icmp,1592409379,2020-06-17 15:56:19+00:00
154743867,jinan-telecom,wuhan-telecom,45.4055,0.0,icmp,1592409540,2020-06-17 15:59:00+00:00
154744094,jinan-telecom,wuhan-telecom,48.0928,0.0,icmp,1592409660,2020-06-17 16:01:00+00:00
154744333,jinan-telecom,wuhan-telecom,39.3631,0.0,icmp,1592409739,2020-06-17 16:02:19+00:00
154744564,jinan-telecom,wuhan-telecom,45.4625,0.0,icmp,1592409900,2020-06-17 16:05:00+00:00
154744802,jinan-telecom,wuhan-telecom,46.4027,0.0,icmp,1592410020,2020-06-17 16:07:00+00:00
154745018,jinan-telecom,wuhan-telecom,45.9092,0.0,icmp,1592410140,2020-06-17 16:09:00+00:00
154745254,jinan-telecom,wuhan-telecom,45.2941,0.0,icmp,1592410260,2020-06-17 16:11:00+00:00
154745490,jinan-telecom,wuhan-telecom,48.9197,0.0,icmp,1592410380,2020-06-17 16:13:00+00:00
154745694,jinan-telecom,wuhan-telecom,39.4956,0.0,icmp,1592410459,2020-06-17 16:14:19+00:00
154745928,jinan-telecom,wuhan-telecom,48.0438,0.0,icmp,1592410620,2020-06-17 16:17:00+00:00
154746160,jinan-telecom,wuhan-telecom,46.6211,0.0,icmp,1592410740,2020-06-17 16:19:00+00:00
154746386,jinan-telecom,wuhan-telecom,46.6641,0.0,icmp,1592410860,2020-06-17 16:21:00+00:00
154746626,jinan-telecom,wuhan-telecom,47.989,0.0,icmp,1592410980,2020-06-17 16:23:00+00:00
154746848,jinan-telecom,wuhan-telecom,48.2726,0.0,icmp,1592411100,2020-06-17 16:25:00+00:00
154747087,jinan-telecom,wuhan-telecom,39.5134,0.0,icmp,1592411239,2020-06-17 16:27:19+00:00
154747307,jinan-telecom,wuhan-telecom,45.8407,0.0,icmp,1592411340,2020-06-17 16:29:00+00:00
154747532,jinan-telecom,wuhan-telecom,46.6603,0.0,icmp,1592411460,2020-06-17 16:31:00+00:00
154747754,jinan-telecom,wuhan-telecom,47.8742,0.0,icmp,1592411580,2020-06-17 16:33:00+00:00
154747986,jinan-telecom,wuhan-telecom,39.3755,0.0,icmp,1592411719,2020-06-17 16:35:19+00:00
154748243,jinan-telecom,wuhan-telecom,49.1502,0.0,icmp,1592411820,2020-06-17 16:37:00+00:00
154748473,jinan-telecom,wuhan-telecom,39.7534,0.0,icmp,1592411899,2020-06-17 16:38:19+00:00
154748692,jinan-telecom,wuhan-telecom,47.895,0.0,icmp,1592412060,2020-06-17 16:41:00+00:00
154748903,jinan-telecom,wuhan-telecom,39.5783,0.0,icmp,1592412199,2020-06-17 16:43:19+00:00
154749147,jinan-telecom,wuhan-telecom,39.6604,0.0,icmp,1592412319,2020-06-17 16:45:19+00:00
154749363,jinan-telecom,wuhan-telecom,46.0513,0.0,icmp,1592412420,2020-06-17 16:47:00+00:00
154749606,jinan-telecom,wuhan-telecom,45.3608,0.0,icmp,1592412540,2020-06-17 16:49:00+00:00
154749827,jinan-telecom,wuhan-telecom,46.2769,0.0,icmp,1592412660,2020-06-17 16:51:00+00:00
154750092,jinan-telecom,wuhan-telecom,39.7201,0.0,icmp,1592412799,2020-06-17 16:53:19+00:00
154750284,jinan-telecom,wuhan-telecom,46.4263,0.0,icmp,1592412900,2020-06-17 16:55:00+00:00
154750522,jinan-telecom,wuhan-telecom,47.8386,0.0,icmp,1592413020,2020-06-17 16:57:00+00:00
154750743,jinan-telecom,wuhan-telecom,46.0048,0.0,icmp,1592413140,2020-06-17 16:59:00+00:00
154750981,jinan-telecom,wuhan-telecom,47.3547,0.0,icmp,1592413260,2020-06-17 17:01:00+00:00
154751208,jinan-telecom,wuhan-telecom,47.3105,0.0,icmp,1592413380,2020-06-17 17:03:00+00:00
154751448,jinan-telecom,wuhan-telecom,45.3092,0.0,icmp,1592413500,2020-06-17 17:05:00+00:00
154751651,jinan-telecom,wuhan-telecom,51.0917,0.0,icmp,1592413620,2020-06-17 17:07:00+00:00
154751898,jinan-telecom,wuhan-telecom,47.1281,0.0,icmp,1592413740,2020-06-17 17:09:00+00:00
154752111,jinan-telecom,wuhan-telecom,39.445,0.0,icmp,1592413879,2020-06-17 17:11:19+00:00
154752362,jinan-telecom,wuhan-telecom,39.4073,0.0,icmp,1592413999,2020-06-17 17:13:19+00:00
154752577,jinan-telecom,wuhan-telecom,45.8669,0.0,icmp,1592414100,2020-06-17 17:15:00+00:00
154752815,jinan-telecom,wuhan-telecom,48.1792,0.0,icmp,1592414220,2020-06-17 17:17:00+00:00
154753044,jinan-telecom,wuhan-telecom,39.516,0.0,icmp,1592414359,2020-06-17 17:19:19+00:00
154753253,jinan-telecom,wuhan-telecom,46.3771,0.0,icmp,1592414460,2020-06-17 17:21:00+00:00
154753473,jinan-telecom,wuhan-telecom,49.1015,0.0,icmp,1592414580,2020-06-17 17:23:00+00:00
154753721,jinan-telecom,wuhan-telecom,39.3575,0.0,icmp,1592414719,2020-06-17 17:25:19+00:00
154753945,jinan-telecom,wuhan-telecom,39.3815,0.0,icmp,1592414839,2020-06-17 17:27:19+00:00
154754170,jinan-telecom,wuhan-telecom,44.7487,0.0,icmp,1592414940,2020-06-17 17:29:00+00:00
154754405,jinan-telecom,wuhan-telecom,48.601,0.0,icmp,1592415060,2020-06-17 17:31:00+00:00
154754644,jinan-telecom,wuhan-telecom,39.4235,0.0,icmp,1592415199,2020-06-17 17:33:19+00:00
154754862,jinan-telecom,wuhan-telecom,47.6707,0.0,icmp,1592415300,2020-06-17 17:35:00+00:00
154755094,jinan-telecom,wuhan-telecom,39.6215,0.0,icmp,1592415439,2020-06-17 17:37:19+00:00
154755325,jinan-telecom,wuhan-telecom,47.7517,0.0,icmp,1592415540,2020-06-17 17:39:00+00:00
154755548,jinan-telecom,wuhan-telecom,49.089,0.0,icmp,1592415660,2020-06-17 17:41:00+00:00
154755777,jinan-telecom,wuhan-telecom,44.7572,0.0,icmp,1592415780,2020-06-17 17:43:00+00:00
154756007,jinan-telecom,wuhan-telecom,45.4681,0.0,icmp,1592415900,2020-06-17 17:45:00+00:00
154756242,jinan-telecom,wuhan-telecom,49.9496,0.0,icmp,1592416020,2020-06-17 17:47:00+00:00
154756463,jinan-telecom,wuhan-telecom,39.5306,0.0,icmp,1592416145,2020-06-17 17:49:05+00:00
154756696,jinan-telecom,wuhan-telecom,45.0741,0.0,icmp,1592416260,2020-06-17 17:51:00+00:00
154756923,jinan-telecom,wuhan-telecom,46.8975,0.0,icmp,1592416380,2020-06-17 17:53:00+00:00
154757156,jinan-telecom,wuhan-telecom,46.7502,0.0,icmp,1592416500,2020-06-17 17:55:00+00:00
154757395,jinan-telecom,wuhan-telecom,44.9216,0.0,icmp,1592416620,2020-06-17 17:57:00+00:00
154757618,jinan-telecom,wuhan-telecom,39.5535,0.0,icmp,1592416699,2020-06-17 17:58:19+00:00
154757842,jinan-telecom,wuhan-telecom,40.2314,0.0,icmp,1592416860,2020-06-17 18:01:00+00:00
154758075,jinan-telecom,wuhan-telecom,49.2527,0.0,icmp,1592416980,2020-06-17 18:03:00+00:00
154758320,jinan-telecom,wuhan-telecom,47.1845,0.0,icmp,1592417100,2020-06-17 18:05:00+00:00
154758527,jinan-telecom,wuhan-telecom,45.0665,0.0,icmp,1592417220,2020-06-17 18:07:00+00:00
154758761,jinan-telecom,wuhan-telecom,47.2904,0.0,icmp,1592417340,2020-06-17 18:09:00+00:00
154758983,jinan-telecom,wuhan-telecom,45.9199,0.0,icmp,1592417460,2020-06-17 18:11:00+00:00
154759214,jinan-telecom,wuhan-telecom,41.9358,0.0,icmp,1592417580,2020-06-17 18:13:00+00:00
154759445,jinan-telecom,wuhan-telecom,46.9398,0.0,icmp,1592417700,2020-06-17 18:15:00+00:00
154759677,jinan-telecom,wuhan-telecom,39.3952,0.0,icmp,1592417779,2020-06-17 18:16:19+00:00
154759904,jinan-telecom,wuhan-telecom,40.1354,0.0,icmp,1592417940,2020-06-17 18:19:00+00:00
154760129,jinan-telecom,wuhan-telecom,48.7471,0.0,icmp,1592418060,2020-06-17 18:21:00+00:00
154760355,jinan-telecom,wuhan-telecom,47.585,0.0,icmp,1592418180,2020-06-17 18:23:00+00:00
154760585,jinan-telecom,wuhan-telecom,41.0851,0.0,icmp,1592418300,2020-06-17 18:25:00+00:00
154760816,jinan-telecom,wuhan-telecom,46.8607,0.0,icmp,1592418420,2020-06-17 18:27:00+00:00
154761062,jinan-telecom,wuhan-telecom,47.0335,0.0,icmp,1592418540,2020-06-17 18:29:00+00:00
154761286,jinan-telecom,wuhan-telecom,39.4969,0.0,icmp,1592418619,2020-06-17 18:30:19+00:00
154761509,jinan-telecom,wuhan-telecom,41.8241,0.0,icmp,1592418725,2020-06-17 18:32:05+00:00
154761748,jinan-telecom,wuhan-telecom,47.6104,0.0,icmp,1592418900,2020-06-17 18:35:00+00:00
154761963,jinan-telecom,wuhan-telecom,46.8019,0.0,icmp,1592419020,2020-06-17 18:37:00+00:00
154762209,jinan-telecom,wuhan-telecom,48.3369,0.0,icmp,1592419140,2020-06-17 18:39:00+00:00
154762417,jinan-telecom,wuhan-telecom,39.7544,0.0,icmp,1592419260,2020-06-17 18:41:00+00:00
154762648,jinan-telecom,wuhan-telecom,44.1039,0.0,icmp,1592419380,2020-06-17 18:43:00+00:00
154762872,jinan-telecom,wuhan-telecom,44.6138,0.0,icmp,1592419500,2020-06-17 18:45:00+00:00
154763100,jinan-telecom,wuhan-telecom,45.6285,0.0,icmp,1592419620,2020-06-17 18:47:00+00:00
154763332,jinan-telecom,wuhan-telecom,39.4059,0.0,icmp,1592419699,2020-06-17 18:48:19+00:00
154763588,jinan-telecom,wuhan-telecom,39.467,0.0,icmp,1592419879,2020-06-17 18:51:19+00:00
154763810,jinan-telecom,wuhan-telecom,46.9937,0.0,icmp,1592419980,2020-06-17 18:53:00+00:00
154764031,jinan-telecom,wuhan-telecom,46.6593,0.0,icmp,1592420100,2020-06-17 18:55:00+00:00
154764252,jinan-telecom,wuhan-telecom,39.345,0.0,icmp,1592420179,2020-06-17 18:56:19+00:00
154764480,jinan-telecom,wuhan-telecom,39.4872,0.0,icmp,1592420299,2020-06-17 18:58:19+00:00
154764719,jinan-telecom,wuhan-telecom,39.5003,0.0,icmp,1592420419,2020-06-17 19:00:19+00:00
154764954,jinan-telecom,wuhan-telecom,45.5565,0.0,icmp,1592420580,2020-06-17 19:03:00+00:00
154765166,jinan-telecom,wuhan-telecom,47.6949,0.0,icmp,1592420700,2020-06-17 19:05:00+00:00
154765400,jinan-telecom,wuhan-telecom,48.0625,0.0,icmp,1592420820,2020-06-17 19:07:00+00:00
154765622,jinan-telecom,wuhan-telecom,39.3762,0.0,icmp,1592420959,2020-06-17 19:09:19+00:00
154765845,jinan-telecom,wuhan-telecom,43.641,0.0,icmp,1592421060,2020-06-17 19:11:00+00:00
154766083,jinan-telecom,wuhan-telecom,46.082,0.0,icmp,1592421180,2020-06-17 19:13:00+00:00
154766303,jinan-telecom,wuhan-telecom,45.9171,0.0,icmp,1592421300,2020-06-17 19:15:00+00:00
154766529,jinan-telecom,wuhan-telecom,39.6459,0.0,icmp,1592421379,2020-06-17 19:16:19+00:00
154766786,jinan-telecom,wuhan-telecom,39.5517,0.0,icmp,1592421559,2020-06-17 19:19:19+00:00
154767000,jinan-telecom,wuhan-telecom,47.5834,0.0,icmp,1592421660,2020-06-17 19:21:00+00:00
154767216,jinan-telecom,wuhan-telecom,46.0323,0.0,icmp,1592421780,2020-06-17 19:23:00+00:00
154767466,jinan-telecom,wuhan-telecom,39.522,0.0,icmp,1592421919,2020-06-17 19:25:19+00:00
154767676,jinan-telecom,wuhan-telecom,45.1364,0.0,icmp,1592422020,2020-06-17 19:27:00+00:00
154767927,jinan-telecom,wuhan-telecom,50.0791,0.0,icmp,1592422140,2020-06-17 19:29:00+00:00
154768134,jinan-telecom,wuhan-telecom,39.6106,0.0,icmp,1592422279,2020-06-17 19:31:19+00:00
154768373,jinan-telecom,wuhan-telecom,46.4903,0.0,icmp,1592422380,2020-06-17 19:33:00+00:00
154768600,jinan-telecom,wuhan-telecom,41.6692,0.0,icmp,1592422500,2020-06-17 19:35:00+00:00
154768827,jinan-telecom,wuhan-telecom,39.3859,0.0,icmp,1592422579,2020-06-17 19:36:19+00:00
154769074,jinan-telecom,wuhan-telecom,39.4714,0.0,icmp,1592422759,2020-06-17 19:39:19+00:00
154769283,jinan-telecom,wuhan-telecom,48.628,0.0,icmp,1592422860,2020-06-17 19:41:00+00:00
154769517,jinan-telecom,wuhan-telecom,46.9168,0.0,icmp,1592422980,2020-06-17 19:43:00+00:00
154769762,jinan-telecom,wuhan-telecom,48.1683,0.0,icmp,1592423100,2020-06-17 19:45:00+00:00
154769970,jinan-telecom,wuhan-telecom,39.3913,0.0,icmp,1592423179,2020-06-17 19:46:19+00:00
154770215,jinan-telecom,wuhan-telecom,39.4371,0.0,icmp,1592423299,2020-06-17 19:48:19+00:00
154770443,jinan-telecom,wuhan-telecom,45.8441,0.0,icmp,1592423460,2020-06-17 19:51:00+00:00
154770672,jinan-telecom,wuhan-telecom,46.3226,0.0,icmp,1592423580,2020-06-17 19:53:00+00:00
154770885,jinan-telecom,wuhan-telecom,46.3978,0.0,icmp,1592423700,2020-06-17 19:55:00+00:00
154771125,jinan-telecom,wuhan-telecom,46.148,0.0,icmp,1592423820,2020-06-17 19:57:00+00:00
154771356,jinan-telecom,wuhan-telecom,44.5493,0.0,icmp,1592423940,2020-06-17 19:59:00+00:00
154771581,jinan-telecom,wuhan-telecom,47.0874,0.0,icmp,1592424060,2020-06-17 20:01:00+00:00
154771815,jinan-telecom,wuhan-telecom,47.3169,0.0,icmp,1592424180,2020-06-17 20:03:00+00:00
154772031,jinan-telecom,wuhan-telecom,45.3663,0.0,icmp,1592424300,2020-06-17 20:05:00+00:00
154772244,jinan-telecom,wuhan-telecom,39.4343,0.0,icmp,1592424439,2020-06-17 20:07:19+00:00
154772497,jinan-telecom,wuhan-telecom,47.7919,0.0,icmp,1592424540,2020-06-17 20:09:00+00:00
154772734,jinan-telecom,wuhan-telecom,48.1425,0.0,icmp,1592424660,2020-06-17 20:11:00+00:00
155243621,jinan-telecom,wuhan-telecom,48.9895,0.0,icmp,1592177640,2020-06-14 23:34:00+00:00
155243827,jinan-telecom,wuhan-telecom,39.3965,0.0,icmp,1592177719,2020-06-14 23:35:19+00:00
155244056,jinan-telecom,wuhan-telecom,47.0898,0.0,icmp,1592177880,2020-06-14 23:38:00+00:00
155244293,jinan-telecom,wuhan-telecom,46.747,0.0,icmp,1592178000,2020-06-14 23:40:00+00:00
155244530,jinan-telecom,wuhan-telecom,45.2352,0.0,icmp,1592178120,2020-06-14 23:42:00+00:00
155244762,jinan-telecom,wuhan-telecom,46.9312,0.0,icmp,1592178240,2020-06-14 23:44:00+00:00
155244983,jinan-telecom,wuhan-telecom,42.7266,0.0,icmp,1592178360,2020-06-14 23:46:00+00:00
155245223,jinan-telecom,wuhan-telecom,47.4712,0.0,icmp,1592178480,2020-06-14 23:48:00+00:00
155245433,jinan-telecom,wuhan-telecom,48.7597,0.0,icmp,1592178600,2020-06-14 23:50:00+00:00
155245676,jinan-telecom,wuhan-telecom,39.3647,0.0,icmp,1592178739,2020-06-14 23:52:19+00:00
155245918,jinan-telecom,wuhan-telecom,46.8871,0.0,icmp,1592178840,2020-06-14 23:54:00+00:00
155246134,jinan-telecom,wuhan-telecom,47.3039,0.0,icmp,1592178960,2020-06-14 23:56:00+00:00
155246359,jinan-telecom,wuhan-telecom,39.3382,0.0,icmp,1592179039,2020-06-14 23:57:19+00:00
155246608,jinan-telecom,wuhan-telecom,39.3367,0.0,icmp,1592179159,2020-06-14 23:59:19+00:00
155246827,jinan-telecom,wuhan-telecom,46.3732,0.0,icmp,1592179320,2020-06-15 00:02:00+00:00
155247034,jinan-telecom,wuhan-telecom,47.6376,0.0,icmp,1592179440,2020-06-15 00:04:00+00:00
155247266,jinan-telecom,wuhan-telecom,47.7992,0.0,icmp,1592179560,2020-06-15 00:06:00+00:00
155247511,jinan-telecom,wuhan-telecom,46.7478,0.0,icmp,1592179680,2020-06-15 00:08:00+00:00
155247746,jinan-telecom,wuhan-telecom,44.9923,0.0,icmp,1592179800,2020-06-15 00:10:00+00:00
155247970,jinan-telecom,wuhan-telecom,46.563,0.0,icmp,1592179920,2020-06-15 00:12:00+00:00
155248178,jinan-telecom,wuhan-telecom,47.6866,0.0,icmp,1592180040,2020-06-15 00:14:00+00:00
155248407,jinan-telecom,wuhan-telecom,48.5677,0.0,icmp,1592180160,2020-06-15 00:16:00+00:00
155248638,jinan-telecom,wuhan-telecom,47.5608,0.0,icmp,1592180280,2020-06-15 00:18:00+00:00
155248869,jinan-telecom,wuhan-telecom,41.6372,0.0,icmp,1592180400,2020-06-15 00:20:00+00:00
155249108,jinan-telecom,wuhan-telecom,45.7434,0.0,icmp,1592180520,2020-06-15 00:22:00+00:00
155249324,jinan-telecom,wuhan-telecom,48.359,0.0,icmp,1592180640,2020-06-15 00:24:00+00:00
155249559,jinan-telecom,wuhan-telecom,39.7173,0.0,icmp,1592180779,2020-06-15 00:26:19+00:00
155249784,jinan-telecom,wuhan-telecom,47.7815,0.0,icmp,1592180880,2020-06-15 00:28:00+00:00
155250010,jinan-telecom,wuhan-telecom,48.5744,0.0,icmp,1592181000,2020-06-15 00:30:00+00:00
155250254,jinan-telecom,wuhan-telecom,48.2816,0.0,icmp,1592181120,2020-06-15 00:32:00+00:00
155250484,jinan-telecom,wuhan-telecom,45.9621,0.0,icmp,1592181240,2020-06-15 00:34:00+00:00
155250708,jinan-telecom,wuhan-telecom,45.797,0.0,icmp,1592181360,2020-06-15 00:36:00+00:00
155250940,jinan-telecom,wuhan-telecom,46.4471,0.0,icmp,1592181480,2020-06-15 00:38:00+00:00
155251167,jinan-telecom,wuhan-telecom,45.3168,0.0,icmp,1592181600,2020-06-15 00:40:00+00:00
155251413,jinan-telecom,wuhan-telecom,47.2173,0.0,icmp,1592181720,2020-06-15 00:42:00+00:00
155251638,jinan-telecom,wuhan-telecom,47.4177,0.0,icmp,1592181840,2020-06-15 00:44:00+00:00
155251859,jinan-telecom,wuhan-telecom,39.3454,0.0,icmp,1592181979,2020-06-15 00:46:19+00:00
155252094,jinan-telecom,wuhan-telecom,48.0481,0.0,icmp,1592182080,2020-06-15 00:48:00+00:00
155252316,jinan-telecom,wuhan-telecom,40.9837,0.0,icmp,1592182200,2020-06-15 00:50:00+00:00
155252556,jinan-telecom,wuhan-telecom,46.9303,0.0,icmp,1592182320,2020-06-15 00:52:00+00:00
155252782,jinan-telecom,wuhan-telecom,39.4414,0.0,icmp,1592182444,2020-06-15 00:54:04+00:00
155253021,jinan-telecom,wuhan-telecom,45.642,0.0,icmp,1592182560,2020-06-15 00:56:00+00:00
155253219,jinan-telecom,wuhan-telecom,39.4285,0.0,icmp,1592182699,2020-06-15 00:58:19+00:00
155253485,jinan-telecom,wuhan-telecom,47.7587,0.0,icmp,1592182800,2020-06-15 01:00:00+00:00
155253699,jinan-telecom,wuhan-telecom,39.3941,0.0,icmp,1592182939,2020-06-15 01:02:19+00:00
155253904,jinan-telecom,wuhan-telecom,47.61,0.0,icmp,1592183040,2020-06-15 01:04:00+00:00
155254151,jinan-telecom,wuhan-telecom,39.3966,0.0,icmp,1592183179,2020-06-15 01:06:19+00:00
155254387,jinan-telecom,wuhan-telecom,46.1366,0.0,icmp,1592183280,2020-06-15 01:08:00+00:00
155254610,jinan-telecom,wuhan-telecom,47.5258,0.0,icmp,1592183400,2020-06-15 01:10:00+00:00
155254847,jinan-telecom,wuhan-telecom,44.6515,0.0,icmp,1592183520,2020-06-15 01:12:00+00:00
155255057,jinan-telecom,wuhan-telecom,45.4652,0.0,icmp,1592183640,2020-06-15 01:14:00+00:00
155255299,jinan-telecom,wuhan-telecom,39.5748,0.0,icmp,1592183779,2020-06-15 01:16:19+00:00
155255511,jinan-telecom,wuhan-telecom,45.5002,0.0,icmp,1592183880,2020-06-15 01:18:00+00:00
155255755,jinan-telecom,wuhan-telecom,47.8033,0.0,icmp,1592184000,2020-06-15 01:20:00+00:00
155255968,jinan-telecom,wuhan-telecom,47.9109,0.0,icmp,1592184120,2020-06-15 01:22:00+00:00
155256204,jinan-telecom,wuhan-telecom,47.4402,0.0,icmp,1592184240,2020-06-15 01:24:00+00:00
155256415,jinan-telecom,wuhan-telecom,48.5865,0.0,icmp,1592184360,2020-06-15 01:26:00+00:00
155256692,jinan-telecom,wuhan-telecom,45.5022,0.0,icmp,1592184480,2020-06-15 01:28:00+00:00
155256885,jinan-telecom,wuhan-telecom,43.0058,0.0,icmp,1592184600,2020-06-15 01:30:00+00:00
155257132,jinan-telecom,wuhan-telecom,49.211,0.0,icmp,1592184720,2020-06-15 01:32:00+00:00
155257363,jinan-telecom,wuhan-telecom,45.7937,0.0,icmp,1592184840,2020-06-15 01:34:00+00:00
155257578,jinan-telecom,wuhan-telecom,47.4275,0.0,icmp,1592184960,2020-06-15 01:36:00+00:00
155257810,jinan-telecom,wuhan-telecom,45.0161,0.0,icmp,1592185080,2020-06-15 01:38:00+00:00
155258050,jinan-telecom,wuhan-telecom,39.3405,0.0,icmp,1592185219,2020-06-15 01:40:19+00:00
155258274,jinan-telecom,wuhan-telecom,39.3106,0.0,icmp,1592185339,2020-06-15 01:42:19+00:00
155258498,jinan-telecom,wuhan-telecom,39.4563,0.0,icmp,1592185459,2020-06-15 01:44:19+00:00
155258740,jinan-telecom,wuhan-telecom,47.9579,0.0,icmp,1592185560,2020-06-15 01:46:00+00:00
155258961,jinan-telecom,wuhan-telecom,47.2346,0.0,icmp,1592185680,2020-06-15 01:48:00+00:00
155259178,jinan-telecom,wuhan-telecom,49.289,0.0,icmp,1592185800,2020-06-15 01:50:00+00:00
155259404,jinan-telecom,wuhan-telecom,47.7002,0.0,icmp,1592185920,2020-06-15 01:52:00+00:00
155259622,jinan-telecom,wuhan-telecom,46.1657,0.0,icmp,1592186040,2020-06-15 01:54:00+00:00
155259866,jinan-telecom,wuhan-telecom,43.3332,0.0,icmp,1592186160,2020-06-15 01:56:00+00:00
155260109,jinan-telecom,wuhan-telecom,47.1575,0.0,icmp,1592186280,2020-06-15 01:58:00+00:00
155260327,jinan-telecom,wuhan-telecom,39.471,0.0,icmp,1592186359,2020-06-15 01:59:19+00:00
155260550,jinan-telecom,wuhan-telecom,44.2273,0.0,icmp,1592186520,2020-06-15 02:02:00+00:00
155260780,jinan-telecom,wuhan-telecom,48.1771,0.0,icmp,1592186640,2020-06-15 02:04:00+00:00
155261008,jinan-telecom,wuhan-telecom,47.0099,0.0,icmp,1592186760,2020-06-15 02:06:00+00:00
155261240,jinan-telecom,wuhan-telecom,39.4207,0.0,icmp,1592186839,2020-06-15 02:07:19+00:00
155261477,jinan-telecom,wuhan-telecom,41.9997,0.0,icmp,1592187000,2020-06-15 02:10:00+00:00
155261694,jinan-telecom,wuhan-telecom,48.2095,0.0,icmp,1592187120,2020-06-15 02:12:00+00:00
155261937,jinan-telecom,wuhan-telecom,46.4376,0.0,icmp,1592187240,2020-06-15 02:14:00+00:00
155262164,jinan-telecom,wuhan-telecom,47.0885,0.0,icmp,1592187360,2020-06-15 02:16:00+00:00
155262395,jinan-telecom,wuhan-telecom,45.6523,0.0,icmp,1592187480,2020-06-15 02:18:00+00:00
155262616,jinan-telecom,wuhan-telecom,46.4232,0.0,icmp,1592187600,2020-06-15 02:20:00+00:00
155262845,jinan-telecom,wuhan-telecom,40.1571,0.0,icmp,1592187720,2020-06-15 02:22:00+00:00
155263070,jinan-telecom,wuhan-telecom,41.2761,0.0,icmp,1592187840,2020-06-15 02:24:00+00:00
155263310,jinan-telecom,wuhan-telecom,47.3799,0.0,icmp,1592187960,2020-06-15 02:26:00+00:00
155263547,jinan-telecom,wuhan-telecom,39.5887,0.0,icmp,1592188080,2020-06-15 02:28:00+00:00
155263762,jinan-telecom,wuhan-telecom,49.134,0.0,icmp,1592188200,2020-06-15 02:30:00+00:00
155263989,jinan-telecom,wuhan-telecom,45.62,0.0,icmp,1592188320,2020-06-15 02:32:00+00:00
155264216,jinan-telecom,wuhan-telecom,46.8928,0.0,icmp,1592188440,2020-06-15 02:34:00+00:00
155264438,jinan-telecom,wuhan-telecom,45.6077,0.0,icmp,1592188560,2020-06-15 02:36:00+00:00
155264682,jinan-telecom,wuhan-telecom,45.1007,0.0,icmp,1592188680,2020-06-15 02:38:00+00:00
155264929,jinan-telecom,wuhan-telecom,39.3585,0.0,icmp,1592188759,2020-06-15 02:39:19+00:00
155265153,jinan-telecom,wuhan-telecom,47.8134,0.0,icmp,1592188920,2020-06-15 02:42:00+00:00
155265383,jinan-telecom,wuhan-telecom,46.6713,0.0,icmp,1592189040,2020-06-15 02:44:00+00:00
155265606,jinan-telecom,wuhan-telecom,46.854,0.0,icmp,1592189160,2020-06-15 02:46:00+00:00
155265843,jinan-telecom,wuhan-telecom,39.3262,0.0,icmp,1592189239,2020-06-15 02:47:19+00:00
155266059,jinan-telecom,wuhan-telecom,46.763,0.0,icmp,1592189400,2020-06-15 02:50:00+00:00
155266267,jinan-telecom,wuhan-telecom,39.3204,0.0,icmp,1592189479,2020-06-15 02:51:19+00:00
155266491,jinan-telecom,wuhan-telecom,47.6887,0.0,icmp,1592189640,2020-06-15 02:54:00+00:00
155266741,jinan-telecom,wuhan-telecom,46.7248,0.0,icmp,1592189760,2020-06-15 02:56:00+00:00
155266959,jinan-telecom,wuhan-telecom,46.5235,0.0,icmp,1592189880,2020-06-15 02:58:00+00:00
155267204,jinan-telecom,wuhan-telecom,47.0631,0.0,icmp,1592190000,2020-06-15 03:00:00+00:00
155267422,jinan-telecom,wuhan-telecom,47.8103,0.0,icmp,1592190120,2020-06-15 03:02:00+00:00
155267655,jinan-telecom,wuhan-telecom,47.6094,0.0,icmp,1592190240,2020-06-15 03:04:00+00:00
155267875,jinan-telecom,wuhan-telecom,45.9998,0.0,icmp,1592190360,2020-06-15 03:06:00+00:00
155268105,jinan-telecom,wuhan-telecom,39.4727,0.0,icmp,1592190439,2020-06-15 03:07:19+00:00
155268335,jinan-telecom,wuhan-telecom,48.5315,0.0,icmp,1592190600,2020-06-15 03:10:00+00:00
155268583,jinan-telecom,wuhan-telecom,39.4877,0.0,icmp,1592190739,2020-06-15 03:12:19+00:00
155268792,jinan-telecom,wuhan-telecom,48.1136,0.0,icmp,1592190840,2020-06-15 03:14:00+00:00
155269014,jinan-telecom,wuhan-telecom,39.3302,0.0,icmp,1592190919,2020-06-15 03:15:19+00:00
155269244,jinan-telecom,wuhan-telecom,44.4071,0.0,icmp,1592191080,2020-06-15 03:18:00+00:00
155269469,jinan-telecom,wuhan-telecom,39.3262,0.0,icmp,1592191219,2020-06-15 03:20:19+00:00
155269712,jinan-telecom,wuhan-telecom,45.0468,0.0,icmp,1592191320,2020-06-15 03:22:00+00:00
155269939,jinan-telecom,wuhan-telecom,45.3857,0.0,icmp,1592191440,2020-06-15 03:24:00+00:00
155270164,jinan-telecom,wuhan-telecom,44.6351,0.0,icmp,1592191560,2020-06-15 03:26:00+00:00
155270404,jinan-telecom,wuhan-telecom,49.2355,0.0,icmp,1592191680,2020-06-15 03:28:00+00:00
155270624,jinan-telecom,wuhan-telecom,49.216,0.0,icmp,1592191800,2020-06-15 03:30:00+00:00
155270862,jinan-telecom,wuhan-telecom,47.4185,0.0,icmp,1592191920,2020-06-15 03:32:00+00:00
155271106,jinan-telecom,wuhan-telecom,47.8299,0.0,icmp,1592192040,2020-06-15 03:34:00+00:00
155271324,jinan-telecom,wuhan-telecom,40.2597,0.0,icmp,1592192160,2020-06-15 03:36:00+00:00
155271545,jinan-telecom,wuhan-telecom,48.2013,0.0,icmp,1592192280,2020-06-15 03:38:00+00:00
155271775,jinan-telecom,wuhan-telecom,46.6537,0.0,icmp,1592192400,2020-06-15 03:40:00+00:00
155272018,jinan-telecom,wuhan-telecom,46.9778,0.0,icmp,1592192520,2020-06-15 03:42:00+00:00
155272248,jinan-telecom,wuhan-telecom,39.4894,0.0,icmp,1592192599,2020-06-15 03:43:19+00:00
155272480,jinan-telecom,wuhan-telecom,47.5292,0.0,icmp,1592192760,2020-06-15 03:46:00+00:00
155272700,jinan-telecom,wuhan-telecom,45.9104,0.0,icmp,1592192880,2020-06-15 03:48:00+00:00
155272918,jinan-telecom,wuhan-telecom,48.9405,0.0,icmp,1592193000,2020-06-15 03:50:00+00:00
155273167,jinan-telecom,wuhan-telecom,46.7823,0.0,icmp,1592193120,2020-06-15 03:52:00+00:00
155273372,jinan-telecom,wuhan-telecom,46.2024,0.0,icmp,1592193240,2020-06-15 03:54:00+00:00
155273620,jinan-telecom,wuhan-telecom,48.9901,0.0,icmp,1592193360,2020-06-15 03:56:00+00:00
155273839,jinan-telecom,wuhan-telecom,45.8565,0.0,icmp,1592193480,2020-06-15 03:58:00+00:00
155274077,jinan-telecom,wuhan-telecom,48.2519,0.0,icmp,1592193600,2020-06-15 04:00:00+00:00
155274304,jinan-telecom,wuhan-telecom,39.3745,0.0,icmp,1592193739,2020-06-15 04:02:19+00:00
155274520,jinan-telecom,wuhan-telecom,51.4215,0.0,icmp,1592193840,2020-06-15 04:04:00+00:00
155274755,jinan-telecom,wuhan-telecom,50.2888,0.0,icmp,1592193960,2020-06-15 04:06:00+00:00
155274991,jinan-telecom,wuhan-telecom,47.9624,0.0,icmp,1592194080,2020-06-15 04:08:00+00:00
155275207,jinan-telecom,wuhan-telecom,48.5123,0.0,icmp,1592194200,2020-06-15 04:10:00+00:00
155275455,jinan-telecom,wuhan-telecom,39.583,0.0,icmp,1592194339,2020-06-15 04:12:19+00:00
155275678,jinan-telecom,wuhan-telecom,45.2259,0.0,icmp,1592194440,2020-06-15 04:14:00+00:00
155275900,jinan-telecom,wuhan-telecom,39.6507,0.0,icmp,1592194579,2020-06-15 04:16:19+00:00
155276135,jinan-telecom,wuhan-telecom,47.1659,0.0,icmp,1592194680,2020-06-15 04:18:00+00:00
155276366,jinan-telecom,wuhan-telecom,47.6753,0.0,icmp,1592194800,2020-06-15 04:20:00+00:00
155276596,jinan-telecom,wuhan-telecom,41.931,0.0,icmp,1592194920,2020-06-15 04:22:00+00:00
155276826,jinan-telecom,wuhan-telecom,46.9791,0.0,icmp,1592195040,2020-06-15 04:24:00+00:00
155277046,jinan-telecom,wuhan-telecom,39.4924,0.0,icmp,1592195119,2020-06-15 04:25:19+00:00
155277267,jinan-telecom,wuhan-telecom,39.3576,0.0,icmp,1592195240,2020-06-15 04:27:20+00:00
155277497,jinan-telecom,wuhan-telecom,46.5455,0.0,icmp,1592195400,2020-06-15 04:30:00+00:00
155277740,jinan-telecom,wuhan-telecom,48.1117,0.0,icmp,1592195520,2020-06-15 04:32:00+00:00
155277968,jinan-telecom,wuhan-telecom,43.2418,0.0,icmp,1592195640,2020-06-15 04:34:00+00:00
155278190,jinan-telecom,wuhan-telecom,39.4781,0.0,icmp,1592195779,2020-06-15 04:36:19+00:00
155278414,jinan-telecom,wuhan-telecom,40.9287,0.0,icmp,1592195880,2020-06-15 04:38:00+00:00
155278649,jinan-telecom,wuhan-telecom,46.3583,0.0,icmp,1592196000,2020-06-15 04:40:00+00:00
155278884,jinan-telecom,wuhan-telecom,47.3156,0.0,icmp,1592196120,2020-06-15 04:42:00+00:00
155279090,jinan-telecom,wuhan-telecom,39.4353,0.0,icmp,1592196199,2020-06-15 04:43:19+00:00
155279348,jinan-telecom,wuhan-telecom,40.3065,0.0,icmp,1592196360,2020-06-15 04:46:00+00:00
155279560,jinan-telecom,wuhan-telecom,48.4073,0.0,icmp,1592196480,2020-06-15 04:48:00+00:00
155279802,jinan-telecom,wuhan-telecom,47.2371,0.0,icmp,1592196600,2020-06-15 04:50:00+00:00
155280055,jinan-telecom,wuhan-telecom,47.3449,0.0,icmp,1592196720,2020-06-15 04:52:00+00:00
155280243,jinan-telecom,wuhan-telecom,47.9257,0.0,icmp,1592196840,2020-06-15 04:54:00+00:00
155280469,jinan-telecom,wuhan-telecom,39.4866,0.0,icmp,1592196979,2020-06-15 04:56:19+00:00
155280706,jinan-telecom,wuhan-telecom,42.7495,0.0,icmp,1592197080,2020-06-15 04:58:00+00:00
155280952,jinan-telecom,wuhan-telecom,48.2524,0.0,icmp,1592197200,2020-06-15 05:00:00+00:00
155281171,jinan-telecom,wuhan-telecom,39.5648,0.0,icmp,1592197339,2020-06-15 05:02:19+00:00
155281385,jinan-telecom,wuhan-telecom,47.3991,0.0,icmp,1592197440,2020-06-15 05:04:00+00:00
155281635,jinan-telecom,wuhan-telecom,46.946,0.0,icmp,1592197560,2020-06-15 05:06:00+00:00
155281861,jinan-telecom,wuhan-telecom,47.0284,0.0,icmp,1592197680,2020-06-15 05:08:00+00:00
155282076,jinan-telecom,wuhan-telecom,39.3417,0.0,icmp,1592197819,2020-06-15 05:10:19+00:00
155282298,jinan-telecom,wuhan-telecom,49.6513,0.0,icmp,1592197920,2020-06-15 05:12:00+00:00
155282545,jinan-telecom,wuhan-telecom,45.6456,0.0,icmp,1592198040,2020-06-15 05:14:00+00:00
155282760,jinan-telecom,wuhan-telecom,39.3494,0.0,icmp,1592198179,2020-06-15 05:16:19+00:00
155282998,jinan-telecom,wuhan-telecom,48.051,0.0,icmp,1592198280,2020-06-15 05:18:00+00:00
155283220,jinan-telecom,wuhan-telecom,47.3408,0.0,icmp,1592198400,2020-06-15 05:20:00+00:00
155283455,jinan-telecom,wuhan-telecom,45.1156,0.0,icmp,1592198520,2020-06-15 05:22:00+00:00
155283691,jinan-telecom,wuhan-telecom,43.5397,0.0,icmp,1592198640,2020-06-15 05:24:00+00:00
155283913,jinan-telecom,wuhan-telecom,47.0159,0.0,icmp,1592198760,2020-06-15 05:26:00+00:00
155284162,jinan-telecom,wuhan-telecom,46.6729,0.0,icmp,1592198880,2020-06-15 05:28:00+00:00
155284383,jinan-telecom,wuhan-telecom,49.2949,0.0,icmp,1592199000,2020-06-15 05:30:00+00:00
155284611,jinan-telecom,wuhan-telecom,46.7209,0.0,icmp,1592199120,2020-06-15 05:32:00+00:00
155284819,jinan-telecom,wuhan-telecom,48.0699,0.0,icmp,1592199240,2020-06-15 05:34:00+00:00
155285055,jinan-telecom,wuhan-telecom,48.9015,0.0,icmp,1592199360,2020-06-15 05:36:00+00:00
155285285,jinan-telecom,wuhan-telecom,39.3913,0.0,icmp,1592199439,2020-06-15 05:37:19+00:00
155285516,jinan-telecom,wuhan-telecom,50.2183,0.0,icmp,1592199600,2020-06-15 05:40:00+00:00
155285756,jinan-telecom,wuhan-telecom,47.3881,0.0,icmp,1592199720,2020-06-15 05:42:00+00:00
155285958,jinan-telecom,wuhan-telecom,48.0453,0.0,icmp,1592199840,2020-06-15 05:44:00+00:00
155286194,jinan-telecom,wuhan-telecom,47.9699,0.0,icmp,1592199960,2020-06-15 05:46:00+00:00
155286446,jinan-telecom,wuhan-telecom,44.8255,0.0,icmp,1592200080,2020-06-15 05:48:00+00:00
155286672,jinan-telecom,wuhan-telecom,45.2681,0.0,icmp,1592200200,2020-06-15 05:50:00+00:00
155286878,jinan-telecom,wuhan-telecom,39.3556,0.0,icmp,1592200279,2020-06-15 05:51:19+00:00
155287129,jinan-telecom,wuhan-telecom,39.4817,0.0,icmp,1592200399,2020-06-15 05:53:19+00:00
155287353,jinan-telecom,wuhan-telecom,43.1619,0.0,icmp,1592200564,2020-06-15 05:56:04+00:00
155287568,jinan-telecom,wuhan-telecom,46.4275,0.0,icmp,1592200680,2020-06-15 05:58:00+00:00
155287812,jinan-telecom,wuhan-telecom,39.3635,0.0,icmp,1592200759,2020-06-15 05:59:19+00:00
155288035,jinan-telecom,wuhan-telecom,48.1828,0.0,icmp,1592200920,2020-06-15 06:02:00+00:00
155288270,jinan-telecom,wuhan-telecom,48.7058,0.0,icmp,1592201040,2020-06-15 06:04:00+00:00
155288488,jinan-telecom,wuhan-telecom,46.5468,0.0,icmp,1592201160,2020-06-15 06:06:00+00:00
155288738,jinan-telecom,wuhan-telecom,47.2315,0.0,icmp,1592201280,2020-06-15 06:08:00+00:00
155288960,jinan-telecom,wuhan-telecom,47.0799,0.0,icmp,1592201400,2020-06-15 06:10:00+00:00
155289168,jinan-telecom,wuhan-telecom,46.6193,0.0,icmp,1592201520,2020-06-15 06:12:00+00:00
155289410,jinan-telecom,wuhan-telecom,47.7809,0.0,icmp,1592201640,2020-06-15 06:14:00+00:00
155289627,jinan-telecom,wuhan-telecom,47.8894,0.0,icmp,1592201760,2020-06-15 06:16:00+00:00
155289887,jinan-telecom,wuhan-telecom,46.8078,0.0,icmp,1592201880,2020-06-15 06:18:00+00:00
155290101,jinan-telecom,wuhan-telecom,39.3499,0.0,icmp,1592201959,2020-06-15 06:19:19+00:00
155290322,jinan-telecom,wuhan-telecom,46.7964,0.0,icmp,1592202120,2020-06-15 06:22:00+00:00
155290563,jinan-telecom,wuhan-telecom,49.3256,0.0,icmp,1592202240,2020-06-15 06:24:00+00:00
155290797,jinan-telecom,wuhan-telecom,47.2957,0.0,icmp,1592202360,2020-06-15 06:26:00+00:00
155291005,jinan-telecom,wuhan-telecom,41.9208,0.0,icmp,1592202480,2020-06-15 06:28:00+00:00
155291229,jinan-telecom,wuhan-telecom,47.582,0.0,icmp,1592202600,2020-06-15 06:30:00+00:00
155291474,jinan-telecom,wuhan-telecom,47.1725,0.0,icmp,1592202720,2020-06-15 06:32:00+00:00
155291697,jinan-telecom,wuhan-telecom,48.9729,0.0,icmp,1592202840,2020-06-15 06:34:00+00:00
155291943,jinan-telecom,wuhan-telecom,48.679,0.0,icmp,1592202960,2020-06-15 06:36:00+00:00
155292155,jinan-telecom,wuhan-telecom,45.3828,0.0,icmp,1592203080,2020-06-15 06:38:00+00:00
155292378,jinan-telecom,wuhan-telecom,48.6208,0.0,icmp,1592203200,2020-06-15 06:40:00+00:00
155292613,jinan-telecom,wuhan-telecom,39.3507,0.0,icmp,1592203339,2020-06-15 06:42:19+00:00
155292843,jinan-telecom,wuhan-telecom,49.5562,0.0,icmp,1592203440,2020-06-15 06:44:00+00:00
155293075,jinan-telecom,wuhan-telecom,49.3,0.0,icmp,1592203560,2020-06-15 06:46:00+00:00
155293315,jinan-telecom,wuhan-telecom,39.3211,0.0,icmp,1592203699,2020-06-15 06:48:19+00:00
155293540,jinan-telecom,wuhan-telecom,39.3482,0.0,icmp,1592203819,2020-06-15 06:50:19+00:00
155293755,jinan-telecom,wuhan-telecom,39.3165,0.0,icmp,1592203939,2020-06-15 06:52:19+00:00
155293982,jinan-telecom,wuhan-telecom,46.5472,0.0,icmp,1592204040,2020-06-15 06:54:00+00:00
155294209,jinan-telecom,wuhan-telecom,39.8087,0.0,icmp,1592204119,2020-06-15 06:55:19+00:00
155294447,jinan-telecom,wuhan-telecom,47.4445,0.0,icmp,1592204280,2020-06-15 06:58:00+00:00
155294682,jinan-telecom,wuhan-telecom,47.3199,0.0,icmp,1592204400,2020-06-15 07:00:00+00:00
155294902,jinan-telecom,wuhan-telecom,46.25,0.0,icmp,1592204520,2020-06-15 07:02:00+00:00
155295146,jinan-telecom,wuhan-telecom,39.3637,0.0,icmp,1592204659,2020-06-15 07:04:19+00:00
155295381,jinan-telecom,wuhan-telecom,46.6372,0.0,icmp,1592204760,2020-06-15 07:06:00+00:00
155295584,jinan-telecom,wuhan-telecom,39.4661,0.0,icmp,1592204825,2020-06-15 07:07:05+00:00
155295841,jinan-telecom,wuhan-telecom,47.4553,0.0,icmp,1592205000,2020-06-15 07:10:00+00:00
155296044,jinan-telecom,wuhan-telecom,47.763,0.0,icmp,1592205120,2020-06-15 07:12:00+00:00
155296270,jinan-telecom,wuhan-telecom,42.2374,0.0,icmp,1592205240,2020-06-15 07:14:00+00:00
155296524,jinan-telecom,wuhan-telecom,47.9401,0.0,icmp,1592205360,2020-06-15 07:16:00+00:00
155296742,jinan-telecom,wuhan-telecom,39.3094,0.0,icmp,1592205439,2020-06-15 07:17:19+00:00
155296974,jinan-telecom,wuhan-telecom,41.9705,0.0,icmp,1592205600,2020-06-15 07:20:00+00:00
155297208,jinan-telecom,wuhan-telecom,47.3837,0.0,icmp,1592205720,2020-06-15 07:22:00+00:00
155297436,jinan-telecom,wuhan-telecom,39.36,0.0,icmp,1592205859,2020-06-15 07:24:19+00:00
155297677,jinan-telecom,wuhan-telecom,49.2907,0.0,icmp,1592205960,2020-06-15 07:26:00+00:00
155297870,jinan-telecom,wuhan-telecom,47.295,0.0,icmp,1592206080,2020-06-15 07:28:00+00:00
155298117,jinan-telecom,wuhan-telecom,46.5025,0.0,icmp,1592206200,2020-06-15 07:30:00+00:00
155298351,jinan-telecom,wuhan-telecom,39.3741,0.0,icmp,1592206339,2020-06-15 07:32:19+00:00
155298580,jinan-telecom,wuhan-telecom,46.2874,0.0,icmp,1592206440,2020-06-15 07:34:00+00:00
155298806,jinan-telecom,wuhan-telecom,46.7088,0.0,icmp,1592206560,2020-06-15 07:36:00+00:00
155299017,jinan-telecom,wuhan-telecom,42.0201,0.0,icmp,1592206680,2020-06-15 07:38:00+00:00
155299248,jinan-telecom,wuhan-telecom,46.4392,0.0,icmp,1592206800,2020-06-15 07:40:00+00:00
155299500,jinan-telecom,wuhan-telecom,39.4756,0.0,icmp,1592206939,2020-06-15 07:42:19+00:00
155299719,jinan-telecom,wuhan-telecom,46.6834,0.0,icmp,1592207040,2020-06-15 07:44:00+00:00
155299930,jinan-telecom,wuhan-telecom,39.5107,0.0,icmp,1592207164,2020-06-15 07:46:04+00:00
155300172,jinan-telecom,wuhan-telecom,48.5994,0.0,icmp,1592207280,2020-06-15 07:48:00+00:00
155300388,jinan-telecom,wuhan-telecom,39.4221,0.0,icmp,1592207346,2020-06-15 07:49:06+00:00
155300628,jinan-telecom,wuhan-telecom,39.3354,0.0,icmp,1592207539,2020-06-15 07:52:19+00:00
155300853,jinan-telecom,wuhan-telecom,47.5231,0.0,icmp,1592207640,2020-06-15 07:54:00+00:00
155301092,jinan-telecom,wuhan-telecom,45.2949,0.0,icmp,1592207760,2020-06-15 07:56:00+00:00
155301334,jinan-telecom,wuhan-telecom,46.1074,0.0,icmp,1592207880,2020-06-15 07:58:00+00:00
155301549,jinan-telecom,wuhan-telecom,46.6943,0.0,icmp,1592208000,2020-06-15 08:00:00+00:00
155301780,jinan-telecom,wuhan-telecom,46.4548,0.0,icmp,1592208120,2020-06-15 08:02:00+00:00
155302002,jinan-telecom,wuhan-telecom,39.3412,0.0,icmp,1592208259,2020-06-15 08:04:19+00:00
155302218,jinan-telecom,wuhan-telecom,46.5775,0.0,icmp,1592208360,2020-06-15 08:06:00+00:00
155302471,jinan-telecom,wuhan-telecom,39.4864,0.0,icmp,1592208439,2020-06-15 08:07:19+00:00
155302696,jinan-telecom,wuhan-telecom,47.4371,0.0,icmp,1592208600,2020-06-15 08:10:00+00:00
155302922,jinan-telecom,wuhan-telecom,45.8426,0.0,icmp,1592208720,2020-06-15 08:12:00+00:00
155303151,jinan-telecom,wuhan-telecom,47.1214,0.0,icmp,1592208840,2020-06-15 08:14:00+00:00
155303375,jinan-telecom,wuhan-telecom,48.2805,0.0,icmp,1592208960,2020-06-15 08:16:00+00:00
155303599,jinan-telecom,wuhan-telecom,39.4289,0.0,icmp,1592209099,2020-06-15 08:18:19+00:00
155303829,jinan-telecom,wuhan-telecom,39.345,0.0,icmp,1592209219,2020-06-15 08:20:19+00:00
155304057,jinan-telecom,wuhan-telecom,39.4094,0.0,icmp,1592209339,2020-06-15 08:22:19+00:00
155304310,jinan-telecom,wuhan-telecom,49.0326,0.0,icmp,1592209440,2020-06-15 08:24:00+00:00
155304521,jinan-telecom,wuhan-telecom,39.3649,0.0,icmp,1592209519,2020-06-15 08:25:19+00:00
155304768,jinan-telecom,wuhan-telecom,44.066,0.0,icmp,1592209625,2020-06-15 08:27:05+00:00
155304993,jinan-telecom,wuhan-telecom,46.666,0.0,icmp,1592209800,2020-06-15 08:30:00+00:00
155305201,jinan-telecom,wuhan-telecom,47.9677,0.0,icmp,1592209920,2020-06-15 08:32:00+00:00
155305434,jinan-telecom,wuhan-telecom,47.7675,0.0,icmp,1592210040,2020-06-15 08:34:00+00:00
155305669,jinan-telecom,wuhan-telecom,39.6411,0.0,icmp,1592210179,2020-06-15 08:36:19+00:00
155305913,jinan-telecom,wuhan-telecom,47.3275,0.0,icmp,1592210280,2020-06-15 08:38:00+00:00
155306115,jinan-telecom,wuhan-telecom,45.3968,0.0,icmp,1592210400,2020-06-15 08:40:00+00:00
155306366,jinan-telecom,wuhan-telecom,39.6291,0.0,icmp,1592210479,2020-06-15 08:41:19+00:00
155306573,jinan-telecom,wuhan-telecom,39.5259,0.0,icmp,1592210599,2020-06-15 08:43:19+00:00
155306806,jinan-telecom,wuhan-telecom,39.4907,0.0,icmp,1592210719,2020-06-15 08:45:19+00:00
155307025,jinan-telecom,wuhan-telecom,47.484,0.0,icmp,1592210880,2020-06-15 08:48:00+00:00
155307267,jinan-telecom,wuhan-telecom,45.2466,0.0,icmp,1592211000,2020-06-15 08:50:00+00:00
155307494,jinan-telecom,wuhan-telecom,47.1995,0.0,icmp,1592211120,2020-06-15 08:52:00+00:00
155307727,jinan-telecom,wuhan-telecom,39.368,0.0,icmp,1592211259,2020-06-15 08:54:19+00:00
155307952,jinan-telecom,wuhan-telecom,48.1939,0.0,icmp,1592211360,2020-06-15 08:56:00+00:00
155308206,jinan-telecom,wuhan-telecom,39.3648,0.0,icmp,1592211499,2020-06-15 08:58:19+00:00
155308417,jinan-telecom,wuhan-telecom,47.7678,0.0,icmp,1592211600,2020-06-15 09:00:00+00:00
155308654,jinan-telecom,wuhan-telecom,42.2833,0.0,icmp,1592211720,2020-06-15 09:02:00+00:00
155308871,jinan-telecom,wuhan-telecom,46.1683,0.0,icmp,1592211840,2020-06-15 09:04:00+00:00
155309117,jinan-telecom,wuhan-telecom,45.9379,0.0,icmp,1592211960,2020-06-15 09:06:00+00:00
155309329,jinan-telecom,wuhan-telecom,46.938,0.0,icmp,1592212080,2020-06-15 09:08:00+00:00
155309570,jinan-telecom,wuhan-telecom,39.6903,0.0,icmp,1592212219,2020-06-15 09:10:19+00:00
155309785,jinan-telecom,wuhan-telecom,42.7954,0.0,icmp,1592212320,2020-06-15 09:12:00+00:00
155310028,jinan-telecom,wuhan-telecom,41.3635,0.0,icmp,1592212440,2020-06-15 09:14:00+00:00
155310248,jinan-telecom,wuhan-telecom,39.3673,0.0,icmp,1592212579,2020-06-15 09:16:19+00:00
155310479,jinan-telecom,wuhan-telecom,46.7639,0.0,icmp,1592212680,2020-06-15 09:18:00+00:00
155310717,jinan-telecom,wuhan-telecom,42.3258,0.0,icmp,1592212800,2020-06-15 09:20:00+00:00
155310942,jinan-telecom,wuhan-telecom,47.1717,0.0,icmp,1592212920,2020-06-15 09:22:00+00:00
155311167,jinan-telecom,wuhan-telecom,40.9254,0.0,icmp,1592213040,2020-06-15 09:24:00+00:00
155311404,jinan-telecom,wuhan-telecom,47.5394,0.0,icmp,1592213160,2020-06-15 09:26:00+00:00
155311618,jinan-telecom,wuhan-telecom,47.7663,0.0,icmp,1592213280,2020-06-15 09:28:00+00:00
155311853,jinan-telecom,wuhan-telecom,47.7378,0.0,icmp,1592213400,2020-06-15 09:30:00+00:00
155312090,jinan-telecom,wuhan-telecom,47.3705,0.0,icmp,1592213520,2020-06-15 09:32:00+00:00
155312302,jinan-telecom,wuhan-telecom,49.7257,0.0,icmp,1592213640,2020-06-15 09:34:00+00:00
155312552,jinan-telecom,wuhan-telecom,45.7726,0.0,icmp,1592213760,2020-06-15 09:36:00+00:00
155312778,jinan-telecom,wuhan-telecom,46.3797,0.0,icmp,1592213880,2020-06-15 09:38:00+00:00
155312997,jinan-telecom,wuhan-telecom,47.6163,0.0,icmp,1592214000,2020-06-15 09:40:00+00:00
155313222,jinan-telecom,wuhan-telecom,39.4014,0.0,icmp,1592214139,2020-06-15 09:42:19+00:00
155313447,jinan-telecom,wuhan-telecom,46.466,0.0,icmp,1592214240,2020-06-15 09:44:00+00:00
155313693,jinan-telecom,wuhan-telecom,39.3391,0.0,icmp,1592214379,2020-06-15 09:46:19+00:00
155313927,jinan-telecom,wuhan-telecom,46.3804,0.0,icmp,1592214480,2020-06-15 09:48:00+00:00
155314154,jinan-telecom,wuhan-telecom,46.1184,0.0,icmp,1592214600,2020-06-15 09:50:00+00:00
155314403,jinan-telecom,wuhan-telecom,42.7493,0.0,icmp,1592214720,2020-06-15 09:52:00+00:00
155314611,jinan-telecom,wuhan-telecom,47.2999,0.0,icmp,1592214840,2020-06-15 09:54:00+00:00
155314819,jinan-telecom,wuhan-telecom,46.6149,0.0,icmp,1592214960,2020-06-15 09:56:00+00:00
155315045,jinan-telecom,wuhan-telecom,48.785,0.0,icmp,1592215080,2020-06-15 09:58:00+00:00
155315284,jinan-telecom,wuhan-telecom,47.7619,0.0,icmp,1592215200,2020-06-15 10:00:00+00:00
155315529,jinan-telecom,wuhan-telecom,47.5361,0.0,icmp,1592215320,2020-06-15 10:02:00+00:00
155315734,jinan-telecom,wuhan-telecom,47.5179,0.0,icmp,1592215440,2020-06-15 10:04:00+00:00
155315969,jinan-telecom,wuhan-telecom,45.5502,0.0,icmp,1592215560,2020-06-15 10:06:00+00:00
155316201,jinan-telecom,wuhan-telecom,48.7328,0.0,icmp,1592215680,2020-06-15 10:08:00+00:00
155316434,jinan-telecom,wuhan-telecom,39.3216,0.0,icmp,1592215759,2020-06-15 10:09:19+00:00
155316657,jinan-telecom,wuhan-telecom,39.533,0.0,icmp,1592215939,2020-06-15 10:12:19+00:00
155316881,jinan-telecom,wuhan-telecom,47.7711,0.0,icmp,1592216040,2020-06-15 10:14:00+00:00
155317118,jinan-telecom,wuhan-telecom,39.3766,0.0,icmp,1592216179,2020-06-15 10:16:19+00:00
155317356,jinan-telecom,wuhan-telecom,47.6308,0.0,icmp,1592216280,2020-06-15 10:18:00+00:00
155317589,jinan-telecom,wuhan-telecom,47.6569,0.0,icmp,1592216400,2020-06-15 10:20:00+00:00
155317801,jinan-telecom,wuhan-telecom,47.1362,0.0,icmp,1592216520,2020-06-15 10:22:00+00:00
155318050,jinan-telecom,wuhan-telecom,45.7127,0.0,icmp,1592216640,2020-06-15 10:24:00+00:00
155318266,jinan-telecom,wuhan-telecom,48.7247,0.0,icmp,1592216760,2020-06-15 10:26:00+00:00
155318500,jinan-telecom,wuhan-telecom,46.3889,0.0,icmp,1592216880,2020-06-15 10:28:00+00:00
155318725,jinan-telecom,wuhan-telecom,49.3525,0.0,icmp,1592217000,2020-06-15 10:30:00+00:00
155318940,jinan-telecom,wuhan-telecom,39.8005,0.0,icmp,1592217120,2020-06-15 10:32:00+00:00
155319177,jinan-telecom,wuhan-telecom,43.8935,0.0,icmp,1592217240,2020-06-15 10:34:00+00:00
155319412,jinan-telecom,wuhan-telecom,39.4345,0.0,icmp,1592217379,2020-06-15 10:36:19+00:00
155319636,jinan-telecom,wuhan-telecom,48.3201,0.0,icmp,1592217480,2020-06-15 10:38:00+00:00
155319884,jinan-telecom,wuhan-telecom,48.3262,0.0,icmp,1592217600,2020-06-15 10:40:00+00:00
155320110,jinan-telecom,wuhan-telecom,48.5836,0.0,icmp,1592217720,2020-06-15 10:42:00+00:00
155320312,jinan-telecom,wuhan-telecom,39.3256,0.0,icmp,1592217859,2020-06-15 10:44:19+00:00
155320540,jinan-telecom,wuhan-telecom,48.6026,0.0,icmp,1592217960,2020-06-15 10:46:00+00:00
155320791,jinan-telecom,wuhan-telecom,39.3798,0.0,icmp,1592218099,2020-06-15 10:48:19+00:00
155321013,jinan-telecom,wuhan-telecom,47.6085,0.0,icmp,1592218200,2020-06-15 10:50:00+00:00
155321251,jinan-telecom,wuhan-telecom,39.6808,0.0,icmp,1592218339,2020-06-15 10:52:19+00:00
155321469,jinan-telecom,wuhan-telecom,46.8612,0.0,icmp,1592218440,2020-06-15 10:54:00+00:00
155321716,jinan-telecom,wuhan-telecom,47.7881,0.0,icmp,1592218560,2020-06-15 10:56:00+00:00
155321932,jinan-telecom,wuhan-telecom,48.8723,0.0,icmp,1592218680,2020-06-15 10:58:00+00:00
155322169,jinan-telecom,wuhan-telecom,47.0743,0.0,icmp,1592218800,2020-06-15 11:00:00+00:00
155322379,jinan-telecom,wuhan-telecom,45.7418,0.0,icmp,1592218920,2020-06-15 11:02:00+00:00
155322613,jinan-telecom,wuhan-telecom,39.3337,0.0,icmp,1592218999,2020-06-15 11:03:19+00:00
155322839,jinan-telecom,wuhan-telecom,46.1853,0.0,icmp,1592219160,2020-06-15 11:06:00+00:00
155323071,jinan-telecom,wuhan-telecom,45.2394,0.0,icmp,1592219280,2020-06-15 11:08:00+00:00
155323318,jinan-telecom,wuhan-telecom,48.0291,0.0,icmp,1592219400,2020-06-15 11:10:00+00:00
155323538,jinan-telecom,wuhan-telecom,46.1125,0.0,icmp,1592219520,2020-06-15 11:12:00+00:00
155323762,jinan-telecom,wuhan-telecom,46.5852,0.0,icmp,1592219640,2020-06-15 11:14:00+00:00
155324003,jinan-telecom,wuhan-telecom,39.4186,0.0,icmp,1592219779,2020-06-15 11:16:19+00:00
155324226,jinan-telecom,wuhan-telecom,45.9857,0.0,icmp,1592219880,2020-06-15 11:18:00+00:00
155324435,jinan-telecom,wuhan-telecom,46.7605,0.0,icmp,1592220000,2020-06-15 11:20:00+00:00
155324671,jinan-telecom,wuhan-telecom,45.5217,0.0,icmp,1592220120,2020-06-15 11:22:00+00:00
155324898,jinan-telecom,wuhan-telecom,44.3824,0.0,icmp,1592220240,2020-06-15 11:24:00+00:00
155325122,jinan-telecom,wuhan-telecom,39.507,0.0,icmp,1592220319,2020-06-15 11:25:19+00:00
155325357,jinan-telecom,wuhan-telecom,48.0078,0.0,icmp,1592220480,2020-06-15 11:28:00+00:00
155325600,jinan-telecom,wuhan-telecom,46.6605,0.0,icmp,1592220600,2020-06-15 11:30:00+00:00
155325809,jinan-telecom,wuhan-telecom,45.5415,0.0,icmp,1592220720,2020-06-15 11:32:00+00:00
155326047,jinan-telecom,wuhan-telecom,46.7519,0.0,icmp,1592220840,2020-06-15 11:34:00+00:00
155326295,jinan-telecom,wuhan-telecom,48.5018,0.0,icmp,1592220960,2020-06-15 11:36:00+00:00
155326507,jinan-telecom,wuhan-telecom,39.3408,0.0,icmp,1592221039,2020-06-15 11:37:19+00:00
155326712,jinan-telecom,wuhan-telecom,39.6936,0.0,icmp,1592221159,2020-06-15 11:39:19+00:00
155326967,jinan-telecom,wuhan-telecom,47.2128,0.0,icmp,1592221320,2020-06-15 11:42:00+00:00
155327186,jinan-telecom,wuhan-telecom,48.0114,0.0,icmp,1592221440,2020-06-15 11:44:00+00:00
155327439,jinan-telecom,wuhan-telecom,45.7398,0.0,icmp,1592221560,2020-06-15 11:46:00+00:00
155327665,jinan-telecom,wuhan-telecom,45.9639,0.0,icmp,1592221680,2020-06-15 11:48:00+00:00
155327878,jinan-telecom,wuhan-telecom,45.884,0.0,icmp,1592221800,2020-06-15 11:50:00+00:00
155328103,jinan-telecom,wuhan-telecom,45.9968,0.0,icmp,1592221920,2020-06-15 11:52:00+00:00
155328342,jinan-telecom,wuhan-telecom,39.4924,0.0,icmp,1592222059,2020-06-15 11:54:19+00:00
155328575,jinan-telecom,wuhan-telecom,39.8656,0.0,icmp,1592222179,2020-06-15 11:56:19+00:00
155328807,jinan-telecom,wuhan-telecom,47.7562,0.0,icmp,1592222280,2020-06-15 11:58:00+00:00
155329018,jinan-telecom,wuhan-telecom,46.5871,0.0,icmp,1592222400,2020-06-15 12:00:00+00:00
155329240,jinan-telecom,wuhan-telecom,41.0549,1.0,icmp,1592222539,2020-06-15 12:02:19+00:00
155329450,jinan-telecom,wuhan-telecom,48.8655,1.0,icmp,1592222640,2020-06-15 12:04:00+00:00
155329727,jinan-telecom,wuhan-telecom,46.5702,0.0,icmp,1592222760,2020-06-15 12:06:00+00:00
155329942,jinan-telecom,wuhan-telecom,46.535,0.0,icmp,1592222880,2020-06-15 12:08:00+00:00
155330152,jinan-telecom,wuhan-telecom,45.539,0.0,icmp,1592223000,2020-06-15 12:10:00+00:00
155330388,jinan-telecom,wuhan-telecom,45.6505,0.0,icmp,1592223120,2020-06-15 12:12:00+00:00
155330632,jinan-telecom,wuhan-telecom,46.6989,0.0,icmp,1592223240,2020-06-15 12:14:00+00:00
155330837,jinan-telecom,wuhan-telecom,43.3738,0.0,icmp,1592223360,2020-06-15 12:16:00+00:00
155331079,jinan-telecom,wuhan-telecom,39.6495,0.0,icmp,1592223439,2020-06-15 12:17:19+00:00
155331288,jinan-telecom,wuhan-telecom,47.7991,0.0,icmp,1592223600,2020-06-15 12:20:00+00:00
155331529,jinan-telecom,wuhan-telecom,46.4687,0.0,icmp,1592223720,2020-06-15 12:22:00+00:00
155331770,jinan-telecom,wuhan-telecom,48.0552,0.0,icmp,1592223840,2020-06-15 12:24:00+00:00
155331996,jinan-telecom,wuhan-telecom,48.1157,0.0,icmp,1592223960,2020-06-15 12:26:00+00:00
155332214,jinan-telecom,wuhan-telecom,48.0757,0.0,icmp,1592224080,2020-06-15 12:28:00+00:00
155332469,jinan-telecom,wuhan-telecom,47.722,0.0,icmp,1592224200,2020-06-15 12:30:00+00:00
155332681,jinan-telecom,wuhan-telecom,47.501,0.0,icmp,1592224320,2020-06-15 12:32:00+00:00
155332908,jinan-telecom,wuhan-telecom,39.6304,0.0,icmp,1592224399,2020-06-15 12:33:19+00:00
155333150,jinan-telecom,wuhan-telecom,47.0502,0.0,icmp,1592224560,2020-06-15 12:36:00+00:00
155333361,jinan-telecom,wuhan-telecom,39.5051,0.0,icmp,1592224699,2020-06-15 12:38:19+00:00
155333576,jinan-telecom,wuhan-telecom,48.4277,0.0,icmp,1592224800,2020-06-15 12:40:00+00:00
155333808,jinan-telecom,wuhan-telecom,49.7269,0.0,icmp,1592224920,2020-06-15 12:42:00+00:00
155334035,jinan-telecom,wuhan-telecom,39.6571,1.0,icmp,1592224999,2020-06-15 12:43:19+00:00
155334271,jinan-telecom,wuhan-telecom,39.6663,0.0,icmp,1592225179,2020-06-15 12:46:19+00:00
155334499,jinan-telecom,wuhan-telecom,46.8256,0.0,icmp,1592225280,2020-06-15 12:48:00+00:00
155334738,jinan-telecom,wuhan-telecom,48.2284,1.0,icmp,1592225400,2020-06-15 12:50:00+00:00
155334974,jinan-telecom,wuhan-telecom,49.5214,0.0,icmp,1592225520,2020-06-15 12:52:00+00:00
155335181,jinan-telecom,wuhan-telecom,47.4225,0.0,icmp,1592225640,2020-06-15 12:54:00+00:00
155335403,jinan-telecom,wuhan-telecom,39.3744,0.0,icmp,1592225719,2020-06-15 12:55:19+00:00
155335631,jinan-telecom,wuhan-telecom,46.0739,0.0,icmp,1592225880,2020-06-15 12:58:00+00:00
155335869,jinan-telecom,wuhan-telecom,46.6502,0.0,icmp,1592226000,2020-06-15 13:00:00+00:00
155336101,jinan-telecom,wuhan-telecom,45.731,0.0,icmp,1592226120,2020-06-15 13:02:00+00:00
155336302,jinan-telecom,wuhan-telecom,48.1,0.0,icmp,1592226240,2020-06-15 13:04:00+00:00
155336533,jinan-telecom,wuhan-telecom,39.5577,0.0,icmp,1592226319,2020-06-15 13:05:19+00:00
155336752,jinan-telecom,wuhan-telecom,45.483,0.0,icmp,1592226480,2020-06-15 13:08:00+00:00
155336987,jinan-telecom,wuhan-telecom,44.1359,0.0,icmp,1592226600,2020-06-15 13:10:00+00:00
155337209,jinan-telecom,wuhan-telecom,46.0754,0.0,icmp,1592226720,2020-06-15 13:12:00+00:00
155337454,jinan-telecom,wuhan-telecom,39.3623,0.0,icmp,1592226799,2020-06-15 13:13:19+00:00
155337665,jinan-telecom,wuhan-telecom,39.469,0.0,icmp,1592226979,2020-06-15 13:16:19+00:00
155337907,jinan-telecom,wuhan-telecom,39.365,0.0,icmp,1592227099,2020-06-15 13:18:19+00:00
155338129,jinan-telecom,wuhan-telecom,46.06,0.0,icmp,1592227200,2020-06-15 13:20:00+00:00
155338345,jinan-telecom,wuhan-telecom,47.0221,0.0,icmp,1592227320,2020-06-15 13:22:00+00:00
155338573,jinan-telecom,wuhan-telecom,46.6602,0.0,icmp,1592227440,2020-06-15 13:24:00+00:00
155338800,jinan-telecom,wuhan-telecom,44.8041,0.0,icmp,1592227560,2020-06-15 13:26:00+00:00
155339032,jinan-telecom,wuhan-telecom,48.7108,0.0,icmp,1592227680,2020-06-15 13:28:00+00:00
155339314,jinan-telecom,wuhan-telecom,46.4663,0.0,icmp,1592227800,2020-06-15 13:30:00+00:00
155339561,jinan-telecom,wuhan-telecom,43.7859,0.0,icmp,1592227920,2020-06-15 13:32:00+00:00
155339796,jinan-telecom,wuhan-telecom,47.3588,0.0,icmp,1592228040,2020-06-15 13:34:00+00:00
155340014,jinan-telecom,wuhan-telecom,46.5352,0.0,icmp,1592228160,2020-06-15 13:36:00+00:00
155340238,jinan-telecom,wuhan-telecom,39.546,0.0,icmp,1592228239,2020-06-15 13:37:19+00:00
155340466,jinan-telecom,wuhan-telecom,46.8998,0.0,icmp,1592228400,2020-06-15 13:40:00+00:00
155340721,jinan-telecom,wuhan-telecom,39.4296,0.0,icmp,1592228479,2020-06-15 13:41:19+00:00
155340940,jinan-telecom,wuhan-telecom,45.4553,0.0,icmp,1592228640,2020-06-15 13:44:00+00:00
155341166,jinan-telecom,wuhan-telecom,47.1898,0.0,icmp,1592228760,2020-06-15 13:46:00+00:00
155341387,jinan-telecom,wuhan-telecom,47.2931,0.0,icmp,1592228880,2020-06-15 13:48:00+00:00
155341623,jinan-telecom,wuhan-telecom,39.3654,0.0,icmp,1592229019,2020-06-15 13:50:19+00:00
155341836,jinan-telecom,wuhan-telecom,39.399,0.0,icmp,1592229139,2020-06-15 13:52:19+00:00
155342086,jinan-telecom,wuhan-telecom,47.933,0.0,icmp,1592229240,2020-06-15 13:54:00+00:00
155342307,jinan-telecom,wuhan-telecom,45.7477,0.0,icmp,1592229360,2020-06-15 13:56:00+00:00
155342528,jinan-telecom,wuhan-telecom,39.5145,0.0,icmp,1592229499,2020-06-15 13:58:19+00:00
155342760,jinan-telecom,wuhan-telecom,47.8754,0.0,icmp,1592229600,2020-06-15 14:00:00+00:00
155342986,jinan-telecom,wuhan-telecom,47.0537,0.0,icmp,1592229720,2020-06-15 14:02:00+00:00
155343224,jinan-telecom,wuhan-telecom,39.5163,0.0,icmp,1592229859,2020-06-15 14:04:19+00:00
155343454,jinan-telecom,wuhan-telecom,45.7765,0.0,icmp,1592229960,2020-06-15 14:06:00+00:00
155343670,jinan-telecom,wuhan-telecom,45.8641,0.0,icmp,1592230080,2020-06-15 14:08:00+00:00
155343905,jinan-telecom,wuhan-telecom,48.8228,0.0,icmp,1592230200,2020-06-15 14:10:00+00:00
155344152,jinan-telecom,wuhan-telecom,46.4077,0.0,icmp,1592230320,2020-06-15 14:12:00+00:00
155344356,jinan-telecom,wuhan-telecom,39.3897,0.0,icmp,1592230459,2020-06-15 14:14:19+00:00
155344584,jinan-telecom,wuhan-telecom,45.5902,0.0,icmp,1592230560,2020-06-15 14:16:00+00:00
155344815,jinan-telecom,wuhan-telecom,46.1507,0.0,icmp,1592230680,2020-06-15 14:18:00+00:00
155345053,jinan-telecom,wuhan-telecom,47.2157,0.0,icmp,1592230800,2020-06-15 14:20:00+00:00
155345271,jinan-telecom,wuhan-telecom,39.4043,0.0,icmp,1592230939,2020-06-15 14:22:19+00:00
155345513,jinan-telecom,wuhan-telecom,39.7758,0.0,icmp,1592231059,2020-06-15 14:24:19+00:00
155345751,jinan-telecom,wuhan-telecom,45.4706,0.0,icmp,1592231160,2020-06-15 14:26:00+00:00
155345951,jinan-telecom,wuhan-telecom,47.0922,0.0,icmp,1592231280,2020-06-15 14:28:00+00:00
155346205,jinan-telecom,wuhan-telecom,39.8517,0.0,icmp,1592231419,2020-06-15 14:30:19+00:00
155346428,jinan-telecom,wuhan-telecom,46.8477,4.0,icmp,1592231520,2020-06-15 14:32:00+00:00
155346665,jinan-telecom,wuhan-telecom,47.4704,0.0,icmp,1592231640,2020-06-15 14:34:00+00:00
155346901,jinan-telecom,wuhan-telecom,46.2976,0.0,icmp,1592231760,2020-06-15 14:36:00+00:00
155347107,jinan-telecom,wuhan-telecom,39.348,0.0,icmp,1592231839,2020-06-15 14:37:19+00:00
155347331,jinan-telecom,wuhan-telecom,42.3558,0.0,icmp,1592232000,2020-06-15 14:40:00+00:00
155347591,jinan-telecom,wuhan-telecom,46.1503,0.0,icmp,1592232120,2020-06-15 14:42:00+00:00
155347795,jinan-telecom,wuhan-telecom,47.7813,0.0,icmp,1592232240,2020-06-15 14:44:00+00:00
155348029,jinan-telecom,wuhan-telecom,47.8262,0.0,icmp,1592232360,2020-06-15 14:46:00+00:00
155348260,jinan-telecom,wuhan-telecom,46.6782,0.0,icmp,1592232480,2020-06-15 14:48:00+00:00
155348487,jinan-telecom,wuhan-telecom,39.7311,0.0,icmp,1592232619,2020-06-15 14:50:19+00:00
155348721,jinan-telecom,wuhan-telecom,46.5573,0.0,icmp,1592232720,2020-06-15 14:52:00+00:00
155348959,jinan-telecom,wuhan-telecom,49.8703,0.0,icmp,1592232840,2020-06-15 14:54:00+00:00
155349165,jinan-telecom,wuhan-telecom,49.0979,6.0,icmp,1592232960,2020-06-15 14:56:00+00:00
155349418,jinan-telecom,wuhan-telecom,48.9457,0.0,icmp,1592233080,2020-06-15 14:58:00+00:00
155349622,jinan-telecom,wuhan-telecom,39.639,0.0,icmp,1592233144,2020-06-15 14:59:04+00:00
155349863,jinan-telecom,wuhan-telecom,48.5598,0.0,icmp,1592233320,2020-06-15 15:02:00+00:00
155350092,jinan-telecom,wuhan-telecom,47.2865,0.0,icmp,1592233440,2020-06-15 15:04:00+00:00
155350330,jinan-telecom,wuhan-telecom,47.7307,0.0,icmp,1592233560,2020-06-15 15:06:00+00:00
155350559,jinan-telecom,wuhan-telecom,45.9058,0.0,icmp,1592233680,2020-06-15 15:08:00+00:00
155350774,jinan-telecom,wuhan-telecom,46.5759,0.0,icmp,1592233800,2020-06-15 15:10:00+00:00
155351014,jinan-telecom,wuhan-telecom,45.675,0.0,icmp,1592233920,2020-06-15 15:12:00+00:00
155351241,jinan-telecom,wuhan-telecom,48.4583,0.0,icmp,1592234040,2020-06-15 15:14:00+00:00
155351462,jinan-telecom,wuhan-telecom,48.2313,0.0,icmp,1592234160,2020-06-15 15:16:00+00:00
155351699,jinan-telecom,wuhan-telecom,46.7039,0.0,icmp,1592234280,2020-06-15 15:18:00+00:00
155351928,jinan-telecom,wuhan-telecom,47.4159,0.0,icmp,1592234400,2020-06-15 15:20:00+00:00
155352170,jinan-telecom,wuhan-telecom,39.3344,0.0,icmp,1592234539,2020-06-15 15:22:19+00:00
155352394,jinan-telecom,wuhan-telecom,45.1067,0.0,icmp,1592234640,2020-06-15 15:24:00+00:00
155352610,jinan-telecom,wuhan-telecom,39.7618,0.0,icmp,1592234779,2020-06-15 15:26:19+00:00
155352839,jinan-telecom,wuhan-telecom,40.0037,0.0,icmp,1592234885,2020-06-15 15:28:05+00:00
155353071,jinan-telecom,wuhan-telecom,46.5774,0.0,icmp,1592235000,2020-06-15 15:30:00+00:00
155353311,jinan-telecom,wuhan-telecom,47.5823,0.0,icmp,1592235120,2020-06-15 15:32:00+00:00
155353542,jinan-telecom,wuhan-telecom,48.4359,0.0,icmp,1592235240,2020-06-15 15:34:00+00:00
155353755,jinan-telecom,wuhan-telecom,42.6689,0.0,icmp,1592235364,2020-06-15 15:36:04+00:00
155353995,jinan-telecom,wuhan-telecom,46.918,0.0,icmp,1592235480,2020-06-15 15:38:00+00:00
155354215,jinan-telecom,wuhan-telecom,39.3303,0.0,icmp,1592235559,2020-06-15 15:39:19+00:00
155354436,jinan-telecom,wuhan-telecom,46.7985,0.0,icmp,1592235720,2020-06-15 15:42:00+00:00
155354669,jinan-telecom,wuhan-telecom,41.3357,0.0,icmp,1592235840,2020-06-15 15:44:00+00:00
155354911,jinan-telecom,wuhan-telecom,48.2478,0.0,icmp,1592235960,2020-06-15 15:46:00+00:00
155355118,jinan-telecom,wuhan-telecom,41.8303,0.0,icmp,1592236080,2020-06-15 15:48:00+00:00
155355364,jinan-telecom,wuhan-telecom,39.3355,0.0,icmp,1592236159,2020-06-15 15:49:19+00:00
155355596,jinan-telecom,wuhan-telecom,46.2415,0.0,icmp,1592236320,2020-06-15 15:52:00+00:00
155355811,jinan-telecom,wuhan-telecom,48.8405,0.0,icmp,1592236440,2020-06-15 15:54:00+00:00
155356034,jinan-telecom,wuhan-telecom,47.3668,0.0,icmp,1592236560,2020-06-15 15:56:00+00:00
155356271,jinan-telecom,wuhan-telecom,45.4784,0.0,icmp,1592236680,2020-06-15 15:58:00+00:00
155356503,jinan-telecom,wuhan-telecom,48.393,0.0,icmp,1592236800,2020-06-15 16:00:00+00:00
155356731,jinan-telecom,wuhan-telecom,47.2151,0.0,icmp,1592236920,2020-06-15 16:02:00+00:00
155356954,jinan-telecom,wuhan-telecom,39.3706,0.0,icmp,1592236999,2020-06-15 16:03:19+00:00
155357203,jinan-telecom,wuhan-telecom,39.3203,0.0,icmp,1592237179,2020-06-15 16:06:19+00:00
155357409,jinan-telecom,wuhan-telecom,46.8506,0.0,icmp,1592237280,2020-06-15 16:08:00+00:00
155357661,jinan-telecom,wuhan-telecom,47.3765,0.0,icmp,1592237400,2020-06-15 16:10:00+00:00
155357880,jinan-telecom,wuhan-telecom,39.366,0.0,icmp,1592237479,2020-06-15 16:11:19+00:00
155358104,jinan-telecom,wuhan-telecom,39.3654,0.0,icmp,1592237599,2020-06-15 16:13:19+00:00
155358334,jinan-telecom,wuhan-telecom,47.1161,0.0,icmp,1592237760,2020-06-15 16:16:00+00:00
155358578,jinan-telecom,wuhan-telecom,46.6912,0.0,icmp,1592237880,2020-06-15 16:18:00+00:00
155358792,jinan-telecom,wuhan-telecom,39.3502,0.0,icmp,1592237959,2020-06-15 16:19:19+00:00
155359032,jinan-telecom,wuhan-telecom,46.0764,6.0,icmp,1592238120,2020-06-15 16:22:00+00:00
155359252,jinan-telecom,wuhan-telecom,46.8637,0.0,icmp,1592238240,2020-06-15 16:24:00+00:00
155359484,jinan-telecom,wuhan-telecom,50.4175,0.0,icmp,1592238360,2020-06-15 16:26:00+00:00
155359712,jinan-telecom,wuhan-telecom,32.6551,0.0,icmp,1592238480,2020-06-15 16:28:00+00:00
155359944,jinan-telecom,wuhan-telecom,40.0563,0.0,icmp,1592238600,2020-06-15 16:30:00+00:00
155360169,jinan-telecom,wuhan-telecom,40.2238,0.0,icmp,1592238720,2020-06-15 16:32:00+00:00
155360389,jinan-telecom,wuhan-telecom,31.4105,0.0,icmp,1592238799,2020-06-15 16:33:19+00:00
155360612,jinan-telecom,wuhan-telecom,41.0904,0.0,icmp,1592238960,2020-06-15 16:36:00+00:00
155360868,jinan-telecom,wuhan-telecom,40.6489,0.0,icmp,1592239080,2020-06-15 16:38:00+00:00
155361103,jinan-telecom,wuhan-telecom,31.1663,0.0,icmp,1592239219,2020-06-15 16:40:19+00:00
155361308,jinan-telecom,wuhan-telecom,42.2074,0.0,icmp,1592239320,2020-06-15 16:42:00+00:00
161474377,jinan-telecom,wuhan-telecom,46.8971,0.0,icmp,1592424780,2020-06-17 20:13:00+00:00
161474616,jinan-telecom,wuhan-telecom,47.0335,0.0,icmp,1592424900,2020-06-17 20:15:00+00:00
161474832,jinan-telecom,wuhan-telecom,45.1497,0.0,icmp,1592425020,2020-06-17 20:17:00+00:00
161475065,jinan-telecom,wuhan-telecom,48.0144,0.0,icmp,1592425140,2020-06-17 20:19:00+00:00
161475308,jinan-telecom,wuhan-telecom,39.4212,0.0,icmp,1592425219,2020-06-17 20:20:19+00:00
161475535,jinan-telecom,wuhan-telecom,47.9095,0.0,icmp,1592425380,2020-06-17 20:23:00+00:00
161475749,jinan-telecom,wuhan-telecom,39.7322,0.0,icmp,1592425500,2020-06-17 20:25:00+00:00
161475993,jinan-telecom,wuhan-telecom,46.6264,0.0,icmp,1592425620,2020-06-17 20:27:00+00:00
161476225,jinan-telecom,wuhan-telecom,48.2027,0.0,icmp,1592425740,2020-06-17 20:29:00+00:00
161476454,jinan-telecom,wuhan-telecom,47.9643,0.0,icmp,1592425860,2020-06-17 20:31:00+00:00
161476676,jinan-telecom,wuhan-telecom,44.9475,0.0,icmp,1592425980,2020-06-17 20:33:00+00:00
161476916,jinan-telecom,wuhan-telecom,47.3011,0.0,icmp,1592426100,2020-06-17 20:35:00+00:00
161477123,jinan-telecom,wuhan-telecom,47.9467,0.0,icmp,1592426220,2020-06-17 20:37:00+00:00
161477366,jinan-telecom,wuhan-telecom,39.3873,0.0,icmp,1592426299,2020-06-17 20:38:19+00:00
161477590,jinan-telecom,wuhan-telecom,39.4609,0.0,icmp,1592426419,2020-06-17 20:40:19+00:00
161477812,jinan-telecom,wuhan-telecom,47.4956,0.0,icmp,1592426580,2020-06-17 20:43:00+00:00
161478050,jinan-telecom,wuhan-telecom,47.2153,0.0,icmp,1592426700,2020-06-17 20:45:00+00:00
161478275,jinan-telecom,wuhan-telecom,46.6498,0.0,icmp,1592426820,2020-06-17 20:47:00+00:00
161478496,jinan-telecom,wuhan-telecom,49.5224,0.0,icmp,1592426940,2020-06-17 20:49:00+00:00
161478726,jinan-telecom,wuhan-telecom,48.8766,0.0,icmp,1592427060,2020-06-17 20:51:00+00:00
161478967,jinan-telecom,wuhan-telecom,39.4966,0.0,icmp,1592427139,2020-06-17 20:52:19+00:00
161479194,jinan-telecom,wuhan-telecom,39.5388,0.0,icmp,1592427319,2020-06-17 20:55:19+00:00
161479436,jinan-telecom,wuhan-telecom,39.3411,0.0,icmp,1592427439,2020-06-17 20:57:19+00:00
161479645,jinan-telecom,wuhan-telecom,46.4834,0.0,icmp,1592427540,2020-06-17 20:59:00+00:00
161479870,jinan-telecom,wuhan-telecom,47.4157,0.0,icmp,1592427660,2020-06-17 21:01:00+00:00
161480116,jinan-telecom,wuhan-telecom,39.8502,0.0,icmp,1592427780,2020-06-17 21:03:00+00:00
161480343,jinan-telecom,wuhan-telecom,48.3598,0.0,icmp,1592427900,2020-06-17 21:05:00+00:00
161480571,jinan-telecom,wuhan-telecom,47.2512,0.0,icmp,1592428020,2020-06-17 21:07:00+00:00
161480809,jinan-telecom,wuhan-telecom,45.8252,0.0,icmp,1592428140,2020-06-17 21:09:00+00:00
161481028,jinan-telecom,wuhan-telecom,47.4421,0.0,icmp,1592428260,2020-06-17 21:11:00+00:00
161481250,jinan-telecom,wuhan-telecom,48.5908,0.0,icmp,1592428380,2020-06-17 21:13:00+00:00
161481471,jinan-telecom,wuhan-telecom,39.4024,0.0,icmp,1592428459,2020-06-17 21:14:19+00:00
161481709,jinan-telecom,wuhan-telecom,45.8864,0.0,icmp,1592428620,2020-06-17 21:17:00+00:00
161481940,jinan-telecom,wuhan-telecom,45.8641,0.0,icmp,1592428740,2020-06-17 21:19:00+00:00
161482181,jinan-telecom,wuhan-telecom,39.3578,0.0,icmp,1592428819,2020-06-17 21:20:19+00:00
161482408,jinan-telecom,wuhan-telecom,48.7428,0.0,icmp,1592428980,2020-06-17 21:23:00+00:00
161482618,jinan-telecom,wuhan-telecom,39.3428,0.0,icmp,1592429119,2020-06-17 21:25:19+00:00
161482843,jinan-telecom,wuhan-telecom,46.9942,0.0,icmp,1592429220,2020-06-17 21:27:00+00:00
161483098,jinan-telecom,wuhan-telecom,39.3263,0.0,icmp,1592429299,2020-06-17 21:28:19+00:00
161483302,jinan-telecom,wuhan-telecom,47.5567,0.0,icmp,1592429460,2020-06-17 21:31:00+00:00
161483544,jinan-telecom,wuhan-telecom,45.446,0.0,icmp,1592429580,2020-06-17 21:33:00+00:00
161483760,jinan-telecom,wuhan-telecom,39.4326,0.0,icmp,1592429659,2020-06-17 21:34:19+00:00
161483998,jinan-telecom,wuhan-telecom,39.351,0.0,icmp,1592429779,2020-06-17 21:36:19+00:00
161484225,jinan-telecom,wuhan-telecom,49.0334,0.0,icmp,1592429940,2020-06-17 21:39:00+00:00
161484465,jinan-telecom,wuhan-telecom,48.7909,0.0,icmp,1592430060,2020-06-17 21:41:00+00:00
161484684,jinan-telecom,wuhan-telecom,39.5849,0.0,icmp,1592430139,2020-06-17 21:42:19+00:00
161484922,jinan-telecom,wuhan-telecom,50.0432,0.0,icmp,1592430300,2020-06-17 21:45:00+00:00
161485152,jinan-telecom,wuhan-telecom,39.6515,0.0,icmp,1592430379,2020-06-17 21:46:19+00:00
161485387,jinan-telecom,wuhan-telecom,39.4869,0.0,icmp,1592430544,2020-06-17 21:49:04+00:00
161485600,jinan-telecom,wuhan-telecom,41.0008,0.0,icmp,1592430660,2020-06-17 21:51:00+00:00
161485828,jinan-telecom,wuhan-telecom,39.3847,0.0,icmp,1592430739,2020-06-17 21:52:19+00:00
161486069,jinan-telecom,wuhan-telecom,49.5468,0.0,icmp,1592430900,2020-06-17 21:55:00+00:00
161486275,jinan-telecom,wuhan-telecom,39.413,0.0,icmp,1592430979,2020-06-17 21:56:19+00:00
161486509,jinan-telecom,wuhan-telecom,39.3951,0.0,icmp,1592431099,2020-06-17 21:58:19+00:00
161486739,jinan-telecom,wuhan-telecom,39.5182,0.0,icmp,1592431219,2020-06-17 22:00:19+00:00
161486972,jinan-telecom,wuhan-telecom,47.1876,0.0,icmp,1592431380,2020-06-17 22:03:00+00:00
161487186,jinan-telecom,wuhan-telecom,39.5598,0.0,icmp,1592431459,2020-06-17 22:04:19+00:00
161487418,jinan-telecom,wuhan-telecom,39.4759,0.0,icmp,1592431639,2020-06-17 22:07:19+00:00
161487660,jinan-telecom,wuhan-telecom,39.7034,0.0,icmp,1592431759,2020-06-17 22:09:19+00:00
161487884,jinan-telecom,wuhan-telecom,39.4002,0.0,icmp,1592431879,2020-06-17 22:11:19+00:00
161488137,jinan-telecom,wuhan-telecom,47.1423,0.0,icmp,1592431980,2020-06-17 22:13:00+00:00
161488349,jinan-telecom,wuhan-telecom,39.5389,0.0,icmp,1592432059,2020-06-17 22:14:19+00:00
161488568,jinan-telecom,wuhan-telecom,46.3494,0.0,icmp,1592432220,2020-06-17 22:17:00+00:00
161488792,jinan-telecom,wuhan-telecom,47.2237,0.0,icmp,1592432340,2020-06-17 22:19:00+00:00
161489035,jinan-telecom,wuhan-telecom,47.0629,0.0,icmp,1592432460,2020-06-17 22:21:00+00:00
161489255,jinan-telecom,wuhan-telecom,46.1554,0.0,icmp,1592432580,2020-06-17 22:23:00+00:00
161489495,jinan-telecom,wuhan-telecom,49.4261,0.0,icmp,1592432700,2020-06-17 22:25:00+00:00
161489714,jinan-telecom,wuhan-telecom,47.2094,0.0,icmp,1592432820,2020-06-17 22:27:00+00:00
161489961,jinan-telecom,wuhan-telecom,46.2892,0.0,icmp,1592432940,2020-06-17 22:29:00+00:00
161490178,jinan-telecom,wuhan-telecom,39.546,0.0,icmp,1592433019,2020-06-17 22:30:19+00:00
161490407,jinan-telecom,wuhan-telecom,39.5875,0.0,icmp,1592433199,2020-06-17 22:33:19+00:00
161490653,jinan-telecom,wuhan-telecom,41.2688,0.0,icmp,1592433300,2020-06-17 22:35:00+00:00
161490875,jinan-telecom,wuhan-telecom,47.3541,0.0,icmp,1592433420,2020-06-17 22:37:00+00:00
161491103,jinan-telecom,wuhan-telecom,44.9051,0.0,icmp,1592433540,2020-06-17 22:39:00+00:00
161491316,jinan-telecom,wuhan-telecom,45.0341,0.0,icmp,1592433660,2020-06-17 22:41:00+00:00
161491550,jinan-telecom,wuhan-telecom,39.8445,0.0,icmp,1592433780,2020-06-17 22:43:00+00:00
161491791,jinan-telecom,wuhan-telecom,41.9791,0.0,icmp,1592433900,2020-06-17 22:45:00+00:00
161492008,jinan-telecom,wuhan-telecom,45.9697,0.0,icmp,1592434020,2020-06-17 22:47:00+00:00
161492234,jinan-telecom,wuhan-telecom,39.3858,0.0,icmp,1592434159,2020-06-17 22:49:19+00:00
161492465,jinan-telecom,wuhan-telecom,47.8336,0.0,icmp,1592434260,2020-06-17 22:51:00+00:00
161492703,jinan-telecom,wuhan-telecom,39.6114,0.0,icmp,1592434339,2020-06-17 22:52:19+00:00
161492940,jinan-telecom,wuhan-telecom,49.0651,0.0,icmp,1592434500,2020-06-17 22:55:00+00:00
161493172,jinan-telecom,wuhan-telecom,45.0088,0.0,icmp,1592434620,2020-06-17 22:57:00+00:00
161493387,jinan-telecom,wuhan-telecom,39.4281,0.0,icmp,1592434699,2020-06-17 22:58:19+00:00
161493630,jinan-telecom,wuhan-telecom,47.1608,0.0,icmp,1592434860,2020-06-17 23:01:00+00:00
161493857,jinan-telecom,wuhan-telecom,47.3484,0.0,icmp,1592434980,2020-06-17 23:03:00+00:00
161494065,jinan-telecom,wuhan-telecom,47.5433,0.0,icmp,1592435100,2020-06-17 23:05:00+00:00
161494298,jinan-telecom,wuhan-telecom,47.8228,0.0,icmp,1592435220,2020-06-17 23:07:00+00:00
161494542,jinan-telecom,wuhan-telecom,39.949,0.0,icmp,1592435340,2020-06-17 23:09:00+00:00
161494756,jinan-telecom,wuhan-telecom,47.0993,0.0,icmp,1592435460,2020-06-17 23:11:00+00:00
161494986,jinan-telecom,wuhan-telecom,47.0135,0.0,icmp,1592435580,2020-06-17 23:13:00+00:00
161495233,jinan-telecom,wuhan-telecom,46.0703,0.0,icmp,1592435700,2020-06-17 23:15:00+00:00
161495452,jinan-telecom,wuhan-telecom,39.4495,0.0,icmp,1592435779,2020-06-17 23:16:19+00:00
161495667,jinan-telecom,wuhan-telecom,48.7738,0.0,icmp,1592435940,2020-06-17 23:19:00+00:00
161495910,jinan-telecom,wuhan-telecom,39.684,0.0,icmp,1592436060,2020-06-17 23:21:00+00:00
161496129,jinan-telecom,wuhan-telecom,47.5932,0.0,icmp,1592436180,2020-06-17 23:23:00+00:00
161496367,jinan-telecom,wuhan-telecom,39.4189,0.0,icmp,1592436259,2020-06-17 23:24:19+00:00
161496602,jinan-telecom,wuhan-telecom,48.1491,0.0,icmp,1592436420,2020-06-17 23:27:00+00:00
161496814,jinan-telecom,wuhan-telecom,46.8085,0.0,icmp,1592436540,2020-06-17 23:29:00+00:00
161497068,jinan-telecom,wuhan-telecom,39.5493,0.0,icmp,1592436619,2020-06-17 23:30:19+00:00
161497276,jinan-telecom,wuhan-telecom,48.4269,0.0,icmp,1592436780,2020-06-17 23:33:00+00:00
161497508,jinan-telecom,wuhan-telecom,41.7787,0.0,icmp,1592436900,2020-06-17 23:35:00+00:00
161497741,jinan-telecom,wuhan-telecom,39.466,0.0,icmp,1592437039,2020-06-17 23:37:19+00:00
161497966,jinan-telecom,wuhan-telecom,46.8223,0.0,icmp,1592437140,2020-06-17 23:39:00+00:00
161498190,jinan-telecom,wuhan-telecom,39.4413,0.0,icmp,1592437219,2020-06-17 23:40:19+00:00
161498431,jinan-telecom,wuhan-telecom,47.6641,0.0,icmp,1592437380,2020-06-17 23:43:00+00:00
161498645,jinan-telecom,wuhan-telecom,48.7518,0.0,icmp,1592437500,2020-06-17 23:45:00+00:00
161498876,jinan-telecom,wuhan-telecom,39.4859,0.0,icmp,1592437579,2020-06-17 23:46:19+00:00
161499130,jinan-telecom,wuhan-telecom,46.4104,0.0,icmp,1592437740,2020-06-17 23:49:00+00:00
161499334,jinan-telecom,wuhan-telecom,46.0273,0.0,icmp,1592437860,2020-06-17 23:51:00+00:00
161499574,jinan-telecom,wuhan-telecom,42.2012,0.0,icmp,1592437980,2020-06-17 23:53:00+00:00
161499793,jinan-telecom,wuhan-telecom,39.5238,0.0,icmp,1592438119,2020-06-17 23:55:19+00:00
161500041,jinan-telecom,wuhan-telecom,47.1951,0.0,icmp,1592438220,2020-06-17 23:57:00+00:00
161500255,jinan-telecom,wuhan-telecom,48.4665,0.0,icmp,1592438340,2020-06-17 23:59:00+00:00
161500492,jinan-telecom,wuhan-telecom,48.1677,0.0,icmp,1592438460,2020-06-18 00:01:00+00:00
161500728,jinan-telecom,wuhan-telecom,46.43,0.0,icmp,1592438580,2020-06-18 00:03:00+00:00
161500963,jinan-telecom,wuhan-telecom,47.3306,0.0,icmp,1592438700,2020-06-18 00:05:00+00:00
161501187,jinan-telecom,wuhan-telecom,44.8525,0.0,icmp,1592438820,2020-06-18 00:07:00+00:00
161501404,jinan-telecom,wuhan-telecom,50.6666,0.0,icmp,1592438940,2020-06-18 00:09:00+00:00
161501645,jinan-telecom,wuhan-telecom,49.7368,0.0,icmp,1592439060,2020-06-18 00:11:00+00:00
161501891,jinan-telecom,wuhan-telecom,47.5562,0.0,icmp,1592439180,2020-06-18 00:13:00+00:00
161502093,jinan-telecom,wuhan-telecom,39.51,0.0,icmp,1592439259,2020-06-18 00:14:19+00:00
161502309,jinan-telecom,wuhan-telecom,46.7837,0.0,icmp,1592439420,2020-06-18 00:17:00+00:00
161502547,jinan-telecom,wuhan-telecom,47.3997,0.0,icmp,1592439540,2020-06-18 00:19:00+00:00
161502769,jinan-telecom,wuhan-telecom,39.368,0.0,icmp,1592439679,2020-06-18 00:21:19+00:00
161503016,jinan-telecom,wuhan-telecom,48.931,0.0,icmp,1592439780,2020-06-18 00:23:00+00:00
161503243,jinan-telecom,wuhan-telecom,39.3896,0.0,icmp,1592439859,2020-06-18 00:24:19+00:00
161503452,jinan-telecom,wuhan-telecom,48.2807,0.0,icmp,1592440020,2020-06-18 00:27:00+00:00
161503703,jinan-telecom,wuhan-telecom,48.583,0.0,icmp,1592440140,2020-06-18 00:29:00+00:00
161503925,jinan-telecom,wuhan-telecom,45.3713,0.0,icmp,1592440260,2020-06-18 00:31:00+00:00
161504151,jinan-telecom,wuhan-telecom,39.726,0.0,icmp,1592440339,2020-06-18 00:32:19+00:00
161504368,jinan-telecom,wuhan-telecom,45.4456,0.0,icmp,1592440500,2020-06-18 00:35:00+00:00
161504594,jinan-telecom,wuhan-telecom,40.396,0.0,icmp,1592440620,2020-06-18 00:37:00+00:00
161504830,jinan-telecom,wuhan-telecom,45.3299,0.0,icmp,1592440740,2020-06-18 00:39:00+00:00
161505070,jinan-telecom,wuhan-telecom,39.467,0.0,icmp,1592440804,2020-06-18 00:40:04+00:00
161505295,jinan-telecom,wuhan-telecom,40.1185,0.0,icmp,1592440980,2020-06-18 00:43:00+00:00
161505527,jinan-telecom,wuhan-telecom,47.9672,0.0,icmp,1592441100,2020-06-18 00:45:00+00:00
161505761,jinan-telecom,wuhan-telecom,46.6352,0.0,icmp,1592441220,2020-06-18 00:47:00+00:00
161505970,jinan-telecom,wuhan-telecom,48.6411,0.0,icmp,1592441340,2020-06-18 00:49:00+00:00
161506222,jinan-telecom,wuhan-telecom,39.3977,0.0,icmp,1592441479,2020-06-18 00:51:19+00:00
161506427,jinan-telecom,wuhan-telecom,39.519,0.0,icmp,1592441585,2020-06-18 00:53:05+00:00
161506673,jinan-telecom,wuhan-telecom,49.4371,0.0,icmp,1592441700,2020-06-18 00:55:00+00:00
161506900,jinan-telecom,wuhan-telecom,49.1945,0.0,icmp,1592441820,2020-06-18 00:57:00+00:00
161507131,jinan-telecom,wuhan-telecom,48.9278,0.0,icmp,1592441940,2020-06-18 00:59:00+00:00
161507348,jinan-telecom,wuhan-telecom,48.4433,0.0,icmp,1592442060,2020-06-18 01:01:00+00:00
161507595,jinan-telecom,wuhan-telecom,39.4489,0.0,icmp,1592442199,2020-06-18 01:03:19+00:00
161507834,jinan-telecom,wuhan-telecom,46.5345,0.0,icmp,1592442300,2020-06-18 01:05:00+00:00
161508033,jinan-telecom,wuhan-telecom,47.7122,0.0,icmp,1592442420,2020-06-18 01:07:00+00:00
161508272,jinan-telecom,wuhan-telecom,46.7156,0.0,icmp,1592442540,2020-06-18 01:09:00+00:00
161508516,jinan-telecom,wuhan-telecom,46.0129,0.0,icmp,1592442660,2020-06-18 01:11:00+00:00
161508731,jinan-telecom,wuhan-telecom,39.6401,0.0,icmp,1592442799,2020-06-18 01:13:19+00:00
161508951,jinan-telecom,wuhan-telecom,39.5597,0.0,icmp,1592442919,2020-06-18 01:15:19+00:00
161509183,jinan-telecom,wuhan-telecom,46.2348,0.0,icmp,1592443020,2020-06-18 01:17:00+00:00
161509429,jinan-telecom,wuhan-telecom,48.8643,0.0,icmp,1592443140,2020-06-18 01:19:00+00:00
161509629,jinan-telecom,wuhan-telecom,47.3735,0.0,icmp,1592443260,2020-06-18 01:21:00+00:00
161509864,jinan-telecom,wuhan-telecom,48.5843,0.0,icmp,1592443380,2020-06-18 01:23:00+00:00
161510098,jinan-telecom,wuhan-telecom,48.2009,0.0,icmp,1592443500,2020-06-18 01:25:00+00:00
161510346,jinan-telecom,wuhan-telecom,42.6457,0.0,icmp,1592443620,2020-06-18 01:27:00+00:00
161510566,jinan-telecom,wuhan-telecom,48.6376,0.0,icmp,1592443740,2020-06-18 01:29:00+00:00
161510785,jinan-telecom,wuhan-telecom,45.0521,0.0,icmp,1592443860,2020-06-18 01:31:00+00:00
161511049,jinan-telecom,wuhan-telecom,46.4244,0.0,icmp,1592443980,2020-06-18 01:33:00+00:00
161511252,jinan-telecom,wuhan-telecom,47.1636,0.0,icmp,1592444100,2020-06-18 01:35:00+00:00
161511473,jinan-telecom,wuhan-telecom,47.7159,0.0,icmp,1592444220,2020-06-18 01:37:00+00:00
161511710,jinan-telecom,wuhan-telecom,39.3954,0.0,icmp,1592444359,2020-06-18 01:39:19+00:00
161511934,jinan-telecom,wuhan-telecom,48.0393,0.0,icmp,1592444460,2020-06-18 01:41:00+00:00
161512160,jinan-telecom,wuhan-telecom,47.0948,0.0,icmp,1592444580,2020-06-18 01:43:00+00:00
161512397,jinan-telecom,wuhan-telecom,39.3621,0.0,icmp,1592444719,2020-06-18 01:45:19+00:00
161512620,jinan-telecom,wuhan-telecom,47.8601,0.0,icmp,1592444820,2020-06-18 01:47:00+00:00
161512861,jinan-telecom,wuhan-telecom,44.0611,0.0,icmp,1592444940,2020-06-18 01:49:00+00:00
161513096,jinan-telecom,wuhan-telecom,48.6564,0.0,icmp,1592445060,2020-06-18 01:51:00+00:00
161513323,jinan-telecom,wuhan-telecom,39.4772,0.0,icmp,1592445199,2020-06-18 01:53:19+00:00
161513535,jinan-telecom,wuhan-telecom,46.8677,0.0,icmp,1592445300,2020-06-18 01:55:00+00:00
161513767,jinan-telecom,wuhan-telecom,39.3924,0.0,icmp,1592445379,2020-06-18 01:56:19+00:00
161514013,jinan-telecom,wuhan-telecom,39.5592,0.0,icmp,1592445559,2020-06-18 01:59:19+00:00
161514214,jinan-telecom,wuhan-telecom,48.882,0.0,icmp,1592445660,2020-06-18 02:01:00+00:00
161514465,jinan-telecom,wuhan-telecom,45.7809,0.0,icmp,1592445780,2020-06-18 02:03:00+00:00
161514673,jinan-telecom,wuhan-telecom,44.276,0.0,icmp,1592445900,2020-06-18 02:05:00+00:00
161514919,jinan-telecom,wuhan-telecom,39.3687,0.0,icmp,1592445979,2020-06-18 02:06:19+00:00
161515124,jinan-telecom,wuhan-telecom,46.0805,0.0,icmp,1592446140,2020-06-18 02:09:00+00:00
161515362,jinan-telecom,wuhan-telecom,45.7157,0.0,icmp,1592446260,2020-06-18 02:11:00+00:00
161515598,jinan-telecom,wuhan-telecom,39.4194,0.0,icmp,1592446339,2020-06-18 02:12:19+00:00
161515836,jinan-telecom,wuhan-telecom,39.9081,0.0,icmp,1592446500,2020-06-18 02:15:00+00:00
161516055,jinan-telecom,wuhan-telecom,46.8155,0.0,icmp,1592446620,2020-06-18 02:17:00+00:00
161516301,jinan-telecom,wuhan-telecom,39.3942,0.0,icmp,1592446699,2020-06-18 02:18:19+00:00
161516523,jinan-telecom,wuhan-telecom,39.606,0.0,icmp,1592446879,2020-06-18 02:21:19+00:00
161516746,jinan-telecom,wuhan-telecom,39.4471,0.0,icmp,1592446999,2020-06-18 02:23:19+00:00
161516974,jinan-telecom,wuhan-telecom,46.9836,0.0,icmp,1592447100,2020-06-18 02:25:00+00:00
161517197,jinan-telecom,wuhan-telecom,39.4679,0.0,icmp,1592447239,2020-06-18 02:27:19+00:00
161517429,jinan-telecom,wuhan-telecom,47.9627,0.0,icmp,1592447340,2020-06-18 02:29:00+00:00
161517662,jinan-telecom,wuhan-telecom,47.597,0.0,icmp,1592447460,2020-06-18 02:31:00+00:00
161517893,jinan-telecom,wuhan-telecom,39.351,0.0,icmp,1592447539,2020-06-18 02:32:19+00:00
161518129,jinan-telecom,wuhan-telecom,47.5661,0.0,icmp,1592447700,2020-06-18 02:35:00+00:00
161518351,jinan-telecom,wuhan-telecom,39.4039,0.0,icmp,1592447779,2020-06-18 02:36:19+00:00
161518577,jinan-telecom,wuhan-telecom,39.3701,0.0,icmp,1592447959,2020-06-18 02:39:19+00:00
161518812,jinan-telecom,wuhan-telecom,47.8702,0.0,icmp,1592448060,2020-06-18 02:41:00+00:00
161519035,jinan-telecom,wuhan-telecom,48.4458,0.0,icmp,1592448180,2020-06-18 02:43:00+00:00
161519262,jinan-telecom,wuhan-telecom,48.3353,0.0,icmp,1592448300,2020-06-18 02:45:00+00:00
161519499,jinan-telecom,wuhan-telecom,47.3833,0.0,icmp,1592448420,2020-06-18 02:47:00+00:00
161519734,jinan-telecom,wuhan-telecom,39.3597,0.0,icmp,1592448499,2020-06-18 02:48:19+00:00
161519970,jinan-telecom,wuhan-telecom,47.1408,0.0,icmp,1592448660,2020-06-18 02:51:00+00:00
161520173,jinan-telecom,wuhan-telecom,41.1406,0.0,icmp,1592448780,2020-06-18 02:53:00+00:00
161520415,jinan-telecom,wuhan-telecom,39.3489,0.0,icmp,1592448859,2020-06-18 02:54:19+00:00
161520646,jinan-telecom,wuhan-telecom,39.5353,0.0,icmp,1592448979,2020-06-18 02:56:19+00:00
161520873,jinan-telecom,wuhan-telecom,46.6871,0.0,icmp,1592449140,2020-06-18 02:59:00+00:00
161521104,jinan-telecom,wuhan-telecom,39.3901,0.0,icmp,1592449219,2020-06-18 03:00:19+00:00
161521335,jinan-telecom,wuhan-telecom,46.8204,0.0,icmp,1592449380,2020-06-18 03:03:00+00:00
161521551,jinan-telecom,wuhan-telecom,49.175,0.0,icmp,1592449500,2020-06-18 03:05:00+00:00
161521764,jinan-telecom,wuhan-telecom,46.9767,0.0,icmp,1592449620,2020-06-18 03:07:00+00:00
161522019,jinan-telecom,wuhan-telecom,46.7596,0.0,icmp,1592449740,2020-06-18 03:09:00+00:00
161522252,jinan-telecom,wuhan-telecom,44.4668,0.0,icmp,1592449860,2020-06-18 03:11:00+00:00
161522463,jinan-telecom,wuhan-telecom,47.5912,0.0,icmp,1592449980,2020-06-18 03:13:00+00:00
161522710,jinan-telecom,wuhan-telecom,48.1942,0.0,icmp,1592450100,2020-06-18 03:15:00+00:00
161522929,jinan-telecom,wuhan-telecom,47.0273,0.0,icmp,1592450220,2020-06-18 03:17:00+00:00
161523163,jinan-telecom,wuhan-telecom,44.9686,0.0,icmp,1592450340,2020-06-18 03:19:00+00:00
161523382,jinan-telecom,wuhan-telecom,39.7605,0.0,icmp,1592450479,2020-06-18 03:21:19+00:00
161523615,jinan-telecom,wuhan-telecom,45.8658,0.0,icmp,1592450580,2020-06-18 03:23:00+00:00
161523843,jinan-telecom,wuhan-telecom,39.6675,0.0,icmp,1592450659,2020-06-18 03:24:19+00:00
161524083,jinan-telecom,wuhan-telecom,46.1038,0.0,icmp,1592450820,2020-06-18 03:27:00+00:00
161524313,jinan-telecom,wuhan-telecom,46.7546,0.0,icmp,1592450940,2020-06-18 03:29:00+00:00
161524519,jinan-telecom,wuhan-telecom,46.6346,0.0,icmp,1592451060,2020-06-18 03:31:00+00:00
161524767,jinan-telecom,wuhan-telecom,48.4711,0.0,icmp,1592451180,2020-06-18 03:33:00+00:00
161524998,jinan-telecom,wuhan-telecom,46.7392,0.0,icmp,1592451300,2020-06-18 03:35:00+00:00
161525234,jinan-telecom,wuhan-telecom,48.7841,0.0,icmp,1592451420,2020-06-18 03:37:00+00:00
161525455,jinan-telecom,wuhan-telecom,47.516,0.0,icmp,1592451540,2020-06-18 03:39:00+00:00
161525678,jinan-telecom,wuhan-telecom,50.4288,0.0,icmp,1592451660,2020-06-18 03:41:00+00:00
161525894,jinan-telecom,wuhan-telecom,46.2717,0.0,icmp,1592451780,2020-06-18 03:43:00+00:00
161526146,jinan-telecom,wuhan-telecom,46.7368,0.0,icmp,1592451900,2020-06-18 03:45:00+00:00
161526367,jinan-telecom,wuhan-telecom,47.8481,0.0,icmp,1592452020,2020-06-18 03:47:00+00:00
161526597,jinan-telecom,wuhan-telecom,45.6007,0.0,icmp,1592452140,2020-06-18 03:49:00+00:00
161526838,jinan-telecom,wuhan-telecom,39.5001,0.0,icmp,1592452219,2020-06-18 03:50:19+00:00
161527072,jinan-telecom,wuhan-telecom,46.911,0.0,icmp,1592452380,2020-06-18 03:53:00+00:00
161527296,jinan-telecom,wuhan-telecom,41.305,0.0,icmp,1592452500,2020-06-18 03:55:00+00:00
161527515,jinan-telecom,wuhan-telecom,47.479,0.0,icmp,1592452620,2020-06-18 03:57:00+00:00
161527752,jinan-telecom,wuhan-telecom,47.5958,0.0,icmp,1592452740,2020-06-18 03:59:00+00:00
161527981,jinan-telecom,wuhan-telecom,47.9861,0.0,icmp,1592452860,2020-06-18 04:01:00+00:00
161528201,jinan-telecom,wuhan-telecom,45.675,0.0,icmp,1592452980,2020-06-18 04:03:00+00:00
161528430,jinan-telecom,wuhan-telecom,39.3555,0.0,icmp,1592453119,2020-06-18 04:05:19+00:00
161528638,jinan-telecom,wuhan-telecom,44.9795,0.0,icmp,1592453220,2020-06-18 04:07:00+00:00
161528870,jinan-telecom,wuhan-telecom,45.8936,0.0,icmp,1592453340,2020-06-18 04:09:00+00:00
161529123,jinan-telecom,wuhan-telecom,39.4405,0.0,icmp,1592453479,2020-06-18 04:11:19+00:00
161529327,jinan-telecom,wuhan-telecom,46.7747,0.0,icmp,1592453580,2020-06-18 04:13:00+00:00
161529570,jinan-telecom,wuhan-telecom,47.499,0.0,icmp,1592453700,2020-06-18 04:15:00+00:00
161529805,jinan-telecom,wuhan-telecom,45.3157,0.0,icmp,1592453820,2020-06-18 04:17:00+00:00
161530023,jinan-telecom,wuhan-telecom,48.2535,0.0,icmp,1592453940,2020-06-18 04:19:00+00:00
161530254,jinan-telecom,wuhan-telecom,40.1548,0.0,icmp,1592454060,2020-06-18 04:21:00+00:00
161530483,jinan-telecom,wuhan-telecom,47.4073,0.0,icmp,1592454180,2020-06-18 04:23:00+00:00
161530714,jinan-telecom,wuhan-telecom,49.261,0.0,icmp,1592454300,2020-06-18 04:25:00+00:00
161530938,jinan-telecom,wuhan-telecom,49.6352,0.0,icmp,1592454420,2020-06-18 04:27:00+00:00
161531183,jinan-telecom,wuhan-telecom,45.9038,0.0,icmp,1592454540,2020-06-18 04:29:00+00:00
161531397,jinan-telecom,wuhan-telecom,39.3941,0.0,icmp,1592454619,2020-06-18 04:30:19+00:00
161531635,jinan-telecom,wuhan-telecom,39.5148,0.0,icmp,1592454799,2020-06-18 04:33:19+00:00
161531856,jinan-telecom,wuhan-telecom,48.838,0.0,icmp,1592454900,2020-06-18 04:35:00+00:00
161532088,jinan-telecom,wuhan-telecom,48.1756,0.0,icmp,1592455020,2020-06-18 04:37:00+00:00
161532303,jinan-telecom,wuhan-telecom,47.143,0.0,icmp,1592455140,2020-06-18 04:39:00+00:00
161532538,jinan-telecom,wuhan-telecom,39.3759,0.0,icmp,1592455279,2020-06-18 04:41:19+00:00
161532777,jinan-telecom,wuhan-telecom,47.7817,0.0,icmp,1592455380,2020-06-18 04:43:00+00:00
161533014,jinan-telecom,wuhan-telecom,44.2796,0.0,icmp,1592455500,2020-06-18 04:45:00+00:00
161533233,jinan-telecom,wuhan-telecom,48.5355,0.0,icmp,1592455620,2020-06-18 04:47:00+00:00
161533461,jinan-telecom,wuhan-telecom,47.6789,0.0,icmp,1592455740,2020-06-18 04:49:00+00:00
161533682,jinan-telecom,wuhan-telecom,47.4957,0.0,icmp,1592455860,2020-06-18 04:51:00+00:00
161533931,jinan-telecom,wuhan-telecom,45.7223,0.0,icmp,1592455980,2020-06-18 04:53:00+00:00
161534152,jinan-telecom,wuhan-telecom,46.6099,0.0,icmp,1592456100,2020-06-18 04:55:00+00:00
161534381,jinan-telecom,wuhan-telecom,39.4283,0.0,icmp,1592456239,2020-06-18 04:57:19+00:00
161534596,jinan-telecom,wuhan-telecom,39.5086,0.0,icmp,1592456359,2020-06-18 04:59:19+00:00
161534849,jinan-telecom,wuhan-telecom,47.8422,0.0,icmp,1592456460,2020-06-18 05:01:00+00:00
161535056,jinan-telecom,wuhan-telecom,46.3986,0.0,icmp,1592456580,2020-06-18 05:03:00+00:00
161535284,jinan-telecom,wuhan-telecom,39.6606,0.0,icmp,1592456719,2020-06-18 05:05:19+00:00
161535517,jinan-telecom,wuhan-telecom,42.6449,0.0,icmp,1592456820,2020-06-18 05:07:00+00:00
161535749,jinan-telecom,wuhan-telecom,45.457,0.0,icmp,1592456940,2020-06-18 05:09:00+00:00
161535975,jinan-telecom,wuhan-telecom,39.5606,0.0,icmp,1592457079,2020-06-18 05:11:19+00:00
161536204,jinan-telecom,wuhan-telecom,39.47,0.0,icmp,1592457199,2020-06-18 05:13:19+00:00
161536430,jinan-telecom,wuhan-telecom,47.2306,0.0,icmp,1592457300,2020-06-18 05:15:00+00:00
161536674,jinan-telecom,wuhan-telecom,45.8207,0.0,icmp,1592457420,2020-06-18 05:17:00+00:00
161536896,jinan-telecom,wuhan-telecom,47.5211,0.0,icmp,1592457540,2020-06-18 05:19:00+00:00
161537139,jinan-telecom,wuhan-telecom,47.3153,0.0,icmp,1592457660,2020-06-18 05:21:00+00:00
161537360,jinan-telecom,wuhan-telecom,47.3673,0.0,icmp,1592457780,2020-06-18 05:23:00+00:00
161537593,jinan-telecom,wuhan-telecom,39.5668,0.0,icmp,1592457919,2020-06-18 05:25:19+00:00
161537830,jinan-telecom,wuhan-telecom,39.3663,0.0,icmp,1592458039,2020-06-18 05:27:19+00:00
161538048,jinan-telecom,wuhan-telecom,47.407,0.0,icmp,1592458140,2020-06-18 05:29:00+00:00
161538276,jinan-telecom,wuhan-telecom,39.5216,0.0,icmp,1592458260,2020-06-18 05:31:00+00:00
161538500,jinan-telecom,wuhan-telecom,39.4327,0.0,icmp,1592458399,2020-06-18 05:33:19+00:00
161538727,jinan-telecom,wuhan-telecom,41.8461,0.0,icmp,1592458500,2020-06-18 05:35:00+00:00
161538967,jinan-telecom,wuhan-telecom,47.7352,0.0,icmp,1592458620,2020-06-18 05:37:00+00:00
161539178,jinan-telecom,wuhan-telecom,39.4955,0.0,icmp,1592458699,2020-06-18 05:38:19+00:00
161539409,jinan-telecom,wuhan-telecom,46.9371,0.0,icmp,1592458860,2020-06-18 05:41:00+00:00
161539653,jinan-telecom,wuhan-telecom,48.7366,0.0,icmp,1592458980,2020-06-18 05:43:00+00:00
161539871,jinan-telecom,wuhan-telecom,39.5162,0.0,icmp,1592459119,2020-06-18 05:45:19+00:00
161540095,jinan-telecom,wuhan-telecom,46.3909,0.0,icmp,1592459220,2020-06-18 05:47:00+00:00
161540347,jinan-telecom,wuhan-telecom,46.9926,0.0,icmp,1592459340,2020-06-18 05:49:00+00:00
161540554,jinan-telecom,wuhan-telecom,39.5541,0.0,icmp,1592459479,2020-06-18 05:51:19+00:00
161540797,jinan-telecom,wuhan-telecom,47.8148,0.0,icmp,1592459580,2020-06-18 05:53:00+00:00
161541014,jinan-telecom,wuhan-telecom,39.6094,0.0,icmp,1592459659,2020-06-18 05:54:19+00:00
161541256,jinan-telecom,wuhan-telecom,47.123,0.0,icmp,1592459820,2020-06-18 05:57:00+00:00
161541489,jinan-telecom,wuhan-telecom,45.4524,0.0,icmp,1592459940,2020-06-18 05:59:00+00:00
161541696,jinan-telecom,wuhan-telecom,45.7333,0.0,icmp,1592460060,2020-06-18 06:01:00+00:00
161541937,jinan-telecom,wuhan-telecom,39.6352,0.0,icmp,1592460139,2020-06-18 06:02:19+00:00
161542168,jinan-telecom,wuhan-telecom,45.4255,0.0,icmp,1592460300,2020-06-18 06:05:00+00:00
161542397,jinan-telecom,wuhan-telecom,42.5722,0.0,icmp,1592460420,2020-06-18 06:07:00+00:00
161542614,jinan-telecom,wuhan-telecom,46.8519,0.0,icmp,1592460540,2020-06-18 06:09:00+00:00
161542842,jinan-telecom,wuhan-telecom,39.3743,0.0,icmp,1592460679,2020-06-18 06:11:19+00:00
161543089,jinan-telecom,wuhan-telecom,43.8084,0.0,icmp,1592460780,2020-06-18 06:13:00+00:00
161543298,jinan-telecom,wuhan-telecom,45.1237,0.0,icmp,1592460900,2020-06-18 06:15:00+00:00
161543538,jinan-telecom,wuhan-telecom,39.4166,0.0,icmp,1592460979,2020-06-18 06:16:19+00:00
161543773,jinan-telecom,wuhan-telecom,48.0331,0.0,icmp,1592461140,2020-06-18 06:19:00+00:00
161543990,jinan-telecom,wuhan-telecom,53.2838,0.0,icmp,1592461260,2020-06-18 06:21:00+00:00
161544228,jinan-telecom,wuhan-telecom,41.4422,0.0,icmp,1592461380,2020-06-18 06:23:00+00:00
161544451,jinan-telecom,wuhan-telecom,51.4725,0.0,icmp,1592461500,2020-06-18 06:25:00+00:00
161544675,jinan-telecom,wuhan-telecom,50.8322,0.0,icmp,1592461620,2020-06-18 06:27:00+00:00
161544914,jinan-telecom,wuhan-telecom,48.9211,0.0,icmp,1592461740,2020-06-18 06:29:00+00:00
161545136,jinan-telecom,wuhan-telecom,49.7828,0.0,icmp,1592461860,2020-06-18 06:31:00+00:00
161545366,jinan-telecom,wuhan-telecom,39.4024,0.0,icmp,1592461939,2020-06-18 06:32:19+00:00
161545594,jinan-telecom,wuhan-telecom,48.9521,0.0,icmp,1592462100,2020-06-18 06:35:00+00:00
161545844,jinan-telecom,wuhan-telecom,39.5249,0.0,icmp,1592462239,2020-06-18 06:37:19+00:00
161546070,jinan-telecom,wuhan-telecom,47.0476,0.0,icmp,1592462340,2020-06-18 06:39:00+00:00
161546275,jinan-telecom,wuhan-telecom,39.5416,0.0,icmp,1592462419,2020-06-18 06:40:19+00:00
161546517,jinan-telecom,wuhan-telecom,45.0307,0.0,icmp,1592462580,2020-06-18 06:43:00+00:00
161546756,jinan-telecom,wuhan-telecom,39.3928,0.0,icmp,1592462719,2020-06-18 06:45:19+00:00
161546964,jinan-telecom,wuhan-telecom,39.3687,0.0,icmp,1592462839,2020-06-18 06:47:19+00:00
161547173,jinan-telecom,wuhan-telecom,44.8987,0.0,icmp,1592462940,2020-06-18 06:49:00+00:00
161547431,jinan-telecom,wuhan-telecom,48.0874,0.0,icmp,1592463060,2020-06-18 06:51:00+00:00
161547656,jinan-telecom,wuhan-telecom,45.6176,0.0,icmp,1592463180,2020-06-18 06:53:00+00:00
161547892,jinan-telecom,wuhan-telecom,39.4925,0.0,icmp,1592463319,2020-06-18 06:55:19+00:00
161548113,jinan-telecom,wuhan-telecom,45.0919,0.0,icmp,1592463420,2020-06-18 06:57:00+00:00
161548342,jinan-telecom,wuhan-telecom,47.5958,0.0,icmp,1592463540,2020-06-18 06:59:00+00:00
161548570,jinan-telecom,wuhan-telecom,48.5058,0.0,icmp,1592463660,2020-06-18 07:01:00+00:00
161548806,jinan-telecom,wuhan-telecom,39.5928,0.0,icmp,1592463799,2020-06-18 07:03:19+00:00
161549038,jinan-telecom,wuhan-telecom,48.3089,0.0,icmp,1592463900,2020-06-18 07:05:00+00:00
161549261,jinan-telecom,wuhan-telecom,48.3624,0.0,icmp,1592464020,2020-06-18 07:07:00+00:00
161549481,jinan-telecom,wuhan-telecom,46.3668,0.0,icmp,1592464140,2020-06-18 07:09:00+00:00
161549694,jinan-telecom,wuhan-telecom,47.536,0.0,icmp,1592464260,2020-06-18 07:11:00+00:00
161549957,jinan-telecom,wuhan-telecom,45.4007,0.0,icmp,1592464380,2020-06-18 07:13:00+00:00
161550186,jinan-telecom,wuhan-telecom,39.6015,0.0,icmp,1592464459,2020-06-18 07:14:19+00:00
161550422,jinan-telecom,wuhan-telecom,47.8669,0.0,icmp,1592464620,2020-06-18 07:17:00+00:00
161550634,jinan-telecom,wuhan-telecom,46.4838,0.0,icmp,1592464740,2020-06-18 07:19:00+00:00
161550869,jinan-telecom,wuhan-telecom,44.7709,0.0,icmp,1592464860,2020-06-18 07:21:00+00:00
161551085,jinan-telecom,wuhan-telecom,49.7292,0.0,icmp,1592464980,2020-06-18 07:23:00+00:00
161551326,jinan-telecom,wuhan-telecom,48.1916,0.0,icmp,1592465100,2020-06-18 07:25:00+00:00
161551567,jinan-telecom,wuhan-telecom,48.008,0.0,icmp,1592465220,2020-06-18 07:27:00+00:00
161551798,jinan-telecom,wuhan-telecom,47.3359,0.0,icmp,1592465340,2020-06-18 07:29:00+00:00
161552005,jinan-telecom,wuhan-telecom,39.6714,0.0,icmp,1592465479,2020-06-18 07:31:19+00:00
161552243,jinan-telecom,wuhan-telecom,49.8769,0.0,icmp,1592465580,2020-06-18 07:33:00+00:00
161552466,jinan-telecom,wuhan-telecom,47.1723,0.0,icmp,1592465700,2020-06-18 07:35:00+00:00
161552690,jinan-telecom,wuhan-telecom,49.2643,0.0,icmp,1592465820,2020-06-18 07:37:00+00:00
161552931,jinan-telecom,wuhan-telecom,47.8194,0.0,icmp,1592465940,2020-06-18 07:39:00+00:00
161553172,jinan-telecom,wuhan-telecom,46.447,0.0,icmp,1592466060,2020-06-18 07:41:00+00:00
161553373,jinan-telecom,wuhan-telecom,40.286,0.0,icmp,1592466180,2020-06-18 07:43:00+00:00
161553622,jinan-telecom,wuhan-telecom,47.1089,0.0,icmp,1592466300,2020-06-18 07:45:00+00:00
161553836,jinan-telecom,wuhan-telecom,46.9536,1.0,icmp,1592466420,2020-06-18 07:47:00+00:00
161554084,jinan-telecom,wuhan-telecom,47.9897,0.0,icmp,1592466540,2020-06-18 07:49:00+00:00
161554297,jinan-telecom,wuhan-telecom,44.1575,0.0,icmp,1592466660,2020-06-18 07:51:00+00:00
161554530,jinan-telecom,wuhan-telecom,44.1387,0.0,icmp,1592466780,2020-06-18 07:53:00+00:00
161554765,jinan-telecom,wuhan-telecom,47.2754,0.0,icmp,1592466900,2020-06-18 07:55:00+00:00
161554985,jinan-telecom,wuhan-telecom,39.4153,0.0,icmp,1592467039,2020-06-18 07:57:19+00:00
161555206,jinan-telecom,wuhan-telecom,42.7083,0.0,icmp,1592467140,2020-06-18 07:59:00+00:00
161555454,jinan-telecom,wuhan-telecom,39.3562,0.0,icmp,1592467219,2020-06-18 08:00:19+00:00
161555670,jinan-telecom,wuhan-telecom,48.8447,0.0,icmp,1592467380,2020-06-18 08:03:00+00:00
161555888,jinan-telecom,wuhan-telecom,48.2087,0.0,icmp,1592467500,2020-06-18 08:05:00+00:00
161556139,jinan-telecom,wuhan-telecom,39.3521,0.0,icmp,1592467639,2020-06-18 08:07:19+00:00
161556359,jinan-telecom,wuhan-telecom,42.7621,0.0,icmp,1592467740,2020-06-18 08:09:00+00:00
161556590,jinan-telecom,wuhan-telecom,39.3788,0.0,icmp,1592467819,2020-06-18 08:10:19+00:00
161556834,jinan-telecom,wuhan-telecom,47.8416,0.0,icmp,1592467980,2020-06-18 08:13:00+00:00
161557054,jinan-telecom,wuhan-telecom,50.6773,0.0,icmp,1592468100,2020-06-18 08:15:00+00:00
161557287,jinan-telecom,wuhan-telecom,47.8102,0.0,icmp,1592468220,2020-06-18 08:17:00+00:00
161557508,jinan-telecom,wuhan-telecom,48.3788,0.0,icmp,1592468340,2020-06-18 08:19:00+00:00
161557731,jinan-telecom,wuhan-telecom,46.8678,0.0,icmp,1592468460,2020-06-18 08:21:00+00:00
161557960,jinan-telecom,wuhan-telecom,48.6865,0.0,icmp,1592468580,2020-06-18 08:23:00+00:00
161558201,jinan-telecom,wuhan-telecom,46.0586,0.0,icmp,1592468700,2020-06-18 08:25:00+00:00
161558411,jinan-telecom,wuhan-telecom,45.6033,0.0,icmp,1592468820,2020-06-18 08:27:00+00:00
161558645,jinan-telecom,wuhan-telecom,46.1349,0.0,icmp,1592468940,2020-06-18 08:29:00+00:00
161558867,jinan-telecom,wuhan-telecom,47.9431,0.0,icmp,1592469060,2020-06-18 08:31:00+00:00
161559099,jinan-telecom,wuhan-telecom,46.713,0.0,icmp,1592469180,2020-06-18 08:33:00+00:00
161559330,jinan-telecom,wuhan-telecom,39.4647,0.0,icmp,1592469259,2020-06-18 08:34:19+00:00
161559560,jinan-telecom,wuhan-telecom,45.4083,0.0,icmp,1592469420,2020-06-18 08:37:00+00:00
161559813,jinan-telecom,wuhan-telecom,48.0086,0.0,icmp,1592469540,2020-06-18 08:39:00+00:00
161560022,jinan-telecom,wuhan-telecom,45.6274,0.0,icmp,1592469660,2020-06-18 08:41:00+00:00
161560248,jinan-telecom,wuhan-telecom,46.9742,0.0,icmp,1592469780,2020-06-18 08:43:00+00:00
161560486,jinan-telecom,wuhan-telecom,40.6513,0.0,icmp,1592469900,2020-06-18 08:45:00+00:00
161560707,jinan-telecom,wuhan-telecom,47.1893,0.0,icmp,1592470020,2020-06-18 08:47:00+00:00
161560950,jinan-telecom,wuhan-telecom,46.9614,0.0,icmp,1592470140,2020-06-18 08:49:00+00:00
161561167,jinan-telecom,wuhan-telecom,46.9768,0.0,icmp,1592470260,2020-06-18 08:51:00+00:00
161561400,jinan-telecom,wuhan-telecom,39.5901,0.0,icmp,1592470339,2020-06-18 08:52:19+00:00
161561640,jinan-telecom,wuhan-telecom,39.6529,0.0,icmp,1592470519,2020-06-18 08:55:19+00:00
161561869,jinan-telecom,wuhan-telecom,42.4175,0.0,icmp,1592470620,2020-06-18 08:57:00+00:00
161562086,jinan-telecom,wuhan-telecom,46.6692,0.0,icmp,1592470740,2020-06-18 08:59:00+00:00
161562314,jinan-telecom,wuhan-telecom,39.3601,0.0,icmp,1592470819,2020-06-18 09:00:19+00:00
161562564,jinan-telecom,wuhan-telecom,47.9924,0.0,icmp,1592470980,2020-06-18 09:03:00+00:00
161562771,jinan-telecom,wuhan-telecom,39.3385,0.0,icmp,1592471119,2020-06-18 09:05:19+00:00
161563016,jinan-telecom,wuhan-telecom,44.0576,0.0,icmp,1592471220,2020-06-18 09:07:00+00:00
161563239,jinan-telecom,wuhan-telecom,45.873,0.0,icmp,1592471340,2020-06-18 09:09:00+00:00
161563449,jinan-telecom,wuhan-telecom,46.421,0.0,icmp,1592471460,2020-06-18 09:11:00+00:00
161563698,jinan-telecom,wuhan-telecom,39.3991,0.0,icmp,1592471599,2020-06-18 09:13:19+00:00
161563918,jinan-telecom,wuhan-telecom,45.2602,0.0,icmp,1592471700,2020-06-18 09:15:00+00:00
161564143,jinan-telecom,wuhan-telecom,39.4597,0.0,icmp,1592471839,2020-06-18 09:17:19+00:00
161564373,jinan-telecom,wuhan-telecom,46.8497,0.0,icmp,1592471940,2020-06-18 09:19:00+00:00
161564612,jinan-telecom,wuhan-telecom,47.458,0.0,icmp,1592472060,2020-06-18 09:21:00+00:00
161564830,jinan-telecom,wuhan-telecom,48.6969,0.0,icmp,1592472180,2020-06-18 09:23:00+00:00
161565057,jinan-telecom,wuhan-telecom,47.2206,0.0,icmp,1592472300,2020-06-18 09:25:00+00:00
161565304,jinan-telecom,wuhan-telecom,47.6986,0.0,icmp,1592472420,2020-06-18 09:27:00+00:00
161565531,jinan-telecom,wuhan-telecom,46.2398,0.0,icmp,1592472540,2020-06-18 09:29:00+00:00
161565750,jinan-telecom,wuhan-telecom,39.4995,0.0,icmp,1592472679,2020-06-18 09:31:19+00:00
161565974,jinan-telecom,wuhan-telecom,46.7501,0.0,icmp,1592472780,2020-06-18 09:33:00+00:00
161566201,jinan-telecom,wuhan-telecom,39.4183,0.0,icmp,1592472859,2020-06-18 09:34:19+00:00
161566424,jinan-telecom,wuhan-telecom,46.4439,0.0,icmp,1592473020,2020-06-18 09:37:00+00:00
161566658,jinan-telecom,wuhan-telecom,47.3263,0.0,icmp,1592473140,2020-06-18 09:39:00+00:00
161566885,jinan-telecom,wuhan-telecom,39.7533,0.0,icmp,1592473219,2020-06-18 09:40:19+00:00
161567122,jinan-telecom,wuhan-telecom,39.5098,0.0,icmp,1592473399,2020-06-18 09:43:19+00:00
161567365,jinan-telecom,wuhan-telecom,47.6746,0.0,icmp,1592473500,2020-06-18 09:45:00+00:00
161567587,jinan-telecom,wuhan-telecom,48.1155,0.0,icmp,1592473620,2020-06-18 09:47:00+00:00
161567814,jinan-telecom,wuhan-telecom,39.3618,0.0,icmp,1592473699,2020-06-18 09:48:19+00:00
161568045,jinan-telecom,wuhan-telecom,46.8899,0.0,icmp,1592473860,2020-06-18 09:51:00+00:00
161568264,jinan-telecom,wuhan-telecom,50.6081,0.0,icmp,1592473980,2020-06-18 09:53:00+00:00
161568483,jinan-telecom,wuhan-telecom,45.7075,0.0,icmp,1592474100,2020-06-18 09:55:00+00:00
161568727,jinan-telecom,wuhan-telecom,39.474,0.0,icmp,1592474239,2020-06-18 09:57:19+00:00
161568967,jinan-telecom,wuhan-telecom,39.5778,0.0,icmp,1592474359,2020-06-18 09:59:19+00:00
161569180,jinan-telecom,wuhan-telecom,48.5701,0.0,icmp,1592474460,2020-06-18 10:01:00+00:00
161569407,jinan-telecom,wuhan-telecom,49.3052,0.0,icmp,1592474580,2020-06-18 10:03:00+00:00
161569640,jinan-telecom,wuhan-telecom,47.2362,0.0,icmp,1592474700,2020-06-18 10:05:00+00:00
161569877,jinan-telecom,wuhan-telecom,47.2858,0.0,icmp,1592474820,2020-06-18 10:07:00+00:00
161570091,jinan-telecom,wuhan-telecom,39.7005,0.0,icmp,1592474899,2020-06-18 10:08:19+00:00
161570326,jinan-telecom,wuhan-telecom,43.843,0.0,icmp,1592475060,2020-06-18 10:11:00+00:00
161570568,jinan-telecom,wuhan-telecom,47.0612,0.0,icmp,1592475180,2020-06-18 10:13:00+00:00
161570786,jinan-telecom,wuhan-telecom,47.8902,0.0,icmp,1592475300,2020-06-18 10:15:00+00:00
161570995,jinan-telecom,wuhan-telecom,47.2908,0.0,icmp,1592475420,2020-06-18 10:17:00+00:00
161571229,jinan-telecom,wuhan-telecom,42.5171,0.0,icmp,1592475540,2020-06-18 10:19:00+00:00
161571482,jinan-telecom,wuhan-telecom,48.36,0.0,icmp,1592475660,2020-06-18 10:21:00+00:00
161571713,jinan-telecom,wuhan-telecom,47.5321,0.0,icmp,1592475780,2020-06-18 10:23:00+00:00
161571914,jinan-telecom,wuhan-telecom,39.548,0.0,icmp,1592475859,2020-06-18 10:24:19+00:00
161572154,jinan-telecom,wuhan-telecom,39.3739,0.0,icmp,1592476039,2020-06-18 10:27:19+00:00
161572400,jinan-telecom,wuhan-telecom,47.1134,0.0,icmp,1592476140,2020-06-18 10:29:00+00:00
161572616,jinan-telecom,wuhan-telecom,46.5372,0.0,icmp,1592476260,2020-06-18 10:31:00+00:00
161572842,jinan-telecom,wuhan-telecom,42.3394,0.0,icmp,1592476380,2020-06-18 10:33:00+00:00
161573069,jinan-telecom,wuhan-telecom,50.2882,0.0,icmp,1592476500,2020-06-18 10:35:00+00:00
161573296,jinan-telecom,wuhan-telecom,39.5228,0.0,icmp,1592476639,2020-06-18 10:37:19+00:00
161573539,jinan-telecom,wuhan-telecom,49.7401,0.0,icmp,1592476740,2020-06-18 10:39:00+00:00
161573760,jinan-telecom,wuhan-telecom,47.6265,0.0,icmp,1592476860,2020-06-18 10:41:00+00:00
161574010,jinan-telecom,wuhan-telecom,46.3736,0.0,icmp,1592476980,2020-06-18 10:43:00+00:00
161574211,jinan-telecom,wuhan-telecom,48.8914,0.0,icmp,1592477100,2020-06-18 10:45:00+00:00
161574455,jinan-telecom,wuhan-telecom,39.3592,0.0,icmp,1592477239,2020-06-18 10:47:19+00:00
161574698,jinan-telecom,wuhan-telecom,45.6269,0.0,icmp,1592477340,2020-06-18 10:49:00+00:00
161574897,jinan-telecom,wuhan-telecom,49.8882,0.0,icmp,1592477460,2020-06-18 10:51:00+00:00
161575140,jinan-telecom,wuhan-telecom,47.4098,0.0,icmp,1592477580,2020-06-18 10:53:00+00:00
161575358,jinan-telecom,wuhan-telecom,39.3746,0.0,icmp,1592477659,2020-06-18 10:54:19+00:00
161575597,jinan-telecom,wuhan-telecom,48.376,0.0,icmp,1592477820,2020-06-18 10:57:00+00:00
161575826,jinan-telecom,wuhan-telecom,46.9984,0.0,icmp,1592477940,2020-06-18 10:59:00+00:00
161576067,jinan-telecom,wuhan-telecom,42.4222,0.0,icmp,1592478060,2020-06-18 11:01:00+00:00
161576281,jinan-telecom,wuhan-telecom,39.3302,0.0,icmp,1592478199,2020-06-18 11:03:19+00:00
161576506,jinan-telecom,wuhan-telecom,47.5579,0.0,icmp,1592478300,2020-06-18 11:05:00+00:00
161576739,jinan-telecom,wuhan-telecom,39.4411,0.0,icmp,1592478379,2020-06-18 11:06:19+00:00
161576972,jinan-telecom,wuhan-telecom,46.9171,0.0,icmp,1592478540,2020-06-18 11:09:00+00:00
161577191,jinan-telecom,wuhan-telecom,45.4054,0.0,icmp,1592478660,2020-06-18 11:11:00+00:00
161577433,jinan-telecom,wuhan-telecom,49.1506,0.0,icmp,1592478780,2020-06-18 11:13:00+00:00
161577654,jinan-telecom,wuhan-telecom,47.0436,0.0,icmp,1592478900,2020-06-18 11:15:00+00:00
161577887,jinan-telecom,wuhan-telecom,39.3598,0.0,icmp,1592479039,2020-06-18 11:17:19+00:00
161578121,jinan-telecom,wuhan-telecom,46.8915,0.0,icmp,1592479140,2020-06-18 11:19:00+00:00
161578349,jinan-telecom,wuhan-telecom,39.3622,0.0,icmp,1592479219,2020-06-18 11:20:19+00:00
161578577,jinan-telecom,wuhan-telecom,39.4187,0.0,icmp,1592479399,2020-06-18 11:23:19+00:00
161578801,jinan-telecom,wuhan-telecom,48.1271,0.0,icmp,1592479500,2020-06-18 11:25:00+00:00
161579036,jinan-telecom,wuhan-telecom,48.3137,0.0,icmp,1592479620,2020-06-18 11:27:00+00:00
161579261,jinan-telecom,wuhan-telecom,46.9426,0.0,icmp,1592479740,2020-06-18 11:29:00+00:00
161579475,jinan-telecom,wuhan-telecom,46.7315,0.0,icmp,1592479860,2020-06-18 11:31:00+00:00
161579736,jinan-telecom,wuhan-telecom,49.906,0.0,icmp,1592479980,2020-06-18 11:33:00+00:00
161579945,jinan-telecom,wuhan-telecom,45.7922,0.0,icmp,1592480100,2020-06-18 11:35:00+00:00
161580188,jinan-telecom,wuhan-telecom,47.5091,0.0,icmp,1592480220,2020-06-18 11:37:00+00:00
161580415,jinan-telecom,wuhan-telecom,47.1222,0.0,icmp,1592480340,2020-06-18 11:39:00+00:00
161580628,jinan-telecom,wuhan-telecom,48.3195,0.0,icmp,1592480460,2020-06-18 11:41:00+00:00
161580851,jinan-telecom,wuhan-telecom,39.385,0.0,icmp,1592480539,2020-06-18 11:42:19+00:00
161581089,jinan-telecom,wuhan-telecom,47.5082,0.0,icmp,1592480700,2020-06-18 11:45:00+00:00
161581318,jinan-telecom,wuhan-telecom,39.8147,0.0,icmp,1592480839,2020-06-18 11:47:19+00:00
161581561,jinan-telecom,wuhan-telecom,49.4996,0.0,icmp,1592480940,2020-06-18 11:49:00+00:00
161581781,jinan-telecom,wuhan-telecom,47.862,0.0,icmp,1592481060,2020-06-18 11:51:00+00:00
161582002,jinan-telecom,wuhan-telecom,39.3383,0.0,icmp,1592481139,2020-06-18 11:52:19+00:00
161582231,jinan-telecom,wuhan-telecom,49.1575,0.0,icmp,1592481300,2020-06-18 11:55:00+00:00
161582483,jinan-telecom,wuhan-telecom,46.3827,0.0,icmp,1592481420,2020-06-18 11:57:00+00:00
161582690,jinan-telecom,wuhan-telecom,48.1915,0.0,icmp,1592481540,2020-06-18 11:59:00+00:00
161582949,jinan-telecom,wuhan-telecom,47.1793,0.0,icmp,1592481660,2020-06-18 12:01:00+00:00
161583148,jinan-telecom,wuhan-telecom,48.5357,0.0,icmp,1592481780,2020-06-18 12:03:00+00:00
161583366,jinan-telecom,wuhan-telecom,46.6285,0.0,icmp,1592481900,2020-06-18 12:05:00+00:00
161583617,jinan-telecom,wuhan-telecom,47.3249,0.0,icmp,1592482020,2020-06-18 12:07:00+00:00
161583839,jinan-telecom,wuhan-telecom,39.5061,0.0,icmp,1592482159,2020-06-18 12:09:19+00:00
161584079,jinan-telecom,wuhan-telecom,39.5496,0.0,icmp,1592482264,2020-06-18 12:11:04+00:00
161584302,jinan-telecom,wuhan-telecom,45.5566,0.0,icmp,1592482380,2020-06-18 12:13:00+00:00
161584518,jinan-telecom,wuhan-telecom,45.4926,0.0,icmp,1592482500,2020-06-18 12:15:00+00:00
161584766,jinan-telecom,wuhan-telecom,47.0383,0.0,icmp,1592482620,2020-06-18 12:17:00+00:00
161584994,jinan-telecom,wuhan-telecom,39.5686,0.0,icmp,1592482759,2020-06-18 12:19:19+00:00
161585221,jinan-telecom,wuhan-telecom,48.7855,0.0,icmp,1592482860,2020-06-18 12:21:00+00:00
161585435,jinan-telecom,wuhan-telecom,47.3518,0.0,icmp,1592482980,2020-06-18 12:23:00+00:00
161585661,jinan-telecom,wuhan-telecom,41.9324,0.0,icmp,1592483100,2020-06-18 12:25:00+00:00
161585894,jinan-telecom,wuhan-telecom,48.4814,0.0,icmp,1592483220,2020-06-18 12:27:00+00:00
161586116,jinan-telecom,wuhan-telecom,48.4687,0.0,icmp,1592483340,2020-06-18 12:29:00+00:00
161586348,jinan-telecom,wuhan-telecom,50.7767,0.0,icmp,1592483460,2020-06-18 12:31:00+00:00
161586605,jinan-telecom,wuhan-telecom,45.9721,0.0,icmp,1592483580,2020-06-18 12:33:00+00:00
161586815,jinan-telecom,wuhan-telecom,39.4916,0.0,icmp,1592483719,2020-06-18 12:35:19+00:00
161587062,jinan-telecom,wuhan-telecom,46.2345,0.0,icmp,1592483820,2020-06-18 12:37:00+00:00
161587286,jinan-telecom,wuhan-telecom,39.3492,0.0,icmp,1592483899,2020-06-18 12:38:19+00:00
161587506,jinan-telecom,wuhan-telecom,47.0652,0.0,icmp,1592484060,2020-06-18 12:41:00+00:00
161587741,jinan-telecom,wuhan-telecom,47.7649,0.0,icmp,1592484180,2020-06-18 12:43:00+00:00
161587967,jinan-telecom,wuhan-telecom,46.7552,0.0,icmp,1592484300,2020-06-18 12:45:00+00:00
161588187,jinan-telecom,wuhan-telecom,47.216,0.0,icmp,1592484420,2020-06-18 12:47:00+00:00
161588417,jinan-telecom,wuhan-telecom,47.7431,0.0,icmp,1592484540,2020-06-18 12:49:00+00:00
161588654,jinan-telecom,wuhan-telecom,39.3293,0.0,icmp,1592484619,2020-06-18 12:50:19+00:00
161588880,jinan-telecom,wuhan-telecom,46.659,0.0,icmp,1592484780,2020-06-18 12:53:00+00:00
161589138,jinan-telecom,wuhan-telecom,39.8008,0.0,icmp,1592484900,2020-06-18 12:55:00+00:00
161589344,jinan-telecom,wuhan-telecom,46.4482,0.0,icmp,1592485020,2020-06-18 12:57:00+00:00
161589569,jinan-telecom,wuhan-telecom,39.6394,0.0,icmp,1592485099,2020-06-18 12:58:19+00:00
161589792,jinan-telecom,wuhan-telecom,39.3631,0.0,icmp,1592485219,2020-06-18 13:00:19+00:00
161590012,jinan-telecom,wuhan-telecom,47.9101,0.0,icmp,1592485380,2020-06-18 13:03:00+00:00
161590264,jinan-telecom,wuhan-telecom,48.9136,0.0,icmp,1592485500,2020-06-18 13:05:00+00:00
161590493,jinan-telecom,wuhan-telecom,46.5314,0.0,icmp,1592485620,2020-06-18 13:07:00+00:00
161590720,jinan-telecom,wuhan-telecom,39.3321,0.0,icmp,1592485759,2020-06-18 13:09:19+00:00
161590943,jinan-telecom,wuhan-telecom,49.3158,0.0,icmp,1592485860,2020-06-18 13:11:00+00:00
161591195,jinan-telecom,wuhan-telecom,47.4969,0.0,icmp,1592485980,2020-06-18 13:13:00+00:00
161591406,jinan-telecom,wuhan-telecom,39.3527,0.0,icmp,1592486059,2020-06-18 13:14:19+00:00
161591605,jinan-telecom,wuhan-telecom,49.8802,0.0,icmp,1592486220,2020-06-18 13:17:00+00:00
161591846,jinan-telecom,wuhan-telecom,48.6611,0.0,icmp,1592486340,2020-06-18 13:19:00+00:00
161592089,jinan-telecom,wuhan-telecom,46.1711,0.0,icmp,1592486460,2020-06-18 13:21:00+00:00
162178890,jinan-telecom,wuhan-telecom,31.152,0.0,icmp,1592239399,2020-06-15 16:43:19+00:00
162179113,jinan-telecom,wuhan-telecom,37.6711,0.0,icmp,1592239560,2020-06-15 16:46:00+00:00
162179342,jinan-telecom,wuhan-telecom,31.2379,0.0,icmp,1592239639,2020-06-15 16:47:19+00:00
162179556,jinan-telecom,wuhan-telecom,41.2022,2.0,icmp,1592239800,2020-06-15 16:50:00+00:00
162179805,jinan-telecom,wuhan-telecom,42.308,0.0,icmp,1592239920,2020-06-15 16:52:00+00:00
162180022,jinan-telecom,wuhan-telecom,39.2562,0.0,icmp,1592240040,2020-06-15 16:54:00+00:00
162180248,jinan-telecom,wuhan-telecom,38.8445,0.0,icmp,1592240160,2020-06-15 16:56:00+00:00
162180473,jinan-telecom,wuhan-telecom,40.3704,0.0,icmp,1592240280,2020-06-15 16:58:00+00:00
162180695,jinan-telecom,wuhan-telecom,41.9653,0.0,icmp,1592240400,2020-06-15 17:00:00+00:00
162180952,jinan-telecom,wuhan-telecom,41.9299,0.0,icmp,1592240520,2020-06-15 17:02:00+00:00
162181167,jinan-telecom,wuhan-telecom,41.5481,0.0,icmp,1592240640,2020-06-15 17:04:00+00:00
162181393,jinan-telecom,wuhan-telecom,37.646,0.0,icmp,1592240760,2020-06-15 17:06:00+00:00
162181626,jinan-telecom,wuhan-telecom,38.3884,0.0,icmp,1592240880,2020-06-15 17:08:00+00:00
162181852,jinan-telecom,wuhan-telecom,39.8844,0.0,icmp,1592241000,2020-06-15 17:10:00+00:00
162182073,jinan-telecom,wuhan-telecom,38.6929,0.0,icmp,1592241120,2020-06-15 17:12:00+00:00
162182313,jinan-telecom,wuhan-telecom,38.3002,0.0,icmp,1592241240,2020-06-15 17:14:00+00:00
162182551,jinan-telecom,wuhan-telecom,38.9601,0.0,icmp,1592241360,2020-06-15 17:16:00+00:00
162182773,jinan-telecom,wuhan-telecom,40.2359,0.0,icmp,1592241480,2020-06-15 17:18:00+00:00
162182986,jinan-telecom,wuhan-telecom,37.2308,0.0,icmp,1592241600,2020-06-15 17:20:00+00:00
162183219,jinan-telecom,wuhan-telecom,39.4723,0.0,icmp,1592241720,2020-06-15 17:22:00+00:00
162183469,jinan-telecom,wuhan-telecom,41.6174,0.0,icmp,1592241840,2020-06-15 17:24:00+00:00
162183674,jinan-telecom,wuhan-telecom,37.9096,0.0,icmp,1592241960,2020-06-15 17:26:00+00:00
162183910,jinan-telecom,wuhan-telecom,37.3719,0.0,icmp,1592242080,2020-06-15 17:28:00+00:00
162184132,jinan-telecom,wuhan-telecom,41.8625,0.0,icmp,1592242200,2020-06-15 17:30:00+00:00
162184377,jinan-telecom,wuhan-telecom,38.2766,0.0,icmp,1592242320,2020-06-15 17:32:00+00:00
162184608,jinan-telecom,wuhan-telecom,31.131,0.0,icmp,1592242459,2020-06-15 17:34:19+00:00
162184818,jinan-telecom,wuhan-telecom,34.5069,0.0,icmp,1592242560,2020-06-15 17:36:00+00:00
162185055,jinan-telecom,wuhan-telecom,31.4101,0.0,icmp,1592242699,2020-06-15 17:38:19+00:00
162185294,jinan-telecom,wuhan-telecom,41.5616,0.0,icmp,1592242800,2020-06-15 17:40:00+00:00
162185506,jinan-telecom,wuhan-telecom,32.0277,0.0,icmp,1592242920,2020-06-15 17:42:00+00:00
162185742,jinan-telecom,wuhan-telecom,43.3,0.0,icmp,1592243040,2020-06-15 17:44:00+00:00
162185971,jinan-telecom,wuhan-telecom,31.1819,0.0,icmp,1592243119,2020-06-15 17:45:19+00:00
162186207,jinan-telecom,wuhan-telecom,40.7453,0.0,icmp,1592243280,2020-06-15 17:48:00+00:00
162186446,jinan-telecom,wuhan-telecom,31.1801,0.0,icmp,1592243419,2020-06-15 17:50:19+00:00
162186660,jinan-telecom,wuhan-telecom,40.2378,0.0,icmp,1592243520,2020-06-15 17:52:00+00:00
162186882,jinan-telecom,wuhan-telecom,37.9405,0.0,icmp,1592243640,2020-06-15 17:54:00+00:00
162187118,jinan-telecom,wuhan-telecom,39.3507,0.0,icmp,1592243760,2020-06-15 17:56:00+00:00
162187349,jinan-telecom,wuhan-telecom,42.088,0.0,icmp,1592243880,2020-06-15 17:58:00+00:00
162187589,jinan-telecom,wuhan-telecom,30.9787,0.0,icmp,1592243959,2020-06-15 17:59:19+00:00
162187808,jinan-telecom,wuhan-telecom,37.639,0.0,icmp,1592244120,2020-06-15 18:02:00+00:00
162188021,jinan-telecom,wuhan-telecom,41.5805,0.0,icmp,1592244240,2020-06-15 18:04:00+00:00
162188252,jinan-telecom,wuhan-telecom,43.0412,0.0,icmp,1592244360,2020-06-15 18:06:00+00:00
162188480,jinan-telecom,wuhan-telecom,40.2384,0.0,icmp,1592244480,2020-06-15 18:08:00+00:00
162188714,jinan-telecom,wuhan-telecom,34.4217,0.0,icmp,1592244600,2020-06-15 18:10:00+00:00
162188949,jinan-telecom,wuhan-telecom,34.9941,0.0,icmp,1592244720,2020-06-15 18:12:00+00:00
162189177,jinan-telecom,wuhan-telecom,31.2134,0.0,icmp,1592244799,2020-06-15 18:13:19+00:00
162189397,jinan-telecom,wuhan-telecom,39.279,0.0,icmp,1592244960,2020-06-15 18:16:00+00:00
162189639,jinan-telecom,wuhan-telecom,41.6719,0.0,icmp,1592245080,2020-06-15 18:18:00+00:00
162189856,jinan-telecom,wuhan-telecom,42.3294,0.0,icmp,1592245200,2020-06-15 18:20:00+00:00
162190082,jinan-telecom,wuhan-telecom,39.3481,0.0,icmp,1592245320,2020-06-15 18:22:00+00:00
162190320,jinan-telecom,wuhan-telecom,30.935,0.0,icmp,1592245399,2020-06-15 18:23:19+00:00
162190552,jinan-telecom,wuhan-telecom,40.3875,0.0,icmp,1592245560,2020-06-15 18:26:00+00:00
162190800,jinan-telecom,wuhan-telecom,38.8615,0.0,icmp,1592245680,2020-06-15 18:28:00+00:00
162191009,jinan-telecom,wuhan-telecom,31.099,0.0,icmp,1592245759,2020-06-15 18:29:19+00:00
162191228,jinan-telecom,wuhan-telecom,31.0682,0.0,icmp,1592245939,2020-06-15 18:32:19+00:00
162191463,jinan-telecom,wuhan-telecom,37.2171,0.0,icmp,1592246040,2020-06-15 18:34:00+00:00
162191699,jinan-telecom,wuhan-telecom,31.1353,0.0,icmp,1592246119,2020-06-15 18:35:19+00:00
162191934,jinan-telecom,wuhan-telecom,35.9778,0.0,icmp,1592246280,2020-06-15 18:38:00+00:00
162192174,jinan-telecom,wuhan-telecom,30.8843,0.0,icmp,1592246359,2020-06-15 18:39:19+00:00
162192390,jinan-telecom,wuhan-telecom,33.5834,0.0,icmp,1592246520,2020-06-15 18:42:00+00:00
162192605,jinan-telecom,wuhan-telecom,33.3493,0.0,icmp,1592246640,2020-06-15 18:44:00+00:00
162192839,jinan-telecom,wuhan-telecom,38.6752,0.0,icmp,1592246760,2020-06-15 18:46:00+00:00
162193065,jinan-telecom,wuhan-telecom,40.6811,2.0,icmp,1592246880,2020-06-15 18:48:00+00:00
162193288,jinan-telecom,wuhan-telecom,38.0044,0.0,icmp,1592247000,2020-06-15 18:50:00+00:00
162193534,jinan-telecom,wuhan-telecom,39.5606,0.0,icmp,1592247139,2020-06-15 18:52:19+00:00
162193757,jinan-telecom,wuhan-telecom,42.1248,0.0,icmp,1592247240,2020-06-15 18:54:00+00:00
162194004,jinan-telecom,wuhan-telecom,48.2955,0.0,icmp,1592247360,2020-06-15 18:56:00+00:00
162194230,jinan-telecom,wuhan-telecom,45.2547,0.0,icmp,1592247480,2020-06-15 18:58:00+00:00
162194443,jinan-telecom,wuhan-telecom,46.9077,0.0,icmp,1592247600,2020-06-15 19:00:00+00:00
162194672,jinan-telecom,wuhan-telecom,44.7221,0.0,icmp,1592247720,2020-06-15 19:02:00+00:00
162194907,jinan-telecom,wuhan-telecom,49.288,0.0,icmp,1592247840,2020-06-15 19:04:00+00:00
162195126,jinan-telecom,wuhan-telecom,42.1965,0.0,icmp,1592247960,2020-06-15 19:06:00+00:00
162195377,jinan-telecom,wuhan-telecom,47.7788,0.0,icmp,1592248080,2020-06-15 19:08:00+00:00
162195575,jinan-telecom,wuhan-telecom,43.213,0.0,icmp,1592248200,2020-06-15 19:10:00+00:00
162195814,jinan-telecom,wuhan-telecom,39.7409,0.0,icmp,1592248279,2020-06-15 19:11:19+00:00
162196039,jinan-telecom,wuhan-telecom,44.0694,0.0,icmp,1592248440,2020-06-15 19:14:00+00:00
162196281,jinan-telecom,wuhan-telecom,46.5537,0.0,icmp,1592248560,2020-06-15 19:16:00+00:00
162196521,jinan-telecom,wuhan-telecom,39.3629,0.0,icmp,1592248639,2020-06-15 19:17:19+00:00
162196729,jinan-telecom,wuhan-telecom,47.7933,0.0,icmp,1592248800,2020-06-15 19:20:00+00:00
162196978,jinan-telecom,wuhan-telecom,48.4736,0.0,icmp,1592248920,2020-06-15 19:22:00+00:00
162197207,jinan-telecom,wuhan-telecom,39.3265,0.0,icmp,1592248999,2020-06-15 19:23:19+00:00
162197435,jinan-telecom,wuhan-telecom,39.488,0.0,icmp,1592249179,2020-06-15 19:26:19+00:00
162197653,jinan-telecom,wuhan-telecom,47.9883,0.0,icmp,1592249280,2020-06-15 19:28:00+00:00
162197905,jinan-telecom,wuhan-telecom,47.142,0.0,icmp,1592249400,2020-06-15 19:30:00+00:00
162198124,jinan-telecom,wuhan-telecom,47.7611,0.0,icmp,1592249520,2020-06-15 19:32:00+00:00
162198341,jinan-telecom,wuhan-telecom,46.9289,0.0,icmp,1592249640,2020-06-15 19:34:00+00:00
162198572,jinan-telecom,wuhan-telecom,44.6106,0.0,icmp,1592249760,2020-06-15 19:36:00+00:00
162198812,jinan-telecom,wuhan-telecom,49.0161,0.0,icmp,1592249880,2020-06-15 19:38:00+00:00
162199025,jinan-telecom,wuhan-telecom,48.1469,0.0,icmp,1592250000,2020-06-15 19:40:00+00:00
162199256,jinan-telecom,wuhan-telecom,45.3601,0.0,icmp,1592250120,2020-06-15 19:42:00+00:00
162199479,jinan-telecom,wuhan-telecom,46.8462,0.0,icmp,1592250240,2020-06-15 19:44:00+00:00
162199724,jinan-telecom,wuhan-telecom,39.334,0.0,icmp,1592250379,2020-06-15 19:46:19+00:00
162199939,jinan-telecom,wuhan-telecom,48.2724,0.0,icmp,1592250480,2020-06-15 19:48:00+00:00
162200163,jinan-telecom,wuhan-telecom,39.3383,0.0,icmp,1592250559,2020-06-15 19:49:19+00:00
162200384,jinan-telecom,wuhan-telecom,45.7468,0.0,icmp,1592250720,2020-06-15 19:52:00+00:00
162200629,jinan-telecom,wuhan-telecom,39.3105,0.0,icmp,1592250799,2020-06-15 19:53:19+00:00
162200854,jinan-telecom,wuhan-telecom,45.7453,0.0,icmp,1592250960,2020-06-15 19:56:00+00:00
162201077,jinan-telecom,wuhan-telecom,46.3821,0.0,icmp,1592251080,2020-06-15 19:58:00+00:00
162201318,jinan-telecom,wuhan-telecom,46.3643,3.0,icmp,1592251200,2020-06-15 20:00:00+00:00
162201547,jinan-telecom,wuhan-telecom,49.276,0.0,icmp,1592251320,2020-06-15 20:02:00+00:00
162201776,jinan-telecom,wuhan-telecom,46.9877,0.0,icmp,1592251440,2020-06-15 20:04:00+00:00
162202007,jinan-telecom,wuhan-telecom,45.7221,0.0,icmp,1592251560,2020-06-15 20:06:00+00:00
162202240,jinan-telecom,wuhan-telecom,45.7677,0.0,icmp,1592251680,2020-06-15 20:08:00+00:00
162202453,jinan-telecom,wuhan-telecom,39.4022,0.0,icmp,1592251819,2020-06-15 20:10:19+00:00
162202702,jinan-telecom,wuhan-telecom,42.1639,0.0,icmp,1592251920,2020-06-15 20:12:00+00:00
162202913,jinan-telecom,wuhan-telecom,48.0227,0.0,icmp,1592252040,2020-06-15 20:14:00+00:00
162203175,jinan-telecom,wuhan-telecom,48.3732,0.0,icmp,1592252160,2020-06-15 20:16:00+00:00
162203400,jinan-telecom,wuhan-telecom,46.5806,0.0,icmp,1592252280,2020-06-15 20:18:00+00:00
162203619,jinan-telecom,wuhan-telecom,46.4255,0.0,icmp,1592252400,2020-06-15 20:20:00+00:00
162203837,jinan-telecom,wuhan-telecom,46.3318,0.0,icmp,1592252520,2020-06-15 20:22:00+00:00
162204067,jinan-telecom,wuhan-telecom,47.1064,0.0,icmp,1592252640,2020-06-15 20:24:00+00:00
162204301,jinan-telecom,wuhan-telecom,47.1281,0.0,icmp,1592252760,2020-06-15 20:26:00+00:00
162204516,jinan-telecom,wuhan-telecom,46.7999,0.0,icmp,1592252880,2020-06-15 20:28:00+00:00
162204753,jinan-telecom,wuhan-telecom,39.3448,0.0,icmp,1592253019,2020-06-15 20:30:19+00:00
162204978,jinan-telecom,wuhan-telecom,47.1192,0.0,icmp,1592253120,2020-06-15 20:32:00+00:00
162205216,jinan-telecom,wuhan-telecom,48.5893,0.0,icmp,1592253240,2020-06-15 20:34:00+00:00
162205432,jinan-telecom,wuhan-telecom,42.9607,0.0,icmp,1592253360,2020-06-15 20:36:00+00:00
162205675,jinan-telecom,wuhan-telecom,39.4512,0.0,icmp,1592253439,2020-06-15 20:37:19+00:00
162205902,jinan-telecom,wuhan-telecom,48.2818,0.0,icmp,1592253600,2020-06-15 20:40:00+00:00
162206138,jinan-telecom,wuhan-telecom,39.437,0.0,icmp,1592253739,2020-06-15 20:42:19+00:00
162206352,jinan-telecom,wuhan-telecom,39.9381,0.0,icmp,1592253859,2020-06-15 20:44:19+00:00
162206579,jinan-telecom,wuhan-telecom,47.2084,0.0,icmp,1592253960,2020-06-15 20:46:00+00:00
162206827,jinan-telecom,wuhan-telecom,48.1827,0.0,icmp,1592254080,2020-06-15 20:48:00+00:00
162207032,jinan-telecom,wuhan-telecom,45.5235,0.0,icmp,1592254200,2020-06-15 20:50:00+00:00
162207256,jinan-telecom,wuhan-telecom,46.2227,0.0,icmp,1592254320,2020-06-15 20:52:00+00:00
162207500,jinan-telecom,wuhan-telecom,45.8054,0.0,icmp,1592254440,2020-06-15 20:54:00+00:00
162207731,jinan-telecom,wuhan-telecom,42.7766,0.0,icmp,1592254560,2020-06-15 20:56:00+00:00
162207973,jinan-telecom,wuhan-telecom,39.4599,0.0,icmp,1592254639,2020-06-15 20:57:19+00:00
162208186,jinan-telecom,wuhan-telecom,48.0154,0.0,icmp,1592254800,2020-06-15 21:00:00+00:00
162208403,jinan-telecom,wuhan-telecom,44.1615,0.0,icmp,1592254920,2020-06-15 21:02:00+00:00
162208656,jinan-telecom,wuhan-telecom,46.4063,0.0,icmp,1592255040,2020-06-15 21:04:00+00:00
162208871,jinan-telecom,wuhan-telecom,49.2827,0.0,icmp,1592255160,2020-06-15 21:06:00+00:00
162209089,jinan-telecom,wuhan-telecom,47.2179,0.0,icmp,1592255280,2020-06-15 21:08:00+00:00
162209329,jinan-telecom,wuhan-telecom,45.4205,0.0,icmp,1592255400,2020-06-15 21:10:00+00:00
162209547,jinan-telecom,wuhan-telecom,48.3994,0.0,icmp,1592255520,2020-06-15 21:12:00+00:00
162209786,jinan-telecom,wuhan-telecom,46.4673,0.0,icmp,1592255640,2020-06-15 21:14:00+00:00
162210007,jinan-telecom,wuhan-telecom,46.7854,0.0,icmp,1592255760,2020-06-15 21:16:00+00:00
162210247,jinan-telecom,wuhan-telecom,39.3141,0.0,icmp,1592255899,2020-06-15 21:18:19+00:00
162210494,jinan-telecom,wuhan-telecom,45.8742,0.0,icmp,1592256000,2020-06-15 21:20:00+00:00
162210692,jinan-telecom,wuhan-telecom,50.4619,0.0,icmp,1592256120,2020-06-15 21:22:00+00:00
162210949,jinan-telecom,wuhan-telecom,48.3804,0.0,icmp,1592256240,2020-06-15 21:24:00+00:00
162211178,jinan-telecom,wuhan-telecom,39.5245,0.0,icmp,1592256319,2020-06-15 21:25:19+00:00
162211395,jinan-telecom,wuhan-telecom,39.3898,0.0,icmp,1592256439,2020-06-15 21:27:19+00:00
162211629,jinan-telecom,wuhan-telecom,39.3832,0.0,icmp,1592256559,2020-06-15 21:29:19+00:00
162211856,jinan-telecom,wuhan-telecom,47.6835,0.0,icmp,1592256720,2020-06-15 21:32:00+00:00
162212071,jinan-telecom,wuhan-telecom,46.7651,0.0,icmp,1592256840,2020-06-15 21:34:00+00:00
162212321,jinan-telecom,wuhan-telecom,39.9766,0.0,icmp,1592256960,2020-06-15 21:36:00+00:00
162212544,jinan-telecom,wuhan-telecom,48.9235,0.0,icmp,1592257080,2020-06-15 21:38:00+00:00
162212768,jinan-telecom,wuhan-telecom,48.4175,0.0,icmp,1592257200,2020-06-15 21:40:00+00:00
162213002,jinan-telecom,wuhan-telecom,47.5706,0.0,icmp,1592257320,2020-06-15 21:42:00+00:00
162213226,jinan-telecom,wuhan-telecom,39.5193,0.0,icmp,1592257399,2020-06-15 21:43:19+00:00
162213454,jinan-telecom,wuhan-telecom,49.7432,0.0,icmp,1592257560,2020-06-15 21:46:00+00:00
162213688,jinan-telecom,wuhan-telecom,43.3659,0.0,icmp,1592257680,2020-06-15 21:48:00+00:00
162213918,jinan-telecom,wuhan-telecom,47.2463,0.0,icmp,1592257800,2020-06-15 21:50:00+00:00
162214135,jinan-telecom,wuhan-telecom,39.8989,0.0,icmp,1592257939,2020-06-15 21:52:19+00:00
162214373,jinan-telecom,wuhan-telecom,48.8527,0.0,icmp,1592258040,2020-06-15 21:54:00+00:00
162214600,jinan-telecom,wuhan-telecom,56.0682,0.0,icmp,1592258160,2020-06-15 21:56:00+00:00
162214825,jinan-telecom,wuhan-telecom,53.1845,0.0,icmp,1592258280,2020-06-15 21:58:00+00:00
162215061,jinan-telecom,wuhan-telecom,51.8036,0.0,icmp,1592258400,2020-06-15 22:00:00+00:00
162215287,jinan-telecom,wuhan-telecom,51.5026,0.0,icmp,1592258520,2020-06-15 22:02:00+00:00
162215519,jinan-telecom,wuhan-telecom,39.5863,0.0,icmp,1592258659,2020-06-15 22:04:19+00:00
162215743,jinan-telecom,wuhan-telecom,46.2104,0.0,icmp,1592258760,2020-06-15 22:06:00+00:00
162215967,jinan-telecom,wuhan-telecom,42.3855,0.0,icmp,1592258825,2020-06-15 22:07:05+00:00
162216193,jinan-telecom,wuhan-telecom,39.3811,0.0,icmp,1592259019,2020-06-15 22:10:19+00:00
162216422,jinan-telecom,wuhan-telecom,46.7855,0.0,icmp,1592259120,2020-06-15 22:12:00+00:00
162216654,jinan-telecom,wuhan-telecom,46.778,0.0,icmp,1592259240,2020-06-15 22:14:00+00:00
162216870,jinan-telecom,wuhan-telecom,47.2506,0.0,icmp,1592259360,2020-06-15 22:16:00+00:00
162217112,jinan-telecom,wuhan-telecom,46.0033,0.0,icmp,1592259480,2020-06-15 22:18:00+00:00
162217354,jinan-telecom,wuhan-telecom,48.8156,0.0,icmp,1592259600,2020-06-15 22:20:00+00:00
162217576,jinan-telecom,wuhan-telecom,46.4862,0.0,icmp,1592259720,2020-06-15 22:22:00+00:00
162217809,jinan-telecom,wuhan-telecom,46.0894,0.0,icmp,1592259840,2020-06-15 22:24:00+00:00
162218037,jinan-telecom,wuhan-telecom,41.5289,0.0,icmp,1592259960,2020-06-15 22:26:00+00:00
162218250,jinan-telecom,wuhan-telecom,41.8871,0.0,icmp,1592260080,2020-06-15 22:28:00+00:00
162218477,jinan-telecom,wuhan-telecom,47.9514,0.0,icmp,1592260200,2020-06-15 22:30:00+00:00
162218735,jinan-telecom,wuhan-telecom,39.3573,0.0,icmp,1592260339,2020-06-15 22:32:19+00:00
162218962,jinan-telecom,wuhan-telecom,45.715,0.0,icmp,1592260440,2020-06-15 22:34:00+00:00
162219162,jinan-telecom,wuhan-telecom,48.2453,0.0,icmp,1592260560,2020-06-15 22:36:00+00:00
162219414,jinan-telecom,wuhan-telecom,46.23,0.0,icmp,1592260680,2020-06-15 22:38:00+00:00
162219647,jinan-telecom,wuhan-telecom,46.4651,0.0,icmp,1592260800,2020-06-15 22:40:00+00:00
162219856,jinan-telecom,wuhan-telecom,39.4654,0.0,icmp,1592260879,2020-06-15 22:41:19+00:00
162220099,jinan-telecom,wuhan-telecom,49.4626,0.0,icmp,1592261040,2020-06-15 22:44:00+00:00
162220322,jinan-telecom,wuhan-telecom,44.8096,0.0,icmp,1592261160,2020-06-15 22:46:00+00:00
162220546,jinan-telecom,wuhan-telecom,47.2479,0.0,icmp,1592261280,2020-06-15 22:48:00+00:00
162220796,jinan-telecom,wuhan-telecom,39.3372,0.0,icmp,1592261419,2020-06-15 22:50:19+00:00
162220996,jinan-telecom,wuhan-telecom,39.3398,0.0,icmp,1592261539,2020-06-15 22:52:19+00:00
162221239,jinan-telecom,wuhan-telecom,46.1047,0.0,icmp,1592261640,2020-06-15 22:54:00+00:00
162221454,jinan-telecom,wuhan-telecom,45.8768,0.0,icmp,1592261760,2020-06-15 22:56:00+00:00
162221698,jinan-telecom,wuhan-telecom,47.0432,0.0,icmp,1592261880,2020-06-15 22:58:00+00:00
162221938,jinan-telecom,wuhan-telecom,39.3583,0.0,icmp,1592262019,2020-06-15 23:00:19+00:00
162222160,jinan-telecom,wuhan-telecom,48.892,0.0,icmp,1592262120,2020-06-15 23:02:00+00:00
162222392,jinan-telecom,wuhan-telecom,46.8868,0.0,icmp,1592262240,2020-06-15 23:04:00+00:00
162222602,jinan-telecom,wuhan-telecom,46.1817,0.0,icmp,1592262360,2020-06-15 23:06:00+00:00
162222834,jinan-telecom,wuhan-telecom,45.2493,0.0,icmp,1592262480,2020-06-15 23:08:00+00:00
162223070,jinan-telecom,wuhan-telecom,47.3936,0.0,icmp,1592262600,2020-06-15 23:10:00+00:00
162223305,jinan-telecom,wuhan-telecom,45.3463,0.0,icmp,1592262720,2020-06-15 23:12:00+00:00
162223519,jinan-telecom,wuhan-telecom,48.9931,0.0,icmp,1592262840,2020-06-15 23:14:00+00:00
162223753,jinan-telecom,wuhan-telecom,39.7991,0.0,icmp,1592262960,2020-06-15 23:16:00+00:00
162223974,jinan-telecom,wuhan-telecom,45.4391,0.0,icmp,1592263080,2020-06-15 23:18:00+00:00
162224217,jinan-telecom,wuhan-telecom,46.4622,0.0,icmp,1592263200,2020-06-15 23:20:00+00:00
162224447,jinan-telecom,wuhan-telecom,40.4117,0.0,icmp,1592263320,2020-06-15 23:22:00+00:00
162224673,jinan-telecom,wuhan-telecom,48.0409,0.0,icmp,1592263440,2020-06-15 23:24:00+00:00
162224908,jinan-telecom,wuhan-telecom,39.4895,0.0,icmp,1592263519,2020-06-15 23:25:19+00:00
162225138,jinan-telecom,wuhan-telecom,46.9105,0.0,icmp,1592263680,2020-06-15 23:28:00+00:00
162225345,jinan-telecom,wuhan-telecom,39.4232,0.0,icmp,1592263804,2020-06-15 23:30:04+00:00
162225585,jinan-telecom,wuhan-telecom,47.1066,0.0,icmp,1592263920,2020-06-15 23:32:00+00:00
162225809,jinan-telecom,wuhan-telecom,39.3593,0.0,icmp,1592264059,2020-06-15 23:34:19+00:00
162226040,jinan-telecom,wuhan-telecom,46.2862,0.0,icmp,1592264160,2020-06-15 23:36:00+00:00
162226268,jinan-telecom,wuhan-telecom,48.3204,0.0,icmp,1592264280,2020-06-15 23:38:00+00:00
162226496,jinan-telecom,wuhan-telecom,46.7274,0.0,icmp,1592264400,2020-06-15 23:40:00+00:00
162226730,jinan-telecom,wuhan-telecom,46.6955,0.0,icmp,1592264520,2020-06-15 23:42:00+00:00
162226965,jinan-telecom,wuhan-telecom,45.8183,0.0,icmp,1592264640,2020-06-15 23:44:00+00:00
162227199,jinan-telecom,wuhan-telecom,39.5255,0.0,icmp,1592264719,2020-06-15 23:45:19+00:00
162227424,jinan-telecom,wuhan-telecom,44.8866,0.0,icmp,1592264880,2020-06-15 23:48:00+00:00
162227638,jinan-telecom,wuhan-telecom,39.5017,0.0,icmp,1592264959,2020-06-15 23:49:19+00:00
162227872,jinan-telecom,wuhan-telecom,46.2805,0.0,icmp,1592265120,2020-06-15 23:52:00+00:00
162228102,jinan-telecom,wuhan-telecom,46.1321,0.0,icmp,1592265240,2020-06-15 23:54:00+00:00
162228332,jinan-telecom,wuhan-telecom,40.07,0.0,icmp,1592265360,2020-06-15 23:56:00+00:00
162228558,jinan-telecom,wuhan-telecom,46.0708,0.0,icmp,1592265480,2020-06-15 23:58:00+00:00
162228784,jinan-telecom,wuhan-telecom,46.2313,0.0,icmp,1592265600,2020-06-16 00:00:00+00:00
162229010,jinan-telecom,wuhan-telecom,45.0824,0.0,icmp,1592265720,2020-06-16 00:02:00+00:00
162229241,jinan-telecom,wuhan-telecom,46.9768,0.0,icmp,1592265840,2020-06-16 00:04:00+00:00
162229486,jinan-telecom,wuhan-telecom,46.6928,0.0,icmp,1592265960,2020-06-16 00:06:00+00:00
162229724,jinan-telecom,wuhan-telecom,39.3322,0.0,icmp,1592266099,2020-06-16 00:08:19+00:00
162229931,jinan-telecom,wuhan-telecom,39.3536,0.0,icmp,1592266219,2020-06-16 00:10:19+00:00
162230172,jinan-telecom,wuhan-telecom,43.7092,0.0,icmp,1592266320,2020-06-16 00:12:00+00:00
162230397,jinan-telecom,wuhan-telecom,45.1998,0.0,icmp,1592266440,2020-06-16 00:14:00+00:00
162230631,jinan-telecom,wuhan-telecom,47.5666,0.0,icmp,1592266560,2020-06-16 00:16:00+00:00
162230869,jinan-telecom,wuhan-telecom,47.8013,0.0,icmp,1592266680,2020-06-16 00:18:00+00:00
162231071,jinan-telecom,wuhan-telecom,47.4664,0.0,icmp,1592266800,2020-06-16 00:20:00+00:00
162231309,jinan-telecom,wuhan-telecom,45.5579,0.0,icmp,1592266920,2020-06-16 00:22:00+00:00
162231535,jinan-telecom,wuhan-telecom,39.4385,0.0,icmp,1592266999,2020-06-16 00:23:19+00:00
162231763,jinan-telecom,wuhan-telecom,48.2012,0.0,icmp,1592267160,2020-06-16 00:26:00+00:00
162232004,jinan-telecom,wuhan-telecom,46.3707,0.0,icmp,1592267280,2020-06-16 00:28:00+00:00
162232219,jinan-telecom,wuhan-telecom,45.4053,0.0,icmp,1592267400,2020-06-16 00:30:00+00:00
162232458,jinan-telecom,wuhan-telecom,46.699,0.0,icmp,1592267520,2020-06-16 00:32:00+00:00
162232685,jinan-telecom,wuhan-telecom,39.3529,0.0,icmp,1592267659,2020-06-16 00:34:19+00:00
162232933,jinan-telecom,wuhan-telecom,47.5761,0.0,icmp,1592267760,2020-06-16 00:36:00+00:00
162233145,jinan-telecom,wuhan-telecom,39.3866,0.0,icmp,1592267899,2020-06-16 00:38:19+00:00
162233361,jinan-telecom,wuhan-telecom,44.621,0.0,icmp,1592268000,2020-06-16 00:40:00+00:00
162233604,jinan-telecom,wuhan-telecom,46.8846,0.0,icmp,1592268120,2020-06-16 00:42:00+00:00
162233846,jinan-telecom,wuhan-telecom,47.7978,0.0,icmp,1592268240,2020-06-16 00:44:00+00:00
162234067,jinan-telecom,wuhan-telecom,39.3546,0.0,icmp,1592268319,2020-06-16 00:45:19+00:00
162234300,jinan-telecom,wuhan-telecom,39.4044,0.0,icmp,1592268499,2020-06-16 00:48:19+00:00
162234511,jinan-telecom,wuhan-telecom,41.1377,0.0,icmp,1592268600,2020-06-16 00:50:00+00:00
162234752,jinan-telecom,wuhan-telecom,42.6023,0.0,icmp,1592268720,2020-06-16 00:52:00+00:00
162234976,jinan-telecom,wuhan-telecom,46.1409,0.0,icmp,1592268840,2020-06-16 00:54:00+00:00
162235208,jinan-telecom,wuhan-telecom,46.66,0.0,icmp,1592268960,2020-06-16 00:56:00+00:00
162235424,jinan-telecom,wuhan-telecom,46.3629,0.0,icmp,1592269080,2020-06-16 00:58:00+00:00
162235658,jinan-telecom,wuhan-telecom,39.4378,0.0,icmp,1592269219,2020-06-16 01:00:19+00:00
162235898,jinan-telecom,wuhan-telecom,45.2926,0.0,icmp,1592269320,2020-06-16 01:02:00+00:00
162236133,jinan-telecom,wuhan-telecom,45.5038,0.0,icmp,1592269440,2020-06-16 01:04:00+00:00
162236345,jinan-telecom,wuhan-telecom,39.4985,0.0,icmp,1592269519,2020-06-16 01:05:19+00:00
162236555,jinan-telecom,wuhan-telecom,39.3837,0.0,icmp,1592269699,2020-06-16 01:08:19+00:00
162236810,jinan-telecom,wuhan-telecom,47.6146,0.0,icmp,1592269800,2020-06-16 01:10:00+00:00
162237046,jinan-telecom,wuhan-telecom,47.1332,0.0,icmp,1592269920,2020-06-16 01:12:00+00:00
162237260,jinan-telecom,wuhan-telecom,47.0944,0.0,icmp,1592270040,2020-06-16 01:14:00+00:00
162237513,jinan-telecom,wuhan-telecom,47.4534,0.0,icmp,1592270160,2020-06-16 01:16:00+00:00
162237730,jinan-telecom,wuhan-telecom,39.8548,0.0,icmp,1592270280,2020-06-16 01:18:00+00:00
162237955,jinan-telecom,wuhan-telecom,40.0503,0.0,icmp,1592270400,2020-06-16 01:20:00+00:00
162238179,jinan-telecom,wuhan-telecom,48.5356,0.0,icmp,1592270520,2020-06-16 01:22:00+00:00
162238412,jinan-telecom,wuhan-telecom,39.341,0.0,icmp,1592270659,2020-06-16 01:24:19+00:00
162238637,jinan-telecom,wuhan-telecom,46.2174,0.0,icmp,1592270760,2020-06-16 01:26:00+00:00
162238859,jinan-telecom,wuhan-telecom,39.7299,0.0,icmp,1592270899,2020-06-16 01:28:19+00:00
162239103,jinan-telecom,wuhan-telecom,48.7752,0.0,icmp,1592271000,2020-06-16 01:30:00+00:00
162239333,jinan-telecom,wuhan-telecom,44.8401,0.0,icmp,1592271120,2020-06-16 01:32:00+00:00
162239547,jinan-telecom,wuhan-telecom,42.2594,0.0,icmp,1592271240,2020-06-16 01:34:00+00:00
162239776,jinan-telecom,wuhan-telecom,48.0049,0.0,icmp,1592271360,2020-06-16 01:36:00+00:00
162240003,jinan-telecom,wuhan-telecom,44.7685,0.0,icmp,1592271480,2020-06-16 01:38:00+00:00
162240243,jinan-telecom,wuhan-telecom,49.1784,0.0,icmp,1592271600,2020-06-16 01:40:00+00:00
162240466,jinan-telecom,wuhan-telecom,45.3271,0.0,icmp,1592271720,2020-06-16 01:42:00+00:00
162240704,jinan-telecom,wuhan-telecom,46.1005,0.0,icmp,1592271840,2020-06-16 01:44:00+00:00
162240916,jinan-telecom,wuhan-telecom,45.212,0.0,icmp,1592271960,2020-06-16 01:46:00+00:00
162241182,jinan-telecom,wuhan-telecom,45.8042,0.0,icmp,1592272080,2020-06-16 01:48:00+00:00
162241389,jinan-telecom,wuhan-telecom,47.8971,0.0,icmp,1592272200,2020-06-16 01:50:00+00:00
162241605,jinan-telecom,wuhan-telecom,39.3756,0.0,icmp,1592272279,2020-06-16 01:51:19+00:00
162241845,jinan-telecom,wuhan-telecom,45.7915,0.0,icmp,1592272440,2020-06-16 01:54:00+00:00
162242071,jinan-telecom,wuhan-telecom,39.375,0.0,icmp,1592272519,2020-06-16 01:55:19+00:00
162242304,jinan-telecom,wuhan-telecom,44.8582,0.0,icmp,1592272624,2020-06-16 01:57:04+00:00
162242537,jinan-telecom,wuhan-telecom,46.2957,0.0,icmp,1592272800,2020-06-16 02:00:00+00:00
162242766,jinan-telecom,wuhan-telecom,47.9225,0.0,icmp,1592272920,2020-06-16 02:02:00+00:00
162242995,jinan-telecom,wuhan-telecom,39.5093,0.0,icmp,1592272999,2020-06-16 02:03:19+00:00
162243211,jinan-telecom,wuhan-telecom,47.0814,0.0,icmp,1592273160,2020-06-16 02:06:00+00:00
162243440,jinan-telecom,wuhan-telecom,46.0573,0.0,icmp,1592273280,2020-06-16 02:08:00+00:00
162243679,jinan-telecom,wuhan-telecom,46.4497,0.0,icmp,1592273400,2020-06-16 02:10:00+00:00
162243902,jinan-telecom,wuhan-telecom,47.2963,0.0,icmp,1592273520,2020-06-16 02:12:00+00:00
162244153,jinan-telecom,wuhan-telecom,40.3202,0.0,icmp,1592273640,2020-06-16 02:14:00+00:00
162244366,jinan-telecom,wuhan-telecom,39.3212,0.0,icmp,1592273779,2020-06-16 02:16:19+00:00
162244601,jinan-telecom,wuhan-telecom,46.5254,0.0,icmp,1592273880,2020-06-16 02:18:00+00:00
162244834,jinan-telecom,wuhan-telecom,39.4372,0.0,icmp,1592273945,2020-06-16 02:19:05+00:00
162245059,jinan-telecom,wuhan-telecom,39.3421,0.0,icmp,1592274139,2020-06-16 02:22:19+00:00
162245272,jinan-telecom,wuhan-telecom,39.3919,0.0,icmp,1592274259,2020-06-16 02:24:19+00:00
162245496,jinan-telecom,wuhan-telecom,47.5679,0.0,icmp,1592274360,2020-06-16 02:26:00+00:00
162245750,jinan-telecom,wuhan-telecom,41.0761,0.0,icmp,1592274480,2020-06-16 02:28:00+00:00
162245975,jinan-telecom,wuhan-telecom,41.5154,0.0,icmp,1592274600,2020-06-16 02:30:00+00:00
162246214,jinan-telecom,wuhan-telecom,39.5363,0.0,icmp,1592274679,2020-06-16 02:31:19+00:00
162246415,jinan-telecom,wuhan-telecom,39.5739,0.0,icmp,1592274799,2020-06-16 02:33:19+00:00
162246647,jinan-telecom,wuhan-telecom,46.9328,0.0,icmp,1592274960,2020-06-16 02:36:00+00:00
162246882,jinan-telecom,wuhan-telecom,46.3458,0.0,icmp,1592275080,2020-06-16 02:38:00+00:00
162247122,jinan-telecom,wuhan-telecom,45.4498,0.0,icmp,1592275200,2020-06-16 02:40:00+00:00
162247338,jinan-telecom,wuhan-telecom,45.9651,0.0,icmp,1592275320,2020-06-16 02:42:00+00:00
162247589,jinan-telecom,wuhan-telecom,46.2401,0.0,icmp,1592275440,2020-06-16 02:44:00+00:00
162247797,jinan-telecom,wuhan-telecom,44.97,0.0,icmp,1592275560,2020-06-16 02:46:00+00:00
162248041,jinan-telecom,wuhan-telecom,47.655,0.0,icmp,1592275680,2020-06-16 02:48:00+00:00
162248250,jinan-telecom,wuhan-telecom,39.3507,0.0,icmp,1592275819,2020-06-16 02:50:19+00:00
162248499,jinan-telecom,wuhan-telecom,45.8829,0.0,icmp,1592275920,2020-06-16 02:52:00+00:00
162248731,jinan-telecom,wuhan-telecom,47.2911,0.0,icmp,1592276040,2020-06-16 02:54:00+00:00
162248946,jinan-telecom,wuhan-telecom,47.2404,0.0,icmp,1592276160,2020-06-16 02:56:00+00:00
162249168,jinan-telecom,wuhan-telecom,39.3503,0.0,icmp,1592276239,2020-06-16 02:57:19+00:00
162249403,jinan-telecom,wuhan-telecom,39.7102,0.0,icmp,1592276359,2020-06-16 02:59:19+00:00
162249637,jinan-telecom,wuhan-telecom,47.1832,0.0,icmp,1592276520,2020-06-16 03:02:00+00:00
162249850,jinan-telecom,wuhan-telecom,45.4887,0.0,icmp,1592276640,2020-06-16 03:04:00+00:00
162250100,jinan-telecom,wuhan-telecom,46.6667,0.0,icmp,1592276760,2020-06-16 03:06:00+00:00
162250319,jinan-telecom,wuhan-telecom,48.7422,0.0,icmp,1592276880,2020-06-16 03:08:00+00:00
162250557,jinan-telecom,wuhan-telecom,46.47,0.0,icmp,1592277000,2020-06-16 03:10:00+00:00
162250789,jinan-telecom,wuhan-telecom,47.7228,0.0,icmp,1592277120,2020-06-16 03:12:00+00:00
162251011,jinan-telecom,wuhan-telecom,46.153,0.0,icmp,1592277240,2020-06-16 03:14:00+00:00
162251242,jinan-telecom,wuhan-telecom,42.1639,0.0,icmp,1592277360,2020-06-16 03:16:00+00:00
162251467,jinan-telecom,wuhan-telecom,31.1352,0.0,icmp,1592277499,2020-06-16 03:18:19+00:00
162251690,jinan-telecom,wuhan-telecom,39.7865,0.0,icmp,1592277619,2020-06-16 03:20:19+00:00
162251920,jinan-telecom,wuhan-telecom,39.5445,0.0,icmp,1592277739,2020-06-16 03:22:19+00:00
162252150,jinan-telecom,wuhan-telecom,46.5398,0.0,icmp,1592277840,2020-06-16 03:24:00+00:00
162252382,jinan-telecom,wuhan-telecom,45.6723,0.0,icmp,1592277960,2020-06-16 03:26:00+00:00
162252606,jinan-telecom,wuhan-telecom,47.9489,0.0,icmp,1592278080,2020-06-16 03:28:00+00:00
162252833,jinan-telecom,wuhan-telecom,39.5379,0.0,icmp,1592278159,2020-06-16 03:29:19+00:00
162253072,jinan-telecom,wuhan-telecom,47.4675,0.0,icmp,1592278320,2020-06-16 03:32:00+00:00
162253301,jinan-telecom,wuhan-telecom,39.5215,0.0,icmp,1592278459,2020-06-16 03:34:19+00:00
162253520,jinan-telecom,wuhan-telecom,45.2092,0.0,icmp,1592278560,2020-06-16 03:36:00+00:00
162253766,jinan-telecom,wuhan-telecom,39.5217,0.0,icmp,1592278699,2020-06-16 03:38:19+00:00
162254010,jinan-telecom,wuhan-telecom,45.9036,0.0,icmp,1592278800,2020-06-16 03:40:00+00:00
162254221,jinan-telecom,wuhan-telecom,39.5916,0.0,icmp,1592278879,2020-06-16 03:41:19+00:00
162254444,jinan-telecom,wuhan-telecom,47.3969,0.0,icmp,1592279040,2020-06-16 03:44:00+00:00
162254683,jinan-telecom,wuhan-telecom,48.3598,0.0,icmp,1592279160,2020-06-16 03:46:00+00:00
162254901,jinan-telecom,wuhan-telecom,44.5524,0.0,icmp,1592279280,2020-06-16 03:48:00+00:00
162255121,jinan-telecom,wuhan-telecom,46.0291,0.0,icmp,1592279400,2020-06-16 03:50:00+00:00
162255377,jinan-telecom,wuhan-telecom,39.7329,0.0,icmp,1592279479,2020-06-16 03:51:19+00:00
162255609,jinan-telecom,wuhan-telecom,48.4791,0.0,icmp,1592279640,2020-06-16 03:54:00+00:00
162255837,jinan-telecom,wuhan-telecom,45.8807,0.0,icmp,1592279760,2020-06-16 03:56:00+00:00
162256033,jinan-telecom,wuhan-telecom,48.3006,0.0,icmp,1592279880,2020-06-16 03:58:00+00:00
162256267,jinan-telecom,wuhan-telecom,46.5299,0.0,icmp,1592280000,2020-06-16 04:00:00+00:00
162256510,jinan-telecom,wuhan-telecom,46.7136,0.0,icmp,1592280120,2020-06-16 04:02:00+00:00
162256749,jinan-telecom,wuhan-telecom,41.7823,0.0,icmp,1592280240,2020-06-16 04:04:00+00:00
162256975,jinan-telecom,wuhan-telecom,45.2915,0.0,icmp,1592280360,2020-06-16 04:06:00+00:00
162257183,jinan-telecom,wuhan-telecom,39.5833,0.0,icmp,1592280439,2020-06-16 04:07:19+00:00
162257429,jinan-telecom,wuhan-telecom,40.4563,0.0,icmp,1592280600,2020-06-16 04:10:00+00:00
162257637,jinan-telecom,wuhan-telecom,39.5612,0.0,icmp,1592280739,2020-06-16 04:12:19+00:00
162257889,jinan-telecom,wuhan-telecom,46.5062,0.0,icmp,1592280840,2020-06-16 04:14:00+00:00
162258119,jinan-telecom,wuhan-telecom,45.9326,0.0,icmp,1592280960,2020-06-16 04:16:00+00:00
162258330,jinan-telecom,wuhan-telecom,47.5902,0.0,icmp,1592281080,2020-06-16 04:18:00+00:00
162258569,jinan-telecom,wuhan-telecom,46.9236,0.0,icmp,1592281200,2020-06-16 04:20:00+00:00
162258808,jinan-telecom,wuhan-telecom,50.0204,0.0,icmp,1592281320,2020-06-16 04:22:00+00:00
162259023,jinan-telecom,wuhan-telecom,46.151,0.0,icmp,1592281440,2020-06-16 04:24:00+00:00
162259263,jinan-telecom,wuhan-telecom,46.7615,0.0,icmp,1592281560,2020-06-16 04:26:00+00:00
162259492,jinan-telecom,wuhan-telecom,44.6225,0.0,icmp,1592281680,2020-06-16 04:28:00+00:00
162259721,jinan-telecom,wuhan-telecom,46.6277,0.0,icmp,1592281800,2020-06-16 04:30:00+00:00
162259942,jinan-telecom,wuhan-telecom,39.7799,0.0,icmp,1592281939,2020-06-16 04:32:19+00:00
162286209,jinan-telecom,wuhan-telecom,0.0,100.0,icmp,1592282520,2020-06-16 04:42:00+00:00
162286212,jinan-telecom,wuhan-telecom,0.0,100.0,icmp,1592282040,2020-06-16 04:34:00+00:00
162286213,jinan-telecom,wuhan-telecom,0.0,100.0,icmp,1592282280,2020-06-16 04:38:00+00:00
162286214,jinan-telecom,wuhan-telecom,0.0,100.0,icmp,1592282140,2020-06-16 04:35:40+00:00
162286215,jinan-telecom,wuhan-telecom,0.0,100.0,icmp,1592282400,2020-06-16 04:40:00+00:00
162286216,jinan-telecom,wuhan-telecom,0.0,100.0,icmp,1592285740,2020-06-16 05:35:40+00:00
162286217,jinan-telecom,wuhan-telecom,0.0,100.0,icmp,1592285640,2020-06-16 05:34:00+00:00
162286218,jinan-telecom,wuhan-telecom,0.0,100.0,icmp,1592286200,2020-06-16 05:43:20+00:00
162286219,jinan-telecom,wuhan-telecom,0.0,100.0,icmp,1592285891,2020-06-16 05:38:11+00:00
162286220,jinan-telecom,wuhan-telecom,0.0,100.0,icmp,1592286120,2020-06-16 05:42:00+00:00
162286221,jinan-telecom,wuhan-telecom,0.0,100.0,icmp,1592282760,2020-06-16 04:46:00+00:00
162286222,jinan-telecom,wuhan-telecom,0.0,100.0,icmp,1592286000,2020-06-16 05:40:00+00:00
162286223,jinan-telecom,wuhan-telecom,0.0,100.0,icmp,1592284091,2020-06-16 05:08:11+00:00
162286224,jinan-telecom,wuhan-telecom,0.0,100.0,icmp,1592286611,2020-06-16 05:50:11+00:00
162286225,jinan-telecom,wuhan-telecom,0.0,100.0,icmp,1592286480,2020-06-16 05:48:00+00:00
162286226,jinan-telecom,wuhan-telecom,0.0,100.0,icmp,1592286300,2020-06-16 05:45:00+00:00
162286227,jinan-telecom,wuhan-telecom,0.0,100.0,icmp,1592286820,2020-06-16 05:53:40+00:00
162286228,jinan-telecom,wuhan-telecom,0.0,100.0,icmp,1592286720,2020-06-16 05:52:00+00:00
162286229,jinan-telecom,wuhan-telecom,0.0,100.0,icmp,1592284200,2020-06-16 05:10:00+00:00
162286230,jinan-telecom,wuhan-telecom,0.0,100.0,icmp,1592283840,2020-06-16 05:04:00+00:00
162286231,jinan-telecom,wuhan-telecom,0.0,100.0,icmp,1592289720,2020-06-16 06:42:00+00:00
162286232,jinan-telecom,wuhan-telecom,0.0,100.0,icmp,1592283960,2020-06-16 05:06:00+00:00
162286233,jinan-telecom,wuhan-telecom,0.0,100.0,icmp,1592283600,2020-06-16 05:00:00+00:00
162286234,jinan-telecom,wuhan-telecom,0.0,100.0,icmp,1592289600,2020-06-16 06:40:00+00:00
162286235,jinan-telecom,wuhan-telecom,0.0,100.0,icmp,1592283720,2020-06-16 05:02:00+00:00
162286236,jinan-telecom,wuhan-telecom,0.0,100.0,icmp,1592289491,2020-06-16 06:38:11+00:00
162286237,jinan-telecom,wuhan-telecom,0.0,100.0,icmp,1592284350,2020-06-16 05:12:30+00:00
162286238,jinan-telecom,wuhan-telecom,0.0,100.0,icmp,1592288970,2020-06-16 06:29:30+00:00
162286239,jinan-telecom,wuhan-telecom,0.0,100.0,icmp,1592288880,2020-06-16 06:28:00+00:00
162286240,jinan-telecom,wuhan-telecom,0.0,100.0,icmp,1592289791,2020-06-16 06:43:11+00:00
162286241,jinan-telecom,wuhan-telecom,0.0,100.0,icmp,1592289240,2020-06-16 06:34:00+00:00
162286242,jinan-telecom,wuhan-telecom,0.0,100.0,icmp,1592288721,2020-06-16 06:25:21+00:00
162286243,jinan-telecom,wuhan-telecom,0.0,100.0,icmp,1592288640,2020-06-16 06:24:00+00:00
162286244,jinan-telecom,wuhan-telecom,0.0,100.0,icmp,1592289081,2020-06-16 06:31:21+00:00
162286245,jinan-telecom,wuhan-telecom,0.0,100.0,icmp,1592289360,2020-06-16 06:36:00+00:00
162286246,jinan-telecom,wuhan-telecom,0.0,100.0,icmp,1592290110,2020-06-16 06:48:30+00:00
162286247,jinan-telecom,wuhan-telecom,0.0,100.0,icmp,1592282640,2020-06-16 04:44:00+00:00
162286248,jinan-telecom,wuhan-telecom,0.0,100.0,icmp,1592283120,2020-06-16 04:52:00+00:00
162286249,jinan-telecom,wuhan-telecom,0.0,100.0,icmp,1592283000,2020-06-16 04:50:00+00:00
162286250,jinan-telecom,wuhan-telecom,0.0,100.0,icmp,1592289900,2020-06-16 06:45:00+00:00
162286251,jinan-telecom,wuhan-telecom,0.0,100.0,icmp,1592283311,2020-06-16 04:55:11+00:00
162286252,jinan-telecom,wuhan-telecom,0.0,100.0,icmp,1592283240,2020-06-16 04:54:00+00:00
162286253,jinan-telecom,wuhan-telecom,0.0,100.0,icmp,1592283480,2020-06-16 04:58:00+00:00
162286254,jinan-telecom,wuhan-telecom,0.0,100.0,icmp,1592282880,2020-06-16 04:48:00+00:00
162286255,jinan-telecom,wuhan-telecom,0.0,100.0,icmp,1592290560,2020-06-16 06:56:00+00:00
162286256,jinan-telecom,wuhan-telecom,0.0,100.0,icmp,1592292840,2020-06-16 07:34:00+00:00
162286257,jinan-telecom,wuhan-telecom,0.0,100.0,icmp,1592290440,2020-06-16 06:54:00+00:00
162286258,jinan-telecom,wuhan-telecom,0.0,100.0,icmp,1592293190,2020-06-16 07:39:50+00:00
162286259,jinan-telecom,wuhan-telecom,0.0,100.0,icmp,1592293080,2020-06-16 07:38:00+00:00
162286260,jinan-telecom,wuhan-telecom,0.0,100.0,icmp,1592290620,2020-06-16 06:57:00+00:00
162286261,jinan-telecom,wuhan-telecom,0.0,100.0,icmp,1592292960,2020-06-16 07:36:00+00:00
162286262,jinan-telecom,wuhan-telecom,0.0,100.0,icmp,1592290201,2020-06-16 06:50:01+00:00
162286263,jinan-telecom,wuhan-telecom,0.0,100.0,icmp,1592290261,2020-06-16 06:51:01+00:00
162286264,jinan-telecom,wuhan-telecom,0.0,100.0,icmp,1592293320,2020-06-16 07:42:00+00:00
162286265,jinan-telecom,wuhan-telecom,0.0,100.0,icmp,1592292480,2020-06-16 07:28:00+00:00
162286266,jinan-telecom,wuhan-telecom,0.0,100.0,icmp,1592292720,2020-06-16 07:32:00+00:00
162286267,jinan-telecom,wuhan-telecom,0.0,100.0,icmp,1592292360,2020-06-16 07:26:00+00:00
162286268,jinan-telecom,wuhan-telecom,0.0,100.0,icmp,1592293700,2020-06-16 07:48:20+00:00
162286269,jinan-telecom,wuhan-telecom,0.0,100.0,icmp,1592292580,2020-06-16 07:29:40+00:00
162286270,jinan-telecom,wuhan-telecom,0.0,100.0,icmp,1592293500,2020-06-16 07:45:00+00:00
162286271,jinan-telecom,wuhan-telecom,0.0,100.0,icmp,1592293400,2020-06-16 07:43:20+00:00
162286272,jinan-telecom,wuhan-telecom,0.0,100.0,icmp,1592294640,2020-06-16 08:04:00+00:00
162286273,jinan-telecom,wuhan-telecom,0.0,100.0,icmp,1592293910,2020-06-16 07:51:50+00:00
162286274,jinan-telecom,wuhan-telecom,0.0,100.0,icmp,1592294060,2020-06-16 07:54:20+00:00
162286275,jinan-telecom,wuhan-telecom,0.0,100.0,icmp,1592294430,2020-06-16 08:00:30+00:00
162286276,jinan-telecom,wuhan-telecom,0.0,100.0,icmp,1592293800,2020-06-16 07:50:00+00:00
162286277,jinan-telecom,wuhan-telecom,0.0,100.0,icmp,1592294531,2020-06-16 08:02:11+00:00
162286278,jinan-telecom,wuhan-telecom,0.0,100.0,icmp,1592294280,2020-06-16 07:58:00+00:00
162286279,jinan-telecom,wuhan-telecom,0.0,100.0,icmp,1592294171,2020-06-16 07:56:11+00:00
162286280,jinan-telecom,wuhan-telecom,0.0,100.0,icmp,1592295240,2020-06-16 08:14:00+00:00
162286281,jinan-telecom,wuhan-telecom,0.0,100.0,icmp,1592295120,2020-06-16 08:12:00+00:00
162286282,jinan-telecom,wuhan-telecom,0.0,100.0,icmp,1592294880,2020-06-16 08:08:00+00:00
162286283,jinan-telecom,wuhan-telecom,0.0,100.0,icmp,1592294740,2020-06-16 08:05:40+00:00
162286284,jinan-telecom,wuhan-telecom,0.0,100.0,icmp,1592287740,2020-06-16 06:09:00+00:00
162286285,jinan-telecom,wuhan-telecom,0.0,100.0,icmp,1592287941,2020-06-16 06:12:21+00:00
162286286,jinan-telecom,wuhan-telecom,0.0,100.0,icmp,1592288040,2020-06-16 06:14:00+00:00
162286287,jinan-telecom,wuhan-telecom,0.0,100.0,icmp,1592294990,2020-06-16 08:09:50+00:00
162286288,jinan-telecom,wuhan-telecom,0.0,100.0,icmp,1592284920,2020-06-16 05:22:00+00:00
162286289,jinan-telecom,wuhan-telecom,0.0,100.0,icmp,1592285040,2020-06-16 05:24:00+00:00
162286290,jinan-telecom,wuhan-telecom,0.0,100.0,icmp,1592288160,2020-06-16 06:16:00+00:00
162286291,jinan-telecom,wuhan-telecom,0.0,100.0,icmp,1592288260,2020-06-16 06:17:40+00:00
162286292,jinan-telecom,wuhan-telecom,0.0,100.0,icmp,1592288520,2020-06-16 06:22:00+00:00
162286293,jinan-telecom,wuhan-telecom,0.0,100.0,icmp,1592285160,2020-06-16 05:26:00+00:00
162286294,jinan-telecom,wuhan-telecom,0.0,100.0,icmp,1592288400,2020-06-16 06:20:00+00:00
162286295,jinan-telecom,wuhan-telecom,0.0,100.0,icmp,1592285280,2020-06-16 05:28:00+00:00
162286296,jinan-telecom,wuhan-telecom,0.0,100.0,icmp,1592284560,2020-06-16 05:16:00+00:00
162286297,jinan-telecom,wuhan-telecom,0.0,100.0,icmp,1592285531,2020-06-16 05:32:11+00:00
162286298,jinan-telecom,wuhan-telecom,0.0,100.0,icmp,1592284440,2020-06-16 05:14:00+00:00
162286299,jinan-telecom,wuhan-telecom,0.0,100.0,icmp,1592295611,2020-06-16 08:20:11+00:00
162286300,jinan-telecom,wuhan-telecom,0.0,100.0,icmp,1592295611,2020-06-16 08:20:11+00:00
162286301,jinan-telecom,wuhan-telecom,0.0,100.0,icmp,1592285380,2020-06-16 05:29:40+00:00
162286302,jinan-telecom,wuhan-telecom,0.0,100.0,icmp,1592295360,2020-06-16 08:16:00+00:00
162286303,jinan-telecom,wuhan-telecom,0.0,100.0,icmp,1592295480,2020-06-16 08:18:00+00:00
162286304,jinan-telecom,wuhan-telecom,0.0,100.0,icmp,1592287280,2020-06-16 06:01:20+00:00
162286305,jinan-telecom,wuhan-telecom,0.0,100.0,icmp,1592284680,2020-06-16 05:18:00+00:00
162286306,jinan-telecom,wuhan-telecom,0.0,100.0,icmp,1592287381,2020-06-16 06:03:01+00:00
162286307,jinan-telecom,wuhan-telecom,0.0,100.0,icmp,1592284800,2020-06-16 05:20:00+00:00
162286308,jinan-telecom,wuhan-telecom,0.0,100.0,icmp,1592287170,2020-06-16 05:59:30+00:00
162286309,jinan-telecom,wuhan-telecom,0.0,100.0,icmp,1592287080,2020-06-16 05:58:00+00:00
162286310,jinan-telecom,wuhan-telecom,0.0,100.0,icmp,1592287560,2020-06-16 06:06:00+00:00
162286311,jinan-telecom,wuhan-telecom,0.0,100.0,icmp,1592286921,2020-06-16 05:55:21+00:00
162286312,jinan-telecom,wuhan-telecom,0.0,100.0,icmp,1592291281,2020-06-16 07:08:01+00:00
162286313,jinan-telecom,wuhan-telecom,0.0,100.0,icmp,1592291520,2020-06-16 07:12:00+00:00
162286314,jinan-telecom,wuhan-telecom,0.0,100.0,icmp,1592291040,2020-06-16 07:04:00+00:00
162286315,jinan-telecom,wuhan-telecom,0.0,100.0,icmp,1592291340,2020-06-16 07:09:00+00:00
162286316,jinan-telecom,wuhan-telecom,0.0,100.0,icmp,1592291190,2020-06-16 07:06:30+00:00
162286317,jinan-telecom,wuhan-telecom,0.0,100.0,icmp,1592290800,2020-06-16 07:00:00+00:00
162286318,jinan-telecom,wuhan-telecom,0.0,100.0,icmp,1592290871,2020-06-16 07:01:11+00:00
162286319,jinan-telecom,wuhan-telecom,0.0,100.0,icmp,1592287680,2020-06-16 06:08:00+00:00
162286320,jinan-telecom,wuhan-telecom,0.0,100.0,icmp,1592291860,2020-06-16 07:17:40+00:00
162286321,jinan-telecom,wuhan-telecom,0.0,100.0,icmp,1592292220,2020-06-16 07:23:40+00:00
162286322,jinan-telecom,wuhan-telecom,0.0,100.0,icmp,1592292120,2020-06-16 07:22:00+00:00
162286323,jinan-telecom,wuhan-telecom,0.0,100.0,icmp,1592291960,2020-06-16 07:19:20+00:00
162286324,jinan-telecom,wuhan-telecom,0.0,100.0,icmp,1592291640,2020-06-16 07:14:00+00:00
162286325,jinan-telecom,wuhan-telecom,0.0,100.0,icmp,1592291760,2020-06-16 07:16:00+00:00
162286499,jinan-telecom,wuhan-telecom,47.4411,0.0,icmp,1592295840,2020-06-16 08:24:00+00:00
162286745,jinan-telecom,wuhan-telecom,39.3043,0.0,icmp,1592295919,2020-06-16 08:25:19+00:00
162286965,jinan-telecom,wuhan-telecom,44.7842,0.0,icmp,1592296080,2020-06-16 08:28:00+00:00
162287202,jinan-telecom,wuhan-telecom,47.0449,0.0,icmp,1592296200,2020-06-16 08:30:00+00:00
162287392,jinan-telecom,wuhan-telecom,47.4079,0.0,icmp,1592296320,2020-06-16 08:32:00+00:00
162287661,jinan-telecom,wuhan-telecom,39.422,0.0,icmp,1592296445,2020-06-16 08:34:05+00:00
162287891,jinan-telecom,wuhan-telecom,46.2282,0.0,icmp,1592296560,2020-06-16 08:36:00+00:00
162288099,jinan-telecom,wuhan-telecom,39.4848,0.0,icmp,1592296699,2020-06-16 08:38:19+00:00
162288343,jinan-telecom,wuhan-telecom,39.5059,0.0,icmp,1592296800,2020-06-16 08:40:00+00:00
162288574,jinan-telecom,wuhan-telecom,41.5468,0.0,icmp,1592296920,2020-06-16 08:42:00+00:00
162288785,jinan-telecom,wuhan-telecom,46.055,0.0,icmp,1592297040,2020-06-16 08:44:00+00:00
162289024,jinan-telecom,wuhan-telecom,49.8558,0.0,icmp,1592297160,2020-06-16 08:46:00+00:00
162289268,jinan-telecom,wuhan-telecom,51.4351,0.0,icmp,1592297280,2020-06-16 08:48:00+00:00
162289488,jinan-telecom,wuhan-telecom,44.8067,0.0,icmp,1592297400,2020-06-16 08:50:00+00:00
162289710,jinan-telecom,wuhan-telecom,45.8873,0.0,icmp,1592297520,2020-06-16 08:52:00+00:00
162289938,jinan-telecom,wuhan-telecom,46.8548,0.0,icmp,1592297640,2020-06-16 08:54:00+00:00
162290171,jinan-telecom,wuhan-telecom,39.3,0.0,icmp,1592297719,2020-06-16 08:55:19+00:00
162290404,jinan-telecom,wuhan-telecom,45.8835,0.0,icmp,1592297880,2020-06-16 08:58:00+00:00
162290613,jinan-telecom,wuhan-telecom,47.0379,0.0,icmp,1592298000,2020-06-16 09:00:00+00:00
162290881,jinan-telecom,wuhan-telecom,46.3764,0.0,icmp,1592298120,2020-06-16 09:02:00+00:00
162291077,jinan-telecom,wuhan-telecom,46.2675,0.0,icmp,1592298240,2020-06-16 09:04:00+00:00
162291302,jinan-telecom,wuhan-telecom,45.0302,0.0,icmp,1592298360,2020-06-16 09:06:00+00:00
162291546,jinan-telecom,wuhan-telecom,39.8623,0.0,icmp,1592298480,2020-06-16 09:08:00+00:00
162291759,jinan-telecom,wuhan-telecom,41.5667,0.0,icmp,1592298600,2020-06-16 09:10:00+00:00
162291990,jinan-telecom,wuhan-telecom,41.0811,0.0,icmp,1592298720,2020-06-16 09:12:00+00:00
162292230,jinan-telecom,wuhan-telecom,39.4598,0.0,icmp,1592298799,2020-06-16 09:13:19+00:00
162292448,jinan-telecom,wuhan-telecom,48.0133,0.0,icmp,1592298960,2020-06-16 09:16:00+00:00
162292690,jinan-telecom,wuhan-telecom,39.4128,0.0,icmp,1592299039,2020-06-16 09:17:19+00:00
162292918,jinan-telecom,wuhan-telecom,47.7426,0.0,icmp,1592299200,2020-06-16 09:20:00+00:00
162293128,jinan-telecom,wuhan-telecom,46.42,0.0,icmp,1592299320,2020-06-16 09:22:00+00:00
162293364,jinan-telecom,wuhan-telecom,39.289,0.0,icmp,1592299399,2020-06-16 09:23:19+00:00
162293596,jinan-telecom,wuhan-telecom,46.2375,0.0,icmp,1592299560,2020-06-16 09:26:00+00:00
162293821,jinan-telecom,wuhan-telecom,39.3982,0.0,icmp,1592299639,2020-06-16 09:27:19+00:00
162294060,jinan-telecom,wuhan-telecom,39.7155,0.0,icmp,1592299800,2020-06-16 09:30:00+00:00
162294296,jinan-telecom,wuhan-telecom,45.6776,0.0,icmp,1592299920,2020-06-16 09:32:00+00:00
162294544,jinan-telecom,wuhan-telecom,46.0703,0.0,icmp,1592300040,2020-06-16 09:34:00+00:00
162294749,jinan-telecom,wuhan-telecom,39.4264,0.0,icmp,1592300119,2020-06-16 09:35:19+00:00
162294965,jinan-telecom,wuhan-telecom,46.499,0.0,icmp,1592300280,2020-06-16 09:38:00+00:00
162295205,jinan-telecom,wuhan-telecom,47.5423,0.0,icmp,1592300400,2020-06-16 09:40:00+00:00
162295439,jinan-telecom,wuhan-telecom,47.0563,0.0,icmp,1592300520,2020-06-16 09:42:00+00:00
162295653,jinan-telecom,wuhan-telecom,46.4171,0.0,icmp,1592300640,2020-06-16 09:44:00+00:00
162295895,jinan-telecom,wuhan-telecom,39.3369,0.0,icmp,1592300779,2020-06-16 09:46:19+00:00
162296163,jinan-telecom,wuhan-telecom,45.2491,0.0,icmp,1592300880,2020-06-16 09:48:00+00:00
162296343,jinan-telecom,wuhan-telecom,46.5515,0.0,icmp,1592301000,2020-06-16 09:50:00+00:00
162296570,jinan-telecom,wuhan-telecom,49.2444,0.0,icmp,1592301120,2020-06-16 09:52:00+00:00
168996889,jinan-telecom,wuhan-telecom,46.1151,0.0,icmp,1592301240,2020-06-16 09:54:00+00:00
168997115,jinan-telecom,wuhan-telecom,39.4399,0.0,icmp,1592301319,2020-06-16 09:55:19+00:00
168997370,jinan-telecom,wuhan-telecom,46.3115,0.0,icmp,1592301480,2020-06-16 09:58:00+00:00
168997595,jinan-telecom,wuhan-telecom,39.3048,0.0,icmp,1592301559,2020-06-16 09:59:19+00:00
168997805,jinan-telecom,wuhan-telecom,48.6804,0.0,icmp,1592301720,2020-06-16 10:02:00+00:00
168998024,jinan-telecom,wuhan-telecom,45.3019,0.0,icmp,1592301840,2020-06-16 10:04:00+00:00
168998291,jinan-telecom,wuhan-telecom,39.3091,0.0,icmp,1592301919,2020-06-16 10:05:19+00:00
168998498,jinan-telecom,wuhan-telecom,39.3406,0.0,icmp,1592302099,2020-06-16 10:08:19+00:00
168998723,jinan-telecom,wuhan-telecom,46.5711,0.0,icmp,1592302200,2020-06-16 10:10:00+00:00
168998955,jinan-telecom,wuhan-telecom,48.1811,0.0,icmp,1592302320,2020-06-16 10:12:00+00:00
168999203,jinan-telecom,wuhan-telecom,39.3222,0.0,icmp,1592302399,2020-06-16 10:13:19+00:00
168999424,jinan-telecom,wuhan-telecom,46.2374,0.0,icmp,1592302560,2020-06-16 10:16:00+00:00
168999636,jinan-telecom,wuhan-telecom,46.0849,0.0,icmp,1592302680,2020-06-16 10:18:00+00:00
168999865,jinan-telecom,wuhan-telecom,46.1687,0.0,icmp,1592302800,2020-06-16 10:20:00+00:00
169000097,jinan-telecom,wuhan-telecom,48.3266,0.0,icmp,1592302920,2020-06-16 10:22:00+00:00
169000304,jinan-telecom,wuhan-telecom,46.9348,0.0,icmp,1592303040,2020-06-16 10:24:00+00:00
169000576,jinan-telecom,wuhan-telecom,44.8025,0.0,icmp,1592303160,2020-06-16 10:26:00+00:00
169000782,jinan-telecom,wuhan-telecom,46.1565,0.0,icmp,1592303280,2020-06-16 10:28:00+00:00
169001012,jinan-telecom,wuhan-telecom,39.4647,0.0,icmp,1592303419,2020-06-16 10:30:19+00:00
169001237,jinan-telecom,wuhan-telecom,48.0487,0.0,icmp,1592303520,2020-06-16 10:32:00+00:00
169001466,jinan-telecom,wuhan-telecom,39.3611,0.0,icmp,1592303599,2020-06-16 10:33:19+00:00
169001696,jinan-telecom,wuhan-telecom,49.0609,0.0,icmp,1592303760,2020-06-16 10:36:00+00:00
169001921,jinan-telecom,wuhan-telecom,46.2375,0.0,icmp,1592303880,2020-06-16 10:38:00+00:00
169002181,jinan-telecom,wuhan-telecom,46.061,0.0,icmp,1592304000,2020-06-16 10:40:00+00:00
169002402,jinan-telecom,wuhan-telecom,39.4707,0.0,icmp,1592304079,2020-06-16 10:41:19+00:00
169002642,jinan-telecom,wuhan-telecom,41.6271,0.0,icmp,1592304240,2020-06-16 10:44:00+00:00
169002835,jinan-telecom,wuhan-telecom,45.7528,0.0,icmp,1592304360,2020-06-16 10:46:00+00:00
169003075,jinan-telecom,wuhan-telecom,45.5668,0.0,icmp,1592304480,2020-06-16 10:48:00+00:00
169003313,jinan-telecom,wuhan-telecom,39.3828,0.0,icmp,1592304619,2020-06-16 10:50:19+00:00
169003563,jinan-telecom,wuhan-telecom,45.9598,0.0,icmp,1592304720,2020-06-16 10:52:00+00:00
169003789,jinan-telecom,wuhan-telecom,47.1065,0.0,icmp,1592304840,2020-06-16 10:54:00+00:00
169003988,jinan-telecom,wuhan-telecom,45.7353,0.0,icmp,1592304960,2020-06-16 10:56:00+00:00
169004226,jinan-telecom,wuhan-telecom,46.2031,0.0,icmp,1592305080,2020-06-16 10:58:00+00:00
169004452,jinan-telecom,wuhan-telecom,39.6084,0.0,icmp,1592305219,2020-06-16 11:00:19+00:00
169004672,jinan-telecom,wuhan-telecom,46.7369,0.0,icmp,1592305320,2020-06-16 11:02:00+00:00
169004909,jinan-telecom,wuhan-telecom,48.5204,0.0,icmp,1592305440,2020-06-16 11:04:00+00:00
169005150,jinan-telecom,wuhan-telecom,47.0868,0.0,icmp,1592305560,2020-06-16 11:06:00+00:00
169005371,jinan-telecom,wuhan-telecom,46.4326,0.0,icmp,1592305680,2020-06-16 11:08:00+00:00
169005594,jinan-telecom,wuhan-telecom,46.2341,0.0,icmp,1592305800,2020-06-16 11:10:00+00:00
169005830,jinan-telecom,wuhan-telecom,44.0255,0.0,icmp,1592305920,2020-06-16 11:12:00+00:00
169006058,jinan-telecom,wuhan-telecom,47.1454,0.0,icmp,1592306040,2020-06-16 11:14:00+00:00
169006277,jinan-telecom,wuhan-telecom,41.7119,0.0,icmp,1592306160,2020-06-16 11:16:00+00:00
169006507,jinan-telecom,wuhan-telecom,45.812,0.0,icmp,1592306280,2020-06-16 11:18:00+00:00
169006750,jinan-telecom,wuhan-telecom,39.6021,0.0,icmp,1592306419,2020-06-16 11:20:19+00:00
169006987,jinan-telecom,wuhan-telecom,43.1607,0.0,icmp,1592306520,2020-06-16 11:22:00+00:00
169007220,jinan-telecom,wuhan-telecom,48.6133,0.0,icmp,1592306640,2020-06-16 11:24:00+00:00
169007418,jinan-telecom,wuhan-telecom,47.2432,0.0,icmp,1592306760,2020-06-16 11:26:00+00:00
169007652,jinan-telecom,wuhan-telecom,46.289,0.0,icmp,1592306880,2020-06-16 11:28:00+00:00
169007880,jinan-telecom,wuhan-telecom,39.3527,0.0,icmp,1592306959,2020-06-16 11:29:19+00:00
169008114,jinan-telecom,wuhan-telecom,48.6442,0.0,icmp,1592307120,2020-06-16 11:32:00+00:00
169008341,jinan-telecom,wuhan-telecom,47.667,0.0,icmp,1592307240,2020-06-16 11:34:00+00:00
169008582,jinan-telecom,wuhan-telecom,39.3315,0.0,icmp,1592307319,2020-06-16 11:35:19+00:00
169008813,jinan-telecom,wuhan-telecom,45.3519,0.0,icmp,1592307480,2020-06-16 11:38:00+00:00
169009040,jinan-telecom,wuhan-telecom,47.431,0.0,icmp,1592307600,2020-06-16 11:40:00+00:00
169009257,jinan-telecom,wuhan-telecom,46.6327,0.0,icmp,1592307720,2020-06-16 11:42:00+00:00
169009505,jinan-telecom,wuhan-telecom,47.3554,0.0,icmp,1592307840,2020-06-16 11:44:00+00:00
169009728,jinan-telecom,wuhan-telecom,47.5657,0.0,icmp,1592307960,2020-06-16 11:46:00+00:00
169009945,jinan-telecom,wuhan-telecom,45.9291,0.0,icmp,1592308080,2020-06-16 11:48:00+00:00
169010190,jinan-telecom,wuhan-telecom,39.3279,0.0,icmp,1592308219,2020-06-16 11:50:19+00:00
169010424,jinan-telecom,wuhan-telecom,39.4828,0.0,icmp,1592308339,2020-06-16 11:52:19+00:00
169010639,jinan-telecom,wuhan-telecom,48.8955,0.0,icmp,1592308440,2020-06-16 11:54:00+00:00
169010873,jinan-telecom,wuhan-telecom,47.4046,0.0,icmp,1592308560,2020-06-16 11:56:00+00:00
169011092,jinan-telecom,wuhan-telecom,39.3939,0.0,icmp,1592308699,2020-06-16 11:58:19+00:00
169011316,jinan-telecom,wuhan-telecom,45.8397,0.0,icmp,1592308800,2020-06-16 12:00:00+00:00
169011565,jinan-telecom,wuhan-telecom,41.9789,0.0,icmp,1592308920,2020-06-16 12:02:00+00:00
169011796,jinan-telecom,wuhan-telecom,45.5358,0.0,icmp,1592309040,2020-06-16 12:04:00+00:00
169012011,jinan-telecom,wuhan-telecom,46.2539,0.0,icmp,1592309160,2020-06-16 12:06:00+00:00
169012248,jinan-telecom,wuhan-telecom,45.971,0.0,icmp,1592309280,2020-06-16 12:08:00+00:00
169012473,jinan-telecom,wuhan-telecom,46.6347,0.0,icmp,1592309400,2020-06-16 12:10:00+00:00
169012731,jinan-telecom,wuhan-telecom,39.7499,0.0,icmp,1592309520,2020-06-16 12:12:00+00:00
169012922,jinan-telecom,wuhan-telecom,44.6664,0.0,icmp,1592309640,2020-06-16 12:14:00+00:00
169013147,jinan-telecom,wuhan-telecom,47.7806,0.0,icmp,1592309760,2020-06-16 12:16:00+00:00
169013375,jinan-telecom,wuhan-telecom,40.0686,0.0,icmp,1592309880,2020-06-16 12:18:00+00:00
169013632,jinan-telecom,wuhan-telecom,46.3387,0.0,icmp,1592310000,2020-06-16 12:20:00+00:00
169013853,jinan-telecom,wuhan-telecom,45.7073,0.0,icmp,1592310120,2020-06-16 12:22:00+00:00
169014065,jinan-telecom,wuhan-telecom,47.7053,0.0,icmp,1592310240,2020-06-16 12:24:00+00:00
169014307,jinan-telecom,wuhan-telecom,44.9148,0.0,icmp,1592310360,2020-06-16 12:26:00+00:00
169014539,jinan-telecom,wuhan-telecom,47.0651,0.0,icmp,1592310480,2020-06-16 12:28:00+00:00
169014752,jinan-telecom,wuhan-telecom,46.3714,0.0,icmp,1592310600,2020-06-16 12:30:00+00:00
169014989,jinan-telecom,wuhan-telecom,46.9862,0.0,icmp,1592310720,2020-06-16 12:32:00+00:00
169015222,jinan-telecom,wuhan-telecom,42.0664,0.0,icmp,1592310840,2020-06-16 12:34:00+00:00
169015459,jinan-telecom,wuhan-telecom,39.4176,0.0,icmp,1592310919,2020-06-16 12:35:19+00:00
169015665,jinan-telecom,wuhan-telecom,47.3676,0.0,icmp,1592311080,2020-06-16 12:38:00+00:00
169015919,jinan-telecom,wuhan-telecom,47.3091,0.0,icmp,1592311200,2020-06-16 12:40:00+00:00
169016125,jinan-telecom,wuhan-telecom,47.2629,0.0,icmp,1592311320,2020-06-16 12:42:00+00:00
169016353,jinan-telecom,wuhan-telecom,39.5329,0.0,icmp,1592311459,2020-06-16 12:44:19+00:00
169016588,jinan-telecom,wuhan-telecom,46.6665,0.0,icmp,1592311560,2020-06-16 12:46:00+00:00
169016828,jinan-telecom,wuhan-telecom,46.864,0.0,icmp,1592311680,2020-06-16 12:48:00+00:00
169017077,jinan-telecom,wuhan-telecom,45.3604,0.0,icmp,1592311800,2020-06-16 12:50:00+00:00
169017275,jinan-telecom,wuhan-telecom,39.4671,0.0,icmp,1592311879,2020-06-16 12:51:19+00:00
169017493,jinan-telecom,wuhan-telecom,48.1137,0.0,icmp,1592312040,2020-06-16 12:54:00+00:00
169017740,jinan-telecom,wuhan-telecom,48.8489,0.0,icmp,1592312160,2020-06-16 12:56:00+00:00
169017958,jinan-telecom,wuhan-telecom,47.8258,0.0,icmp,1592312280,2020-06-16 12:58:00+00:00
169018197,jinan-telecom,wuhan-telecom,46.8245,0.0,icmp,1592312400,2020-06-16 13:00:00+00:00
169018417,jinan-telecom,wuhan-telecom,46.7319,0.0,icmp,1592312520,2020-06-16 13:02:00+00:00
169018649,jinan-telecom,wuhan-telecom,39.4094,0.0,icmp,1592312659,2020-06-16 13:04:19+00:00
169018860,jinan-telecom,wuhan-telecom,40.7826,0.0,icmp,1592312760,2020-06-16 13:06:00+00:00
169019119,jinan-telecom,wuhan-telecom,47.1695,0.0,icmp,1592312880,2020-06-16 13:08:00+00:00
169019341,jinan-telecom,wuhan-telecom,47.3855,0.0,icmp,1592313000,2020-06-16 13:10:00+00:00
169019571,jinan-telecom,wuhan-telecom,39.5101,0.0,icmp,1592313079,2020-06-16 13:11:19+00:00
169019795,jinan-telecom,wuhan-telecom,47.7212,0.0,icmp,1592313240,2020-06-16 13:14:00+00:00
169020023,jinan-telecom,wuhan-telecom,47.1659,0.0,icmp,1592313360,2020-06-16 13:16:00+00:00
169020256,jinan-telecom,wuhan-telecom,39.4358,0.0,icmp,1592313499,2020-06-16 13:18:19+00:00
169020493,jinan-telecom,wuhan-telecom,46.7633,0.0,icmp,1592313600,2020-06-16 13:20:00+00:00
169020712,jinan-telecom,wuhan-telecom,45.8118,0.0,icmp,1592313720,2020-06-16 13:22:00+00:00
169020951,jinan-telecom,wuhan-telecom,47.565,0.0,icmp,1592313840,2020-06-16 13:24:00+00:00
169021171,jinan-telecom,wuhan-telecom,39.367,0.0,icmp,1592313979,2020-06-16 13:26:19+00:00
169021417,jinan-telecom,wuhan-telecom,46.111,0.0,icmp,1592314080,2020-06-16 13:28:00+00:00
169021642,jinan-telecom,wuhan-telecom,39.3352,0.0,icmp,1592314219,2020-06-16 13:30:19+00:00
169021855,jinan-telecom,wuhan-telecom,40.808,0.0,icmp,1592314320,2020-06-16 13:32:00+00:00
169022084,jinan-telecom,wuhan-telecom,46.8085,0.0,icmp,1592314440,2020-06-16 13:34:00+00:00
169022314,jinan-telecom,wuhan-telecom,39.3999,0.0,icmp,1592314579,2020-06-16 13:36:19+00:00
169022546,jinan-telecom,wuhan-telecom,46.2361,0.0,icmp,1592314680,2020-06-16 13:38:00+00:00
169022771,jinan-telecom,wuhan-telecom,46.1951,0.0,icmp,1592314800,2020-06-16 13:40:00+00:00
169023007,jinan-telecom,wuhan-telecom,39.6268,0.0,icmp,1592314879,2020-06-16 13:41:19+00:00
169023237,jinan-telecom,wuhan-telecom,47.1094,0.0,icmp,1592315040,2020-06-16 13:44:00+00:00
169023503,jinan-telecom,wuhan-telecom,49.1121,0.0,icmp,1592315160,2020-06-16 13:46:00+00:00
169023693,jinan-telecom,wuhan-telecom,46.5814,0.0,icmp,1592315280,2020-06-16 13:48:00+00:00
169023932,jinan-telecom,wuhan-telecom,46.2142,1.0,icmp,1592315400,2020-06-16 13:50:00+00:00
169024143,jinan-telecom,wuhan-telecom,39.7769,0.0,icmp,1592315539,2020-06-16 13:52:19+00:00
169024378,jinan-telecom,wuhan-telecom,46.465,0.0,icmp,1592315640,2020-06-16 13:54:00+00:00
169024609,jinan-telecom,wuhan-telecom,48.1994,0.0,icmp,1592315760,2020-06-16 13:56:00+00:00
169024838,jinan-telecom,wuhan-telecom,39.3194,0.0,icmp,1592315899,2020-06-16 13:58:19+00:00
169025060,jinan-telecom,wuhan-telecom,46.143,0.0,icmp,1592316000,2020-06-16 14:00:00+00:00
169025280,jinan-telecom,wuhan-telecom,47.4699,0.0,icmp,1592316120,2020-06-16 14:02:00+00:00
169025536,jinan-telecom,wuhan-telecom,45.8042,0.0,icmp,1592316240,2020-06-16 14:04:00+00:00
169025745,jinan-telecom,wuhan-telecom,46.6902,0.0,icmp,1592316360,2020-06-16 14:06:00+00:00
169025980,jinan-telecom,wuhan-telecom,39.3393,0.0,icmp,1592316499,2020-06-16 14:08:19+00:00
169026205,jinan-telecom,wuhan-telecom,47.096,0.0,icmp,1592316600,2020-06-16 14:10:00+00:00
169026446,jinan-telecom,wuhan-telecom,46.1485,0.0,icmp,1592316720,2020-06-16 14:12:00+00:00
169026666,jinan-telecom,wuhan-telecom,46.654,0.0,icmp,1592316840,2020-06-16 14:14:00+00:00
169026898,jinan-telecom,wuhan-telecom,46.1216,0.0,icmp,1592316960,2020-06-16 14:16:00+00:00
169027128,jinan-telecom,wuhan-telecom,46.1375,0.0,icmp,1592317080,2020-06-16 14:18:00+00:00
169027359,jinan-telecom,wuhan-telecom,39.3087,0.0,icmp,1592317159,2020-06-16 14:19:19+00:00
169027580,jinan-telecom,wuhan-telecom,44.1369,0.0,icmp,1592317320,2020-06-16 14:22:00+00:00
169027817,jinan-telecom,wuhan-telecom,48.6892,0.0,icmp,1592317440,2020-06-16 14:24:00+00:00
169028072,jinan-telecom,wuhan-telecom,39.3755,0.0,icmp,1592317579,2020-06-16 14:26:19+00:00
169028284,jinan-telecom,wuhan-telecom,45.6149,0.0,icmp,1592317680,2020-06-16 14:28:00+00:00
169028486,jinan-telecom,wuhan-telecom,46.4943,0.0,icmp,1592317800,2020-06-16 14:30:00+00:00
169028721,jinan-telecom,wuhan-telecom,46.3101,0.0,icmp,1592317920,2020-06-16 14:32:00+00:00
169028970,jinan-telecom,wuhan-telecom,48.0063,0.0,icmp,1592318040,2020-06-16 14:34:00+00:00
169029189,jinan-telecom,wuhan-telecom,39.5855,0.0,icmp,1592318119,2020-06-16 14:35:19+00:00
169029429,jinan-telecom,wuhan-telecom,45.9457,0.0,icmp,1592318280,2020-06-16 14:38:00+00:00
169029650,jinan-telecom,wuhan-telecom,39.3679,0.0,icmp,1592318359,2020-06-16 14:39:19+00:00
169029879,jinan-telecom,wuhan-telecom,39.4087,0.0,icmp,1592318479,2020-06-16 14:41:19+00:00
169030094,jinan-telecom,wuhan-telecom,47.3097,0.0,icmp,1592318640,2020-06-16 14:44:00+00:00
169030321,jinan-telecom,wuhan-telecom,47.606,0.0,icmp,1592318760,2020-06-16 14:46:00+00:00
169030569,jinan-telecom,wuhan-telecom,39.5845,0.0,icmp,1592318839,2020-06-16 14:47:19+00:00
169030789,jinan-telecom,wuhan-telecom,47.0621,0.0,icmp,1592319000,2020-06-16 14:50:00+00:00
169031031,jinan-telecom,wuhan-telecom,45.8766,0.0,icmp,1592319120,2020-06-16 14:52:00+00:00
169031236,jinan-telecom,wuhan-telecom,45.196,0.0,icmp,1592319240,2020-06-16 14:54:00+00:00
169031479,jinan-telecom,wuhan-telecom,45.963,0.0,icmp,1592319360,2020-06-16 14:56:00+00:00
169031694,jinan-telecom,wuhan-telecom,39.4043,0.0,icmp,1592319439,2020-06-16 14:57:19+00:00
169031946,jinan-telecom,wuhan-telecom,47.4575,0.0,icmp,1592319600,2020-06-16 15:00:00+00:00
169032158,jinan-telecom,wuhan-telecom,48.7594,0.0,icmp,1592319720,2020-06-16 15:02:00+00:00
169032419,jinan-telecom,wuhan-telecom,41.2267,0.0,icmp,1592319840,2020-06-16 15:04:00+00:00
169032617,jinan-telecom,wuhan-telecom,49.1715,0.0,icmp,1592319960,2020-06-16 15:06:00+00:00
169032847,jinan-telecom,wuhan-telecom,47.3246,0.0,icmp,1592320080,2020-06-16 15:08:00+00:00
169033074,jinan-telecom,wuhan-telecom,46.4262,0.0,icmp,1592320200,2020-06-16 15:10:00+00:00
169033322,jinan-telecom,wuhan-telecom,45.8001,0.0,icmp,1592320320,2020-06-16 15:12:00+00:00
169033533,jinan-telecom,wuhan-telecom,39.5637,0.0,icmp,1592320459,2020-06-16 15:14:19+00:00
169033759,jinan-telecom,wuhan-telecom,46.4451,0.0,icmp,1592320560,2020-06-16 15:16:00+00:00
169034008,jinan-telecom,wuhan-telecom,44.8265,0.0,icmp,1592320680,2020-06-16 15:18:00+00:00
169034238,jinan-telecom,wuhan-telecom,48.4156,0.0,icmp,1592320800,2020-06-16 15:20:00+00:00
169034504,jinan-telecom,wuhan-telecom,39.9475,0.0,icmp,1592320879,2020-06-16 15:21:19+00:00
169034672,jinan-telecom,wuhan-telecom,47.8824,0.0,icmp,1592321040,2020-06-16 15:24:00+00:00
169034923,jinan-telecom,wuhan-telecom,45.0189,0.0,icmp,1592321160,2020-06-16 15:26:00+00:00
169035133,jinan-telecom,wuhan-telecom,39.7766,0.0,icmp,1592321239,2020-06-16 15:27:19+00:00
169035362,jinan-telecom,wuhan-telecom,39.4292,0.0,icmp,1592321419,2020-06-16 15:30:19+00:00
169035616,jinan-telecom,wuhan-telecom,46.5364,0.0,icmp,1592321520,2020-06-16 15:32:00+00:00
169035823,jinan-telecom,wuhan-telecom,47.9033,0.0,icmp,1592321640,2020-06-16 15:34:00+00:00
169036059,jinan-telecom,wuhan-telecom,47.3094,0.0,icmp,1592321760,2020-06-16 15:36:00+00:00
169036298,jinan-telecom,wuhan-telecom,47.0424,0.0,icmp,1592321880,2020-06-16 15:38:00+00:00
169036525,jinan-telecom,wuhan-telecom,47.7387,0.0,icmp,1592322000,2020-06-16 15:40:00+00:00
169036743,jinan-telecom,wuhan-telecom,46.0717,0.0,icmp,1592322120,2020-06-16 15:42:00+00:00
169036982,jinan-telecom,wuhan-telecom,45.4498,0.0,icmp,1592322240,2020-06-16 15:44:00+00:00
169037195,jinan-telecom,wuhan-telecom,47.4815,0.0,icmp,1592322360,2020-06-16 15:46:00+00:00
169037425,jinan-telecom,wuhan-telecom,47.8088,0.0,icmp,1592322480,2020-06-16 15:48:00+00:00
169037646,jinan-telecom,wuhan-telecom,44.2201,0.0,icmp,1592322600,2020-06-16 15:50:00+00:00
169037897,jinan-telecom,wuhan-telecom,39.3521,0.0,icmp,1592322679,2020-06-16 15:51:19+00:00
169038117,jinan-telecom,wuhan-telecom,47.3838,0.0,icmp,1592322840,2020-06-16 15:54:00+00:00
169038349,jinan-telecom,wuhan-telecom,39.5786,0.0,icmp,1592322919,2020-06-16 15:55:19+00:00
169038572,jinan-telecom,wuhan-telecom,47.8218,0.0,icmp,1592323080,2020-06-16 15:58:00+00:00
169038798,jinan-telecom,wuhan-telecom,39.3163,0.0,icmp,1592323219,2020-06-16 16:00:19+00:00
169039025,jinan-telecom,wuhan-telecom,46.7555,0.0,icmp,1592323320,2020-06-16 16:02:00+00:00
169039263,jinan-telecom,wuhan-telecom,45.4067,0.0,icmp,1592323440,2020-06-16 16:04:00+00:00
169039484,jinan-telecom,wuhan-telecom,45.7862,0.0,icmp,1592323560,2020-06-16 16:06:00+00:00
169039714,jinan-telecom,wuhan-telecom,47.535,0.0,icmp,1592323680,2020-06-16 16:08:00+00:00
169039945,jinan-telecom,wuhan-telecom,45.863,0.0,icmp,1592323800,2020-06-16 16:10:00+00:00
169040193,jinan-telecom,wuhan-telecom,46.8067,0.0,icmp,1592323920,2020-06-16 16:12:00+00:00
169040403,jinan-telecom,wuhan-telecom,39.351,0.0,icmp,1592324059,2020-06-16 16:14:19+00:00
169040628,jinan-telecom,wuhan-telecom,47.2253,0.0,icmp,1592324160,2020-06-16 16:16:00+00:00
169040858,jinan-telecom,wuhan-telecom,47.7561,0.0,icmp,1592324280,2020-06-16 16:18:00+00:00
169041092,jinan-telecom,wuhan-telecom,47.4561,0.0,icmp,1592324400,2020-06-16 16:20:00+00:00
169041319,jinan-telecom,wuhan-telecom,46.0466,0.0,icmp,1592324520,2020-06-16 16:22:00+00:00
169041550,jinan-telecom,wuhan-telecom,39.6699,0.0,icmp,1592324659,2020-06-16 16:24:19+00:00
169041786,jinan-telecom,wuhan-telecom,47.6088,0.0,icmp,1592324760,2020-06-16 16:26:00+00:00
169041993,jinan-telecom,wuhan-telecom,39.4256,0.0,icmp,1592324839,2020-06-16 16:27:19+00:00
169042234,jinan-telecom,wuhan-telecom,46.834,0.0,icmp,1592325000,2020-06-16 16:30:00+00:00
169042465,jinan-telecom,wuhan-telecom,39.4114,0.0,icmp,1592325139,2020-06-16 16:32:19+00:00
169042695,jinan-telecom,wuhan-telecom,49.8507,0.0,icmp,1592325240,2020-06-16 16:34:00+00:00
169042922,jinan-telecom,wuhan-telecom,39.303,0.0,icmp,1592325379,2020-06-16 16:36:19+00:00
169043151,jinan-telecom,wuhan-telecom,48.2995,0.0,icmp,1592325480,2020-06-16 16:38:00+00:00
169043391,jinan-telecom,wuhan-telecom,45.9884,0.0,icmp,1592325600,2020-06-16 16:40:00+00:00
169043619,jinan-telecom,wuhan-telecom,48.5056,0.0,icmp,1592325720,2020-06-16 16:42:00+00:00
169043850,jinan-telecom,wuhan-telecom,40.7441,0.0,icmp,1592325840,2020-06-16 16:44:00+00:00
169044062,jinan-telecom,wuhan-telecom,39.4166,0.0,icmp,1592325979,2020-06-16 16:46:19+00:00
169044303,jinan-telecom,wuhan-telecom,45.6392,0.0,icmp,1592326080,2020-06-16 16:48:00+00:00
169044544,jinan-telecom,wuhan-telecom,47.2302,0.0,icmp,1592326200,2020-06-16 16:50:00+00:00
169044758,jinan-telecom,wuhan-telecom,45.8732,0.0,icmp,1592326320,2020-06-16 16:52:00+00:00
169044974,jinan-telecom,wuhan-telecom,39.6337,0.0,icmp,1592326445,2020-06-16 16:54:05+00:00
169045230,jinan-telecom,wuhan-telecom,47.2027,0.0,icmp,1592326560,2020-06-16 16:56:00+00:00
169045433,jinan-telecom,wuhan-telecom,46.2389,0.0,icmp,1592326680,2020-06-16 16:58:00+00:00
169045668,jinan-telecom,wuhan-telecom,39.3318,0.0,icmp,1592326819,2020-06-16 17:00:19+00:00
169045955,jinan-telecom,wuhan-telecom,47.0771,0.0,icmp,1592326920,2020-06-16 17:02:00+00:00
169046135,jinan-telecom,wuhan-telecom,46.4562,0.0,icmp,1592327040,2020-06-16 17:04:00+00:00
169046376,jinan-telecom,wuhan-telecom,39.4326,0.0,icmp,1592327119,2020-06-16 17:05:19+00:00
169046581,jinan-telecom,wuhan-telecom,46.3671,0.0,icmp,1592327280,2020-06-16 17:08:00+00:00
169046812,jinan-telecom,wuhan-telecom,47.2146,0.0,icmp,1592327400,2020-06-16 17:10:00+00:00
169047059,jinan-telecom,wuhan-telecom,46.8456,0.0,icmp,1592327520,2020-06-16 17:12:00+00:00
169047276,jinan-telecom,wuhan-telecom,46.3723,0.0,icmp,1592327640,2020-06-16 17:14:00+00:00
169047516,jinan-telecom,wuhan-telecom,39.3761,0.0,icmp,1592327719,2020-06-16 17:15:19+00:00
169047731,jinan-telecom,wuhan-telecom,47.6282,0.0,icmp,1592327880,2020-06-16 17:18:00+00:00
169047972,jinan-telecom,wuhan-telecom,46.4405,0.0,icmp,1592328000,2020-06-16 17:20:00+00:00
169048202,jinan-telecom,wuhan-telecom,47.9251,0.0,icmp,1592328120,2020-06-16 17:22:00+00:00
169048415,jinan-telecom,wuhan-telecom,39.4445,0.0,icmp,1592328245,2020-06-16 17:24:05+00:00
169048656,jinan-telecom,wuhan-telecom,46.7098,0.0,icmp,1592328360,2020-06-16 17:26:00+00:00
169048890,jinan-telecom,wuhan-telecom,39.3923,0.0,icmp,1592328499,2020-06-16 17:28:19+00:00
169049103,jinan-telecom,wuhan-telecom,49.2977,0.0,icmp,1592328600,2020-06-16 17:30:00+00:00
169049354,jinan-telecom,wuhan-telecom,45.7303,0.0,icmp,1592328720,2020-06-16 17:32:00+00:00
169049587,jinan-telecom,wuhan-telecom,39.4509,0.0,icmp,1592328859,2020-06-16 17:34:19+00:00
169049789,jinan-telecom,wuhan-telecom,48.0412,0.0,icmp,1592328960,2020-06-16 17:36:00+00:00
169050028,jinan-telecom,wuhan-telecom,39.3738,0.0,icmp,1592329039,2020-06-16 17:37:19+00:00
169050252,jinan-telecom,wuhan-telecom,46.439,0.0,icmp,1592329200,2020-06-16 17:40:00+00:00
169050481,jinan-telecom,wuhan-telecom,47.19,0.0,icmp,1592329320,2020-06-16 17:42:00+00:00
169050715,jinan-telecom,wuhan-telecom,46.5914,0.0,icmp,1592329440,2020-06-16 17:44:00+00:00
169050970,jinan-telecom,wuhan-telecom,48.1904,0.0,icmp,1592329560,2020-06-16 17:46:00+00:00
169051162,jinan-telecom,wuhan-telecom,48.1701,0.0,icmp,1592329680,2020-06-16 17:48:00+00:00
169051396,jinan-telecom,wuhan-telecom,46.089,0.0,icmp,1592329800,2020-06-16 17:50:00+00:00
169051620,jinan-telecom,wuhan-telecom,48.2325,0.0,icmp,1592329920,2020-06-16 17:52:00+00:00
169051848,jinan-telecom,wuhan-telecom,39.478,0.0,icmp,1592329999,2020-06-16 17:53:19+00:00
169052084,jinan-telecom,wuhan-telecom,39.3504,0.0,icmp,1592330119,2020-06-16 17:55:19+00:00
169052313,jinan-telecom,wuhan-telecom,45.1406,0.0,icmp,1592330280,2020-06-16 17:58:00+00:00
169052539,jinan-telecom,wuhan-telecom,46.3367,0.0,icmp,1592330400,2020-06-16 18:00:00+00:00
169052764,jinan-telecom,wuhan-telecom,45.8986,0.0,icmp,1592330520,2020-06-16 18:02:00+00:00
169052990,jinan-telecom,wuhan-telecom,44.2684,0.0,icmp,1592330640,2020-06-16 18:04:00+00:00
169053222,jinan-telecom,wuhan-telecom,39.462,0.0,icmp,1592330765,2020-06-16 18:06:05+00:00
169053469,jinan-telecom,wuhan-telecom,47.4385,0.0,icmp,1592330880,2020-06-16 18:08:00+00:00
169053709,jinan-telecom,wuhan-telecom,46.3912,0.0,icmp,1592331000,2020-06-16 18:10:00+00:00
169053907,jinan-telecom,wuhan-telecom,47.7982,0.0,icmp,1592331120,2020-06-16 18:12:00+00:00
169054147,jinan-telecom,wuhan-telecom,47.2703,0.0,icmp,1592331240,2020-06-16 18:14:00+00:00
169054392,jinan-telecom,wuhan-telecom,45.6815,0.0,icmp,1592331360,2020-06-16 18:16:00+00:00
169054609,jinan-telecom,wuhan-telecom,45.7585,0.0,icmp,1592331480,2020-06-16 18:18:00+00:00
169054842,jinan-telecom,wuhan-telecom,48.1486,0.0,icmp,1592331600,2020-06-16 18:20:00+00:00
169055063,jinan-telecom,wuhan-telecom,39.6488,0.0,icmp,1592331679,2020-06-16 18:21:19+00:00
169055297,jinan-telecom,wuhan-telecom,42.2738,0.0,icmp,1592331840,2020-06-16 18:24:00+00:00
169055506,jinan-telecom,wuhan-telecom,45.9063,0.0,icmp,1592331960,2020-06-16 18:26:00+00:00
169055746,jinan-telecom,wuhan-telecom,48.3515,0.0,icmp,1592332080,2020-06-16 18:28:00+00:00
169055976,jinan-telecom,wuhan-telecom,39.3519,0.0,icmp,1592332219,2020-06-16 18:30:19+00:00
169056200,jinan-telecom,wuhan-telecom,39.408,0.0,icmp,1592332339,2020-06-16 18:32:19+00:00
169056426,jinan-telecom,wuhan-telecom,47.1001,0.0,icmp,1592332440,2020-06-16 18:34:00+00:00
169056676,jinan-telecom,wuhan-telecom,48.1242,0.0,icmp,1592332560,2020-06-16 18:36:00+00:00
169056898,jinan-telecom,wuhan-telecom,45.9539,0.0,icmp,1592332680,2020-06-16 18:38:00+00:00
169057122,jinan-telecom,wuhan-telecom,47.3405,0.0,icmp,1592332800,2020-06-16 18:40:00+00:00
169057360,jinan-telecom,wuhan-telecom,49.1392,0.0,icmp,1592332920,2020-06-16 18:42:00+00:00
169057590,jinan-telecom,wuhan-telecom,44.8239,0.0,icmp,1592333040,2020-06-16 18:44:00+00:00
169057812,jinan-telecom,wuhan-telecom,45.231,0.0,icmp,1592333160,2020-06-16 18:46:00+00:00
169058041,jinan-telecom,wuhan-telecom,49.4085,0.0,icmp,1592333280,2020-06-16 18:48:00+00:00
169058262,jinan-telecom,wuhan-telecom,39.4225,0.0,icmp,1592333419,2020-06-16 18:50:19+00:00
169058504,jinan-telecom,wuhan-telecom,45.0836,0.0,icmp,1592333520,2020-06-16 18:52:00+00:00
169058735,jinan-telecom,wuhan-telecom,46.4241,0.0,icmp,1592333640,2020-06-16 18:54:00+00:00
169058959,jinan-telecom,wuhan-telecom,41.9009,0.0,icmp,1592333760,2020-06-16 18:56:00+00:00
169059174,jinan-telecom,wuhan-telecom,47.0686,0.0,icmp,1592333880,2020-06-16 18:58:00+00:00
169059406,jinan-telecom,wuhan-telecom,47.0345,0.0,icmp,1592334000,2020-06-16 19:00:00+00:00
169059653,jinan-telecom,wuhan-telecom,47.1354,0.0,icmp,1592334120,2020-06-16 19:02:00+00:00
169059874,jinan-telecom,wuhan-telecom,46.7153,0.0,icmp,1592334240,2020-06-16 19:04:00+00:00
169060108,jinan-telecom,wuhan-telecom,47.2507,0.0,icmp,1592334360,2020-06-16 19:06:00+00:00
169060323,jinan-telecom,wuhan-telecom,45.8337,0.0,icmp,1592334480,2020-06-16 19:08:00+00:00
169060559,jinan-telecom,wuhan-telecom,44.3231,0.0,icmp,1592334600,2020-06-16 19:10:00+00:00
169060779,jinan-telecom,wuhan-telecom,48.2837,0.0,icmp,1592334720,2020-06-16 19:12:00+00:00
169061021,jinan-telecom,wuhan-telecom,39.3873,0.0,icmp,1592334859,2020-06-16 19:14:19+00:00
169061256,jinan-telecom,wuhan-telecom,45.7302,0.0,icmp,1592334960,2020-06-16 19:16:00+00:00
169061473,jinan-telecom,wuhan-telecom,45.7674,0.0,icmp,1592335080,2020-06-16 19:18:00+00:00
169061699,jinan-telecom,wuhan-telecom,48.2664,0.0,icmp,1592335200,2020-06-16 19:20:00+00:00
169061945,jinan-telecom,wuhan-telecom,39.3106,0.0,icmp,1592335339,2020-06-16 19:22:19+00:00
169062166,jinan-telecom,wuhan-telecom,46.0401,0.0,icmp,1592335440,2020-06-16 19:24:00+00:00
169062404,jinan-telecom,wuhan-telecom,39.319,0.0,icmp,1592335519,2020-06-16 19:25:19+00:00
169062612,jinan-telecom,wuhan-telecom,47.0843,0.0,icmp,1592335680,2020-06-16 19:28:00+00:00
169062838,jinan-telecom,wuhan-telecom,46.6649,0.0,icmp,1592335800,2020-06-16 19:30:00+00:00
169063085,jinan-telecom,wuhan-telecom,49.8817,0.0,icmp,1592335920,2020-06-16 19:32:00+00:00
169063322,jinan-telecom,wuhan-telecom,47.0284,0.0,icmp,1592336040,2020-06-16 19:34:00+00:00
169063524,jinan-telecom,wuhan-telecom,39.379,0.0,icmp,1592336179,2020-06-16 19:36:19+00:00
169063772,jinan-telecom,wuhan-telecom,39.3213,0.0,icmp,1592336299,2020-06-16 19:38:19+00:00
169063976,jinan-telecom,wuhan-telecom,45.5155,0.0,icmp,1592336400,2020-06-16 19:40:00+00:00
169064218,jinan-telecom,wuhan-telecom,39.7884,0.0,icmp,1592336520,2020-06-16 19:42:00+00:00
169064450,jinan-telecom,wuhan-telecom,48.0736,0.0,icmp,1592336640,2020-06-16 19:44:00+00:00
169064670,jinan-telecom,wuhan-telecom,49.0364,0.0,icmp,1592336760,2020-06-16 19:46:00+00:00
169064918,jinan-telecom,wuhan-telecom,46.6973,0.0,icmp,1592336880,2020-06-16 19:48:00+00:00
169065147,jinan-telecom,wuhan-telecom,47.0693,0.0,icmp,1592337000,2020-06-16 19:50:00+00:00
169065356,jinan-telecom,wuhan-telecom,46.6374,0.0,icmp,1592337120,2020-06-16 19:52:00+00:00
169065594,jinan-telecom,wuhan-telecom,39.4538,0.0,icmp,1592337199,2020-06-16 19:53:19+00:00
169065813,jinan-telecom,wuhan-telecom,47.198,0.0,icmp,1592337360,2020-06-16 19:56:00+00:00
169066045,jinan-telecom,wuhan-telecom,39.4813,0.0,icmp,1592337439,2020-06-16 19:57:19+00:00
169066273,jinan-telecom,wuhan-telecom,49.9159,0.0,icmp,1592337600,2020-06-16 20:00:00+00:00
169066527,jinan-telecom,wuhan-telecom,39.4228,0.0,icmp,1592337679,2020-06-16 20:01:19+00:00
169066732,jinan-telecom,wuhan-telecom,39.3397,0.0,icmp,1592337799,2020-06-16 20:03:19+00:00
169066956,jinan-telecom,wuhan-telecom,39.5318,0.0,icmp,1592337979,2020-06-16 20:06:19+00:00
169067187,jinan-telecom,wuhan-telecom,47.5153,0.0,icmp,1592338080,2020-06-16 20:08:00+00:00
169067430,jinan-telecom,wuhan-telecom,47.6489,0.0,icmp,1592338200,2020-06-16 20:10:00+00:00
169067663,jinan-telecom,wuhan-telecom,46.2087,0.0,icmp,1592338320,2020-06-16 20:12:00+00:00
169067890,jinan-telecom,wuhan-telecom,46.0917,0.0,icmp,1592338440,2020-06-16 20:14:00+00:00
169068097,jinan-telecom,wuhan-telecom,46.1597,0.0,icmp,1592338560,2020-06-16 20:16:00+00:00
169068337,jinan-telecom,wuhan-telecom,44.8895,0.0,icmp,1592338680,2020-06-16 20:18:00+00:00
169068579,jinan-telecom,wuhan-telecom,48.5385,0.0,icmp,1592338800,2020-06-16 20:20:00+00:00
169068796,jinan-telecom,wuhan-telecom,39.4311,0.0,icmp,1592338879,2020-06-16 20:21:19+00:00
169069019,jinan-telecom,wuhan-telecom,46.0938,0.0,icmp,1592339040,2020-06-16 20:24:00+00:00
169069248,jinan-telecom,wuhan-telecom,49.165,0.0,icmp,1592339160,2020-06-16 20:26:00+00:00
169069481,jinan-telecom,wuhan-telecom,46.718,0.0,icmp,1592339280,2020-06-16 20:28:00+00:00
169069712,jinan-telecom,wuhan-telecom,47.6046,0.0,icmp,1592339400,2020-06-16 20:30:00+00:00
169069957,jinan-telecom,wuhan-telecom,46.2749,0.0,icmp,1592339520,2020-06-16 20:32:00+00:00
169070179,jinan-telecom,wuhan-telecom,47.4341,0.0,icmp,1592339640,2020-06-16 20:34:00+00:00
169070416,jinan-telecom,wuhan-telecom,39.3367,0.0,icmp,1592339779,2020-06-16 20:36:19+00:00
169070637,jinan-telecom,wuhan-telecom,47.5304,0.0,icmp,1592339880,2020-06-16 20:38:00+00:00
169070852,jinan-telecom,wuhan-telecom,44.6164,0.0,icmp,1592340000,2020-06-16 20:40:00+00:00
169071108,jinan-telecom,wuhan-telecom,39.452,0.0,icmp,1592340139,2020-06-16 20:42:19+00:00
169071317,jinan-telecom,wuhan-telecom,46.4943,0.0,icmp,1592340240,2020-06-16 20:44:00+00:00
169071559,jinan-telecom,wuhan-telecom,45.6637,0.0,icmp,1592340360,2020-06-16 20:46:00+00:00
169071773,jinan-telecom,wuhan-telecom,47.8456,0.0,icmp,1592340480,2020-06-16 20:48:00+00:00
169072002,jinan-telecom,wuhan-telecom,47.7981,0.0,icmp,1592340600,2020-06-16 20:50:00+00:00
169072244,jinan-telecom,wuhan-telecom,39.481,0.0,icmp,1592340679,2020-06-16 20:51:19+00:00
169072459,jinan-telecom,wuhan-telecom,46.2105,0.0,icmp,1592340840,2020-06-16 20:54:00+00:00
169072689,jinan-telecom,wuhan-telecom,42.8618,0.0,icmp,1592340960,2020-06-16 20:56:00+00:00
169072940,jinan-telecom,wuhan-telecom,46.1299,0.0,icmp,1592341080,2020-06-16 20:58:00+00:00
169073164,jinan-telecom,wuhan-telecom,39.3332,0.0,icmp,1592341219,2020-06-16 21:00:19+00:00
169073385,jinan-telecom,wuhan-telecom,47.8262,0.0,icmp,1592341320,2020-06-16 21:02:00+00:00
169073602,jinan-telecom,wuhan-telecom,39.3076,0.0,icmp,1592341459,2020-06-16 21:04:19+00:00
169073834,jinan-telecom,wuhan-telecom,48.8345,0.0,icmp,1592341560,2020-06-16 21:06:00+00:00
169074063,jinan-telecom,wuhan-telecom,46.0026,0.0,icmp,1592341680,2020-06-16 21:08:00+00:00
169074307,jinan-telecom,wuhan-telecom,46.9412,0.0,icmp,1592341800,2020-06-16 21:10:00+00:00
169074514,jinan-telecom,wuhan-telecom,39.3425,0.0,icmp,1592341879,2020-06-16 21:11:19+00:00
169074746,jinan-telecom,wuhan-telecom,48.8096,0.0,icmp,1592342040,2020-06-16 21:14:00+00:00
169074978,jinan-telecom,wuhan-telecom,47.5052,0.0,icmp,1592342160,2020-06-16 21:16:00+00:00
169075208,jinan-telecom,wuhan-telecom,39.353,0.0,icmp,1592342299,2020-06-16 21:18:19+00:00
169075439,jinan-telecom,wuhan-telecom,45.9937,0.0,icmp,1592342400,2020-06-16 21:20:00+00:00
169075685,jinan-telecom,wuhan-telecom,47.9276,0.0,icmp,1592342520,2020-06-16 21:22:00+00:00
169075893,jinan-telecom,wuhan-telecom,39.8923,0.0,icmp,1592342640,2020-06-16 21:24:00+00:00
169076121,jinan-telecom,wuhan-telecom,45.8887,0.0,icmp,1592342760,2020-06-16 21:26:00+00:00
169076361,jinan-telecom,wuhan-telecom,39.3737,0.0,icmp,1592342899,2020-06-16 21:28:19+00:00
169076577,jinan-telecom,wuhan-telecom,47.0345,0.0,icmp,1592343000,2020-06-16 21:30:00+00:00
169076832,jinan-telecom,wuhan-telecom,40.1945,0.0,icmp,1592343120,2020-06-16 21:32:00+00:00
169077045,jinan-telecom,wuhan-telecom,48.4603,0.0,icmp,1592343240,2020-06-16 21:34:00+00:00
169077278,jinan-telecom,wuhan-telecom,39.3323,0.0,icmp,1592343379,2020-06-16 21:36:19+00:00
169077521,jinan-telecom,wuhan-telecom,46.3126,0.0,icmp,1592343480,2020-06-16 21:38:00+00:00
169077739,jinan-telecom,wuhan-telecom,49.0369,0.0,icmp,1592343600,2020-06-16 21:40:00+00:00
169077974,jinan-telecom,wuhan-telecom,47.1981,0.0,icmp,1592343720,2020-06-16 21:42:00+00:00
169078183,jinan-telecom,wuhan-telecom,46.0978,0.0,icmp,1592343840,2020-06-16 21:44:00+00:00
169078407,jinan-telecom,wuhan-telecom,39.32,0.0,icmp,1592343919,2020-06-16 21:45:19+00:00
169078649,jinan-telecom,wuhan-telecom,46.6285,0.0,icmp,1592344080,2020-06-16 21:48:00+00:00
169078874,jinan-telecom,wuhan-telecom,47.6784,0.0,icmp,1592344200,2020-06-16 21:50:00+00:00
169079120,jinan-telecom,wuhan-telecom,47.4535,0.0,icmp,1592344320,2020-06-16 21:52:00+00:00
169079327,jinan-telecom,wuhan-telecom,48.1353,0.0,icmp,1592344440,2020-06-16 21:54:00+00:00
169079556,jinan-telecom,wuhan-telecom,39.5493,0.0,icmp,1592344519,2020-06-16 21:55:19+00:00
169079785,jinan-telecom,wuhan-telecom,39.3369,0.0,icmp,1592344699,2020-06-16 21:58:19+00:00
169080029,jinan-telecom,wuhan-telecom,40.8307,0.0,icmp,1592344800,2020-06-16 22:00:00+00:00
169080267,jinan-telecom,wuhan-telecom,39.4165,0.0,icmp,1592344879,2020-06-16 22:01:19+00:00
169080490,jinan-telecom,wuhan-telecom,45.9205,0.0,icmp,1592345040,2020-06-16 22:04:00+00:00
169080715,jinan-telecom,wuhan-telecom,46.4044,0.0,icmp,1592345160,2020-06-16 22:06:00+00:00
169080940,jinan-telecom,wuhan-telecom,47.6744,0.0,icmp,1592345280,2020-06-16 22:08:00+00:00
169081177,jinan-telecom,wuhan-telecom,47.0638,0.0,icmp,1592345400,2020-06-16 22:10:00+00:00
169081393,jinan-telecom,wuhan-telecom,47.8355,0.0,icmp,1592345520,2020-06-16 22:12:00+00:00
169081627,jinan-telecom,wuhan-telecom,39.3281,0.0,icmp,1592345659,2020-06-16 22:14:19+00:00
169081849,jinan-telecom,wuhan-telecom,46.5585,0.0,icmp,1592345760,2020-06-16 22:16:00+00:00
169082104,jinan-telecom,wuhan-telecom,46.9038,0.0,icmp,1592345880,2020-06-16 22:18:00+00:00
169082317,jinan-telecom,wuhan-telecom,48.6436,0.0,icmp,1592346000,2020-06-16 22:20:00+00:00
169082536,jinan-telecom,wuhan-telecom,39.3332,0.0,icmp,1592346139,2020-06-16 22:22:19+00:00
169082779,jinan-telecom,wuhan-telecom,39.3876,0.0,icmp,1592346259,2020-06-16 22:24:19+00:00
169082989,jinan-telecom,wuhan-telecom,46.6847,0.0,icmp,1592346360,2020-06-16 22:26:00+00:00
169083228,jinan-telecom,wuhan-telecom,46.5298,0.0,icmp,1592346480,2020-06-16 22:28:00+00:00
169083454,jinan-telecom,wuhan-telecom,48.1757,0.0,icmp,1592346600,2020-06-16 22:30:00+00:00
169083683,jinan-telecom,wuhan-telecom,46.3333,0.0,icmp,1592346720,2020-06-16 22:32:00+00:00
169083903,jinan-telecom,wuhan-telecom,44.7383,0.0,icmp,1592346840,2020-06-16 22:34:00+00:00
169084132,jinan-telecom,wuhan-telecom,46.486,0.0,icmp,1592346960,2020-06-16 22:36:00+00:00
169084382,jinan-telecom,wuhan-telecom,46.5476,0.0,icmp,1592347080,2020-06-16 22:38:00+00:00
169084605,jinan-telecom,wuhan-telecom,46.8018,0.0,icmp,1592347200,2020-06-16 22:40:00+00:00
169084814,jinan-telecom,wuhan-telecom,46.8649,0.0,icmp,1592347320,2020-06-16 22:42:00+00:00
169085050,jinan-telecom,wuhan-telecom,47.3646,0.0,icmp,1592347440,2020-06-16 22:44:00+00:00
169085294,jinan-telecom,wuhan-telecom,40.92,0.0,icmp,1592347560,2020-06-16 22:46:00+00:00
169085524,jinan-telecom,wuhan-telecom,47.009,0.0,icmp,1592347680,2020-06-16 22:48:00+00:00
169085738,jinan-telecom,wuhan-telecom,39.466,0.0,icmp,1592347819,2020-06-16 22:50:19+00:00
169085975,jinan-telecom,wuhan-telecom,45.3164,0.0,icmp,1592347920,2020-06-16 22:52:00+00:00
169086196,jinan-telecom,wuhan-telecom,39.9009,0.0,icmp,1592348040,2020-06-16 22:54:00+00:00
169086434,jinan-telecom,wuhan-telecom,39.342,0.0,icmp,1592348179,2020-06-16 22:56:19+00:00
169086660,jinan-telecom,wuhan-telecom,45.0612,0.0,icmp,1592348280,2020-06-16 22:58:00+00:00
169086895,jinan-telecom,wuhan-telecom,46.7644,0.0,icmp,1592348400,2020-06-16 23:00:00+00:00
169087148,jinan-telecom,wuhan-telecom,39.4347,0.0,icmp,1592348524,2020-06-16 23:02:04+00:00
169087362,jinan-telecom,wuhan-telecom,46.8324,0.0,icmp,1592348640,2020-06-16 23:04:00+00:00
169087577,jinan-telecom,wuhan-telecom,46.9316,0.0,icmp,1592348760,2020-06-16 23:06:00+00:00
169087808,jinan-telecom,wuhan-telecom,47.4207,0.0,icmp,1592348880,2020-06-16 23:08:00+00:00
169088031,jinan-telecom,wuhan-telecom,47.3901,0.0,icmp,1592349000,2020-06-16 23:10:00+00:00
169088282,jinan-telecom,wuhan-telecom,46.2363,0.0,icmp,1592349120,2020-06-16 23:12:00+00:00
169088473,jinan-telecom,wuhan-telecom,46.5791,0.0,icmp,1592349240,2020-06-16 23:14:00+00:00
169088711,jinan-telecom,wuhan-telecom,47.6519,0.0,icmp,1592349360,2020-06-16 23:16:00+00:00
169088948,jinan-telecom,wuhan-telecom,46.5986,0.0,icmp,1592349480,2020-06-16 23:18:00+00:00
169089167,jinan-telecom,wuhan-telecom,39.3219,0.0,icmp,1592349619,2020-06-16 23:20:19+00:00
169089411,jinan-telecom,wuhan-telecom,40.4743,0.0,icmp,1592349720,2020-06-16 23:22:00+00:00
169089650,jinan-telecom,wuhan-telecom,47.7562,0.0,icmp,1592349840,2020-06-16 23:24:00+00:00
169089877,jinan-telecom,wuhan-telecom,39.316,0.0,icmp,1592349919,2020-06-16 23:25:19+00:00
169090119,jinan-telecom,wuhan-telecom,46.2147,0.0,icmp,1592350080,2020-06-16 23:28:00+00:00
169090332,jinan-telecom,wuhan-telecom,47.1341,0.0,icmp,1592350200,2020-06-16 23:30:00+00:00
169090555,jinan-telecom,wuhan-telecom,47.1911,0.0,icmp,1592350320,2020-06-16 23:32:00+00:00
169090779,jinan-telecom,wuhan-telecom,47.9259,0.0,icmp,1592350440,2020-06-16 23:34:00+00:00
169091049,jinan-telecom,wuhan-telecom,39.3964,0.0,icmp,1592350579,2020-06-16 23:36:19+00:00
169091254,jinan-telecom,wuhan-telecom,39.365,0.0,icmp,1592350699,2020-06-16 23:38:19+00:00
169091461,jinan-telecom,wuhan-telecom,40.564,0.0,icmp,1592350800,2020-06-16 23:40:00+00:00
169091733,jinan-telecom,wuhan-telecom,49.2759,0.0,icmp,1592350920,2020-06-16 23:42:00+00:00
169091941,jinan-telecom,wuhan-telecom,39.4418,0.0,icmp,1592350984,2020-06-16 23:43:04+00:00
169092150,jinan-telecom,wuhan-telecom,39.3885,0.0,icmp,1592351179,2020-06-16 23:46:19+00:00
169092397,jinan-telecom,wuhan-telecom,46.3079,0.0,icmp,1592351280,2020-06-16 23:48:00+00:00
169092614,jinan-telecom,wuhan-telecom,39.4691,0.0,icmp,1592351419,2020-06-16 23:50:19+00:00
169092853,jinan-telecom,wuhan-telecom,39.4207,0.0,icmp,1592351539,2020-06-16 23:52:19+00:00
169093104,jinan-telecom,wuhan-telecom,47.4526,0.0,icmp,1592351640,2020-06-16 23:54:00+00:00
169093326,jinan-telecom,wuhan-telecom,44.5422,0.0,icmp,1592351760,2020-06-16 23:56:00+00:00
169093522,jinan-telecom,wuhan-telecom,46.3837,0.0,icmp,1592351880,2020-06-16 23:58:00+00:00
169093742,jinan-telecom,wuhan-telecom,39.4429,0.0,icmp,1592352019,2020-06-17 00:00:19+00:00
169093996,jinan-telecom,wuhan-telecom,45.8182,0.0,icmp,1592352120,2020-06-17 00:02:00+00:00
169094259,jinan-telecom,wuhan-telecom,39.3183,0.0,icmp,1592352259,2020-06-17 00:04:19+00:00
169094459,jinan-telecom,wuhan-telecom,47.5858,0.0,icmp,1592352360,2020-06-17 00:06:00+00:00
169094680,jinan-telecom,wuhan-telecom,39.6573,0.0,icmp,1592352439,2020-06-17 00:07:19+00:00
169094907,jinan-telecom,wuhan-telecom,42.2564,0.0,icmp,1592352604,2020-06-17 00:10:04+00:00
169095135,jinan-telecom,wuhan-telecom,47.8947,0.0,icmp,1592352720,2020-06-17 00:12:00+00:00
169095362,jinan-telecom,wuhan-telecom,46.967,0.0,icmp,1592352840,2020-06-17 00:14:00+00:00
169095593,jinan-telecom,wuhan-telecom,48.1137,0.0,icmp,1592352960,2020-06-17 00:16:00+00:00
169095818,jinan-telecom,wuhan-telecom,46.6366,0.0,icmp,1592353080,2020-06-17 00:18:00+00:00
169096050,jinan-telecom,wuhan-telecom,47.1604,0.0,icmp,1592353200,2020-06-17 00:20:00+00:00
169096304,jinan-telecom,wuhan-telecom,45.537,0.0,icmp,1592353320,2020-06-17 00:22:00+00:00
169096514,jinan-telecom,wuhan-telecom,48.361,0.0,icmp,1592353440,2020-06-17 00:24:00+00:00
169096736,jinan-telecom,wuhan-telecom,45.9543,0.0,icmp,1592353560,2020-06-17 00:26:00+00:00
169096966,jinan-telecom,wuhan-telecom,39.427,0.0,icmp,1592353624,2020-06-17 00:27:04+00:00
169097192,jinan-telecom,wuhan-telecom,44.6481,0.0,icmp,1592353800,2020-06-17 00:30:00+00:00
169097436,jinan-telecom,wuhan-telecom,39.3834,0.0,icmp,1592353879,2020-06-17 00:31:19+00:00
169097675,jinan-telecom,wuhan-telecom,39.4948,0.0,icmp,1592353999,2020-06-17 00:33:19+00:00
169097897,jinan-telecom,wuhan-telecom,45.8815,0.0,icmp,1592354160,2020-06-17 00:36:00+00:00
169098106,jinan-telecom,wuhan-telecom,49.3775,0.0,icmp,1592354280,2020-06-17 00:38:00+00:00
169098345,jinan-telecom,wuhan-telecom,49.0333,0.0,icmp,1592354400,2020-06-17 00:40:00+00:00
169098589,jinan-telecom,wuhan-telecom,39.3827,0.0,icmp,1592354539,2020-06-17 00:42:19+00:00
169098797,jinan-telecom,wuhan-telecom,45.1117,0.0,icmp,1592354640,2020-06-17 00:44:00+00:00
169099017,jinan-telecom,wuhan-telecom,39.3333,0.0,icmp,1592354779,2020-06-17 00:46:19+00:00
169099257,jinan-telecom,wuhan-telecom,39.3125,0.0,icmp,1592354899,2020-06-17 00:48:19+00:00
169099480,jinan-telecom,wuhan-telecom,47.6219,0.0,icmp,1592355000,2020-06-17 00:50:00+00:00
169099727,jinan-telecom,wuhan-telecom,45.8922,0.0,icmp,1592355120,2020-06-17 00:52:00+00:00
169099934,jinan-telecom,wuhan-telecom,39.3385,0.0,icmp,1592355259,2020-06-17 00:54:19+00:00
169100166,jinan-telecom,wuhan-telecom,41.4206,0.0,icmp,1592355360,2020-06-17 00:56:00+00:00
169100406,jinan-telecom,wuhan-telecom,39.3922,0.0,icmp,1592355439,2020-06-17 00:57:19+00:00
169100626,jinan-telecom,wuhan-telecom,39.399,0.0,icmp,1592355559,2020-06-17 00:59:19+00:00
169100861,jinan-telecom,wuhan-telecom,46.9499,0.0,icmp,1592355720,2020-06-17 01:02:00+00:00
169101086,jinan-telecom,wuhan-telecom,47.5604,0.0,icmp,1592355840,2020-06-17 01:04:00+00:00
169101316,jinan-telecom,wuhan-telecom,39.4516,0.0,icmp,1592355979,2020-06-17 01:06:19+00:00
169101548,jinan-telecom,wuhan-telecom,49.0723,0.0,icmp,1592356080,2020-06-17 01:08:00+00:00
169101780,jinan-telecom,wuhan-telecom,44.5129,0.0,icmp,1592356200,2020-06-17 01:10:00+00:00
169102003,jinan-telecom,wuhan-telecom,39.3237,0.0,icmp,1592356279,2020-06-17 01:11:19+00:00
169102242,jinan-telecom,wuhan-telecom,48.4848,0.0,icmp,1592356440,2020-06-17 01:14:00+00:00
169102465,jinan-telecom,wuhan-telecom,46.2919,0.0,icmp,1592356560,2020-06-17 01:16:00+00:00
169102703,jinan-telecom,wuhan-telecom,49.4599,0.0,icmp,1592356680,2020-06-17 01:18:00+00:00
169102925,jinan-telecom,wuhan-telecom,49.4787,0.0,icmp,1592356800,2020-06-17 01:20:00+00:00
169103149,jinan-telecom,wuhan-telecom,39.3504,0.0,icmp,1592356939,2020-06-17 01:22:19+00:00
169103378,jinan-telecom,wuhan-telecom,43.6708,0.0,icmp,1592357040,2020-06-17 01:24:00+00:00
169103591,jinan-telecom,wuhan-telecom,39.3424,0.0,icmp,1592357179,2020-06-17 01:26:19+00:00
169103831,jinan-telecom,wuhan-telecom,45.6943,0.0,icmp,1592357280,2020-06-17 01:28:00+00:00
169104067,jinan-telecom,wuhan-telecom,39.3743,0.0,icmp,1592357419,2020-06-17 01:30:19+00:00
169104288,jinan-telecom,wuhan-telecom,47.469,0.0,icmp,1592357520,2020-06-17 01:32:00+00:00
169104523,jinan-telecom,wuhan-telecom,47.0891,0.0,icmp,1592357640,2020-06-17 01:34:00+00:00
169104753,jinan-telecom,wuhan-telecom,47.9206,0.0,icmp,1592357760,2020-06-17 01:36:00+00:00
169104973,jinan-telecom,wuhan-telecom,46.2223,0.0,icmp,1592357880,2020-06-17 01:38:00+00:00
169105203,jinan-telecom,wuhan-telecom,43.1164,0.0,icmp,1592358000,2020-06-17 01:40:00+00:00
169105449,jinan-telecom,wuhan-telecom,45.4381,0.0,icmp,1592358120,2020-06-17 01:42:00+00:00
169105666,jinan-telecom,wuhan-telecom,48.3146,0.0,icmp,1592358240,2020-06-17 01:44:00+00:00
169105896,jinan-telecom,wuhan-telecom,47.0838,0.0,icmp,1592358360,2020-06-17 01:46:00+00:00
169106125,jinan-telecom,wuhan-telecom,47.3633,0.0,icmp,1592358480,2020-06-17 01:48:00+00:00
169106347,jinan-telecom,wuhan-telecom,48.2824,0.0,icmp,1592358600,2020-06-17 01:50:00+00:00
169106576,jinan-telecom,wuhan-telecom,39.3135,0.0,icmp,1592358679,2020-06-17 01:51:19+00:00
169106823,jinan-telecom,wuhan-telecom,45.146,0.0,icmp,1592358840,2020-06-17 01:54:00+00:00
169107037,jinan-telecom,wuhan-telecom,39.3718,0.0,icmp,1592358919,2020-06-17 01:55:19+00:00
169107270,jinan-telecom,wuhan-telecom,44.7867,0.0,icmp,1592359080,2020-06-17 01:58:00+00:00
169107505,jinan-telecom,wuhan-telecom,45.0974,0.0,icmp,1592359200,2020-06-17 02:00:00+00:00
169107727,jinan-telecom,wuhan-telecom,46.4945,0.0,icmp,1592359320,2020-06-17 02:02:00+00:00
169107963,jinan-telecom,wuhan-telecom,47.6053,0.0,icmp,1592359440,2020-06-17 02:04:00+00:00
169108197,jinan-telecom,wuhan-telecom,45.183,0.0,icmp,1592359560,2020-06-17 02:06:00+00:00
169108408,jinan-telecom,wuhan-telecom,39.4407,0.0,icmp,1592359699,2020-06-17 02:08:19+00:00
169108635,jinan-telecom,wuhan-telecom,47.3109,0.0,icmp,1592359800,2020-06-17 02:10:00+00:00
169108889,jinan-telecom,wuhan-telecom,45.6877,0.0,icmp,1592359920,2020-06-17 02:12:00+00:00
169109090,jinan-telecom,wuhan-telecom,47.3221,0.0,icmp,1592360040,2020-06-17 02:14:00+00:00
169109340,jinan-telecom,wuhan-telecom,39.4224,0.0,icmp,1592360119,2020-06-17 02:15:19+00:00
169109580,jinan-telecom,wuhan-telecom,47.3361,0.0,icmp,1592360280,2020-06-17 02:18:00+00:00
169109788,jinan-telecom,wuhan-telecom,47.194,0.0,icmp,1592360400,2020-06-17 02:20:00+00:00
169110042,jinan-telecom,wuhan-telecom,47.2832,0.0,icmp,1592360520,2020-06-17 02:22:00+00:00
169110261,jinan-telecom,wuhan-telecom,47.4017,0.0,icmp,1592360640,2020-06-17 02:24:00+00:00
169110479,jinan-telecom,wuhan-telecom,46.9286,0.0,icmp,1592360760,2020-06-17 02:26:00+00:00
169110711,jinan-telecom,wuhan-telecom,45.6987,0.0,icmp,1592360880,2020-06-17 02:28:00+00:00
169110938,jinan-telecom,wuhan-telecom,45.1782,0.0,icmp,1592361000,2020-06-17 02:30:00+00:00
169111186,jinan-telecom,wuhan-telecom,47.203,0.0,icmp,1592361120,2020-06-17 02:32:00+00:00
169111377,jinan-telecom,wuhan-telecom,39.4371,0.0,icmp,1592361199,2020-06-17 02:33:19+00:00
169111617,jinan-telecom,wuhan-telecom,48.0254,0.0,icmp,1592361360,2020-06-17 02:36:00+00:00
169111832,jinan-telecom,wuhan-telecom,39.5998,0.0,icmp,1592361439,2020-06-17 02:37:19+00:00
169112092,jinan-telecom,wuhan-telecom,47.8762,0.0,icmp,1592361600,2020-06-17 02:40:00+00:00
169112315,jinan-telecom,wuhan-telecom,48.0495,0.0,icmp,1592361720,2020-06-17 02:42:00+00:00
169112534,jinan-telecom,wuhan-telecom,47.6688,0.0,icmp,1592361840,2020-06-17 02:44:00+00:00
169112771,jinan-telecom,wuhan-telecom,39.4759,0.0,icmp,1592361919,2020-06-17 02:45:19+00:00
169112991,jinan-telecom,wuhan-telecom,46.236,0.0,icmp,1592362080,2020-06-17 02:48:00+00:00
169113229,jinan-telecom,wuhan-telecom,39.5105,0.0,icmp,1592362219,2020-06-17 02:50:19+00:00
169113471,jinan-telecom,wuhan-telecom,46.3894,0.0,icmp,1592362320,2020-06-17 02:52:00+00:00
169113690,jinan-telecom,wuhan-telecom,43.1756,0.0,icmp,1592362440,2020-06-17 02:54:00+00:00
169113908,jinan-telecom,wuhan-telecom,40.7625,0.0,icmp,1592362560,2020-06-17 02:56:00+00:00
169114150,jinan-telecom,wuhan-telecom,39.3454,0.0,icmp,1592362699,2020-06-17 02:58:19+00:00
169114373,jinan-telecom,wuhan-telecom,47.9968,0.0,icmp,1592362800,2020-06-17 03:00:00+00:00
169114606,jinan-telecom,wuhan-telecom,47.2916,0.0,icmp,1592362920,2020-06-17 03:02:00+00:00
169233363,jinan-telecom,wuhan-telecom,47.2612,0.0,icmp,1592486580,2020-06-18 13:23:00+00:00
169233613,jinan-telecom,wuhan-telecom,49.4665,0.0,icmp,1592486700,2020-06-18 13:25:00+00:00
169233826,jinan-telecom,wuhan-telecom,47.5601,0.0,icmp,1592486820,2020-06-18 13:27:00+00:00
169234058,jinan-telecom,wuhan-telecom,46.9591,0.0,icmp,1592486940,2020-06-18 13:29:00+00:00
169234298,jinan-telecom,wuhan-telecom,46.7914,0.0,icmp,1592487060,2020-06-18 13:31:00+00:00
169234515,jinan-telecom,wuhan-telecom,49.2449,0.0,icmp,1592487180,2020-06-18 13:33:00+00:00
169234744,jinan-telecom,wuhan-telecom,46.8162,0.0,icmp,1592487300,2020-06-18 13:35:00+00:00
169234964,jinan-telecom,wuhan-telecom,39.4942,0.0,icmp,1592487364,2020-06-18 13:36:04+00:00
169235207,jinan-telecom,wuhan-telecom,46.2139,0.0,icmp,1592487540,2020-06-18 13:39:00+00:00
169235443,jinan-telecom,wuhan-telecom,46.9972,0.0,icmp,1592487660,2020-06-18 13:41:00+00:00
169235675,jinan-telecom,wuhan-telecom,39.3178,0.0,icmp,1592487799,2020-06-18 13:43:19+00:00
169235908,jinan-telecom,wuhan-telecom,48.4801,0.0,icmp,1592487900,2020-06-18 13:45:00+00:00
169236106,jinan-telecom,wuhan-telecom,39.4075,0.0,icmp,1592488039,2020-06-18 13:47:19+00:00
169236343,jinan-telecom,wuhan-telecom,39.5432,0.0,icmp,1592488159,2020-06-18 13:49:19+00:00
169236580,jinan-telecom,wuhan-telecom,47.1736,0.0,icmp,1592488260,2020-06-18 13:51:00+00:00
169236796,jinan-telecom,wuhan-telecom,39.5113,0.0,icmp,1592488399,2020-06-18 13:53:19+00:00
169237032,jinan-telecom,wuhan-telecom,39.5115,0.0,icmp,1592488519,2020-06-18 13:55:19+00:00
169237279,jinan-telecom,wuhan-telecom,39.4462,0.0,icmp,1592488625,2020-06-18 13:57:05+00:00
169237489,jinan-telecom,wuhan-telecom,47.8668,0.0,icmp,1592488740,2020-06-18 13:59:00+00:00
169237738,jinan-telecom,wuhan-telecom,47.9269,0.0,icmp,1592488860,2020-06-18 14:01:00+00:00
169237943,jinan-telecom,wuhan-telecom,47.6841,0.0,icmp,1592488980,2020-06-18 14:03:00+00:00
169238181,jinan-telecom,wuhan-telecom,39.4838,0.0,icmp,1592489119,2020-06-18 14:05:19+00:00
169238414,jinan-telecom,wuhan-telecom,48.5349,0.0,icmp,1592489220,2020-06-18 14:07:00+00:00
169238643,jinan-telecom,wuhan-telecom,45.6453,0.0,icmp,1592489340,2020-06-18 14:09:00+00:00
169238858,jinan-telecom,wuhan-telecom,49.4335,0.0,icmp,1592489460,2020-06-18 14:11:00+00:00
169239095,jinan-telecom,wuhan-telecom,39.3398,0.0,icmp,1592489539,2020-06-18 14:12:19+00:00
169239309,jinan-telecom,wuhan-telecom,47.7215,0.0,icmp,1592489700,2020-06-18 14:15:00+00:00
169239563,jinan-telecom,wuhan-telecom,39.6152,0.0,icmp,1592489839,2020-06-18 14:17:19+00:00
169239793,jinan-telecom,wuhan-telecom,46.3165,0.0,icmp,1592489940,2020-06-18 14:19:00+00:00
169240022,jinan-telecom,wuhan-telecom,39.4832,0.0,icmp,1592490065,2020-06-18 14:21:05+00:00
169240238,jinan-telecom,wuhan-telecom,44.6681,0.0,icmp,1592490180,2020-06-18 14:23:00+00:00
169240459,jinan-telecom,wuhan-telecom,46.8261,0.0,icmp,1592490300,2020-06-18 14:25:00+00:00
169240693,jinan-telecom,wuhan-telecom,42.209,0.0,icmp,1592490420,2020-06-18 14:27:00+00:00
169240940,jinan-telecom,wuhan-telecom,39.5859,0.0,icmp,1592490559,2020-06-18 14:29:19+00:00
169241165,jinan-telecom,wuhan-telecom,39.4892,0.0,icmp,1592490679,2020-06-18 14:31:19+00:00
169241391,jinan-telecom,wuhan-telecom,48.067,0.0,icmp,1592490780,2020-06-18 14:33:00+00:00
169241616,jinan-telecom,wuhan-telecom,46.619,0.0,icmp,1592490900,2020-06-18 14:35:00+00:00
169241843,jinan-telecom,wuhan-telecom,46.2372,0.0,icmp,1592491020,2020-06-18 14:37:00+00:00
169242060,jinan-telecom,wuhan-telecom,39.416,0.0,icmp,1592491099,2020-06-18 14:38:19+00:00
169242289,jinan-telecom,wuhan-telecom,40.2075,0.0,icmp,1592491264,2020-06-18 14:41:04+00:00
169242541,jinan-telecom,wuhan-telecom,49.2358,0.0,icmp,1592491380,2020-06-18 14:43:00+00:00
169242763,jinan-telecom,wuhan-telecom,48.1226,0.0,icmp,1592491500,2020-06-18 14:45:00+00:00
169242994,jinan-telecom,wuhan-telecom,50.6742,0.0,icmp,1592491620,2020-06-18 14:47:00+00:00
169243226,jinan-telecom,wuhan-telecom,47.4362,0.0,icmp,1592491740,2020-06-18 14:49:00+00:00
169243484,jinan-telecom,wuhan-telecom,39.4154,0.0,icmp,1592491819,2020-06-18 14:50:19+00:00
169243684,jinan-telecom,wuhan-telecom,47.0188,0.0,icmp,1592491980,2020-06-18 14:53:00+00:00
169243920,jinan-telecom,wuhan-telecom,39.3941,0.0,icmp,1592492059,2020-06-18 14:54:19+00:00
169244248,jinan-telecom,wuhan-telecom,49.7714,0.0,icmp,1592492220,2020-06-18 14:57:00+00:00
169244300,jinan-telecom,wuhan-telecom,45.7075,0.0,icmp,1592492340,2020-06-18 14:59:00+00:00
169244539,jinan-telecom,wuhan-telecom,39.5022,0.0,icmp,1592492479,2020-06-18 15:01:19+00:00
169244858,jinan-telecom,wuhan-telecom,49.545,0.0,icmp,1592492580,2020-06-18 15:03:00+00:00
169245175,jinan-telecom,wuhan-telecom,43.0289,0.0,icmp,1592492700,2020-06-18 15:05:00+00:00
169245269,jinan-telecom,wuhan-telecom,46.6244,0.0,icmp,1592492820,2020-06-18 15:07:00+00:00
169245336,jinan-telecom,wuhan-telecom,39.5367,0.0,icmp,1592492959,2020-06-18 15:09:19+00:00
169245819,jinan-telecom,wuhan-telecom,46.7013,0.0,icmp,1592493060,2020-06-18 15:11:00+00:00
169246028,jinan-telecom,wuhan-telecom,48.5589,0.0,icmp,1592493180,2020-06-18 15:13:00+00:00
169246099,jinan-telecom,wuhan-telecom,46.4456,0.0,icmp,1592493300,2020-06-18 15:15:00+00:00
169246463,jinan-telecom,wuhan-telecom,48.8279,0.0,icmp,1592493420,2020-06-18 15:17:00+00:00
169246653,jinan-telecom,wuhan-telecom,47.8178,0.0,icmp,1592493540,2020-06-18 15:19:00+00:00
169246721,jinan-telecom,wuhan-telecom,39.3594,0.0,icmp,1592493679,2020-06-18 15:21:19+00:00
169246912,jinan-telecom,wuhan-telecom,47.579,0.0,icmp,1592493780,2020-06-18 15:23:00+00:00
169247294,jinan-telecom,wuhan-telecom,39.6359,0.0,icmp,1592493919,2020-06-18 15:25:19+00:00
169247348,jinan-telecom,wuhan-telecom,45.6426,0.0,icmp,1592494020,2020-06-18 15:27:00+00:00
169247691,jinan-telecom,wuhan-telecom,46.0069,0.0,icmp,1592494084,2020-06-18 15:28:04+00:00
169248266,jinan-telecom,wuhan-telecom,47.9394,0.0,icmp,1592494260,2020-06-18 15:31:00+00:00
169248279,jinan-telecom,wuhan-telecom,39.7053,0.0,icmp,1592494399,2020-06-18 15:33:19+00:00
169248654,jinan-telecom,wuhan-telecom,48.0045,0.0,icmp,1592494500,2020-06-18 15:35:00+00:00
169248791,jinan-telecom,wuhan-telecom,47.4989,0.0,icmp,1592494620,2020-06-18 15:37:00+00:00
169248932,jinan-telecom,wuhan-telecom,39.3286,0.0,icmp,1592494879,2020-06-18 15:41:19+00:00
169249051,jinan-telecom,wuhan-telecom,41.6759,0.0,icmp,1592494740,2020-06-18 15:39:00+00:00
169249135,jinan-telecom,wuhan-telecom,45.4613,0.0,icmp,1592494980,2020-06-18 15:43:00+00:00
169249359,jinan-telecom,wuhan-telecom,47.2071,0.0,icmp,1592495100,2020-06-18 15:45:00+00:00
169250008,jinan-telecom,wuhan-telecom,50.3065,0.0,icmp,1592495220,2020-06-18 15:47:00+00:00
169250076,jinan-telecom,wuhan-telecom,41.3907,0.0,icmp,1592495340,2020-06-18 15:49:00+00:00
169250400,jinan-telecom,wuhan-telecom,39.4581,0.0,icmp,1592495466,2020-06-18 15:51:06+00:00
169250626,jinan-telecom,wuhan-telecom,46.9979,0.0,icmp,1592495580,2020-06-18 15:53:00+00:00
169250805,jinan-telecom,wuhan-telecom,46.2351,0.0,icmp,1592495700,2020-06-18 15:55:00+00:00
169250909,jinan-telecom,wuhan-telecom,48.9112,0.0,icmp,1592495820,2020-06-18 15:57:00+00:00
169251259,jinan-telecom,wuhan-telecom,39.3448,0.0,icmp,1592495899,2020-06-18 15:58:19+00:00
169251347,jinan-telecom,wuhan-telecom,47.5552,0.0,icmp,1592496060,2020-06-18 16:01:00+00:00
169251669,jinan-telecom,wuhan-telecom,48.3072,0.0,icmp,1592496180,2020-06-18 16:03:00+00:00
169251988,jinan-telecom,wuhan-telecom,45.3233,0.0,icmp,1592496304,2020-06-18 16:05:04+00:00
169252194,jinan-telecom,wuhan-telecom,46.1805,0.0,icmp,1592496420,2020-06-18 16:07:00+00:00
169252342,jinan-telecom,wuhan-telecom,39.4179,0.0,icmp,1592496559,2020-06-18 16:09:19+00:00
169252620,jinan-telecom,wuhan-telecom,39.6796,0.0,icmp,1592496665,2020-06-18 16:11:05+00:00
169252877,jinan-telecom,wuhan-telecom,49.6381,0.0,icmp,1592496780,2020-06-18 16:13:00+00:00
169253088,jinan-telecom,wuhan-telecom,39.3443,0.0,icmp,1592496859,2020-06-18 16:14:19+00:00
169253305,jinan-telecom,wuhan-telecom,46.8925,0.0,icmp,1592497020,2020-06-18 16:17:00+00:00
169253527,jinan-telecom,wuhan-telecom,47.5647,0.0,icmp,1592497140,2020-06-18 16:19:00+00:00
169253754,jinan-telecom,wuhan-telecom,39.6251,0.0,icmp,1592497279,2020-06-18 16:21:19+00:00
169253975,jinan-telecom,wuhan-telecom,48.4101,0.0,icmp,1592497380,2020-06-18 16:23:00+00:00
169254216,jinan-telecom,wuhan-telecom,47.7295,0.0,icmp,1592497500,2020-06-18 16:25:00+00:00
169254437,jinan-telecom,wuhan-telecom,48.3611,0.0,icmp,1592497620,2020-06-18 16:27:00+00:00
169254657,jinan-telecom,wuhan-telecom,46.7701,0.0,icmp,1592497740,2020-06-18 16:29:00+00:00
169254901,jinan-telecom,wuhan-telecom,39.3383,0.0,icmp,1592497819,2020-06-18 16:30:19+00:00
169255105,jinan-telecom,wuhan-telecom,39.3859,0.0,icmp,1592497939,2020-06-18 16:32:19+00:00
169255347,jinan-telecom,wuhan-telecom,39.3229,0.0,icmp,1592498119,2020-06-18 16:35:19+00:00
169255584,jinan-telecom,wuhan-telecom,47.3364,0.0,icmp,1592498220,2020-06-18 16:37:00+00:00
169255790,jinan-telecom,wuhan-telecom,48.3602,0.0,icmp,1592498340,2020-06-18 16:39:00+00:00
169256040,jinan-telecom,wuhan-telecom,46.8822,0.0,icmp,1592498460,2020-06-18 16:41:00+00:00
169256272,jinan-telecom,wuhan-telecom,41.6779,0.0,icmp,1592498580,2020-06-18 16:43:00+00:00
169256489,jinan-telecom,wuhan-telecom,47.168,0.0,icmp,1592498700,2020-06-18 16:45:00+00:00
169256734,jinan-telecom,wuhan-telecom,47.2794,0.0,icmp,1592498820,2020-06-18 16:47:00+00:00
169256950,jinan-telecom,wuhan-telecom,46.4284,0.0,icmp,1592498940,2020-06-18 16:49:00+00:00
169257200,jinan-telecom,wuhan-telecom,43.7227,0.0,icmp,1592499060,2020-06-18 16:51:00+00:00
169257429,jinan-telecom,wuhan-telecom,48.2455,0.0,icmp,1592499180,2020-06-18 16:53:00+00:00
169257639,jinan-telecom,wuhan-telecom,39.3183,0.0,icmp,1592499259,2020-06-18 16:54:19+00:00
169257874,jinan-telecom,wuhan-telecom,48.4836,0.0,icmp,1592499420,2020-06-18 16:57:00+00:00
169258089,jinan-telecom,wuhan-telecom,46.5983,0.0,icmp,1592499540,2020-06-18 16:59:00+00:00
169258332,jinan-telecom,wuhan-telecom,39.4137,0.0,icmp,1592499679,2020-06-18 17:01:19+00:00
169258556,jinan-telecom,wuhan-telecom,47.9783,0.0,icmp,1592499780,2020-06-18 17:03:00+00:00
169258789,jinan-telecom,wuhan-telecom,46.1183,0.0,icmp,1592499900,2020-06-18 17:05:00+00:00
169259011,jinan-telecom,wuhan-telecom,39.3379,0.0,icmp,1592500039,2020-06-18 17:07:19+00:00
169259257,jinan-telecom,wuhan-telecom,47.832,0.0,icmp,1592500140,2020-06-18 17:09:00+00:00
169259469,jinan-telecom,wuhan-telecom,46.0358,0.0,icmp,1592500260,2020-06-18 17:11:00+00:00
169259714,jinan-telecom,wuhan-telecom,47.9512,0.0,icmp,1592500380,2020-06-18 17:13:00+00:00
169259927,jinan-telecom,wuhan-telecom,48.9382,0.0,icmp,1592500500,2020-06-18 17:15:00+00:00
169260176,jinan-telecom,wuhan-telecom,45.9324,0.0,icmp,1592500620,2020-06-18 17:17:00+00:00
169260382,jinan-telecom,wuhan-telecom,45.7452,0.0,icmp,1592500740,2020-06-18 17:19:00+00:00
169260627,jinan-telecom,wuhan-telecom,42.1119,0.0,icmp,1592500860,2020-06-18 17:21:00+00:00
169260865,jinan-telecom,wuhan-telecom,46.4682,0.0,icmp,1592500980,2020-06-18 17:23:00+00:00
169261069,jinan-telecom,wuhan-telecom,48.3714,0.0,icmp,1592501100,2020-06-18 17:25:00+00:00
169261309,jinan-telecom,wuhan-telecom,39.3788,0.0,icmp,1592501179,2020-06-18 17:26:19+00:00
169261544,jinan-telecom,wuhan-telecom,39.3377,0.0,icmp,1592501299,2020-06-18 17:28:19+00:00
169261761,jinan-telecom,wuhan-telecom,42.1507,0.0,icmp,1592501460,2020-06-18 17:31:00+00:00
169261987,jinan-telecom,wuhan-telecom,46.107,0.0,icmp,1592501580,2020-06-18 17:33:00+00:00
169262222,jinan-telecom,wuhan-telecom,39.425,0.0,icmp,1592501719,2020-06-18 17:35:19+00:00
169262443,jinan-telecom,wuhan-telecom,47.2009,0.0,icmp,1592501820,2020-06-18 17:37:00+00:00
169262674,jinan-telecom,wuhan-telecom,48.6682,0.0,icmp,1592501940,2020-06-18 17:39:00+00:00
169262917,jinan-telecom,wuhan-telecom,39.3203,0.0,icmp,1592502019,2020-06-18 17:40:19+00:00
169263135,jinan-telecom,wuhan-telecom,46.6729,0.0,icmp,1592502180,2020-06-18 17:43:00+00:00
169263373,jinan-telecom,wuhan-telecom,46.0015,0.0,icmp,1592502300,2020-06-18 17:45:00+00:00
169263606,jinan-telecom,wuhan-telecom,48.298,0.0,icmp,1592502420,2020-06-18 17:47:00+00:00
169263821,jinan-telecom,wuhan-telecom,46.3205,0.0,icmp,1592502540,2020-06-18 17:49:00+00:00
169264059,jinan-telecom,wuhan-telecom,46.7586,0.0,icmp,1592502660,2020-06-18 17:51:00+00:00
169264281,jinan-telecom,wuhan-telecom,48.6364,0.0,icmp,1592502780,2020-06-18 17:53:00+00:00
169264512,jinan-telecom,wuhan-telecom,39.3563,0.0,icmp,1592502859,2020-06-18 17:54:19+00:00
169264750,jinan-telecom,wuhan-telecom,46.8862,0.0,icmp,1592503020,2020-06-18 17:57:00+00:00
169264973,jinan-telecom,wuhan-telecom,46.5233,0.0,icmp,1592503140,2020-06-18 17:59:00+00:00
169265193,jinan-telecom,wuhan-telecom,46.3871,0.0,icmp,1592503260,2020-06-18 18:01:00+00:00
169265423,jinan-telecom,wuhan-telecom,48.3862,0.0,icmp,1592503380,2020-06-18 18:03:00+00:00
169265673,jinan-telecom,wuhan-telecom,47.6362,0.0,icmp,1592503500,2020-06-18 18:05:00+00:00
169265875,jinan-telecom,wuhan-telecom,45.4102,0.0,icmp,1592503620,2020-06-18 18:07:00+00:00
169266116,jinan-telecom,wuhan-telecom,48.5341,0.0,icmp,1592503740,2020-06-18 18:09:00+00:00
169266339,jinan-telecom,wuhan-telecom,47.2704,0.0,icmp,1592503860,2020-06-18 18:11:00+00:00
169266577,jinan-telecom,wuhan-telecom,46.5982,0.0,icmp,1592503980,2020-06-18 18:13:00+00:00
169266803,jinan-telecom,wuhan-telecom,48.0156,0.0,icmp,1592504100,2020-06-18 18:15:00+00:00
169267039,jinan-telecom,wuhan-telecom,39.4129,0.0,icmp,1592504179,2020-06-18 18:16:19+00:00
169267255,jinan-telecom,wuhan-telecom,39.4515,0.0,icmp,1592504284,2020-06-18 18:18:04+00:00
169267494,jinan-telecom,wuhan-telecom,40.7324,0.0,icmp,1592504460,2020-06-18 18:21:00+00:00
169267735,jinan-telecom,wuhan-telecom,39.3879,0.0,icmp,1592504539,2020-06-18 18:22:19+00:00
169267958,jinan-telecom,wuhan-telecom,39.8325,0.0,icmp,1592504659,2020-06-18 18:24:19+00:00
169268184,jinan-telecom,wuhan-telecom,48.0897,0.0,icmp,1592504820,2020-06-18 18:27:00+00:00
169268390,jinan-telecom,wuhan-telecom,39.3104,0.0,icmp,1592504959,2020-06-18 18:29:19+00:00
169268634,jinan-telecom,wuhan-telecom,45.327,0.0,icmp,1592505060,2020-06-18 18:31:00+00:00
169268863,jinan-telecom,wuhan-telecom,48.644,0.0,icmp,1592505180,2020-06-18 18:33:00+00:00
169269096,jinan-telecom,wuhan-telecom,48.2352,0.0,icmp,1592505300,2020-06-18 18:35:00+00:00
169269330,jinan-telecom,wuhan-telecom,43.8516,0.0,icmp,1592505420,2020-06-18 18:37:00+00:00
169269554,jinan-telecom,wuhan-telecom,39.4593,0.0,icmp,1592505499,2020-06-18 18:38:19+00:00
169269779,jinan-telecom,wuhan-telecom,39.4189,0.0,icmp,1592505619,2020-06-18 18:40:19+00:00
169270013,jinan-telecom,wuhan-telecom,47.819,0.0,icmp,1592505780,2020-06-18 18:43:00+00:00
169270248,jinan-telecom,wuhan-telecom,46.4709,0.0,icmp,1592505900,2020-06-18 18:45:00+00:00
169270461,jinan-telecom,wuhan-telecom,47.4032,0.0,icmp,1592506020,2020-06-18 18:47:00+00:00
169270693,jinan-telecom,wuhan-telecom,46.9217,0.0,icmp,1592506140,2020-06-18 18:49:00+00:00
169270926,jinan-telecom,wuhan-telecom,47.5047,0.0,icmp,1592506260,2020-06-18 18:51:00+00:00
169271162,jinan-telecom,wuhan-telecom,47.5042,0.0,icmp,1592506380,2020-06-18 18:53:00+00:00
169271385,jinan-telecom,wuhan-telecom,49.7981,0.0,icmp,1592506500,2020-06-18 18:55:00+00:00
169271639,jinan-telecom,wuhan-telecom,46.1617,0.0,icmp,1592506620,2020-06-18 18:57:00+00:00
169271840,jinan-telecom,wuhan-telecom,45.955,0.0,icmp,1592506740,2020-06-18 18:59:00+00:00
169272062,jinan-telecom,wuhan-telecom,46.5993,0.0,icmp,1592506860,2020-06-18 19:01:00+00:00
169272286,jinan-telecom,wuhan-telecom,48.9881,0.0,icmp,1592506980,2020-06-18 19:03:00+00:00
169272514,jinan-telecom,wuhan-telecom,39.4561,0.0,icmp,1592507119,2020-06-18 19:05:19+00:00
169272757,jinan-telecom,wuhan-telecom,46.4468,0.0,icmp,1592507220,2020-06-18 19:07:00+00:00
169272980,jinan-telecom,wuhan-telecom,47.6507,0.0,icmp,1592507340,2020-06-18 19:09:00+00:00
169273197,jinan-telecom,wuhan-telecom,51.6542,0.0,icmp,1592507460,2020-06-18 19:11:00+00:00
169273435,jinan-telecom,wuhan-telecom,47.3955,0.0,icmp,1592507580,2020-06-18 19:13:00+00:00
169273663,jinan-telecom,wuhan-telecom,49.6891,0.0,icmp,1592507700,2020-06-18 19:15:00+00:00
169273910,jinan-telecom,wuhan-telecom,39.2776,0.0,icmp,1592507839,2020-06-18 19:17:19+00:00
169274121,jinan-telecom,wuhan-telecom,47.5466,0.0,icmp,1592507940,2020-06-18 19:19:00+00:00
169274350,jinan-telecom,wuhan-telecom,47.591,0.0,icmp,1592508060,2020-06-18 19:21:00+00:00
169274583,jinan-telecom,wuhan-telecom,46.1023,0.0,icmp,1592508180,2020-06-18 19:23:00+00:00
169274824,jinan-telecom,wuhan-telecom,46.8191,0.0,icmp,1592508300,2020-06-18 19:25:00+00:00
169275032,jinan-telecom,wuhan-telecom,47.0808,0.0,icmp,1592508420,2020-06-18 19:27:00+00:00
169275260,jinan-telecom,wuhan-telecom,42.8827,0.0,icmp,1592508540,2020-06-18 19:29:00+00:00
169275501,jinan-telecom,wuhan-telecom,46.8612,0.0,icmp,1592508660,2020-06-18 19:31:00+00:00
169275727,jinan-telecom,wuhan-telecom,48.8102,0.0,icmp,1592508780,2020-06-18 19:33:00+00:00
169275987,jinan-telecom,wuhan-telecom,44.6276,0.0,icmp,1592508900,2020-06-18 19:35:00+00:00
169276201,jinan-telecom,wuhan-telecom,49.0017,0.0,icmp,1592509020,2020-06-18 19:37:00+00:00
169276414,jinan-telecom,wuhan-telecom,39.2987,0.0,icmp,1592509099,2020-06-18 19:38:19+00:00
169276645,jinan-telecom,wuhan-telecom,39.3147,0.0,icmp,1592509219,2020-06-18 19:40:19+00:00
169276872,jinan-telecom,wuhan-telecom,39.3894,0.0,icmp,1592509399,2020-06-18 19:43:19+00:00
169277115,jinan-telecom,wuhan-telecom,47.0557,0.0,icmp,1592509500,2020-06-18 19:45:00+00:00
169277331,jinan-telecom,wuhan-telecom,39.5439,0.0,icmp,1592509639,2020-06-18 19:47:19+00:00
169277563,jinan-telecom,wuhan-telecom,46.4813,0.0,icmp,1592509740,2020-06-18 19:49:00+00:00
169277781,jinan-telecom,wuhan-telecom,45.3103,0.0,icmp,1592509860,2020-06-18 19:51:00+00:00
169278012,jinan-telecom,wuhan-telecom,39.3478,0.0,icmp,1592509939,2020-06-18 19:52:19+00:00
169278264,jinan-telecom,wuhan-telecom,39.3387,0.0,icmp,1592510119,2020-06-18 19:55:19+00:00
169278477,jinan-telecom,wuhan-telecom,46.1959,0.0,icmp,1592510220,2020-06-18 19:57:00+00:00
169278698,jinan-telecom,wuhan-telecom,47.0753,0.0,icmp,1592510340,2020-06-18 19:59:00+00:00
169278930,jinan-telecom,wuhan-telecom,39.4474,0.0,icmp,1592510425,2020-06-18 20:00:25+00:00
169279178,jinan-telecom,wuhan-telecom,45.9077,0.0,icmp,1592510580,2020-06-18 20:03:00+00:00
169279395,jinan-telecom,wuhan-telecom,39.3618,0.0,icmp,1592510719,2020-06-18 20:05:19+00:00
169279611,jinan-telecom,wuhan-telecom,47.1033,0.0,icmp,1592510820,2020-06-18 20:07:00+00:00
169279839,jinan-telecom,wuhan-telecom,46.4462,0.0,icmp,1592510940,2020-06-18 20:09:00+00:00
169280086,jinan-telecom,wuhan-telecom,48.2379,0.0,icmp,1592511060,2020-06-18 20:11:00+00:00
169280325,jinan-telecom,wuhan-telecom,48.2954,0.0,icmp,1592511180,2020-06-18 20:13:00+00:00
169280548,jinan-telecom,wuhan-telecom,39.6383,0.0,icmp,1592511244,2020-06-18 20:14:04+00:00
169280763,jinan-telecom,wuhan-telecom,46.6436,0.0,icmp,1592511420,2020-06-18 20:17:00+00:00
169280986,jinan-telecom,wuhan-telecom,39.3275,0.0,icmp,1592511559,2020-06-18 20:19:19+00:00
169281230,jinan-telecom,wuhan-telecom,39.3051,0.0,icmp,1592511679,2020-06-18 20:21:19+00:00
169281463,jinan-telecom,wuhan-telecom,47.5037,0.0,icmp,1592511780,2020-06-18 20:23:00+00:00
169281690,jinan-telecom,wuhan-telecom,46.6219,0.0,icmp,1592511900,2020-06-18 20:25:00+00:00
169281927,jinan-telecom,wuhan-telecom,47.7221,0.0,icmp,1592512020,2020-06-18 20:27:00+00:00
169282147,jinan-telecom,wuhan-telecom,47.4349,0.0,icmp,1592512140,2020-06-18 20:29:00+00:00
169282374,jinan-telecom,wuhan-telecom,39.3746,0.0,icmp,1592512279,2020-06-18 20:31:19+00:00
169282594,jinan-telecom,wuhan-telecom,45.2166,0.0,icmp,1592512380,2020-06-18 20:33:00+00:00
169282819,jinan-telecom,wuhan-telecom,49.1772,0.0,icmp,1592512500,2020-06-18 20:35:00+00:00
169283041,jinan-telecom,wuhan-telecom,48.3134,0.0,icmp,1592512620,2020-06-18 20:37:00+00:00
169283278,jinan-telecom,wuhan-telecom,44.6911,0.0,icmp,1592512740,2020-06-18 20:39:00+00:00
169283510,jinan-telecom,wuhan-telecom,40.0107,0.0,icmp,1592512860,2020-06-18 20:41:00+00:00
169283760,jinan-telecom,wuhan-telecom,47.6842,0.0,icmp,1592512980,2020-06-18 20:43:00+00:00
169283980,jinan-telecom,wuhan-telecom,39.3371,0.0,icmp,1592513059,2020-06-18 20:44:19+00:00
169284190,jinan-telecom,wuhan-telecom,46.9596,0.0,icmp,1592513220,2020-06-18 20:47:00+00:00
169284435,jinan-telecom,wuhan-telecom,39.423,0.0,icmp,1592513299,2020-06-18 20:48:19+00:00
169284661,jinan-telecom,wuhan-telecom,39.3558,0.0,icmp,1592513479,2020-06-18 20:51:19+00:00
169284897,jinan-telecom,wuhan-telecom,46.1414,0.0,icmp,1592513580,2020-06-18 20:53:00+00:00
169285101,jinan-telecom,wuhan-telecom,42.0234,0.0,icmp,1592513700,2020-06-18 20:55:00+00:00
169285362,jinan-telecom,wuhan-telecom,47.1305,0.0,icmp,1592513820,2020-06-18 20:57:00+00:00
169285577,jinan-telecom,wuhan-telecom,47.7476,0.0,icmp,1592513940,2020-06-18 20:59:00+00:00
169285819,jinan-telecom,wuhan-telecom,48.0992,0.0,icmp,1592514060,2020-06-18 21:01:00+00:00
169286027,jinan-telecom,wuhan-telecom,46.6588,0.0,icmp,1592514180,2020-06-18 21:03:00+00:00
169286294,jinan-telecom,wuhan-telecom,46.5112,0.0,icmp,1592514300,2020-06-18 21:05:00+00:00
169286507,jinan-telecom,wuhan-telecom,43.8862,0.0,icmp,1592514420,2020-06-18 21:07:00+00:00
169286722,jinan-telecom,wuhan-telecom,39.3546,0.0,icmp,1592514499,2020-06-18 21:08:19+00:00
169286964,jinan-telecom,wuhan-telecom,47.1481,0.0,icmp,1592514660,2020-06-18 21:11:00+00:00
169287180,jinan-telecom,wuhan-telecom,46.0543,0.0,icmp,1592514780,2020-06-18 21:13:00+00:00
169287410,jinan-telecom,wuhan-telecom,50.4798,0.0,icmp,1592514900,2020-06-18 21:15:00+00:00
169287645,jinan-telecom,wuhan-telecom,47.9683,0.0,icmp,1592515020,2020-06-18 21:17:00+00:00
169287861,jinan-telecom,wuhan-telecom,48.2665,0.0,icmp,1592515140,2020-06-18 21:19:00+00:00
169288109,jinan-telecom,wuhan-telecom,47.0662,0.0,icmp,1592515260,2020-06-18 21:21:00+00:00
169288341,jinan-telecom,wuhan-telecom,39.4274,0.0,icmp,1592515339,2020-06-18 21:22:19+00:00
169288542,jinan-telecom,wuhan-telecom,47.4243,0.0,icmp,1592515500,2020-06-18 21:25:00+00:00
169288771,jinan-telecom,wuhan-telecom,50.6965,0.0,icmp,1592515620,2020-06-18 21:27:00+00:00
169288999,jinan-telecom,wuhan-telecom,39.3523,0.0,icmp,1592515699,2020-06-18 21:28:19+00:00
169289227,jinan-telecom,wuhan-telecom,46.7466,0.0,icmp,1592515860,2020-06-18 21:31:00+00:00
169289455,jinan-telecom,wuhan-telecom,46.5255,0.0,icmp,1592515980,2020-06-18 21:33:00+00:00
169289714,jinan-telecom,wuhan-telecom,46.9605,0.0,icmp,1592516100,2020-06-18 21:35:00+00:00
169289910,jinan-telecom,wuhan-telecom,49.4373,0.0,icmp,1592516220,2020-06-18 21:37:00+00:00
169290155,jinan-telecom,wuhan-telecom,47.0641,0.0,icmp,1592516340,2020-06-18 21:39:00+00:00
169290390,jinan-telecom,wuhan-telecom,39.496,0.0,icmp,1592516479,2020-06-18 21:41:19+00:00
169290613,jinan-telecom,wuhan-telecom,47.8375,0.0,icmp,1592516580,2020-06-18 21:43:00+00:00
169290851,jinan-telecom,wuhan-telecom,39.4076,0.0,icmp,1592516659,2020-06-18 21:44:19+00:00
169291075,jinan-telecom,wuhan-telecom,47.2589,0.0,icmp,1592516820,2020-06-18 21:47:00+00:00
169291301,jinan-telecom,wuhan-telecom,39.544,0.0,icmp,1592516959,2020-06-18 21:49:19+00:00
169291536,jinan-telecom,wuhan-telecom,47.7279,0.0,icmp,1592517060,2020-06-18 21:51:00+00:00
169291751,jinan-telecom,wuhan-telecom,39.479,0.0,icmp,1592517139,2020-06-18 21:52:19+00:00
169291992,jinan-telecom,wuhan-telecom,41.4982,0.0,icmp,1592517300,2020-06-18 21:55:00+00:00
169292215,jinan-telecom,wuhan-telecom,47.0599,0.0,icmp,1592517420,2020-06-18 21:57:00+00:00
169292449,jinan-telecom,wuhan-telecom,46.0773,0.0,icmp,1592517540,2020-06-18 21:59:00+00:00
169292673,jinan-telecom,wuhan-telecom,47.3382,0.0,icmp,1592517660,2020-06-18 22:01:00+00:00
169292893,jinan-telecom,wuhan-telecom,39.7307,0.0,icmp,1592517739,2020-06-18 22:02:19+00:00
169293121,jinan-telecom,wuhan-telecom,48.2993,0.0,icmp,1592517900,2020-06-18 22:05:00+00:00
169293383,jinan-telecom,wuhan-telecom,45.6751,0.0,icmp,1592518020,2020-06-18 22:07:00+00:00
169293610,jinan-telecom,wuhan-telecom,46.8106,0.0,icmp,1592518140,2020-06-18 22:09:00+00:00
169293814,jinan-telecom,wuhan-telecom,46.7952,0.0,icmp,1592518260,2020-06-18 22:11:00+00:00
169294052,jinan-telecom,wuhan-telecom,48.2385,0.0,icmp,1592518380,2020-06-18 22:13:00+00:00
169294280,jinan-telecom,wuhan-telecom,39.3876,0.0,icmp,1592518459,2020-06-18 22:14:19+00:00
169294505,jinan-telecom,wuhan-telecom,48.6822,0.0,icmp,1592518620,2020-06-18 22:17:00+00:00
169294744,jinan-telecom,wuhan-telecom,48.9857,0.0,icmp,1592518740,2020-06-18 22:19:00+00:00
169294952,jinan-telecom,wuhan-telecom,47.3493,0.0,icmp,1592518860,2020-06-18 22:21:00+00:00
169295189,jinan-telecom,wuhan-telecom,46.7333,0.0,icmp,1592518980,2020-06-18 22:23:00+00:00
169295423,jinan-telecom,wuhan-telecom,47.0389,0.0,icmp,1592519100,2020-06-18 22:25:00+00:00
169295667,jinan-telecom,wuhan-telecom,44.4592,0.0,icmp,1592519220,2020-06-18 22:27:00+00:00
169295898,jinan-telecom,wuhan-telecom,47.0551,0.0,icmp,1592519340,2020-06-18 22:29:00+00:00
169296112,jinan-telecom,wuhan-telecom,45.7287,0.0,icmp,1592519460,2020-06-18 22:31:00+00:00
169296333,jinan-telecom,wuhan-telecom,39.3519,0.0,icmp,1592519539,2020-06-18 22:32:19+00:00
169296579,jinan-telecom,wuhan-telecom,45.4213,0.0,icmp,1592519700,2020-06-18 22:35:00+00:00
169296794,jinan-telecom,wuhan-telecom,45.0111,0.0,icmp,1592519820,2020-06-18 22:37:00+00:00
169297028,jinan-telecom,wuhan-telecom,45.2151,0.0,icmp,1592519940,2020-06-18 22:39:00+00:00
169297249,jinan-telecom,wuhan-telecom,46.2066,0.0,icmp,1592520060,2020-06-18 22:41:00+00:00
169297491,jinan-telecom,wuhan-telecom,44.7896,0.0,icmp,1592520180,2020-06-18 22:43:00+00:00
169297707,jinan-telecom,wuhan-telecom,46.0466,0.0,icmp,1592520300,2020-06-18 22:45:00+00:00
169297946,jinan-telecom,wuhan-telecom,47.2262,0.0,icmp,1592520420,2020-06-18 22:47:00+00:00
169298171,jinan-telecom,wuhan-telecom,47.069,0.0,icmp,1592520540,2020-06-18 22:49:00+00:00
169298395,jinan-telecom,wuhan-telecom,46.7099,0.0,icmp,1592520660,2020-06-18 22:51:00+00:00
169298619,jinan-telecom,wuhan-telecom,39.3671,0.0,icmp,1592520799,2020-06-18 22:53:19+00:00
169298847,jinan-telecom,wuhan-telecom,48.6727,0.0,icmp,1592520900,2020-06-18 22:55:00+00:00
169299070,jinan-telecom,wuhan-telecom,47.4659,0.0,icmp,1592521020,2020-06-18 22:57:00+00:00
169299338,jinan-telecom,wuhan-telecom,46.4552,0.0,icmp,1592521140,2020-06-18 22:59:00+00:00
169299536,jinan-telecom,wuhan-telecom,47.635,0.0,icmp,1592521260,2020-06-18 23:01:00+00:00
169299787,jinan-telecom,wuhan-telecom,48.7002,0.0,icmp,1592521380,2020-06-18 23:03:00+00:00
169299993,jinan-telecom,wuhan-telecom,46.0197,0.0,icmp,1592521500,2020-06-18 23:05:00+00:00
169300224,jinan-telecom,wuhan-telecom,47.2302,0.0,icmp,1592521620,2020-06-18 23:07:00+00:00
169300458,jinan-telecom,wuhan-telecom,47.186,0.0,icmp,1592521740,2020-06-18 23:09:00+00:00
169300695,jinan-telecom,wuhan-telecom,45.4231,0.0,icmp,1592521860,2020-06-18 23:11:00+00:00
169300920,jinan-telecom,wuhan-telecom,47.2018,0.0,icmp,1592521980,2020-06-18 23:13:00+00:00
169301151,jinan-telecom,wuhan-telecom,39.3759,0.0,icmp,1592522119,2020-06-18 23:15:19+00:00
169301372,jinan-telecom,wuhan-telecom,47.0237,0.0,icmp,1592522220,2020-06-18 23:17:00+00:00
169301604,jinan-telecom,wuhan-telecom,46.7936,0.0,icmp,1592522340,2020-06-18 23:19:00+00:00
169301822,jinan-telecom,wuhan-telecom,39.3374,0.0,icmp,1592522419,2020-06-18 23:20:19+00:00
169302065,jinan-telecom,wuhan-telecom,47.3303,0.0,icmp,1592522580,2020-06-18 23:23:00+00:00
169302309,jinan-telecom,wuhan-telecom,40.0978,0.0,icmp,1592522700,2020-06-18 23:25:00+00:00
169302509,jinan-telecom,wuhan-telecom,39.4257,0.0,icmp,1592522839,2020-06-18 23:27:19+00:00
169302730,jinan-telecom,wuhan-telecom,48.5208,0.0,icmp,1592522940,2020-06-18 23:29:00+00:00
169302983,jinan-telecom,wuhan-telecom,42.6653,0.0,icmp,1592523060,2020-06-18 23:31:00+00:00
169303218,jinan-telecom,wuhan-telecom,47.1382,0.0,icmp,1592523180,2020-06-18 23:33:00+00:00
169303433,jinan-telecom,wuhan-telecom,39.3493,0.0,icmp,1592523259,2020-06-18 23:34:19+00:00
169303662,jinan-telecom,wuhan-telecom,47.2433,0.0,icmp,1592523420,2020-06-18 23:37:00+00:00
169303891,jinan-telecom,wuhan-telecom,46.6908,0.0,icmp,1592523540,2020-06-18 23:39:00+00:00
169304137,jinan-telecom,wuhan-telecom,39.3244,0.0,icmp,1592523619,2020-06-18 23:40:19+00:00
169304351,jinan-telecom,wuhan-telecom,47.203,0.0,icmp,1592523780,2020-06-18 23:43:00+00:00
169304575,jinan-telecom,wuhan-telecom,47.2974,0.0,icmp,1592523900,2020-06-18 23:45:00+00:00
169304811,jinan-telecom,wuhan-telecom,46.3784,0.0,icmp,1592524020,2020-06-18 23:47:00+00:00
169305035,jinan-telecom,wuhan-telecom,47.1302,0.0,icmp,1592524140,2020-06-18 23:49:00+00:00
169305276,jinan-telecom,wuhan-telecom,46.6563,0.0,icmp,1592524260,2020-06-18 23:51:00+00:00
169305509,jinan-telecom,wuhan-telecom,47.041,0.0,icmp,1592524380,2020-06-18 23:53:00+00:00
169305743,jinan-telecom,wuhan-telecom,39.3196,0.0,icmp,1592524519,2020-06-18 23:55:19+00:00
169305960,jinan-telecom,wuhan-telecom,47.5254,0.0,icmp,1592524620,2020-06-18 23:57:00+00:00
169306197,jinan-telecom,wuhan-telecom,47.823,0.0,icmp,1592524740,2020-06-18 23:59:00+00:00
169306419,jinan-telecom,wuhan-telecom,39.4326,0.0,icmp,1592524819,2020-06-19 00:00:19+00:00
169306643,jinan-telecom,wuhan-telecom,47.2489,0.0,icmp,1592524980,2020-06-19 00:03:00+00:00
169306889,jinan-telecom,wuhan-telecom,41.4101,0.0,icmp,1592525100,2020-06-19 00:05:00+00:00
169307100,jinan-telecom,wuhan-telecom,47.0769,0.0,icmp,1592525220,2020-06-19 00:07:00+00:00
169307321,jinan-telecom,wuhan-telecom,39.5071,0.0,icmp,1592525299,2020-06-19 00:08:19+00:00
169307553,jinan-telecom,wuhan-telecom,47.7906,0.0,icmp,1592525460,2020-06-19 00:11:00+00:00
169307778,jinan-telecom,wuhan-telecom,48.1648,0.0,icmp,1592525580,2020-06-19 00:13:00+00:00
169308007,jinan-telecom,wuhan-telecom,47.9158,0.0,icmp,1592525700,2020-06-19 00:15:00+00:00
169308244,jinan-telecom,wuhan-telecom,48.3946,0.0,icmp,1592525820,2020-06-19 00:17:00+00:00
169308480,jinan-telecom,wuhan-telecom,48.1137,0.0,icmp,1592525940,2020-06-19 00:19:00+00:00
169308690,jinan-telecom,wuhan-telecom,47.0777,0.0,icmp,1592526060,2020-06-19 00:21:00+00:00
169308918,jinan-telecom,wuhan-telecom,46.914,0.0,icmp,1592526180,2020-06-19 00:23:00+00:00
169309151,jinan-telecom,wuhan-telecom,46.5694,0.0,icmp,1592526300,2020-06-19 00:25:00+00:00
169309377,jinan-telecom,wuhan-telecom,46.219,0.0,icmp,1592526420,2020-06-19 00:27:00+00:00
169309630,jinan-telecom,wuhan-telecom,48.1144,0.0,icmp,1592526540,2020-06-19 00:29:00+00:00
169309840,jinan-telecom,wuhan-telecom,45.3155,0.0,icmp,1592526660,2020-06-19 00:31:00+00:00
169310067,jinan-telecom,wuhan-telecom,45.0363,0.0,icmp,1592526780,2020-06-19 00:33:00+00:00
169310302,jinan-telecom,wuhan-telecom,47.8685,0.0,icmp,1592526900,2020-06-19 00:35:00+00:00
169310520,jinan-telecom,wuhan-telecom,47.4954,0.0,icmp,1592527020,2020-06-19 00:37:00+00:00
169310744,jinan-telecom,wuhan-telecom,46.9159,0.0,icmp,1592527140,2020-06-19 00:39:00+00:00
169310990,jinan-telecom,wuhan-telecom,43.3653,0.0,icmp,1592527260,2020-06-19 00:41:00+00:00
169311211,jinan-telecom,wuhan-telecom,46.7323,0.0,icmp,1592527380,2020-06-19 00:43:00+00:00
169311431,jinan-telecom,wuhan-telecom,45.3497,0.0,icmp,1592527500,2020-06-19 00:45:00+00:00
169311665,jinan-telecom,wuhan-telecom,49.2452,0.0,icmp,1592527620,2020-06-19 00:47:00+00:00
169311882,jinan-telecom,wuhan-telecom,39.4314,0.0,icmp,1592527699,2020-06-19 00:48:19+00:00
169312125,jinan-telecom,wuhan-telecom,39.3595,0.0,icmp,1592527879,2020-06-19 00:51:19+00:00
169312352,jinan-telecom,wuhan-telecom,41.7458,0.0,icmp,1592527980,2020-06-19 00:53:00+00:00
169312591,jinan-telecom,wuhan-telecom,47.1268,0.0,icmp,1592528100,2020-06-19 00:55:00+00:00
169312814,jinan-telecom,wuhan-telecom,43.0312,0.0,icmp,1592528220,2020-06-19 00:57:00+00:00
169313033,jinan-telecom,wuhan-telecom,39.4707,0.0,icmp,1592528359,2020-06-19 00:59:19+00:00
169313261,jinan-telecom,wuhan-telecom,47.8477,0.0,icmp,1592528460,2020-06-19 01:01:00+00:00
169313485,jinan-telecom,wuhan-telecom,45.5869,0.0,icmp,1592528580,2020-06-19 01:03:00+00:00
169313714,jinan-telecom,wuhan-telecom,44.5851,0.0,icmp,1592528700,2020-06-19 01:05:00+00:00
169313951,jinan-telecom,wuhan-telecom,43.8903,0.0,icmp,1592528820,2020-06-19 01:07:00+00:00
169314161,jinan-telecom,wuhan-telecom,50.5822,0.0,icmp,1592528940,2020-06-19 01:09:00+00:00
169314425,jinan-telecom,wuhan-telecom,46.2648,0.0,icmp,1592529060,2020-06-19 01:11:00+00:00
169314634,jinan-telecom,wuhan-telecom,41.1936,0.0,icmp,1592529180,2020-06-19 01:13:00+00:00
169314863,jinan-telecom,wuhan-telecom,39.3997,0.0,icmp,1592529259,2020-06-19 01:14:19+00:00
169315114,jinan-telecom,wuhan-telecom,47.9385,0.0,icmp,1592529420,2020-06-19 01:17:00+00:00
169315308,jinan-telecom,wuhan-telecom,45.8265,0.0,icmp,1592529540,2020-06-19 01:19:00+00:00
169315557,jinan-telecom,wuhan-telecom,48.3254,0.0,icmp,1592529660,2020-06-19 01:21:00+00:00
169315789,jinan-telecom,wuhan-telecom,47.7311,0.0,icmp,1592529780,2020-06-19 01:23:00+00:00
169316008,jinan-telecom,wuhan-telecom,46.0214,0.0,icmp,1592529900,2020-06-19 01:25:00+00:00
169316256,jinan-telecom,wuhan-telecom,49.8117,0.0,icmp,1592530020,2020-06-19 01:27:00+00:00
169316475,jinan-telecom,wuhan-telecom,47.3027,0.0,icmp,1592530140,2020-06-19 01:29:00+00:00
169316709,jinan-telecom,wuhan-telecom,42.2892,0.0,icmp,1592530260,2020-06-19 01:31:00+00:00
169316950,jinan-telecom,wuhan-telecom,45.831,0.0,icmp,1592530380,2020-06-19 01:33:00+00:00
169317152,jinan-telecom,wuhan-telecom,45.042,0.0,icmp,1592530500,2020-06-19 01:35:00+00:00
169317377,jinan-telecom,wuhan-telecom,39.4329,0.0,icmp,1592530579,2020-06-19 01:36:19+00:00
169317631,jinan-telecom,wuhan-telecom,46.2269,0.0,icmp,1592530740,2020-06-19 01:39:00+00:00
169317863,jinan-telecom,wuhan-telecom,39.7161,0.0,icmp,1592530819,2020-06-19 01:40:19+00:00
169318091,jinan-telecom,wuhan-telecom,46.3325,0.0,icmp,1592530980,2020-06-19 01:43:00+00:00
169318302,jinan-telecom,wuhan-telecom,45.951,0.0,icmp,1592531100,2020-06-19 01:45:00+00:00
169318531,jinan-telecom,wuhan-telecom,47.4843,0.0,icmp,1592531220,2020-06-19 01:47:00+00:00
169318753,jinan-telecom,wuhan-telecom,39.5343,0.0,icmp,1592531359,2020-06-19 01:49:19+00:00
169318993,jinan-telecom,wuhan-telecom,46.3918,0.0,icmp,1592531460,2020-06-19 01:51:00+00:00
169319222,jinan-telecom,wuhan-telecom,44.7909,0.0,icmp,1592531580,2020-06-19 01:53:00+00:00
169319467,jinan-telecom,wuhan-telecom,49.8695,0.0,icmp,1592531700,2020-06-19 01:55:00+00:00
169319686,jinan-telecom,wuhan-telecom,39.69,0.0,icmp,1592531839,2020-06-19 01:57:19+00:00
169319901,jinan-telecom,wuhan-telecom,46.5257,0.0,icmp,1592531940,2020-06-19 01:59:00+00:00
169320129,jinan-telecom,wuhan-telecom,45.4668,0.0,icmp,1592532060,2020-06-19 02:01:00+00:00
169320371,jinan-telecom,wuhan-telecom,45.7177,0.0,icmp,1592532180,2020-06-19 02:03:00+00:00
169320593,jinan-telecom,wuhan-telecom,48.6195,0.0,icmp,1592532300,2020-06-19 02:05:00+00:00
169320818,jinan-telecom,wuhan-telecom,46.9506,0.0,icmp,1592532420,2020-06-19 02:07:00+00:00
169321064,jinan-telecom,wuhan-telecom,44.8014,0.0,icmp,1592532540,2020-06-19 02:09:00+00:00
169321279,jinan-telecom,wuhan-telecom,48.7407,0.0,icmp,1592532660,2020-06-19 02:11:00+00:00
169321523,jinan-telecom,wuhan-telecom,39.6091,0.0,icmp,1592532799,2020-06-19 02:13:19+00:00
169321734,jinan-telecom,wuhan-telecom,46.8997,0.0,icmp,1592532900,2020-06-19 02:15:00+00:00
169321973,jinan-telecom,wuhan-telecom,39.2933,0.0,icmp,1592532979,2020-06-19 02:16:19+00:00
169322207,jinan-telecom,wuhan-telecom,47.5373,0.0,icmp,1592533140,2020-06-19 02:19:00+00:00
169322431,jinan-telecom,wuhan-telecom,46.5688,0.0,icmp,1592533260,2020-06-19 02:21:00+00:00
169322668,jinan-telecom,wuhan-telecom,44.978,0.0,icmp,1592533380,2020-06-19 02:23:00+00:00
169322895,jinan-telecom,wuhan-telecom,47.6485,0.0,icmp,1592533500,2020-06-19 02:25:00+00:00
169323082,jinan-telecom,wuhan-telecom,46.8479,0.0,icmp,1592533620,2020-06-19 02:27:00+00:00
169323351,jinan-telecom,wuhan-telecom,46.7239,0.0,icmp,1592533740,2020-06-19 02:29:00+00:00
169323563,jinan-telecom,wuhan-telecom,47.3271,0.0,icmp,1592533860,2020-06-19 02:31:00+00:00
169323801,jinan-telecom,wuhan-telecom,39.3492,0.0,icmp,1592533939,2020-06-19 02:32:19+00:00
169324042,jinan-telecom,wuhan-telecom,46.29,0.0,icmp,1592534100,2020-06-19 02:35:00+00:00
169324228,jinan-telecom,wuhan-telecom,47.6866,0.0,icmp,1592534220,2020-06-19 02:37:00+00:00
169324484,jinan-telecom,wuhan-telecom,47.0537,0.0,icmp,1592534340,2020-06-19 02:39:00+00:00
169324717,jinan-telecom,wuhan-telecom,46.425,0.0,icmp,1592534460,2020-06-19 02:41:00+00:00
169324942,jinan-telecom,wuhan-telecom,46.1789,0.0,icmp,1592534580,2020-06-19 02:43:00+00:00
169325167,jinan-telecom,wuhan-telecom,47.6962,0.0,icmp,1592534700,2020-06-19 02:45:00+00:00
169325404,jinan-telecom,wuhan-telecom,39.3739,0.0,icmp,1592534779,2020-06-19 02:46:19+00:00
169325625,jinan-telecom,wuhan-telecom,42.2496,0.0,icmp,1592534940,2020-06-19 02:49:00+00:00
169325868,jinan-telecom,wuhan-telecom,39.4688,0.0,icmp,1592535005,2020-06-19 02:50:05+00:00
169326090,jinan-telecom,wuhan-telecom,47.2856,0.0,icmp,1592535180,2020-06-19 02:53:00+00:00
169326335,jinan-telecom,wuhan-telecom,39.3754,0.0,icmp,1592535259,2020-06-19 02:54:19+00:00
169326556,jinan-telecom,wuhan-telecom,39.4291,0.0,icmp,1592535379,2020-06-19 02:56:19+00:00
169326803,jinan-telecom,wuhan-telecom,46.845,0.0,icmp,1592535540,2020-06-19 02:59:00+00:00
169327009,jinan-telecom,wuhan-telecom,43.6294,0.0,icmp,1592535660,2020-06-19 03:01:00+00:00
169327257,jinan-telecom,wuhan-telecom,39.3334,0.0,icmp,1592535739,2020-06-19 03:02:19+00:00
169327458,jinan-telecom,wuhan-telecom,46.6809,0.0,icmp,1592535900,2020-06-19 03:05:00+00:00
169327702,jinan-telecom,wuhan-telecom,45.483,0.0,icmp,1592536020,2020-06-19 03:07:00+00:00
169327918,jinan-telecom,wuhan-telecom,48.7601,0.0,icmp,1592536140,2020-06-19 03:09:00+00:00
169328155,jinan-telecom,wuhan-telecom,39.6478,0.0,icmp,1592536279,2020-06-19 03:11:19+00:00
169328366,jinan-telecom,wuhan-telecom,48.5528,0.0,icmp,1592536380,2020-06-19 03:13:00+00:00
169328618,jinan-telecom,wuhan-telecom,46.568,0.0,icmp,1592536500,2020-06-19 03:15:00+00:00
169328849,jinan-telecom,wuhan-telecom,46.7079,0.0,icmp,1592536620,2020-06-19 03:17:00+00:00
169329068,jinan-telecom,wuhan-telecom,46.7055,0.0,icmp,1592536740,2020-06-19 03:19:00+00:00
169329316,jinan-telecom,wuhan-telecom,39.3552,0.0,icmp,1592536879,2020-06-19 03:21:19+00:00
169329530,jinan-telecom,wuhan-telecom,39.3104,0.0,icmp,1592536999,2020-06-19 03:23:19+00:00
169329770,jinan-telecom,wuhan-telecom,46.5451,0.0,icmp,1592537100,2020-06-19 03:25:00+00:00
169329995,jinan-telecom,wuhan-telecom,49.4809,0.0,icmp,1592537220,2020-06-19 03:27:00+00:00
169330210,jinan-telecom,wuhan-telecom,47.3086,0.0,icmp,1592537340,2020-06-19 03:29:00+00:00
169330431,jinan-telecom,wuhan-telecom,47.6951,0.0,icmp,1592537460,2020-06-19 03:31:00+00:00
169330677,jinan-telecom,wuhan-telecom,39.4664,0.0,icmp,1592537525,2020-06-19 03:32:05+00:00
169330895,jinan-telecom,wuhan-telecom,47.2031,0.0,icmp,1592537700,2020-06-19 03:35:00+00:00
169331125,jinan-telecom,wuhan-telecom,39.3724,0.0,icmp,1592537779,2020-06-19 03:36:19+00:00
169331358,jinan-telecom,wuhan-telecom,47.1597,0.0,icmp,1592537940,2020-06-19 03:39:00+00:00
169331597,jinan-telecom,wuhan-telecom,46.9524,0.0,icmp,1592538060,2020-06-19 03:41:00+00:00
169331823,jinan-telecom,wuhan-telecom,45.743,0.0,icmp,1592538180,2020-06-19 03:43:00+00:00
169332048,jinan-telecom,wuhan-telecom,39.3401,0.0,icmp,1592538319,2020-06-19 03:45:19+00:00
169332281,jinan-telecom,wuhan-telecom,47.8846,0.0,icmp,1592538420,2020-06-19 03:47:00+00:00
169332513,jinan-telecom,wuhan-telecom,47.1174,0.0,icmp,1592538540,2020-06-19 03:49:00+00:00
169332728,jinan-telecom,wuhan-telecom,39.4491,0.0,icmp,1592538619,2020-06-19 03:50:19+00:00
169332955,jinan-telecom,wuhan-telecom,47.4079,0.0,icmp,1592538780,2020-06-19 03:53:00+00:00
169333177,jinan-telecom,wuhan-telecom,48.4989,0.0,icmp,1592538900,2020-06-19 03:55:00+00:00
169333384,jinan-telecom,wuhan-telecom,39.3366,0.0,icmp,1592538979,2020-06-19 03:56:19+00:00
169333602,jinan-telecom,wuhan-telecom,46.9368,0.0,icmp,1592539140,2020-06-19 03:59:00+00:00
169333824,jinan-telecom,wuhan-telecom,45.5588,0.0,icmp,1592539260,2020-06-19 04:01:00+00:00
169334285,jinan-telecom,wuhan-telecom,42.5242,0.0,icmp,1592539500,2020-06-19 04:05:00+00:00
169334496,jinan-telecom,wuhan-telecom,49.8581,0.0,icmp,1592539620,2020-06-19 04:07:00+00:00
169334721,jinan-telecom,wuhan-telecom,52.6025,0.0,icmp,1592539740,2020-06-19 04:09:00+00:00
169334940,jinan-telecom,wuhan-telecom,41.6084,0.0,icmp,1592539860,2020-06-19 04:11:00+00:00
169335158,jinan-telecom,wuhan-telecom,41.1052,0.0,icmp,1592539980,2020-06-19 04:13:00+00:00
169335373,jinan-telecom,wuhan-telecom,40.5676,0.0,icmp,1592540100,2020-06-19 04:15:00+00:00
169335594,jinan-telecom,wuhan-telecom,44.6157,0.0,icmp,1592540220,2020-06-19 04:17:00+00:00
169335810,jinan-telecom,wuhan-telecom,40.7873,0.0,icmp,1592540340,2020-06-19 04:19:00+00:00
169336016,jinan-telecom,wuhan-telecom,45.9001,0.0,icmp,1592540460,2020-06-19 04:21:00+00:00
169336253,jinan-telecom,wuhan-telecom,41.8836,0.0,icmp,1592540580,2020-06-19 04:23:00+00:00
169336485,jinan-telecom,wuhan-telecom,45.3008,0.0,icmp,1592540700,2020-06-19 04:25:00+00:00
169336709,jinan-telecom,wuhan-telecom,47.1554,0.0,icmp,1592540820,2020-06-19 04:27:00+00:00
169336934,jinan-telecom,wuhan-telecom,39.3226,0.0,icmp,1592540959,2020-06-19 04:29:19+00:00
169337156,jinan-telecom,wuhan-telecom,49.6546,0.0,icmp,1592541060,2020-06-19 04:31:00+00:00
169337406,jinan-telecom,wuhan-telecom,39.3294,0.0,icmp,1592541199,2020-06-19 04:33:19+00:00
169337625,jinan-telecom,wuhan-telecom,47.0979,0.0,icmp,1592541304,2020-06-19 04:35:04+00:00
169337846,jinan-telecom,wuhan-telecom,45.315,0.0,icmp,1592541420,2020-06-19 04:37:00+00:00
169338083,jinan-telecom,wuhan-telecom,46.8437,0.0,icmp,1592541540,2020-06-19 04:39:00+00:00
169338305,jinan-telecom,wuhan-telecom,46.2366,0.0,icmp,1592541660,2020-06-19 04:41:00+00:00
169338532,jinan-telecom,wuhan-telecom,50.7942,0.0,icmp,1592541780,2020-06-19 04:43:00+00:00
169338768,jinan-telecom,wuhan-telecom,39.509,0.0,icmp,1592541905,2020-06-19 04:45:05+00:00
169338977,jinan-telecom,wuhan-telecom,49.6154,0.0,icmp,1592542020,2020-06-19 04:47:00+00:00
169339218,jinan-telecom,wuhan-telecom,46.3274,0.0,icmp,1592542140,2020-06-19 04:49:00+00:00
169339448,jinan-telecom,wuhan-telecom,43.8038,0.0,icmp,1592542260,2020-06-19 04:51:00+00:00
169339664,jinan-telecom,wuhan-telecom,39.3032,0.0,icmp,1592542399,2020-06-19 04:53:19+00:00
169339907,jinan-telecom,wuhan-telecom,48.1638,0.0,icmp,1592542500,2020-06-19 04:55:00+00:00
169340124,jinan-telecom,wuhan-telecom,39.4674,0.0,icmp,1592542579,2020-06-19 04:56:19+00:00
169340343,jinan-telecom,wuhan-telecom,46.4195,0.0,icmp,1592542740,2020-06-19 04:59:00+00:00
169340587,jinan-telecom,wuhan-telecom,45.3013,0.0,icmp,1592542860,2020-06-19 05:01:00+00:00
169340792,jinan-telecom,wuhan-telecom,47.3459,0.0,icmp,1592542980,2020-06-19 05:03:00+00:00
169341032,jinan-telecom,wuhan-telecom,50.2074,0.0,icmp,1592543100,2020-06-19 05:05:00+00:00
169341281,jinan-telecom,wuhan-telecom,48.2543,0.0,icmp,1592543220,2020-06-19 05:07:00+00:00
169341491,jinan-telecom,wuhan-telecom,39.3205,0.0,icmp,1592543299,2020-06-19 05:08:19+00:00
169341729,jinan-telecom,wuhan-telecom,49.2864,0.0,icmp,1592543460,2020-06-19 05:11:00+00:00
169341943,jinan-telecom,wuhan-telecom,46.6632,0.0,icmp,1592543580,2020-06-19 05:13:00+00:00
169342175,jinan-telecom,wuhan-telecom,39.6743,0.0,icmp,1592543719,2020-06-19 05:15:19+00:00
169342397,jinan-telecom,wuhan-telecom,39.5273,0.0,icmp,1592543839,2020-06-19 05:17:19+00:00
169342638,jinan-telecom,wuhan-telecom,39.4196,0.0,icmp,1592543959,2020-06-19 05:19:19+00:00
169342866,jinan-telecom,wuhan-telecom,44.3989,0.0,icmp,1592544060,2020-06-19 05:21:00+00:00
169343110,jinan-telecom,wuhan-telecom,46.663,0.0,icmp,1592544180,2020-06-19 05:23:00+00:00
169343318,jinan-telecom,wuhan-telecom,47.4676,0.0,icmp,1592544300,2020-06-19 05:25:00+00:00
169343538,jinan-telecom,wuhan-telecom,39.6495,0.0,icmp,1592544364,2020-06-19 05:26:04+00:00
169343789,jinan-telecom,wuhan-telecom,45.7535,0.0,icmp,1592544540,2020-06-19 05:29:00+00:00
169344006,jinan-telecom,wuhan-telecom,46.1328,0.0,icmp,1592544660,2020-06-19 05:31:00+00:00
169344239,jinan-telecom,wuhan-telecom,45.8774,0.0,icmp,1592544780,2020-06-19 05:33:00+00:00
169344477,jinan-telecom,wuhan-telecom,39.9268,0.0,icmp,1592544919,2020-06-19 05:35:19+00:00
169344685,jinan-telecom,wuhan-telecom,46.6947,0.0,icmp,1592545020,2020-06-19 05:37:00+00:00
169344932,jinan-telecom,wuhan-telecom,45.2611,0.0,icmp,1592545140,2020-06-19 05:39:00+00:00
169345141,jinan-telecom,wuhan-telecom,48.3186,0.0,icmp,1592545260,2020-06-19 05:41:00+00:00
169345376,jinan-telecom,wuhan-telecom,47.6468,0.0,icmp,1592545380,2020-06-19 05:43:00+00:00
169345598,jinan-telecom,wuhan-telecom,46.983,0.0,icmp,1592545500,2020-06-19 05:45:00+00:00
169345831,jinan-telecom,wuhan-telecom,39.6029,0.0,icmp,1592545624,2020-06-19 05:47:04+00:00
169346046,jinan-telecom,wuhan-telecom,47.1127,0.0,icmp,1592545740,2020-06-19 05:49:00+00:00
169346291,jinan-telecom,wuhan-telecom,39.2923,0.0,icmp,1592545819,2020-06-19 05:50:19+00:00
169346532,jinan-telecom,wuhan-telecom,39.3181,0.0,icmp,1592545999,2020-06-19 05:53:19+00:00
169346746,jinan-telecom,wuhan-telecom,48.557,0.0,icmp,1592546100,2020-06-19 05:55:00+00:00
169346949,jinan-telecom,wuhan-telecom,47.7568,0.0,icmp,1592546220,2020-06-19 05:57:00+00:00
169347205,jinan-telecom,wuhan-telecom,46.8573,0.0,icmp,1592546340,2020-06-19 05:59:00+00:00
169347423,jinan-telecom,wuhan-telecom,48.6798,0.0,icmp,1592546460,2020-06-19 06:01:00+00:00
169347642,jinan-telecom,wuhan-telecom,39.4718,0.0,icmp,1592546599,2020-06-19 06:03:19+00:00
169347888,jinan-telecom,wuhan-telecom,50.9674,0.0,icmp,1592546700,2020-06-19 06:05:00+00:00
169348120,jinan-telecom,wuhan-telecom,42.3487,0.0,icmp,1592546826,2020-06-19 06:07:06+00:00
169348324,jinan-telecom,wuhan-telecom,46.5174,0.0,icmp,1592546940,2020-06-19 06:09:00+00:00
169348562,jinan-telecom,wuhan-telecom,48.1954,0.0,icmp,1592547060,2020-06-19 06:11:00+00:00
169348781,jinan-telecom,wuhan-telecom,43.0817,0.0,icmp,1592547180,2020-06-19 06:13:00+00:00
169349018,jinan-telecom,wuhan-telecom,48.2512,0.0,icmp,1592547300,2020-06-19 06:15:00+00:00
169349254,jinan-telecom,wuhan-telecom,39.5508,0.0,icmp,1592547439,2020-06-19 06:17:19+00:00
169349468,jinan-telecom,wuhan-telecom,47.1804,0.0,icmp,1592547540,2020-06-19 06:19:00+00:00
169349694,jinan-telecom,wuhan-telecom,48.5379,0.0,icmp,1592547660,2020-06-19 06:21:00+00:00
169349921,jinan-telecom,wuhan-telecom,46.7009,0.0,icmp,1592547780,2020-06-19 06:23:00+00:00
169350164,jinan-telecom,wuhan-telecom,48.3791,0.0,icmp,1592547900,2020-06-19 06:25:00+00:00
169350417,jinan-telecom,wuhan-telecom,48.2414,0.0,icmp,1592548020,2020-06-19 06:27:00+00:00
169350609,jinan-telecom,wuhan-telecom,48.2544,0.0,icmp,1592548140,2020-06-19 06:29:00+00:00
169350856,jinan-telecom,wuhan-telecom,39.3114,0.0,icmp,1592548279,2020-06-19 06:31:19+00:00
169351072,jinan-telecom,wuhan-telecom,45.7621,0.0,icmp,1592548380,2020-06-19 06:33:00+00:00
174762759,jinan-telecom,wuhan-telecom,46.6836,0.0,icmp,1592548500,2020-06-19 06:35:00+00:00
174763000,jinan-telecom,wuhan-telecom,45.6066,0.0,icmp,1592548620,2020-06-19 06:37:00+00:00
174763247,jinan-telecom,wuhan-telecom,42.8069,0.0,icmp,1592548740,2020-06-19 06:39:00+00:00
174763475,jinan-telecom,wuhan-telecom,48.4257,0.0,icmp,1592548860,2020-06-19 06:41:00+00:00
174763720,jinan-telecom,wuhan-telecom,47.6618,0.0,icmp,1592548980,2020-06-19 06:43:00+00:00
174763926,jinan-telecom,wuhan-telecom,46.6804,0.0,icmp,1592549100,2020-06-19 06:45:00+00:00
174764178,jinan-telecom,wuhan-telecom,47.5182,0.0,icmp,1592549220,2020-06-19 06:47:00+00:00
174764399,jinan-telecom,wuhan-telecom,48.7353,0.0,icmp,1592549340,2020-06-19 06:49:00+00:00
174764620,jinan-telecom,wuhan-telecom,39.3182,0.0,icmp,1592549479,2020-06-19 06:51:19+00:00
174764826,jinan-telecom,wuhan-telecom,47.9875,0.0,icmp,1592549580,2020-06-19 06:53:00+00:00
174765094,jinan-telecom,wuhan-telecom,48.6677,0.0,icmp,1592549700,2020-06-19 06:55:00+00:00
174765295,jinan-telecom,wuhan-telecom,48.0788,0.0,icmp,1592549820,2020-06-19 06:57:00+00:00
174765513,jinan-telecom,wuhan-telecom,47.0222,0.0,icmp,1592549940,2020-06-19 06:59:00+00:00
174765740,jinan-telecom,wuhan-telecom,46.7739,0.0,icmp,1592550060,2020-06-19 07:01:00+00:00
174765986,jinan-telecom,wuhan-telecom,39.371,0.0,icmp,1592550139,2020-06-19 07:02:19+00:00
174766226,jinan-telecom,wuhan-telecom,48.0493,0.0,icmp,1592550300,2020-06-19 07:05:00+00:00
174766439,jinan-telecom,wuhan-telecom,46.6961,0.0,icmp,1592550420,2020-06-19 07:07:00+00:00
174766656,jinan-telecom,wuhan-telecom,39.3592,0.0,icmp,1592550559,2020-06-19 07:09:19+00:00
174766888,jinan-telecom,wuhan-telecom,39.4575,0.0,icmp,1592550679,2020-06-19 07:11:19+00:00
174767140,jinan-telecom,wuhan-telecom,46.6567,0.0,icmp,1592550780,2020-06-19 07:13:00+00:00
174767354,jinan-telecom,wuhan-telecom,46.539,0.0,icmp,1592550900,2020-06-19 07:15:00+00:00
174767581,jinan-telecom,wuhan-telecom,39.5596,0.0,icmp,1592550979,2020-06-19 07:16:19+00:00
174767810,jinan-telecom,wuhan-telecom,48.9978,0.0,icmp,1592551140,2020-06-19 07:19:00+00:00
174768025,jinan-telecom,wuhan-telecom,44.6985,0.0,icmp,1592551260,2020-06-19 07:21:00+00:00
174768258,jinan-telecom,wuhan-telecom,39.3447,0.0,icmp,1592551399,2020-06-19 07:23:19+00:00
174768487,jinan-telecom,wuhan-telecom,42.4217,0.0,icmp,1592551500,2020-06-19 07:25:00+00:00
174768732,jinan-telecom,wuhan-telecom,39.5011,0.0,icmp,1592551579,2020-06-19 07:26:19+00:00
174768960,jinan-telecom,wuhan-telecom,43.9639,0.0,icmp,1592551740,2020-06-19 07:29:00+00:00
174769168,jinan-telecom,wuhan-telecom,46.6531,0.0,icmp,1592551860,2020-06-19 07:31:00+00:00
174769413,jinan-telecom,wuhan-telecom,48.486,0.0,icmp,1592551980,2020-06-19 07:33:00+00:00
174769640,jinan-telecom,wuhan-telecom,47.6613,0.0,icmp,1592552100,2020-06-19 07:35:00+00:00
174769846,jinan-telecom,wuhan-telecom,48.0145,0.0,icmp,1592552220,2020-06-19 07:37:00+00:00
174770109,jinan-telecom,wuhan-telecom,39.3955,0.0,icmp,1592552299,2020-06-19 07:38:19+00:00
174770321,jinan-telecom,wuhan-telecom,39.5206,0.0,icmp,1592552404,2020-06-19 07:40:04+00:00
174770529,jinan-telecom,wuhan-telecom,47.5553,0.0,icmp,1592552580,2020-06-19 07:43:00+00:00
174770763,jinan-telecom,wuhan-telecom,47.13,0.0,icmp,1592552700,2020-06-19 07:45:00+00:00
174770988,jinan-telecom,wuhan-telecom,46.496,0.0,icmp,1592552820,2020-06-19 07:47:00+00:00
174771239,jinan-telecom,wuhan-telecom,39.6925,0.0,icmp,1592552959,2020-06-19 07:49:19+00:00
174771450,jinan-telecom,wuhan-telecom,46.4078,0.0,icmp,1592553060,2020-06-19 07:51:00+00:00
174771690,jinan-telecom,wuhan-telecom,39.3333,0.0,icmp,1592553199,2020-06-19 07:53:19+00:00
174771929,jinan-telecom,wuhan-telecom,45.6632,0.0,icmp,1592553300,2020-06-19 07:55:00+00:00
174772132,jinan-telecom,wuhan-telecom,48.9561,0.0,icmp,1592553420,2020-06-19 07:57:00+00:00
174772357,jinan-telecom,wuhan-telecom,39.6109,0.0,icmp,1592553559,2020-06-19 07:59:19+00:00
174772610,jinan-telecom,wuhan-telecom,47.0252,0.0,icmp,1592553660,2020-06-19 08:01:00+00:00
174772826,jinan-telecom,wuhan-telecom,46.1681,0.0,icmp,1592553780,2020-06-19 08:03:00+00:00
174773072,jinan-telecom,wuhan-telecom,39.3497,0.0,icmp,1592553859,2020-06-19 08:04:19+00:00
174773267,jinan-telecom,wuhan-telecom,47.0095,0.0,icmp,1592554020,2020-06-19 08:07:00+00:00
174773500,jinan-telecom,wuhan-telecom,47.9705,0.0,icmp,1592554140,2020-06-19 08:09:00+00:00
174773737,jinan-telecom,wuhan-telecom,39.4119,0.0,icmp,1592554279,2020-06-19 08:11:19+00:00
174773954,jinan-telecom,wuhan-telecom,46.5532,0.0,icmp,1592554380,2020-06-19 08:13:00+00:00
174774190,jinan-telecom,wuhan-telecom,47.8496,0.0,icmp,1592554500,2020-06-19 08:15:00+00:00
174774413,jinan-telecom,wuhan-telecom,42.1939,0.0,icmp,1592554620,2020-06-19 08:17:00+00:00
174774641,jinan-telecom,wuhan-telecom,48.868,0.0,icmp,1592554740,2020-06-19 08:19:00+00:00
174774878,jinan-telecom,wuhan-telecom,47.0762,0.0,icmp,1592554860,2020-06-19 08:21:00+00:00
174775115,jinan-telecom,wuhan-telecom,46.1851,0.0,icmp,1592554980,2020-06-19 08:23:00+00:00
174775330,jinan-telecom,wuhan-telecom,48.9671,0.0,icmp,1592555100,2020-06-19 08:25:00+00:00
174775554,jinan-telecom,wuhan-telecom,39.3666,0.0,icmp,1592555179,2020-06-19 08:26:19+00:00
174775790,jinan-telecom,wuhan-telecom,46.3096,0.0,icmp,1592555340,2020-06-19 08:29:00+00:00
174775997,jinan-telecom,wuhan-telecom,46.1292,0.0,icmp,1592555460,2020-06-19 08:31:00+00:00
174776249,jinan-telecom,wuhan-telecom,39.3268,0.0,icmp,1592555539,2020-06-19 08:32:19+00:00
174776469,jinan-telecom,wuhan-telecom,39.336,0.0,icmp,1592555719,2020-06-19 08:35:19+00:00
174776695,jinan-telecom,wuhan-telecom,49.1014,0.0,icmp,1592555820,2020-06-19 08:37:00+00:00
174776938,jinan-telecom,wuhan-telecom,41.9245,0.0,icmp,1592555940,2020-06-19 08:39:00+00:00
174777162,jinan-telecom,wuhan-telecom,47.8691,0.0,icmp,1592556060,2020-06-19 08:41:00+00:00
174777392,jinan-telecom,wuhan-telecom,39.3425,0.0,icmp,1592556139,2020-06-19 08:42:19+00:00
174777599,jinan-telecom,wuhan-telecom,39.3226,0.0,icmp,1592556259,2020-06-19 08:44:19+00:00
174777833,jinan-telecom,wuhan-telecom,46.4219,0.0,icmp,1592556420,2020-06-19 08:47:00+00:00
174778069,jinan-telecom,wuhan-telecom,39.5674,0.0,icmp,1592556559,2020-06-19 08:49:19+00:00
174778286,jinan-telecom,wuhan-telecom,39.3564,0.0,icmp,1592556679,2020-06-19 08:51:19+00:00
174778529,jinan-telecom,wuhan-telecom,41.0945,0.0,icmp,1592556780,2020-06-19 08:53:00+00:00
174778761,jinan-telecom,wuhan-telecom,39.3356,0.0,icmp,1592556859,2020-06-19 08:54:19+00:00
174778991,jinan-telecom,wuhan-telecom,51.7065,0.0,icmp,1592557020,2020-06-19 08:57:00+00:00
174779206,jinan-telecom,wuhan-telecom,45.8469,0.0,icmp,1592557140,2020-06-19 08:59:00+00:00
174779448,jinan-telecom,wuhan-telecom,46.5691,0.0,icmp,1592557260,2020-06-19 09:01:00+00:00
174779668,jinan-telecom,wuhan-telecom,45.6807,0.0,icmp,1592557380,2020-06-19 09:03:00+00:00
174779876,jinan-telecom,wuhan-telecom,39.4001,0.0,icmp,1592557459,2020-06-19 09:04:19+00:00
174780122,jinan-telecom,wuhan-telecom,48.387,0.0,icmp,1592557620,2020-06-19 09:07:00+00:00
174780360,jinan-telecom,wuhan-telecom,49.3529,0.0,icmp,1592557740,2020-06-19 09:09:00+00:00
174780580,jinan-telecom,wuhan-telecom,48.0637,0.0,icmp,1592557860,2020-06-19 09:11:00+00:00
174780804,jinan-telecom,wuhan-telecom,42.8926,0.0,icmp,1592557980,2020-06-19 09:13:00+00:00
174781023,jinan-telecom,wuhan-telecom,45.6306,0.0,icmp,1592558100,2020-06-19 09:15:00+00:00
174781251,jinan-telecom,wuhan-telecom,50.3934,0.0,icmp,1592558220,2020-06-19 09:17:00+00:00
174781484,jinan-telecom,wuhan-telecom,46.6715,0.0,icmp,1592558340,2020-06-19 09:19:00+00:00
174781707,jinan-telecom,wuhan-telecom,47.0717,0.0,icmp,1592558460,2020-06-19 09:21:00+00:00
174781937,jinan-telecom,wuhan-telecom,46.2507,0.0,icmp,1592558580,2020-06-19 09:23:00+00:00
174782172,jinan-telecom,wuhan-telecom,39.3595,0.0,icmp,1592558719,2020-06-19 09:25:19+00:00
174782399,jinan-telecom,wuhan-telecom,44.6002,0.0,icmp,1592558820,2020-06-19 09:27:00+00:00
174782629,jinan-telecom,wuhan-telecom,39.4011,0.0,icmp,1592558899,2020-06-19 09:28:19+00:00
174782855,jinan-telecom,wuhan-telecom,39.63,0.0,icmp,1592559019,2020-06-19 09:30:19+00:00
174783077,jinan-telecom,wuhan-telecom,46.5711,0.0,icmp,1592559180,2020-06-19 09:33:00+00:00
174783309,jinan-telecom,wuhan-telecom,45.8392,0.0,icmp,1592559300,2020-06-19 09:35:00+00:00
174783545,jinan-telecom,wuhan-telecom,39.4492,0.0,icmp,1592559379,2020-06-19 09:36:19+00:00
174783769,jinan-telecom,wuhan-telecom,48.778,0.0,icmp,1592559540,2020-06-19 09:39:00+00:00
174783980,jinan-telecom,wuhan-telecom,39.5312,0.0,icmp,1592559619,2020-06-19 09:40:19+00:00
174784201,jinan-telecom,wuhan-telecom,45.5615,0.0,icmp,1592559784,2020-06-19 09:43:04+00:00
174784460,jinan-telecom,wuhan-telecom,39.3526,0.0,icmp,1592559919,2020-06-19 09:45:19+00:00
174784670,jinan-telecom,wuhan-telecom,39.3832,0.0,icmp,1592560039,2020-06-19 09:47:19+00:00
174784928,jinan-telecom,wuhan-telecom,39.8189,0.0,icmp,1592560159,2020-06-19 09:49:19+00:00
174785139,jinan-telecom,wuhan-telecom,40.0932,0.0,icmp,1592560260,2020-06-19 09:51:00+00:00
174785376,jinan-telecom,wuhan-telecom,39.5773,0.0,icmp,1592560399,2020-06-19 09:53:19+00:00
174785588,jinan-telecom,wuhan-telecom,39.6702,0.0,icmp,1592560519,2020-06-19 09:55:19+00:00
174785815,jinan-telecom,wuhan-telecom,48.2051,0.0,icmp,1592560620,2020-06-19 09:57:00+00:00
174786036,jinan-telecom,wuhan-telecom,39.4479,0.0,icmp,1592560744,2020-06-19 09:59:04+00:00
174786272,jinan-telecom,wuhan-telecom,47.6718,0.0,icmp,1592560860,2020-06-19 10:01:00+00:00
174786505,jinan-telecom,wuhan-telecom,45.6932,0.0,icmp,1592560980,2020-06-19 10:03:00+00:00
174786721,jinan-telecom,wuhan-telecom,39.3113,0.0,icmp,1592561119,2020-06-19 10:05:19+00:00
174786950,jinan-telecom,wuhan-telecom,46.9439,0.0,icmp,1592561220,2020-06-19 10:07:00+00:00
174787179,jinan-telecom,wuhan-telecom,48.5437,0.0,icmp,1592561340,2020-06-19 10:09:00+00:00
174787411,jinan-telecom,wuhan-telecom,44.2735,0.0,icmp,1592561460,2020-06-19 10:11:00+00:00
174787659,jinan-telecom,wuhan-telecom,46.2429,0.0,icmp,1592561580,2020-06-19 10:13:00+00:00
174787867,jinan-telecom,wuhan-telecom,46.9566,0.0,icmp,1592561700,2020-06-19 10:15:00+00:00
174788111,jinan-telecom,wuhan-telecom,46.9753,0.0,icmp,1592561820,2020-06-19 10:17:00+00:00
174788331,jinan-telecom,wuhan-telecom,47.5673,0.0,icmp,1592561940,2020-06-19 10:19:00+00:00
174788571,jinan-telecom,wuhan-telecom,46.3713,0.0,icmp,1592562060,2020-06-19 10:21:00+00:00
174788779,jinan-telecom,wuhan-telecom,48.0779,0.0,icmp,1592562180,2020-06-19 10:23:00+00:00
174789020,jinan-telecom,wuhan-telecom,48.6348,0.0,icmp,1592562300,2020-06-19 10:25:00+00:00
174789238,jinan-telecom,wuhan-telecom,45.209,0.0,icmp,1592562420,2020-06-19 10:27:00+00:00
174789481,jinan-telecom,wuhan-telecom,39.3942,0.0,icmp,1592562499,2020-06-19 10:28:19+00:00
174789698,jinan-telecom,wuhan-telecom,46.8314,0.0,icmp,1592562660,2020-06-19 10:31:00+00:00
174789918,jinan-telecom,wuhan-telecom,48.7875,0.0,icmp,1592562780,2020-06-19 10:33:00+00:00
174790159,jinan-telecom,wuhan-telecom,43.522,0.0,icmp,1592562900,2020-06-19 10:35:00+00:00
174790367,jinan-telecom,wuhan-telecom,46.1797,0.0,icmp,1592563020,2020-06-19 10:37:00+00:00
174790616,jinan-telecom,wuhan-telecom,39.3553,0.0,icmp,1592563159,2020-06-19 10:39:19+00:00
174790829,jinan-telecom,wuhan-telecom,48.0073,0.0,icmp,1592563260,2020-06-19 10:41:00+00:00
174791048,jinan-telecom,wuhan-telecom,39.3445,0.0,icmp,1592563339,2020-06-19 10:42:19+00:00
174791283,jinan-telecom,wuhan-telecom,39.3241,0.0,icmp,1592563519,2020-06-19 10:45:19+00:00
174791518,jinan-telecom,wuhan-telecom,48.5012,0.0,icmp,1592563620,2020-06-19 10:47:00+00:00
174791740,jinan-telecom,wuhan-telecom,39.3561,0.0,icmp,1592563759,2020-06-19 10:49:19+00:00
174791963,jinan-telecom,wuhan-telecom,46.9662,0.0,icmp,1592563860,2020-06-19 10:51:00+00:00
174792199,jinan-telecom,wuhan-telecom,39.3417,0.0,icmp,1592563939,2020-06-19 10:52:19+00:00
174792463,jinan-telecom,wuhan-telecom,47.0294,0.0,icmp,1592564100,2020-06-19 10:55:00+00:00
174792668,jinan-telecom,wuhan-telecom,46.1637,0.0,icmp,1592564220,2020-06-19 10:57:00+00:00
174792893,jinan-telecom,wuhan-telecom,39.4294,0.0,icmp,1592564299,2020-06-19 10:58:19+00:00
174793115,jinan-telecom,wuhan-telecom,42.3487,0.0,icmp,1592564460,2020-06-19 11:01:00+00:00
174793345,jinan-telecom,wuhan-telecom,39.3429,0.0,icmp,1592564539,2020-06-19 11:02:19+00:00
174793573,jinan-telecom,wuhan-telecom,46.436,0.0,icmp,1592564700,2020-06-19 11:05:00+00:00
174793795,jinan-telecom,wuhan-telecom,39.3664,0.0,icmp,1592564839,2020-06-19 11:07:19+00:00
174794026,jinan-telecom,wuhan-telecom,49.1006,0.0,icmp,1592564940,2020-06-19 11:09:00+00:00
174794242,jinan-telecom,wuhan-telecom,39.3991,0.0,icmp,1592565019,2020-06-19 11:10:19+00:00
174794471,jinan-telecom,wuhan-telecom,46.3985,0.0,icmp,1592565180,2020-06-19 11:13:00+00:00
174794706,jinan-telecom,wuhan-telecom,47.8525,0.0,icmp,1592565300,2020-06-19 11:15:00+00:00
174794938,jinan-telecom,wuhan-telecom,50.3315,0.0,icmp,1592565420,2020-06-19 11:17:00+00:00
174795171,jinan-telecom,wuhan-telecom,47.8709,0.0,icmp,1592565540,2020-06-19 11:19:00+00:00
174795394,jinan-telecom,wuhan-telecom,47.9885,0.0,icmp,1592565660,2020-06-19 11:21:00+00:00
174795603,jinan-telecom,wuhan-telecom,47.8285,0.0,icmp,1592565780,2020-06-19 11:23:00+00:00
174795848,jinan-telecom,wuhan-telecom,39.5134,0.0,icmp,1592565919,2020-06-19 11:25:19+00:00
174796081,jinan-telecom,wuhan-telecom,48.0356,0.0,icmp,1592566020,2020-06-19 11:27:00+00:00
174796294,jinan-telecom,wuhan-telecom,39.4593,0.0,icmp,1592566159,2020-06-19 11:29:19+00:00
174796520,jinan-telecom,wuhan-telecom,47.7373,0.0,icmp,1592566260,2020-06-19 11:31:00+00:00
174796782,jinan-telecom,wuhan-telecom,39.445,0.0,icmp,1592566399,2020-06-19 11:33:19+00:00
174796997,jinan-telecom,wuhan-telecom,47.8231,0.0,icmp,1592566500,2020-06-19 11:35:00+00:00
174797233,jinan-telecom,wuhan-telecom,47.6288,0.0,icmp,1592566620,2020-06-19 11:37:00+00:00
174797463,jinan-telecom,wuhan-telecom,47.3318,0.0,icmp,1592566740,2020-06-19 11:39:00+00:00
174797663,jinan-telecom,wuhan-telecom,39.5405,0.0,icmp,1592566819,2020-06-19 11:40:19+00:00
174797911,jinan-telecom,wuhan-telecom,46.2667,0.0,icmp,1592566980,2020-06-19 11:43:00+00:00
174798114,jinan-telecom,wuhan-telecom,49.1499,0.0,icmp,1592567100,2020-06-19 11:45:00+00:00
174798355,jinan-telecom,wuhan-telecom,39.4404,0.0,icmp,1592567179,2020-06-19 11:46:19+00:00
174798577,jinan-telecom,wuhan-telecom,50.3224,0.0,icmp,1592567340,2020-06-19 11:49:00+00:00
174798809,jinan-telecom,wuhan-telecom,45.9793,0.0,icmp,1592567460,2020-06-19 11:51:00+00:00
174799033,jinan-telecom,wuhan-telecom,45.9797,0.0,icmp,1592567580,2020-06-19 11:53:00+00:00
174799262,jinan-telecom,wuhan-telecom,39.3817,0.0,icmp,1592567659,2020-06-19 11:54:19+00:00
174799502,jinan-telecom,wuhan-telecom,45.3223,0.0,icmp,1592567820,2020-06-19 11:57:00+00:00
174799726,jinan-telecom,wuhan-telecom,39.4146,0.0,icmp,1592567959,2020-06-19 11:59:19+00:00
174799950,jinan-telecom,wuhan-telecom,47.5081,0.0,icmp,1592568060,2020-06-19 12:01:00+00:00
174800171,jinan-telecom,wuhan-telecom,39.3635,0.0,icmp,1592568139,2020-06-19 12:02:19+00:00
174800424,jinan-telecom,wuhan-telecom,46.8772,0.0,icmp,1592568300,2020-06-19 12:05:00+00:00
174800639,jinan-telecom,wuhan-telecom,39.3666,0.0,icmp,1592568439,2020-06-19 12:07:19+00:00
174800877,jinan-telecom,wuhan-telecom,42.9917,0.0,icmp,1592568540,2020-06-19 12:09:00+00:00
174801103,jinan-telecom,wuhan-telecom,46.9527,0.0,icmp,1592568660,2020-06-19 12:11:00+00:00
174801314,jinan-telecom,wuhan-telecom,46.2581,0.0,icmp,1592568780,2020-06-19 12:13:00+00:00
174801536,jinan-telecom,wuhan-telecom,45.2751,0.0,icmp,1592568900,2020-06-19 12:15:00+00:00
174801782,jinan-telecom,wuhan-telecom,48.825,0.0,icmp,1592569020,2020-06-19 12:17:00+00:00
174802004,jinan-telecom,wuhan-telecom,42.033,0.0,icmp,1592569140,2020-06-19 12:19:00+00:00
174802242,jinan-telecom,wuhan-telecom,39.3472,0.0,icmp,1592569219,2020-06-19 12:20:19+00:00
174802452,jinan-telecom,wuhan-telecom,44.9753,0.0,icmp,1592569380,2020-06-19 12:23:00+00:00
174802681,jinan-telecom,wuhan-telecom,47.8199,0.0,icmp,1592569500,2020-06-19 12:25:00+00:00
174802919,jinan-telecom,wuhan-telecom,39.4259,0.0,icmp,1592569579,2020-06-19 12:26:19+00:00
174803147,jinan-telecom,wuhan-telecom,47.4578,0.0,icmp,1592569740,2020-06-19 12:29:00+00:00
174803368,jinan-telecom,wuhan-telecom,50.121,0.0,icmp,1592569860,2020-06-19 12:31:00+00:00
174803614,jinan-telecom,wuhan-telecom,39.3697,0.0,icmp,1592569939,2020-06-19 12:32:19+00:00
174803839,jinan-telecom,wuhan-telecom,39.7279,0.0,icmp,1592570059,2020-06-19 12:34:19+00:00
174804056,jinan-telecom,wuhan-telecom,44.9463,0.0,icmp,1592570220,2020-06-19 12:37:00+00:00
174804299,jinan-telecom,wuhan-telecom,49.3805,0.0,icmp,1592570340,2020-06-19 12:39:00+00:00
174804507,jinan-telecom,wuhan-telecom,46.5579,0.0,icmp,1592570460,2020-06-19 12:41:00+00:00
174804750,jinan-telecom,wuhan-telecom,48.1464,0.0,icmp,1592570580,2020-06-19 12:43:00+00:00
174804987,jinan-telecom,wuhan-telecom,48.0206,0.0,icmp,1592570700,2020-06-19 12:45:00+00:00
174805194,jinan-telecom,wuhan-telecom,50.6702,0.0,icmp,1592570820,2020-06-19 12:47:00+00:00
174805417,jinan-telecom,wuhan-telecom,46.6609,0.0,icmp,1592570940,2020-06-19 12:49:00+00:00
174805657,jinan-telecom,wuhan-telecom,50.4199,0.0,icmp,1592571060,2020-06-19 12:51:00+00:00
174805874,jinan-telecom,wuhan-telecom,39.3478,0.0,icmp,1592571139,2020-06-19 12:52:19+00:00
174806101,jinan-telecom,wuhan-telecom,47.5131,0.0,icmp,1592571300,2020-06-19 12:55:00+00:00
174806328,jinan-telecom,wuhan-telecom,47.3665,0.0,icmp,1592571420,2020-06-19 12:57:00+00:00
174806564,jinan-telecom,wuhan-telecom,47.1143,0.0,icmp,1592571540,2020-06-19 12:59:00+00:00
174806807,jinan-telecom,wuhan-telecom,46.4255,0.0,icmp,1592571660,2020-06-19 13:01:00+00:00
174807030,jinan-telecom,wuhan-telecom,45.9447,0.0,icmp,1592571780,2020-06-19 13:03:00+00:00
174807250,jinan-telecom,wuhan-telecom,47.7156,0.0,icmp,1592571900,2020-06-19 13:05:00+00:00
174807491,jinan-telecom,wuhan-telecom,49.0221,0.0,icmp,1592572020,2020-06-19 13:07:00+00:00
174807712,jinan-telecom,wuhan-telecom,39.3508,0.0,icmp,1592572099,2020-06-19 13:08:19+00:00
174807925,jinan-telecom,wuhan-telecom,46.5888,0.0,icmp,1592572260,2020-06-19 13:11:00+00:00
174808159,jinan-telecom,wuhan-telecom,39.7005,0.0,icmp,1592572339,2020-06-19 13:12:19+00:00
174808393,jinan-telecom,wuhan-telecom,44.8326,0.0,icmp,1592572500,2020-06-19 13:15:00+00:00
174808622,jinan-telecom,wuhan-telecom,47.5708,0.0,icmp,1592572620,2020-06-19 13:17:00+00:00
174808842,jinan-telecom,wuhan-telecom,39.9179,0.0,icmp,1592572759,2020-06-19 13:19:19+00:00
174809064,jinan-telecom,wuhan-telecom,46.4145,0.0,icmp,1592572860,2020-06-19 13:21:00+00:00
174809299,jinan-telecom,wuhan-telecom,47.1201,0.0,icmp,1592572980,2020-06-19 13:23:00+00:00
174809527,jinan-telecom,wuhan-telecom,49.9582,0.0,icmp,1592573100,2020-06-19 13:25:00+00:00
174809765,jinan-telecom,wuhan-telecom,50.4405,0.0,icmp,1592573220,2020-06-19 13:27:00+00:00
174809995,jinan-telecom,wuhan-telecom,39.4231,0.0,icmp,1592573350,2020-06-19 13:29:10+00:00
174810208,jinan-telecom,wuhan-telecom,48.2017,0.0,icmp,1592573460,2020-06-19 13:31:00+00:00
174810431,jinan-telecom,wuhan-telecom,47.2731,0.0,icmp,1592573580,2020-06-19 13:33:00+00:00
174810684,jinan-telecom,wuhan-telecom,39.3334,0.0,icmp,1592573659,2020-06-19 13:34:19+00:00
174810882,jinan-telecom,wuhan-telecom,43.4415,0.0,icmp,1592573820,2020-06-19 13:37:00+00:00
174811124,jinan-telecom,wuhan-telecom,47.1117,0.0,icmp,1592573940,2020-06-19 13:39:00+00:00
174811369,jinan-telecom,wuhan-telecom,48.8348,0.0,icmp,1592574060,2020-06-19 13:41:00+00:00
174811583,jinan-telecom,wuhan-telecom,39.3515,0.0,icmp,1592574139,2020-06-19 13:42:19+00:00
174811821,jinan-telecom,wuhan-telecom,39.4356,0.0,icmp,1592574319,2020-06-19 13:45:19+00:00
174812038,jinan-telecom,wuhan-telecom,41.6573,0.0,icmp,1592574420,2020-06-19 13:47:00+00:00
174812289,jinan-telecom,wuhan-telecom,48.0201,0.0,icmp,1592574540,2020-06-19 13:49:00+00:00
174812487,jinan-telecom,wuhan-telecom,46.776,0.0,icmp,1592574660,2020-06-19 13:51:00+00:00
174812724,jinan-telecom,wuhan-telecom,44.998,0.0,icmp,1592574780,2020-06-19 13:53:00+00:00
174812972,jinan-telecom,wuhan-telecom,49.7186,0.0,icmp,1592574900,2020-06-19 13:55:00+00:00
174813188,jinan-telecom,wuhan-telecom,46.1824,0.0,icmp,1592575020,2020-06-19 13:57:00+00:00
174813417,jinan-telecom,wuhan-telecom,47.3844,0.0,icmp,1592575140,2020-06-19 13:59:00+00:00
174813632,jinan-telecom,wuhan-telecom,44.6443,0.0,icmp,1592575260,2020-06-19 14:01:00+00:00
174813862,jinan-telecom,wuhan-telecom,39.399,0.0,icmp,1592575339,2020-06-19 14:02:19+00:00
174814085,jinan-telecom,wuhan-telecom,47.3122,0.0,icmp,1592575500,2020-06-19 14:05:00+00:00
174814324,jinan-telecom,wuhan-telecom,46.7907,0.0,icmp,1592575620,2020-06-19 14:07:00+00:00
174814542,jinan-telecom,wuhan-telecom,39.397,0.0,icmp,1592575759,2020-06-19 14:09:19+00:00
174814764,jinan-telecom,wuhan-telecom,49.0513,0.0,icmp,1592575860,2020-06-19 14:11:00+00:00
174814994,jinan-telecom,wuhan-telecom,48.8976,0.0,icmp,1592575980,2020-06-19 14:13:00+00:00
174815239,jinan-telecom,wuhan-telecom,46.8011,0.0,icmp,1592576100,2020-06-19 14:15:00+00:00
174815449,jinan-telecom,wuhan-telecom,47.3715,0.0,icmp,1592576220,2020-06-19 14:17:00+00:00
174815683,jinan-telecom,wuhan-telecom,46.5719,0.0,icmp,1592576340,2020-06-19 14:19:00+00:00
174815922,jinan-telecom,wuhan-telecom,47.7171,0.0,icmp,1592576460,2020-06-19 14:21:00+00:00
174816148,jinan-telecom,wuhan-telecom,49.2744,0.0,icmp,1592576580,2020-06-19 14:23:00+00:00
174816363,jinan-telecom,wuhan-telecom,50.2856,0.0,icmp,1592576700,2020-06-19 14:25:00+00:00
174816604,jinan-telecom,wuhan-telecom,45.2743,0.0,icmp,1592576820,2020-06-19 14:27:00+00:00
174816817,jinan-telecom,wuhan-telecom,42.0219,0.0,icmp,1592576940,2020-06-19 14:29:00+00:00
174817049,jinan-telecom,wuhan-telecom,46.9403,0.0,icmp,1592577060,2020-06-19 14:31:00+00:00
174817275,jinan-telecom,wuhan-telecom,48.5231,0.0,icmp,1592577180,2020-06-19 14:33:00+00:00
174817506,jinan-telecom,wuhan-telecom,49.7471,0.0,icmp,1592577300,2020-06-19 14:35:00+00:00
174817745,jinan-telecom,wuhan-telecom,39.4175,0.0,icmp,1592577439,2020-06-19 14:37:19+00:00
174817974,jinan-telecom,wuhan-telecom,48.7132,0.0,icmp,1592577540,2020-06-19 14:39:00+00:00
174818204,jinan-telecom,wuhan-telecom,39.3394,0.0,icmp,1592577619,2020-06-19 14:40:19+00:00
174818415,jinan-telecom,wuhan-telecom,46.494,0.0,icmp,1592577780,2020-06-19 14:43:00+00:00
174818642,jinan-telecom,wuhan-telecom,47.4248,0.0,icmp,1592577900,2020-06-19 14:45:00+00:00
174818894,jinan-telecom,wuhan-telecom,46.8332,0.0,icmp,1592578020,2020-06-19 14:47:00+00:00
174819115,jinan-telecom,wuhan-telecom,39.3324,0.0,icmp,1592578099,2020-06-19 14:48:19+00:00
174819330,jinan-telecom,wuhan-telecom,39.3829,0.0,icmp,1592578279,2020-06-19 14:51:19+00:00
174819565,jinan-telecom,wuhan-telecom,45.4176,0.0,icmp,1592578380,2020-06-19 14:53:00+00:00
174819785,jinan-telecom,wuhan-telecom,46.4267,0.0,icmp,1592578500,2020-06-19 14:55:00+00:00
174820009,jinan-telecom,wuhan-telecom,48.4716,0.0,icmp,1592578620,2020-06-19 14:57:00+00:00
174820235,jinan-telecom,wuhan-telecom,39.3469,0.0,icmp,1592578699,2020-06-19 14:58:19+00:00
174820463,jinan-telecom,wuhan-telecom,43.3337,0.0,icmp,1592578860,2020-06-19 15:01:00+00:00
174820702,jinan-telecom,wuhan-telecom,46.0983,0.0,icmp,1592578980,2020-06-19 15:03:00+00:00
174820946,jinan-telecom,wuhan-telecom,47.6079,0.0,icmp,1592579100,2020-06-19 15:05:00+00:00
174821162,jinan-telecom,wuhan-telecom,47.6595,0.0,icmp,1592579220,2020-06-19 15:07:00+00:00
174821395,jinan-telecom,wuhan-telecom,49.1885,0.0,icmp,1592579340,2020-06-19 15:09:00+00:00
174821615,jinan-telecom,wuhan-telecom,44.9886,0.0,icmp,1592579460,2020-06-19 15:11:00+00:00
174821844,jinan-telecom,wuhan-telecom,47.2769,0.0,icmp,1592579580,2020-06-19 15:13:00+00:00
174822066,jinan-telecom,wuhan-telecom,46.3262,0.0,icmp,1592579700,2020-06-19 15:15:00+00:00
174822294,jinan-telecom,wuhan-telecom,39.4179,0.0,icmp,1592579779,2020-06-19 15:16:19+00:00
174822529,jinan-telecom,wuhan-telecom,47.6369,0.0,icmp,1592579940,2020-06-19 15:19:00+00:00
174822755,jinan-telecom,wuhan-telecom,45.0336,0.0,icmp,1592580060,2020-06-19 15:21:00+00:00
174822985,jinan-telecom,wuhan-telecom,48.1482,0.0,icmp,1592580180,2020-06-19 15:23:00+00:00
174823200,jinan-telecom,wuhan-telecom,48.0985,0.0,icmp,1592580300,2020-06-19 15:25:00+00:00
174823445,jinan-telecom,wuhan-telecom,39.402,0.0,icmp,1592580379,2020-06-19 15:26:19+00:00
174823673,jinan-telecom,wuhan-telecom,46.439,0.0,icmp,1592580540,2020-06-19 15:29:00+00:00
174823891,jinan-telecom,wuhan-telecom,47.8794,0.0,icmp,1592580660,2020-06-19 15:31:00+00:00
174824122,jinan-telecom,wuhan-telecom,47.0116,0.0,icmp,1592580780,2020-06-19 15:33:00+00:00
174824356,jinan-telecom,wuhan-telecom,49.0738,0.0,icmp,1592580900,2020-06-19 15:35:00+00:00
174824569,jinan-telecom,wuhan-telecom,47.9866,0.0,icmp,1592581020,2020-06-19 15:37:00+00:00
174824801,jinan-telecom,wuhan-telecom,48.6318,0.0,icmp,1592581140,2020-06-19 15:39:00+00:00
174825047,jinan-telecom,wuhan-telecom,45.3916,0.0,icmp,1592581260,2020-06-19 15:41:00+00:00
174825255,jinan-telecom,wuhan-telecom,50.7378,0.0,icmp,1592581380,2020-06-19 15:43:00+00:00
174825508,jinan-telecom,wuhan-telecom,48.9456,0.0,icmp,1592581500,2020-06-19 15:45:00+00:00
174825708,jinan-telecom,wuhan-telecom,39.4803,0.0,icmp,1592581639,2020-06-19 15:47:19+00:00
174825916,jinan-telecom,wuhan-telecom,47.3497,0.0,icmp,1592581740,2020-06-19 15:49:00+00:00
174826175,jinan-telecom,wuhan-telecom,50.2726,0.0,icmp,1592581860,2020-06-19 15:51:00+00:00
174826405,jinan-telecom,wuhan-telecom,45.0062,0.0,icmp,1592581980,2020-06-19 15:53:00+00:00
174826614,jinan-telecom,wuhan-telecom,39.4854,0.0,icmp,1592582044,2020-06-19 15:54:04+00:00
174826855,jinan-telecom,wuhan-telecom,47.1116,0.0,icmp,1592582220,2020-06-19 15:57:00+00:00
174827085,jinan-telecom,wuhan-telecom,49.3312,0.0,icmp,1592582340,2020-06-19 15:59:00+00:00
174827300,jinan-telecom,wuhan-telecom,39.3728,0.0,icmp,1592582419,2020-06-19 16:00:19+00:00
174827545,jinan-telecom,wuhan-telecom,45.0432,0.0,icmp,1592582580,2020-06-19 16:03:00+00:00
174827778,jinan-telecom,wuhan-telecom,48.0175,0.0,icmp,1592582700,2020-06-19 16:05:00+00:00
174827983,jinan-telecom,wuhan-telecom,39.3621,0.0,icmp,1592582779,2020-06-19 16:06:19+00:00
174828227,jinan-telecom,wuhan-telecom,46.5704,0.0,icmp,1592582940,2020-06-19 16:09:00+00:00
174828452,jinan-telecom,wuhan-telecom,39.615,0.0,icmp,1592583079,2020-06-19 16:11:19+00:00
174828681,jinan-telecom,wuhan-telecom,46.8073,0.0,icmp,1592583180,2020-06-19 16:13:00+00:00
174828909,jinan-telecom,wuhan-telecom,46.6411,0.0,icmp,1592583300,2020-06-19 16:15:00+00:00
174829128,jinan-telecom,wuhan-telecom,39.4909,0.0,icmp,1592583365,2020-06-19 16:16:05+00:00
174829389,jinan-telecom,wuhan-telecom,39.5263,0.0,icmp,1592583559,2020-06-19 16:19:19+00:00
174829590,jinan-telecom,wuhan-telecom,46.9526,0.0,icmp,1592583660,2020-06-19 16:21:00+00:00
174829817,jinan-telecom,wuhan-telecom,48.1235,0.0,icmp,1592583780,2020-06-19 16:23:00+00:00
174830039,jinan-telecom,wuhan-telecom,46.6805,0.0,icmp,1592583900,2020-06-19 16:25:00+00:00
174830268,jinan-telecom,wuhan-telecom,39.3211,0.0,icmp,1592584039,2020-06-19 16:27:19+00:00
174830481,jinan-telecom,wuhan-telecom,46.7969,0.0,icmp,1592584140,2020-06-19 16:29:00+00:00
174830730,jinan-telecom,wuhan-telecom,39.36,0.0,icmp,1592584279,2020-06-19 16:31:19+00:00
174830962,jinan-telecom,wuhan-telecom,39.4734,0.0,icmp,1592584399,2020-06-19 16:33:19+00:00
174831187,jinan-telecom,wuhan-telecom,49.3754,0.0,icmp,1592584500,2020-06-19 16:35:00+00:00
174831419,jinan-telecom,wuhan-telecom,39.3699,0.0,icmp,1592584579,2020-06-19 16:36:19+00:00
174831646,jinan-telecom,wuhan-telecom,47.4424,0.0,icmp,1592584740,2020-06-19 16:39:00+00:00
174831863,jinan-telecom,wuhan-telecom,39.5585,0.0,icmp,1592584819,2020-06-19 16:40:19+00:00
174832102,jinan-telecom,wuhan-telecom,41.4082,0.0,icmp,1592584980,2020-06-19 16:43:00+00:00
174832340,jinan-telecom,wuhan-telecom,48.7864,0.0,icmp,1592585100,2020-06-19 16:45:00+00:00
174832556,jinan-telecom,wuhan-telecom,39.3514,0.0,icmp,1592585239,2020-06-19 16:47:19+00:00
174832779,jinan-telecom,wuhan-telecom,46.6733,0.0,icmp,1592585340,2020-06-19 16:49:00+00:00
174833018,jinan-telecom,wuhan-telecom,39.3632,0.0,icmp,1592585479,2020-06-19 16:51:19+00:00
174833236,jinan-telecom,wuhan-telecom,46.8285,0.0,icmp,1592585580,2020-06-19 16:53:00+00:00
174833498,jinan-telecom,wuhan-telecom,48.9128,0.0,icmp,1592585700,2020-06-19 16:55:00+00:00
174833696,jinan-telecom,wuhan-telecom,39.3462,0.0,icmp,1592585779,2020-06-19 16:56:19+00:00
174833929,jinan-telecom,wuhan-telecom,46.0696,0.0,icmp,1592585940,2020-06-19 16:59:00+00:00
174834138,jinan-telecom,wuhan-telecom,39.4511,0.0,icmp,1592586060,2020-06-19 17:01:00+00:00
174834367,jinan-telecom,wuhan-telecom,45.7423,0.0,icmp,1592586180,2020-06-19 17:03:00+00:00
174834614,jinan-telecom,wuhan-telecom,39.3146,0.0,icmp,1592586319,2020-06-19 17:05:19+00:00
174834842,jinan-telecom,wuhan-telecom,47.177,0.0,icmp,1592586420,2020-06-19 17:07:00+00:00
174835065,jinan-telecom,wuhan-telecom,39.5522,0.0,icmp,1592586559,2020-06-19 17:09:19+00:00
174835293,jinan-telecom,wuhan-telecom,45.2251,0.0,icmp,1592586660,2020-06-19 17:11:00+00:00
174835512,jinan-telecom,wuhan-telecom,48.5777,0.0,icmp,1592586780,2020-06-19 17:13:00+00:00
174835738,jinan-telecom,wuhan-telecom,46.9399,0.0,icmp,1592586900,2020-06-19 17:15:00+00:00
174835984,jinan-telecom,wuhan-telecom,39.3527,0.0,icmp,1592586979,2020-06-19 17:16:19+00:00
174836211,jinan-telecom,wuhan-telecom,47.6277,0.0,icmp,1592587140,2020-06-19 17:19:00+00:00
174836423,jinan-telecom,wuhan-telecom,39.7573,0.0,icmp,1592587279,2020-06-19 17:21:19+00:00
174836658,jinan-telecom,wuhan-telecom,47.2916,0.0,icmp,1592587380,2020-06-19 17:23:00+00:00
174836888,jinan-telecom,wuhan-telecom,48.5081,0.0,icmp,1592587500,2020-06-19 17:25:00+00:00
174837123,jinan-telecom,wuhan-telecom,44.7065,0.0,icmp,1592587625,2020-06-19 17:27:05+00:00
174837344,jinan-telecom,wuhan-telecom,47.235,0.0,icmp,1592587740,2020-06-19 17:29:00+00:00
174837582,jinan-telecom,wuhan-telecom,46.3105,0.0,icmp,1592587860,2020-06-19 17:31:00+00:00
174837804,jinan-telecom,wuhan-telecom,48.6681,0.0,icmp,1592587980,2020-06-19 17:33:00+00:00
174838025,jinan-telecom,wuhan-telecom,39.3657,0.0,icmp,1592588059,2020-06-19 17:34:19+00:00
174838259,jinan-telecom,wuhan-telecom,49.1966,0.0,icmp,1592588220,2020-06-19 17:37:00+00:00
174838474,jinan-telecom,wuhan-telecom,39.3148,0.0,icmp,1592588359,2020-06-19 17:39:19+00:00
174838726,jinan-telecom,wuhan-telecom,44.9114,0.0,icmp,1592588460,2020-06-19 17:41:00+00:00
174838948,jinan-telecom,wuhan-telecom,48.3171,0.0,icmp,1592588580,2020-06-19 17:43:00+00:00
174839159,jinan-telecom,wuhan-telecom,46.9137,0.0,icmp,1592588700,2020-06-19 17:45:00+00:00
174839405,jinan-telecom,wuhan-telecom,46.1725,0.0,icmp,1592588820,2020-06-19 17:47:00+00:00
174839636,jinan-telecom,wuhan-telecom,46.8944,0.0,icmp,1592588940,2020-06-19 17:49:00+00:00
174839868,jinan-telecom,wuhan-telecom,39.4246,0.0,icmp,1592589019,2020-06-19 17:50:19+00:00
174840076,jinan-telecom,wuhan-telecom,39.3217,0.0,icmp,1592589139,2020-06-19 17:52:19+00:00
174840305,jinan-telecom,wuhan-telecom,45.7754,0.0,icmp,1592589300,2020-06-19 17:55:00+00:00
174840536,jinan-telecom,wuhan-telecom,47.0312,0.0,icmp,1592589420,2020-06-19 17:57:00+00:00
174840753,jinan-telecom,wuhan-telecom,39.5728,0.0,icmp,1592589559,2020-06-19 17:59:19+00:00
174840996,jinan-telecom,wuhan-telecom,41.2371,0.0,icmp,1592589660,2020-06-19 18:01:00+00:00
174841224,jinan-telecom,wuhan-telecom,47.2447,0.0,icmp,1592589780,2020-06-19 18:03:00+00:00
174841450,jinan-telecom,wuhan-telecom,47.3403,0.0,icmp,1592589900,2020-06-19 18:05:00+00:00
174841681,jinan-telecom,wuhan-telecom,47.4992,0.0,icmp,1592590020,2020-06-19 18:07:00+00:00
174841904,jinan-telecom,wuhan-telecom,45.9931,0.0,icmp,1592590140,2020-06-19 18:09:00+00:00
174842150,jinan-telecom,wuhan-telecom,46.4577,0.0,icmp,1592590260,2020-06-19 18:11:00+00:00
174842367,jinan-telecom,wuhan-telecom,39.4305,0.0,icmp,1592590399,2020-06-19 18:13:19+00:00
174842586,jinan-telecom,wuhan-telecom,49.0058,0.0,icmp,1592590500,2020-06-19 18:15:00+00:00
174842820,jinan-telecom,wuhan-telecom,45.0208,0.0,icmp,1592590620,2020-06-19 18:17:00+00:00
174843037,jinan-telecom,wuhan-telecom,46.3857,0.0,icmp,1592590740,2020-06-19 18:19:00+00:00
174843259,jinan-telecom,wuhan-telecom,39.6539,0.0,icmp,1592590879,2020-06-19 18:21:19+00:00
174843507,jinan-telecom,wuhan-telecom,46.5717,0.0,icmp,1592590980,2020-06-19 18:23:00+00:00
174843722,jinan-telecom,wuhan-telecom,48.2063,0.0,icmp,1592591100,2020-06-19 18:25:00+00:00
174843965,jinan-telecom,wuhan-telecom,48.7334,0.0,icmp,1592591220,2020-06-19 18:27:00+00:00
174844178,jinan-telecom,wuhan-telecom,39.5194,0.0,icmp,1592591359,2020-06-19 18:29:19+00:00
174844426,jinan-telecom,wuhan-telecom,47.8302,0.0,icmp,1592591460,2020-06-19 18:31:00+00:00
174844644,jinan-telecom,wuhan-telecom,45.9167,0.0,icmp,1592591580,2020-06-19 18:33:00+00:00
174844861,jinan-telecom,wuhan-telecom,48.65,0.0,icmp,1592591700,2020-06-19 18:35:00+00:00
174845083,jinan-telecom,wuhan-telecom,39.4606,0.0,icmp,1592591825,2020-06-19 18:37:05+00:00
174845320,jinan-telecom,wuhan-telecom,47.3393,0.0,icmp,1592591940,2020-06-19 18:39:00+00:00
174845567,jinan-telecom,wuhan-telecom,48.4142,0.0,icmp,1592592060,2020-06-19 18:41:00+00:00
174845779,jinan-telecom,wuhan-telecom,48.0487,0.0,icmp,1592592180,2020-06-19 18:43:00+00:00
174846003,jinan-telecom,wuhan-telecom,47.9914,0.0,icmp,1592592300,2020-06-19 18:45:00+00:00
174846238,jinan-telecom,wuhan-telecom,47.5248,0.0,icmp,1592592420,2020-06-19 18:47:00+00:00
174846474,jinan-telecom,wuhan-telecom,48.9952,0.0,icmp,1592592540,2020-06-19 18:49:00+00:00
174846691,jinan-telecom,wuhan-telecom,48.491,0.0,icmp,1592592660,2020-06-19 18:51:00+00:00
174846942,jinan-telecom,wuhan-telecom,47.6128,0.0,icmp,1592592780,2020-06-19 18:53:00+00:00
174847148,jinan-telecom,wuhan-telecom,39.5163,0.0,icmp,1592592919,2020-06-19 18:55:19+00:00
174847368,jinan-telecom,wuhan-telecom,47.6496,0.0,icmp,1592593020,2020-06-19 18:57:00+00:00
174847590,jinan-telecom,wuhan-telecom,46.513,0.0,icmp,1592593140,2020-06-19 18:59:00+00:00
174847850,jinan-telecom,wuhan-telecom,39.3342,0.0,icmp,1592593219,2020-06-19 19:00:19+00:00
174848071,jinan-telecom,wuhan-telecom,48.189,0.0,icmp,1592593380,2020-06-19 19:03:00+00:00
174848287,jinan-telecom,wuhan-telecom,47.3927,0.0,icmp,1592593500,2020-06-19 19:05:00+00:00
174848514,jinan-telecom,wuhan-telecom,39.4527,0.0,icmp,1592593639,2020-06-19 19:07:19+00:00
174848735,jinan-telecom,wuhan-telecom,45.7863,0.0,icmp,1592593740,2020-06-19 19:09:00+00:00
174848982,jinan-telecom,wuhan-telecom,47.6895,0.0,icmp,1592593860,2020-06-19 19:11:00+00:00
174849204,jinan-telecom,wuhan-telecom,46.9027,0.0,icmp,1592593980,2020-06-19 19:13:00+00:00
174849428,jinan-telecom,wuhan-telecom,39.3821,0.0,icmp,1592594059,2020-06-19 19:14:19+00:00
174849641,jinan-telecom,wuhan-telecom,39.316,0.0,icmp,1592594179,2020-06-19 19:16:19+00:00
174849883,jinan-telecom,wuhan-telecom,45.9321,0.0,icmp,1592594340,2020-06-19 19:19:00+00:00
174850092,jinan-telecom,wuhan-telecom,46.5602,0.0,icmp,1592594460,2020-06-19 19:21:00+00:00
174850329,jinan-telecom,wuhan-telecom,46.7158,0.0,icmp,1592594580,2020-06-19 19:23:00+00:00
174850576,jinan-telecom,wuhan-telecom,48.0356,0.0,icmp,1592594700,2020-06-19 19:25:00+00:00
174850783,jinan-telecom,wuhan-telecom,39.3358,0.0,icmp,1592594779,2020-06-19 19:26:19+00:00
174851018,jinan-telecom,wuhan-telecom,39.3477,0.0,icmp,1592594899,2020-06-19 19:28:19+00:00
174851254,jinan-telecom,wuhan-telecom,48.4742,0.0,icmp,1592595060,2020-06-19 19:31:00+00:00
174851493,jinan-telecom,wuhan-telecom,39.3366,0.0,icmp,1592595139,2020-06-19 19:32:19+00:00
174851705,jinan-telecom,wuhan-telecom,45.1901,0.0,icmp,1592595300,2020-06-19 19:35:00+00:00
174851920,jinan-telecom,wuhan-telecom,39.6877,0.0,icmp,1592595439,2020-06-19 19:37:19+00:00
174852158,jinan-telecom,wuhan-telecom,46.4751,0.0,icmp,1592595540,2020-06-19 19:39:00+00:00
174852380,jinan-telecom,wuhan-telecom,46.8007,0.0,icmp,1592595660,2020-06-19 19:41:00+00:00
174852618,jinan-telecom,wuhan-telecom,47.236,0.0,icmp,1592595780,2020-06-19 19:43:00+00:00
174852846,jinan-telecom,wuhan-telecom,46.977,0.0,icmp,1592595900,2020-06-19 19:45:00+00:00
174853074,jinan-telecom,wuhan-telecom,47.694,0.0,icmp,1592596020,2020-06-19 19:47:00+00:00
174853297,jinan-telecom,wuhan-telecom,46.985,0.0,icmp,1592596140,2020-06-19 19:49:00+00:00
174853521,jinan-telecom,wuhan-telecom,48.5668,0.0,icmp,1592596260,2020-06-19 19:51:00+00:00
174853756,jinan-telecom,wuhan-telecom,47.0934,0.0,icmp,1592596380,2020-06-19 19:53:00+00:00
174853976,jinan-telecom,wuhan-telecom,39.4333,0.0,icmp,1592596444,2020-06-19 19:54:04+00:00
174854212,jinan-telecom,wuhan-telecom,39.3632,0.0,icmp,1592596579,2020-06-19 19:56:19+00:00
174854448,jinan-telecom,wuhan-telecom,48.7217,0.0,icmp,1592596740,2020-06-19 19:59:00+00:00
174854661,jinan-telecom,wuhan-telecom,46.9567,0.0,icmp,1592596860,2020-06-19 20:01:00+00:00
174854894,jinan-telecom,wuhan-telecom,39.3676,0.0,icmp,1592596939,2020-06-19 20:02:19+00:00
174855123,jinan-telecom,wuhan-telecom,49.6025,0.0,icmp,1592597100,2020-06-19 20:05:00+00:00
174855346,jinan-telecom,wuhan-telecom,46.9461,0.0,icmp,1592597220,2020-06-19 20:07:00+00:00
174855568,jinan-telecom,wuhan-telecom,46.1369,0.0,icmp,1592597340,2020-06-19 20:09:00+00:00
174855795,jinan-telecom,wuhan-telecom,45.6874,0.0,icmp,1592597460,2020-06-19 20:11:00+00:00
174856051,jinan-telecom,wuhan-telecom,39.7076,0.0,icmp,1592597599,2020-06-19 20:13:19+00:00
174856271,jinan-telecom,wuhan-telecom,48.5285,0.0,icmp,1592597700,2020-06-19 20:15:00+00:00
174856493,jinan-telecom,wuhan-telecom,39.3548,0.0,icmp,1592597839,2020-06-19 20:17:19+00:00
174856720,jinan-telecom,wuhan-telecom,47.3798,0.0,icmp,1592597940,2020-06-19 20:19:00+00:00
174856960,jinan-telecom,wuhan-telecom,46.4585,0.0,icmp,1592598060,2020-06-19 20:21:00+00:00
174857166,jinan-telecom,wuhan-telecom,45.8723,0.0,icmp,1592598180,2020-06-19 20:23:00+00:00
174857397,jinan-telecom,wuhan-telecom,39.3536,0.0,icmp,1592598319,2020-06-19 20:25:19+00:00
174857626,jinan-telecom,wuhan-telecom,46.6187,0.0,icmp,1592598420,2020-06-19 20:27:00+00:00
174857876,jinan-telecom,wuhan-telecom,39.4379,0.0,icmp,1592598559,2020-06-19 20:29:19+00:00
174858090,jinan-telecom,wuhan-telecom,48.2844,0.0,icmp,1592598660,2020-06-19 20:31:00+00:00
174858299,jinan-telecom,wuhan-telecom,46.7349,0.0,icmp,1592598780,2020-06-19 20:33:00+00:00
174858546,jinan-telecom,wuhan-telecom,45.9457,0.0,icmp,1592598900,2020-06-19 20:35:00+00:00
174858781,jinan-telecom,wuhan-telecom,46.4271,0.0,icmp,1592599020,2020-06-19 20:37:00+00:00
174859004,jinan-telecom,wuhan-telecom,47.2562,0.0,icmp,1592599140,2020-06-19 20:39:00+00:00
174859231,jinan-telecom,wuhan-telecom,39.3839,0.0,icmp,1592599219,2020-06-19 20:40:19+00:00
174859456,jinan-telecom,wuhan-telecom,39.3995,0.0,icmp,1592599399,2020-06-19 20:43:19+00:00
174859689,jinan-telecom,wuhan-telecom,46.8612,0.0,icmp,1592599500,2020-06-19 20:45:00+00:00
174859909,jinan-telecom,wuhan-telecom,46.8289,0.0,icmp,1592599620,2020-06-19 20:47:00+00:00
174860153,jinan-telecom,wuhan-telecom,48.0691,0.0,icmp,1592599740,2020-06-19 20:49:00+00:00
174860361,jinan-telecom,wuhan-telecom,43.2608,0.0,icmp,1592599860,2020-06-19 20:51:00+00:00
174860603,jinan-telecom,wuhan-telecom,47.3972,0.0,icmp,1592599980,2020-06-19 20:53:00+00:00
174860821,jinan-telecom,wuhan-telecom,39.577,0.0,icmp,1592600059,2020-06-19 20:54:19+00:00
174861059,jinan-telecom,wuhan-telecom,48.8139,0.0,icmp,1592600220,2020-06-19 20:57:00+00:00
174861271,jinan-telecom,wuhan-telecom,47.0199,0.0,icmp,1592600340,2020-06-19 20:59:00+00:00
174861497,jinan-telecom,wuhan-telecom,44.4954,0.0,icmp,1592600460,2020-06-19 21:01:00+00:00
174861732,jinan-telecom,wuhan-telecom,42.1346,0.0,icmp,1592600524,2020-06-19 21:02:04+00:00
174861972,jinan-telecom,wuhan-telecom,46.272,0.0,icmp,1592600700,2020-06-19 21:05:00+00:00
174862185,jinan-telecom,wuhan-telecom,45.5273,0.0,icmp,1592600820,2020-06-19 21:07:00+00:00
174862430,jinan-telecom,wuhan-telecom,45.8199,0.0,icmp,1592600940,2020-06-19 21:09:00+00:00
174862664,jinan-telecom,wuhan-telecom,43.283,0.0,icmp,1592601060,2020-06-19 21:11:00+00:00
174862869,jinan-telecom,wuhan-telecom,48.6965,0.0,icmp,1592601180,2020-06-19 21:13:00+00:00
174863095,jinan-telecom,wuhan-telecom,49.5787,0.0,icmp,1592601300,2020-06-19 21:15:00+00:00
174863349,jinan-telecom,wuhan-telecom,41.7166,0.0,icmp,1592601420,2020-06-19 21:17:00+00:00
174863562,jinan-telecom,wuhan-telecom,46.2367,0.0,icmp,1592601540,2020-06-19 21:19:00+00:00
174863795,jinan-telecom,wuhan-telecom,45.1903,0.0,icmp,1592601660,2020-06-19 21:21:00+00:00
174864012,jinan-telecom,wuhan-telecom,49.3051,0.0,icmp,1592601780,2020-06-19 21:23:00+00:00
174864242,jinan-telecom,wuhan-telecom,46.0126,0.0,icmp,1592601900,2020-06-19 21:25:00+00:00
174864461,jinan-telecom,wuhan-telecom,46.5677,0.0,icmp,1592602020,2020-06-19 21:27:00+00:00
174864701,jinan-telecom,wuhan-telecom,47.6039,0.0,icmp,1592602140,2020-06-19 21:29:00+00:00
174864929,jinan-telecom,wuhan-telecom,39.3476,0.0,icmp,1592602279,2020-06-19 21:31:19+00:00
174865155,jinan-telecom,wuhan-telecom,46.3868,0.0,icmp,1592602380,2020-06-19 21:33:00+00:00
174865373,jinan-telecom,wuhan-telecom,46.9884,0.0,icmp,1592602500,2020-06-19 21:35:00+00:00
174865622,jinan-telecom,wuhan-telecom,39.3176,0.0,icmp,1592602579,2020-06-19 21:36:19+00:00
174865829,jinan-telecom,wuhan-telecom,47.7615,0.0,icmp,1592602740,2020-06-19 21:39:00+00:00
174866056,jinan-telecom,wuhan-telecom,47.664,0.0,icmp,1592602860,2020-06-19 21:41:00+00:00
174866290,jinan-telecom,wuhan-telecom,46.7378,0.0,icmp,1592602980,2020-06-19 21:43:00+00:00
174866521,jinan-telecom,wuhan-telecom,39.2992,0.0,icmp,1592603119,2020-06-19 21:45:19+00:00
174866764,jinan-telecom,wuhan-telecom,47.122,0.0,icmp,1592603220,2020-06-19 21:47:00+00:00
174866977,jinan-telecom,wuhan-telecom,48.5552,0.0,icmp,1592603340,2020-06-19 21:49:00+00:00
174867206,jinan-telecom,wuhan-telecom,39.5913,0.0,icmp,1592603479,2020-06-19 21:51:19+00:00
174867434,jinan-telecom,wuhan-telecom,40.6918,0.0,icmp,1592603580,2020-06-19 21:53:00+00:00
174867668,jinan-telecom,wuhan-telecom,41.4275,0.0,icmp,1592603700,2020-06-19 21:55:00+00:00
174867898,jinan-telecom,wuhan-telecom,39.5515,0.0,icmp,1592603839,2020-06-19 21:57:19+00:00
174868121,jinan-telecom,wuhan-telecom,46.8787,0.0,icmp,1592603940,2020-06-19 21:59:00+00:00
174868353,jinan-telecom,wuhan-telecom,39.4224,0.0,icmp,1592604079,2020-06-19 22:01:19+00:00
174868569,jinan-telecom,wuhan-telecom,46.8971,0.0,icmp,1592604180,2020-06-19 22:03:00+00:00
174868800,jinan-telecom,wuhan-telecom,39.3077,0.0,icmp,1592604319,2020-06-19 22:05:19+00:00
174869023,jinan-telecom,wuhan-telecom,39.8554,0.0,icmp,1592604420,2020-06-19 22:07:00+00:00
174869251,jinan-telecom,wuhan-telecom,39.4806,0.0,icmp,1592604559,2020-06-19 22:09:19+00:00
174869457,jinan-telecom,wuhan-telecom,47.8089,0.0,icmp,1592604660,2020-06-19 22:11:00+00:00
174869715,jinan-telecom,wuhan-telecom,49.7809,0.0,icmp,1592604780,2020-06-19 22:13:00+00:00
174869935,jinan-telecom,wuhan-telecom,47.0133,0.0,icmp,1592604900,2020-06-19 22:15:00+00:00
174870168,jinan-telecom,wuhan-telecom,39.3184,0.0,icmp,1592604979,2020-06-19 22:16:19+00:00
174870401,jinan-telecom,wuhan-telecom,46.7392,0.0,icmp,1592605140,2020-06-19 22:19:00+00:00
174870640,jinan-telecom,wuhan-telecom,46.6354,0.0,icmp,1592605260,2020-06-19 22:21:00+00:00
174870857,jinan-telecom,wuhan-telecom,39.3179,0.0,icmp,1592605399,2020-06-19 22:23:19+00:00
174871093,jinan-telecom,wuhan-telecom,44.7879,0.0,icmp,1592605500,2020-06-19 22:25:00+00:00
174871308,jinan-telecom,wuhan-telecom,39.3334,0.0,icmp,1592605579,2020-06-19 22:26:19+00:00
174871527,jinan-telecom,wuhan-telecom,47.7835,0.0,icmp,1592605740,2020-06-19 22:29:00+00:00
174871775,jinan-telecom,wuhan-telecom,49.4565,0.0,icmp,1592605860,2020-06-19 22:31:00+00:00
174872003,jinan-telecom,wuhan-telecom,44.6187,0.0,icmp,1592605980,2020-06-19 22:33:00+00:00
174872217,jinan-telecom,wuhan-telecom,44.3688,0.0,icmp,1592606100,2020-06-19 22:35:00+00:00
174872466,jinan-telecom,wuhan-telecom,48.889,0.0,icmp,1592606220,2020-06-19 22:37:00+00:00
174872688,jinan-telecom,wuhan-telecom,48.4459,0.0,icmp,1592606340,2020-06-19 22:39:00+00:00
174872905,jinan-telecom,wuhan-telecom,47.0037,0.0,icmp,1592606460,2020-06-19 22:41:00+00:00
174873133,jinan-telecom,wuhan-telecom,49.3105,0.0,icmp,1592606580,2020-06-19 22:43:00+00:00
174873368,jinan-telecom,wuhan-telecom,48.3447,0.0,icmp,1592606700,2020-06-19 22:45:00+00:00
174873607,jinan-telecom,wuhan-telecom,46.8129,0.0,icmp,1592606820,2020-06-19 22:47:00+00:00
174873814,jinan-telecom,wuhan-telecom,41.1934,0.0,icmp,1592606940,2020-06-19 22:49:00+00:00
174874051,jinan-telecom,wuhan-telecom,47.3452,0.0,icmp,1592607060,2020-06-19 22:51:00+00:00
174874286,jinan-telecom,wuhan-telecom,49.2312,0.0,icmp,1592607180,2020-06-19 22:53:00+00:00
174874507,jinan-telecom,wuhan-telecom,39.3249,0.0,icmp,1592607319,2020-06-19 22:55:19+00:00
174874717,jinan-telecom,wuhan-telecom,39.4717,0.0,icmp,1592607424,2020-06-19 22:57:04+00:00
174874966,jinan-telecom,wuhan-telecom,47.0388,0.0,icmp,1592607540,2020-06-19 22:59:00+00:00
174875200,jinan-telecom,wuhan-telecom,43.1705,0.0,icmp,1592607660,2020-06-19 23:01:00+00:00
174875410,jinan-telecom,wuhan-telecom,48.0044,0.0,icmp,1592607780,2020-06-19 23:03:00+00:00
174875643,jinan-telecom,wuhan-telecom,46.4113,0.0,icmp,1592607900,2020-06-19 23:05:00+00:00
174875872,jinan-telecom,wuhan-telecom,39.5363,0.0,icmp,1592608039,2020-06-19 23:07:19+00:00
174876109,jinan-telecom,wuhan-telecom,45.4237,0.0,icmp,1592608140,2020-06-19 23:09:00+00:00
174876340,jinan-telecom,wuhan-telecom,45.8435,0.0,icmp,1592608260,2020-06-19 23:11:00+00:00
174876558,jinan-telecom,wuhan-telecom,47.4533,0.0,icmp,1592608380,2020-06-19 23:13:00+00:00
174876797,jinan-telecom,wuhan-telecom,46.4239,0.0,icmp,1592608500,2020-06-19 23:15:00+00:00
174876997,jinan-telecom,wuhan-telecom,47.1208,0.0,icmp,1592608620,2020-06-19 23:17:00+00:00
174877239,jinan-telecom,wuhan-telecom,46.0611,0.0,icmp,1592608740,2020-06-19 23:19:00+00:00
174877460,jinan-telecom,wuhan-telecom,39.4841,0.0,icmp,1592608805,2020-06-19 23:20:05+00:00
174877694,jinan-telecom,wuhan-telecom,46.2266,0.0,icmp,1592608980,2020-06-19 23:23:00+00:00
174877907,jinan-telecom,wuhan-telecom,39.3891,0.0,icmp,1592609119,2020-06-19 23:25:19+00:00
174878167,jinan-telecom,wuhan-telecom,47.4544,0.0,icmp,1592609220,2020-06-19 23:27:00+00:00
174878374,jinan-telecom,wuhan-telecom,46.2337,0.0,icmp,1592609340,2020-06-19 23:29:00+00:00
174878602,jinan-telecom,wuhan-telecom,39.3579,0.0,icmp,1592609479,2020-06-19 23:31:19+00:00
174878828,jinan-telecom,wuhan-telecom,39.3606,0.0,icmp,1592609599,2020-06-19 23:33:19+00:00
174879057,jinan-telecom,wuhan-telecom,39.7349,0.0,icmp,1592609719,2020-06-19 23:35:19+00:00
174879280,jinan-telecom,wuhan-telecom,48.3357,0.0,icmp,1592609820,2020-06-19 23:37:00+00:00
174879522,jinan-telecom,wuhan-telecom,39.5832,0.0,icmp,1592609959,2020-06-19 23:39:19+00:00
174879753,jinan-telecom,wuhan-telecom,45.5108,0.0,icmp,1592610060,2020-06-19 23:41:00+00:00
174879974,jinan-telecom,wuhan-telecom,45.0553,0.0,icmp,1592610180,2020-06-19 23:43:00+00:00
174880192,jinan-telecom,wuhan-telecom,39.6378,0.0,icmp,1592610319,2020-06-19 23:45:19+00:00
174880437,jinan-telecom,wuhan-telecom,48.9558,0.0,icmp,1592610420,2020-06-19 23:47:00+00:00
178287105,jinan-telecom,wuhan-telecom,48.4894,0.0,icmp,1592363040,2020-06-17 03:04:00+00:00
178287358,jinan-telecom,wuhan-telecom,48.8052,0.0,icmp,1592363160,2020-06-17 03:06:00+00:00
178287574,jinan-telecom,wuhan-telecom,46.3912,0.0,icmp,1592363280,2020-06-17 03:08:00+00:00
178287800,jinan-telecom,wuhan-telecom,47.0942,0.0,icmp,1592363400,2020-06-17 03:10:00+00:00
178288020,jinan-telecom,wuhan-telecom,47.6071,0.0,icmp,1592363520,2020-06-17 03:12:00+00:00
178288264,jinan-telecom,wuhan-telecom,45.787,0.0,icmp,1592363640,2020-06-17 03:14:00+00:00
178288490,jinan-telecom,wuhan-telecom,46.1211,0.0,icmp,1592363760,2020-06-17 03:16:00+00:00
178288731,jinan-telecom,wuhan-telecom,39.3293,0.0,icmp,1592363899,2020-06-17 03:18:19+00:00
178288964,jinan-telecom,wuhan-telecom,46.6123,0.0,icmp,1592364000,2020-06-17 03:20:00+00:00
178289185,jinan-telecom,wuhan-telecom,47.5049,0.0,icmp,1592364120,2020-06-17 03:22:00+00:00
178289408,jinan-telecom,wuhan-telecom,47.8782,0.0,icmp,1592364240,2020-06-17 03:24:00+00:00
178289629,jinan-telecom,wuhan-telecom,39.4629,0.0,icmp,1592364319,2020-06-17 03:25:19+00:00
178289861,jinan-telecom,wuhan-telecom,48.8713,0.0,icmp,1592364480,2020-06-17 03:28:00+00:00
178290084,jinan-telecom,wuhan-telecom,39.5325,0.0,icmp,1592364619,2020-06-17 03:30:19+00:00
178290316,jinan-telecom,wuhan-telecom,46.9742,0.0,icmp,1592364720,2020-06-17 03:32:00+00:00
178290553,jinan-telecom,wuhan-telecom,47.7008,0.0,icmp,1592364840,2020-06-17 03:34:00+00:00
178290781,jinan-telecom,wuhan-telecom,47.304,0.0,icmp,1592364960,2020-06-17 03:36:00+00:00
178291015,jinan-telecom,wuhan-telecom,47.5835,0.0,icmp,1592365080,2020-06-17 03:38:00+00:00
178291236,jinan-telecom,wuhan-telecom,39.3591,0.0,icmp,1592365159,2020-06-17 03:39:19+00:00
178291475,jinan-telecom,wuhan-telecom,47.0134,0.0,icmp,1592365320,2020-06-17 03:42:00+00:00
178291686,jinan-telecom,wuhan-telecom,42.8819,0.0,icmp,1592365440,2020-06-17 03:44:00+00:00
178291911,jinan-telecom,wuhan-telecom,46.9989,0.0,icmp,1592365560,2020-06-17 03:46:00+00:00
178292151,jinan-telecom,wuhan-telecom,48.3329,0.0,icmp,1592365680,2020-06-17 03:48:00+00:00
178292388,jinan-telecom,wuhan-telecom,47.2345,0.0,icmp,1592365800,2020-06-17 03:50:00+00:00
178292630,jinan-telecom,wuhan-telecom,39.3408,0.0,icmp,1592365939,2020-06-17 03:52:19+00:00
178292828,jinan-telecom,wuhan-telecom,47.7084,0.0,icmp,1592366040,2020-06-17 03:54:00+00:00
178293057,jinan-telecom,wuhan-telecom,47.7128,0.0,icmp,1592366160,2020-06-17 03:56:00+00:00
178293284,jinan-telecom,wuhan-telecom,45.7901,0.0,icmp,1592366280,2020-06-17 03:58:00+00:00
178293534,jinan-telecom,wuhan-telecom,47.6762,0.0,icmp,1592366400,2020-06-17 04:00:00+00:00
178293764,jinan-telecom,wuhan-telecom,47.4915,0.0,icmp,1592366520,2020-06-17 04:02:00+00:00
178294002,jinan-telecom,wuhan-telecom,39.3312,0.0,icmp,1592366659,2020-06-17 04:04:19+00:00
178294230,jinan-telecom,wuhan-telecom,48.3573,0.0,icmp,1592366760,2020-06-17 04:06:00+00:00
178294435,jinan-telecom,wuhan-telecom,39.3764,0.0,icmp,1592366899,2020-06-17 04:08:19+00:00
178294673,jinan-telecom,wuhan-telecom,46.9191,0.0,icmp,1592367000,2020-06-17 04:10:00+00:00
178294913,jinan-telecom,wuhan-telecom,47.772,0.0,icmp,1592367120,2020-06-17 04:12:00+00:00
178295122,jinan-telecom,wuhan-telecom,47.9054,0.0,icmp,1592367240,2020-06-17 04:14:00+00:00
178295361,jinan-telecom,wuhan-telecom,46.5799,0.0,icmp,1592367360,2020-06-17 04:16:00+00:00
178295601,jinan-telecom,wuhan-telecom,41.0589,0.0,icmp,1592367480,2020-06-17 04:18:00+00:00
178295812,jinan-telecom,wuhan-telecom,39.3911,0.0,icmp,1592367619,2020-06-17 04:20:19+00:00
178296037,jinan-telecom,wuhan-telecom,46.2278,0.0,icmp,1592367720,2020-06-17 04:22:00+00:00
178296263,jinan-telecom,wuhan-telecom,48.5583,0.0,icmp,1592367840,2020-06-17 04:24:00+00:00
178296495,jinan-telecom,wuhan-telecom,47.1551,0.0,icmp,1592367960,2020-06-17 04:26:00+00:00
178296722,jinan-telecom,wuhan-telecom,46.4255,0.0,icmp,1592368080,2020-06-17 04:28:00+00:00
178296963,jinan-telecom,wuhan-telecom,46.0439,0.0,icmp,1592368200,2020-06-17 04:30:00+00:00
178297205,jinan-telecom,wuhan-telecom,49.5818,0.0,icmp,1592368320,2020-06-17 04:32:00+00:00
178297413,jinan-telecom,wuhan-telecom,47.5758,0.0,icmp,1592368440,2020-06-17 04:34:00+00:00
178297647,jinan-telecom,wuhan-telecom,47.285,0.0,icmp,1592368560,2020-06-17 04:36:00+00:00
178297870,jinan-telecom,wuhan-telecom,48.2707,4.0,icmp,1592368684,2020-06-17 04:38:04+00:00
178298104,jinan-telecom,wuhan-telecom,48.2486,0.0,icmp,1592368800,2020-06-17 04:40:00+00:00
178298333,jinan-telecom,wuhan-telecom,47.421,0.0,icmp,1592368920,2020-06-17 04:42:00+00:00
178298571,jinan-telecom,wuhan-telecom,50.8885,0.0,icmp,1592369040,2020-06-17 04:44:00+00:00
178298815,jinan-telecom,wuhan-telecom,47.7969,0.0,icmp,1592369160,2020-06-17 04:46:00+00:00
178299023,jinan-telecom,wuhan-telecom,46.4173,0.0,icmp,1592369280,2020-06-17 04:48:00+00:00
178299262,jinan-telecom,wuhan-telecom,39.507,0.0,icmp,1592369359,2020-06-17 04:49:19+00:00
178299489,jinan-telecom,wuhan-telecom,48.5261,0.0,icmp,1592369520,2020-06-17 04:52:00+00:00
178299699,jinan-telecom,wuhan-telecom,46.507,0.0,icmp,1592369640,2020-06-17 04:54:00+00:00
178299948,jinan-telecom,wuhan-telecom,39.3443,0.0,icmp,1592369779,2020-06-17 04:56:19+00:00
178300169,jinan-telecom,wuhan-telecom,47.5051,0.0,icmp,1592369880,2020-06-17 04:58:00+00:00
178300392,jinan-telecom,wuhan-telecom,47.5758,0.0,icmp,1592370000,2020-06-17 05:00:00+00:00
178300616,jinan-telecom,wuhan-telecom,39.5204,0.0,icmp,1592370079,2020-06-17 05:01:19+00:00
178300851,jinan-telecom,wuhan-telecom,47.0562,0.0,icmp,1592370240,2020-06-17 05:04:00+00:00
178301075,jinan-telecom,wuhan-telecom,47.9807,0.0,icmp,1592370360,2020-06-17 05:06:00+00:00
178301315,jinan-telecom,wuhan-telecom,45.6475,0.0,icmp,1592370480,2020-06-17 05:08:00+00:00
178301548,jinan-telecom,wuhan-telecom,47.7494,0.0,icmp,1592370600,2020-06-17 05:10:00+00:00
178301780,jinan-telecom,wuhan-telecom,48.0112,0.0,icmp,1592370720,2020-06-17 05:12:00+00:00
178301997,jinan-telecom,wuhan-telecom,49.6063,0.0,icmp,1592370840,2020-06-17 05:14:00+00:00
178302230,jinan-telecom,wuhan-telecom,39.5686,0.0,icmp,1592370979,2020-06-17 05:16:19+00:00
178302473,jinan-telecom,wuhan-telecom,46.5092,0.0,icmp,1592371080,2020-06-17 05:18:00+00:00
178302677,jinan-telecom,wuhan-telecom,47.5331,0.0,icmp,1592371200,2020-06-17 05:20:00+00:00
178302904,jinan-telecom,wuhan-telecom,49.43,0.0,icmp,1592371320,2020-06-17 05:22:00+00:00
178303140,jinan-telecom,wuhan-telecom,39.4116,0.0,icmp,1592371399,2020-06-17 05:23:19+00:00
178303375,jinan-telecom,wuhan-telecom,46.2628,0.0,icmp,1592371560,2020-06-17 05:26:00+00:00
178303609,jinan-telecom,wuhan-telecom,45.8372,0.0,icmp,1592371680,2020-06-17 05:28:00+00:00
178303832,jinan-telecom,wuhan-telecom,43.0029,0.0,icmp,1592371800,2020-06-17 05:30:00+00:00
178304064,jinan-telecom,wuhan-telecom,47.7783,0.0,icmp,1592371920,2020-06-17 05:32:00+00:00
178304281,jinan-telecom,wuhan-telecom,45.0293,0.0,icmp,1592372040,2020-06-17 05:34:00+00:00
178304508,jinan-telecom,wuhan-telecom,43.1975,0.0,icmp,1592372160,2020-06-17 05:36:00+00:00
178304750,jinan-telecom,wuhan-telecom,46.5392,0.0,icmp,1592372280,2020-06-17 05:38:00+00:00
178304975,jinan-telecom,wuhan-telecom,48.0119,0.0,icmp,1592372400,2020-06-17 05:40:00+00:00
178305199,jinan-telecom,wuhan-telecom,39.4584,0.0,icmp,1592372539,2020-06-17 05:42:19+00:00
178305431,jinan-telecom,wuhan-telecom,45.7,0.0,icmp,1592372640,2020-06-17 05:44:00+00:00
178305674,jinan-telecom,wuhan-telecom,45.3418,0.0,icmp,1592372760,2020-06-17 05:46:00+00:00
178305902,jinan-telecom,wuhan-telecom,46.1833,0.0,icmp,1592372880,2020-06-17 05:48:00+00:00
178306127,jinan-telecom,wuhan-telecom,39.6105,0.0,icmp,1592372959,2020-06-17 05:49:19+00:00
178306363,jinan-telecom,wuhan-telecom,47.0624,0.0,icmp,1592373120,2020-06-17 05:52:00+00:00
178306597,jinan-telecom,wuhan-telecom,47.4612,0.0,icmp,1592373240,2020-06-17 05:54:00+00:00
178306807,jinan-telecom,wuhan-telecom,46.1719,0.0,icmp,1592373360,2020-06-17 05:56:00+00:00
178307027,jinan-telecom,wuhan-telecom,45.8809,0.0,icmp,1592373480,2020-06-17 05:58:00+00:00
178307260,jinan-telecom,wuhan-telecom,39.3453,0.0,icmp,1592373619,2020-06-17 06:00:19+00:00
178307512,jinan-telecom,wuhan-telecom,46.0119,0.0,icmp,1592373720,2020-06-17 06:02:00+00:00
178307740,jinan-telecom,wuhan-telecom,39.3604,0.0,icmp,1592373859,2020-06-17 06:04:19+00:00
178307968,jinan-telecom,wuhan-telecom,48.9601,0.0,icmp,1592373960,2020-06-17 06:06:00+00:00
178308180,jinan-telecom,wuhan-telecom,39.4969,0.0,icmp,1592374039,2020-06-17 06:07:19+00:00
178308418,jinan-telecom,wuhan-telecom,47.4917,0.0,icmp,1592374200,2020-06-17 06:10:00+00:00
178308652,jinan-telecom,wuhan-telecom,47.655,0.0,icmp,1592374320,2020-06-17 06:12:00+00:00
178308883,jinan-telecom,wuhan-telecom,47.3938,0.0,icmp,1592374440,2020-06-17 06:14:00+00:00
178309089,jinan-telecom,wuhan-telecom,45.7335,0.0,icmp,1592374560,2020-06-17 06:16:00+00:00
178309324,jinan-telecom,wuhan-telecom,48.5018,0.0,icmp,1592374680,2020-06-17 06:18:00+00:00
178309562,jinan-telecom,wuhan-telecom,46.5341,0.0,icmp,1592374800,2020-06-17 06:20:00+00:00
178309787,jinan-telecom,wuhan-telecom,39.3771,0.0,icmp,1592374879,2020-06-17 06:21:19+00:00
178310029,jinan-telecom,wuhan-telecom,45.562,0.0,icmp,1592375040,2020-06-17 06:24:00+00:00
178310234,jinan-telecom,wuhan-telecom,46.7956,0.0,icmp,1592375160,2020-06-17 06:26:00+00:00
178310471,jinan-telecom,wuhan-telecom,39.389,0.0,icmp,1592375239,2020-06-17 06:27:19+00:00
178310694,jinan-telecom,wuhan-telecom,48.2645,0.0,icmp,1592375400,2020-06-17 06:30:00+00:00
178310937,jinan-telecom,wuhan-telecom,46.1065,0.0,icmp,1592375520,2020-06-17 06:32:00+00:00
178311154,jinan-telecom,wuhan-telecom,48.404,0.0,icmp,1592375640,2020-06-17 06:34:00+00:00
178311398,jinan-telecom,wuhan-telecom,39.7173,0.0,icmp,1592375779,2020-06-17 06:36:19+00:00
178311627,jinan-telecom,wuhan-telecom,46.0635,0.0,icmp,1592375880,2020-06-17 06:38:00+00:00
178311843,jinan-telecom,wuhan-telecom,39.3366,0.0,icmp,1592376019,2020-06-17 06:40:19+00:00
178312083,jinan-telecom,wuhan-telecom,46.2749,0.0,icmp,1592376120,2020-06-17 06:42:00+00:00
178312302,jinan-telecom,wuhan-telecom,45.7845,0.0,icmp,1592376240,2020-06-17 06:44:00+00:00
178312532,jinan-telecom,wuhan-telecom,47.1685,0.0,icmp,1592376360,2020-06-17 06:46:00+00:00
178312765,jinan-telecom,wuhan-telecom,45.2611,0.0,icmp,1592376480,2020-06-17 06:48:00+00:00
178312993,jinan-telecom,wuhan-telecom,41.9196,0.0,icmp,1592376600,2020-06-17 06:50:00+00:00
178313209,jinan-telecom,wuhan-telecom,39.4757,0.0,icmp,1592376679,2020-06-17 06:51:19+00:00
178313433,jinan-telecom,wuhan-telecom,48.3209,0.0,icmp,1592376840,2020-06-17 06:54:00+00:00
178313667,jinan-telecom,wuhan-telecom,41.8573,0.0,icmp,1592376960,2020-06-17 06:56:00+00:00
178313909,jinan-telecom,wuhan-telecom,47.0093,0.0,icmp,1592377080,2020-06-17 06:58:00+00:00
178314142,jinan-telecom,wuhan-telecom,46.5135,0.0,icmp,1592377200,2020-06-17 07:00:00+00:00
178314354,jinan-telecom,wuhan-telecom,46.948,0.0,icmp,1592377320,2020-06-17 07:02:00+00:00
178314591,jinan-telecom,wuhan-telecom,45.9386,0.0,icmp,1592377440,2020-06-17 07:04:00+00:00
178314822,jinan-telecom,wuhan-telecom,46.6123,0.0,icmp,1592377560,2020-06-17 07:06:00+00:00
178315053,jinan-telecom,wuhan-telecom,39.3436,0.0,icmp,1592377639,2020-06-17 07:07:19+00:00
178315296,jinan-telecom,wuhan-telecom,39.3554,0.0,icmp,1592377759,2020-06-17 07:09:19+00:00
178315513,jinan-telecom,wuhan-telecom,46.3197,0.0,icmp,1592377920,2020-06-17 07:12:00+00:00
178315749,jinan-telecom,wuhan-telecom,46.0997,0.0,icmp,1592378040,2020-06-17 07:14:00+00:00
178315971,jinan-telecom,wuhan-telecom,48.4822,0.0,icmp,1592378160,2020-06-17 07:16:00+00:00
178316224,jinan-telecom,wuhan-telecom,39.3249,0.0,icmp,1592378299,2020-06-17 07:18:19+00:00
178316421,jinan-telecom,wuhan-telecom,47.031,0.0,icmp,1592378400,2020-06-17 07:20:00+00:00
178316689,jinan-telecom,wuhan-telecom,48.5876,0.0,icmp,1592378520,2020-06-17 07:22:00+00:00
178316884,jinan-telecom,wuhan-telecom,47.4533,0.0,icmp,1592378640,2020-06-17 07:24:00+00:00
178317118,jinan-telecom,wuhan-telecom,48.0635,0.0,icmp,1592378760,2020-06-17 07:26:00+00:00
178317350,jinan-telecom,wuhan-telecom,45.4969,0.0,icmp,1592378880,2020-06-17 07:28:00+00:00
178317559,jinan-telecom,wuhan-telecom,39.6792,0.0,icmp,1592379019,2020-06-17 07:30:19+00:00
178317790,jinan-telecom,wuhan-telecom,41.1352,0.0,icmp,1592379120,2020-06-17 07:32:00+00:00
178318029,jinan-telecom,wuhan-telecom,52.004,0.0,icmp,1592379240,2020-06-17 07:34:00+00:00
178318247,jinan-telecom,wuhan-telecom,50.6622,0.0,icmp,1592379360,2020-06-17 07:36:00+00:00
178318492,jinan-telecom,wuhan-telecom,48.7069,0.0,icmp,1592379480,2020-06-17 07:38:00+00:00
178318714,jinan-telecom,wuhan-telecom,44.0458,0.0,icmp,1592379600,2020-06-17 07:40:00+00:00
178318938,jinan-telecom,wuhan-telecom,45.9079,0.0,icmp,1592379720,2020-06-17 07:42:00+00:00
178319177,jinan-telecom,wuhan-telecom,48.5125,0.0,icmp,1592379840,2020-06-17 07:44:00+00:00
178319398,jinan-telecom,wuhan-telecom,48.2463,0.0,icmp,1592379960,2020-06-17 07:46:00+00:00
178319652,jinan-telecom,wuhan-telecom,44.8529,0.0,icmp,1592380080,2020-06-17 07:48:00+00:00
178319863,jinan-telecom,wuhan-telecom,48.4558,0.0,icmp,1592380200,2020-06-17 07:50:00+00:00
178320104,jinan-telecom,wuhan-telecom,46.4264,0.0,icmp,1592380320,2020-06-17 07:52:00+00:00
178320322,jinan-telecom,wuhan-telecom,40.8959,0.0,icmp,1592380440,2020-06-17 07:54:00+00:00
178320540,jinan-telecom,wuhan-telecom,39.4133,0.0,icmp,1592380579,2020-06-17 07:56:19+00:00
178320774,jinan-telecom,wuhan-telecom,44.6222,0.0,icmp,1592380680,2020-06-17 07:58:00+00:00
178320994,jinan-telecom,wuhan-telecom,39.3529,0.0,icmp,1592380759,2020-06-17 07:59:19+00:00
178321247,jinan-telecom,wuhan-telecom,44.6587,0.0,icmp,1592380920,2020-06-17 08:02:00+00:00
178321445,jinan-telecom,wuhan-telecom,46.5496,0.0,icmp,1592381040,2020-06-17 08:04:00+00:00
178321689,jinan-telecom,wuhan-telecom,47.1943,0.0,icmp,1592381160,2020-06-17 08:06:00+00:00
178321918,jinan-telecom,wuhan-telecom,46.0357,0.0,icmp,1592381280,2020-06-17 08:08:00+00:00
178322139,jinan-telecom,wuhan-telecom,39.4157,1.0,icmp,1592381359,2020-06-17 08:09:19+00:00
178322364,jinan-telecom,wuhan-telecom,48.9257,0.0,icmp,1592381520,2020-06-17 08:12:00+00:00
178322609,jinan-telecom,wuhan-telecom,47.4501,0.0,icmp,1592381640,2020-06-17 08:14:00+00:00
178322831,jinan-telecom,wuhan-telecom,39.3708,0.0,icmp,1592381719,2020-06-17 08:15:19+00:00
178323084,jinan-telecom,wuhan-telecom,45.4944,0.0,icmp,1592381880,2020-06-17 08:18:00+00:00
178323296,jinan-telecom,wuhan-telecom,46.9544,0.0,icmp,1592382000,2020-06-17 08:20:00+00:00
178323535,jinan-telecom,wuhan-telecom,45.9567,0.0,icmp,1592382120,2020-06-17 08:22:00+00:00
178323768,jinan-telecom,wuhan-telecom,47.0969,0.0,icmp,1592382240,2020-06-17 08:24:00+00:00
178324013,jinan-telecom,wuhan-telecom,46.8161,0.0,icmp,1592382360,2020-06-17 08:26:00+00:00
178324205,jinan-telecom,wuhan-telecom,47.8047,0.0,icmp,1592382480,2020-06-17 08:28:00+00:00
178324432,jinan-telecom,wuhan-telecom,44.9174,0.0,icmp,1592382600,2020-06-17 08:30:00+00:00
178324676,jinan-telecom,wuhan-telecom,39.6666,1.0,icmp,1592382739,2020-06-17 08:32:19+00:00
178324904,jinan-telecom,wuhan-telecom,44.6305,0.0,icmp,1592382840,2020-06-17 08:34:00+00:00
178325144,jinan-telecom,wuhan-telecom,39.388,0.0,icmp,1592382919,2020-06-17 08:35:19+00:00
178325373,jinan-telecom,wuhan-telecom,48.4479,0.0,icmp,1592383080,2020-06-17 08:38:00+00:00
178325592,jinan-telecom,wuhan-telecom,47.4872,0.0,icmp,1592383200,2020-06-17 08:40:00+00:00
178325825,jinan-telecom,wuhan-telecom,49.36,0.0,icmp,1592383320,2020-06-17 08:42:00+00:00
178326053,jinan-telecom,wuhan-telecom,39.4418,0.0,icmp,1592383459,2020-06-17 08:44:19+00:00
178326275,jinan-telecom,wuhan-telecom,48.0149,0.0,icmp,1592383560,2020-06-17 08:46:00+00:00
178326483,jinan-telecom,wuhan-telecom,49.4232,0.0,icmp,1592383680,2020-06-17 08:48:00+00:00
178326737,jinan-telecom,wuhan-telecom,45.9085,0.0,icmp,1592383800,2020-06-17 08:50:00+00:00
178326957,jinan-telecom,wuhan-telecom,39.3942,0.0,icmp,1592383939,2020-06-17 08:52:19+00:00
178327182,jinan-telecom,wuhan-telecom,47.7471,0.0,icmp,1592384040,2020-06-17 08:54:00+00:00
178327406,jinan-telecom,wuhan-telecom,45.0174,0.0,icmp,1592384160,2020-06-17 08:56:00+00:00
178327650,jinan-telecom,wuhan-telecom,46.8839,0.0,icmp,1592384280,2020-06-17 08:58:00+00:00
178327899,jinan-telecom,wuhan-telecom,39.5011,0.0,icmp,1592384359,2020-06-17 08:59:19+00:00
178328114,jinan-telecom,wuhan-telecom,39.5498,0.0,icmp,1592384479,2020-06-17 09:01:19+00:00
178328349,jinan-telecom,wuhan-telecom,39.585,0.0,icmp,1592384599,2020-06-17 09:03:19+00:00
178328570,jinan-telecom,wuhan-telecom,39.5128,0.0,icmp,1592384719,2020-06-17 09:05:19+00:00
178328787,jinan-telecom,wuhan-telecom,42.9218,0.0,icmp,1592384880,2020-06-17 09:08:00+00:00
178329040,jinan-telecom,wuhan-telecom,46.1376,0.0,icmp,1592385000,2020-06-17 09:10:00+00:00
178329287,jinan-telecom,wuhan-telecom,40.1371,0.0,icmp,1592385120,2020-06-17 09:12:00+00:00
178329478,jinan-telecom,wuhan-telecom,39.4319,0.0,icmp,1592385259,2020-06-17 09:14:19+00:00
178329710,jinan-telecom,wuhan-telecom,46.8142,0.0,icmp,1592385360,2020-06-17 09:16:00+00:00
178329933,jinan-telecom,wuhan-telecom,39.5863,0.0,icmp,1592385439,2020-06-17 09:17:19+00:00
178330173,jinan-telecom,wuhan-telecom,50.5283,0.0,icmp,1592385600,2020-06-17 09:20:00+00:00
178330389,jinan-telecom,wuhan-telecom,39.3492,0.0,icmp,1592385680,2020-06-17 09:21:20+00:00
178330615,jinan-telecom,wuhan-telecom,46.4602,0.0,icmp,1592385840,2020-06-17 09:24:00+00:00
178330853,jinan-telecom,wuhan-telecom,45.1138,0.0,icmp,1592385960,2020-06-17 09:26:00+00:00
178331069,jinan-telecom,wuhan-telecom,39.3815,0.0,icmp,1592386099,2020-06-17 09:28:19+00:00
178331308,jinan-telecom,wuhan-telecom,39.4182,0.0,icmp,1592386219,2020-06-17 09:30:19+00:00
178331536,jinan-telecom,wuhan-telecom,47.0826,0.0,icmp,1592386320,2020-06-17 09:32:00+00:00
178331758,jinan-telecom,wuhan-telecom,47.1628,0.0,icmp,1592386440,2020-06-17 09:34:00+00:00
178332005,jinan-telecom,wuhan-telecom,47.3671,0.0,icmp,1592386560,2020-06-17 09:36:00+00:00
178332219,jinan-telecom,wuhan-telecom,48.5622,0.0,icmp,1592386680,2020-06-17 09:38:00+00:00
178332467,jinan-telecom,wuhan-telecom,45.048,0.0,icmp,1592386800,2020-06-17 09:40:00+00:00
178332667,jinan-telecom,wuhan-telecom,39.3989,0.0,icmp,1592386879,2020-06-17 09:41:19+00:00
178332918,jinan-telecom,wuhan-telecom,46.509,0.0,icmp,1592387040,2020-06-17 09:44:00+00:00
178333160,jinan-telecom,wuhan-telecom,46.7281,0.0,icmp,1592387160,2020-06-17 09:46:00+00:00
178333370,jinan-telecom,wuhan-telecom,49.0263,0.0,icmp,1592387280,2020-06-17 09:48:00+00:00
178333598,jinan-telecom,wuhan-telecom,46.2907,0.0,icmp,1592387400,2020-06-17 09:50:00+00:00
178333851,jinan-telecom,wuhan-telecom,39.4748,0.0,icmp,1592387479,2020-06-17 09:51:19+00:00
178334049,jinan-telecom,wuhan-telecom,40.5231,0.0,icmp,1592387640,2020-06-17 09:54:00+00:00
178334290,jinan-telecom,wuhan-telecom,46.4292,0.0,icmp,1592387760,2020-06-17 09:56:00+00:00
178334521,jinan-telecom,wuhan-telecom,39.3893,0.0,icmp,1592387899,2020-06-17 09:58:19+00:00
178334738,jinan-telecom,wuhan-telecom,39.7655,0.0,icmp,1592388019,2020-06-17 10:00:19+00:00
178334965,jinan-telecom,wuhan-telecom,39.3845,0.0,icmp,1592388139,2020-06-17 10:02:19+00:00
178335192,jinan-telecom,wuhan-telecom,46.4725,0.0,icmp,1592388240,2020-06-17 10:04:00+00:00
178335430,jinan-telecom,wuhan-telecom,39.3506,0.0,icmp,1592388319,2020-06-17 10:05:19+00:00
178335662,jinan-telecom,wuhan-telecom,48.2819,0.0,icmp,1592388480,2020-06-17 10:08:00+00:00
178335898,jinan-telecom,wuhan-telecom,49.4217,0.0,icmp,1592388600,2020-06-17 10:10:00+00:00
178336132,jinan-telecom,wuhan-telecom,39.5177,0.0,icmp,1592388739,2020-06-17 10:12:19+00:00
178336357,jinan-telecom,wuhan-telecom,46.3289,0.0,icmp,1592388840,2020-06-17 10:14:00+00:00
178336586,jinan-telecom,wuhan-telecom,47.6254,0.0,icmp,1592388960,2020-06-17 10:16:00+00:00
178336796,jinan-telecom,wuhan-telecom,50.883,0.0,icmp,1592389080,2020-06-17 10:18:00+00:00
178337026,jinan-telecom,wuhan-telecom,39.3538,0.0,icmp,1592389159,2020-06-17 10:19:19+00:00
178337253,jinan-telecom,wuhan-telecom,46.7386,0.0,icmp,1592389320,2020-06-17 10:22:00+00:00
178337511,jinan-telecom,wuhan-telecom,39.48,0.0,icmp,1592389445,2020-06-17 10:24:05+00:00
178337739,jinan-telecom,wuhan-telecom,39.3317,0.0,icmp,1592389579,2020-06-17 10:26:19+00:00
178337955,jinan-telecom,wuhan-telecom,46.2517,0.0,icmp,1592389680,2020-06-17 10:28:00+00:00
178338181,jinan-telecom,wuhan-telecom,42.2974,0.0,icmp,1592389800,2020-06-17 10:30:00+00:00
178338411,jinan-telecom,wuhan-telecom,46.3394,0.0,icmp,1592389920,2020-06-17 10:32:00+00:00
178338649,jinan-telecom,wuhan-telecom,47.8775,0.0,icmp,1592390040,2020-06-17 10:34:00+00:00
178338864,jinan-telecom,wuhan-telecom,46.8027,0.0,icmp,1592390160,2020-06-17 10:36:00+00:00
178339102,jinan-telecom,wuhan-telecom,48.5444,0.0,icmp,1592390280,2020-06-17 10:38:00+00:00
178339319,jinan-telecom,wuhan-telecom,49.0325,0.0,icmp,1592390400,2020-06-17 10:40:00+00:00
178339554,jinan-telecom,wuhan-telecom,45.5552,0.0,icmp,1592390520,2020-06-17 10:42:00+00:00
178339790,jinan-telecom,wuhan-telecom,46.1934,0.0,icmp,1592390640,2020-06-17 10:44:00+00:00
178340024,jinan-telecom,wuhan-telecom,47.8542,0.0,icmp,1592390760,2020-06-17 10:46:00+00:00
178340234,jinan-telecom,wuhan-telecom,45.6211,0.0,icmp,1592390880,2020-06-17 10:48:00+00:00
178340472,jinan-telecom,wuhan-telecom,46.9334,0.0,icmp,1592391000,2020-06-17 10:50:00+00:00
178340694,jinan-telecom,wuhan-telecom,39.3287,0.0,icmp,1592391079,2020-06-17 10:51:19+00:00
178340923,jinan-telecom,wuhan-telecom,47.263,0.0,icmp,1592391240,2020-06-17 10:54:00+00:00
178341155,jinan-telecom,wuhan-telecom,45.3652,0.0,icmp,1592391360,2020-06-17 10:56:00+00:00
178341378,jinan-telecom,wuhan-telecom,46.0234,0.0,icmp,1592391480,2020-06-17 10:58:00+00:00
178341615,jinan-telecom,wuhan-telecom,43.816,0.0,icmp,1592391600,2020-06-17 11:00:00+00:00
178341838,jinan-telecom,wuhan-telecom,46.2563,0.0,icmp,1592391720,2020-06-17 11:02:00+00:00
178342077,jinan-telecom,wuhan-telecom,39.8722,0.0,icmp,1592391840,2020-06-17 11:04:00+00:00
178342315,jinan-telecom,wuhan-telecom,39.3829,0.0,icmp,1592391979,2020-06-17 11:06:19+00:00
178342528,jinan-telecom,wuhan-telecom,46.4253,0.0,icmp,1592392080,2020-06-17 11:08:00+00:00
178342756,jinan-telecom,wuhan-telecom,41.9141,0.0,icmp,1592392200,2020-06-17 11:10:00+00:00
178342997,jinan-telecom,wuhan-telecom,49.8876,1.0,icmp,1592392320,2020-06-17 11:12:00+00:00
178343203,jinan-telecom,wuhan-telecom,45.7834,0.0,icmp,1592392440,2020-06-17 11:14:00+00:00
178343454,jinan-telecom,wuhan-telecom,48.8673,0.0,icmp,1592392560,2020-06-17 11:16:00+00:00
178343694,jinan-telecom,wuhan-telecom,46.365,0.0,icmp,1592392680,2020-06-17 11:18:00+00:00
178343931,jinan-telecom,wuhan-telecom,43.8951,0.0,icmp,1592392800,2020-06-17 11:20:00+00:00
178344130,jinan-telecom,wuhan-telecom,45.5701,0.0,icmp,1592392920,2020-06-17 11:22:00+00:00
178344342,jinan-telecom,wuhan-telecom,47.8553,0.0,icmp,1592393040,2020-06-17 11:24:00+00:00
178344594,jinan-telecom,wuhan-telecom,46.0372,0.0,icmp,1592393104,2020-06-17 11:25:04+00:00
178344821,jinan-telecom,wuhan-telecom,47.4596,0.0,icmp,1592393280,2020-06-17 11:28:00+00:00
178345062,jinan-telecom,wuhan-telecom,46.141,0.0,icmp,1592393400,2020-06-17 11:30:00+00:00
178345276,jinan-telecom,wuhan-telecom,39.3798,1.0,icmp,1592393479,2020-06-17 11:31:19+00:00
178345515,jinan-telecom,wuhan-telecom,46.9298,0.0,icmp,1592393640,2020-06-17 11:34:00+00:00
178345746,jinan-telecom,wuhan-telecom,39.3794,0.0,icmp,1592393779,2020-06-17 11:36:19+00:00
178345978,jinan-telecom,wuhan-telecom,47.2573,0.0,icmp,1592393880,2020-06-17 11:38:00+00:00
178346213,jinan-telecom,wuhan-telecom,39.6112,0.0,icmp,1592394019,2020-06-17 11:40:19+00:00
178346432,jinan-telecom,wuhan-telecom,47.7395,0.0,icmp,1592394120,2020-06-17 11:42:00+00:00
178346662,jinan-telecom,wuhan-telecom,47.1816,0.0,icmp,1592394240,2020-06-17 11:44:00+00:00
178346892,jinan-telecom,wuhan-telecom,47.1738,0.0,icmp,1592394360,2020-06-17 11:46:00+00:00
178347110,jinan-telecom,wuhan-telecom,46.7,0.0,icmp,1592394480,2020-06-17 11:48:00+00:00
178347347,jinan-telecom,wuhan-telecom,46.7533,0.0,icmp,1592394600,2020-06-17 11:50:00+00:00
178347568,jinan-telecom,wuhan-telecom,49.213,0.0,icmp,1592394720,2020-06-17 11:52:00+00:00
178347796,jinan-telecom,wuhan-telecom,42.8449,1.0,icmp,1592394840,2020-06-17 11:54:00+00:00
178348027,jinan-telecom,wuhan-telecom,39.5088,0.0,icmp,1592394979,2020-06-17 11:56:19+00:00
178348237,jinan-telecom,wuhan-telecom,48.8249,0.0,icmp,1592395080,2020-06-17 11:58:00+00:00
178348492,jinan-telecom,wuhan-telecom,39.7084,0.0,icmp,1592395159,2020-06-17 11:59:19+00:00
178348719,jinan-telecom,wuhan-telecom,39.5065,0.0,icmp,1592395279,2020-06-17 12:01:19+00:00
178348938,jinan-telecom,wuhan-telecom,39.7651,0.0,icmp,1592395459,2020-06-17 12:04:19+00:00
178349173,jinan-telecom,wuhan-telecom,46.8191,0.0,icmp,1592395560,2020-06-17 12:06:00+00:00
178349401,jinan-telecom,wuhan-telecom,48.7143,0.0,icmp,1592395680,2020-06-17 12:08:00+00:00
178349636,jinan-telecom,wuhan-telecom,47.1027,0.0,icmp,1592395800,2020-06-17 12:10:00+00:00
178349852,jinan-telecom,wuhan-telecom,39.5835,0.0,icmp,1592395939,2020-06-17 12:12:19+00:00
178350075,jinan-telecom,wuhan-telecom,45.3889,1.0,icmp,1592396040,2020-06-17 12:14:00+00:00
178350314,jinan-telecom,wuhan-telecom,44.9474,0.0,icmp,1592396160,2020-06-17 12:16:00+00:00
178350550,jinan-telecom,wuhan-telecom,39.6712,0.0,icmp,1592396299,2020-06-17 12:18:19+00:00
178350795,jinan-telecom,wuhan-telecom,49.4982,1.0,icmp,1592396400,2020-06-17 12:20:00+00:00
178351003,jinan-telecom,wuhan-telecom,47.9723,0.0,icmp,1592396520,2020-06-17 12:22:00+00:00
178351244,jinan-telecom,wuhan-telecom,46.8181,1.0,icmp,1592396640,2020-06-17 12:24:00+00:00
178351464,jinan-telecom,wuhan-telecom,46.5665,0.0,icmp,1592396760,2020-06-17 12:26:00+00:00
178351700,jinan-telecom,wuhan-telecom,46.545,0.0,icmp,1592396880,2020-06-17 12:28:00+00:00
178351926,jinan-telecom,wuhan-telecom,39.9319,2.0,icmp,1592396959,2020-06-17 12:29:19+00:00
178352159,jinan-telecom,wuhan-telecom,47.7613,1.0,icmp,1592397120,2020-06-17 12:32:00+00:00
178352369,jinan-telecom,wuhan-telecom,49.1343,3.0,icmp,1592397240,2020-06-17 12:34:00+00:00
178352610,jinan-telecom,wuhan-telecom,47.7071,0.0,icmp,1592397360,2020-06-17 12:36:00+00:00
178352832,jinan-telecom,wuhan-telecom,39.8022,4.0,icmp,1592397439,2020-06-17 12:37:19+00:00
178353060,jinan-telecom,wuhan-telecom,49.7219,2.0,icmp,1592397600,2020-06-17 12:40:00+00:00
178353292,jinan-telecom,wuhan-telecom,40.4477,3.0,icmp,1592397720,2020-06-17 12:42:00+00:00
178353532,jinan-telecom,wuhan-telecom,48.5138,6.0,icmp,1592397840,2020-06-17 12:44:00+00:00
178353763,jinan-telecom,wuhan-telecom,45.3102,5.0,icmp,1592397960,2020-06-17 12:46:00+00:00
178353977,jinan-telecom,wuhan-telecom,45.5596,7.0,icmp,1592398080,2020-06-17 12:48:00+00:00
178354199,jinan-telecom,wuhan-telecom,47.7792,5.0,icmp,1592398200,2020-06-17 12:50:00+00:00
178354442,jinan-telecom,wuhan-telecom,40.0553,4.0,icmp,1592398339,2020-06-17 12:52:19+00:00
178354658,jinan-telecom,wuhan-telecom,49.9749,0.0,icmp,1592398440,2020-06-17 12:54:00+00:00
178354893,jinan-telecom,wuhan-telecom,49.2657,1.0,icmp,1592398560,2020-06-17 12:56:00+00:00
178355123,jinan-telecom,wuhan-telecom,45.1743,3.0,icmp,1592398680,2020-06-17 12:58:00+00:00
178355364,jinan-telecom,wuhan-telecom,49.0699,3.0,icmp,1592398800,2020-06-17 13:00:00+00:00
178355624,jinan-telecom,wuhan-telecom,40.0373,3.0,icmp,1592398939,2020-06-17 13:02:19+00:00
178355812,jinan-telecom,wuhan-telecom,40.0277,2.0,icmp,1592399059,2020-06-17 13:04:19+00:00
178356033,jinan-telecom,wuhan-telecom,41.5972,2.0,icmp,1592399160,2020-06-17 13:06:00+00:00
178356259,jinan-telecom,wuhan-telecom,48.2793,5.0,icmp,1592399280,2020-06-17 13:08:00+00:00
178356480,jinan-telecom,wuhan-telecom,47.0041,3.0,icmp,1592399400,2020-06-17 13:10:00+00:00
178356752,jinan-telecom,wuhan-telecom,40.0146,3.0,icmp,1592399539,2020-06-17 13:12:19+00:00
178356948,jinan-telecom,wuhan-telecom,46.8702,2.0,icmp,1592399640,2020-06-17 13:14:00+00:00
178357198,jinan-telecom,wuhan-telecom,47.3111,3.0,icmp,1592399760,2020-06-17 13:16:00+00:00
178357424,jinan-telecom,wuhan-telecom,48.7493,3.0,icmp,1592399880,2020-06-17 13:18:00+00:00
178357634,jinan-telecom,wuhan-telecom,42.8478,4.0,icmp,1592400000,2020-06-17 13:20:00+00:00
178357870,jinan-telecom,wuhan-telecom,45.8585,2.0,icmp,1592400120,2020-06-17 13:22:00+00:00
178358103,jinan-telecom,wuhan-telecom,47.8998,2.0,icmp,1592400240,2020-06-17 13:24:00+00:00
178358345,jinan-telecom,wuhan-telecom,45.8446,3.0,icmp,1592400360,2020-06-17 13:26:00+00:00
178358547,jinan-telecom,wuhan-telecom,46.138,3.0,icmp,1592400484,2020-06-17 13:28:04+00:00
178358800,jinan-telecom,wuhan-telecom,40.3251,4.0,icmp,1592400619,2020-06-17 13:30:19+00:00
178359021,jinan-telecom,wuhan-telecom,46.9136,6.0,icmp,1592400720,2020-06-17 13:32:00+00:00
178359254,jinan-telecom,wuhan-telecom,48.1891,1.0,icmp,1592400840,2020-06-17 13:34:00+00:00
178359485,jinan-telecom,wuhan-telecom,40.2007,7.0,icmp,1592400979,2020-06-17 13:36:19+00:00
178359719,jinan-telecom,wuhan-telecom,47.1709,2.0,icmp,1592401080,2020-06-17 13:38:00+00:00
178359949,jinan-telecom,wuhan-telecom,48.322,4.0,icmp,1592401200,2020-06-17 13:40:00+00:00
178360184,jinan-telecom,wuhan-telecom,48.2692,1.0,icmp,1592401320,2020-06-17 13:42:00+00:00
178360397,jinan-telecom,wuhan-telecom,47.3667,2.0,icmp,1592401440,2020-06-17 13:44:00+00:00
178360646,jinan-telecom,wuhan-telecom,47.9067,3.0,icmp,1592401560,2020-06-17 13:46:00+00:00
178360840,jinan-telecom,wuhan-telecom,48.2735,4.0,icmp,1592401680,2020-06-17 13:48:00+00:00
178361094,jinan-telecom,wuhan-telecom,40.0413,3.0,icmp,1592401819,2020-06-17 13:50:19+00:00
178361335,jinan-telecom,wuhan-telecom,44.99,6.0,icmp,1592401920,2020-06-17 13:52:00+00:00
178361531,jinan-telecom,wuhan-telecom,49.0649,4.0,icmp,1592402040,2020-06-17 13:54:00+00:00
178361767,jinan-telecom,wuhan-telecom,40.0644,2.0,icmp,1592402179,2020-06-17 13:56:19+00:00
178361996,jinan-telecom,wuhan-telecom,47.4641,3.0,icmp,1592402280,2020-06-17 13:58:00+00:00
178362205,jinan-telecom,wuhan-telecom,47.6944,4.0,icmp,1592402400,2020-06-17 14:00:00+00:00
178362455,jinan-telecom,wuhan-telecom,48.6002,6.0,icmp,1592402520,2020-06-17 14:02:00+00:00
178362679,jinan-telecom,wuhan-telecom,45.5785,1.0,icmp,1592402640,2020-06-17 14:04:00+00:00
178362907,jinan-telecom,wuhan-telecom,46.0384,1.0,icmp,1592402760,2020-06-17 14:06:00+00:00
178363160,jinan-telecom,wuhan-telecom,49.3837,1.0,icmp,1592402880,2020-06-17 14:08:00+00:00
178363386,jinan-telecom,wuhan-telecom,46.3257,2.0,icmp,1592403000,2020-06-17 14:10:00+00:00
178363596,jinan-telecom,wuhan-telecom,48.0413,1.0,icmp,1592403120,2020-06-17 14:12:00+00:00
178363839,jinan-telecom,wuhan-telecom,39.8886,3.0,icmp,1592403259,2020-06-17 14:14:19+00:00
178364048,jinan-telecom,wuhan-telecom,48.8313,3.0,icmp,1592403360,2020-06-17 14:16:00+00:00
178364293,jinan-telecom,wuhan-telecom,49.5511,4.0,icmp,1592403480,2020-06-17 14:18:00+00:00
178364519,jinan-telecom,wuhan-telecom,47.343,0.0,icmp,1592403600,2020-06-17 14:20:00+00:00
178364771,jinan-telecom,wuhan-telecom,49.0166,1.0,icmp,1592403720,2020-06-17 14:22:00+00:00
178364963,jinan-telecom,wuhan-telecom,46.8574,5.0,icmp,1592403840,2020-06-17 14:24:00+00:00
178365203,jinan-telecom,wuhan-telecom,44.7129,1.0,icmp,1592403960,2020-06-17 14:26:00+00:00
178365421,jinan-telecom,wuhan-telecom,49.4412,0.0,icmp,1592404080,2020-06-17 14:28:00+00:00
178365676,jinan-telecom,wuhan-telecom,47.596,0.0,icmp,1592404200,2020-06-17 14:30:00+00:00
178365898,jinan-telecom,wuhan-telecom,39.6687,5.0,icmp,1592404339,2020-06-17 14:32:19+00:00
178366110,jinan-telecom,wuhan-telecom,49.3761,1.0,icmp,1592404440,2020-06-17 14:34:00+00:00
178366348,jinan-telecom,wuhan-telecom,45.7425,3.0,icmp,1592404560,2020-06-17 14:36:00+00:00
178366578,jinan-telecom,wuhan-telecom,50.4796,0.0,icmp,1592404680,2020-06-17 14:38:00+00:00
178366802,jinan-telecom,wuhan-telecom,39.5369,0.0,icmp,1592404819,2020-06-17 14:40:19+00:00
178367025,jinan-telecom,wuhan-telecom,45.7402,0.0,icmp,1592404920,2020-06-17 14:42:00+00:00
178367266,jinan-telecom,wuhan-telecom,45.1854,0.0,icmp,1592405040,2020-06-17 14:44:00+00:00
178367493,jinan-telecom,wuhan-telecom,46.8042,0.0,icmp,1592405160,2020-06-17 14:46:00+00:00
178367726,jinan-telecom,wuhan-telecom,39.69,0.0,icmp,1592405285,2020-06-17 14:48:05+00:00
178367968,jinan-telecom,wuhan-telecom,47.5473,0.0,icmp,1592405400,2020-06-17 14:50:00+00:00
178368173,jinan-telecom,wuhan-telecom,45.1587,0.0,icmp,1592405520,2020-06-17 14:52:00+00:00
178368397,jinan-telecom,wuhan-telecom,47.4528,0.0,icmp,1592405640,2020-06-17 14:54:00+00:00
178368635,jinan-telecom,wuhan-telecom,42.8007,0.0,icmp,1592405760,2020-06-17 14:56:00+00:00
178368865,jinan-telecom,wuhan-telecom,46.7427,0.0,icmp,1592405880,2020-06-17 14:58:00+00:00
178369099,jinan-telecom,wuhan-telecom,39.4169,0.0,icmp,1592405959,2020-06-17 14:59:19+00:00
178369369,jinan-telecom,wuhan-telecom,45.8868,0.0,icmp,1592406120,2020-06-17 15:02:00+00:00
178369552,jinan-telecom,wuhan-telecom,39.4622,0.0,icmp,1592406199,2020-06-17 15:03:19+00:00
178369788,jinan-telecom,wuhan-telecom,39.4313,0.0,icmp,1592406319,2020-06-17 15:05:19+00:00
178370012,jinan-telecom,wuhan-telecom,48.0172,0.0,icmp,1592406480,2020-06-17 15:08:00+00:00
178370259,jinan-telecom,wuhan-telecom,48.0188,0.0,icmp,1592406600,2020-06-17 15:10:00+00:00
178370470,jinan-telecom,wuhan-telecom,47.2824,0.0,icmp,1592406720,2020-06-17 15:12:00+00:00
178370717,jinan-telecom,wuhan-telecom,47.8295,0.0,icmp,1592406840,2020-06-17 15:14:00+00:00
178370937,jinan-telecom,wuhan-telecom,49.8787,0.0,icmp,1592406960,2020-06-17 15:16:00+00:00
178371167,jinan-telecom,wuhan-telecom,46.2847,0.0,icmp,1592407080,2020-06-17 15:18:00+00:00
178371389,jinan-telecom,wuhan-telecom,47.3088,0.0,icmp,1592407200,2020-06-17 15:20:00+00:00
178371617,jinan-telecom,wuhan-telecom,48.1207,0.0,icmp,1592407320,2020-06-17 15:22:00+00:00
178371855,jinan-telecom,wuhan-telecom,41.1632,0.0,icmp,1592407440,2020-06-17 15:24:00+00:00
178372072,jinan-telecom,wuhan-telecom,47.3271,0.0,icmp,1592407560,2020-06-17 15:26:00+00:00
178372318,jinan-telecom,wuhan-telecom,46.4361,0.0,icmp,1592407685,2020-06-17 15:28:05+00:00
178372534,jinan-telecom,wuhan-telecom,46.7551,0.0,icmp,1592407800,2020-06-17 15:30:00+00:00
178372771,jinan-telecom,wuhan-telecom,48.3954,0.0,icmp,1592407920,2020-06-17 15:32:00+00:00
178373001,jinan-telecom,wuhan-telecom,48.888,0.0,icmp,1592408040,2020-06-17 15:34:00+00:00
178373227,jinan-telecom,wuhan-telecom,46.4941,0.0,icmp,1592408160,2020-06-17 15:36:00+00:00
178373440,jinan-telecom,wuhan-telecom,39.7533,0.0,icmp,1592408299,2020-06-17 15:38:19+00:00
178373672,jinan-telecom,wuhan-telecom,48.0744,0.0,icmp,1592408400,2020-06-17 15:40:00+00:00
178373925,jinan-telecom,wuhan-telecom,46.2258,0.0,icmp,1592408520,2020-06-17 15:42:00+00:00
178374145,jinan-telecom,wuhan-telecom,48.5159,0.0,icmp,1592408640,2020-06-17 15:44:00+00:00
178374382,jinan-telecom,wuhan-telecom,39.6041,0.0,icmp,1592408779,2020-06-17 15:46:19+00:00
178374587,jinan-telecom,wuhan-telecom,42.7129,0.0,icmp,1592408880,2020-06-17 15:48:00+00:00
178374816,jinan-telecom,wuhan-telecom,45.7496,0.0,icmp,1592409000,2020-06-17 15:50:00+00:00
178375041,jinan-telecom,wuhan-telecom,46.5854,0.0,icmp,1592409120,2020-06-17 15:52:00+00:00
178375295,jinan-telecom,wuhan-telecom,46.3191,0.0,icmp,1592409240,2020-06-17 15:54:00+00:00
178375502,jinan-telecom,wuhan-telecom,39.4315,0.0,icmp,1592409379,2020-06-17 15:56:19+00:00
178375751,jinan-telecom,wuhan-telecom,48.4749,0.0,icmp,1592409480,2020-06-17 15:58:00+00:00
178375959,jinan-telecom,wuhan-telecom,47.5649,0.0,icmp,1592409600,2020-06-17 16:00:00+00:00
178376195,jinan-telecom,wuhan-telecom,39.3631,0.0,icmp,1592409739,2020-06-17 16:02:19+00:00
178376433,jinan-telecom,wuhan-telecom,48.2808,0.0,icmp,1592409840,2020-06-17 16:04:00+00:00
178376652,jinan-telecom,wuhan-telecom,46.3242,0.0,icmp,1592409960,2020-06-17 16:06:00+00:00
178376878,jinan-telecom,wuhan-telecom,47.2718,0.0,icmp,1592410080,2020-06-17 16:08:00+00:00
178377107,jinan-telecom,wuhan-telecom,47.5278,0.0,icmp,1592410200,2020-06-17 16:10:00+00:00
178377355,jinan-telecom,wuhan-telecom,47.9293,0.0,icmp,1592410320,2020-06-17 16:12:00+00:00
178377583,jinan-telecom,wuhan-telecom,39.4956,0.0,icmp,1592410459,2020-06-17 16:14:19+00:00
178377810,jinan-telecom,wuhan-telecom,46.2687,0.0,icmp,1592410560,2020-06-17 16:16:00+00:00
178378029,jinan-telecom,wuhan-telecom,46.248,0.0,icmp,1592410680,2020-06-17 16:18:00+00:00
178378262,jinan-telecom,wuhan-telecom,47.668,0.0,icmp,1592410800,2020-06-17 16:20:00+00:00
178378494,jinan-telecom,wuhan-telecom,45.5124,0.0,icmp,1592410920,2020-06-17 16:22:00+00:00
178378722,jinan-telecom,wuhan-telecom,42.2635,0.0,icmp,1592411040,2020-06-17 16:24:00+00:00
178378948,jinan-telecom,wuhan-telecom,46.5313,0.0,icmp,1592411160,2020-06-17 16:26:00+00:00
178379170,jinan-telecom,wuhan-telecom,39.5134,0.0,icmp,1592411239,2020-06-17 16:27:19+00:00
178379393,jinan-telecom,wuhan-telecom,47.3425,0.0,icmp,1592411400,2020-06-17 16:30:00+00:00
178379621,jinan-telecom,wuhan-telecom,46.2301,0.0,icmp,1592411520,2020-06-17 16:32:00+00:00
178379847,jinan-telecom,wuhan-telecom,46.6137,0.0,icmp,1592411640,2020-06-17 16:34:00+00:00
178380087,jinan-telecom,wuhan-telecom,39.3755,0.0,icmp,1592411719,2020-06-17 16:35:19+00:00
178380317,jinan-telecom,wuhan-telecom,39.7534,0.0,icmp,1592411899,2020-06-17 16:38:19+00:00
178380558,jinan-telecom,wuhan-telecom,46.1034,0.0,icmp,1592412000,2020-06-17 16:40:00+00:00
178380775,jinan-telecom,wuhan-telecom,46.6224,0.0,icmp,1592412120,2020-06-17 16:42:00+00:00
178381004,jinan-telecom,wuhan-telecom,39.5783,0.0,icmp,1592412199,2020-06-17 16:43:19+00:00
178381241,jinan-telecom,wuhan-telecom,39.6604,0.0,icmp,1592412319,2020-06-17 16:45:19+00:00
178381458,jinan-telecom,wuhan-telecom,44.6938,0.0,icmp,1592412480,2020-06-17 16:48:00+00:00
178381708,jinan-telecom,wuhan-telecom,46.8318,0.0,icmp,1592412600,2020-06-17 16:50:00+00:00
178381929,jinan-telecom,wuhan-telecom,46.7091,0.0,icmp,1592412720,2020-06-17 16:52:00+00:00
178382142,jinan-telecom,wuhan-telecom,39.7201,0.0,icmp,1592412799,2020-06-17 16:53:19+00:00
178382379,jinan-telecom,wuhan-telecom,48.8135,0.0,icmp,1592412960,2020-06-17 16:56:00+00:00
178382611,jinan-telecom,wuhan-telecom,45.1653,0.0,icmp,1592413080,2020-06-17 16:58:00+00:00
178382842,jinan-telecom,wuhan-telecom,46.957,0.0,icmp,1592413200,2020-06-17 17:00:00+00:00
178383115,jinan-telecom,wuhan-telecom,46.1148,0.0,icmp,1592413320,2020-06-17 17:02:00+00:00
178383311,jinan-telecom,wuhan-telecom,46.8257,0.0,icmp,1592413440,2020-06-17 17:04:00+00:00
178383531,jinan-telecom,wuhan-telecom,45.8449,0.0,icmp,1592413560,2020-06-17 17:06:00+00:00
178383742,jinan-telecom,wuhan-telecom,45.4718,0.0,icmp,1592413680,2020-06-17 17:08:00+00:00
178383988,jinan-telecom,wuhan-telecom,41.2562,0.0,icmp,1592413800,2020-06-17 17:10:00+00:00
178384199,jinan-telecom,wuhan-telecom,39.445,0.0,icmp,1592413879,2020-06-17 17:11:19+00:00
178384451,jinan-telecom,wuhan-telecom,39.4073,0.0,icmp,1592413999,2020-06-17 17:13:19+00:00
178384665,jinan-telecom,wuhan-telecom,45.8529,0.0,icmp,1592414160,2020-06-17 17:16:00+00:00
178384878,jinan-telecom,wuhan-telecom,40.3979,0.0,icmp,1592414280,2020-06-17 17:18:00+00:00
178385116,jinan-telecom,wuhan-telecom,39.516,0.0,icmp,1592414359,2020-06-17 17:19:19+00:00
178385350,jinan-telecom,wuhan-telecom,46.2635,0.0,icmp,1592414520,2020-06-17 17:22:00+00:00
178385577,jinan-telecom,wuhan-telecom,47.8386,0.0,icmp,1592414640,2020-06-17 17:24:00+00:00
178385814,jinan-telecom,wuhan-telecom,39.3575,0.0,icmp,1592414719,2020-06-17 17:25:19+00:00
178386050,jinan-telecom,wuhan-telecom,39.3815,0.0,icmp,1592414839,2020-06-17 17:27:19+00:00
178386280,jinan-telecom,wuhan-telecom,48.1167,0.0,icmp,1592415000,2020-06-17 17:30:00+00:00
178386495,jinan-telecom,wuhan-telecom,46.8179,0.0,icmp,1592415120,2020-06-17 17:32:00+00:00
178386732,jinan-telecom,wuhan-telecom,39.4235,0.0,icmp,1592415199,2020-06-17 17:33:19+00:00
178386960,jinan-telecom,wuhan-telecom,47.8927,0.0,icmp,1592415360,2020-06-17 17:36:00+00:00
178387187,jinan-telecom,wuhan-telecom,39.6215,0.0,icmp,1592415439,2020-06-17 17:37:19+00:00
178387408,jinan-telecom,wuhan-telecom,47.3048,0.0,icmp,1592415600,2020-06-17 17:40:00+00:00
178387635,jinan-telecom,wuhan-telecom,47.0164,0.0,icmp,1592415720,2020-06-17 17:42:00+00:00
178387867,jinan-telecom,wuhan-telecom,48.7658,0.0,icmp,1592415840,2020-06-17 17:44:00+00:00
178388121,jinan-telecom,wuhan-telecom,45.5669,0.0,icmp,1592415960,2020-06-17 17:46:00+00:00
178388327,jinan-telecom,wuhan-telecom,47.9552,0.0,icmp,1592416080,2020-06-17 17:48:00+00:00
178388553,jinan-telecom,wuhan-telecom,39.5306,0.0,icmp,1592416145,2020-06-17 17:49:05+00:00
178388782,jinan-telecom,wuhan-telecom,45.9502,0.0,icmp,1592416320,2020-06-17 17:52:00+00:00
178389022,jinan-telecom,wuhan-telecom,45.5304,0.0,icmp,1592416440,2020-06-17 17:54:00+00:00
178389250,jinan-telecom,wuhan-telecom,45.5341,0.0,icmp,1592416560,2020-06-17 17:56:00+00:00
178389459,jinan-telecom,wuhan-telecom,39.5535,0.0,icmp,1592416699,2020-06-17 17:58:19+00:00
178389701,jinan-telecom,wuhan-telecom,48.4876,0.0,icmp,1592416800,2020-06-17 18:00:00+00:00
178389940,jinan-telecom,wuhan-telecom,47.6317,0.0,icmp,1592416920,2020-06-17 18:02:00+00:00
178390154,jinan-telecom,wuhan-telecom,48.4105,0.0,icmp,1592417040,2020-06-17 18:04:00+00:00
178390383,jinan-telecom,wuhan-telecom,46.2436,0.0,icmp,1592417160,2020-06-17 18:06:00+00:00
178390626,jinan-telecom,wuhan-telecom,39.6307,0.0,icmp,1592417280,2020-06-17 18:08:00+00:00
178390857,jinan-telecom,wuhan-telecom,47.9597,0.0,icmp,1592417400,2020-06-17 18:10:00+00:00
178391097,jinan-telecom,wuhan-telecom,47.4194,0.0,icmp,1592417520,2020-06-17 18:12:00+00:00
178391313,jinan-telecom,wuhan-telecom,47.6213,0.0,icmp,1592417640,2020-06-17 18:14:00+00:00
178391530,jinan-telecom,wuhan-telecom,39.3952,0.0,icmp,1592417779,2020-06-17 18:16:19+00:00
178391740,jinan-telecom,wuhan-telecom,46.9782,0.0,icmp,1592417880,2020-06-17 18:18:00+00:00
178392010,jinan-telecom,wuhan-telecom,48.7264,0.0,icmp,1592418000,2020-06-17 18:20:00+00:00
178392229,jinan-telecom,wuhan-telecom,47.1937,0.0,icmp,1592418120,2020-06-17 18:22:00+00:00
178392458,jinan-telecom,wuhan-telecom,47.767,0.0,icmp,1592418240,2020-06-17 18:24:00+00:00
178392689,jinan-telecom,wuhan-telecom,47.6151,0.0,icmp,1592418360,2020-06-17 18:26:00+00:00
178392902,jinan-telecom,wuhan-telecom,49.4056,0.0,icmp,1592418480,2020-06-17 18:28:00+00:00
178393145,jinan-telecom,wuhan-telecom,39.4969,0.0,icmp,1592418619,2020-06-17 18:30:19+00:00
178393382,jinan-telecom,wuhan-telecom,41.8241,0.0,icmp,1592418725,2020-06-17 18:32:05+00:00
178393598,jinan-telecom,wuhan-telecom,47.8193,0.0,icmp,1592418840,2020-06-17 18:34:00+00:00
178393837,jinan-telecom,wuhan-telecom,46.6588,0.0,icmp,1592418960,2020-06-17 18:36:00+00:00
178394045,jinan-telecom,wuhan-telecom,46.7591,0.0,icmp,1592419080,2020-06-17 18:38:00+00:00
178394292,jinan-telecom,wuhan-telecom,46.9681,0.0,icmp,1592419200,2020-06-17 18:40:00+00:00
178394516,jinan-telecom,wuhan-telecom,46.9433,0.0,icmp,1592419320,2020-06-17 18:42:00+00:00
178394733,jinan-telecom,wuhan-telecom,45.1532,0.0,icmp,1592419440,2020-06-17 18:44:00+00:00
178394962,jinan-telecom,wuhan-telecom,47.6941,0.0,icmp,1592419560,2020-06-17 18:46:00+00:00
178395217,jinan-telecom,wuhan-telecom,39.4059,0.0,icmp,1592419699,2020-06-17 18:48:19+00:00
178395424,jinan-telecom,wuhan-telecom,47.8207,0.0,icmp,1592419800,2020-06-17 18:50:00+00:00
178395704,jinan-telecom,wuhan-telecom,39.467,0.0,icmp,1592419879,2020-06-17 18:51:19+00:00
178395886,jinan-telecom,wuhan-telecom,46.9319,0.0,icmp,1592420040,2020-06-17 18:54:00+00:00
178396123,jinan-telecom,wuhan-telecom,39.345,0.0,icmp,1592420179,2020-06-17 18:56:19+00:00
178396363,jinan-telecom,wuhan-telecom,39.4872,0.0,icmp,1592420299,2020-06-17 18:58:19+00:00
178396577,jinan-telecom,wuhan-telecom,39.5003,0.0,icmp,1592420419,2020-06-17 19:00:19+00:00
178396806,jinan-telecom,wuhan-telecom,48.7104,0.0,icmp,1592420520,2020-06-17 19:02:00+00:00
178397035,jinan-telecom,wuhan-telecom,45.6024,0.0,icmp,1592420640,2020-06-17 19:04:00+00:00
178397264,jinan-telecom,wuhan-telecom,49.2198,0.0,icmp,1592420760,2020-06-17 19:06:00+00:00
178397486,jinan-telecom,wuhan-telecom,41.5188,0.0,icmp,1592420880,2020-06-17 19:08:00+00:00
178397695,jinan-telecom,wuhan-telecom,39.3762,0.0,icmp,1592420959,2020-06-17 19:09:19+00:00
178397948,jinan-telecom,wuhan-telecom,48.7088,0.0,icmp,1592421120,2020-06-17 19:12:00+00:00
178398175,jinan-telecom,wuhan-telecom,46.0771,0.0,icmp,1592421240,2020-06-17 19:14:00+00:00
178398390,jinan-telecom,wuhan-telecom,39.6459,0.0,icmp,1592421379,2020-06-17 19:16:19+00:00
178398618,jinan-telecom,wuhan-telecom,46.3876,0.0,icmp,1592421480,2020-06-17 19:18:00+00:00
178398868,jinan-telecom,wuhan-telecom,39.5517,0.0,icmp,1592421559,2020-06-17 19:19:19+00:00
178399094,jinan-telecom,wuhan-telecom,46.6815,0.0,icmp,1592421720,2020-06-17 19:22:00+00:00
178399314,jinan-telecom,wuhan-telecom,44.7849,0.0,icmp,1592421840,2020-06-17 19:24:00+00:00
178399535,jinan-telecom,wuhan-telecom,39.522,0.0,icmp,1592421919,2020-06-17 19:25:19+00:00
178399775,jinan-telecom,wuhan-telecom,40.282,0.0,icmp,1592422080,2020-06-17 19:28:00+00:00
178400023,jinan-telecom,wuhan-telecom,47.9606,0.0,icmp,1592422200,2020-06-17 19:30:00+00:00
178400222,jinan-telecom,wuhan-telecom,39.6106,0.0,icmp,1592422279,2020-06-17 19:31:19+00:00
178400476,jinan-telecom,wuhan-telecom,44.1834,0.0,icmp,1592422440,2020-06-17 19:34:00+00:00
178400685,jinan-telecom,wuhan-telecom,39.3859,0.0,icmp,1592422579,2020-06-17 19:36:19+00:00
178400922,jinan-telecom,wuhan-telecom,45.3781,0.0,icmp,1592422680,2020-06-17 19:38:00+00:00
178401138,jinan-telecom,wuhan-telecom,39.4714,0.0,icmp,1592422759,2020-06-17 19:39:19+00:00
178401381,jinan-telecom,wuhan-telecom,48.093,0.0,icmp,1592422920,2020-06-17 19:42:00+00:00
178401596,jinan-telecom,wuhan-telecom,46.6655,0.0,icmp,1592423040,2020-06-17 19:44:00+00:00
178401837,jinan-telecom,wuhan-telecom,39.3913,0.0,icmp,1592423179,2020-06-17 19:46:19+00:00
178402077,jinan-telecom,wuhan-telecom,39.4371,0.0,icmp,1592423299,2020-06-17 19:48:19+00:00
178402293,jinan-telecom,wuhan-telecom,47.3131,0.0,icmp,1592423400,2020-06-17 19:50:00+00:00
178402530,jinan-telecom,wuhan-telecom,44.493,0.0,icmp,1592423520,2020-06-17 19:52:00+00:00
178402742,jinan-telecom,wuhan-telecom,45.3452,0.0,icmp,1592423640,2020-06-17 19:54:00+00:00
178402995,jinan-telecom,wuhan-telecom,47.5031,0.0,icmp,1592423760,2020-06-17 19:56:00+00:00
178403213,jinan-telecom,wuhan-telecom,46.7701,0.0,icmp,1592423880,2020-06-17 19:58:00+00:00
178403451,jinan-telecom,wuhan-telecom,53.4973,0.0,icmp,1592424000,2020-06-17 20:00:00+00:00
178403666,jinan-telecom,wuhan-telecom,49.2755,0.0,icmp,1592424120,2020-06-17 20:02:00+00:00
178403887,jinan-telecom,wuhan-telecom,47.5774,0.0,icmp,1592424240,2020-06-17 20:04:00+00:00
178404114,jinan-telecom,wuhan-telecom,44.8142,0.0,icmp,1592424360,2020-06-17 20:06:00+00:00
178404350,jinan-telecom,wuhan-telecom,39.4343,0.0,icmp,1592424439,2020-06-17 20:07:19+00:00
178404583,jinan-telecom,wuhan-telecom,45.231,0.0,icmp,1592424600,2020-06-17 20:10:00+00:00
178404804,jinan-telecom,wuhan-telecom,47.7758,0.0,icmp,1592424720,2020-06-17 20:12:00+00:00
181346991,jinan-telecom,wuhan-telecom,47.1918,0.0,icmp,1592610540,2020-06-19 23:49:00+00:00
181347221,jinan-telecom,wuhan-telecom,39.3456,0.0,icmp,1592610619,2020-06-19 23:50:19+00:00
181347445,jinan-telecom,wuhan-telecom,39.3663,0.0,icmp,1592610799,2020-06-19 23:53:19+00:00
181347688,jinan-telecom,wuhan-telecom,49.0448,0.0,icmp,1592610900,2020-06-19 23:55:00+00:00
181347912,jinan-telecom,wuhan-telecom,39.3363,0.0,icmp,1592611039,2020-06-19 23:57:19+00:00
181348127,jinan-telecom,wuhan-telecom,39.5827,0.0,icmp,1592611145,2020-06-19 23:59:05+00:00
181348368,jinan-telecom,wuhan-telecom,47.5085,0.0,icmp,1592611260,2020-06-20 00:01:00+00:00
181348607,jinan-telecom,wuhan-telecom,47.6871,0.0,icmp,1592611380,2020-06-20 00:03:00+00:00
181348821,jinan-telecom,wuhan-telecom,39.3361,0.0,icmp,1592611459,2020-06-20 00:04:19+00:00
181349072,jinan-telecom,wuhan-telecom,43.4876,0.0,icmp,1592611620,2020-06-20 00:07:00+00:00
181349270,jinan-telecom,wuhan-telecom,46.9006,0.0,icmp,1592611740,2020-06-20 00:09:00+00:00
181349499,jinan-telecom,wuhan-telecom,39.3606,0.0,icmp,1592611819,2020-06-20 00:10:19+00:00
181349731,jinan-telecom,wuhan-telecom,48.7778,0.0,icmp,1592611980,2020-06-20 00:13:00+00:00
181349951,jinan-telecom,wuhan-telecom,47.0828,0.0,icmp,1592612100,2020-06-20 00:15:00+00:00
181350178,jinan-telecom,wuhan-telecom,49.2477,0.0,icmp,1592612220,2020-06-20 00:17:00+00:00
181350422,jinan-telecom,wuhan-telecom,46.2689,0.0,icmp,1592612340,2020-06-20 00:19:00+00:00
181350634,jinan-telecom,wuhan-telecom,46.1232,0.0,icmp,1592612460,2020-06-20 00:21:00+00:00
181350877,jinan-telecom,wuhan-telecom,47.7427,0.0,icmp,1592612580,2020-06-20 00:23:00+00:00
181351101,jinan-telecom,wuhan-telecom,39.42,0.0,icmp,1592612644,2020-06-20 00:24:04+00:00
181351335,jinan-telecom,wuhan-telecom,47.4347,0.0,icmp,1592612820,2020-06-20 00:27:00+00:00
181351560,jinan-telecom,wuhan-telecom,46.3495,0.0,icmp,1592612940,2020-06-20 00:29:00+00:00
181351773,jinan-telecom,wuhan-telecom,39.5028,0.0,icmp,1592613079,2020-06-20 00:31:19+00:00
181352003,jinan-telecom,wuhan-telecom,39.676,0.0,icmp,1592613199,2020-06-20 00:33:19+00:00
181352236,jinan-telecom,wuhan-telecom,47.291,0.0,icmp,1592613300,2020-06-20 00:35:00+00:00
181352463,jinan-telecom,wuhan-telecom,47.1617,0.0,icmp,1592613420,2020-06-20 00:37:00+00:00
181352685,jinan-telecom,wuhan-telecom,45.9109,0.0,icmp,1592613540,2020-06-20 00:39:00+00:00
181352927,jinan-telecom,wuhan-telecom,39.4065,0.0,icmp,1592613679,2020-06-20 00:41:19+00:00
181353150,jinan-telecom,wuhan-telecom,47.0712,0.0,icmp,1592613780,2020-06-20 00:43:00+00:00
181353397,jinan-telecom,wuhan-telecom,50.8581,0.0,icmp,1592613900,2020-06-20 00:45:00+00:00
181353601,jinan-telecom,wuhan-telecom,50.0141,0.0,icmp,1592614020,2020-06-20 00:47:00+00:00
181353816,jinan-telecom,wuhan-telecom,49.4812,0.0,icmp,1592614140,2020-06-20 00:49:00+00:00
181354054,jinan-telecom,wuhan-telecom,47.3097,0.0,icmp,1592614260,2020-06-20 00:51:00+00:00
181354302,jinan-telecom,wuhan-telecom,42.211,0.0,icmp,1592614380,2020-06-20 00:53:00+00:00
181354511,jinan-telecom,wuhan-telecom,45.0477,0.0,icmp,1592614500,2020-06-20 00:55:00+00:00
181354761,jinan-telecom,wuhan-telecom,43.9192,0.0,icmp,1592614620,2020-06-20 00:57:00+00:00
181354991,jinan-telecom,wuhan-telecom,46.4678,0.0,icmp,1592614740,2020-06-20 00:59:00+00:00
181355200,jinan-telecom,wuhan-telecom,46.9443,0.0,icmp,1592614860,2020-06-20 01:01:00+00:00
181355422,jinan-telecom,wuhan-telecom,49.1281,0.0,icmp,1592614980,2020-06-20 01:03:00+00:00
181355671,jinan-telecom,wuhan-telecom,47.059,0.0,icmp,1592615100,2020-06-20 01:05:00+00:00
181355890,jinan-telecom,wuhan-telecom,48.5679,0.0,icmp,1592615220,2020-06-20 01:07:00+00:00
181356124,jinan-telecom,wuhan-telecom,39.3478,0.0,icmp,1592615299,2020-06-20 01:08:19+00:00
181356331,jinan-telecom,wuhan-telecom,46.0971,0.0,icmp,1592615460,2020-06-20 01:11:00+00:00
181356570,jinan-telecom,wuhan-telecom,48.4561,0.0,icmp,1592615580,2020-06-20 01:13:00+00:00
181356830,jinan-telecom,wuhan-telecom,39.4192,0.0,icmp,1592615659,2020-06-20 01:14:19+00:00
181357040,jinan-telecom,wuhan-telecom,49.9714,0.0,icmp,1592615820,2020-06-20 01:17:00+00:00
181357246,jinan-telecom,wuhan-telecom,46.7918,0.0,icmp,1592615940,2020-06-20 01:19:00+00:00
181357477,jinan-telecom,wuhan-telecom,39.3557,0.0,icmp,1592616079,2020-06-20 01:21:19+00:00
181357705,jinan-telecom,wuhan-telecom,39.3206,0.0,icmp,1592616199,2020-06-20 01:23:19+00:00
181357935,jinan-telecom,wuhan-telecom,46.6289,0.0,icmp,1592616300,2020-06-20 01:25:00+00:00
181358160,jinan-telecom,wuhan-telecom,47.862,0.0,icmp,1592616420,2020-06-20 01:27:00+00:00
181358382,jinan-telecom,wuhan-telecom,47.8824,0.0,icmp,1592616540,2020-06-20 01:29:00+00:00
181358632,jinan-telecom,wuhan-telecom,40.7086,0.0,icmp,1592616660,2020-06-20 01:31:00+00:00
181358859,jinan-telecom,wuhan-telecom,39.5632,0.0,icmp,1592616799,2020-06-20 01:33:19+00:00
181359072,jinan-telecom,wuhan-telecom,46.943,0.0,icmp,1592616900,2020-06-20 01:35:00+00:00
181359311,jinan-telecom,wuhan-telecom,41.4136,0.0,icmp,1592617020,2020-06-20 01:37:00+00:00
181359551,jinan-telecom,wuhan-telecom,47.8776,0.0,icmp,1592617140,2020-06-20 01:39:00+00:00
181359770,jinan-telecom,wuhan-telecom,39.3078,0.0,icmp,1592617219,2020-06-20 01:40:19+00:00
181359984,jinan-telecom,wuhan-telecom,47.1221,0.0,icmp,1592617380,2020-06-20 01:43:00+00:00
181360236,jinan-telecom,wuhan-telecom,47.7481,0.0,icmp,1592617500,2020-06-20 01:45:00+00:00
181360469,jinan-telecom,wuhan-telecom,50.3057,0.0,icmp,1592617620,2020-06-20 01:47:00+00:00
181360704,jinan-telecom,wuhan-telecom,39.338,0.0,icmp,1592617759,2020-06-20 01:49:19+00:00
181360899,jinan-telecom,wuhan-telecom,46.5225,0.0,icmp,1592617860,2020-06-20 01:51:00+00:00
181361127,jinan-telecom,wuhan-telecom,50.0957,0.0,icmp,1592617980,2020-06-20 01:53:00+00:00
181361355,jinan-telecom,wuhan-telecom,39.685,0.0,icmp,1592618059,2020-06-20 01:54:19+00:00
181361584,jinan-telecom,wuhan-telecom,39.3297,0.0,icmp,1592618239,2020-06-20 01:57:19+00:00
181361814,jinan-telecom,wuhan-telecom,45.6455,0.0,icmp,1592618340,2020-06-20 01:59:00+00:00
181362061,jinan-telecom,wuhan-telecom,46.5455,0.0,icmp,1592618460,2020-06-20 02:01:00+00:00
181362281,jinan-telecom,wuhan-telecom,39.471,0.0,icmp,1592618539,2020-06-20 02:02:19+00:00
181362494,jinan-telecom,wuhan-telecom,47.8227,0.0,icmp,1592618700,2020-06-20 02:05:00+00:00
181362720,jinan-telecom,wuhan-telecom,49.8876,0.0,icmp,1592618820,2020-06-20 02:07:00+00:00
181362946,jinan-telecom,wuhan-telecom,39.3384,0.0,icmp,1592618959,2020-06-20 02:09:19+00:00
181363197,jinan-telecom,wuhan-telecom,47.4719,0.0,icmp,1592619060,2020-06-20 02:11:00+00:00
181363428,jinan-telecom,wuhan-telecom,46.8985,0.0,icmp,1592619180,2020-06-20 02:13:00+00:00
181363636,jinan-telecom,wuhan-telecom,51.6755,0.0,icmp,1592619300,2020-06-20 02:15:00+00:00
181363863,jinan-telecom,wuhan-telecom,39.3796,0.0,icmp,1592619439,2020-06-20 02:17:19+00:00
181364097,jinan-telecom,wuhan-telecom,45.6582,0.0,icmp,1592619540,2020-06-20 02:19:00+00:00
181364337,jinan-telecom,wuhan-telecom,47.752,0.0,icmp,1592619660,2020-06-20 02:21:00+00:00
181364546,jinan-telecom,wuhan-telecom,39.4561,0.0,icmp,1592619725,2020-06-20 02:22:05+00:00
181364779,jinan-telecom,wuhan-telecom,39.539,0.0,icmp,1592619919,2020-06-20 02:25:19+00:00
181365004,jinan-telecom,wuhan-telecom,39.6401,0.0,icmp,1592620039,2020-06-20 02:27:19+00:00
181365225,jinan-telecom,wuhan-telecom,46.3217,0.0,icmp,1592620140,2020-06-20 02:29:00+00:00
181365480,jinan-telecom,wuhan-telecom,48.089,0.0,icmp,1592620260,2020-06-20 02:31:00+00:00
181365698,jinan-telecom,wuhan-telecom,47.2654,0.0,icmp,1592620380,2020-06-20 02:33:00+00:00
181365910,jinan-telecom,wuhan-telecom,39.3417,0.0,icmp,1592620459,2020-06-20 02:34:19+00:00
181366159,jinan-telecom,wuhan-telecom,39.6676,0.0,icmp,1592620639,2020-06-20 02:37:19+00:00
181366367,jinan-telecom,wuhan-telecom,45.1766,0.0,icmp,1592620740,2020-06-20 02:39:00+00:00
181366610,jinan-telecom,wuhan-telecom,47.0609,0.0,icmp,1592620860,2020-06-20 02:41:00+00:00
181366828,jinan-telecom,wuhan-telecom,45.137,0.0,icmp,1592620980,2020-06-20 02:43:00+00:00
181367055,jinan-telecom,wuhan-telecom,47.3955,0.0,icmp,1592621105,2020-06-20 02:45:05+00:00
181367306,jinan-telecom,wuhan-telecom,45.5521,0.0,icmp,1592621220,2020-06-20 02:47:00+00:00
181367523,jinan-telecom,wuhan-telecom,47.7013,0.0,icmp,1592621340,2020-06-20 02:49:00+00:00
181367734,jinan-telecom,wuhan-telecom,45.9722,0.0,icmp,1592621460,2020-06-20 02:51:00+00:00
181367962,jinan-telecom,wuhan-telecom,49.3343,0.0,icmp,1592621580,2020-06-20 02:53:00+00:00
181368188,jinan-telecom,wuhan-telecom,39.4529,0.0,icmp,1592621719,2020-06-20 02:55:19+00:00
181368422,jinan-telecom,wuhan-telecom,51.7675,0.0,icmp,1592621820,2020-06-20 02:57:00+00:00
181368673,jinan-telecom,wuhan-telecom,50.453,0.0,icmp,1592621940,2020-06-20 02:59:00+00:00
181368890,jinan-telecom,wuhan-telecom,51.248,0.0,icmp,1592622060,2020-06-20 03:01:00+00:00
181369100,jinan-telecom,wuhan-telecom,39.3857,0.0,icmp,1592622139,2020-06-20 03:02:19+00:00
181369329,jinan-telecom,wuhan-telecom,42.4012,0.0,icmp,1592622244,2020-06-20 03:04:04+00:00
181369556,jinan-telecom,wuhan-telecom,49.3767,0.0,icmp,1592622420,2020-06-20 03:07:00+00:00
181369798,jinan-telecom,wuhan-telecom,43.5859,0.0,icmp,1592622540,2020-06-20 03:09:00+00:00
181370029,jinan-telecom,wuhan-telecom,44.4636,0.0,icmp,1592622660,2020-06-20 03:11:00+00:00
181370261,jinan-telecom,wuhan-telecom,41.1285,0.0,icmp,1592622780,2020-06-20 03:13:00+00:00
181370472,jinan-telecom,wuhan-telecom,39.4368,0.0,icmp,1592622919,2020-06-20 03:15:19+00:00
181370697,jinan-telecom,wuhan-telecom,47.7569,0.0,icmp,1592623020,2020-06-20 03:17:00+00:00
181370936,jinan-telecom,wuhan-telecom,39.367,0.0,icmp,1592623099,2020-06-20 03:18:19+00:00
181371159,jinan-telecom,wuhan-telecom,39.5212,0.0,icmp,1592623219,2020-06-20 03:20:19+00:00
181371394,jinan-telecom,wuhan-telecom,48.8409,0.0,icmp,1592623380,2020-06-20 03:23:00+00:00
181371617,jinan-telecom,wuhan-telecom,48.8982,0.0,icmp,1592623500,2020-06-20 03:25:00+00:00
181371856,jinan-telecom,wuhan-telecom,45.7542,0.0,icmp,1592623620,2020-06-20 03:27:00+00:00
181372040,jinan-telecom,wuhan-telecom,39.3491,0.0,icmp,1592623699,2020-06-20 03:28:19+00:00
181372303,jinan-telecom,wuhan-telecom,46.6503,0.0,icmp,1592623860,2020-06-20 03:31:00+00:00
181372540,jinan-telecom,wuhan-telecom,46.3429,0.0,icmp,1592623980,2020-06-20 03:33:00+00:00
181372760,jinan-telecom,wuhan-telecom,50.5755,0.0,icmp,1592624100,2020-06-20 03:35:00+00:00
181372984,jinan-telecom,wuhan-telecom,48.7919,0.0,icmp,1592624220,2020-06-20 03:37:00+00:00
181373206,jinan-telecom,wuhan-telecom,47.7453,0.0,icmp,1592624340,2020-06-20 03:39:00+00:00
181373439,jinan-telecom,wuhan-telecom,39.6766,0.0,icmp,1592624419,2020-06-20 03:40:19+00:00
181373684,jinan-telecom,wuhan-telecom,47.3268,0.0,icmp,1592624580,2020-06-20 03:43:00+00:00
181373910,jinan-telecom,wuhan-telecom,39.487,0.0,icmp,1592624659,2020-06-20 03:44:19+00:00
181374133,jinan-telecom,wuhan-telecom,48.2068,0.0,icmp,1592624820,2020-06-20 03:47:00+00:00
181374364,jinan-telecom,wuhan-telecom,49.1871,0.0,icmp,1592624940,2020-06-20 03:49:00+00:00
181374582,jinan-telecom,wuhan-telecom,47.5475,0.0,icmp,1592625060,2020-06-20 03:51:00+00:00
181374830,jinan-telecom,wuhan-telecom,47.591,0.0,icmp,1592625180,2020-06-20 03:53:00+00:00
181375034,jinan-telecom,wuhan-telecom,48.1508,0.0,icmp,1592625300,2020-06-20 03:55:00+00:00
181375268,jinan-telecom,wuhan-telecom,48.2983,0.0,icmp,1592625420,2020-06-20 03:57:00+00:00
181375493,jinan-telecom,wuhan-telecom,47.9638,0.0,icmp,1592625540,2020-06-20 03:59:00+00:00
181375742,jinan-telecom,wuhan-telecom,46.3107,0.0,icmp,1592625660,2020-06-20 04:01:00+00:00
181375954,jinan-telecom,wuhan-telecom,47.8383,0.0,icmp,1592625780,2020-06-20 04:03:00+00:00
181376174,jinan-telecom,wuhan-telecom,39.3292,0.0,icmp,1592625859,2020-06-20 04:04:19+00:00
181376407,jinan-telecom,wuhan-telecom,39.5403,0.0,icmp,1592626039,2020-06-20 04:07:19+00:00
181376629,jinan-telecom,wuhan-telecom,49.4283,0.0,icmp,1592626140,2020-06-20 04:09:00+00:00
181376874,jinan-telecom,wuhan-telecom,46.695,0.0,icmp,1592626260,2020-06-20 04:11:00+00:00
181377081,jinan-telecom,wuhan-telecom,39.3611,0.0,icmp,1592626339,2020-06-20 04:12:19+00:00
181377312,jinan-telecom,wuhan-telecom,47.8149,0.0,icmp,1592626500,2020-06-20 04:15:00+00:00
181377551,jinan-telecom,wuhan-telecom,46.8749,0.0,icmp,1592626620,2020-06-20 04:17:00+00:00
181377784,jinan-telecom,wuhan-telecom,39.4812,0.0,icmp,1592626699,2020-06-20 04:18:19+00:00
181377987,jinan-telecom,wuhan-telecom,39.3321,0.0,icmp,1592626879,2020-06-20 04:21:19+00:00
181378232,jinan-telecom,wuhan-telecom,39.8855,0.0,icmp,1592626980,2020-06-20 04:23:00+00:00
181378470,jinan-telecom,wuhan-telecom,50.3201,0.0,icmp,1592627100,2020-06-20 04:25:00+00:00
181378675,jinan-telecom,wuhan-telecom,45.6711,0.0,icmp,1592627220,2020-06-20 04:27:00+00:00
181378907,jinan-telecom,wuhan-telecom,39.5845,0.0,icmp,1592627359,2020-06-20 04:29:19+00:00
181379146,jinan-telecom,wuhan-telecom,46.6771,0.0,icmp,1592627460,2020-06-20 04:31:00+00:00
181379372,jinan-telecom,wuhan-telecom,46.9003,0.0,icmp,1592627580,2020-06-20 04:33:00+00:00
181379629,jinan-telecom,wuhan-telecom,49.2801,0.0,icmp,1592627700,2020-06-20 04:35:00+00:00
181379828,jinan-telecom,wuhan-telecom,44.6311,0.0,icmp,1592627820,2020-06-20 04:37:00+00:00
181380070,jinan-telecom,wuhan-telecom,49.1881,0.0,icmp,1592627940,2020-06-20 04:39:00+00:00
181380288,jinan-telecom,wuhan-telecom,39.4866,0.0,icmp,1592628006,2020-06-20 04:40:06+00:00
181380509,jinan-telecom,wuhan-telecom,48.5918,0.0,icmp,1592628180,2020-06-20 04:43:00+00:00
181380737,jinan-telecom,wuhan-telecom,39.5139,0.0,icmp,1592628319,2020-06-20 04:45:19+00:00
181380970,jinan-telecom,wuhan-telecom,48.696,0.0,icmp,1592628420,2020-06-20 04:47:00+00:00
181381195,jinan-telecom,wuhan-telecom,39.4276,0.0,icmp,1592628559,2020-06-20 04:49:19+00:00
181381438,jinan-telecom,wuhan-telecom,45.2766,0.0,icmp,1592628660,2020-06-20 04:51:00+00:00
181381650,jinan-telecom,wuhan-telecom,47.6071,0.0,icmp,1592628780,2020-06-20 04:53:00+00:00
181381866,jinan-telecom,wuhan-telecom,47.1318,0.0,icmp,1592628900,2020-06-20 04:55:00+00:00
181382119,jinan-telecom,wuhan-telecom,47.8437,0.0,icmp,1592629020,2020-06-20 04:57:00+00:00
181382347,jinan-telecom,wuhan-telecom,48.0146,0.0,icmp,1592629140,2020-06-20 04:59:00+00:00
181382562,jinan-telecom,wuhan-telecom,46.2851,0.0,icmp,1592629260,2020-06-20 05:01:00+00:00
181382787,jinan-telecom,wuhan-telecom,47.8048,0.0,icmp,1592629380,2020-06-20 05:03:00+00:00
181383022,jinan-telecom,wuhan-telecom,39.3712,0.0,icmp,1592629519,2020-06-20 05:05:19+00:00
181383243,jinan-telecom,wuhan-telecom,39.4393,0.0,icmp,1592629639,2020-06-20 05:07:19+00:00
181383492,jinan-telecom,wuhan-telecom,49.0676,0.0,icmp,1592629740,2020-06-20 05:09:00+00:00
181383709,jinan-telecom,wuhan-telecom,45.9787,0.0,icmp,1592629860,2020-06-20 05:11:00+00:00
181383940,jinan-telecom,wuhan-telecom,45.6784,0.0,icmp,1592629980,2020-06-20 05:13:00+00:00
181384169,jinan-telecom,wuhan-telecom,39.6548,0.0,icmp,1592630059,2020-06-20 05:14:19+00:00
181384378,jinan-telecom,wuhan-telecom,46.3568,0.0,icmp,1592630220,2020-06-20 05:17:00+00:00
181384632,jinan-telecom,wuhan-telecom,49.2717,0.0,icmp,1592630340,2020-06-20 05:19:00+00:00
181384849,jinan-telecom,wuhan-telecom,39.3946,0.0,icmp,1592630479,2020-06-20 05:21:19+00:00
181385089,jinan-telecom,wuhan-telecom,43.6488,0.0,icmp,1592630580,2020-06-20 05:23:00+00:00
181385300,jinan-telecom,wuhan-telecom,39.3988,0.0,icmp,1592630719,2020-06-20 05:25:19+00:00
181385505,jinan-telecom,wuhan-telecom,46.5214,0.0,icmp,1592630820,2020-06-20 05:27:00+00:00
181385757,jinan-telecom,wuhan-telecom,47.9037,0.0,icmp,1592630940,2020-06-20 05:29:00+00:00
181385996,jinan-telecom,wuhan-telecom,46.9561,0.0,icmp,1592631060,2020-06-20 05:31:00+00:00
181386201,jinan-telecom,wuhan-telecom,46.377,0.0,icmp,1592631180,2020-06-20 05:33:00+00:00
181386452,jinan-telecom,wuhan-telecom,48.0244,0.0,icmp,1592631300,2020-06-20 05:35:00+00:00
181386658,jinan-telecom,wuhan-telecom,39.6685,0.0,icmp,1592631439,2020-06-20 05:37:19+00:00
181386890,jinan-telecom,wuhan-telecom,47.6694,0.0,icmp,1592631540,2020-06-20 05:39:00+00:00
181387116,jinan-telecom,wuhan-telecom,46.9457,0.0,icmp,1592631660,2020-06-20 05:41:00+00:00
181387348,jinan-telecom,wuhan-telecom,46.9063,0.0,icmp,1592631780,2020-06-20 05:43:00+00:00
181387608,jinan-telecom,wuhan-telecom,39.5767,0.0,icmp,1592631859,2020-06-20 05:44:19+00:00
181387828,jinan-telecom,wuhan-telecom,46.6501,0.0,icmp,1592632020,2020-06-20 05:47:00+00:00
181388038,jinan-telecom,wuhan-telecom,48.786,0.0,icmp,1592632140,2020-06-20 05:49:00+00:00
181388263,jinan-telecom,wuhan-telecom,39.3622,0.0,icmp,1592632279,2020-06-20 05:51:19+00:00
181388487,jinan-telecom,wuhan-telecom,46.4864,0.0,icmp,1592632380,2020-06-20 05:53:00+00:00
181388696,jinan-telecom,wuhan-telecom,43.026,0.0,icmp,1592632444,2020-06-20 05:54:04+00:00
181388946,jinan-telecom,wuhan-telecom,39.3611,0.0,icmp,1592632579,2020-06-20 05:56:19+00:00
181389168,jinan-telecom,wuhan-telecom,46.6588,0.0,icmp,1592632740,2020-06-20 05:59:00+00:00
181389404,jinan-telecom,wuhan-telecom,39.5587,0.0,icmp,1592632879,2020-06-20 06:01:19+00:00
181389623,jinan-telecom,wuhan-telecom,46.2517,0.0,icmp,1592632980,2020-06-20 06:03:00+00:00
181389875,jinan-telecom,wuhan-telecom,39.4005,0.0,icmp,1592633119,2020-06-20 06:05:19+00:00
181390095,jinan-telecom,wuhan-telecom,46.7909,0.0,icmp,1592633220,2020-06-20 06:07:00+00:00
181390317,jinan-telecom,wuhan-telecom,49.6528,0.0,icmp,1592633340,2020-06-20 06:09:00+00:00
181390533,jinan-telecom,wuhan-telecom,46.4115,0.0,icmp,1592633460,2020-06-20 06:11:00+00:00
181390762,jinan-telecom,wuhan-telecom,39.987,0.0,icmp,1592633585,2020-06-20 06:13:05+00:00
181391006,jinan-telecom,wuhan-telecom,47.8582,0.0,icmp,1592633700,2020-06-20 06:15:00+00:00
181391221,jinan-telecom,wuhan-telecom,41.7377,0.0,icmp,1592633820,2020-06-20 06:17:00+00:00
181391455,jinan-telecom,wuhan-telecom,48.7634,0.0,icmp,1592633940,2020-06-20 06:19:00+00:00
181391676,jinan-telecom,wuhan-telecom,39.6136,0.0,icmp,1592634079,2020-06-20 06:21:19+00:00
181391901,jinan-telecom,wuhan-telecom,45.6613,0.0,icmp,1592634180,2020-06-20 06:23:00+00:00
181392141,jinan-telecom,wuhan-telecom,48.4894,0.0,icmp,1592634300,2020-06-20 06:25:00+00:00
181392327,jinan-telecom,wuhan-telecom,51.5717,0.0,icmp,1592634420,2020-06-20 06:27:00+00:00
181392489,jinan-telecom,wuhan-telecom,47.2863,0.0,icmp,1592634540,2020-06-20 06:29:00+00:00
181392933,jinan-telecom,wuhan-telecom,39.3489,0.0,icmp,1592634679,2020-06-20 06:31:19+00:00
181393115,jinan-telecom,wuhan-telecom,47.2687,0.0,icmp,1592634780,2020-06-20 06:33:00+00:00
181393277,jinan-telecom,wuhan-telecom,48.7929,0.0,icmp,1592634900,2020-06-20 06:35:00+00:00
181393458,jinan-telecom,wuhan-telecom,46.7389,0.0,icmp,1592635020,2020-06-20 06:37:00+00:00
181393631,jinan-telecom,wuhan-telecom,52.0356,0.0,icmp,1592635140,2020-06-20 06:39:00+00:00
181393991,jinan-telecom,wuhan-telecom,48.7686,0.0,icmp,1592635260,2020-06-20 06:41:00+00:00
181394224,jinan-telecom,wuhan-telecom,39.3454,0.0,icmp,1592635399,2020-06-20 06:43:19+00:00
181394554,jinan-telecom,wuhan-telecom,48.1627,0.0,icmp,1592635500,2020-06-20 06:45:00+00:00
181394602,jinan-telecom,wuhan-telecom,47.7147,0.0,icmp,1592635620,2020-06-20 06:47:00+00:00
181394811,jinan-telecom,wuhan-telecom,39.7197,0.0,icmp,1592635759,2020-06-20 06:49:19+00:00
181395049,jinan-telecom,wuhan-telecom,50.04,0.0,icmp,1592635860,2020-06-20 06:51:00+00:00
181395548,jinan-telecom,wuhan-telecom,42.8353,0.0,icmp,1592635924,2020-06-20 06:52:04+00:00
181395634,jinan-telecom,wuhan-telecom,47.6507,0.0,icmp,1592636100,2020-06-20 06:55:00+00:00
181395687,jinan-telecom,wuhan-telecom,39.4348,0.0,icmp,1592636239,2020-06-20 06:57:19+00:00
181396152,jinan-telecom,wuhan-telecom,46.9455,0.0,icmp,1592636340,2020-06-20 06:59:00+00:00
181396422,jinan-telecom,wuhan-telecom,50.2444,0.0,icmp,1592636460,2020-06-20 07:01:00+00:00
181396499,jinan-telecom,wuhan-telecom,49.9594,0.0,icmp,1592636700,2020-06-20 07:05:00+00:00
181396727,jinan-telecom,wuhan-telecom,41.984,0.0,icmp,1592636580,2020-06-20 07:03:00+00:00
181397006,jinan-telecom,wuhan-telecom,39.6664,0.0,icmp,1592636959,2020-06-20 07:09:19+00:00
181397158,jinan-telecom,wuhan-telecom,39.3666,0.0,icmp,1592636779,2020-06-20 07:06:19+00:00
181397635,jinan-telecom,wuhan-telecom,40.6277,0.0,icmp,1592637060,2020-06-20 07:11:00+00:00
181397756,jinan-telecom,wuhan-telecom,48.2356,0.0,icmp,1592637180,2020-06-20 07:13:00+00:00
181397939,jinan-telecom,wuhan-telecom,39.5759,0.0,icmp,1592637304,2020-06-20 07:15:04+00:00
181397958,jinan-telecom,wuhan-telecom,39.5242,0.0,icmp,1592637439,2020-06-20 07:17:19+00:00
181398183,jinan-telecom,wuhan-telecom,47.5768,0.0,icmp,1592637540,2020-06-20 07:19:00+00:00
181398545,jinan-telecom,wuhan-telecom,46.3404,0.0,icmp,1592637660,2020-06-20 07:21:00+00:00
181398733,jinan-telecom,wuhan-telecom,47.5173,0.0,icmp,1592637780,2020-06-20 07:23:00+00:00
181398890,jinan-telecom,wuhan-telecom,39.3687,0.0,icmp,1592638039,2020-06-20 07:27:19+00:00
181399240,jinan-telecom,wuhan-telecom,39.3773,0.0,icmp,1592637919,2020-06-20 07:25:19+00:00
181399408,jinan-telecom,wuhan-telecom,39.3838,0.0,icmp,1592638159,2020-06-20 07:29:19+00:00
181399609,jinan-telecom,wuhan-telecom,48.2465,0.0,icmp,1592638260,2020-06-20 07:31:00+00:00
181399812,jinan-telecom,wuhan-telecom,50.7184,0.0,icmp,1592638380,2020-06-20 07:33:00+00:00
181399987,jinan-telecom,wuhan-telecom,48.1361,0.0,icmp,1592638500,2020-06-20 07:35:00+00:00
181400534,jinan-telecom,wuhan-telecom,46.2822,0.0,icmp,1592638740,2020-06-20 07:39:00+00:00
181400625,jinan-telecom,wuhan-telecom,48.3458,0.0,icmp,1592638620,2020-06-20 07:37:00+00:00
181400746,jinan-telecom,wuhan-telecom,46.162,0.0,icmp,1592638860,2020-06-20 07:41:00+00:00
181401037,jinan-telecom,wuhan-telecom,39.3829,0.0,icmp,1592639059,2020-06-20 07:44:19+00:00
181401341,jinan-telecom,wuhan-telecom,46.5768,0.0,icmp,1592638980,2020-06-20 07:43:00+00:00
181401420,jinan-telecom,wuhan-telecom,49.245,0.0,icmp,1592639220,2020-06-20 07:47:00+00:00
181401757,jinan-telecom,wuhan-telecom,48.5554,0.0,icmp,1592639340,2020-06-20 07:49:00+00:00
181401925,jinan-telecom,wuhan-telecom,48.5434,0.0,icmp,1592639460,2020-06-20 07:51:00+00:00
181402199,jinan-telecom,wuhan-telecom,49.1717,0.0,icmp,1592639580,2020-06-20 07:53:00+00:00
181402417,jinan-telecom,wuhan-telecom,49.5866,0.0,icmp,1592639700,2020-06-20 07:55:00+00:00
181402638,jinan-telecom,wuhan-telecom,39.415,0.0,icmp,1592639839,2020-06-20 07:57:19+00:00
181402846,jinan-telecom,wuhan-telecom,46.3808,0.0,icmp,1592639940,2020-06-20 07:59:00+00:00
181403095,jinan-telecom,wuhan-telecom,48.4136,0.0,icmp,1592640060,2020-06-20 08:01:00+00:00
181403319,jinan-telecom,wuhan-telecom,46.8825,0.0,icmp,1592640180,2020-06-20 08:03:00+00:00
181403545,jinan-telecom,wuhan-telecom,48.3954,0.0,icmp,1592640300,2020-06-20 08:05:00+00:00
181403769,jinan-telecom,wuhan-telecom,46.74,0.0,icmp,1592640420,2020-06-20 08:07:00+00:00
181404009,jinan-telecom,wuhan-telecom,47.8287,0.0,icmp,1592640540,2020-06-20 08:09:00+00:00
181404241,jinan-telecom,wuhan-telecom,45.6244,0.0,icmp,1592640660,2020-06-20 08:11:00+00:00
181404430,jinan-telecom,wuhan-telecom,39.3843,0.0,icmp,1592640799,2020-06-20 08:13:19+00:00
181404674,jinan-telecom,wuhan-telecom,47.0946,0.0,icmp,1592640900,2020-06-20 08:15:00+00:00
181404917,jinan-telecom,wuhan-telecom,43.7917,0.0,icmp,1592641020,2020-06-20 08:17:00+00:00
181405131,jinan-telecom,wuhan-telecom,42.6185,0.0,icmp,1592641140,2020-06-20 08:19:00+00:00
181405349,jinan-telecom,wuhan-telecom,48.2862,0.0,icmp,1592641260,2020-06-20 08:21:00+00:00
181405589,jinan-telecom,wuhan-telecom,44.7786,0.0,icmp,1592641380,2020-06-20 08:23:00+00:00
181405842,jinan-telecom,wuhan-telecom,48.7562,0.0,icmp,1592641500,2020-06-20 08:25:00+00:00
181406037,jinan-telecom,wuhan-telecom,39.3442,0.0,icmp,1592641639,2020-06-20 08:27:19+00:00
181406268,jinan-telecom,wuhan-telecom,46.2096,0.0,icmp,1592641740,2020-06-20 08:29:00+00:00
181406480,jinan-telecom,wuhan-telecom,45.1242,0.0,icmp,1592641860,2020-06-20 08:31:00+00:00
181406732,jinan-telecom,wuhan-telecom,47.6099,0.0,icmp,1592641980,2020-06-20 08:33:00+00:00
181406949,jinan-telecom,wuhan-telecom,47.8485,0.0,icmp,1592642100,2020-06-20 08:35:00+00:00
181407184,jinan-telecom,wuhan-telecom,49.8277,0.0,icmp,1592642220,2020-06-20 08:37:00+00:00
181407425,jinan-telecom,wuhan-telecom,47.8179,0.0,icmp,1592642340,2020-06-20 08:39:00+00:00
181407639,jinan-telecom,wuhan-telecom,39.5304,0.0,icmp,1592642479,2020-06-20 08:41:19+00:00
181407872,jinan-telecom,wuhan-telecom,48.4878,0.0,icmp,1592642580,2020-06-20 08:43:00+00:00
181408099,jinan-telecom,wuhan-telecom,46.5786,0.0,icmp,1592642700,2020-06-20 08:45:00+00:00
181408335,jinan-telecom,wuhan-telecom,39.4828,0.0,icmp,1592642839,2020-06-20 08:47:19+00:00
181408563,jinan-telecom,wuhan-telecom,46.9152,0.0,icmp,1592642940,2020-06-20 08:49:00+00:00
181408762,jinan-telecom,wuhan-telecom,42.2425,0.0,icmp,1592643060,2020-06-20 08:51:00+00:00
181409016,jinan-telecom,wuhan-telecom,48.589,0.0,icmp,1592643180,2020-06-20 08:53:00+00:00
181409238,jinan-telecom,wuhan-telecom,51.1072,0.0,icmp,1592643300,2020-06-20 08:55:00+00:00
181409462,jinan-telecom,wuhan-telecom,48.0252,0.0,icmp,1592643420,2020-06-20 08:57:00+00:00
181409688,jinan-telecom,wuhan-telecom,50.8548,0.0,icmp,1592643540,2020-06-20 08:59:00+00:00
181409908,jinan-telecom,wuhan-telecom,47.2617,0.0,icmp,1592643660,2020-06-20 09:01:00+00:00
181410165,jinan-telecom,wuhan-telecom,42.8383,0.0,icmp,1592643780,2020-06-20 09:03:00+00:00
181410379,jinan-telecom,wuhan-telecom,39.9886,0.0,icmp,1592643905,2020-06-20 09:05:05+00:00
181410600,jinan-telecom,wuhan-telecom,47.7137,0.0,icmp,1592644020,2020-06-20 09:07:00+00:00
181410847,jinan-telecom,wuhan-telecom,48.424,0.0,icmp,1592644140,2020-06-20 09:09:00+00:00
181411065,jinan-telecom,wuhan-telecom,39.3245,0.0,icmp,1592644279,2020-06-20 09:11:19+00:00
181411282,jinan-telecom,wuhan-telecom,48.4323,0.0,icmp,1592644380,2020-06-20 09:13:00+00:00
181411524,jinan-telecom,wuhan-telecom,46.6324,0.0,icmp,1592644500,2020-06-20 09:15:00+00:00
181411772,jinan-telecom,wuhan-telecom,49.3764,0.0,icmp,1592644620,2020-06-20 09:17:00+00:00
181411991,jinan-telecom,wuhan-telecom,45.6656,0.0,icmp,1592644740,2020-06-20 09:19:00+00:00
181412199,jinan-telecom,wuhan-telecom,48.0513,0.0,icmp,1592644860,2020-06-20 09:21:00+00:00
181412425,jinan-telecom,wuhan-telecom,39.4764,0.0,icmp,1592644939,2020-06-20 09:22:19+00:00
181412651,jinan-telecom,wuhan-telecom,47.116,0.0,icmp,1592645100,2020-06-20 09:25:00+00:00
181412921,jinan-telecom,wuhan-telecom,46.3615,0.0,icmp,1592645220,2020-06-20 09:27:00+00:00
181413102,jinan-telecom,wuhan-telecom,48.3059,0.0,icmp,1592645340,2020-06-20 09:29:00+00:00
181413343,jinan-telecom,wuhan-telecom,49.1957,0.0,icmp,1592645460,2020-06-20 09:31:00+00:00
181413588,jinan-telecom,wuhan-telecom,48.7027,0.0,icmp,1592645580,2020-06-20 09:33:00+00:00
181413804,jinan-telecom,wuhan-telecom,52.1226,0.0,icmp,1592645700,2020-06-20 09:35:00+00:00
181414036,jinan-telecom,wuhan-telecom,49.4532,0.0,icmp,1592645820,2020-06-20 09:37:00+00:00
181414266,jinan-telecom,wuhan-telecom,47.0808,0.0,icmp,1592645940,2020-06-20 09:39:00+00:00
181414479,jinan-telecom,wuhan-telecom,46.4761,0.0,icmp,1592646060,2020-06-20 09:41:00+00:00
181414725,jinan-telecom,wuhan-telecom,47.9525,0.0,icmp,1592646180,2020-06-20 09:43:00+00:00
181414934,jinan-telecom,wuhan-telecom,52.6225,0.0,icmp,1592646300,2020-06-20 09:45:00+00:00
181415175,jinan-telecom,wuhan-telecom,46.8884,0.0,icmp,1592646420,2020-06-20 09:47:00+00:00
181415411,jinan-telecom,wuhan-telecom,48.4457,0.0,icmp,1592646540,2020-06-20 09:49:00+00:00
181415637,jinan-telecom,wuhan-telecom,49.4657,0.0,icmp,1592646660,2020-06-20 09:51:00+00:00
181415867,jinan-telecom,wuhan-telecom,39.4,0.0,icmp,1592646739,2020-06-20 09:52:19+00:00
181416082,jinan-telecom,wuhan-telecom,46.9883,0.0,icmp,1592646900,2020-06-20 09:55:00+00:00
181416298,jinan-telecom,wuhan-telecom,46.766,0.0,icmp,1592647020,2020-06-20 09:57:00+00:00
181416526,jinan-telecom,wuhan-telecom,40.6769,0.0,icmp,1592647084,2020-06-20 09:58:04+00:00
181416762,jinan-telecom,wuhan-telecom,46.1056,0.0,icmp,1592647260,2020-06-20 10:01:00+00:00
181417005,jinan-telecom,wuhan-telecom,39.423,0.0,icmp,1592647399,2020-06-20 10:03:19+00:00
181417218,jinan-telecom,wuhan-telecom,47.5272,0.0,icmp,1592647500,2020-06-20 10:05:00+00:00
181417453,jinan-telecom,wuhan-telecom,39.5072,0.0,icmp,1592647579,2020-06-20 10:06:19+00:00
181417668,jinan-telecom,wuhan-telecom,48.3752,0.0,icmp,1592647740,2020-06-20 10:09:00+00:00
181417916,jinan-telecom,wuhan-telecom,39.504,0.0,icmp,1592647879,2020-06-20 10:11:19+00:00
181418136,jinan-telecom,wuhan-telecom,48.5449,0.0,icmp,1592647980,2020-06-20 10:13:00+00:00
181418365,jinan-telecom,wuhan-telecom,45.6065,0.0,icmp,1592648100,2020-06-20 10:15:00+00:00
181418622,jinan-telecom,wuhan-telecom,48.706,0.0,icmp,1592648220,2020-06-20 10:17:00+00:00
181418828,jinan-telecom,wuhan-telecom,49.3871,0.0,icmp,1592648340,2020-06-20 10:19:00+00:00
181419061,jinan-telecom,wuhan-telecom,50.1468,0.0,icmp,1592648460,2020-06-20 10:21:00+00:00
181419285,jinan-telecom,wuhan-telecom,45.9054,0.0,icmp,1592648580,2020-06-20 10:23:00+00:00
181419528,jinan-telecom,wuhan-telecom,39.3588,0.0,icmp,1592648659,2020-06-20 10:24:19+00:00
181419723,jinan-telecom,wuhan-telecom,41.7816,0.0,icmp,1592648820,2020-06-20 10:27:00+00:00
181419952,jinan-telecom,wuhan-telecom,46.1415,0.0,icmp,1592648940,2020-06-20 10:29:00+00:00
181420175,jinan-telecom,wuhan-telecom,39.3296,0.0,icmp,1592649079,2020-06-20 10:31:19+00:00
181420405,jinan-telecom,wuhan-telecom,48.7242,0.0,icmp,1592649180,2020-06-20 10:33:00+00:00
181420648,jinan-telecom,wuhan-telecom,47.6386,0.0,icmp,1592649300,2020-06-20 10:35:00+00:00
181420855,jinan-telecom,wuhan-telecom,39.4893,0.0,icmp,1592649379,2020-06-20 10:36:19+00:00
181421089,jinan-telecom,wuhan-telecom,48.4493,0.0,icmp,1592649540,2020-06-20 10:39:00+00:00
181421323,jinan-telecom,wuhan-telecom,46.7343,0.0,icmp,1592649660,2020-06-20 10:41:00+00:00
181421540,jinan-telecom,wuhan-telecom,47.4778,0.0,icmp,1592649780,2020-06-20 10:43:00+00:00
181421772,jinan-telecom,wuhan-telecom,48.1555,0.0,icmp,1592649900,2020-06-20 10:45:00+00:00
181422017,jinan-telecom,wuhan-telecom,46.6237,0.0,icmp,1592650020,2020-06-20 10:47:00+00:00
181422245,jinan-telecom,wuhan-telecom,47.43,0.0,icmp,1592650140,2020-06-20 10:49:00+00:00
181422461,jinan-telecom,wuhan-telecom,43.8295,0.0,icmp,1592650260,2020-06-20 10:51:00+00:00
181422713,jinan-telecom,wuhan-telecom,48.8784,0.0,icmp,1592650380,2020-06-20 10:53:00+00:00
181422918,jinan-telecom,wuhan-telecom,46.8622,0.0,icmp,1592650500,2020-06-20 10:55:00+00:00
181423147,jinan-telecom,wuhan-telecom,47.2959,0.0,icmp,1592650620,2020-06-20 10:57:00+00:00
181423385,jinan-telecom,wuhan-telecom,47.3395,0.0,icmp,1592650740,2020-06-20 10:59:00+00:00
181423600,jinan-telecom,wuhan-telecom,48.5205,0.0,icmp,1592650860,2020-06-20 11:01:00+00:00
181423840,jinan-telecom,wuhan-telecom,48.3603,0.0,icmp,1592650980,2020-06-20 11:03:00+00:00
181424070,jinan-telecom,wuhan-telecom,39.5254,0.0,icmp,1592651119,2020-06-20 11:05:19+00:00
181424271,jinan-telecom,wuhan-telecom,47.1703,0.0,icmp,1592651220,2020-06-20 11:07:00+00:00
181424508,jinan-telecom,wuhan-telecom,39.5974,0.0,icmp,1592651340,2020-06-20 11:09:00+00:00
181424748,jinan-telecom,wuhan-telecom,46.2319,0.0,icmp,1592651460,2020-06-20 11:11:00+00:00
181424973,jinan-telecom,wuhan-telecom,45.7402,0.0,icmp,1592651580,2020-06-20 11:13:00+00:00
181425192,jinan-telecom,wuhan-telecom,39.6841,0.0,icmp,1592651719,2020-06-20 11:15:19+00:00
181425419,jinan-telecom,wuhan-telecom,46.8815,0.0,icmp,1592651820,2020-06-20 11:17:00+00:00
181425666,jinan-telecom,wuhan-telecom,39.6987,0.0,icmp,1592651899,2020-06-20 11:18:19+00:00
181425876,jinan-telecom,wuhan-telecom,46.4306,0.0,icmp,1592652060,2020-06-20 11:21:00+00:00
181426110,jinan-telecom,wuhan-telecom,52.3254,0.0,icmp,1592652180,2020-06-20 11:23:00+00:00
181426340,jinan-telecom,wuhan-telecom,45.5168,0.0,icmp,1592652300,2020-06-20 11:25:00+00:00
181426579,jinan-telecom,wuhan-telecom,47.0415,0.0,icmp,1592652420,2020-06-20 11:27:00+00:00
181426800,jinan-telecom,wuhan-telecom,39.3735,0.0,icmp,1592652499,2020-06-20 11:28:19+00:00
181427019,jinan-telecom,wuhan-telecom,47.304,0.0,icmp,1592652660,2020-06-20 11:31:00+00:00
181427257,jinan-telecom,wuhan-telecom,44.9344,0.0,icmp,1592652780,2020-06-20 11:33:00+00:00
181427494,jinan-telecom,wuhan-telecom,46.326,0.0,icmp,1592652900,2020-06-20 11:35:00+00:00
181427714,jinan-telecom,wuhan-telecom,48.1279,0.0,icmp,1592653020,2020-06-20 11:37:00+00:00
181427953,jinan-telecom,wuhan-telecom,49.3671,0.0,icmp,1592653140,2020-06-20 11:39:00+00:00
181428164,jinan-telecom,wuhan-telecom,49.0497,0.0,icmp,1592653260,2020-06-20 11:41:00+00:00
181428399,jinan-telecom,wuhan-telecom,47.1609,0.0,icmp,1592653380,2020-06-20 11:43:00+00:00
181428632,jinan-telecom,wuhan-telecom,39.4176,0.0,icmp,1592653459,2020-06-20 11:44:19+00:00
181428841,jinan-telecom,wuhan-telecom,48.4827,0.0,icmp,1592653620,2020-06-20 11:47:00+00:00
181429062,jinan-telecom,wuhan-telecom,39.3581,0.0,icmp,1592653759,2020-06-20 11:49:19+00:00
181429304,jinan-telecom,wuhan-telecom,49.4466,0.0,icmp,1592653860,2020-06-20 11:51:00+00:00
181429533,jinan-telecom,wuhan-telecom,50.1123,0.0,icmp,1592653980,2020-06-20 11:53:00+00:00
181429763,jinan-telecom,wuhan-telecom,39.4503,0.0,icmp,1592654059,2020-06-20 11:54:19+00:00
181429996,jinan-telecom,wuhan-telecom,39.5402,0.0,icmp,1592654239,2020-06-20 11:57:19+00:00
181430234,jinan-telecom,wuhan-telecom,49.9013,0.0,icmp,1592654340,2020-06-20 11:59:00+00:00
181430459,jinan-telecom,wuhan-telecom,46.6669,0.0,icmp,1592654460,2020-06-20 12:01:00+00:00
181430662,jinan-telecom,wuhan-telecom,49.1994,0.0,icmp,1592654580,2020-06-20 12:03:00+00:00
181430900,jinan-telecom,wuhan-telecom,39.5303,0.0,icmp,1592654719,2020-06-20 12:05:19+00:00
181431128,jinan-telecom,wuhan-telecom,49.4802,0.0,icmp,1592654820,2020-06-20 12:07:00+00:00
181431359,jinan-telecom,wuhan-telecom,39.581,0.0,icmp,1592654959,2020-06-20 12:09:19+00:00
181431587,jinan-telecom,wuhan-telecom,48.3759,0.0,icmp,1592655060,2020-06-20 12:11:00+00:00
181431824,jinan-telecom,wuhan-telecom,49.3499,0.0,icmp,1592655180,2020-06-20 12:13:00+00:00
181432043,jinan-telecom,wuhan-telecom,46.7328,0.0,icmp,1592655300,2020-06-20 12:15:00+00:00
181432271,jinan-telecom,wuhan-telecom,48.9404,0.0,icmp,1592655420,2020-06-20 12:17:00+00:00
181432506,jinan-telecom,wuhan-telecom,39.371,0.0,icmp,1592655499,2020-06-20 12:18:19+00:00
181432716,jinan-telecom,wuhan-telecom,47.455,0.0,icmp,1592655660,2020-06-20 12:21:00+00:00
181432952,jinan-telecom,wuhan-telecom,48.1108,0.0,icmp,1592655780,2020-06-20 12:23:00+00:00
181433194,jinan-telecom,wuhan-telecom,48.0948,0.0,icmp,1592655900,2020-06-20 12:25:00+00:00
181433402,jinan-telecom,wuhan-telecom,44.591,0.0,icmp,1592655964,2020-06-20 12:26:04+00:00
181433624,jinan-telecom,wuhan-telecom,47.1874,0.0,icmp,1592656140,2020-06-20 12:29:00+00:00
181433868,jinan-telecom,wuhan-telecom,46.641,0.0,icmp,1592656260,2020-06-20 12:31:00+00:00
181434101,jinan-telecom,wuhan-telecom,46.8305,0.0,icmp,1592656380,2020-06-20 12:33:00+00:00
181434315,jinan-telecom,wuhan-telecom,49.2073,0.0,icmp,1592656500,2020-06-20 12:35:00+00:00
181434542,jinan-telecom,wuhan-telecom,47.8008,0.0,icmp,1592656620,2020-06-20 12:37:00+00:00
181434766,jinan-telecom,wuhan-telecom,49.1356,0.0,icmp,1592656740,2020-06-20 12:39:00+00:00
181435010,jinan-telecom,wuhan-telecom,46.3552,0.0,icmp,1592656860,2020-06-20 12:41:00+00:00
181435245,jinan-telecom,wuhan-telecom,39.5503,0.0,icmp,1592656999,2020-06-20 12:43:19+00:00
181435454,jinan-telecom,wuhan-telecom,49.3643,0.0,icmp,1592657100,2020-06-20 12:45:00+00:00
181435694,jinan-telecom,wuhan-telecom,46.2692,0.0,icmp,1592657220,2020-06-20 12:47:00+00:00
181435913,jinan-telecom,wuhan-telecom,46.6824,0.0,icmp,1592657340,2020-06-20 12:49:00+00:00
181436149,jinan-telecom,wuhan-telecom,50.4877,0.0,icmp,1592657460,2020-06-20 12:51:00+00:00
181436375,jinan-telecom,wuhan-telecom,43.3069,0.0,icmp,1592657580,2020-06-20 12:53:00+00:00
181436604,jinan-telecom,wuhan-telecom,44.2243,0.0,icmp,1592657700,2020-06-20 12:55:00+00:00
181436831,jinan-telecom,wuhan-telecom,49.9503,0.0,icmp,1592657820,2020-06-20 12:57:00+00:00
181437052,jinan-telecom,wuhan-telecom,41.4531,0.0,icmp,1592657940,2020-06-20 12:59:00+00:00
181437304,jinan-telecom,wuhan-telecom,39.383,0.0,icmp,1592658079,2020-06-20 13:01:19+00:00
181437525,jinan-telecom,wuhan-telecom,47.8118,0.0,icmp,1592658180,2020-06-20 13:03:00+00:00
181437746,jinan-telecom,wuhan-telecom,50.722,0.0,icmp,1592658300,2020-06-20 13:05:00+00:00
181437978,jinan-telecom,wuhan-telecom,41.6806,0.0,icmp,1592658420,2020-06-20 13:07:00+00:00
181438186,jinan-telecom,wuhan-telecom,47.8007,0.0,icmp,1592658540,2020-06-20 13:09:00+00:00
181438423,jinan-telecom,wuhan-telecom,39.7008,0.0,icmp,1592658619,2020-06-20 13:10:19+00:00
181438660,jinan-telecom,wuhan-telecom,48.7464,0.0,icmp,1592658780,2020-06-20 13:13:00+00:00
181438875,jinan-telecom,wuhan-telecom,47.6077,0.0,icmp,1592658900,2020-06-20 13:15:00+00:00
181439114,jinan-telecom,wuhan-telecom,51.3408,0.0,icmp,1592659020,2020-06-20 13:17:00+00:00
181439345,jinan-telecom,wuhan-telecom,39.6985,0.0,icmp,1592659159,2020-06-20 13:19:19+00:00
181439568,jinan-telecom,wuhan-telecom,48.6266,0.0,icmp,1592659260,2020-06-20 13:21:00+00:00
181439788,jinan-telecom,wuhan-telecom,39.406,0.0,icmp,1592659339,2020-06-20 13:22:19+00:00
181440014,jinan-telecom,wuhan-telecom,49.348,0.0,icmp,1592659500,2020-06-20 13:25:00+00:00
181440256,jinan-telecom,wuhan-telecom,47.1086,0.0,icmp,1592659620,2020-06-20 13:27:00+00:00
181440490,jinan-telecom,wuhan-telecom,48.652,0.0,icmp,1592659740,2020-06-20 13:29:00+00:00
181440700,jinan-telecom,wuhan-telecom,47.6257,0.0,icmp,1592659860,2020-06-20 13:31:00+00:00
181440952,jinan-telecom,wuhan-telecom,48.1342,0.0,icmp,1592659980,2020-06-20 13:33:00+00:00
181441162,jinan-telecom,wuhan-telecom,49.085,0.0,icmp,1592660100,2020-06-20 13:35:00+00:00
181441381,jinan-telecom,wuhan-telecom,39.4353,0.0,icmp,1592660225,2020-06-20 13:37:05+00:00
181441611,jinan-telecom,wuhan-telecom,48.1274,0.0,icmp,1592660340,2020-06-20 13:39:00+00:00
181441842,jinan-telecom,wuhan-telecom,49.7054,0.0,icmp,1592660460,2020-06-20 13:41:00+00:00
181442080,jinan-telecom,wuhan-telecom,48.7518,0.0,icmp,1592660580,2020-06-20 13:43:00+00:00
181442306,jinan-telecom,wuhan-telecom,39.9027,0.0,icmp,1592660700,2020-06-20 13:45:00+00:00
181442510,jinan-telecom,wuhan-telecom,46.3714,0.0,icmp,1592660820,2020-06-20 13:47:00+00:00
181442769,jinan-telecom,wuhan-telecom,48.1173,0.0,icmp,1592660940,2020-06-20 13:49:00+00:00
181443012,jinan-telecom,wuhan-telecom,46.6871,0.0,icmp,1592661060,2020-06-20 13:51:00+00:00
181443222,jinan-telecom,wuhan-telecom,42.9814,0.0,icmp,1592661180,2020-06-20 13:53:00+00:00
181443440,jinan-telecom,wuhan-telecom,39.8018,0.0,icmp,1592661250,2020-06-20 13:54:10+00:00
181443656,jinan-telecom,wuhan-telecom,39.844,0.0,icmp,1592661439,2020-06-20 13:57:19+00:00
181443894,jinan-telecom,wuhan-telecom,47.8715,1.0,icmp,1592661540,2020-06-20 13:59:00+00:00
181444125,jinan-telecom,wuhan-telecom,48.5587,0.0,icmp,1592661660,2020-06-20 14:01:00+00:00
181444345,jinan-telecom,wuhan-telecom,48.5184,0.0,icmp,1592661780,2020-06-20 14:03:00+00:00
181444600,jinan-telecom,wuhan-telecom,49.5703,1.0,icmp,1592661900,2020-06-20 14:05:00+00:00
181444797,jinan-telecom,wuhan-telecom,50.0105,1.0,icmp,1592662020,2020-06-20 14:07:00+00:00
181445049,jinan-telecom,wuhan-telecom,51.0032,0.0,icmp,1592662140,2020-06-20 14:09:00+00:00
181445262,jinan-telecom,wuhan-telecom,39.7609,0.0,icmp,1592662279,2020-06-20 14:11:19+00:00
181445488,jinan-telecom,wuhan-telecom,47.9396,0.0,icmp,1592662380,2020-06-20 14:13:00+00:00
181445709,jinan-telecom,wuhan-telecom,45.0961,1.0,icmp,1592662500,2020-06-20 14:15:00+00:00
181445938,jinan-telecom,wuhan-telecom,39.496,0.0,icmp,1592662639,2020-06-20 14:17:19+00:00
181446189,jinan-telecom,wuhan-telecom,39.5429,0.0,icmp,1592662759,2020-06-20 14:19:19+00:00
181446399,jinan-telecom,wuhan-telecom,47.8952,0.0,icmp,1592662860,2020-06-20 14:21:00+00:00
181446632,jinan-telecom,wuhan-telecom,39.5366,0.0,icmp,1592662939,2020-06-20 14:22:19+00:00
181446857,jinan-telecom,wuhan-telecom,39.8187,0.0,icmp,1592663059,2020-06-20 14:24:19+00:00
181447080,jinan-telecom,wuhan-telecom,39.5716,0.0,icmp,1592663179,2020-06-20 14:26:19+00:00
181447321,jinan-telecom,wuhan-telecom,39.5997,0.0,icmp,1592663299,2020-06-20 14:28:19+00:00
181447532,jinan-telecom,wuhan-telecom,48.2652,0.0,icmp,1592663460,2020-06-20 14:31:00+00:00
181447771,jinan-telecom,wuhan-telecom,39.3927,0.0,icmp,1592663539,2020-06-20 14:32:19+00:00
181447997,jinan-telecom,wuhan-telecom,50.4697,0.0,icmp,1592663700,2020-06-20 14:35:00+00:00
181448225,jinan-telecom,wuhan-telecom,46.8944,1.0,icmp,1592663820,2020-06-20 14:37:00+00:00
181448461,jinan-telecom,wuhan-telecom,50.8034,2.0,icmp,1592663940,2020-06-20 14:39:00+00:00
181448673,jinan-telecom,wuhan-telecom,49.2232,0.0,icmp,1592664060,2020-06-20 14:41:00+00:00
181448900,jinan-telecom,wuhan-telecom,39.9852,1.0,icmp,1592664139,2020-06-20 14:42:19+00:00
181449137,jinan-telecom,wuhan-telecom,39.7596,0.0,icmp,1592664259,2020-06-20 14:44:19+00:00
181449383,jinan-telecom,wuhan-telecom,47.7002,0.0,icmp,1592664420,2020-06-20 14:47:00+00:00
181449596,jinan-telecom,wuhan-telecom,48.9836,0.0,icmp,1592664540,2020-06-20 14:49:00+00:00
181449817,jinan-telecom,wuhan-telecom,48.3865,0.0,icmp,1592664660,2020-06-20 14:51:00+00:00
181450048,jinan-telecom,wuhan-telecom,42.8316,0.0,icmp,1592664780,2020-06-20 14:53:00+00:00
181450261,jinan-telecom,wuhan-telecom,45.6089,0.0,icmp,1592664900,2020-06-20 14:55:00+00:00
181450499,jinan-telecom,wuhan-telecom,48.7954,0.0,icmp,1592665020,2020-06-20 14:57:00+00:00
181450731,jinan-telecom,wuhan-telecom,45.419,0.0,icmp,1592665140,2020-06-20 14:59:00+00:00
181450953,jinan-telecom,wuhan-telecom,47.3607,0.0,icmp,1592665260,2020-06-20 15:01:00+00:00
181451199,jinan-telecom,wuhan-telecom,47.7087,0.0,icmp,1592665380,2020-06-20 15:03:00+00:00
181451413,jinan-telecom,wuhan-telecom,48.4261,0.0,icmp,1592665500,2020-06-20 15:05:00+00:00
181451652,jinan-telecom,wuhan-telecom,47.6874,0.0,icmp,1592665620,2020-06-20 15:07:00+00:00
181451888,jinan-telecom,wuhan-telecom,39.6212,0.0,icmp,1592665699,2020-06-20 15:08:19+00:00
181452087,jinan-telecom,wuhan-telecom,44.3588,0.0,icmp,1592665860,2020-06-20 15:11:00+00:00
181452343,jinan-telecom,wuhan-telecom,46.4016,0.0,icmp,1592665980,2020-06-20 15:13:00+00:00
181452556,jinan-telecom,wuhan-telecom,40.181,0.0,icmp,1592666100,2020-06-20 15:15:00+00:00
181452801,jinan-telecom,wuhan-telecom,46.9824,0.0,icmp,1592666220,2020-06-20 15:17:00+00:00
181453027,jinan-telecom,wuhan-telecom,46.5387,0.0,icmp,1592666340,2020-06-20 15:19:00+00:00
181453239,jinan-telecom,wuhan-telecom,48.0693,0.0,icmp,1592666460,2020-06-20 15:21:00+00:00
181453485,jinan-telecom,wuhan-telecom,39.3716,0.0,icmp,1592666599,2020-06-20 15:23:19+00:00
181453690,jinan-telecom,wuhan-telecom,46.6924,0.0,icmp,1592666700,2020-06-20 15:25:00+00:00
181453922,jinan-telecom,wuhan-telecom,43.6558,0.0,icmp,1592666820,2020-06-20 15:27:00+00:00
181454166,jinan-telecom,wuhan-telecom,46.7544,0.0,icmp,1592666940,2020-06-20 15:29:00+00:00
181454386,jinan-telecom,wuhan-telecom,48.1139,0.0,icmp,1592667060,2020-06-20 15:31:00+00:00
181454620,jinan-telecom,wuhan-telecom,39.4001,0.0,icmp,1592667199,2020-06-20 15:33:19+00:00
181454844,jinan-telecom,wuhan-telecom,50.3555,0.0,icmp,1592667300,2020-06-20 15:35:00+00:00
181455091,jinan-telecom,wuhan-telecom,47.6081,0.0,icmp,1592667420,2020-06-20 15:37:00+00:00
181455296,jinan-telecom,wuhan-telecom,39.3403,0.0,icmp,1592667559,2020-06-20 15:39:19+00:00
181455531,jinan-telecom,wuhan-telecom,47.3236,0.0,icmp,1592667660,2020-06-20 15:41:00+00:00
181455758,jinan-telecom,wuhan-telecom,47.6987,0.0,icmp,1592667780,2020-06-20 15:43:00+00:00
181455996,jinan-telecom,wuhan-telecom,48.5327,0.0,icmp,1592667900,2020-06-20 15:45:00+00:00
181456217,jinan-telecom,wuhan-telecom,45.8861,0.0,icmp,1592668020,2020-06-20 15:47:00+00:00
181456439,jinan-telecom,wuhan-telecom,46.1056,0.0,icmp,1592668140,2020-06-20 15:49:00+00:00
181456666,jinan-telecom,wuhan-telecom,50.0328,0.0,icmp,1592668260,2020-06-20 15:51:00+00:00
181456875,jinan-telecom,wuhan-telecom,39.3758,0.0,icmp,1592668339,2020-06-20 15:52:19+00:00
181457114,jinan-telecom,wuhan-telecom,47.3216,0.0,icmp,1592668500,2020-06-20 15:55:00+00:00
181457352,jinan-telecom,wuhan-telecom,45.5485,0.0,icmp,1592668620,2020-06-20 15:57:00+00:00
181457575,jinan-telecom,wuhan-telecom,48.0745,0.0,icmp,1592668740,2020-06-20 15:59:00+00:00
181457805,jinan-telecom,wuhan-telecom,39.3499,0.0,icmp,1592668879,2020-06-20 16:01:19+00:00
181458023,jinan-telecom,wuhan-telecom,49.1096,0.0,icmp,1592668980,2020-06-20 16:03:00+00:00
181458249,jinan-telecom,wuhan-telecom,39.323,0.0,icmp,1592669119,2020-06-20 16:05:19+00:00
181458505,jinan-telecom,wuhan-telecom,46.7699,0.0,icmp,1592669220,2020-06-20 16:07:00+00:00
181458724,jinan-telecom,wuhan-telecom,42.4719,0.0,icmp,1592669340,2020-06-20 16:09:00+00:00
181458942,jinan-telecom,wuhan-telecom,39.4747,0.0,icmp,1592669419,2020-06-20 16:10:19+00:00
181459155,jinan-telecom,wuhan-telecom,39.3542,0.0,icmp,1592669539,2020-06-20 16:12:19+00:00
181459402,jinan-telecom,wuhan-telecom,50.8992,0.0,icmp,1592669700,2020-06-20 16:15:00+00:00
181459622,jinan-telecom,wuhan-telecom,50.062,0.0,icmp,1592669820,2020-06-20 16:17:00+00:00
181459843,jinan-telecom,wuhan-telecom,39.6075,0.0,icmp,1592669899,2020-06-20 16:18:19+00:00
181460093,jinan-telecom,wuhan-telecom,39.7597,0.0,icmp,1592670019,2020-06-20 16:20:19+00:00
181460314,jinan-telecom,wuhan-telecom,46.7196,0.0,icmp,1592670180,2020-06-20 16:23:00+00:00
181460533,jinan-telecom,wuhan-telecom,46.1819,0.0,icmp,1592670300,2020-06-20 16:25:00+00:00
181460782,jinan-telecom,wuhan-telecom,47.6719,0.0,icmp,1592670420,2020-06-20 16:27:00+00:00
181461008,jinan-telecom,wuhan-telecom,46.8774,0.0,icmp,1592670540,2020-06-20 16:29:00+00:00
181461231,jinan-telecom,wuhan-telecom,39.4582,0.0,icmp,1592670619,2020-06-20 16:30:19+00:00
181461451,jinan-telecom,wuhan-telecom,129.7068,0.0,icmp,1592670780,2020-06-20 16:33:00+00:00
181461690,jinan-telecom,wuhan-telecom,128.7343,0.0,icmp,1592670900,2020-06-20 16:35:00+00:00
181461929,jinan-telecom,wuhan-telecom,127.4995,0.0,icmp,1592671020,2020-06-20 16:37:00+00:00
181462145,jinan-telecom,wuhan-telecom,132.8831,0.0,icmp,1592671159,2020-06-20 16:39:19+00:00
181462369,jinan-telecom,wuhan-telecom,117.4141,0.0,icmp,1592671260,2020-06-20 16:41:00+00:00
181462588,jinan-telecom,wuhan-telecom,80.0934,0.0,icmp,1592671339,2020-06-20 16:42:19+00:00
181462812,jinan-telecom,wuhan-telecom,77.0203,0.0,icmp,1592671500,2020-06-20 16:45:00+00:00
181463042,jinan-telecom,wuhan-telecom,81.9116,0.0,icmp,1592671620,2020-06-20 16:47:00+00:00
181463273,jinan-telecom,wuhan-telecom,51.0551,0.0,icmp,1592671759,2020-06-20 16:49:19+00:00
181463517,jinan-telecom,wuhan-telecom,84.7506,0.0,icmp,1592671860,2020-06-20 16:51:00+00:00
181463726,jinan-telecom,wuhan-telecom,50.5059,0.0,icmp,1592671980,2020-06-20 16:53:00+00:00
181463974,jinan-telecom,wuhan-telecom,51.6579,0.0,icmp,1592672045,2020-06-20 16:54:05+00:00
181464179,jinan-telecom,wuhan-telecom,49.8544,0.0,icmp,1592672220,2020-06-20 16:57:00+00:00
181464420,jinan-telecom,wuhan-telecom,42.1963,0.0,icmp,1592672340,2020-06-20 16:59:00+00:00
181464637,jinan-telecom,wuhan-telecom,43.5015,0.0,icmp,1592672460,2020-06-20 17:01:00+00:00
186986146,jinan-telecom,wuhan-telecom,48.4653,0.0,icmp,1592672580,2020-06-20 17:03:00+00:00
186986389,jinan-telecom,wuhan-telecom,39.9722,0.0,icmp,1592672719,2020-06-20 17:05:19+00:00
186986582,jinan-telecom,wuhan-telecom,49.0709,0.0,icmp,1592672820,2020-06-20 17:07:00+00:00
186986817,jinan-telecom,wuhan-telecom,48.7528,0.0,icmp,1592672940,2020-06-20 17:09:00+00:00
186987043,jinan-telecom,wuhan-telecom,40.5162,0.0,icmp,1592673079,2020-06-20 17:11:19+00:00
186987272,jinan-telecom,wuhan-telecom,40.1633,0.0,icmp,1592673199,2020-06-20 17:13:19+00:00
186987505,jinan-telecom,wuhan-telecom,48.4459,0.0,icmp,1592673300,2020-06-20 17:15:00+00:00
186987732,jinan-telecom,wuhan-telecom,41.5444,0.0,icmp,1592673420,2020-06-20 17:17:00+00:00
186987962,jinan-telecom,wuhan-telecom,45.9293,0.0,icmp,1592673540,2020-06-20 17:19:00+00:00
186988203,jinan-telecom,wuhan-telecom,45.9449,0.0,icmp,1592673660,2020-06-20 17:21:00+00:00
186988431,jinan-telecom,wuhan-telecom,46.5756,0.0,icmp,1592673780,2020-06-20 17:23:00+00:00
186988653,jinan-telecom,wuhan-telecom,47.1444,0.0,icmp,1592673900,2020-06-20 17:25:00+00:00
186988867,jinan-telecom,wuhan-telecom,49.8954,0.0,icmp,1592674020,2020-06-20 17:27:00+00:00
186989088,jinan-telecom,wuhan-telecom,44.1148,0.0,icmp,1592674140,2020-06-20 17:29:00+00:00
186989324,jinan-telecom,wuhan-telecom,39.7586,0.0,icmp,1592674219,2020-06-20 17:30:19+00:00
186989563,jinan-telecom,wuhan-telecom,49.2863,0.0,icmp,1592674380,2020-06-20 17:33:00+00:00
186989784,jinan-telecom,wuhan-telecom,42.0446,0.0,icmp,1592674500,2020-06-20 17:35:00+00:00
186990008,jinan-telecom,wuhan-telecom,46.9981,0.0,icmp,1592674620,2020-06-20 17:37:00+00:00
186990251,jinan-telecom,wuhan-telecom,47.2538,0.0,icmp,1592674740,2020-06-20 17:39:00+00:00
186990470,jinan-telecom,wuhan-telecom,46.2071,0.0,icmp,1592674860,2020-06-20 17:41:00+00:00
186990703,jinan-telecom,wuhan-telecom,49.3776,0.0,icmp,1592674980,2020-06-20 17:43:00+00:00
186990916,jinan-telecom,wuhan-telecom,39.7325,0.0,icmp,1592675059,2020-06-20 17:44:19+00:00
186991145,jinan-telecom,wuhan-telecom,46.3096,0.0,icmp,1592675220,2020-06-20 17:47:00+00:00
186991383,jinan-telecom,wuhan-telecom,50.1275,0.0,icmp,1592675340,2020-06-20 17:49:00+00:00
186991633,jinan-telecom,wuhan-telecom,42.9656,0.0,icmp,1592675460,2020-06-20 17:51:00+00:00
186991841,jinan-telecom,wuhan-telecom,48.3357,0.0,icmp,1592675580,2020-06-20 17:53:00+00:00
186992064,jinan-telecom,wuhan-telecom,48.29,0.0,icmp,1592675700,2020-06-20 17:55:00+00:00
186992307,jinan-telecom,wuhan-telecom,39.5284,0.0,icmp,1592675839,2020-06-20 17:57:19+00:00
186992534,jinan-telecom,wuhan-telecom,46.1343,0.0,icmp,1592675940,2020-06-20 17:59:00+00:00
186992741,jinan-telecom,wuhan-telecom,49.7662,0.0,icmp,1592676060,2020-06-20 18:01:00+00:00
186992965,jinan-telecom,wuhan-telecom,45.4509,0.0,icmp,1592676180,2020-06-20 18:03:00+00:00
186993202,jinan-telecom,wuhan-telecom,44.372,0.0,icmp,1592676300,2020-06-20 18:05:00+00:00
186993441,jinan-telecom,wuhan-telecom,46.5234,0.0,icmp,1592676420,2020-06-20 18:07:00+00:00
186993652,jinan-telecom,wuhan-telecom,48.8051,0.0,icmp,1592676540,2020-06-20 18:09:00+00:00
186993888,jinan-telecom,wuhan-telecom,39.3559,0.0,icmp,1592676619,2020-06-20 18:10:19+00:00
186994118,jinan-telecom,wuhan-telecom,39.3327,0.0,icmp,1592676739,2020-06-20 18:12:19+00:00
186994338,jinan-telecom,wuhan-telecom,39.4285,0.0,icmp,1592676859,2020-06-20 18:14:19+00:00
186994557,jinan-telecom,wuhan-telecom,46.2426,0.0,icmp,1592677020,2020-06-20 18:17:00+00:00
186994823,jinan-telecom,wuhan-telecom,49.2028,0.0,icmp,1592677140,2020-06-20 18:19:00+00:00
186995038,jinan-telecom,wuhan-telecom,47.0397,0.0,icmp,1592677260,2020-06-20 18:21:00+00:00
186995262,jinan-telecom,wuhan-telecom,46.3109,0.0,icmp,1592677380,2020-06-20 18:23:00+00:00
186995494,jinan-telecom,wuhan-telecom,46.2546,0.0,icmp,1592677500,2020-06-20 18:25:00+00:00
186995728,jinan-telecom,wuhan-telecom,47.451,0.0,icmp,1592677620,2020-06-20 18:27:00+00:00
186995942,jinan-telecom,wuhan-telecom,39.6671,0.0,icmp,1592677759,2020-06-20 18:29:19+00:00
186996177,jinan-telecom,wuhan-telecom,47.2169,0.0,icmp,1592677860,2020-06-20 18:31:00+00:00
186996392,jinan-telecom,wuhan-telecom,42.7012,0.0,icmp,1592677980,2020-06-20 18:33:00+00:00
186996621,jinan-telecom,wuhan-telecom,39.318,0.0,icmp,1592678119,2020-06-20 18:35:19+00:00
186996864,jinan-telecom,wuhan-telecom,47.4706,0.0,icmp,1592678220,2020-06-20 18:37:00+00:00
186997085,jinan-telecom,wuhan-telecom,39.5249,0.0,icmp,1592678299,2020-06-20 18:38:19+00:00
186997304,jinan-telecom,wuhan-telecom,46.5018,0.0,icmp,1592678460,2020-06-20 18:41:00+00:00
186997522,jinan-telecom,wuhan-telecom,46.6546,0.0,icmp,1592678580,2020-06-20 18:43:00+00:00
186997760,jinan-telecom,wuhan-telecom,47.1303,0.0,icmp,1592678700,2020-06-20 18:45:00+00:00
186997995,jinan-telecom,wuhan-telecom,39.5866,0.0,icmp,1592678839,2020-06-20 18:47:19+00:00
186998215,jinan-telecom,wuhan-telecom,46.2427,0.0,icmp,1592678940,2020-06-20 18:49:00+00:00
186998462,jinan-telecom,wuhan-telecom,48.5356,0.0,icmp,1592679060,2020-06-20 18:51:00+00:00
186998681,jinan-telecom,wuhan-telecom,46.3926,0.0,icmp,1592679180,2020-06-20 18:53:00+00:00
186998891,jinan-telecom,wuhan-telecom,50.3393,0.0,icmp,1592679300,2020-06-20 18:55:00+00:00
186999144,jinan-telecom,wuhan-telecom,45.5221,0.0,icmp,1592679420,2020-06-20 18:57:00+00:00
186999368,jinan-telecom,wuhan-telecom,50.045,0.0,icmp,1592679540,2020-06-20 18:59:00+00:00
186999597,jinan-telecom,wuhan-telecom,47.2109,0.0,icmp,1592679660,2020-06-20 19:01:00+00:00
186999812,jinan-telecom,wuhan-telecom,39.395,0.0,icmp,1592679799,2020-06-20 19:03:19+00:00
187000046,jinan-telecom,wuhan-telecom,46.4606,0.0,icmp,1592679900,2020-06-20 19:05:00+00:00
187000280,jinan-telecom,wuhan-telecom,46.4584,0.0,icmp,1592680020,2020-06-20 19:07:00+00:00
187000492,jinan-telecom,wuhan-telecom,48.5692,0.0,icmp,1592680140,2020-06-20 19:09:00+00:00
187000704,jinan-telecom,wuhan-telecom,46.5532,0.0,icmp,1592680260,2020-06-20 19:11:00+00:00
187000960,jinan-telecom,wuhan-telecom,39.3239,0.0,icmp,1592680339,2020-06-20 19:12:19+00:00
187001190,jinan-telecom,wuhan-telecom,47.8817,0.0,icmp,1592680500,2020-06-20 19:15:00+00:00
187001406,jinan-telecom,wuhan-telecom,49.3983,0.0,icmp,1592680620,2020-06-20 19:17:00+00:00
187001641,jinan-telecom,wuhan-telecom,39.6539,0.0,icmp,1592680759,2020-06-20 19:19:19+00:00
187001849,jinan-telecom,wuhan-telecom,47.5275,0.0,icmp,1592680860,2020-06-20 19:21:00+00:00
187002086,jinan-telecom,wuhan-telecom,47.3429,0.0,icmp,1592680980,2020-06-20 19:23:00+00:00
187002314,jinan-telecom,wuhan-telecom,48.9125,0.0,icmp,1592681100,2020-06-20 19:25:00+00:00
187002556,jinan-telecom,wuhan-telecom,44.0515,0.0,icmp,1592681220,2020-06-20 19:27:00+00:00
187002793,jinan-telecom,wuhan-telecom,39.3008,0.0,icmp,1592681299,2020-06-20 19:28:19+00:00
187003011,jinan-telecom,wuhan-telecom,47.35,0.0,icmp,1592681460,2020-06-20 19:31:00+00:00
187003223,jinan-telecom,wuhan-telecom,45.8137,0.0,icmp,1592681580,2020-06-20 19:33:00+00:00
187003444,jinan-telecom,wuhan-telecom,47.6755,0.0,icmp,1592681700,2020-06-20 19:35:00+00:00
187003672,jinan-telecom,wuhan-telecom,46.2991,0.0,icmp,1592681820,2020-06-20 19:37:00+00:00
187003915,jinan-telecom,wuhan-telecom,46.5705,0.0,icmp,1592681940,2020-06-20 19:39:00+00:00
187004127,jinan-telecom,wuhan-telecom,43.768,0.0,icmp,1592682060,2020-06-20 19:41:00+00:00
187004354,jinan-telecom,wuhan-telecom,48.6933,0.0,icmp,1592682180,2020-06-20 19:43:00+00:00
187004591,jinan-telecom,wuhan-telecom,47.5386,0.0,icmp,1592682300,2020-06-20 19:45:00+00:00
187004819,jinan-telecom,wuhan-telecom,39.4119,0.0,icmp,1592682379,2020-06-20 19:46:19+00:00
187005062,jinan-telecom,wuhan-telecom,48.6077,0.0,icmp,1592682540,2020-06-20 19:49:00+00:00
187005271,jinan-telecom,wuhan-telecom,48.8232,0.0,icmp,1592682660,2020-06-20 19:51:00+00:00
187005521,jinan-telecom,wuhan-telecom,47.4878,0.0,icmp,1592682725,2020-06-20 19:52:05+00:00
187005743,jinan-telecom,wuhan-telecom,46.5186,0.0,icmp,1592682900,2020-06-20 19:55:00+00:00
187005964,jinan-telecom,wuhan-telecom,47.1966,0.0,icmp,1592683020,2020-06-20 19:57:00+00:00
187006194,jinan-telecom,wuhan-telecom,48.2166,0.0,icmp,1592683140,2020-06-20 19:59:00+00:00
187006410,jinan-telecom,wuhan-telecom,47.7674,0.0,icmp,1592683260,2020-06-20 20:01:00+00:00
187006664,jinan-telecom,wuhan-telecom,39.3574,0.0,icmp,1592683339,2020-06-20 20:02:19+00:00
187006878,jinan-telecom,wuhan-telecom,39.7393,0.0,icmp,1592683459,2020-06-20 20:04:19+00:00
187007123,jinan-telecom,wuhan-telecom,39.6822,0.0,icmp,1592683579,2020-06-20 20:06:19+00:00
187007330,jinan-telecom,wuhan-telecom,47.8304,0.0,icmp,1592683740,2020-06-20 20:09:00+00:00
187007561,jinan-telecom,wuhan-telecom,47.4917,0.0,icmp,1592683860,2020-06-20 20:11:00+00:00
187007809,jinan-telecom,wuhan-telecom,47.7686,0.0,icmp,1592683980,2020-06-20 20:13:00+00:00
187008021,jinan-telecom,wuhan-telecom,39.3452,0.0,icmp,1592684119,2020-06-20 20:15:19+00:00
187008247,jinan-telecom,wuhan-telecom,47.7102,0.0,icmp,1592684220,2020-06-20 20:17:00+00:00
187008464,jinan-telecom,wuhan-telecom,47.1926,0.0,icmp,1592684340,2020-06-20 20:19:00+00:00
187008690,jinan-telecom,wuhan-telecom,47.4723,0.0,icmp,1592684460,2020-06-20 20:21:00+00:00
187008937,jinan-telecom,wuhan-telecom,45.7826,0.0,icmp,1592684580,2020-06-20 20:23:00+00:00
187009151,jinan-telecom,wuhan-telecom,48.7925,0.0,icmp,1592684700,2020-06-20 20:25:00+00:00
187009379,jinan-telecom,wuhan-telecom,49.6319,0.0,icmp,1592684820,2020-06-20 20:27:00+00:00
187009623,jinan-telecom,wuhan-telecom,46.2969,0.0,icmp,1592684940,2020-06-20 20:29:00+00:00
187009831,jinan-telecom,wuhan-telecom,46.4686,0.0,icmp,1592685060,2020-06-20 20:31:00+00:00
187010048,jinan-telecom,wuhan-telecom,45.6468,0.0,icmp,1592685180,2020-06-20 20:33:00+00:00
187010302,jinan-telecom,wuhan-telecom,41.6075,0.0,icmp,1592685300,2020-06-20 20:35:00+00:00
187010525,jinan-telecom,wuhan-telecom,40.7221,0.0,icmp,1592685365,2020-06-20 20:36:05+00:00
187010747,jinan-telecom,wuhan-telecom,52.1777,0.0,icmp,1592685540,2020-06-20 20:39:00+00:00
187010997,jinan-telecom,wuhan-telecom,39.5845,0.0,icmp,1592685619,2020-06-20 20:40:19+00:00
187011198,jinan-telecom,wuhan-telecom,50.456,0.0,icmp,1592685780,2020-06-20 20:43:00+00:00
187011440,jinan-telecom,wuhan-telecom,48.4235,0.0,icmp,1592685900,2020-06-20 20:45:00+00:00
187011653,jinan-telecom,wuhan-telecom,45.8557,0.0,icmp,1592686020,2020-06-20 20:47:00+00:00
187011879,jinan-telecom,wuhan-telecom,41.7455,0.0,icmp,1592686140,2020-06-20 20:49:00+00:00
187012128,jinan-telecom,wuhan-telecom,51.2319,0.0,icmp,1592686260,2020-06-20 20:51:00+00:00
187012355,jinan-telecom,wuhan-telecom,46.533,0.0,icmp,1592686380,2020-06-20 20:53:00+00:00
187012574,jinan-telecom,wuhan-telecom,41.7409,0.0,icmp,1592686500,2020-06-20 20:55:00+00:00
187012811,jinan-telecom,wuhan-telecom,39.3768,0.0,icmp,1592686579,2020-06-20 20:56:19+00:00
187013034,jinan-telecom,wuhan-telecom,39.6126,0.0,icmp,1592686684,2020-06-20 20:58:04+00:00
187013273,jinan-telecom,wuhan-telecom,48.5344,0.0,icmp,1592686860,2020-06-20 21:01:00+00:00
187013480,jinan-telecom,wuhan-telecom,48.8296,0.0,icmp,1592686980,2020-06-20 21:03:00+00:00
187013724,jinan-telecom,wuhan-telecom,50.1269,0.0,icmp,1592687100,2020-06-20 21:05:00+00:00
187013942,jinan-telecom,wuhan-telecom,51.4352,0.0,icmp,1592687220,2020-06-20 21:07:00+00:00
187014164,jinan-telecom,wuhan-telecom,46.7445,0.0,icmp,1592687340,2020-06-20 21:09:00+00:00
187014392,jinan-telecom,wuhan-telecom,42.3653,0.0,icmp,1592687460,2020-06-20 21:11:00+00:00
187014626,jinan-telecom,wuhan-telecom,47.2471,0.0,icmp,1592687580,2020-06-20 21:13:00+00:00
187014859,jinan-telecom,wuhan-telecom,46.6618,0.0,icmp,1592687700,2020-06-20 21:15:00+00:00
187015075,jinan-telecom,wuhan-telecom,47.4598,0.0,icmp,1592687820,2020-06-20 21:17:00+00:00
187015305,jinan-telecom,wuhan-telecom,39.3596,0.0,icmp,1592687959,2020-06-20 21:19:19+00:00
187015536,jinan-telecom,wuhan-telecom,47.6412,0.0,icmp,1592688060,2020-06-20 21:21:00+00:00
187015758,jinan-telecom,wuhan-telecom,39.3925,0.0,icmp,1592688199,2020-06-20 21:23:19+00:00
187015985,jinan-telecom,wuhan-telecom,47.8387,0.0,icmp,1592688300,2020-06-20 21:25:00+00:00
187016231,jinan-telecom,wuhan-telecom,39.7478,0.0,icmp,1592688439,2020-06-20 21:27:19+00:00
187016466,jinan-telecom,wuhan-telecom,45.8272,0.0,icmp,1592688540,2020-06-20 21:29:00+00:00
187016679,jinan-telecom,wuhan-telecom,47.2349,0.0,icmp,1592688660,2020-06-20 21:31:00+00:00
187016898,jinan-telecom,wuhan-telecom,48.0435,0.0,icmp,1592688780,2020-06-20 21:33:00+00:00
187017131,jinan-telecom,wuhan-telecom,45.916,0.0,icmp,1592688900,2020-06-20 21:35:00+00:00
187017356,jinan-telecom,wuhan-telecom,39.6389,0.0,icmp,1592689024,2020-06-20 21:37:04+00:00
187017577,jinan-telecom,wuhan-telecom,46.458,0.0,icmp,1592689140,2020-06-20 21:39:00+00:00
187017823,jinan-telecom,wuhan-telecom,48.9907,0.0,icmp,1592689260,2020-06-20 21:41:00+00:00
187018048,jinan-telecom,wuhan-telecom,39.5065,0.0,icmp,1592689399,2020-06-20 21:43:19+00:00
187018270,jinan-telecom,wuhan-telecom,47.2556,0.0,icmp,1592689500,2020-06-20 21:45:00+00:00
187018509,jinan-telecom,wuhan-telecom,39.5018,0.0,icmp,1592689620,2020-06-20 21:47:00+00:00
187018749,jinan-telecom,wuhan-telecom,48.3007,0.0,icmp,1592689740,2020-06-20 21:49:00+00:00
187018940,jinan-telecom,wuhan-telecom,49.2843,0.0,icmp,1592689860,2020-06-20 21:51:00+00:00
187019187,jinan-telecom,wuhan-telecom,46.7237,0.0,icmp,1592689980,2020-06-20 21:53:00+00:00
187019418,jinan-telecom,wuhan-telecom,39.4324,0.0,icmp,1592690119,2020-06-20 21:55:19+00:00
187019644,jinan-telecom,wuhan-telecom,43.8734,0.0,icmp,1592690220,2020-06-20 21:57:00+00:00
187019891,jinan-telecom,wuhan-telecom,47.2526,0.0,icmp,1592690340,2020-06-20 21:59:00+00:00
187020087,jinan-telecom,wuhan-telecom,47.169,0.0,icmp,1592690460,2020-06-20 22:01:00+00:00
187020323,jinan-telecom,wuhan-telecom,45.7063,0.0,icmp,1592690580,2020-06-20 22:03:00+00:00
187020552,jinan-telecom,wuhan-telecom,39.2995,0.0,icmp,1592690659,2020-06-20 22:04:19+00:00
187020775,jinan-telecom,wuhan-telecom,46.5902,0.0,icmp,1592690820,2020-06-20 22:07:00+00:00
187021010,jinan-telecom,wuhan-telecom,39.5361,0.0,icmp,1592690959,2020-06-20 22:09:19+00:00
187021230,jinan-telecom,wuhan-telecom,48.5304,0.0,icmp,1592691060,2020-06-20 22:11:00+00:00
187021500,jinan-telecom,wuhan-telecom,39.3793,0.0,icmp,1592691199,2020-06-20 22:13:19+00:00
187021693,jinan-telecom,wuhan-telecom,47.6915,0.0,icmp,1592691300,2020-06-20 22:15:00+00:00
187021931,jinan-telecom,wuhan-telecom,41.7229,0.0,icmp,1592691420,2020-06-20 22:17:00+00:00
187022164,jinan-telecom,wuhan-telecom,40.3539,0.0,icmp,1592691540,2020-06-20 22:19:00+00:00
187022400,jinan-telecom,wuhan-telecom,39.5479,0.0,icmp,1592691679,2020-06-20 22:21:19+00:00
187022611,jinan-telecom,wuhan-telecom,45.8751,0.0,icmp,1592691780,2020-06-20 22:23:00+00:00
187022840,jinan-telecom,wuhan-telecom,46.0685,0.0,icmp,1592691900,2020-06-20 22:25:00+00:00
187023068,jinan-telecom,wuhan-telecom,39.3646,0.0,icmp,1592691979,2020-06-20 22:26:19+00:00
187023290,jinan-telecom,wuhan-telecom,47.7062,0.0,icmp,1592692140,2020-06-20 22:29:00+00:00
187023514,jinan-telecom,wuhan-telecom,47.0078,0.0,icmp,1592692260,2020-06-20 22:31:00+00:00
187023754,jinan-telecom,wuhan-telecom,39.5313,0.0,icmp,1592692399,2020-06-20 22:33:19+00:00
187023974,jinan-telecom,wuhan-telecom,47.4484,0.0,icmp,1592692500,2020-06-20 22:35:00+00:00
187024225,jinan-telecom,wuhan-telecom,47.7739,0.0,icmp,1592692620,2020-06-20 22:37:00+00:00
187024433,jinan-telecom,wuhan-telecom,47.8837,0.0,icmp,1592692740,2020-06-20 22:39:00+00:00
187024664,jinan-telecom,wuhan-telecom,42.88,0.0,icmp,1592692860,2020-06-20 22:41:00+00:00
187024883,jinan-telecom,wuhan-telecom,48.0945,0.0,icmp,1592692980,2020-06-20 22:43:00+00:00
187025119,jinan-telecom,wuhan-telecom,39.6164,0.0,icmp,1592693059,2020-06-20 22:44:19+00:00
187025336,jinan-telecom,wuhan-telecom,39.294,0.0,icmp,1592693239,2020-06-20 22:47:19+00:00
187025571,jinan-telecom,wuhan-telecom,44.9045,0.0,icmp,1592693340,2020-06-20 22:49:00+00:00
187025802,jinan-telecom,wuhan-telecom,46.2706,0.0,icmp,1592693460,2020-06-20 22:51:00+00:00
187026027,jinan-telecom,wuhan-telecom,39.6294,0.0,icmp,1592693599,2020-06-20 22:53:19+00:00
187026253,jinan-telecom,wuhan-telecom,39.3388,0.0,icmp,1592693719,2020-06-20 22:55:19+00:00
187026471,jinan-telecom,wuhan-telecom,43.6602,0.0,icmp,1592693820,2020-06-20 22:57:00+00:00
187026705,jinan-telecom,wuhan-telecom,39.3342,0.0,icmp,1592693959,2020-06-20 22:59:19+00:00
187026952,jinan-telecom,wuhan-telecom,48.0717,0.0,icmp,1592694060,2020-06-20 23:01:00+00:00
187027170,jinan-telecom,wuhan-telecom,48.812,0.0,icmp,1592694180,2020-06-20 23:03:00+00:00
187027398,jinan-telecom,wuhan-telecom,39.8907,0.0,icmp,1592694300,2020-06-20 23:05:00+00:00
187027615,jinan-telecom,wuhan-telecom,47.7845,0.0,icmp,1592694420,2020-06-20 23:07:00+00:00
187027864,jinan-telecom,wuhan-telecom,49.2703,0.0,icmp,1592694540,2020-06-20 23:09:00+00:00
187028081,jinan-telecom,wuhan-telecom,41.3287,0.0,icmp,1592694660,2020-06-20 23:11:00+00:00
187028301,jinan-telecom,wuhan-telecom,45.5732,0.0,icmp,1592694780,2020-06-20 23:13:00+00:00
187028527,jinan-telecom,wuhan-telecom,48.9035,0.0,icmp,1592694900,2020-06-20 23:15:00+00:00
187028767,jinan-telecom,wuhan-telecom,47.0602,0.0,icmp,1592695020,2020-06-20 23:17:00+00:00
187028996,jinan-telecom,wuhan-telecom,49.3443,0.0,icmp,1592695140,2020-06-20 23:19:00+00:00
187029212,jinan-telecom,wuhan-telecom,49.4941,0.0,icmp,1592695260,2020-06-20 23:21:00+00:00
187029462,jinan-telecom,wuhan-telecom,48.4795,0.0,icmp,1592695380,2020-06-20 23:23:00+00:00
187029692,jinan-telecom,wuhan-telecom,39.5153,0.0,icmp,1592695519,2020-06-20 23:25:19+00:00
187029894,jinan-telecom,wuhan-telecom,49.4815,0.0,icmp,1592695620,2020-06-20 23:27:00+00:00
187030134,jinan-telecom,wuhan-telecom,48.8609,0.0,icmp,1592695740,2020-06-20 23:29:00+00:00
187030370,jinan-telecom,wuhan-telecom,39.4426,0.0,icmp,1592695879,2020-06-20 23:31:19+00:00
187030570,jinan-telecom,wuhan-telecom,46.6294,0.0,icmp,1592695980,2020-06-20 23:33:00+00:00
187030816,jinan-telecom,wuhan-telecom,39.4036,0.0,icmp,1592696119,2020-06-20 23:35:19+00:00
187031041,jinan-telecom,wuhan-telecom,48.2014,0.0,icmp,1592696220,2020-06-20 23:37:00+00:00
187031268,jinan-telecom,wuhan-telecom,47.1096,0.0,icmp,1592696340,2020-06-20 23:39:00+00:00
187031490,jinan-telecom,wuhan-telecom,39.5433,0.0,icmp,1592696479,2020-06-20 23:41:19+00:00
187031734,jinan-telecom,wuhan-telecom,46.5118,0.0,icmp,1592696580,2020-06-20 23:43:00+00:00
187031947,jinan-telecom,wuhan-telecom,46.8011,0.0,icmp,1592696700,2020-06-20 23:45:00+00:00
187032187,jinan-telecom,wuhan-telecom,39.4059,0.0,icmp,1592696765,2020-06-20 23:46:05+00:00
187032435,jinan-telecom,wuhan-telecom,50.207,0.0,icmp,1592696940,2020-06-20 23:49:00+00:00
187032642,jinan-telecom,wuhan-telecom,44.3529,0.0,icmp,1592697060,2020-06-20 23:51:00+00:00
187032871,jinan-telecom,wuhan-telecom,46.3232,0.0,icmp,1592697180,2020-06-20 23:53:00+00:00
187033089,jinan-telecom,wuhan-telecom,41.599,0.0,icmp,1592697300,2020-06-20 23:55:00+00:00
187033320,jinan-telecom,wuhan-telecom,46.7714,0.0,icmp,1592697420,2020-06-20 23:57:00+00:00
187033546,jinan-telecom,wuhan-telecom,47.4074,0.0,icmp,1592697540,2020-06-20 23:59:00+00:00
187033775,jinan-telecom,wuhan-telecom,48.139,0.0,icmp,1592697660,2020-06-21 00:01:00+00:00
187034013,jinan-telecom,wuhan-telecom,46.9207,0.0,icmp,1592697780,2020-06-21 00:03:00+00:00
187034231,jinan-telecom,wuhan-telecom,46.8975,0.0,icmp,1592697900,2020-06-21 00:05:00+00:00
187034462,jinan-telecom,wuhan-telecom,39.7878,0.0,icmp,1592698039,2020-06-21 00:07:19+00:00
187034683,jinan-telecom,wuhan-telecom,39.9532,0.0,icmp,1592698140,2020-06-21 00:09:00+00:00
187034933,jinan-telecom,wuhan-telecom,39.3633,0.0,icmp,1592698279,2020-06-21 00:11:19+00:00
187035156,jinan-telecom,wuhan-telecom,43.3449,0.0,icmp,1592698380,2020-06-21 00:13:00+00:00
187035378,jinan-telecom,wuhan-telecom,39.8452,0.0,icmp,1592698459,2020-06-21 00:14:19+00:00
187035575,jinan-telecom,wuhan-telecom,47.8517,0.0,icmp,1592698620,2020-06-21 00:17:00+00:00
187035826,jinan-telecom,wuhan-telecom,45.0881,0.0,icmp,1592698740,2020-06-21 00:19:00+00:00
187036047,jinan-telecom,wuhan-telecom,43.393,0.0,icmp,1592698805,2020-06-21 00:20:05+00:00
187036282,jinan-telecom,wuhan-telecom,46.6356,0.0,icmp,1592698980,2020-06-21 00:23:00+00:00
187036527,jinan-telecom,wuhan-telecom,47.8386,0.0,icmp,1592699100,2020-06-21 00:25:00+00:00
187036749,jinan-telecom,wuhan-telecom,48.8871,0.0,icmp,1592699220,2020-06-21 00:27:00+00:00
187036959,jinan-telecom,wuhan-telecom,39.5481,0.0,icmp,1592699359,2020-06-21 00:29:19+00:00
187037208,jinan-telecom,wuhan-telecom,39.5001,0.0,icmp,1592699465,2020-06-21 00:31:05+00:00
187037435,jinan-telecom,wuhan-telecom,48.4141,0.0,icmp,1592699580,2020-06-21 00:33:00+00:00
187037670,jinan-telecom,wuhan-telecom,49.1839,0.0,icmp,1592699700,2020-06-21 00:35:00+00:00
187037895,jinan-telecom,wuhan-telecom,45.7055,0.0,icmp,1592699820,2020-06-21 00:37:00+00:00
187038117,jinan-telecom,wuhan-telecom,46.2877,0.0,icmp,1592699940,2020-06-21 00:39:00+00:00
187038340,jinan-telecom,wuhan-telecom,46.1392,0.0,icmp,1592700060,2020-06-21 00:41:00+00:00
187038583,jinan-telecom,wuhan-telecom,39.3826,0.0,icmp,1592700199,2020-06-21 00:43:19+00:00
187038789,jinan-telecom,wuhan-telecom,48.9,0.0,icmp,1592700300,2020-06-21 00:45:00+00:00
187039029,jinan-telecom,wuhan-telecom,49.5728,0.0,icmp,1592700420,2020-06-21 00:47:00+00:00
187039247,jinan-telecom,wuhan-telecom,39.419,0.0,icmp,1592700559,2020-06-21 00:49:19+00:00
187039486,jinan-telecom,wuhan-telecom,43.001,0.0,icmp,1592700660,2020-06-21 00:51:00+00:00
187039713,jinan-telecom,wuhan-telecom,39.3584,0.0,icmp,1592700739,2020-06-21 00:52:19+00:00
187039941,jinan-telecom,wuhan-telecom,48.9174,0.0,icmp,1592700900,2020-06-21 00:55:00+00:00
187040154,jinan-telecom,wuhan-telecom,45.8884,0.0,icmp,1592701020,2020-06-21 00:57:00+00:00
187040399,jinan-telecom,wuhan-telecom,47.424,0.0,icmp,1592701140,2020-06-21 00:59:00+00:00
187040608,jinan-telecom,wuhan-telecom,45.241,0.0,icmp,1592701260,2020-06-21 01:01:00+00:00
187040842,jinan-telecom,wuhan-telecom,49.068,0.0,icmp,1592701380,2020-06-21 01:03:00+00:00
187041079,jinan-telecom,wuhan-telecom,39.5152,0.0,icmp,1592701459,2020-06-21 01:04:19+00:00
187041305,jinan-telecom,wuhan-telecom,47.6293,0.0,icmp,1592701620,2020-06-21 01:07:00+00:00
187041533,jinan-telecom,wuhan-telecom,48.2225,0.0,icmp,1592701740,2020-06-21 01:09:00+00:00
187041762,jinan-telecom,wuhan-telecom,47.4872,0.0,icmp,1592701860,2020-06-21 01:11:00+00:00
187041983,jinan-telecom,wuhan-telecom,47.9216,0.0,icmp,1592701980,2020-06-21 01:13:00+00:00
187042214,jinan-telecom,wuhan-telecom,39.3613,0.0,icmp,1592702119,2020-06-21 01:15:19+00:00
187042451,jinan-telecom,wuhan-telecom,47.2153,0.0,icmp,1592702220,2020-06-21 01:17:00+00:00
187042674,jinan-telecom,wuhan-telecom,40.8796,0.0,icmp,1592702340,2020-06-21 01:19:00+00:00
187042923,jinan-telecom,wuhan-telecom,39.5675,0.0,icmp,1592702479,2020-06-21 01:21:19+00:00
187043136,jinan-telecom,wuhan-telecom,48.5911,0.0,icmp,1592702580,2020-06-21 01:23:00+00:00
187043360,jinan-telecom,wuhan-telecom,42.8977,0.0,icmp,1592702700,2020-06-21 01:25:00+00:00
187043593,jinan-telecom,wuhan-telecom,46.9785,0.0,icmp,1592702820,2020-06-21 01:27:00+00:00
187043808,jinan-telecom,wuhan-telecom,48.0676,0.0,icmp,1592702940,2020-06-21 01:29:00+00:00
187044057,jinan-telecom,wuhan-telecom,43.661,0.0,icmp,1592703060,2020-06-21 01:31:00+00:00
187044290,jinan-telecom,wuhan-telecom,39.4512,0.0,icmp,1592703139,2020-06-21 01:32:19+00:00
187044515,jinan-telecom,wuhan-telecom,47.4226,0.0,icmp,1592703300,2020-06-21 01:35:00+00:00
187044718,jinan-telecom,wuhan-telecom,47.5627,0.0,icmp,1592703420,2020-06-21 01:37:00+00:00
187044946,jinan-telecom,wuhan-telecom,43.0185,0.0,icmp,1592703540,2020-06-21 01:39:00+00:00
187045179,jinan-telecom,wuhan-telecom,48.1347,0.0,icmp,1592703660,2020-06-21 01:41:00+00:00
187045402,jinan-telecom,wuhan-telecom,48.3484,0.0,icmp,1592703780,2020-06-21 01:43:00+00:00
187045627,jinan-telecom,wuhan-telecom,48.7059,0.0,icmp,1592703900,2020-06-21 01:45:00+00:00
187045871,jinan-telecom,wuhan-telecom,52.8419,0.0,icmp,1592704020,2020-06-21 01:47:00+00:00
187046103,jinan-telecom,wuhan-telecom,39.5202,0.0,icmp,1592704085,2020-06-21 01:48:05+00:00
187046319,jinan-telecom,wuhan-telecom,42.293,0.0,icmp,1592704260,2020-06-21 01:51:00+00:00
187046554,jinan-telecom,wuhan-telecom,39.4387,0.0,icmp,1592704385,2020-06-21 01:53:05+00:00
187046775,jinan-telecom,wuhan-telecom,39.5697,0.0,icmp,1592704519,2020-06-21 01:55:19+00:00
187047022,jinan-telecom,wuhan-telecom,48.079,0.0,icmp,1592704620,2020-06-21 01:57:00+00:00
187047232,jinan-telecom,wuhan-telecom,47.5851,0.0,icmp,1592704740,2020-06-21 01:59:00+00:00
187047463,jinan-telecom,wuhan-telecom,47.1365,0.0,icmp,1592704860,2020-06-21 02:01:00+00:00
187047694,jinan-telecom,wuhan-telecom,39.4958,0.0,icmp,1592704999,2020-06-21 02:03:19+00:00
187047904,jinan-telecom,wuhan-telecom,47.1017,0.0,icmp,1592705100,2020-06-21 02:05:00+00:00
187048157,jinan-telecom,wuhan-telecom,45.6732,0.0,icmp,1592705220,2020-06-21 02:07:00+00:00
187048365,jinan-telecom,wuhan-telecom,47.9174,0.0,icmp,1592705340,2020-06-21 02:09:00+00:00
187048591,jinan-telecom,wuhan-telecom,46.2235,0.0,icmp,1592705460,2020-06-21 02:11:00+00:00
187048856,jinan-telecom,wuhan-telecom,46.7264,0.0,icmp,1592705580,2020-06-21 02:13:00+00:00
187049070,jinan-telecom,wuhan-telecom,47.2885,0.0,icmp,1592705700,2020-06-21 02:15:00+00:00
187049282,jinan-telecom,wuhan-telecom,47.506,0.0,icmp,1592705820,2020-06-21 02:17:00+00:00
187049532,jinan-telecom,wuhan-telecom,49.8128,0.0,icmp,1592705940,2020-06-21 02:19:00+00:00
187049748,jinan-telecom,wuhan-telecom,39.4711,0.0,icmp,1592706079,2020-06-21 02:21:19+00:00
187049979,jinan-telecom,wuhan-telecom,39.3701,0.0,icmp,1592706199,2020-06-21 02:23:19+00:00
187050202,jinan-telecom,wuhan-telecom,46.8296,0.0,icmp,1592706300,2020-06-21 02:25:00+00:00
187050418,jinan-telecom,wuhan-telecom,45.2818,0.0,icmp,1592706420,2020-06-21 02:27:00+00:00
187050683,jinan-telecom,wuhan-telecom,47.3425,0.0,icmp,1592706540,2020-06-21 02:29:00+00:00
187050882,jinan-telecom,wuhan-telecom,39.6288,0.0,icmp,1592706679,2020-06-21 02:31:19+00:00
187051099,jinan-telecom,wuhan-telecom,46.0193,0.0,icmp,1592706780,2020-06-21 02:33:00+00:00
187051338,jinan-telecom,wuhan-telecom,47.4782,0.0,icmp,1592706900,2020-06-21 02:35:00+00:00
187051565,jinan-telecom,wuhan-telecom,47.4938,0.0,icmp,1592707020,2020-06-21 02:37:00+00:00
187051809,jinan-telecom,wuhan-telecom,47.2677,0.0,icmp,1592707140,2020-06-21 02:39:00+00:00
187052016,jinan-telecom,wuhan-telecom,47.3885,0.0,icmp,1592707260,2020-06-21 02:41:00+00:00
187052243,jinan-telecom,wuhan-telecom,47.3932,0.0,icmp,1592707380,2020-06-21 02:43:00+00:00
187052482,jinan-telecom,wuhan-telecom,49.4671,0.0,icmp,1592707500,2020-06-21 02:45:00+00:00
187052712,jinan-telecom,wuhan-telecom,39.5482,0.0,icmp,1592707579,2020-06-21 02:46:19+00:00
187052926,jinan-telecom,wuhan-telecom,39.3927,0.0,icmp,1592707699,2020-06-21 02:48:19+00:00
187053164,jinan-telecom,wuhan-telecom,47.6763,0.0,icmp,1592707860,2020-06-21 02:51:00+00:00
187053385,jinan-telecom,wuhan-telecom,39.5063,0.0,icmp,1592707939,2020-06-21 02:52:19+00:00
187053641,jinan-telecom,wuhan-telecom,46.319,0.0,icmp,1592708100,2020-06-21 02:55:00+00:00
187053842,jinan-telecom,wuhan-telecom,39.5299,0.0,icmp,1592708179,2020-06-21 02:56:19+00:00
187054057,jinan-telecom,wuhan-telecom,47.7254,0.0,icmp,1592708340,2020-06-21 02:59:00+00:00
187054292,jinan-telecom,wuhan-telecom,46.4823,0.0,icmp,1592708460,2020-06-21 03:01:00+00:00
187054518,jinan-telecom,wuhan-telecom,39.3921,0.0,icmp,1592708539,2020-06-21 03:02:19+00:00
187054746,jinan-telecom,wuhan-telecom,47.3477,0.0,icmp,1592708700,2020-06-21 03:05:00+00:00
187055001,jinan-telecom,wuhan-telecom,47.5421,0.0,icmp,1592708820,2020-06-21 03:07:00+00:00
187055242,jinan-telecom,wuhan-telecom,46.0991,0.0,icmp,1592708940,2020-06-21 03:09:00+00:00
187055441,jinan-telecom,wuhan-telecom,39.3511,0.0,icmp,1592709019,2020-06-21 03:10:19+00:00
187055665,jinan-telecom,wuhan-telecom,44.8919,0.0,icmp,1592709180,2020-06-21 03:13:00+00:00
187055894,jinan-telecom,wuhan-telecom,46.6083,0.0,icmp,1592709300,2020-06-21 03:15:00+00:00
187056116,jinan-telecom,wuhan-telecom,47.837,0.0,icmp,1592709420,2020-06-21 03:17:00+00:00
187056359,jinan-telecom,wuhan-telecom,44.8106,0.0,icmp,1592709540,2020-06-21 03:19:00+00:00
187056586,jinan-telecom,wuhan-telecom,48.9999,0.0,icmp,1592709660,2020-06-21 03:21:00+00:00
187056817,jinan-telecom,wuhan-telecom,41.8218,0.0,icmp,1592709784,2020-06-21 03:23:04+00:00
187057026,jinan-telecom,wuhan-telecom,45.0863,0.0,icmp,1592709900,2020-06-21 03:25:00+00:00
187057268,jinan-telecom,wuhan-telecom,39.4565,0.0,icmp,1592710039,2020-06-21 03:27:19+00:00
187057480,jinan-telecom,wuhan-telecom,45.9473,0.0,icmp,1592710140,2020-06-21 03:29:00+00:00
187057719,jinan-telecom,wuhan-telecom,44.7856,0.0,icmp,1592710260,2020-06-21 03:31:00+00:00
187057963,jinan-telecom,wuhan-telecom,39.3576,0.0,icmp,1592710399,2020-06-21 03:33:19+00:00
187058192,jinan-telecom,wuhan-telecom,43.2902,0.0,icmp,1592710500,2020-06-21 03:35:00+00:00
187058400,jinan-telecom,wuhan-telecom,39.6719,0.0,icmp,1592710639,2020-06-21 03:37:19+00:00
187058635,jinan-telecom,wuhan-telecom,43.6578,0.0,icmp,1592710740,2020-06-21 03:39:00+00:00
187058861,jinan-telecom,wuhan-telecom,39.4141,0.0,icmp,1592710819,2020-06-21 03:40:19+00:00
187059086,jinan-telecom,wuhan-telecom,46.3808,0.0,icmp,1592710980,2020-06-21 03:43:00+00:00
187059321,jinan-telecom,wuhan-telecom,44.4541,0.0,icmp,1592711100,2020-06-21 03:45:00+00:00
187059547,jinan-telecom,wuhan-telecom,46.4744,0.0,icmp,1592711220,2020-06-21 03:47:00+00:00
187059771,jinan-telecom,wuhan-telecom,47.0049,0.0,icmp,1592711340,2020-06-21 03:49:00+00:00
187059998,jinan-telecom,wuhan-telecom,46.1507,0.0,icmp,1592711460,2020-06-21 03:51:00+00:00
187060234,jinan-telecom,wuhan-telecom,48.5174,0.0,icmp,1592711580,2020-06-21 03:53:00+00:00
187060472,jinan-telecom,wuhan-telecom,39.3402,0.0,icmp,1592711719,2020-06-21 03:55:19+00:00
187060696,jinan-telecom,wuhan-telecom,39.3505,0.0,icmp,1592711839,2020-06-21 03:57:19+00:00
187060922,jinan-telecom,wuhan-telecom,45.8203,0.0,icmp,1592711940,2020-06-21 03:59:00+00:00
187061168,jinan-telecom,wuhan-telecom,49.7235,0.0,icmp,1592712060,2020-06-21 04:01:00+00:00
187061365,jinan-telecom,wuhan-telecom,39.6076,0.0,icmp,1592712139,2020-06-21 04:02:19+00:00
187061610,jinan-telecom,wuhan-telecom,39.4915,0.0,icmp,1592712244,2020-06-21 04:04:04+00:00
187061831,jinan-telecom,wuhan-telecom,46.426,0.0,icmp,1592712420,2020-06-21 04:07:00+00:00
187062044,jinan-telecom,wuhan-telecom,43.6418,0.0,icmp,1592712540,2020-06-21 04:09:00+00:00
187062272,jinan-telecom,wuhan-telecom,46.6294,0.0,icmp,1592712660,2020-06-21 04:11:00+00:00
187062501,jinan-telecom,wuhan-telecom,47.1735,0.0,icmp,1592712780,2020-06-21 04:13:00+00:00
187062735,jinan-telecom,wuhan-telecom,40.9759,0.0,icmp,1592712900,2020-06-21 04:15:00+00:00
187062959,jinan-telecom,wuhan-telecom,44.396,0.0,icmp,1592713020,2020-06-21 04:17:00+00:00
187063208,jinan-telecom,wuhan-telecom,48.5283,0.0,icmp,1592713140,2020-06-21 04:19:00+00:00
187063435,jinan-telecom,wuhan-telecom,39.5399,0.0,icmp,1592713279,2020-06-21 04:21:19+00:00
187063661,jinan-telecom,wuhan-telecom,49.9328,0.0,icmp,1592713380,2020-06-21 04:23:00+00:00
187063879,jinan-telecom,wuhan-telecom,39.4025,0.0,icmp,1592713459,2020-06-21 04:24:19+00:00
187064095,jinan-telecom,wuhan-telecom,47.4136,0.0,icmp,1592713620,2020-06-21 04:27:00+00:00
187064349,jinan-telecom,wuhan-telecom,48.5625,0.0,icmp,1592713740,2020-06-21 04:29:00+00:00
187064563,jinan-telecom,wuhan-telecom,48.6489,0.0,icmp,1592713860,2020-06-21 04:31:00+00:00
187064791,jinan-telecom,wuhan-telecom,47.2601,0.0,icmp,1592713980,2020-06-21 04:33:00+00:00
187065002,jinan-telecom,wuhan-telecom,49.1703,0.0,icmp,1592714100,2020-06-21 04:35:00+00:00
187065244,jinan-telecom,wuhan-telecom,39.7263,0.0,icmp,1592714179,2020-06-21 04:36:19+00:00
187065465,jinan-telecom,wuhan-telecom,47.0475,0.0,icmp,1592714340,2020-06-21 04:39:00+00:00
187065715,jinan-telecom,wuhan-telecom,39.3469,0.0,icmp,1592714419,2020-06-21 04:40:19+00:00
187065923,jinan-telecom,wuhan-telecom,48.4442,0.0,icmp,1592714580,2020-06-21 04:43:00+00:00
187066167,jinan-telecom,wuhan-telecom,39.6244,0.0,icmp,1592714719,2020-06-21 04:45:19+00:00
187066383,jinan-telecom,wuhan-telecom,47.9793,0.0,icmp,1592714820,2020-06-21 04:47:00+00:00
187066606,jinan-telecom,wuhan-telecom,39.4391,0.0,icmp,1592714899,2020-06-21 04:48:19+00:00
187066852,jinan-telecom,wuhan-telecom,47.6379,0.0,icmp,1592715060,2020-06-21 04:51:00+00:00
187067075,jinan-telecom,wuhan-telecom,45.3817,0.0,icmp,1592715180,2020-06-21 04:53:00+00:00
187067298,jinan-telecom,wuhan-telecom,51.0549,0.0,icmp,1592715300,2020-06-21 04:55:00+00:00
187067530,jinan-telecom,wuhan-telecom,48.067,0.0,icmp,1592715420,2020-06-21 04:57:00+00:00
187067774,jinan-telecom,wuhan-telecom,39.3452,0.0,icmp,1592715499,2020-06-21 04:58:19+00:00
187067985,jinan-telecom,wuhan-telecom,39.4385,0.0,icmp,1592715619,2020-06-21 05:00:19+00:00
187068209,jinan-telecom,wuhan-telecom,39.683,0.0,icmp,1592715799,2020-06-21 05:03:19+00:00
187068427,jinan-telecom,wuhan-telecom,45.7353,0.0,icmp,1592715900,2020-06-21 05:05:00+00:00
187068658,jinan-telecom,wuhan-telecom,48.6692,0.0,icmp,1592716020,2020-06-21 05:07:00+00:00
187068909,jinan-telecom,wuhan-telecom,45.8623,0.0,icmp,1592716140,2020-06-21 05:09:00+00:00
187069123,jinan-telecom,wuhan-telecom,47.1955,0.0,icmp,1592716260,2020-06-21 05:11:00+00:00
187069350,jinan-telecom,wuhan-telecom,47.0586,0.0,icmp,1592716380,2020-06-21 05:13:00+00:00
187069574,jinan-telecom,wuhan-telecom,46.1995,0.0,icmp,1592716500,2020-06-21 05:15:00+00:00
187069794,jinan-telecom,wuhan-telecom,44.7804,0.0,icmp,1592716620,2020-06-21 05:17:00+00:00
187070027,jinan-telecom,wuhan-telecom,46.5792,0.0,icmp,1592716740,2020-06-21 05:19:00+00:00
187070241,jinan-telecom,wuhan-telecom,47.8507,0.0,icmp,1592716860,2020-06-21 05:21:00+00:00
187070483,jinan-telecom,wuhan-telecom,48.0423,0.0,icmp,1592716980,2020-06-21 05:23:00+00:00
187070722,jinan-telecom,wuhan-telecom,49.8126,0.0,icmp,1592717100,2020-06-21 05:25:00+00:00
187070936,jinan-telecom,wuhan-telecom,48.6392,0.0,icmp,1592717220,2020-06-21 05:27:00+00:00
187071184,jinan-telecom,wuhan-telecom,46.9979,0.0,icmp,1592717340,2020-06-21 05:29:00+00:00
187071403,jinan-telecom,wuhan-telecom,39.3777,0.0,icmp,1592717419,2020-06-21 05:30:19+00:00
187071624,jinan-telecom,wuhan-telecom,41.2582,0.0,icmp,1592717580,2020-06-21 05:33:00+00:00
187071854,jinan-telecom,wuhan-telecom,48.3753,0.0,icmp,1592717700,2020-06-21 05:35:00+00:00
187072096,jinan-telecom,wuhan-telecom,49.0704,0.0,icmp,1592717820,2020-06-21 05:37:00+00:00
187072315,jinan-telecom,wuhan-telecom,49.5204,0.0,icmp,1592717940,2020-06-21 05:39:00+00:00
187072533,jinan-telecom,wuhan-telecom,48.1618,0.0,icmp,1592718060,2020-06-21 05:41:00+00:00
187072763,jinan-telecom,wuhan-telecom,39.4252,0.0,icmp,1592718139,2020-06-21 05:42:19+00:00
187073011,jinan-telecom,wuhan-telecom,45.5781,0.0,icmp,1592718300,2020-06-21 05:45:00+00:00
187073237,jinan-telecom,wuhan-telecom,39.5463,0.0,icmp,1592718439,2020-06-21 05:47:19+00:00
187073444,jinan-telecom,wuhan-telecom,46.9087,0.0,icmp,1592718540,2020-06-21 05:49:00+00:00
187073670,jinan-telecom,wuhan-telecom,41.8902,0.0,icmp,1592718660,2020-06-21 05:51:00+00:00
187073902,jinan-telecom,wuhan-telecom,45.3562,0.0,icmp,1592718780,2020-06-21 05:53:00+00:00
187074129,jinan-telecom,wuhan-telecom,47.4482,0.0,icmp,1592718900,2020-06-21 05:55:00+00:00
187074394,jinan-telecom,wuhan-telecom,39.6901,0.0,icmp,1592719039,2020-06-21 05:57:19+00:00
187074605,jinan-telecom,wuhan-telecom,49.499,0.0,icmp,1592719140,2020-06-21 05:59:00+00:00
187074812,jinan-telecom,wuhan-telecom,46.294,0.0,icmp,1592719260,2020-06-21 06:01:00+00:00
187075053,jinan-telecom,wuhan-telecom,53.3984,0.0,icmp,1592719380,2020-06-21 06:03:00+00:00
187075278,jinan-telecom,wuhan-telecom,39.6777,0.0,icmp,1592719459,2020-06-21 06:04:19+00:00
187075516,jinan-telecom,wuhan-telecom,46.7005,0.0,icmp,1592719620,2020-06-21 06:07:00+00:00
187075742,jinan-telecom,wuhan-telecom,48.7108,0.0,icmp,1592719740,2020-06-21 06:09:00+00:00
187075964,jinan-telecom,wuhan-telecom,48.466,0.0,icmp,1592719860,2020-06-21 06:11:00+00:00
187076188,jinan-telecom,wuhan-telecom,39.4683,0.0,icmp,1592719999,2020-06-21 06:13:19+00:00
187076413,jinan-telecom,wuhan-telecom,39.3581,0.0,icmp,1592720119,2020-06-21 06:15:19+00:00
187076653,jinan-telecom,wuhan-telecom,39.394,0.0,icmp,1592720239,2020-06-21 06:17:19+00:00
187076859,jinan-telecom,wuhan-telecom,47.8647,0.0,icmp,1592720340,2020-06-21 06:19:00+00:00
187077089,jinan-telecom,wuhan-telecom,48.2501,0.0,icmp,1592720460,2020-06-21 06:21:00+00:00
187077311,jinan-telecom,wuhan-telecom,50.9707,0.0,icmp,1592720580,2020-06-21 06:23:00+00:00
187077562,jinan-telecom,wuhan-telecom,47.3744,0.0,icmp,1592720700,2020-06-21 06:25:00+00:00
187077788,jinan-telecom,wuhan-telecom,47.5481,0.0,icmp,1592720820,2020-06-21 06:27:00+00:00
187078024,jinan-telecom,wuhan-telecom,46.1103,0.0,icmp,1592720940,2020-06-21 06:29:00+00:00
187078244,jinan-telecom,wuhan-telecom,48.113,0.0,icmp,1592721060,2020-06-21 06:31:00+00:00
187078472,jinan-telecom,wuhan-telecom,47.8764,0.0,icmp,1592721180,2020-06-21 06:33:00+00:00
187078712,jinan-telecom,wuhan-telecom,48.8336,0.0,icmp,1592721300,2020-06-21 06:35:00+00:00
187078958,jinan-telecom,wuhan-telecom,48.5744,0.0,icmp,1592721420,2020-06-21 06:37:00+00:00
187079165,jinan-telecom,wuhan-telecom,40.6267,0.0,icmp,1592721485,2020-06-21 06:38:05+00:00
187079410,jinan-telecom,wuhan-telecom,48.5505,0.0,icmp,1592721660,2020-06-21 06:41:00+00:00
187079605,jinan-telecom,wuhan-telecom,49.1656,0.0,icmp,1592721780,2020-06-21 06:43:00+00:00
187079836,jinan-telecom,wuhan-telecom,48.5574,0.0,icmp,1592721900,2020-06-21 06:45:00+00:00
187080070,jinan-telecom,wuhan-telecom,39.3961,0.0,icmp,1592722039,2020-06-21 06:47:19+00:00
187080284,jinan-telecom,wuhan-telecom,44.0922,0.0,icmp,1592722140,2020-06-21 06:49:00+00:00
187080513,jinan-telecom,wuhan-telecom,46.2211,0.0,icmp,1592722260,2020-06-21 06:51:00+00:00
187080759,jinan-telecom,wuhan-telecom,45.5244,0.0,icmp,1592722380,2020-06-21 06:53:00+00:00
187080985,jinan-telecom,wuhan-telecom,39.5069,0.0,icmp,1592722519,2020-06-21 06:55:19+00:00
187081209,jinan-telecom,wuhan-telecom,46.2089,0.0,icmp,1592722620,2020-06-21 06:57:00+00:00
187081437,jinan-telecom,wuhan-telecom,49.0168,0.0,icmp,1592722740,2020-06-21 06:59:00+00:00
187081687,jinan-telecom,wuhan-telecom,47.3409,0.0,icmp,1592722860,2020-06-21 07:01:00+00:00
187081895,jinan-telecom,wuhan-telecom,39.4899,0.0,icmp,1592722939,2020-06-21 07:02:19+00:00
187082126,jinan-telecom,wuhan-telecom,46.0362,0.0,icmp,1592723100,2020-06-21 07:05:00+00:00
187082347,jinan-telecom,wuhan-telecom,47.1372,0.0,icmp,1592723220,2020-06-21 07:07:00+00:00
187082566,jinan-telecom,wuhan-telecom,48.9118,0.0,icmp,1592723340,2020-06-21 07:09:00+00:00
187082811,jinan-telecom,wuhan-telecom,44.9111,0.0,icmp,1592723460,2020-06-21 07:11:00+00:00
187083074,jinan-telecom,wuhan-telecom,39.422,0.0,icmp,1592723599,2020-06-21 07:13:19+00:00
187083246,jinan-telecom,wuhan-telecom,39.6541,0.0,icmp,1592723719,2020-06-21 07:15:19+00:00
187083494,jinan-telecom,wuhan-telecom,51.7119,0.0,icmp,1592723820,2020-06-21 07:17:00+00:00
187083709,jinan-telecom,wuhan-telecom,44.793,0.0,icmp,1592723940,2020-06-21 07:19:00+00:00
187083932,jinan-telecom,wuhan-telecom,39.33,0.0,icmp,1592724079,2020-06-21 07:21:19+00:00
187084162,jinan-telecom,wuhan-telecom,49.0271,0.0,icmp,1592724180,2020-06-21 07:23:00+00:00
187084386,jinan-telecom,wuhan-telecom,41.4177,0.0,icmp,1592724305,2020-06-21 07:25:05+00:00
187084613,jinan-telecom,wuhan-telecom,40.0445,0.0,icmp,1592724420,2020-06-21 07:27:00+00:00
187084847,jinan-telecom,wuhan-telecom,47.2869,0.0,icmp,1592724540,2020-06-21 07:29:00+00:00
187085084,jinan-telecom,wuhan-telecom,46.9955,0.0,icmp,1592724660,2020-06-21 07:31:00+00:00
187085300,jinan-telecom,wuhan-telecom,39.7113,0.0,icmp,1592724799,2020-06-21 07:33:19+00:00
187085533,jinan-telecom,wuhan-telecom,50.6112,0.0,icmp,1592724900,2020-06-21 07:35:00+00:00
187085764,jinan-telecom,wuhan-telecom,47.9759,0.0,icmp,1592725020,2020-06-21 07:37:00+00:00
187086005,jinan-telecom,wuhan-telecom,47.7362,0.0,icmp,1592725140,2020-06-21 07:39:00+00:00
187086230,jinan-telecom,wuhan-telecom,39.5084,0.0,icmp,1592725219,2020-06-21 07:40:19+00:00
187086438,jinan-telecom,wuhan-telecom,45.4329,0.0,icmp,1592725380,2020-06-21 07:43:00+00:00
187086684,jinan-telecom,wuhan-telecom,48.1249,0.0,icmp,1592725500,2020-06-21 07:45:00+00:00
187086911,jinan-telecom,wuhan-telecom,46.7094,0.0,icmp,1592725620,2020-06-21 07:47:00+00:00
187087132,jinan-telecom,wuhan-telecom,46.3598,0.0,icmp,1592725740,2020-06-21 07:49:00+00:00
187087347,jinan-telecom,wuhan-telecom,41.233,0.0,icmp,1592725860,2020-06-21 07:51:00+00:00
187087578,jinan-telecom,wuhan-telecom,46.8725,0.0,icmp,1592725980,2020-06-21 07:53:00+00:00
187087820,jinan-telecom,wuhan-telecom,48.6471,0.0,icmp,1592726100,2020-06-21 07:55:00+00:00
187088048,jinan-telecom,wuhan-telecom,49.4512,0.0,icmp,1592726220,2020-06-21 07:57:00+00:00
187088272,jinan-telecom,wuhan-telecom,39.443,0.0,icmp,1592726285,2020-06-21 07:58:05+00:00
187088498,jinan-telecom,wuhan-telecom,46.8152,0.0,icmp,1592726460,2020-06-21 08:01:00+00:00
187088726,jinan-telecom,wuhan-telecom,46.4988,0.0,icmp,1592726580,2020-06-21 08:03:00+00:00
187088944,jinan-telecom,wuhan-telecom,46.1032,0.0,icmp,1592726700,2020-06-21 08:05:00+00:00
187089188,jinan-telecom,wuhan-telecom,41.4001,0.0,icmp,1592726764,2020-06-21 08:06:04+00:00
187089416,jinan-telecom,wuhan-telecom,42.7884,0.0,icmp,1592726940,2020-06-21 08:09:00+00:00
187089635,jinan-telecom,wuhan-telecom,46.6474,0.0,icmp,1592727060,2020-06-21 08:11:00+00:00
187089876,jinan-telecom,wuhan-telecom,48.7384,0.0,icmp,1592727180,2020-06-21 08:13:00+00:00
187090107,jinan-telecom,wuhan-telecom,41.4228,0.0,icmp,1592727300,2020-06-21 08:15:00+00:00
187090319,jinan-telecom,wuhan-telecom,45.4822,0.0,icmp,1592727420,2020-06-21 08:17:00+00:00
187090567,jinan-telecom,wuhan-telecom,47.8283,0.0,icmp,1592727540,2020-06-21 08:19:00+00:00
187090778,jinan-telecom,wuhan-telecom,48.7572,0.0,icmp,1592727660,2020-06-21 08:21:00+00:00
187090993,jinan-telecom,wuhan-telecom,48.4617,0.0,icmp,1592727780,2020-06-21 08:23:00+00:00
187091227,jinan-telecom,wuhan-telecom,47.0134,0.0,icmp,1592727900,2020-06-21 08:25:00+00:00
187091458,jinan-telecom,wuhan-telecom,46.8878,0.0,icmp,1592728020,2020-06-21 08:27:00+00:00
187091689,jinan-telecom,wuhan-telecom,51.3979,0.0,icmp,1592728140,2020-06-21 08:29:00+00:00
187091908,jinan-telecom,wuhan-telecom,45.3356,0.0,icmp,1592728260,2020-06-21 08:31:00+00:00
187092159,jinan-telecom,wuhan-telecom,39.3741,0.0,icmp,1592728399,2020-06-21 08:33:19+00:00
187092370,jinan-telecom,wuhan-telecom,39.3861,0.0,icmp,1592728519,2020-06-21 08:35:19+00:00
187092599,jinan-telecom,wuhan-telecom,48.0649,0.0,icmp,1592728620,2020-06-21 08:37:00+00:00
187092841,jinan-telecom,wuhan-telecom,50.7675,0.0,icmp,1592728740,2020-06-21 08:39:00+00:00
187093071,jinan-telecom,wuhan-telecom,46.6684,0.0,icmp,1592728860,2020-06-21 08:41:00+00:00
187093291,jinan-telecom,wuhan-telecom,40.1121,0.0,icmp,1592728980,2020-06-21 08:43:00+00:00
187093510,jinan-telecom,wuhan-telecom,49.193,0.0,icmp,1592729100,2020-06-21 08:45:00+00:00
187093748,jinan-telecom,wuhan-telecom,39.4477,0.0,icmp,1592729224,2020-06-21 08:47:04+00:00
187093982,jinan-telecom,wuhan-telecom,47.5646,0.0,icmp,1592729340,2020-06-21 08:49:00+00:00
187094194,jinan-telecom,wuhan-telecom,39.3405,0.0,icmp,1592729479,2020-06-21 08:51:19+00:00
187094422,jinan-telecom,wuhan-telecom,48.8991,0.0,icmp,1592729580,2020-06-21 08:53:00+00:00
187094670,jinan-telecom,wuhan-telecom,48.8945,0.0,icmp,1592729700,2020-06-21 08:55:00+00:00
187094898,jinan-telecom,wuhan-telecom,39.4705,0.0,icmp,1592729839,2020-06-21 08:57:19+00:00
187095109,jinan-telecom,wuhan-telecom,39.3793,0.0,icmp,1592729959,2020-06-21 08:59:19+00:00
187095337,jinan-telecom,wuhan-telecom,48.5272,0.0,icmp,1592730060,2020-06-21 09:01:00+00:00
187095568,jinan-telecom,wuhan-telecom,39.3489,0.0,icmp,1592730199,2020-06-21 09:03:19+00:00
187095789,jinan-telecom,wuhan-telecom,46.0153,0.0,icmp,1592730300,2020-06-21 09:05:00+00:00
187096017,jinan-telecom,wuhan-telecom,48.1579,0.0,icmp,1592730364,2020-06-21 09:06:04+00:00
187096250,jinan-telecom,wuhan-telecom,48.1571,0.0,icmp,1592730540,2020-06-21 09:09:00+00:00
187096477,jinan-telecom,wuhan-telecom,46.7824,0.0,icmp,1592730660,2020-06-21 09:11:00+00:00
187096720,jinan-telecom,wuhan-telecom,39.4378,0.0,icmp,1592730739,2020-06-21 09:12:19+00:00
187096932,jinan-telecom,wuhan-telecom,49.356,0.0,icmp,1592730900,2020-06-21 09:15:00+00:00
187097156,jinan-telecom,wuhan-telecom,51.0313,0.0,icmp,1592731020,2020-06-21 09:17:00+00:00
187097373,jinan-telecom,wuhan-telecom,39.4435,0.0,icmp,1592731159,2020-06-21 09:19:19+00:00
187097622,jinan-telecom,wuhan-telecom,39.3636,0.0,icmp,1592731279,2020-06-21 09:21:19+00:00
187097851,jinan-telecom,wuhan-telecom,47.7066,0.0,icmp,1592731380,2020-06-21 09:23:00+00:00
187098072,jinan-telecom,wuhan-telecom,47.4274,0.0,icmp,1592731500,2020-06-21 09:25:00+00:00
187098321,jinan-telecom,wuhan-telecom,49.3349,0.0,icmp,1592731620,2020-06-21 09:27:00+00:00
187098520,jinan-telecom,wuhan-telecom,47.438,0.0,icmp,1592731740,2020-06-21 09:29:00+00:00
187098763,jinan-telecom,wuhan-telecom,48.7079,0.0,icmp,1592731860,2020-06-21 09:31:00+00:00
187098984,jinan-telecom,wuhan-telecom,47.2974,0.0,icmp,1592731980,2020-06-21 09:33:00+00:00
187099230,jinan-telecom,wuhan-telecom,46.8212,0.0,icmp,1592732100,2020-06-21 09:35:00+00:00
187099456,jinan-telecom,wuhan-telecom,39.7143,0.0,icmp,1592732179,2020-06-21 09:36:19+00:00
187099668,jinan-telecom,wuhan-telecom,47.6033,0.0,icmp,1592732340,2020-06-21 09:39:00+00:00
187099903,jinan-telecom,wuhan-telecom,47.7537,0.0,icmp,1592732460,2020-06-21 09:41:00+00:00
187100133,jinan-telecom,wuhan-telecom,39.6327,0.0,icmp,1592732580,2020-06-21 09:43:00+00:00
187100353,jinan-telecom,wuhan-telecom,48.4173,0.0,icmp,1592732700,2020-06-21 09:45:00+00:00
187100584,jinan-telecom,wuhan-telecom,49.5648,0.0,icmp,1592732820,2020-06-21 09:47:00+00:00
187100818,jinan-telecom,wuhan-telecom,47.6991,0.0,icmp,1592732940,2020-06-21 09:49:00+00:00
187101040,jinan-telecom,wuhan-telecom,46.7488,0.0,icmp,1592733060,2020-06-21 09:51:00+00:00
187101260,jinan-telecom,wuhan-telecom,49.0638,0.0,icmp,1592733180,2020-06-21 09:53:00+00:00
187101486,jinan-telecom,wuhan-telecom,39.4489,0.0,icmp,1592733259,2020-06-21 09:54:19+00:00
187101710,jinan-telecom,wuhan-telecom,39.3547,0.0,icmp,1592733439,2020-06-21 09:57:19+00:00
187101956,jinan-telecom,wuhan-telecom,39.4002,0.0,icmp,1592733559,2020-06-21 09:59:19+00:00
187102195,jinan-telecom,wuhan-telecom,46.6964,0.0,icmp,1592733660,2020-06-21 10:01:00+00:00
187102401,jinan-telecom,wuhan-telecom,50.5725,0.0,icmp,1592733780,2020-06-21 10:03:00+00:00
187102636,jinan-telecom,wuhan-telecom,42.7286,0.0,icmp,1592733900,2020-06-21 10:05:00+00:00
187102852,jinan-telecom,wuhan-telecom,47.8693,0.0,icmp,1592734020,2020-06-21 10:07:00+00:00
187103094,jinan-telecom,wuhan-telecom,48.7114,0.0,icmp,1592734140,2020-06-21 10:09:00+00:00
187103315,jinan-telecom,wuhan-telecom,48.343,0.0,icmp,1592734260,2020-06-21 10:11:00+00:00
187103548,jinan-telecom,wuhan-telecom,46.6808,0.0,icmp,1592734380,2020-06-21 10:13:00+00:00
187103766,jinan-telecom,wuhan-telecom,48.3664,0.0,icmp,1592734500,2020-06-21 10:15:00+00:00
188163144,jinan-telecom,wuhan-telecom,50.3527,0.0,icmp,1592424840,2020-06-17 20:14:00+00:00
188163363,jinan-telecom,wuhan-telecom,47.5714,0.0,icmp,1592424960,2020-06-17 20:16:00+00:00
188163591,jinan-telecom,wuhan-telecom,47.126,0.0,icmp,1592425080,2020-06-17 20:18:00+00:00
188163827,jinan-telecom,wuhan-telecom,39.4212,0.0,icmp,1592425219,2020-06-17 20:20:19+00:00
188164046,jinan-telecom,wuhan-telecom,45.2534,0.0,icmp,1592425320,2020-06-17 20:22:00+00:00
188164290,jinan-telecom,wuhan-telecom,45.7041,0.0,icmp,1592425440,2020-06-17 20:24:00+00:00
188164512,jinan-telecom,wuhan-telecom,45.9342,0.0,icmp,1592425560,2020-06-17 20:26:00+00:00
188164757,jinan-telecom,wuhan-telecom,45.1677,0.0,icmp,1592425680,2020-06-17 20:28:00+00:00
188164984,jinan-telecom,wuhan-telecom,46.4584,0.0,icmp,1592425800,2020-06-17 20:30:00+00:00
188165198,jinan-telecom,wuhan-telecom,48.7943,0.0,icmp,1592425920,2020-06-17 20:32:00+00:00
188165423,jinan-telecom,wuhan-telecom,47.3512,0.0,icmp,1592426040,2020-06-17 20:34:00+00:00
188165675,jinan-telecom,wuhan-telecom,49.6757,0.0,icmp,1592426160,2020-06-17 20:36:00+00:00
188165877,jinan-telecom,wuhan-telecom,39.3873,0.0,icmp,1592426299,2020-06-17 20:38:19+00:00
188166131,jinan-telecom,wuhan-telecom,39.4609,0.0,icmp,1592426419,2020-06-17 20:40:19+00:00
188166364,jinan-telecom,wuhan-telecom,44.5075,0.0,icmp,1592426520,2020-06-17 20:42:00+00:00
188166572,jinan-telecom,wuhan-telecom,47.8348,0.0,icmp,1592426640,2020-06-17 20:44:00+00:00
188166801,jinan-telecom,wuhan-telecom,48.2285,0.0,icmp,1592426760,2020-06-17 20:46:00+00:00
188167021,jinan-telecom,wuhan-telecom,46.1517,0.0,icmp,1592426880,2020-06-17 20:48:00+00:00
188167266,jinan-telecom,wuhan-telecom,47.2005,0.0,icmp,1592427000,2020-06-17 20:50:00+00:00
188167492,jinan-telecom,wuhan-telecom,39.4966,0.0,icmp,1592427139,2020-06-17 20:52:19+00:00
188167713,jinan-telecom,wuhan-telecom,47.5459,0.0,icmp,1592427240,2020-06-17 20:54:00+00:00
188167954,jinan-telecom,wuhan-telecom,39.5388,0.0,icmp,1592427319,2020-06-17 20:55:19+00:00
188168179,jinan-telecom,wuhan-telecom,39.3411,0.0,icmp,1592427439,2020-06-17 20:57:19+00:00
188168419,jinan-telecom,wuhan-telecom,47.1255,0.0,icmp,1592427600,2020-06-17 21:00:00+00:00
188168634,jinan-telecom,wuhan-telecom,46.4232,0.0,icmp,1592427720,2020-06-17 21:02:00+00:00
188168881,jinan-telecom,wuhan-telecom,43.8994,0.0,icmp,1592427840,2020-06-17 21:04:00+00:00
188169102,jinan-telecom,wuhan-telecom,49.76,0.0,icmp,1592427960,2020-06-17 21:06:00+00:00
188169317,jinan-telecom,wuhan-telecom,49.014,0.0,icmp,1592428080,2020-06-17 21:08:00+00:00
188169567,jinan-telecom,wuhan-telecom,46.5377,0.0,icmp,1592428200,2020-06-17 21:10:00+00:00
188169784,jinan-telecom,wuhan-telecom,46.6671,0.0,icmp,1592428320,2020-06-17 21:12:00+00:00
188170003,jinan-telecom,wuhan-telecom,39.4024,0.0,icmp,1592428459,2020-06-17 21:14:19+00:00
188170217,jinan-telecom,wuhan-telecom,47.1904,0.0,icmp,1592428560,2020-06-17 21:16:00+00:00
188170468,jinan-telecom,wuhan-telecom,44.8331,0.0,icmp,1592428680,2020-06-17 21:18:00+00:00
188170714,jinan-telecom,wuhan-telecom,39.3578,0.0,icmp,1592428819,2020-06-17 21:20:19+00:00
188170947,jinan-telecom,wuhan-telecom,45.237,0.0,icmp,1592428920,2020-06-17 21:22:00+00:00
188171160,jinan-telecom,wuhan-telecom,51.3644,0.0,icmp,1592429040,2020-06-17 21:24:00+00:00
188171376,jinan-telecom,wuhan-telecom,39.3428,0.0,icmp,1592429119,2020-06-17 21:25:19+00:00
188171613,jinan-telecom,wuhan-telecom,39.3263,0.0,icmp,1592429299,2020-06-17 21:28:19+00:00
188171846,jinan-telecom,wuhan-telecom,42.211,0.0,icmp,1592429400,2020-06-17 21:30:00+00:00
188172066,jinan-telecom,wuhan-telecom,48.88,0.0,icmp,1592429520,2020-06-17 21:32:00+00:00
188172299,jinan-telecom,wuhan-telecom,39.4326,0.0,icmp,1592429659,2020-06-17 21:34:19+00:00
188172523,jinan-telecom,wuhan-telecom,39.351,0.0,icmp,1592429779,2020-06-17 21:36:19+00:00
188172764,jinan-telecom,wuhan-telecom,48.4103,0.0,icmp,1592429880,2020-06-17 21:38:00+00:00
188172981,jinan-telecom,wuhan-telecom,49.9968,0.0,icmp,1592430000,2020-06-17 21:40:00+00:00
188173206,jinan-telecom,wuhan-telecom,39.5849,0.0,icmp,1592430139,2020-06-17 21:42:19+00:00
188173433,jinan-telecom,wuhan-telecom,46.0927,0.0,icmp,1592430240,2020-06-17 21:44:00+00:00
188173672,jinan-telecom,wuhan-telecom,39.6515,0.0,icmp,1592430379,2020-06-17 21:46:19+00:00
188173907,jinan-telecom,wuhan-telecom,48.1321,0.0,icmp,1592430480,2020-06-17 21:48:00+00:00
188174125,jinan-telecom,wuhan-telecom,39.4869,0.0,icmp,1592430544,2020-06-17 21:49:04+00:00
188174369,jinan-telecom,wuhan-telecom,39.3847,0.0,icmp,1592430739,2020-06-17 21:52:19+00:00
188174576,jinan-telecom,wuhan-telecom,47.2397,0.0,icmp,1592430840,2020-06-17 21:54:00+00:00
188174815,jinan-telecom,wuhan-telecom,39.413,0.0,icmp,1592430979,2020-06-17 21:56:19+00:00
188175049,jinan-telecom,wuhan-telecom,39.3951,0.0,icmp,1592431099,2020-06-17 21:58:19+00:00
188175266,jinan-telecom,wuhan-telecom,39.5182,0.0,icmp,1592431219,2020-06-17 22:00:19+00:00
188175514,jinan-telecom,wuhan-telecom,46.3706,0.0,icmp,1592431320,2020-06-17 22:02:00+00:00
188175729,jinan-telecom,wuhan-telecom,39.5598,0.0,icmp,1592431459,2020-06-17 22:04:19+00:00
188175950,jinan-telecom,wuhan-telecom,45.6937,0.0,icmp,1592431560,2020-06-17 22:06:00+00:00
188176195,jinan-telecom,wuhan-telecom,39.4759,0.0,icmp,1592431639,2020-06-17 22:07:19+00:00
188176418,jinan-telecom,wuhan-telecom,39.7034,0.0,icmp,1592431759,2020-06-17 22:09:19+00:00
188176643,jinan-telecom,wuhan-telecom,39.4002,0.0,icmp,1592431879,2020-06-17 22:11:19+00:00
188176886,jinan-telecom,wuhan-telecom,39.5389,0.0,icmp,1592432059,2020-06-17 22:14:19+00:00
188177099,jinan-telecom,wuhan-telecom,45.902,0.0,icmp,1592432160,2020-06-17 22:16:00+00:00
188177355,jinan-telecom,wuhan-telecom,48.0283,0.0,icmp,1592432280,2020-06-17 22:18:00+00:00
188177552,jinan-telecom,wuhan-telecom,49.0985,0.0,icmp,1592432400,2020-06-17 22:20:00+00:00
188177789,jinan-telecom,wuhan-telecom,48.0678,0.0,icmp,1592432520,2020-06-17 22:22:00+00:00
188178028,jinan-telecom,wuhan-telecom,47.4728,0.0,icmp,1592432640,2020-06-17 22:24:00+00:00
188178257,jinan-telecom,wuhan-telecom,46.0475,0.0,icmp,1592432760,2020-06-17 22:26:00+00:00
188178480,jinan-telecom,wuhan-telecom,48.7393,0.0,icmp,1592432880,2020-06-17 22:28:00+00:00
188178729,jinan-telecom,wuhan-telecom,39.546,0.0,icmp,1592433019,2020-06-17 22:30:19+00:00
188178951,jinan-telecom,wuhan-telecom,47.029,0.0,icmp,1592433120,2020-06-17 22:32:00+00:00
188179177,jinan-telecom,wuhan-telecom,39.5875,0.0,icmp,1592433199,2020-06-17 22:33:19+00:00
188179425,jinan-telecom,wuhan-telecom,46.5832,0.0,icmp,1592433360,2020-06-17 22:36:00+00:00
188179622,jinan-telecom,wuhan-telecom,47.5578,0.0,icmp,1592433480,2020-06-17 22:38:00+00:00
188179847,jinan-telecom,wuhan-telecom,45.4318,0.0,icmp,1592433600,2020-06-17 22:40:00+00:00
188180086,jinan-telecom,wuhan-telecom,47.3958,0.0,icmp,1592433720,2020-06-17 22:42:00+00:00
188180311,jinan-telecom,wuhan-telecom,45.6509,0.0,icmp,1592433840,2020-06-17 22:44:00+00:00
188180559,jinan-telecom,wuhan-telecom,47.3396,0.0,icmp,1592433960,2020-06-17 22:46:00+00:00
188180775,jinan-telecom,wuhan-telecom,49.3747,0.0,icmp,1592434080,2020-06-17 22:48:00+00:00
188180999,jinan-telecom,wuhan-telecom,39.3858,0.0,icmp,1592434159,2020-06-17 22:49:19+00:00
188181227,jinan-telecom,wuhan-telecom,39.6114,0.0,icmp,1592434339,2020-06-17 22:52:19+00:00
188181467,jinan-telecom,wuhan-telecom,45.0592,0.0,icmp,1592434440,2020-06-17 22:54:00+00:00
188181688,jinan-telecom,wuhan-telecom,46.4725,0.0,icmp,1592434560,2020-06-17 22:56:00+00:00
188181922,jinan-telecom,wuhan-telecom,39.4281,0.0,icmp,1592434699,2020-06-17 22:58:19+00:00
188182136,jinan-telecom,wuhan-telecom,46.9827,0.0,icmp,1592434800,2020-06-17 23:00:00+00:00
188182375,jinan-telecom,wuhan-telecom,49.3009,0.0,icmp,1592434920,2020-06-17 23:02:00+00:00
188182607,jinan-telecom,wuhan-telecom,46.7773,0.0,icmp,1592435040,2020-06-17 23:04:00+00:00
188182831,jinan-telecom,wuhan-telecom,42.5446,0.0,icmp,1592435160,2020-06-17 23:06:00+00:00
188183066,jinan-telecom,wuhan-telecom,47.8806,0.0,icmp,1592435280,2020-06-17 23:08:00+00:00
188183289,jinan-telecom,wuhan-telecom,48.4525,0.0,icmp,1592435400,2020-06-17 23:10:00+00:00
188183522,jinan-telecom,wuhan-telecom,46.3155,0.0,icmp,1592435520,2020-06-17 23:12:00+00:00
188183746,jinan-telecom,wuhan-telecom,48.622,0.0,icmp,1592435640,2020-06-17 23:14:00+00:00
188183996,jinan-telecom,wuhan-telecom,39.4495,0.0,icmp,1592435779,2020-06-17 23:16:19+00:00
188184198,jinan-telecom,wuhan-telecom,45.8871,0.0,icmp,1592435880,2020-06-17 23:18:00+00:00
188184435,jinan-telecom,wuhan-telecom,49.1086,0.0,icmp,1592436000,2020-06-17 23:20:00+00:00
188184682,jinan-telecom,wuhan-telecom,46.779,0.0,icmp,1592436120,2020-06-17 23:22:00+00:00
188184898,jinan-telecom,wuhan-telecom,39.4189,0.0,icmp,1592436259,2020-06-17 23:24:19+00:00
188185119,jinan-telecom,wuhan-telecom,39.4822,0.0,icmp,1592436360,2020-06-17 23:26:00+00:00
188185359,jinan-telecom,wuhan-telecom,50.8443,0.0,icmp,1592436480,2020-06-17 23:28:00+00:00
188185581,jinan-telecom,wuhan-telecom,39.5493,0.0,icmp,1592436619,2020-06-17 23:30:19+00:00
188185804,jinan-telecom,wuhan-telecom,45.5286,0.0,icmp,1592436720,2020-06-17 23:32:00+00:00
188186066,jinan-telecom,wuhan-telecom,47.7916,0.0,icmp,1592436840,2020-06-17 23:34:00+00:00
188186276,jinan-telecom,wuhan-telecom,42.4584,0.0,icmp,1592436960,2020-06-17 23:36:00+00:00
188186486,jinan-telecom,wuhan-telecom,39.466,0.0,icmp,1592437039,2020-06-17 23:37:19+00:00
188186729,jinan-telecom,wuhan-telecom,39.4413,0.0,icmp,1592437219,2020-06-17 23:40:19+00:00
188186957,jinan-telecom,wuhan-telecom,45.6683,0.0,icmp,1592437320,2020-06-17 23:42:00+00:00
188187186,jinan-telecom,wuhan-telecom,47.2569,0.0,icmp,1592437440,2020-06-17 23:44:00+00:00
188187416,jinan-telecom,wuhan-telecom,39.4859,0.0,icmp,1592437579,2020-06-17 23:46:19+00:00
188187654,jinan-telecom,wuhan-telecom,46.5026,0.0,icmp,1592437680,2020-06-17 23:48:00+00:00
188187864,jinan-telecom,wuhan-telecom,46.7098,0.0,icmp,1592437800,2020-06-17 23:50:00+00:00
188188111,jinan-telecom,wuhan-telecom,46.2206,0.0,icmp,1592437920,2020-06-17 23:52:00+00:00
188188345,jinan-telecom,wuhan-telecom,47.595,0.0,icmp,1592438040,2020-06-17 23:54:00+00:00
188188568,jinan-telecom,wuhan-telecom,39.5238,0.0,icmp,1592438119,2020-06-17 23:55:19+00:00
188188789,jinan-telecom,wuhan-telecom,47.1292,0.0,icmp,1592438280,2020-06-17 23:58:00+00:00
188189015,jinan-telecom,wuhan-telecom,46.6069,0.0,icmp,1592438400,2020-06-18 00:00:00+00:00
188189246,jinan-telecom,wuhan-telecom,46.0475,0.0,icmp,1592438520,2020-06-18 00:02:00+00:00
188189468,jinan-telecom,wuhan-telecom,50.3198,0.0,icmp,1592438640,2020-06-18 00:04:00+00:00
188189699,jinan-telecom,wuhan-telecom,47.8515,0.0,icmp,1592438760,2020-06-18 00:06:00+00:00
188189935,jinan-telecom,wuhan-telecom,46.8443,0.0,icmp,1592438880,2020-06-18 00:08:00+00:00
188190161,jinan-telecom,wuhan-telecom,47.081,0.0,icmp,1592439000,2020-06-18 00:10:00+00:00
188190382,jinan-telecom,wuhan-telecom,47.5077,0.0,icmp,1592439120,2020-06-18 00:12:00+00:00
188190606,jinan-telecom,wuhan-telecom,39.51,0.0,icmp,1592439259,2020-06-18 00:14:19+00:00
188190832,jinan-telecom,wuhan-telecom,47.5653,0.0,icmp,1592439360,2020-06-18 00:16:00+00:00
188191079,jinan-telecom,wuhan-telecom,46.7231,0.0,icmp,1592439480,2020-06-18 00:18:00+00:00
188191321,jinan-telecom,wuhan-telecom,46.6145,0.0,icmp,1592439600,2020-06-18 00:20:00+00:00
188191551,jinan-telecom,wuhan-telecom,39.368,0.0,icmp,1592439679,2020-06-18 00:21:19+00:00
188191755,jinan-telecom,wuhan-telecom,39.3896,0.0,icmp,1592439859,2020-06-18 00:24:19+00:00
188191998,jinan-telecom,wuhan-telecom,46.5814,0.0,icmp,1592439960,2020-06-18 00:26:00+00:00
188192214,jinan-telecom,wuhan-telecom,48.9014,0.0,icmp,1592440080,2020-06-18 00:28:00+00:00
188192454,jinan-telecom,wuhan-telecom,45.4283,0.0,icmp,1592440200,2020-06-18 00:30:00+00:00
188192675,jinan-telecom,wuhan-telecom,39.726,0.0,icmp,1592440339,2020-06-18 00:32:19+00:00
188192929,jinan-telecom,wuhan-telecom,47.8217,0.0,icmp,1592440440,2020-06-18 00:34:00+00:00
188193134,jinan-telecom,wuhan-telecom,46.7051,0.0,icmp,1592440560,2020-06-18 00:36:00+00:00
188193369,jinan-telecom,wuhan-telecom,46.464,0.0,icmp,1592440680,2020-06-18 00:38:00+00:00
188193610,jinan-telecom,wuhan-telecom,39.467,0.0,icmp,1592440804,2020-06-18 00:40:04+00:00
188193812,jinan-telecom,wuhan-telecom,40.4748,0.0,icmp,1592440920,2020-06-18 00:42:00+00:00
188194065,jinan-telecom,wuhan-telecom,46.3451,0.0,icmp,1592441040,2020-06-18 00:44:00+00:00
188194284,jinan-telecom,wuhan-telecom,46.7511,0.0,icmp,1592441160,2020-06-18 00:46:00+00:00
188194509,jinan-telecom,wuhan-telecom,45.8855,0.0,icmp,1592441280,2020-06-18 00:48:00+00:00
188194750,jinan-telecom,wuhan-telecom,46.3471,0.0,icmp,1592441400,2020-06-18 00:50:00+00:00
188194977,jinan-telecom,wuhan-telecom,39.3977,0.0,icmp,1592441479,2020-06-18 00:51:19+00:00
188195190,jinan-telecom,wuhan-telecom,39.519,0.0,icmp,1592441585,2020-06-18 00:53:05+00:00
188195439,jinan-telecom,wuhan-telecom,46.3355,0.0,icmp,1592441760,2020-06-18 00:56:00+00:00
188195663,jinan-telecom,wuhan-telecom,48.7629,0.0,icmp,1592441880,2020-06-18 00:58:00+00:00
188195904,jinan-telecom,wuhan-telecom,46.8538,0.0,icmp,1592442000,2020-06-18 01:00:00+00:00
188196118,jinan-telecom,wuhan-telecom,45.7898,0.0,icmp,1592442120,2020-06-18 01:02:00+00:00
188196342,jinan-telecom,wuhan-telecom,39.4489,0.0,icmp,1592442199,2020-06-18 01:03:19+00:00
188196583,jinan-telecom,wuhan-telecom,47.1916,0.0,icmp,1592442360,2020-06-18 01:06:00+00:00
188196804,jinan-telecom,wuhan-telecom,46.1409,0.0,icmp,1592442480,2020-06-18 01:08:00+00:00
188197037,jinan-telecom,wuhan-telecom,47.2114,0.0,icmp,1592442600,2020-06-18 01:10:00+00:00
188197257,jinan-telecom,wuhan-telecom,43.3052,0.0,icmp,1592442720,2020-06-18 01:12:00+00:00
188197486,jinan-telecom,wuhan-telecom,39.6401,0.0,icmp,1592442799,2020-06-18 01:13:19+00:00
188197733,jinan-telecom,wuhan-telecom,39.5597,0.0,icmp,1592442919,2020-06-18 01:15:19+00:00
188197956,jinan-telecom,wuhan-telecom,47.892,0.0,icmp,1592443080,2020-06-18 01:18:00+00:00
188198191,jinan-telecom,wuhan-telecom,48.8984,0.0,icmp,1592443200,2020-06-18 01:20:00+00:00
188198407,jinan-telecom,wuhan-telecom,46.8621,0.0,icmp,1592443320,2020-06-18 01:22:00+00:00
188198631,jinan-telecom,wuhan-telecom,47.5277,0.0,icmp,1592443440,2020-06-18 01:24:00+00:00
188198853,jinan-telecom,wuhan-telecom,40.3442,0.0,icmp,1592443560,2020-06-18 01:26:00+00:00
188199093,jinan-telecom,wuhan-telecom,46.2792,0.0,icmp,1592443680,2020-06-18 01:28:00+00:00
188199316,jinan-telecom,wuhan-telecom,41.7861,0.0,icmp,1592443800,2020-06-18 01:30:00+00:00
188199549,jinan-telecom,wuhan-telecom,45.9204,0.0,icmp,1592443920,2020-06-18 01:32:00+00:00
188199775,jinan-telecom,wuhan-telecom,45.5551,0.0,icmp,1592444040,2020-06-18 01:34:00+00:00
188199991,jinan-telecom,wuhan-telecom,48.0049,0.0,icmp,1592444160,2020-06-18 01:36:00+00:00
188200242,jinan-telecom,wuhan-telecom,47.5775,0.0,icmp,1592444280,2020-06-18 01:38:00+00:00
188200469,jinan-telecom,wuhan-telecom,39.3954,0.0,icmp,1592444359,2020-06-18 01:39:19+00:00
188200696,jinan-telecom,wuhan-telecom,47.2031,0.0,icmp,1592444520,2020-06-18 01:42:00+00:00
188200919,jinan-telecom,wuhan-telecom,40.3701,0.0,icmp,1592444640,2020-06-18 01:44:00+00:00
188201156,jinan-telecom,wuhan-telecom,39.3621,0.0,icmp,1592444719,2020-06-18 01:45:19+00:00
188201384,jinan-telecom,wuhan-telecom,44.4724,0.0,icmp,1592444880,2020-06-18 01:48:00+00:00
188201614,jinan-telecom,wuhan-telecom,47.1823,0.0,icmp,1592445000,2020-06-18 01:50:00+00:00
188201875,jinan-telecom,wuhan-telecom,47.7598,0.0,icmp,1592445120,2020-06-18 01:52:00+00:00
188202063,jinan-telecom,wuhan-telecom,39.4772,0.0,icmp,1592445199,2020-06-18 01:53:19+00:00
188202292,jinan-telecom,wuhan-telecom,39.3924,0.0,icmp,1592445379,2020-06-18 01:56:19+00:00
188202522,jinan-telecom,wuhan-telecom,48.18,0.0,icmp,1592445480,2020-06-18 01:58:00+00:00
188202751,jinan-telecom,wuhan-telecom,39.5592,0.0,icmp,1592445559,2020-06-18 01:59:19+00:00
188202994,jinan-telecom,wuhan-telecom,46.4603,0.0,icmp,1592445720,2020-06-18 02:02:00+00:00
188203214,jinan-telecom,wuhan-telecom,47.6597,0.0,icmp,1592445840,2020-06-18 02:04:00+00:00
188203430,jinan-telecom,wuhan-telecom,39.3687,0.0,icmp,1592445979,2020-06-18 02:06:19+00:00
188203673,jinan-telecom,wuhan-telecom,48.4913,0.0,icmp,1592446080,2020-06-18 02:08:00+00:00
188203895,jinan-telecom,wuhan-telecom,46.6939,0.0,icmp,1592446200,2020-06-18 02:10:00+00:00
188204113,jinan-telecom,wuhan-telecom,39.4194,0.0,icmp,1592446339,2020-06-18 02:12:19+00:00
188204354,jinan-telecom,wuhan-telecom,48.0523,0.0,icmp,1592446440,2020-06-18 02:14:00+00:00
188204595,jinan-telecom,wuhan-telecom,46.387,0.0,icmp,1592446560,2020-06-18 02:16:00+00:00
188204821,jinan-telecom,wuhan-telecom,39.3942,0.0,icmp,1592446699,2020-06-18 02:18:19+00:00
188205048,jinan-telecom,wuhan-telecom,41.903,0.0,icmp,1592446800,2020-06-18 02:20:00+00:00
188205272,jinan-telecom,wuhan-telecom,39.606,0.0,icmp,1592446879,2020-06-18 02:21:19+00:00
188205508,jinan-telecom,wuhan-telecom,39.4471,0.0,icmp,1592446999,2020-06-18 02:23:19+00:00
188205728,jinan-telecom,wuhan-telecom,39.6098,0.0,icmp,1592447160,2020-06-18 02:26:00+00:00
188205968,jinan-telecom,wuhan-telecom,39.4679,0.0,icmp,1592447239,2020-06-18 02:27:19+00:00
188206185,jinan-telecom,wuhan-telecom,47.1477,0.0,icmp,1592447400,2020-06-18 02:30:00+00:00
188206414,jinan-telecom,wuhan-telecom,39.351,0.0,icmp,1592447539,2020-06-18 02:32:19+00:00
188206655,jinan-telecom,wuhan-telecom,49.703,0.0,icmp,1592447640,2020-06-18 02:34:00+00:00
188206878,jinan-telecom,wuhan-telecom,39.4039,0.0,icmp,1592447779,2020-06-18 02:36:19+00:00
188207098,jinan-telecom,wuhan-telecom,47.4848,0.0,icmp,1592447880,2020-06-18 02:38:00+00:00
188207352,jinan-telecom,wuhan-telecom,39.3701,0.0,icmp,1592447959,2020-06-18 02:39:19+00:00
188207561,jinan-telecom,wuhan-telecom,46.5498,0.0,icmp,1592448120,2020-06-18 02:42:00+00:00
188207809,jinan-telecom,wuhan-telecom,47.8731,0.0,icmp,1592448240,2020-06-18 02:44:00+00:00
188208026,jinan-telecom,wuhan-telecom,45.8288,0.0,icmp,1592448360,2020-06-18 02:46:00+00:00
188208252,jinan-telecom,wuhan-telecom,39.3597,0.0,icmp,1592448499,2020-06-18 02:48:19+00:00
188208461,jinan-telecom,wuhan-telecom,46.0572,0.0,icmp,1592448600,2020-06-18 02:50:00+00:00
188208705,jinan-telecom,wuhan-telecom,48.953,0.0,icmp,1592448720,2020-06-18 02:52:00+00:00
188208922,jinan-telecom,wuhan-telecom,39.3489,0.0,icmp,1592448859,2020-06-18 02:54:19+00:00
188209166,jinan-telecom,wuhan-telecom,39.5353,0.0,icmp,1592448979,2020-06-18 02:56:19+00:00
188209428,jinan-telecom,wuhan-telecom,46.8725,0.0,icmp,1592449080,2020-06-18 02:58:00+00:00
188209638,jinan-telecom,wuhan-telecom,39.3901,0.0,icmp,1592449219,2020-06-18 03:00:19+00:00
188209846,jinan-telecom,wuhan-telecom,47.4604,0.0,icmp,1592449320,2020-06-18 03:02:00+00:00
188210090,jinan-telecom,wuhan-telecom,42.0002,0.0,icmp,1592449440,2020-06-18 03:04:00+00:00
188210311,jinan-telecom,wuhan-telecom,45.8072,0.0,icmp,1592449560,2020-06-18 03:06:00+00:00
188210538,jinan-telecom,wuhan-telecom,46.1989,0.0,icmp,1592449680,2020-06-18 03:08:00+00:00
188210784,jinan-telecom,wuhan-telecom,46.1577,0.0,icmp,1592449800,2020-06-18 03:10:00+00:00
188211018,jinan-telecom,wuhan-telecom,49.5132,0.0,icmp,1592449920,2020-06-18 03:12:00+00:00
188211246,jinan-telecom,wuhan-telecom,46.9922,0.0,icmp,1592450040,2020-06-18 03:14:00+00:00
188211454,jinan-telecom,wuhan-telecom,46.9066,0.0,icmp,1592450160,2020-06-18 03:16:00+00:00
188211676,jinan-telecom,wuhan-telecom,46.9172,0.0,icmp,1592450280,2020-06-18 03:18:00+00:00
188211929,jinan-telecom,wuhan-telecom,47.0909,0.0,icmp,1592450400,2020-06-18 03:20:00+00:00
188212151,jinan-telecom,wuhan-telecom,39.7605,0.0,icmp,1592450479,2020-06-18 03:21:19+00:00
188212379,jinan-telecom,wuhan-telecom,39.6675,0.0,icmp,1592450659,2020-06-18 03:24:19+00:00
188212589,jinan-telecom,wuhan-telecom,42.0953,0.0,icmp,1592450760,2020-06-18 03:26:00+00:00
188212819,jinan-telecom,wuhan-telecom,48.7189,0.0,icmp,1592450880,2020-06-18 03:28:00+00:00
188213071,jinan-telecom,wuhan-telecom,42.1431,0.0,icmp,1592451000,2020-06-18 03:30:00+00:00
188213291,jinan-telecom,wuhan-telecom,46.6476,0.0,icmp,1592451120,2020-06-18 03:32:00+00:00
188213518,jinan-telecom,wuhan-telecom,46.7471,0.0,icmp,1592451240,2020-06-18 03:34:00+00:00
188213746,jinan-telecom,wuhan-telecom,45.5853,0.0,icmp,1592451360,2020-06-18 03:36:00+00:00
188213970,jinan-telecom,wuhan-telecom,48.2803,0.0,icmp,1592451480,2020-06-18 03:38:00+00:00
188214205,jinan-telecom,wuhan-telecom,47.7666,0.0,icmp,1592451600,2020-06-18 03:40:00+00:00
188214442,jinan-telecom,wuhan-telecom,50.8488,0.0,icmp,1592451720,2020-06-18 03:42:00+00:00
188214677,jinan-telecom,wuhan-telecom,41.5528,0.0,icmp,1592451840,2020-06-18 03:44:00+00:00
188214891,jinan-telecom,wuhan-telecom,48.4876,0.0,icmp,1592451960,2020-06-18 03:46:00+00:00
188215153,jinan-telecom,wuhan-telecom,45.6908,0.0,icmp,1592452080,2020-06-18 03:48:00+00:00
188215350,jinan-telecom,wuhan-telecom,39.5001,0.0,icmp,1592452219,2020-06-18 03:50:19+00:00
188215596,jinan-telecom,wuhan-telecom,47.1094,0.0,icmp,1592452320,2020-06-18 03:52:00+00:00
188215815,jinan-telecom,wuhan-telecom,45.3426,0.0,icmp,1592452440,2020-06-18 03:54:00+00:00
188216059,jinan-telecom,wuhan-telecom,46.1725,0.0,icmp,1592452560,2020-06-18 03:56:00+00:00
188216273,jinan-telecom,wuhan-telecom,46.9986,0.0,icmp,1592452680,2020-06-18 03:58:00+00:00
188216489,jinan-telecom,wuhan-telecom,48.4945,0.0,icmp,1592452800,2020-06-18 04:00:00+00:00
188216720,jinan-telecom,wuhan-telecom,48.5697,0.0,icmp,1592452920,2020-06-18 04:02:00+00:00
188216951,jinan-telecom,wuhan-telecom,45.5643,0.0,icmp,1592453040,2020-06-18 04:04:00+00:00
188217165,jinan-telecom,wuhan-telecom,39.3555,0.0,icmp,1592453119,2020-06-18 04:05:19+00:00
188217429,jinan-telecom,wuhan-telecom,45.937,0.0,icmp,1592453280,2020-06-18 04:08:00+00:00
188217632,jinan-telecom,wuhan-telecom,46.4183,0.0,icmp,1592453400,2020-06-18 04:10:00+00:00
188217849,jinan-telecom,wuhan-telecom,39.4405,0.0,icmp,1592453479,2020-06-18 04:11:19+00:00
188218088,jinan-telecom,wuhan-telecom,48.7359,0.0,icmp,1592453640,2020-06-18 04:14:00+00:00
188218340,jinan-telecom,wuhan-telecom,48.1608,0.0,icmp,1592453760,2020-06-18 04:16:00+00:00
188218568,jinan-telecom,wuhan-telecom,48.0622,0.0,icmp,1592453880,2020-06-18 04:18:00+00:00
188218784,jinan-telecom,wuhan-telecom,48.3577,0.0,icmp,1592454000,2020-06-18 04:20:00+00:00
188219033,jinan-telecom,wuhan-telecom,46.9477,0.0,icmp,1592454120,2020-06-18 04:22:00+00:00
188219255,jinan-telecom,wuhan-telecom,46.5777,0.0,icmp,1592454240,2020-06-18 04:24:00+00:00
188219477,jinan-telecom,wuhan-telecom,47.9802,0.0,icmp,1592454360,2020-06-18 04:26:00+00:00
188219719,jinan-telecom,wuhan-telecom,46.1745,0.0,icmp,1592454480,2020-06-18 04:28:00+00:00
188219949,jinan-telecom,wuhan-telecom,39.3941,0.0,icmp,1592454619,2020-06-18 04:30:19+00:00
188220164,jinan-telecom,wuhan-telecom,47.4906,0.0,icmp,1592454720,2020-06-18 04:32:00+00:00
188220383,jinan-telecom,wuhan-telecom,39.5148,0.0,icmp,1592454799,2020-06-18 04:33:19+00:00
188220613,jinan-telecom,wuhan-telecom,40.1834,0.0,icmp,1592454960,2020-06-18 04:36:00+00:00
188220846,jinan-telecom,wuhan-telecom,47.4567,0.0,icmp,1592455080,2020-06-18 04:38:00+00:00
188221096,jinan-telecom,wuhan-telecom,46.1468,0.0,icmp,1592455200,2020-06-18 04:40:00+00:00
188221316,jinan-telecom,wuhan-telecom,39.3759,0.0,icmp,1592455279,2020-06-18 04:41:19+00:00
188221530,jinan-telecom,wuhan-telecom,46.3474,0.0,icmp,1592455440,2020-06-18 04:44:00+00:00
188221764,jinan-telecom,wuhan-telecom,45.0949,0.0,icmp,1592455560,2020-06-18 04:46:00+00:00
188221973,jinan-telecom,wuhan-telecom,48.529,0.0,icmp,1592455680,2020-06-18 04:48:00+00:00
188222215,jinan-telecom,wuhan-telecom,45.3224,0.0,icmp,1592455800,2020-06-18 04:50:00+00:00
188222455,jinan-telecom,wuhan-telecom,42.7219,0.0,icmp,1592455920,2020-06-18 04:52:00+00:00
188222678,jinan-telecom,wuhan-telecom,45.2946,0.0,icmp,1592456040,2020-06-18 04:54:00+00:00
188222921,jinan-telecom,wuhan-telecom,47.3883,0.0,icmp,1592456160,2020-06-18 04:56:00+00:00
188223138,jinan-telecom,wuhan-telecom,39.4283,0.0,icmp,1592456239,2020-06-18 04:57:19+00:00
188223358,jinan-telecom,wuhan-telecom,39.5086,0.0,icmp,1592456359,2020-06-18 04:59:19+00:00
188223596,jinan-telecom,wuhan-telecom,44.9871,1.0,icmp,1592456520,2020-06-18 05:02:00+00:00
188223826,jinan-telecom,wuhan-telecom,46.5659,0.0,icmp,1592456640,2020-06-18 05:04:00+00:00
188224047,jinan-telecom,wuhan-telecom,39.6606,0.0,icmp,1592456719,2020-06-18 05:05:19+00:00
188224313,jinan-telecom,wuhan-telecom,47.7019,0.0,icmp,1592456880,2020-06-18 05:08:00+00:00
188224515,jinan-telecom,wuhan-telecom,49.7468,1.0,icmp,1592457000,2020-06-18 05:10:00+00:00
188224736,jinan-telecom,wuhan-telecom,39.5606,0.0,icmp,1592457079,2020-06-18 05:11:19+00:00
188224965,jinan-telecom,wuhan-telecom,39.47,0.0,icmp,1592457199,2020-06-18 05:13:19+00:00
188225195,jinan-telecom,wuhan-telecom,39.8348,0.0,icmp,1592457360,2020-06-18 05:16:00+00:00
188225427,jinan-telecom,wuhan-telecom,46.1429,0.0,icmp,1592457480,2020-06-18 05:18:00+00:00
188225649,jinan-telecom,wuhan-telecom,46.4728,0.0,icmp,1592457600,2020-06-18 05:20:00+00:00
188225899,jinan-telecom,wuhan-telecom,49.251,0.0,icmp,1592457720,2020-06-18 05:22:00+00:00
188226108,jinan-telecom,wuhan-telecom,47.2176,0.0,icmp,1592457840,2020-06-18 05:24:00+00:00
188226366,jinan-telecom,wuhan-telecom,39.5668,0.0,icmp,1592457919,2020-06-18 05:25:19+00:00
188226570,jinan-telecom,wuhan-telecom,39.3663,0.0,icmp,1592458039,2020-06-18 05:27:19+00:00
188226819,jinan-telecom,wuhan-telecom,44.3084,0.0,icmp,1592458200,2020-06-18 05:30:00+00:00
188227048,jinan-telecom,wuhan-telecom,47.4627,0.0,icmp,1592458320,2020-06-18 05:32:00+00:00
188227247,jinan-telecom,wuhan-telecom,39.4327,0.0,icmp,1592458399,2020-06-18 05:33:19+00:00
188227498,jinan-telecom,wuhan-telecom,48.5232,0.0,icmp,1592458560,2020-06-18 05:36:00+00:00
188227713,jinan-telecom,wuhan-telecom,39.4955,0.0,icmp,1592458699,2020-06-18 05:38:19+00:00
188227973,jinan-telecom,wuhan-telecom,49.9021,0.0,icmp,1592458800,2020-06-18 05:40:00+00:00
188228184,jinan-telecom,wuhan-telecom,39.898,0.0,icmp,1592458920,2020-06-18 05:42:00+00:00
188228394,jinan-telecom,wuhan-telecom,47.0841,0.0,icmp,1592459040,2020-06-18 05:44:00+00:00
188228632,jinan-telecom,wuhan-telecom,39.5162,0.0,icmp,1592459119,2020-06-18 05:45:19+00:00
188228857,jinan-telecom,wuhan-telecom,47.9441,0.0,icmp,1592459280,2020-06-18 05:48:00+00:00
188229088,jinan-telecom,wuhan-telecom,47.2536,0.0,icmp,1592459400,2020-06-18 05:50:00+00:00
188229325,jinan-telecom,wuhan-telecom,39.5541,0.0,icmp,1592459479,2020-06-18 05:51:19+00:00
188229561,jinan-telecom,wuhan-telecom,39.6094,0.0,icmp,1592459659,2020-06-18 05:54:19+00:00
188229779,jinan-telecom,wuhan-telecom,42.3352,0.0,icmp,1592459760,2020-06-18 05:56:00+00:00
188230024,jinan-telecom,wuhan-telecom,45.2992,0.0,icmp,1592459880,2020-06-18 05:58:00+00:00
188230240,jinan-telecom,wuhan-telecom,47.9455,1.0,icmp,1592460000,2020-06-18 06:00:00+00:00
188230458,jinan-telecom,wuhan-telecom,39.6352,0.0,icmp,1592460139,2020-06-18 06:02:19+00:00
188230705,jinan-telecom,wuhan-telecom,47.3815,0.0,icmp,1592460240,2020-06-18 06:04:00+00:00
188230921,jinan-telecom,wuhan-telecom,48.5563,0.0,icmp,1592460360,2020-06-18 06:06:00+00:00
188231157,jinan-telecom,wuhan-telecom,46.9279,0.0,icmp,1592460480,2020-06-18 06:08:00+00:00
188231375,jinan-telecom,wuhan-telecom,47.8457,0.0,icmp,1592460600,2020-06-18 06:10:00+00:00
188231614,jinan-telecom,wuhan-telecom,39.3743,0.0,icmp,1592460679,2020-06-18 06:11:19+00:00
188231840,jinan-telecom,wuhan-telecom,46.0806,0.0,icmp,1592460840,2020-06-18 06:14:00+00:00
188232057,jinan-telecom,wuhan-telecom,39.4166,0.0,icmp,1592460979,2020-06-18 06:16:19+00:00
188232286,jinan-telecom,wuhan-telecom,41.5149,0.0,icmp,1592461080,2020-06-18 06:18:00+00:00
188232521,jinan-telecom,wuhan-telecom,48.0367,0.0,icmp,1592461200,2020-06-18 06:20:00+00:00
188232747,jinan-telecom,wuhan-telecom,51.4753,0.0,icmp,1592461320,2020-06-18 06:22:00+00:00
188232960,jinan-telecom,wuhan-telecom,49.0762,0.0,icmp,1592461440,2020-06-18 06:24:00+00:00
188233204,jinan-telecom,wuhan-telecom,51.2191,0.0,icmp,1592461560,2020-06-18 06:26:00+00:00
188233436,jinan-telecom,wuhan-telecom,48.4266,0.0,icmp,1592461680,2020-06-18 06:28:00+00:00
188233667,jinan-telecom,wuhan-telecom,43.1584,0.0,icmp,1592461800,2020-06-18 06:30:00+00:00
188233889,jinan-telecom,wuhan-telecom,39.4024,0.0,icmp,1592461939,2020-06-18 06:32:19+00:00
188234136,jinan-telecom,wuhan-telecom,48.667,0.0,icmp,1592462040,2020-06-18 06:34:00+00:00
188234351,jinan-telecom,wuhan-telecom,48.0171,0.0,icmp,1592462160,2020-06-18 06:36:00+00:00
188234582,jinan-telecom,wuhan-telecom,39.5249,0.0,icmp,1592462239,2020-06-18 06:37:19+00:00
188234807,jinan-telecom,wuhan-telecom,39.5416,0.0,icmp,1592462419,2020-06-18 06:40:19+00:00
188235055,jinan-telecom,wuhan-telecom,48.3184,0.0,icmp,1592462520,2020-06-18 06:42:00+00:00
188235288,jinan-telecom,wuhan-telecom,47.3797,0.0,icmp,1592462640,2020-06-18 06:44:00+00:00
188235497,jinan-telecom,wuhan-telecom,39.3928,0.0,icmp,1592462719,2020-06-18 06:45:19+00:00
188235725,jinan-telecom,wuhan-telecom,39.3687,0.0,icmp,1592462839,2020-06-18 06:47:19+00:00
188235964,jinan-telecom,wuhan-telecom,47.1664,0.0,icmp,1592463000,2020-06-18 06:50:00+00:00
188236183,jinan-telecom,wuhan-telecom,45.9331,0.0,icmp,1592463120,2020-06-18 06:52:00+00:00
188236421,jinan-telecom,wuhan-telecom,46.8942,0.0,icmp,1592463240,2020-06-18 06:54:00+00:00
188236627,jinan-telecom,wuhan-telecom,39.4925,0.0,icmp,1592463319,2020-06-18 06:55:19+00:00
188236871,jinan-telecom,wuhan-telecom,46.8841,0.0,icmp,1592463480,2020-06-18 06:58:00+00:00
188237106,jinan-telecom,wuhan-telecom,47.5296,0.0,icmp,1592463600,2020-06-18 07:00:00+00:00
188237332,jinan-telecom,wuhan-telecom,47.4632,0.0,icmp,1592463720,2020-06-18 07:02:00+00:00
188237570,jinan-telecom,wuhan-telecom,39.5928,0.0,icmp,1592463799,2020-06-18 07:03:19+00:00
188237781,jinan-telecom,wuhan-telecom,49.4646,0.0,icmp,1592463960,2020-06-18 07:06:00+00:00
188238043,jinan-telecom,wuhan-telecom,49.3971,1.0,icmp,1592464080,2020-06-18 07:08:00+00:00
188238256,jinan-telecom,wuhan-telecom,47.5251,0.0,icmp,1592464200,2020-06-18 07:10:00+00:00
188238484,jinan-telecom,wuhan-telecom,41.0335,0.0,icmp,1592464320,2020-06-18 07:12:00+00:00
188238715,jinan-telecom,wuhan-telecom,39.6015,0.0,icmp,1592464459,2020-06-18 07:14:19+00:00
188238942,jinan-telecom,wuhan-telecom,46.8722,0.0,icmp,1592464560,2020-06-18 07:16:00+00:00
188239182,jinan-telecom,wuhan-telecom,48.1759,0.0,icmp,1592464680,2020-06-18 07:18:00+00:00
188239388,jinan-telecom,wuhan-telecom,42.7337,0.0,icmp,1592464800,2020-06-18 07:20:00+00:00
188239602,jinan-telecom,wuhan-telecom,49.1116,0.0,icmp,1592464920,2020-06-18 07:22:00+00:00
188239871,jinan-telecom,wuhan-telecom,48.4047,0.0,icmp,1592465040,2020-06-18 07:24:00+00:00
188240084,jinan-telecom,wuhan-telecom,47.4656,0.0,icmp,1592465160,2020-06-18 07:26:00+00:00
188240328,jinan-telecom,wuhan-telecom,47.0563,0.0,icmp,1592465280,2020-06-18 07:28:00+00:00
188240537,jinan-telecom,wuhan-telecom,49.3208,0.0,icmp,1592465400,2020-06-18 07:30:00+00:00
188240782,jinan-telecom,wuhan-telecom,39.6714,0.0,icmp,1592465479,2020-06-18 07:31:19+00:00
188241014,jinan-telecom,wuhan-telecom,44.7607,0.0,icmp,1592465640,2020-06-18 07:34:00+00:00
188241239,jinan-telecom,wuhan-telecom,47.9331,0.0,icmp,1592465760,2020-06-18 07:36:00+00:00
188241445,jinan-telecom,wuhan-telecom,47.0436,0.0,icmp,1592465880,2020-06-18 07:38:00+00:00
188241680,jinan-telecom,wuhan-telecom,46.9051,0.0,icmp,1592466000,2020-06-18 07:40:00+00:00
188241909,jinan-telecom,wuhan-telecom,47.3516,0.0,icmp,1592466120,2020-06-18 07:42:00+00:00
188242140,jinan-telecom,wuhan-telecom,46.1613,0.0,icmp,1592466240,2020-06-18 07:44:00+00:00
188242369,jinan-telecom,wuhan-telecom,46.4898,0.0,icmp,1592466360,2020-06-18 07:46:00+00:00
188242590,jinan-telecom,wuhan-telecom,44.2849,0.0,icmp,1592466480,2020-06-18 07:48:00+00:00
188242828,jinan-telecom,wuhan-telecom,47.9204,0.0,icmp,1592466600,2020-06-18 07:50:00+00:00
188243087,jinan-telecom,wuhan-telecom,41.7748,0.0,icmp,1592466720,2020-06-18 07:52:00+00:00
188243286,jinan-telecom,wuhan-telecom,47.6744,0.0,icmp,1592466840,2020-06-18 07:54:00+00:00
188243516,jinan-telecom,wuhan-telecom,47.5322,0.0,icmp,1592466960,2020-06-18 07:56:00+00:00
188243748,jinan-telecom,wuhan-telecom,39.4153,0.0,icmp,1592467039,2020-06-18 07:57:19+00:00
188243982,jinan-telecom,wuhan-telecom,39.3562,0.0,icmp,1592467219,2020-06-18 08:00:19+00:00
188244220,jinan-telecom,wuhan-telecom,48.0648,0.0,icmp,1592467320,2020-06-18 08:02:00+00:00
188244444,jinan-telecom,wuhan-telecom,49.8747,0.0,icmp,1592467440,2020-06-18 08:04:00+00:00
188244659,jinan-telecom,wuhan-telecom,45.5521,0.0,icmp,1592467560,2020-06-18 08:06:00+00:00
188244908,jinan-telecom,wuhan-telecom,39.3521,0.0,icmp,1592467639,2020-06-18 08:07:19+00:00
188245114,jinan-telecom,wuhan-telecom,39.3788,0.0,icmp,1592467819,2020-06-18 08:10:19+00:00
188245356,jinan-telecom,wuhan-telecom,48.9265,0.0,icmp,1592467920,2020-06-18 08:12:00+00:00
188245604,jinan-telecom,wuhan-telecom,47.7962,0.0,icmp,1592468040,2020-06-18 08:14:00+00:00
188245807,jinan-telecom,wuhan-telecom,48.9656,0.0,icmp,1592468160,2020-06-18 08:16:00+00:00
188246039,jinan-telecom,wuhan-telecom,45.3966,0.0,icmp,1592468280,2020-06-18 08:18:00+00:00
188246269,jinan-telecom,wuhan-telecom,46.4024,0.0,icmp,1592468400,2020-06-18 08:20:00+00:00
188246495,jinan-telecom,wuhan-telecom,47.3981,0.0,icmp,1592468520,2020-06-18 08:22:00+00:00
188246706,jinan-telecom,wuhan-telecom,48.7453,0.0,icmp,1592468640,2020-06-18 08:24:00+00:00
188246955,jinan-telecom,wuhan-telecom,47.4748,0.0,icmp,1592468760,2020-06-18 08:26:00+00:00
188247169,jinan-telecom,wuhan-telecom,45.7871,0.0,icmp,1592468880,2020-06-18 08:28:00+00:00
188247425,jinan-telecom,wuhan-telecom,45.1817,0.0,icmp,1592469000,2020-06-18 08:30:00+00:00
188247632,jinan-telecom,wuhan-telecom,48.2862,0.0,icmp,1592469120,2020-06-18 08:32:00+00:00
188247880,jinan-telecom,wuhan-telecom,39.4647,0.0,icmp,1592469259,2020-06-18 08:34:19+00:00
188248098,jinan-telecom,wuhan-telecom,46.5308,0.0,icmp,1592469360,2020-06-18 08:36:00+00:00
188248333,jinan-telecom,wuhan-telecom,47.1343,0.0,icmp,1592469480,2020-06-18 08:38:00+00:00
188248555,jinan-telecom,wuhan-telecom,46.1573,0.0,icmp,1592469600,2020-06-18 08:40:00+00:00
188248798,jinan-telecom,wuhan-telecom,48.1836,0.0,icmp,1592469720,2020-06-18 08:42:00+00:00
188249002,jinan-telecom,wuhan-telecom,47.0045,0.0,icmp,1592469840,2020-06-18 08:44:00+00:00
188249246,jinan-telecom,wuhan-telecom,47.2184,0.0,icmp,1592469960,2020-06-18 08:46:00+00:00
188249495,jinan-telecom,wuhan-telecom,48.6226,0.0,icmp,1592470080,2020-06-18 08:48:00+00:00
188249710,jinan-telecom,wuhan-telecom,47.5105,0.0,icmp,1592470200,2020-06-18 08:50:00+00:00
188249920,jinan-telecom,wuhan-telecom,39.5901,0.0,icmp,1592470339,2020-06-18 08:52:19+00:00
188250167,jinan-telecom,wuhan-telecom,46.0856,0.0,icmp,1592470440,2020-06-18 08:54:00+00:00
188250398,jinan-telecom,wuhan-telecom,39.6529,0.0,icmp,1592470519,2020-06-18 08:55:19+00:00
188250630,jinan-telecom,wuhan-telecom,47.5492,0.0,icmp,1592470680,2020-06-18 08:58:00+00:00
188250840,jinan-telecom,wuhan-telecom,39.3601,0.0,icmp,1592470819,2020-06-18 09:00:19+00:00
188251087,jinan-telecom,wuhan-telecom,45.8264,0.0,icmp,1592470920,2020-06-18 09:02:00+00:00
188251313,jinan-telecom,wuhan-telecom,46.2821,0.0,icmp,1592471040,2020-06-18 09:04:00+00:00
188251541,jinan-telecom,wuhan-telecom,39.3385,0.0,icmp,1592471119,2020-06-18 09:05:19+00:00
188251777,jinan-telecom,wuhan-telecom,48.4512,0.0,icmp,1592471280,2020-06-18 09:08:00+00:00
188252004,jinan-telecom,wuhan-telecom,47.1645,0.0,icmp,1592471400,2020-06-18 09:10:00+00:00
188252217,jinan-telecom,wuhan-telecom,45.2914,0.0,icmp,1592471520,2020-06-18 09:12:00+00:00
188252438,jinan-telecom,wuhan-telecom,39.3991,0.0,icmp,1592471599,2020-06-18 09:13:19+00:00
188252679,jinan-telecom,wuhan-telecom,42.7459,0.0,icmp,1592471760,2020-06-18 09:16:00+00:00
188252906,jinan-telecom,wuhan-telecom,39.4597,0.0,icmp,1592471839,2020-06-18 09:17:19+00:00
188253125,jinan-telecom,wuhan-telecom,48.3642,0.0,icmp,1592472000,2020-06-18 09:20:00+00:00
188253358,jinan-telecom,wuhan-telecom,47.0845,0.0,icmp,1592472120,2020-06-18 09:22:00+00:00
188253580,jinan-telecom,wuhan-telecom,47.1955,0.0,icmp,1592472240,2020-06-18 09:24:00+00:00
188253836,jinan-telecom,wuhan-telecom,47.2387,0.0,icmp,1592472360,2020-06-18 09:26:00+00:00
188254069,jinan-telecom,wuhan-telecom,47.3665,0.0,icmp,1592472480,2020-06-18 09:28:00+00:00
188254285,jinan-telecom,wuhan-telecom,45.8901,0.0,icmp,1592472600,2020-06-18 09:30:00+00:00
188254513,jinan-telecom,wuhan-telecom,39.4995,0.0,icmp,1592472679,2020-06-18 09:31:19+00:00
188254733,jinan-telecom,wuhan-telecom,39.4183,0.0,icmp,1592472859,2020-06-18 09:34:19+00:00
188254961,jinan-telecom,wuhan-telecom,47.0013,0.0,icmp,1592472960,2020-06-18 09:36:00+00:00
188255199,jinan-telecom,wuhan-telecom,46.8226,0.0,icmp,1592473080,2020-06-18 09:38:00+00:00
188255418,jinan-telecom,wuhan-telecom,39.7533,0.0,icmp,1592473219,2020-06-18 09:40:19+00:00
188255683,jinan-telecom,wuhan-telecom,45.165,0.0,icmp,1592473320,2020-06-18 09:42:00+00:00
188255881,jinan-telecom,wuhan-telecom,39.5098,0.0,icmp,1592473399,2020-06-18 09:43:19+00:00
188256128,jinan-telecom,wuhan-telecom,48.4955,0.0,icmp,1592473560,2020-06-18 09:46:00+00:00
188256347,jinan-telecom,wuhan-telecom,39.3618,0.0,icmp,1592473699,2020-06-18 09:48:19+00:00
188256570,jinan-telecom,wuhan-telecom,48.4336,0.0,icmp,1592473800,2020-06-18 09:50:00+00:00
188256807,jinan-telecom,wuhan-telecom,44.765,0.0,icmp,1592473920,2020-06-18 09:52:00+00:00
188257017,jinan-telecom,wuhan-telecom,45.2625,0.0,icmp,1592474040,2020-06-18 09:54:00+00:00
188257264,jinan-telecom,wuhan-telecom,47.132,0.0,icmp,1592474160,2020-06-18 09:56:00+00:00
188257502,jinan-telecom,wuhan-telecom,39.474,0.0,icmp,1592474239,2020-06-18 09:57:19+00:00
188257703,jinan-telecom,wuhan-telecom,39.5778,0.0,icmp,1592474359,2020-06-18 09:59:19+00:00
188257935,jinan-telecom,wuhan-telecom,40.0913,0.0,icmp,1592474520,2020-06-18 10:02:00+00:00
188258176,jinan-telecom,wuhan-telecom,49.4422,0.0,icmp,1592474640,2020-06-18 10:04:00+00:00
188258403,jinan-telecom,wuhan-telecom,45.1209,0.0,icmp,1592474760,2020-06-18 10:06:00+00:00
188258627,jinan-telecom,wuhan-telecom,39.7005,0.0,icmp,1592474899,2020-06-18 10:08:19+00:00
188258856,jinan-telecom,wuhan-telecom,41.5275,0.0,icmp,1592475000,2020-06-18 10:10:00+00:00
188259086,jinan-telecom,wuhan-telecom,44.9623,0.0,icmp,1592475120,2020-06-18 10:12:00+00:00
188259301,jinan-telecom,wuhan-telecom,46.7641,0.0,icmp,1592475240,2020-06-18 10:14:00+00:00
188259543,jinan-telecom,wuhan-telecom,48.175,0.0,icmp,1592475360,2020-06-18 10:16:00+00:00
188259773,jinan-telecom,wuhan-telecom,39.803,0.0,icmp,1592475480,2020-06-18 10:18:00+00:00
188260015,jinan-telecom,wuhan-telecom,48.1868,0.0,icmp,1592475600,2020-06-18 10:20:00+00:00
188260228,jinan-telecom,wuhan-telecom,41.4533,0.0,icmp,1592475720,2020-06-18 10:22:00+00:00
188260456,jinan-telecom,wuhan-telecom,39.548,0.0,icmp,1592475859,2020-06-18 10:24:19+00:00
188260700,jinan-telecom,wuhan-telecom,46.0882,0.0,icmp,1592475960,2020-06-18 10:26:00+00:00
188260908,jinan-telecom,wuhan-telecom,39.3739,0.0,icmp,1592476039,2020-06-18 10:27:19+00:00
188261137,jinan-telecom,wuhan-telecom,48.2621,0.0,icmp,1592476200,2020-06-18 10:30:00+00:00
188261380,jinan-telecom,wuhan-telecom,49.1349,0.0,icmp,1592476320,2020-06-18 10:32:00+00:00
188261612,jinan-telecom,wuhan-telecom,41.9778,0.0,icmp,1592476440,2020-06-18 10:34:00+00:00
188261841,jinan-telecom,wuhan-telecom,50.0798,0.0,icmp,1592476560,2020-06-18 10:36:00+00:00
188262073,jinan-telecom,wuhan-telecom,39.5228,0.0,icmp,1592476639,2020-06-18 10:37:19+00:00
188262303,jinan-telecom,wuhan-telecom,46.5347,0.0,icmp,1592476800,2020-06-18 10:40:00+00:00
188262525,jinan-telecom,wuhan-telecom,47.5053,0.0,icmp,1592476920,2020-06-18 10:42:00+00:00
188262758,jinan-telecom,wuhan-telecom,46.8421,0.0,icmp,1592477040,2020-06-18 10:44:00+00:00
188262972,jinan-telecom,wuhan-telecom,41.5586,0.0,icmp,1592477160,2020-06-18 10:46:00+00:00
188263219,jinan-telecom,wuhan-telecom,39.3592,0.0,icmp,1592477239,2020-06-18 10:47:19+00:00
188263438,jinan-telecom,wuhan-telecom,46.5158,0.0,icmp,1592477400,2020-06-18 10:50:00+00:00
188263656,jinan-telecom,wuhan-telecom,49.2781,0.0,icmp,1592477520,2020-06-18 10:52:00+00:00
188263893,jinan-telecom,wuhan-telecom,39.3746,0.0,icmp,1592477659,2020-06-18 10:54:19+00:00
188264125,jinan-telecom,wuhan-telecom,48.0511,0.0,icmp,1592477760,2020-06-18 10:56:00+00:00
188264365,jinan-telecom,wuhan-telecom,46.4504,0.0,icmp,1592477880,2020-06-18 10:58:00+00:00
188264576,jinan-telecom,wuhan-telecom,45.4418,0.0,icmp,1592478000,2020-06-18 11:00:00+00:00
188264809,jinan-telecom,wuhan-telecom,46.9549,0.0,icmp,1592478120,2020-06-18 11:02:00+00:00
188265050,jinan-telecom,wuhan-telecom,39.3302,0.0,icmp,1592478199,2020-06-18 11:03:19+00:00
188265268,jinan-telecom,wuhan-telecom,39.4411,0.0,icmp,1592478379,2020-06-18 11:06:19+00:00
188265503,jinan-telecom,wuhan-telecom,47.9071,0.0,icmp,1592478480,2020-06-18 11:08:00+00:00
188265726,jinan-telecom,wuhan-telecom,46.7247,0.0,icmp,1592478600,2020-06-18 11:10:00+00:00
188265974,jinan-telecom,wuhan-telecom,51.2486,0.0,icmp,1592478720,2020-06-18 11:12:00+00:00
188266188,jinan-telecom,wuhan-telecom,47.5331,0.0,icmp,1592478840,2020-06-18 11:14:00+00:00
188266404,jinan-telecom,wuhan-telecom,47.3581,0.0,icmp,1592478960,2020-06-18 11:16:00+00:00
188266637,jinan-telecom,wuhan-telecom,39.3598,0.0,icmp,1592479039,2020-06-18 11:17:19+00:00
188266869,jinan-telecom,wuhan-telecom,39.3622,0.0,icmp,1592479219,2020-06-18 11:20:19+00:00
188267104,jinan-telecom,wuhan-telecom,47.1287,0.0,icmp,1592479320,2020-06-18 11:22:00+00:00
188267332,jinan-telecom,wuhan-telecom,39.4187,0.0,icmp,1592479399,2020-06-18 11:23:19+00:00
188267572,jinan-telecom,wuhan-telecom,45.6697,0.0,icmp,1592479560,2020-06-18 11:26:00+00:00
188267796,jinan-telecom,wuhan-telecom,46.4387,0.0,icmp,1592479680,2020-06-18 11:28:00+00:00
188268017,jinan-telecom,wuhan-telecom,49.5379,0.0,icmp,1592479800,2020-06-18 11:30:00+00:00
188268265,jinan-telecom,wuhan-telecom,47.6855,0.0,icmp,1592479920,2020-06-18 11:32:00+00:00
188268469,jinan-telecom,wuhan-telecom,44.816,0.0,icmp,1592480040,2020-06-18 11:34:00+00:00
188268709,jinan-telecom,wuhan-telecom,47.4054,0.0,icmp,1592480160,2020-06-18 11:36:00+00:00
188268941,jinan-telecom,wuhan-telecom,48.7555,0.0,icmp,1592480280,2020-06-18 11:38:00+00:00
188269157,jinan-telecom,wuhan-telecom,47.8736,0.0,icmp,1592480400,2020-06-18 11:40:00+00:00
188269385,jinan-telecom,wuhan-telecom,39.385,0.0,icmp,1592480539,2020-06-18 11:42:19+00:00
188269614,jinan-telecom,wuhan-telecom,48.033,0.0,icmp,1592480640,2020-06-18 11:44:00+00:00
188269846,jinan-telecom,wuhan-telecom,46.3738,0.0,icmp,1592480760,2020-06-18 11:46:00+00:00
188270106,jinan-telecom,wuhan-telecom,39.8147,0.0,icmp,1592480839,2020-06-18 11:47:19+00:00
188270319,jinan-telecom,wuhan-telecom,46.7642,0.0,icmp,1592481000,2020-06-18 11:50:00+00:00
188270552,jinan-telecom,wuhan-telecom,39.3383,0.0,icmp,1592481139,2020-06-18 11:52:19+00:00
188270774,jinan-telecom,wuhan-telecom,45.701,0.0,icmp,1592481240,2020-06-18 11:54:00+00:00
188270988,jinan-telecom,wuhan-telecom,47.57,0.0,icmp,1592481360,2020-06-18 11:56:00+00:00
188271221,jinan-telecom,wuhan-telecom,47.478,0.0,icmp,1592481480,2020-06-18 11:58:00+00:00
188271447,jinan-telecom,wuhan-telecom,45.8337,0.0,icmp,1592481600,2020-06-18 12:00:00+00:00
188271697,jinan-telecom,wuhan-telecom,47.5057,0.0,icmp,1592481720,2020-06-18 12:02:00+00:00
188271900,jinan-telecom,wuhan-telecom,47.5542,0.0,icmp,1592481840,2020-06-18 12:04:00+00:00
188272163,jinan-telecom,wuhan-telecom,46.2875,0.0,icmp,1592481960,2020-06-18 12:06:00+00:00
188272390,jinan-telecom,wuhan-telecom,50.1911,0.0,icmp,1592482080,2020-06-18 12:08:00+00:00
188272607,jinan-telecom,wuhan-telecom,39.5061,0.0,icmp,1592482159,2020-06-18 12:09:19+00:00
188272826,jinan-telecom,wuhan-telecom,39.5496,0.0,icmp,1592482264,2020-06-18 12:11:04+00:00
188273071,jinan-telecom,wuhan-telecom,47.3348,0.0,icmp,1592482440,2020-06-18 12:14:00+00:00
188273277,jinan-telecom,wuhan-telecom,47.9185,0.0,icmp,1592482560,2020-06-18 12:16:00+00:00
188273514,jinan-telecom,wuhan-telecom,47.257,0.0,icmp,1592482680,2020-06-18 12:18:00+00:00
188273740,jinan-telecom,wuhan-telecom,39.5686,0.0,icmp,1592482759,2020-06-18 12:19:19+00:00
188273982,jinan-telecom,wuhan-telecom,47.7801,0.0,icmp,1592482920,2020-06-18 12:22:00+00:00
188274195,jinan-telecom,wuhan-telecom,48.0883,0.0,icmp,1592483040,2020-06-18 12:24:00+00:00
188274430,jinan-telecom,wuhan-telecom,47.0182,0.0,icmp,1592483160,2020-06-18 12:26:00+00:00
188274663,jinan-telecom,wuhan-telecom,50.6074,0.0,icmp,1592483280,2020-06-18 12:28:00+00:00
188274893,jinan-telecom,wuhan-telecom,47.9239,0.0,icmp,1592483400,2020-06-18 12:30:00+00:00
188275116,jinan-telecom,wuhan-telecom,45.9725,0.0,icmp,1592483520,2020-06-18 12:32:00+00:00
188275363,jinan-telecom,wuhan-telecom,46.4759,0.0,icmp,1592483640,2020-06-18 12:34:00+00:00
188275593,jinan-telecom,wuhan-telecom,39.4916,0.0,icmp,1592483719,2020-06-18 12:35:19+00:00
188275820,jinan-telecom,wuhan-telecom,39.3492,0.0,icmp,1592483899,2020-06-18 12:38:19+00:00
188276044,jinan-telecom,wuhan-telecom,46.4245,0.0,icmp,1592484000,2020-06-18 12:40:00+00:00
188276270,jinan-telecom,wuhan-telecom,41.3428,0.0,icmp,1592484120,2020-06-18 12:42:00+00:00
188276481,jinan-telecom,wuhan-telecom,48.1115,0.0,icmp,1592484240,2020-06-18 12:44:00+00:00
188276733,jinan-telecom,wuhan-telecom,41.2697,0.0,icmp,1592484360,2020-06-18 12:46:00+00:00
188276952,jinan-telecom,wuhan-telecom,45.8515,0.0,icmp,1592484480,2020-06-18 12:48:00+00:00
188277197,jinan-telecom,wuhan-telecom,39.3293,0.0,icmp,1592484619,2020-06-18 12:50:19+00:00
188277435,jinan-telecom,wuhan-telecom,45.3609,0.0,icmp,1592484720,2020-06-18 12:52:00+00:00
188277644,jinan-telecom,wuhan-telecom,45.5457,0.0,icmp,1592484840,2020-06-18 12:54:00+00:00
188277864,jinan-telecom,wuhan-telecom,48.3779,0.0,icmp,1592484960,2020-06-18 12:56:00+00:00
188278085,jinan-telecom,wuhan-telecom,39.6394,0.0,icmp,1592485099,2020-06-18 12:58:19+00:00
188278330,jinan-telecom,wuhan-telecom,39.3631,0.0,icmp,1592485219,2020-06-18 13:00:19+00:00
188278550,jinan-telecom,wuhan-telecom,47.8678,0.0,icmp,1592485320,2020-06-18 13:02:00+00:00
188278777,jinan-telecom,wuhan-telecom,48.2748,0.0,icmp,1592485440,2020-06-18 13:04:00+00:00
188279018,jinan-telecom,wuhan-telecom,47.7716,0.0,icmp,1592485560,2020-06-18 13:06:00+00:00
188279244,jinan-telecom,wuhan-telecom,46.3956,0.0,icmp,1592485680,2020-06-18 13:08:00+00:00
188279480,jinan-telecom,wuhan-telecom,39.3321,0.0,icmp,1592485759,2020-06-18 13:09:19+00:00
188279706,jinan-telecom,wuhan-telecom,46.665,0.0,icmp,1592485920,2020-06-18 13:12:00+00:00
188279920,jinan-telecom,wuhan-telecom,39.3527,0.0,icmp,1592486059,2020-06-18 13:14:19+00:00
188280163,jinan-telecom,wuhan-telecom,47.4983,0.0,icmp,1592486160,2020-06-18 13:16:00+00:00
188280391,jinan-telecom,wuhan-telecom,47.3792,0.0,icmp,1592486280,2020-06-18 13:18:00+00:00
188280622,jinan-telecom,wuhan-telecom,47.1758,0.0,icmp,1592486400,2020-06-18 13:20:00+00:00
194152453,jinan-telecom,wuhan-telecom,39.4741,0.0,icmp,1592734639,2020-06-21 10:17:19+00:00
194152693,jinan-telecom,wuhan-telecom,51.578,0.0,icmp,1592734740,2020-06-21 10:19:00+00:00
194152908,jinan-telecom,wuhan-telecom,46.8853,0.0,icmp,1592734860,2020-06-21 10:21:00+00:00
194153130,jinan-telecom,wuhan-telecom,48.5451,0.0,icmp,1592734980,2020-06-21 10:23:00+00:00
194153382,jinan-telecom,wuhan-telecom,45.4906,0.0,icmp,1592735100,2020-06-21 10:25:00+00:00
194153594,jinan-telecom,wuhan-telecom,39.4777,0.0,icmp,1592735179,2020-06-21 10:26:19+00:00
194153813,jinan-telecom,wuhan-telecom,45.0639,0.0,icmp,1592735340,2020-06-21 10:29:00+00:00
194154061,jinan-telecom,wuhan-telecom,46.474,0.0,icmp,1592735460,2020-06-21 10:31:00+00:00
194154266,jinan-telecom,wuhan-telecom,39.3985,0.0,icmp,1592735539,2020-06-21 10:32:19+00:00
194154504,jinan-telecom,wuhan-telecom,39.3575,0.0,icmp,1592735659,2020-06-21 10:34:19+00:00
194154734,jinan-telecom,wuhan-telecom,46.2903,0.0,icmp,1592735820,2020-06-21 10:37:00+00:00
194154961,jinan-telecom,wuhan-telecom,46.6988,0.0,icmp,1592735940,2020-06-21 10:39:00+00:00
194155194,jinan-telecom,wuhan-telecom,39.3348,0.0,icmp,1592736079,2020-06-21 10:41:19+00:00
194155409,jinan-telecom,wuhan-telecom,51.0475,0.0,icmp,1592736180,2020-06-21 10:43:00+00:00
194155628,jinan-telecom,wuhan-telecom,47.3111,0.0,icmp,1592736300,2020-06-21 10:45:00+00:00
194155873,jinan-telecom,wuhan-telecom,47.6483,0.0,icmp,1592736420,2020-06-21 10:47:00+00:00
194156092,jinan-telecom,wuhan-telecom,50.3062,0.0,icmp,1592736540,2020-06-21 10:49:00+00:00
194156337,jinan-telecom,wuhan-telecom,48.5137,0.0,icmp,1592736660,2020-06-21 10:51:00+00:00
194156568,jinan-telecom,wuhan-telecom,45.2197,0.0,icmp,1592736780,2020-06-21 10:53:00+00:00
194156790,jinan-telecom,wuhan-telecom,48.0887,0.0,icmp,1592736900,2020-06-21 10:55:00+00:00
194157031,jinan-telecom,wuhan-telecom,47.5179,0.0,icmp,1592737020,2020-06-21 10:57:00+00:00
194157233,jinan-telecom,wuhan-telecom,48.2714,0.0,icmp,1592737140,2020-06-21 10:59:00+00:00
194157475,jinan-telecom,wuhan-telecom,39.3064,0.0,icmp,1592737279,2020-06-21 11:01:19+00:00
194157702,jinan-telecom,wuhan-telecom,48.2646,0.0,icmp,1592737380,2020-06-21 11:03:00+00:00
194157931,jinan-telecom,wuhan-telecom,49.9461,0.0,icmp,1592737500,2020-06-21 11:05:00+00:00
194158148,jinan-telecom,wuhan-telecom,39.4973,0.0,icmp,1592737579,2020-06-21 11:06:19+00:00
194158372,jinan-telecom,wuhan-telecom,42.2158,0.0,icmp,1592737740,2020-06-21 11:09:00+00:00
194158609,jinan-telecom,wuhan-telecom,45.7977,0.0,icmp,1592737860,2020-06-21 11:11:00+00:00
194158845,jinan-telecom,wuhan-telecom,45.807,0.0,icmp,1592737980,2020-06-21 11:13:00+00:00
194159052,jinan-telecom,wuhan-telecom,39.3292,0.0,icmp,1592738059,2020-06-21 11:14:19+00:00
194159302,jinan-telecom,wuhan-telecom,39.3527,0.0,icmp,1592738179,2020-06-21 11:16:19+00:00
194159518,jinan-telecom,wuhan-telecom,46.9763,0.0,icmp,1592738340,2020-06-21 11:19:00+00:00
194159740,jinan-telecom,wuhan-telecom,39.4936,0.0,icmp,1592738465,2020-06-21 11:21:05+00:00
194159970,jinan-telecom,wuhan-telecom,46.3268,0.0,icmp,1592738580,2020-06-21 11:23:00+00:00
194160211,jinan-telecom,wuhan-telecom,39.3863,0.0,icmp,1592738659,2020-06-21 11:24:19+00:00
194160431,jinan-telecom,wuhan-telecom,47.4745,0.0,icmp,1592738820,2020-06-21 11:27:00+00:00
194160655,jinan-telecom,wuhan-telecom,49.2202,0.0,icmp,1592738940,2020-06-21 11:29:00+00:00
194160883,jinan-telecom,wuhan-telecom,39.4651,0.0,icmp,1592739019,2020-06-21 11:30:19+00:00
194161108,jinan-telecom,wuhan-telecom,48.0734,0.0,icmp,1592739180,2020-06-21 11:33:00+00:00
194161325,jinan-telecom,wuhan-telecom,39.3582,0.0,icmp,1592739319,2020-06-21 11:35:19+00:00
194161582,jinan-telecom,wuhan-telecom,39.4296,0.0,icmp,1592739439,2020-06-21 11:37:19+00:00
194161797,jinan-telecom,wuhan-telecom,47.3043,0.0,icmp,1592739540,2020-06-21 11:39:00+00:00
194162021,jinan-telecom,wuhan-telecom,45.7599,0.0,icmp,1592739660,2020-06-21 11:41:00+00:00
194162256,jinan-telecom,wuhan-telecom,48.4286,0.0,icmp,1592739780,2020-06-21 11:43:00+00:00
194162484,jinan-telecom,wuhan-telecom,39.385,0.0,icmp,1592739919,2020-06-21 11:45:19+00:00
194162722,jinan-telecom,wuhan-telecom,46.316,0.0,icmp,1592740020,2020-06-21 11:47:00+00:00
194162939,jinan-telecom,wuhan-telecom,47.481,0.0,icmp,1592740140,2020-06-21 11:49:00+00:00
194163163,jinan-telecom,wuhan-telecom,49.3554,0.0,icmp,1592740260,2020-06-21 11:51:00+00:00
194163411,jinan-telecom,wuhan-telecom,42.2326,0.0,icmp,1592740380,2020-06-21 11:53:00+00:00
194163614,jinan-telecom,wuhan-telecom,48.1426,0.0,icmp,1592740500,2020-06-21 11:55:00+00:00
194163854,jinan-telecom,wuhan-telecom,45.6525,0.0,icmp,1592740620,2020-06-21 11:57:00+00:00
194164083,jinan-telecom,wuhan-telecom,39.5429,0.0,icmp,1592740699,2020-06-21 11:58:19+00:00
194164298,jinan-telecom,wuhan-telecom,39.5469,0.0,icmp,1592740879,2020-06-21 12:01:19+00:00
194164539,jinan-telecom,wuhan-telecom,49.0275,0.0,icmp,1592740980,2020-06-21 12:03:00+00:00
194164774,jinan-telecom,wuhan-telecom,48.9829,0.0,icmp,1592741100,2020-06-21 12:05:00+00:00
194164996,jinan-telecom,wuhan-telecom,47.4862,0.0,icmp,1592741220,2020-06-21 12:07:00+00:00
194165222,jinan-telecom,wuhan-telecom,49.3047,0.0,icmp,1592741340,2020-06-21 12:09:00+00:00
194165460,jinan-telecom,wuhan-telecom,39.6288,0.0,icmp,1592741479,2020-06-21 12:11:19+00:00
194165670,jinan-telecom,wuhan-telecom,46.4657,0.0,icmp,1592741580,2020-06-21 12:13:00+00:00
194165884,jinan-telecom,wuhan-telecom,45.1754,0.0,icmp,1592741700,2020-06-21 12:15:00+00:00
194166125,jinan-telecom,wuhan-telecom,47.8437,0.0,icmp,1592741820,2020-06-21 12:17:00+00:00
194166356,jinan-telecom,wuhan-telecom,48.3653,0.0,icmp,1592741940,2020-06-21 12:19:00+00:00
194166592,jinan-telecom,wuhan-telecom,39.4485,0.0,icmp,1592742079,2020-06-21 12:21:19+00:00
194166821,jinan-telecom,wuhan-telecom,42.55,0.0,icmp,1592742180,2020-06-21 12:23:00+00:00
194167060,jinan-telecom,wuhan-telecom,47.4882,0.0,icmp,1592742300,2020-06-21 12:25:00+00:00
194167273,jinan-telecom,wuhan-telecom,39.4195,0.0,icmp,1592742379,2020-06-21 12:26:19+00:00
194167508,jinan-telecom,wuhan-telecom,39.5489,0.0,icmp,1592742490,2020-06-21 12:28:10+00:00
194167724,jinan-telecom,wuhan-telecom,39.4858,0.0,icmp,1592742679,2020-06-21 12:31:19+00:00
194167953,jinan-telecom,wuhan-telecom,46.9692,0.0,icmp,1592742780,2020-06-21 12:33:00+00:00
194168181,jinan-telecom,wuhan-telecom,39.3838,0.0,icmp,1592742859,2020-06-21 12:34:19+00:00
194168404,jinan-telecom,wuhan-telecom,48.8936,0.0,icmp,1592743020,2020-06-21 12:37:00+00:00
194168641,jinan-telecom,wuhan-telecom,49.0219,0.0,icmp,1592743140,2020-06-21 12:39:00+00:00
194168871,jinan-telecom,wuhan-telecom,39.3824,0.0,icmp,1592743279,2020-06-21 12:41:19+00:00
194169076,jinan-telecom,wuhan-telecom,39.3763,0.0,icmp,1592743399,2020-06-21 12:43:19+00:00
194169314,jinan-telecom,wuhan-telecom,48.6297,0.0,icmp,1592743500,2020-06-21 12:45:00+00:00
194169543,jinan-telecom,wuhan-telecom,49.757,0.0,icmp,1592743620,2020-06-21 12:47:00+00:00
194169788,jinan-telecom,wuhan-telecom,46.9736,0.0,icmp,1592743740,2020-06-21 12:49:00+00:00
194169998,jinan-telecom,wuhan-telecom,44.9562,0.0,icmp,1592743860,2020-06-21 12:51:00+00:00
194170236,jinan-telecom,wuhan-telecom,39.5413,0.0,icmp,1592743939,2020-06-21 12:52:19+00:00
194170466,jinan-telecom,wuhan-telecom,45.4133,0.0,icmp,1592744100,2020-06-21 12:55:00+00:00
194170689,jinan-telecom,wuhan-telecom,48.1991,0.0,icmp,1592744220,2020-06-21 12:57:00+00:00
194170953,jinan-telecom,wuhan-telecom,46.562,0.0,icmp,1592744340,2020-06-21 12:59:00+00:00
194171151,jinan-telecom,wuhan-telecom,46.6871,0.0,icmp,1592744460,2020-06-21 13:01:00+00:00
194171374,jinan-telecom,wuhan-telecom,39.3878,0.0,icmp,1592744539,2020-06-21 13:02:19+00:00
194171593,jinan-telecom,wuhan-telecom,43.5372,0.0,icmp,1592744700,2020-06-21 13:05:00+00:00
194171834,jinan-telecom,wuhan-telecom,47.2002,0.0,icmp,1592744820,2020-06-21 13:07:00+00:00
194172070,jinan-telecom,wuhan-telecom,47.3865,0.0,icmp,1592744940,2020-06-21 13:09:00+00:00
194172283,jinan-telecom,wuhan-telecom,39.4598,0.0,icmp,1592745079,2020-06-21 13:11:19+00:00
194172536,jinan-telecom,wuhan-telecom,39.355,0.0,icmp,1592745199,2020-06-21 13:13:19+00:00
194172736,jinan-telecom,wuhan-telecom,47.6024,0.0,icmp,1592745300,2020-06-21 13:15:00+00:00
194172982,jinan-telecom,wuhan-telecom,47.599,0.0,icmp,1592745420,2020-06-21 13:17:00+00:00
194173194,jinan-telecom,wuhan-telecom,39.4612,0.0,icmp,1592745559,2020-06-21 13:19:19+00:00
194173438,jinan-telecom,wuhan-telecom,46.6943,0.0,icmp,1592745660,2020-06-21 13:21:00+00:00
194173664,jinan-telecom,wuhan-telecom,39.3631,0.0,icmp,1592745739,2020-06-21 13:22:19+00:00
194173870,jinan-telecom,wuhan-telecom,50.3306,0.0,icmp,1592745900,2020-06-21 13:25:00+00:00
194174106,jinan-telecom,wuhan-telecom,45.6522,0.0,icmp,1592746020,2020-06-21 13:27:00+00:00
194174370,jinan-telecom,wuhan-telecom,39.6075,0.0,icmp,1592746159,2020-06-21 13:29:19+00:00
194174559,jinan-telecom,wuhan-telecom,47.1067,0.0,icmp,1592746260,2020-06-21 13:31:00+00:00
194174792,jinan-telecom,wuhan-telecom,39.534,0.0,icmp,1592746399,2020-06-21 13:33:19+00:00
194175020,jinan-telecom,wuhan-telecom,43.2834,0.0,icmp,1592746500,2020-06-21 13:35:00+00:00
194175251,jinan-telecom,wuhan-telecom,39.3927,0.0,icmp,1592746639,2020-06-21 13:37:19+00:00
194175474,jinan-telecom,wuhan-telecom,48.4074,0.0,icmp,1592746740,2020-06-21 13:39:00+00:00
194175712,jinan-telecom,wuhan-telecom,48.9352,0.0,icmp,1592746860,2020-06-21 13:41:00+00:00
194175940,jinan-telecom,wuhan-telecom,39.4449,0.0,icmp,1592746930,2020-06-21 13:42:10+00:00
194176180,jinan-telecom,wuhan-telecom,46.9593,0.0,icmp,1592747100,2020-06-21 13:45:00+00:00
194176404,jinan-telecom,wuhan-telecom,39.4172,0.0,icmp,1592747179,2020-06-21 13:46:19+00:00
194176601,jinan-telecom,wuhan-telecom,50.3569,0.0,icmp,1592747340,2020-06-21 13:49:00+00:00
194176854,jinan-telecom,wuhan-telecom,48.4194,0.0,icmp,1592747460,2020-06-21 13:51:00+00:00
194177064,jinan-telecom,wuhan-telecom,45.34,0.0,icmp,1592747580,2020-06-21 13:53:00+00:00
194177298,jinan-telecom,wuhan-telecom,49.3024,0.0,icmp,1592747700,2020-06-21 13:55:00+00:00
194177524,jinan-telecom,wuhan-telecom,47.6145,0.0,icmp,1592747820,2020-06-21 13:57:00+00:00
194177755,jinan-telecom,wuhan-telecom,39.3457,0.0,icmp,1592747899,2020-06-21 13:58:19+00:00
194177982,jinan-telecom,wuhan-telecom,39.3306,0.0,icmp,1592748079,2020-06-21 14:01:19+00:00
194178214,jinan-telecom,wuhan-telecom,39.569,0.0,icmp,1592748199,2020-06-21 14:03:19+00:00
194178435,jinan-telecom,wuhan-telecom,39.5911,0.0,icmp,1592748319,2020-06-21 14:05:19+00:00
194178676,jinan-telecom,wuhan-telecom,39.3792,0.0,icmp,1592748439,2020-06-21 14:07:19+00:00
194178918,jinan-telecom,wuhan-telecom,47.4293,0.0,icmp,1592748540,2020-06-21 14:09:00+00:00
194179138,jinan-telecom,wuhan-telecom,47.7798,0.0,icmp,1592748660,2020-06-21 14:11:00+00:00
194179365,jinan-telecom,wuhan-telecom,46.585,0.0,icmp,1592748780,2020-06-21 14:13:00+00:00
194179576,jinan-telecom,wuhan-telecom,46.8313,0.0,icmp,1592748900,2020-06-21 14:15:00+00:00
194179821,jinan-telecom,wuhan-telecom,39.5669,0.0,icmp,1592749024,2020-06-21 14:17:04+00:00
194180036,jinan-telecom,wuhan-telecom,49.0036,0.0,icmp,1592749140,2020-06-21 14:19:00+00:00
194180266,jinan-telecom,wuhan-telecom,48.3445,0.0,icmp,1592749260,2020-06-21 14:21:00+00:00
194180507,jinan-telecom,wuhan-telecom,48.2464,0.0,icmp,1592749380,2020-06-21 14:23:00+00:00
194180731,jinan-telecom,wuhan-telecom,48.5883,0.0,icmp,1592749500,2020-06-21 14:25:00+00:00
194180959,jinan-telecom,wuhan-telecom,46.4728,0.0,icmp,1592749620,2020-06-21 14:27:00+00:00
194181180,jinan-telecom,wuhan-telecom,50.5826,0.0,icmp,1592749740,2020-06-21 14:29:00+00:00
194181398,jinan-telecom,wuhan-telecom,46.0573,0.0,icmp,1592749860,2020-06-21 14:31:00+00:00
194181642,jinan-telecom,wuhan-telecom,48.7551,0.0,icmp,1592749980,2020-06-21 14:33:00+00:00
194181866,jinan-telecom,wuhan-telecom,46.4413,0.0,icmp,1592750100,2020-06-21 14:35:00+00:00
194182110,jinan-telecom,wuhan-telecom,47.7749,0.0,icmp,1592750220,2020-06-21 14:37:00+00:00
194182331,jinan-telecom,wuhan-telecom,46.3656,0.0,icmp,1592750340,2020-06-21 14:39:00+00:00
194182542,jinan-telecom,wuhan-telecom,48.2091,0.0,icmp,1592750460,2020-06-21 14:41:00+00:00
194182779,jinan-telecom,wuhan-telecom,47.527,0.0,icmp,1592750580,2020-06-21 14:43:00+00:00
194183010,jinan-telecom,wuhan-telecom,40.4525,0.0,icmp,1592750700,2020-06-21 14:45:00+00:00
194183224,jinan-telecom,wuhan-telecom,44.2807,0.0,icmp,1592750820,2020-06-21 14:47:00+00:00
194183476,jinan-telecom,wuhan-telecom,49.367,0.0,icmp,1592750940,2020-06-21 14:49:00+00:00
194183693,jinan-telecom,wuhan-telecom,47.5231,0.0,icmp,1592751060,2020-06-21 14:51:00+00:00
194183912,jinan-telecom,wuhan-telecom,39.3569,0.0,icmp,1592751139,2020-06-21 14:52:19+00:00
194184136,jinan-telecom,wuhan-telecom,45.3824,0.0,icmp,1592751300,2020-06-21 14:55:00+00:00
194184377,jinan-telecom,wuhan-telecom,49.7355,0.0,icmp,1592751420,2020-06-21 14:57:00+00:00
194184609,jinan-telecom,wuhan-telecom,39.4106,0.0,icmp,1592751499,2020-06-21 14:58:19+00:00
194184837,jinan-telecom,wuhan-telecom,48.4888,0.0,icmp,1592751660,2020-06-21 15:01:00+00:00
194185061,jinan-telecom,wuhan-telecom,39.7386,0.0,icmp,1592751739,2020-06-21 15:02:19+00:00
194185297,jinan-telecom,wuhan-telecom,45.4301,0.0,icmp,1592751906,2020-06-21 15:05:06+00:00
194185519,jinan-telecom,wuhan-telecom,39.5954,0.0,icmp,1592752039,2020-06-21 15:07:19+00:00
194185732,jinan-telecom,wuhan-telecom,47.8993,0.0,icmp,1592752140,2020-06-21 15:09:00+00:00
194185972,jinan-telecom,wuhan-telecom,48.9989,0.0,icmp,1592752260,2020-06-21 15:11:00+00:00
194186199,jinan-telecom,wuhan-telecom,44.2298,0.0,icmp,1592752380,2020-06-21 15:13:00+00:00
194186440,jinan-telecom,wuhan-telecom,47.5023,0.0,icmp,1592752500,2020-06-21 15:15:00+00:00
194186645,jinan-telecom,wuhan-telecom,46.4144,0.0,icmp,1592752620,2020-06-21 15:17:00+00:00
194186898,jinan-telecom,wuhan-telecom,49.4828,0.0,icmp,1592752740,2020-06-21 15:19:00+00:00
194187116,jinan-telecom,wuhan-telecom,49.2861,0.0,icmp,1592752860,2020-06-21 15:21:00+00:00
194187346,jinan-telecom,wuhan-telecom,47.7035,0.0,icmp,1592752980,2020-06-21 15:23:00+00:00
194187575,jinan-telecom,wuhan-telecom,46.8202,0.0,icmp,1592753100,2020-06-21 15:25:00+00:00
194187766,jinan-telecom,wuhan-telecom,39.3666,0.0,icmp,1592753239,2020-06-21 15:27:19+00:00
194188016,jinan-telecom,wuhan-telecom,45.0755,0.0,icmp,1592753340,2020-06-21 15:29:00+00:00
194188253,jinan-telecom,wuhan-telecom,39.4673,0.0,icmp,1592753479,2020-06-21 15:31:19+00:00
194188494,jinan-telecom,wuhan-telecom,39.4658,0.0,icmp,1592753585,2020-06-21 15:33:05+00:00
194188697,jinan-telecom,wuhan-telecom,46.4602,0.0,icmp,1592753700,2020-06-21 15:35:00+00:00
194188917,jinan-telecom,wuhan-telecom,46.1419,0.0,icmp,1592753820,2020-06-21 15:37:00+00:00
194189154,jinan-telecom,wuhan-telecom,47.0891,0.0,icmp,1592753940,2020-06-21 15:39:00+00:00
194189402,jinan-telecom,wuhan-telecom,47.9728,0.0,icmp,1592754060,2020-06-21 15:41:00+00:00
194189618,jinan-telecom,wuhan-telecom,45.608,0.0,icmp,1592754180,2020-06-21 15:43:00+00:00
194189855,jinan-telecom,wuhan-telecom,45.9625,0.0,icmp,1592754300,2020-06-21 15:45:00+00:00
194190080,jinan-telecom,wuhan-telecom,39.3253,0.0,icmp,1592754379,2020-06-21 15:46:19+00:00
194190294,jinan-telecom,wuhan-telecom,49.402,0.0,icmp,1592754540,2020-06-21 15:49:00+00:00
194190545,jinan-telecom,wuhan-telecom,46.9406,0.0,icmp,1592754660,2020-06-21 15:51:00+00:00
194190756,jinan-telecom,wuhan-telecom,39.3759,0.0,icmp,1592754799,2020-06-21 15:53:19+00:00
194190976,jinan-telecom,wuhan-telecom,46.3091,0.0,icmp,1592754900,2020-06-21 15:55:00+00:00
194191228,jinan-telecom,wuhan-telecom,39.4147,0.0,icmp,1592754979,2020-06-21 15:56:19+00:00
194191432,jinan-telecom,wuhan-telecom,47.129,0.0,icmp,1592755140,2020-06-21 15:59:00+00:00
194191659,jinan-telecom,wuhan-telecom,47.5607,0.0,icmp,1592755260,2020-06-21 16:01:00+00:00
194191888,jinan-telecom,wuhan-telecom,39.3043,0.0,icmp,1592755339,2020-06-21 16:02:19+00:00
194192156,jinan-telecom,wuhan-telecom,42.4838,0.0,icmp,1592755500,2020-06-21 16:05:00+00:00
194192359,jinan-telecom,wuhan-telecom,46.063,0.0,icmp,1592755620,2020-06-21 16:07:00+00:00
194192592,jinan-telecom,wuhan-telecom,48.169,0.0,icmp,1592755740,2020-06-21 16:09:00+00:00
194192815,jinan-telecom,wuhan-telecom,47.5703,0.0,icmp,1592755860,2020-06-21 16:11:00+00:00
194193052,jinan-telecom,wuhan-telecom,46.8526,0.0,icmp,1592755980,2020-06-21 16:13:00+00:00
194193257,jinan-telecom,wuhan-telecom,40.0048,0.0,icmp,1592756046,2020-06-21 16:14:06+00:00
194193519,jinan-telecom,wuhan-telecom,39.5795,0.0,icmp,1592756166,2020-06-21 16:16:06+00:00
194193738,jinan-telecom,wuhan-telecom,47.7727,0.0,icmp,1592756340,2020-06-21 16:19:00+00:00
194193953,jinan-telecom,wuhan-telecom,47.7694,0.0,icmp,1592756460,2020-06-21 16:21:00+00:00
194194182,jinan-telecom,wuhan-telecom,47.1078,0.0,icmp,1592756580,2020-06-21 16:23:00+00:00
194194401,jinan-telecom,wuhan-telecom,48.7443,0.0,icmp,1592756700,2020-06-21 16:25:00+00:00
194194634,jinan-telecom,wuhan-telecom,47.1522,0.0,icmp,1592756820,2020-06-21 16:27:00+00:00
194194870,jinan-telecom,wuhan-telecom,39.5352,0.0,icmp,1592756899,2020-06-21 16:28:19+00:00
194195092,jinan-telecom,wuhan-telecom,44.0032,0.0,icmp,1592757060,2020-06-21 16:31:00+00:00
194195349,jinan-telecom,wuhan-telecom,39.4219,0.0,icmp,1592757139,2020-06-21 16:32:19+00:00
194195538,jinan-telecom,wuhan-telecom,42.9467,0.0,icmp,1592757300,2020-06-21 16:35:00+00:00
194195786,jinan-telecom,wuhan-telecom,46.5407,0.0,icmp,1592757420,2020-06-21 16:37:00+00:00
194196001,jinan-telecom,wuhan-telecom,46.5238,0.0,icmp,1592757540,2020-06-21 16:39:00+00:00
194196241,jinan-telecom,wuhan-telecom,43.15,0.0,icmp,1592757660,2020-06-21 16:41:00+00:00
194196449,jinan-telecom,wuhan-telecom,48.6687,0.0,icmp,1592757780,2020-06-21 16:43:00+00:00
194196674,jinan-telecom,wuhan-telecom,49.6508,0.0,icmp,1592757900,2020-06-21 16:45:00+00:00
194196929,jinan-telecom,wuhan-telecom,47.084,0.0,icmp,1592758020,2020-06-21 16:47:00+00:00
194197159,jinan-telecom,wuhan-telecom,39.5572,0.0,icmp,1592758099,2020-06-21 16:48:19+00:00
194197361,jinan-telecom,wuhan-telecom,48.27,0.0,icmp,1592758260,2020-06-21 16:51:00+00:00
194197586,jinan-telecom,wuhan-telecom,45.9594,0.0,icmp,1592758380,2020-06-21 16:53:00+00:00
194197831,jinan-telecom,wuhan-telecom,40.5615,0.0,icmp,1592758500,2020-06-21 16:55:00+00:00
194198066,jinan-telecom,wuhan-telecom,47.7784,0.0,icmp,1592758620,2020-06-21 16:57:00+00:00
194198273,jinan-telecom,wuhan-telecom,47.3525,0.0,icmp,1592758740,2020-06-21 16:59:00+00:00
194198526,jinan-telecom,wuhan-telecom,39.5146,0.0,icmp,1592758879,2020-06-21 17:01:19+00:00
194198726,jinan-telecom,wuhan-telecom,48.7925,0.0,icmp,1592758980,2020-06-21 17:03:00+00:00
194198970,jinan-telecom,wuhan-telecom,40.9232,0.0,icmp,1592759100,2020-06-21 17:05:00+00:00
194199210,jinan-telecom,wuhan-telecom,45.0343,0.0,icmp,1592759220,2020-06-21 17:07:00+00:00
194199411,jinan-telecom,wuhan-telecom,46.9165,0.0,icmp,1592759340,2020-06-21 17:09:00+00:00
194199647,jinan-telecom,wuhan-telecom,39.6623,0.0,icmp,1592759419,2020-06-21 17:10:19+00:00
194199872,jinan-telecom,wuhan-telecom,48.5074,0.0,icmp,1592759580,2020-06-21 17:13:00+00:00
194200121,jinan-telecom,wuhan-telecom,41.3207,0.0,icmp,1592759700,2020-06-21 17:15:00+00:00
194200339,jinan-telecom,wuhan-telecom,47.9094,0.0,icmp,1592759820,2020-06-21 17:17:00+00:00
194200556,jinan-telecom,wuhan-telecom,47.2915,0.0,icmp,1592759940,2020-06-21 17:19:00+00:00
194200791,jinan-telecom,wuhan-telecom,47.7433,0.0,icmp,1592760060,2020-06-21 17:21:00+00:00
194201014,jinan-telecom,wuhan-telecom,48.303,0.0,icmp,1592760180,2020-06-21 17:23:00+00:00
194201247,jinan-telecom,wuhan-telecom,47.9347,0.0,icmp,1592760300,2020-06-21 17:25:00+00:00
194201475,jinan-telecom,wuhan-telecom,45.296,0.0,icmp,1592760420,2020-06-21 17:27:00+00:00
194201718,jinan-telecom,wuhan-telecom,39.5647,0.0,icmp,1592760540,2020-06-21 17:29:00+00:00
194201922,jinan-telecom,wuhan-telecom,39.4819,0.0,icmp,1592760679,2020-06-21 17:31:19+00:00
194202143,jinan-telecom,wuhan-telecom,46.6162,0.0,icmp,1592760780,2020-06-21 17:33:00+00:00
194202381,jinan-telecom,wuhan-telecom,45.4037,0.0,icmp,1592760900,2020-06-21 17:35:00+00:00
194202593,jinan-telecom,wuhan-telecom,46.3865,0.0,icmp,1592761020,2020-06-21 17:37:00+00:00
194202839,jinan-telecom,wuhan-telecom,48.71,0.0,icmp,1592761140,2020-06-21 17:39:00+00:00
194203059,jinan-telecom,wuhan-telecom,45.5296,0.0,icmp,1592761260,2020-06-21 17:41:00+00:00
194203300,jinan-telecom,wuhan-telecom,50.4752,0.0,icmp,1592761380,2020-06-21 17:43:00+00:00
194203528,jinan-telecom,wuhan-telecom,49.5275,0.0,icmp,1592761500,2020-06-21 17:45:00+00:00
194203755,jinan-telecom,wuhan-telecom,47.8644,0.0,icmp,1592761620,2020-06-21 17:47:00+00:00
194203976,jinan-telecom,wuhan-telecom,39.6497,0.0,icmp,1592761699,2020-06-21 17:48:19+00:00
194204210,jinan-telecom,wuhan-telecom,49.3186,0.0,icmp,1592761860,2020-06-21 17:51:00+00:00
194204427,jinan-telecom,wuhan-telecom,39.442,0.0,icmp,1592761999,2020-06-21 17:53:19+00:00
194204655,jinan-telecom,wuhan-telecom,48.4585,0.0,icmp,1592762100,2020-06-21 17:55:00+00:00
194204898,jinan-telecom,wuhan-telecom,48.239,0.0,icmp,1592762220,2020-06-21 17:57:00+00:00
194205136,jinan-telecom,wuhan-telecom,46.1031,0.0,icmp,1592762340,2020-06-21 17:59:00+00:00
194205348,jinan-telecom,wuhan-telecom,48.8827,0.0,icmp,1592762460,2020-06-21 18:01:00+00:00
194205587,jinan-telecom,wuhan-telecom,47.627,0.0,icmp,1592762580,2020-06-21 18:03:00+00:00
194205812,jinan-telecom,wuhan-telecom,39.4455,0.0,icmp,1592762659,2020-06-21 18:04:19+00:00
194206023,jinan-telecom,wuhan-telecom,49.3637,0.0,icmp,1592762820,2020-06-21 18:07:00+00:00
194206294,jinan-telecom,wuhan-telecom,46.3117,0.0,icmp,1592762940,2020-06-21 18:09:00+00:00
194206491,jinan-telecom,wuhan-telecom,49.6437,0.0,icmp,1592763060,2020-06-21 18:11:00+00:00
194206706,jinan-telecom,wuhan-telecom,48.1404,0.0,icmp,1592763180,2020-06-21 18:13:00+00:00
194206956,jinan-telecom,wuhan-telecom,49.2353,0.0,icmp,1592763300,2020-06-21 18:15:00+00:00
194207168,jinan-telecom,wuhan-telecom,39.4411,0.0,icmp,1592763379,2020-06-21 18:16:19+00:00
194207399,jinan-telecom,wuhan-telecom,49.258,0.0,icmp,1592763540,2020-06-21 18:19:00+00:00
194207625,jinan-telecom,wuhan-telecom,41.9687,0.0,icmp,1592763660,2020-06-21 18:21:00+00:00
194207875,jinan-telecom,wuhan-telecom,39.6267,0.0,icmp,1592763799,2020-06-21 18:23:19+00:00
194208081,jinan-telecom,wuhan-telecom,48.4443,0.0,icmp,1592763900,2020-06-21 18:25:00+00:00
194208329,jinan-telecom,wuhan-telecom,46.5452,0.0,icmp,1592764020,2020-06-21 18:27:00+00:00
194208528,jinan-telecom,wuhan-telecom,39.3932,0.0,icmp,1592764099,2020-06-21 18:28:19+00:00
194208761,jinan-telecom,wuhan-telecom,39.5384,0.0,icmp,1592764279,2020-06-21 18:31:19+00:00
194208995,jinan-telecom,wuhan-telecom,46.9708,0.0,icmp,1592764380,2020-06-21 18:33:00+00:00
194209227,jinan-telecom,wuhan-telecom,44.904,0.0,icmp,1592764500,2020-06-21 18:35:00+00:00
194209470,jinan-telecom,wuhan-telecom,47.6989,0.0,icmp,1592764620,2020-06-21 18:37:00+00:00
194209697,jinan-telecom,wuhan-telecom,46.7439,0.0,icmp,1592764740,2020-06-21 18:39:00+00:00
194209923,jinan-telecom,wuhan-telecom,39.8527,0.0,icmp,1592764879,2020-06-21 18:41:19+00:00
194210132,jinan-telecom,wuhan-telecom,45.2339,0.0,icmp,1592764980,2020-06-21 18:43:00+00:00
194210376,jinan-telecom,wuhan-telecom,39.4406,0.0,icmp,1592765059,2020-06-21 18:44:19+00:00
194210585,jinan-telecom,wuhan-telecom,39.4443,0.0,icmp,1592765239,2020-06-21 18:47:19+00:00
194210829,jinan-telecom,wuhan-telecom,48.3399,0.0,icmp,1592765340,2020-06-21 18:49:00+00:00
194211057,jinan-telecom,wuhan-telecom,39.4466,0.0,icmp,1592765479,2020-06-21 18:51:19+00:00
194211292,jinan-telecom,wuhan-telecom,39.5406,0.0,icmp,1592765585,2020-06-21 18:53:05+00:00
194211498,jinan-telecom,wuhan-telecom,39.4871,0.0,icmp,1592765719,2020-06-21 18:55:19+00:00
194211756,jinan-telecom,wuhan-telecom,47.1701,0.0,icmp,1592765820,2020-06-21 18:57:00+00:00
194211949,jinan-telecom,wuhan-telecom,45.0042,0.0,icmp,1592765940,2020-06-21 18:59:00+00:00
194212176,jinan-telecom,wuhan-telecom,47.6608,0.0,icmp,1592766060,2020-06-21 19:01:00+00:00
194212410,jinan-telecom,wuhan-telecom,47.797,0.0,icmp,1592766180,2020-06-21 19:03:00+00:00
194212643,jinan-telecom,wuhan-telecom,45.6974,0.0,icmp,1592766300,2020-06-21 19:05:00+00:00
194212883,jinan-telecom,wuhan-telecom,52.0984,0.0,icmp,1592766420,2020-06-21 19:07:00+00:00
194213104,jinan-telecom,wuhan-telecom,49.8158,0.0,icmp,1592766540,2020-06-21 19:09:00+00:00
194213315,jinan-telecom,wuhan-telecom,47.9037,0.0,icmp,1592766660,2020-06-21 19:11:00+00:00
194213567,jinan-telecom,wuhan-telecom,39.4314,0.0,icmp,1592766739,2020-06-21 19:12:19+00:00
194213777,jinan-telecom,wuhan-telecom,50.4263,0.0,icmp,1592766900,2020-06-21 19:15:00+00:00
194214024,jinan-telecom,wuhan-telecom,48.7989,0.0,icmp,1592767020,2020-06-21 19:17:00+00:00
194214234,jinan-telecom,wuhan-telecom,48.3994,0.0,icmp,1592767140,2020-06-21 19:19:00+00:00
194214458,jinan-telecom,wuhan-telecom,49.0882,0.0,icmp,1592767260,2020-06-21 19:21:00+00:00
194214694,jinan-telecom,wuhan-telecom,39.4398,0.0,icmp,1592767339,2020-06-21 19:22:19+00:00
194214931,jinan-telecom,wuhan-telecom,49.7069,0.0,icmp,1592767500,2020-06-21 19:25:00+00:00
194215153,jinan-telecom,wuhan-telecom,39.4183,0.0,icmp,1592767579,2020-06-21 19:26:19+00:00
194215388,jinan-telecom,wuhan-telecom,44.6106,0.0,icmp,1592767740,2020-06-21 19:29:00+00:00
194215596,jinan-telecom,wuhan-telecom,47.4749,0.0,icmp,1592767860,2020-06-21 19:31:00+00:00
194215860,jinan-telecom,wuhan-telecom,39.4537,0.0,icmp,1592767939,2020-06-21 19:32:19+00:00
194216047,jinan-telecom,wuhan-telecom,48.6701,0.0,icmp,1592768100,2020-06-21 19:35:00+00:00
194216272,jinan-telecom,wuhan-telecom,48.7154,0.0,icmp,1592768220,2020-06-21 19:37:00+00:00
194216514,jinan-telecom,wuhan-telecom,47.5422,0.0,icmp,1592768340,2020-06-21 19:39:00+00:00
194216729,jinan-telecom,wuhan-telecom,47.9577,0.0,icmp,1592768460,2020-06-21 19:41:00+00:00
194216959,jinan-telecom,wuhan-telecom,49.2,0.0,icmp,1592768580,2020-06-21 19:43:00+00:00
194217217,jinan-telecom,wuhan-telecom,39.5652,0.0,icmp,1592768719,2020-06-21 19:45:19+00:00
194217429,jinan-telecom,wuhan-telecom,46.7169,0.0,icmp,1592768820,2020-06-21 19:47:00+00:00
194217666,jinan-telecom,wuhan-telecom,46.4294,0.0,icmp,1592768940,2020-06-21 19:49:00+00:00
194217877,jinan-telecom,wuhan-telecom,39.4158,0.0,icmp,1592769079,2020-06-21 19:51:19+00:00
194218122,jinan-telecom,wuhan-telecom,49.2059,0.0,icmp,1592769180,2020-06-21 19:53:00+00:00
194218350,jinan-telecom,wuhan-telecom,48.7566,0.0,icmp,1592769300,2020-06-21 19:55:00+00:00
194218567,jinan-telecom,wuhan-telecom,43.9745,0.0,icmp,1592769420,2020-06-21 19:57:00+00:00
194218811,jinan-telecom,wuhan-telecom,48.5442,0.0,icmp,1592769540,2020-06-21 19:59:00+00:00
194219049,jinan-telecom,wuhan-telecom,49.7391,0.0,icmp,1592769660,2020-06-21 20:01:00+00:00
194219244,jinan-telecom,wuhan-telecom,46.5722,0.0,icmp,1592769780,2020-06-21 20:03:00+00:00
194219483,jinan-telecom,wuhan-telecom,47.61,0.0,icmp,1592769900,2020-06-21 20:05:00+00:00
194219706,jinan-telecom,wuhan-telecom,49.0655,0.0,icmp,1592770020,2020-06-21 20:07:00+00:00
194219915,jinan-telecom,wuhan-telecom,44.4882,0.0,icmp,1592770140,2020-06-21 20:09:00+00:00
194220167,jinan-telecom,wuhan-telecom,48.3192,0.0,icmp,1592770260,2020-06-21 20:11:00+00:00
194220394,jinan-telecom,wuhan-telecom,49.9234,0.0,icmp,1592770380,2020-06-21 20:13:00+00:00
194220608,jinan-telecom,wuhan-telecom,39.4127,0.0,icmp,1592770459,2020-06-21 20:14:19+00:00
194220845,jinan-telecom,wuhan-telecom,48.8025,0.0,icmp,1592770620,2020-06-21 20:17:00+00:00
194221095,jinan-telecom,wuhan-telecom,47.0169,0.0,icmp,1592770740,2020-06-21 20:19:00+00:00
194221313,jinan-telecom,wuhan-telecom,39.6536,0.0,icmp,1592770879,2020-06-21 20:21:19+00:00
194221532,jinan-telecom,wuhan-telecom,43.3266,0.0,icmp,1592770980,2020-06-21 20:23:00+00:00
194221755,jinan-telecom,wuhan-telecom,43.5239,0.0,icmp,1592771104,2020-06-21 20:25:04+00:00
194221993,jinan-telecom,wuhan-telecom,48.0832,0.0,icmp,1592771220,2020-06-21 20:27:00+00:00
194222221,jinan-telecom,wuhan-telecom,47.1204,0.0,icmp,1592771340,2020-06-21 20:29:00+00:00
194222429,jinan-telecom,wuhan-telecom,39.5566,0.0,icmp,1592771479,2020-06-21 20:31:19+00:00
194222673,jinan-telecom,wuhan-telecom,48.6746,0.0,icmp,1592771580,2020-06-21 20:33:00+00:00
194222888,jinan-telecom,wuhan-telecom,42.8884,0.0,icmp,1592771700,2020-06-21 20:35:00+00:00
194223126,jinan-telecom,wuhan-telecom,47.6556,0.0,icmp,1592771820,2020-06-21 20:37:00+00:00
194223373,jinan-telecom,wuhan-telecom,50.149,0.0,icmp,1592771940,2020-06-21 20:39:00+00:00
194223578,jinan-telecom,wuhan-telecom,46.5225,0.0,icmp,1592772060,2020-06-21 20:41:00+00:00
194223827,jinan-telecom,wuhan-telecom,42.4899,0.0,icmp,1592772180,2020-06-21 20:43:00+00:00
194224056,jinan-telecom,wuhan-telecom,39.5009,0.0,icmp,1592772244,2020-06-21 20:44:04+00:00
194224271,jinan-telecom,wuhan-telecom,46.6758,0.0,icmp,1592772420,2020-06-21 20:47:00+00:00
194224492,jinan-telecom,wuhan-telecom,47.8139,0.0,icmp,1592772540,2020-06-21 20:49:00+00:00
194224722,jinan-telecom,wuhan-telecom,51.6917,0.0,icmp,1592772660,2020-06-21 20:51:00+00:00
194224954,jinan-telecom,wuhan-telecom,39.4371,0.0,icmp,1592772739,2020-06-21 20:52:19+00:00
194225187,jinan-telecom,wuhan-telecom,48.5998,0.0,icmp,1592772900,2020-06-21 20:55:00+00:00
194225411,jinan-telecom,wuhan-telecom,46.7107,0.0,icmp,1592773020,2020-06-21 20:57:00+00:00
194225624,jinan-telecom,wuhan-telecom,46.918,0.0,icmp,1592773140,2020-06-21 20:59:00+00:00
194225874,jinan-telecom,wuhan-telecom,39.6599,0.0,icmp,1592773279,2020-06-21 21:01:19+00:00
194226100,jinan-telecom,wuhan-telecom,46.7583,0.0,icmp,1592773380,2020-06-21 21:03:00+00:00
194226336,jinan-telecom,wuhan-telecom,42.0005,0.0,icmp,1592773444,2020-06-21 21:04:04+00:00
194226550,jinan-telecom,wuhan-telecom,45.7194,0.0,icmp,1592773620,2020-06-21 21:07:00+00:00
194226781,jinan-telecom,wuhan-telecom,49.5589,0.0,icmp,1592773740,2020-06-21 21:09:00+00:00
194226992,jinan-telecom,wuhan-telecom,46.6292,0.0,icmp,1592773860,2020-06-21 21:11:00+00:00
194227222,jinan-telecom,wuhan-telecom,50.3917,0.0,icmp,1592773980,2020-06-21 21:13:00+00:00
194227483,jinan-telecom,wuhan-telecom,48.29,0.0,icmp,1592774100,2020-06-21 21:15:00+00:00
194227694,jinan-telecom,wuhan-telecom,47.4628,0.0,icmp,1592774220,2020-06-21 21:17:00+00:00
194227918,jinan-telecom,wuhan-telecom,39.4698,0.0,icmp,1592774359,2020-06-21 21:19:19+00:00
194228140,jinan-telecom,wuhan-telecom,47.2295,0.0,icmp,1592774460,2020-06-21 21:21:00+00:00
194228380,jinan-telecom,wuhan-telecom,39.5485,0.0,icmp,1592774525,2020-06-21 21:22:05+00:00
194228625,jinan-telecom,wuhan-telecom,47.1818,0.0,icmp,1592774700,2020-06-21 21:25:00+00:00
194228822,jinan-telecom,wuhan-telecom,43.4153,0.0,icmp,1592774820,2020-06-21 21:27:00+00:00
194229063,jinan-telecom,wuhan-telecom,44.8586,0.0,icmp,1592774945,2020-06-21 21:29:05+00:00
194229281,jinan-telecom,wuhan-telecom,42.3901,0.0,icmp,1592775060,2020-06-21 21:31:00+00:00
194229549,jinan-telecom,wuhan-telecom,46.6677,0.0,icmp,1592775180,2020-06-21 21:33:00+00:00
194229762,jinan-telecom,wuhan-telecom,49.5449,0.0,icmp,1592775300,2020-06-21 21:35:00+00:00
194229976,jinan-telecom,wuhan-telecom,47.1723,0.0,icmp,1592775420,2020-06-21 21:37:00+00:00
194230194,jinan-telecom,wuhan-telecom,48.2178,0.0,icmp,1592775540,2020-06-21 21:39:00+00:00
194230440,jinan-telecom,wuhan-telecom,39.4175,0.0,icmp,1592775619,2020-06-21 21:40:19+00:00
194230655,jinan-telecom,wuhan-telecom,49.4998,0.0,icmp,1592775780,2020-06-21 21:43:00+00:00
194230881,jinan-telecom,wuhan-telecom,48.1547,0.0,icmp,1592775900,2020-06-21 21:45:00+00:00
194231105,jinan-telecom,wuhan-telecom,39.3992,0.0,icmp,1592775979,2020-06-21 21:46:19+00:00
194231327,jinan-telecom,wuhan-telecom,48.9749,0.0,icmp,1592776140,2020-06-21 21:49:00+00:00
194231556,jinan-telecom,wuhan-telecom,48.0086,0.0,icmp,1592776260,2020-06-21 21:51:00+00:00
194231805,jinan-telecom,wuhan-telecom,45.6552,0.0,icmp,1592776380,2020-06-21 21:53:00+00:00
194232010,jinan-telecom,wuhan-telecom,44.2999,0.0,icmp,1592776500,2020-06-21 21:55:00+00:00
194232246,jinan-telecom,wuhan-telecom,48.3148,0.0,icmp,1592776620,2020-06-21 21:57:00+00:00
194232467,jinan-telecom,wuhan-telecom,48.7044,0.0,icmp,1592776740,2020-06-21 21:59:00+00:00
194232685,jinan-telecom,wuhan-telecom,47.9711,0.0,icmp,1592776860,2020-06-21 22:01:00+00:00
194232931,jinan-telecom,wuhan-telecom,46.0479,0.0,icmp,1592776980,2020-06-21 22:03:00+00:00
194233174,jinan-telecom,wuhan-telecom,46.8166,0.0,icmp,1592777100,2020-06-21 22:05:00+00:00
194233413,jinan-telecom,wuhan-telecom,46.4266,0.0,icmp,1592777220,2020-06-21 22:07:00+00:00
194233600,jinan-telecom,wuhan-telecom,50.1003,0.0,icmp,1592777340,2020-06-21 22:09:00+00:00
194233848,jinan-telecom,wuhan-telecom,47.9322,0.0,icmp,1592777460,2020-06-21 22:11:00+00:00
194234101,jinan-telecom,wuhan-telecom,49.196,0.0,icmp,1592777580,2020-06-21 22:13:00+00:00
194234298,jinan-telecom,wuhan-telecom,48.2322,0.0,icmp,1592777700,2020-06-21 22:15:00+00:00
194234523,jinan-telecom,wuhan-telecom,47.5411,0.0,icmp,1592777820,2020-06-21 22:17:00+00:00
194234763,jinan-telecom,wuhan-telecom,46.2139,0.0,icmp,1592777940,2020-06-21 22:19:00+00:00
194234996,jinan-telecom,wuhan-telecom,47.0875,0.0,icmp,1592778060,2020-06-21 22:21:00+00:00
194235224,jinan-telecom,wuhan-telecom,41.3506,0.0,icmp,1592778180,2020-06-21 22:23:00+00:00
194235437,jinan-telecom,wuhan-telecom,47.3813,0.0,icmp,1592778300,2020-06-21 22:25:00+00:00
194235677,jinan-telecom,wuhan-telecom,47.8084,0.0,icmp,1592778420,2020-06-21 22:27:00+00:00
194235897,jinan-telecom,wuhan-telecom,48.9147,0.0,icmp,1592778540,2020-06-21 22:29:00+00:00
194236139,jinan-telecom,wuhan-telecom,46.0989,0.0,icmp,1592778660,2020-06-21 22:31:00+00:00
194236339,jinan-telecom,wuhan-telecom,39.538,0.0,icmp,1592778739,2020-06-21 22:32:19+00:00
194236579,jinan-telecom,wuhan-telecom,46.1284,0.0,icmp,1592778900,2020-06-21 22:35:00+00:00
194236832,jinan-telecom,wuhan-telecom,48.9359,0.0,icmp,1592779020,2020-06-21 22:37:00+00:00
194237045,jinan-telecom,wuhan-telecom,47.0517,0.0,icmp,1592779140,2020-06-21 22:39:00+00:00
194237255,jinan-telecom,wuhan-telecom,46.4615,0.0,icmp,1592779260,2020-06-21 22:41:00+00:00
194237497,jinan-telecom,wuhan-telecom,48.6045,0.0,icmp,1592779380,2020-06-21 22:43:00+00:00
194237720,jinan-telecom,wuhan-telecom,39.4505,0.0,icmp,1592779519,2020-06-21 22:45:19+00:00
194237944,jinan-telecom,wuhan-telecom,49.2399,0.0,icmp,1592779620,2020-06-21 22:47:00+00:00
194238168,jinan-telecom,wuhan-telecom,47.6224,0.0,icmp,1592779740,2020-06-21 22:49:00+00:00
194238408,jinan-telecom,wuhan-telecom,39.7827,0.0,icmp,1592779819,2020-06-21 22:50:19+00:00
194238621,jinan-telecom,wuhan-telecom,48.1348,0.0,icmp,1592779924,2020-06-21 22:52:04+00:00
194238852,jinan-telecom,wuhan-telecom,48.421,0.0,icmp,1592780100,2020-06-21 22:55:00+00:00
194239091,jinan-telecom,wuhan-telecom,39.6516,0.0,icmp,1592780179,2020-06-21 22:56:19+00:00
194239309,jinan-telecom,wuhan-telecom,48.0702,0.0,icmp,1592780340,2020-06-21 22:59:00+00:00
194239555,jinan-telecom,wuhan-telecom,48.3935,0.0,icmp,1592780460,2020-06-21 23:01:00+00:00
194239764,jinan-telecom,wuhan-telecom,39.8515,0.0,icmp,1592780539,2020-06-21 23:02:19+00:00
194239975,jinan-telecom,wuhan-telecom,39.6272,0.0,icmp,1592780719,2020-06-21 23:05:19+00:00
194240229,jinan-telecom,wuhan-telecom,46.9244,0.0,icmp,1592780820,2020-06-21 23:07:00+00:00
194240471,jinan-telecom,wuhan-telecom,43.7093,0.0,icmp,1592780940,2020-06-21 23:09:00+00:00
194240690,jinan-telecom,wuhan-telecom,39.4951,0.0,icmp,1592781079,2020-06-21 23:11:19+00:00
194240920,jinan-telecom,wuhan-telecom,48.0112,0.0,icmp,1592781180,2020-06-21 23:13:00+00:00
194241140,jinan-telecom,wuhan-telecom,48.5621,0.0,icmp,1592781300,2020-06-21 23:15:00+00:00
194241374,jinan-telecom,wuhan-telecom,49.2227,0.0,icmp,1592781420,2020-06-21 23:17:00+00:00
194241596,jinan-telecom,wuhan-telecom,39.5836,0.0,icmp,1592781499,2020-06-21 23:18:19+00:00
194241812,jinan-telecom,wuhan-telecom,39.4248,0.0,icmp,1592781619,2020-06-21 23:20:19+00:00
194242059,jinan-telecom,wuhan-telecom,39.4024,0.0,icmp,1592781799,2020-06-21 23:23:19+00:00
194242295,jinan-telecom,wuhan-telecom,45.9898,0.0,icmp,1592781900,2020-06-21 23:25:00+00:00
194242505,jinan-telecom,wuhan-telecom,50.4569,0.0,icmp,1592782020,2020-06-21 23:27:00+00:00
194242744,jinan-telecom,wuhan-telecom,46.5806,0.0,icmp,1592782140,2020-06-21 23:29:00+00:00
194242965,jinan-telecom,wuhan-telecom,39.5278,0.0,icmp,1592782219,2020-06-21 23:30:19+00:00
194243179,jinan-telecom,wuhan-telecom,41.9486,0.0,icmp,1592782380,2020-06-21 23:33:00+00:00
194243431,jinan-telecom,wuhan-telecom,48.5714,0.0,icmp,1592782500,2020-06-21 23:35:00+00:00
194243656,jinan-telecom,wuhan-telecom,39.5897,0.0,icmp,1592782639,2020-06-21 23:37:19+00:00
194243863,jinan-telecom,wuhan-telecom,47.2323,0.0,icmp,1592782740,2020-06-21 23:39:00+00:00
194244093,jinan-telecom,wuhan-telecom,48.5048,0.0,icmp,1592782860,2020-06-21 23:41:00+00:00
194244342,jinan-telecom,wuhan-telecom,39.6202,0.0,icmp,1592782999,2020-06-21 23:43:19+00:00
194244570,jinan-telecom,wuhan-telecom,44.3521,0.0,icmp,1592783100,2020-06-21 23:45:00+00:00
194244781,jinan-telecom,wuhan-telecom,46.4835,0.0,icmp,1592783220,2020-06-21 23:47:00+00:00
194245042,jinan-telecom,wuhan-telecom,50.7238,0.0,icmp,1592783340,2020-06-21 23:49:00+00:00
194245253,jinan-telecom,wuhan-telecom,45.6894,0.0,icmp,1592783460,2020-06-21 23:51:00+00:00
194245513,jinan-telecom,wuhan-telecom,48.7686,0.0,icmp,1592783580,2020-06-21 23:53:00+00:00
194245702,jinan-telecom,wuhan-telecom,47.2254,0.0,icmp,1592783700,2020-06-21 23:55:00+00:00
194245938,jinan-telecom,wuhan-telecom,47.3198,0.0,icmp,1592783820,2020-06-21 23:57:00+00:00
194246127,jinan-telecom,wuhan-telecom,48.3552,0.0,icmp,1592783940,2020-06-21 23:59:00+00:00
194246371,jinan-telecom,wuhan-telecom,39.6156,0.0,icmp,1592784019,2020-06-22 00:00:19+00:00
194246643,jinan-telecom,wuhan-telecom,39.4725,0.0,icmp,1592784199,2020-06-22 00:03:19+00:00
194246831,jinan-telecom,wuhan-telecom,45.451,0.0,icmp,1592784300,2020-06-22 00:05:00+00:00
194247084,jinan-telecom,wuhan-telecom,39.4903,0.0,icmp,1592784439,2020-06-22 00:07:19+00:00
194247284,jinan-telecom,wuhan-telecom,46.514,0.0,icmp,1592784540,2020-06-22 00:09:00+00:00
194247513,jinan-telecom,wuhan-telecom,48.2761,0.0,icmp,1592784660,2020-06-22 00:11:00+00:00
194247751,jinan-telecom,wuhan-telecom,48.3534,0.0,icmp,1592784780,2020-06-22 00:13:00+00:00
194247977,jinan-telecom,wuhan-telecom,45.358,0.0,icmp,1592784900,2020-06-22 00:15:00+00:00
194248210,jinan-telecom,wuhan-telecom,47.6934,0.0,icmp,1592785020,2020-06-22 00:17:00+00:00
194248439,jinan-telecom,wuhan-telecom,39.4623,0.0,icmp,1592785099,2020-06-22 00:18:19+00:00
194248665,jinan-telecom,wuhan-telecom,39.6017,0.0,icmp,1592785279,2020-06-22 00:21:19+00:00
194248897,jinan-telecom,wuhan-telecom,49.8015,0.0,icmp,1592785380,2020-06-22 00:23:00+00:00
194249109,jinan-telecom,wuhan-telecom,39.4544,0.0,icmp,1592785519,2020-06-22 00:25:19+00:00
194249345,jinan-telecom,wuhan-telecom,47.2072,0.0,icmp,1592785620,2020-06-22 00:27:00+00:00
194249589,jinan-telecom,wuhan-telecom,48.2947,0.0,icmp,1592785740,2020-06-22 00:29:00+00:00
194249800,jinan-telecom,wuhan-telecom,48.7209,0.0,icmp,1592785860,2020-06-22 00:31:00+00:00
194250039,jinan-telecom,wuhan-telecom,45.8151,0.0,icmp,1592785980,2020-06-22 00:33:00+00:00
194250273,jinan-telecom,wuhan-telecom,39.6821,0.0,icmp,1592786059,2020-06-22 00:34:19+00:00
194250482,jinan-telecom,wuhan-telecom,47.8193,0.0,icmp,1592786220,2020-06-22 00:37:00+00:00
194250706,jinan-telecom,wuhan-telecom,54.8748,0.0,icmp,1592786340,2020-06-22 00:39:00+00:00
194250960,jinan-telecom,wuhan-telecom,50.2354,0.0,icmp,1592786460,2020-06-22 00:41:00+00:00
194251161,jinan-telecom,wuhan-telecom,48.4305,0.0,icmp,1592786580,2020-06-22 00:43:00+00:00
194251414,jinan-telecom,wuhan-telecom,47.2762,0.0,icmp,1592786700,2020-06-22 00:45:00+00:00
194251627,jinan-telecom,wuhan-telecom,39.6742,0.0,icmp,1592786764,2020-06-22 00:46:04+00:00
194251847,jinan-telecom,wuhan-telecom,49.3963,0.0,icmp,1592786940,2020-06-22 00:49:00+00:00
194252082,jinan-telecom,wuhan-telecom,45.7342,0.0,icmp,1592787060,2020-06-22 00:51:00+00:00
194252304,jinan-telecom,wuhan-telecom,39.4326,0.0,icmp,1592787199,2020-06-22 00:53:19+00:00
194252544,jinan-telecom,wuhan-telecom,40.2082,0.0,icmp,1592787305,2020-06-22 00:55:05+00:00
194252770,jinan-telecom,wuhan-telecom,39.4502,0.0,icmp,1592787439,2020-06-22 00:57:19+00:00
194253011,jinan-telecom,wuhan-telecom,47.642,0.0,icmp,1592787540,2020-06-22 00:59:00+00:00
194253218,jinan-telecom,wuhan-telecom,49.1761,0.0,icmp,1592787660,2020-06-22 01:01:00+00:00
194253446,jinan-telecom,wuhan-telecom,45.4457,0.0,icmp,1592787780,2020-06-22 01:03:00+00:00
194253680,jinan-telecom,wuhan-telecom,39.5212,0.0,icmp,1592787859,2020-06-22 01:04:19+00:00
194253905,jinan-telecom,wuhan-telecom,47.6708,0.0,icmp,1592788020,2020-06-22 01:07:00+00:00
194254132,jinan-telecom,wuhan-telecom,39.6433,0.0,icmp,1592788099,2020-06-22 01:08:19+00:00
194254385,jinan-telecom,wuhan-telecom,48.8773,0.0,icmp,1592788260,2020-06-22 01:11:00+00:00
194254598,jinan-telecom,wuhan-telecom,46.9916,0.0,icmp,1592788380,2020-06-22 01:13:00+00:00
194254825,jinan-telecom,wuhan-telecom,39.5139,0.0,icmp,1592788459,2020-06-22 01:14:19+00:00
194255038,jinan-telecom,wuhan-telecom,46.4882,0.0,icmp,1592788620,2020-06-22 01:17:00+00:00
194255268,jinan-telecom,wuhan-telecom,39.4479,0.0,icmp,1592788759,2020-06-22 01:19:19+00:00
194255492,jinan-telecom,wuhan-telecom,39.6756,0.0,icmp,1592788879,2020-06-22 01:21:19+00:00
194255722,jinan-telecom,wuhan-telecom,47.845,0.0,icmp,1592788980,2020-06-22 01:23:00+00:00
194255970,jinan-telecom,wuhan-telecom,47.9529,0.0,icmp,1592789100,2020-06-22 01:25:00+00:00
194256205,jinan-telecom,wuhan-telecom,48.3814,0.0,icmp,1592789220,2020-06-22 01:27:00+00:00
194256411,jinan-telecom,wuhan-telecom,48.0938,0.0,icmp,1592789340,2020-06-22 01:29:00+00:00
194256651,jinan-telecom,wuhan-telecom,39.4745,0.0,icmp,1592789419,2020-06-22 01:30:19+00:00
194256890,jinan-telecom,wuhan-telecom,39.5779,0.0,icmp,1592789539,2020-06-22 01:32:19+00:00
194257092,jinan-telecom,wuhan-telecom,48.4903,0.0,icmp,1592789700,2020-06-22 01:35:00+00:00
194257310,jinan-telecom,wuhan-telecom,45.3793,0.0,icmp,1592789820,2020-06-22 01:37:00+00:00
194257548,jinan-telecom,wuhan-telecom,47.6213,0.0,icmp,1592789940,2020-06-22 01:39:00+00:00
194257776,jinan-telecom,wuhan-telecom,47.0167,0.0,icmp,1592790060,2020-06-22 01:41:00+00:00
194258001,jinan-telecom,wuhan-telecom,48.9721,0.0,icmp,1592790180,2020-06-22 01:43:00+00:00
194258228,jinan-telecom,wuhan-telecom,39.4528,0.0,icmp,1592790259,2020-06-22 01:44:19+00:00
194258479,jinan-telecom,wuhan-telecom,39.7522,0.0,icmp,1592790379,2020-06-22 01:46:19+00:00
194258715,jinan-telecom,wuhan-telecom,39.4325,0.0,icmp,1592790559,2020-06-22 01:49:19+00:00
194258931,jinan-telecom,wuhan-telecom,39.6495,0.0,icmp,1592790679,2020-06-22 01:51:19+00:00
194259159,jinan-telecom,wuhan-telecom,47.078,0.0,icmp,1592790780,2020-06-22 01:53:00+00:00
194259377,jinan-telecom,wuhan-telecom,39.9346,0.0,icmp,1592790919,2020-06-22 01:55:19+00:00
194259610,jinan-telecom,wuhan-telecom,49.7288,0.0,icmp,1592791020,2020-06-22 01:57:00+00:00
194259847,jinan-telecom,wuhan-telecom,39.469,0.0,icmp,1592791159,2020-06-22 01:59:19+00:00
194260054,jinan-telecom,wuhan-telecom,49.3524,0.0,icmp,1592791260,2020-06-22 02:01:00+00:00
194260302,jinan-telecom,wuhan-telecom,47.9167,0.0,icmp,1592791380,2020-06-22 02:03:00+00:00
194260530,jinan-telecom,wuhan-telecom,39.4713,0.0,icmp,1592791519,2020-06-22 02:05:19+00:00
194260748,jinan-telecom,wuhan-telecom,41.5549,0.0,icmp,1592791620,2020-06-22 02:07:00+00:00
194261020,jinan-telecom,wuhan-telecom,45.8321,0.0,icmp,1592791740,2020-06-22 02:09:00+00:00
194261209,jinan-telecom,wuhan-telecom,48.7244,0.0,icmp,1592791860,2020-06-22 02:11:00+00:00
194261461,jinan-telecom,wuhan-telecom,52.9629,0.0,icmp,1592791980,2020-06-22 02:13:00+00:00
194261670,jinan-telecom,wuhan-telecom,39.4566,0.0,icmp,1592792119,2020-06-22 02:15:19+00:00
194261873,jinan-telecom,wuhan-telecom,47.4449,0.0,icmp,1592792220,2020-06-22 02:17:00+00:00
194262130,jinan-telecom,wuhan-telecom,49.3721,0.0,icmp,1592792340,2020-06-22 02:19:00+00:00
194262340,jinan-telecom,wuhan-telecom,50.2858,0.0,icmp,1592792460,2020-06-22 02:21:00+00:00
194262568,jinan-telecom,wuhan-telecom,39.664,0.0,icmp,1592792539,2020-06-22 02:22:19+00:00
194262827,jinan-telecom,wuhan-telecom,48.9106,0.0,icmp,1592792700,2020-06-22 02:25:00+00:00
194263053,jinan-telecom,wuhan-telecom,50.3049,0.0,icmp,1592792820,2020-06-22 02:27:00+00:00
194263268,jinan-telecom,wuhan-telecom,48.8357,0.0,icmp,1592792940,2020-06-22 02:29:00+00:00
194263482,jinan-telecom,wuhan-telecom,40.827,0.0,icmp,1592793060,2020-06-22 02:31:00+00:00
194263702,jinan-telecom,wuhan-telecom,41.3703,0.0,icmp,1592793180,2020-06-22 02:33:00+00:00
194263934,jinan-telecom,wuhan-telecom,46.6488,0.0,icmp,1592793300,2020-06-22 02:35:00+00:00
194264169,jinan-telecom,wuhan-telecom,43.8444,0.0,icmp,1592793424,2020-06-22 02:37:04+00:00
194264395,jinan-telecom,wuhan-telecom,47.1869,0.0,icmp,1592793540,2020-06-22 02:39:00+00:00
194264640,jinan-telecom,wuhan-telecom,48.8451,0.0,icmp,1592793660,2020-06-22 02:41:00+00:00
194264858,jinan-telecom,wuhan-telecom,48.2949,0.0,icmp,1592793780,2020-06-22 02:43:00+00:00
194265084,jinan-telecom,wuhan-telecom,39.4657,0.0,icmp,1592793859,2020-06-22 02:44:19+00:00
194265293,jinan-telecom,wuhan-telecom,39.3577,0.0,icmp,1592794039,2020-06-22 02:47:19+00:00
194265547,jinan-telecom,wuhan-telecom,39.4692,0.0,icmp,1592794145,2020-06-22 02:49:05+00:00
194265777,jinan-telecom,wuhan-telecom,47.6924,0.0,icmp,1592794260,2020-06-22 02:51:00+00:00
194265988,jinan-telecom,wuhan-telecom,51.6608,0.0,icmp,1592794380,2020-06-22 02:53:00+00:00
194266234,jinan-telecom,wuhan-telecom,47.3022,0.0,icmp,1592794500,2020-06-22 02:55:00+00:00
194266441,jinan-telecom,wuhan-telecom,47.7398,0.0,icmp,1592794620,2020-06-22 02:57:00+00:00
194266675,jinan-telecom,wuhan-telecom,48.5532,0.0,icmp,1592794740,2020-06-22 02:59:00+00:00
194266892,jinan-telecom,wuhan-telecom,46.07,0.0,icmp,1592794860,2020-06-22 03:01:00+00:00
194267121,jinan-telecom,wuhan-telecom,47.5381,0.0,icmp,1592794980,2020-06-22 03:03:00+00:00
194267361,jinan-telecom,wuhan-telecom,47.9682,0.0,icmp,1592795100,2020-06-22 03:05:00+00:00
194267595,jinan-telecom,wuhan-telecom,49.1345,0.0,icmp,1592795220,2020-06-22 03:07:00+00:00
194267819,jinan-telecom,wuhan-telecom,39.3399,0.0,icmp,1592795299,2020-06-22 03:08:19+00:00
194268037,jinan-telecom,wuhan-telecom,47.209,0.0,icmp,1592795460,2020-06-22 03:11:00+00:00
194268262,jinan-telecom,wuhan-telecom,39.4567,0.0,icmp,1592795539,2020-06-22 03:12:19+00:00
194268501,jinan-telecom,wuhan-telecom,44.9866,0.0,icmp,1592795700,2020-06-22 03:15:00+00:00
194268728,jinan-telecom,wuhan-telecom,47.7093,0.0,icmp,1592795820,2020-06-22 03:17:00+00:00
194268970,jinan-telecom,wuhan-telecom,39.6547,0.0,icmp,1592795899,2020-06-22 03:18:19+00:00
194269200,jinan-telecom,wuhan-telecom,42.7236,0.0,icmp,1592796060,2020-06-22 03:21:00+00:00
194269425,jinan-telecom,wuhan-telecom,46.7272,0.0,icmp,1592796180,2020-06-22 03:23:00+00:00
194269654,jinan-telecom,wuhan-telecom,39.4778,0.0,icmp,1592796319,2020-06-22 03:25:19+00:00
194269870,jinan-telecom,wuhan-telecom,47.184,0.0,icmp,1592796420,2020-06-22 03:27:00+00:00
194270086,jinan-telecom,wuhan-telecom,46.0004,0.0,icmp,1592796540,2020-06-22 03:29:00+00:00
195681843,jinan-telecom,wuhan-telecom,41.8922,0.0,icmp,1592486520,2020-06-18 13:22:00+00:00
195682059,jinan-telecom,wuhan-telecom,47.4762,0.0,icmp,1592486640,2020-06-18 13:24:00+00:00
195682283,jinan-telecom,wuhan-telecom,46.1902,0.0,icmp,1592486760,2020-06-18 13:26:00+00:00
195682517,jinan-telecom,wuhan-telecom,46.1912,0.0,icmp,1592486880,2020-06-18 13:28:00+00:00
195682744,jinan-telecom,wuhan-telecom,48.6807,0.0,icmp,1592487000,2020-06-18 13:30:00+00:00
195682992,jinan-telecom,wuhan-telecom,46.9989,0.0,icmp,1592487120,2020-06-18 13:32:00+00:00
195683225,jinan-telecom,wuhan-telecom,49.6491,0.0,icmp,1592487240,2020-06-18 13:34:00+00:00
195683428,jinan-telecom,wuhan-telecom,39.4942,0.0,icmp,1592487364,2020-06-18 13:36:04+00:00
195683658,jinan-telecom,wuhan-telecom,47.1967,0.0,icmp,1592487480,2020-06-18 13:38:00+00:00
195683881,jinan-telecom,wuhan-telecom,46.8307,0.0,icmp,1592487600,2020-06-18 13:40:00+00:00
195684129,jinan-telecom,wuhan-telecom,46.9685,0.0,icmp,1592487720,2020-06-18 13:42:00+00:00
195684367,jinan-telecom,wuhan-telecom,39.3178,0.0,icmp,1592487799,2020-06-18 13:43:19+00:00
195684593,jinan-telecom,wuhan-telecom,46.2004,0.0,icmp,1592487960,2020-06-18 13:46:00+00:00
195684811,jinan-telecom,wuhan-telecom,39.4075,0.0,icmp,1592488039,2020-06-18 13:47:19+00:00
195685033,jinan-telecom,wuhan-telecom,39.5432,0.0,icmp,1592488159,2020-06-18 13:49:19+00:00
195685265,jinan-telecom,wuhan-telecom,47.4139,0.0,icmp,1592488320,2020-06-18 13:52:00+00:00
195685478,jinan-telecom,wuhan-telecom,39.5113,0.0,icmp,1592488399,2020-06-18 13:53:19+00:00
195685726,jinan-telecom,wuhan-telecom,39.5115,0.0,icmp,1592488519,2020-06-18 13:55:19+00:00
195685963,jinan-telecom,wuhan-telecom,39.4462,0.0,icmp,1592488625,2020-06-18 13:57:05+00:00
195686178,jinan-telecom,wuhan-telecom,46.6827,0.0,icmp,1592488800,2020-06-18 14:00:00+00:00
195686418,jinan-telecom,wuhan-telecom,48.9369,0.0,icmp,1592488920,2020-06-18 14:02:00+00:00
195686635,jinan-telecom,wuhan-telecom,46.0587,0.0,icmp,1592489040,2020-06-18 14:04:00+00:00
195686865,jinan-telecom,wuhan-telecom,39.4838,0.0,icmp,1592489119,2020-06-18 14:05:19+00:00
195687091,jinan-telecom,wuhan-telecom,41.9146,0.0,icmp,1592489280,2020-06-18 14:08:00+00:00
195687334,jinan-telecom,wuhan-telecom,41.5017,0.0,icmp,1592489400,2020-06-18 14:10:00+00:00
195687566,jinan-telecom,wuhan-telecom,39.3398,0.0,icmp,1592489539,2020-06-18 14:12:19+00:00
195687787,jinan-telecom,wuhan-telecom,48.931,0.0,icmp,1592489640,2020-06-18 14:14:00+00:00
195688017,jinan-telecom,wuhan-telecom,48.8773,0.0,icmp,1592489760,2020-06-18 14:16:00+00:00
195688241,jinan-telecom,wuhan-telecom,39.6152,0.0,icmp,1592489839,2020-06-18 14:17:19+00:00
195688471,jinan-telecom,wuhan-telecom,49.1672,0.0,icmp,1592490000,2020-06-18 14:20:00+00:00
195688696,jinan-telecom,wuhan-telecom,39.4832,0.0,icmp,1592490065,2020-06-18 14:21:05+00:00
195688929,jinan-telecom,wuhan-telecom,47.4819,0.0,icmp,1592490240,2020-06-18 14:24:00+00:00
195689160,jinan-telecom,wuhan-telecom,43.7519,0.0,icmp,1592490360,2020-06-18 14:26:00+00:00
195689402,jinan-telecom,wuhan-telecom,46.6259,0.0,icmp,1592490480,2020-06-18 14:28:00+00:00
195689626,jinan-telecom,wuhan-telecom,39.5859,0.0,icmp,1592490559,2020-06-18 14:29:19+00:00
195689836,jinan-telecom,wuhan-telecom,39.4892,0.0,icmp,1592490679,2020-06-18 14:31:19+00:00
195690078,jinan-telecom,wuhan-telecom,47.273,0.0,icmp,1592490840,2020-06-18 14:34:00+00:00
195690314,jinan-telecom,wuhan-telecom,44.4969,0.0,icmp,1592490960,2020-06-18 14:36:00+00:00
195690540,jinan-telecom,wuhan-telecom,39.416,0.0,icmp,1592491099,2020-06-18 14:38:19+00:00
195690760,jinan-telecom,wuhan-telecom,47.2084,0.0,icmp,1592491200,2020-06-18 14:40:00+00:00
195691012,jinan-telecom,wuhan-telecom,40.2075,0.0,icmp,1592491264,2020-06-18 14:41:04+00:00
195691214,jinan-telecom,wuhan-telecom,47.066,0.0,icmp,1592491440,2020-06-18 14:44:00+00:00
195691453,jinan-telecom,wuhan-telecom,48.5014,0.0,icmp,1592491560,2020-06-18 14:46:00+00:00
195691697,jinan-telecom,wuhan-telecom,48.5072,0.0,icmp,1592491680,2020-06-18 14:48:00+00:00
195691906,jinan-telecom,wuhan-telecom,39.4154,0.0,icmp,1592491819,2020-06-18 14:50:19+00:00
195692150,jinan-telecom,wuhan-telecom,49.7153,0.0,icmp,1592491920,2020-06-18 14:52:00+00:00
195692376,jinan-telecom,wuhan-telecom,39.3941,0.0,icmp,1592492059,2020-06-18 14:54:19+00:00
195692592,jinan-telecom,wuhan-telecom,47.1167,0.0,icmp,1592492160,2020-06-18 14:56:00+00:00
195692687,jinan-telecom,wuhan-telecom,45.8567,0.0,icmp,1592492280,2020-06-18 14:58:00+00:00
195693061,jinan-telecom,wuhan-telecom,49.3016,0.0,icmp,1592492400,2020-06-18 15:00:00+00:00
195693423,jinan-telecom,wuhan-telecom,39.5022,0.0,icmp,1592492479,2020-06-18 15:01:19+00:00
195693516,jinan-telecom,wuhan-telecom,47.3993,0.0,icmp,1592492640,2020-06-18 15:04:00+00:00
195693811,jinan-telecom,wuhan-telecom,41.3393,0.0,icmp,1592492760,2020-06-18 15:06:00+00:00
195694009,jinan-telecom,wuhan-telecom,48.56,0.0,icmp,1592492880,2020-06-18 15:08:00+00:00
195694104,jinan-telecom,wuhan-telecom,39.5367,0.0,icmp,1592492959,2020-06-18 15:09:19+00:00
195694318,jinan-telecom,wuhan-telecom,40.2394,0.0,icmp,1592493120,2020-06-18 15:12:00+00:00
195694730,jinan-telecom,wuhan-telecom,45.9111,0.0,icmp,1592493360,2020-06-18 15:16:00+00:00
195694801,jinan-telecom,wuhan-telecom,45.0168,0.0,icmp,1592493240,2020-06-18 15:14:00+00:00
195695060,jinan-telecom,wuhan-telecom,46.1697,0.0,icmp,1592493480,2020-06-18 15:18:00+00:00
195695503,jinan-telecom,wuhan-telecom,39.3594,0.0,icmp,1592493679,2020-06-18 15:21:19+00:00
195695529,jinan-telecom,wuhan-telecom,46.8054,0.0,icmp,1592493840,2020-06-18 15:24:00+00:00
195695554,jinan-telecom,wuhan-telecom,46.1191,0.0,icmp,1592493600,2020-06-18 15:20:00+00:00
195695954,jinan-telecom,wuhan-telecom,46.0069,0.0,icmp,1592494084,2020-06-18 15:28:04+00:00
195696240,jinan-telecom,wuhan-telecom,39.6359,0.0,icmp,1592493919,2020-06-18 15:25:19+00:00
195696646,jinan-telecom,wuhan-telecom,46.4645,0.0,icmp,1592494200,2020-06-18 15:30:00+00:00
195696657,jinan-telecom,wuhan-telecom,50.2331,0.0,icmp,1592494320,2020-06-18 15:32:00+00:00
195696741,jinan-telecom,wuhan-telecom,39.7053,0.0,icmp,1592494399,2020-06-18 15:33:19+00:00
195696928,jinan-telecom,wuhan-telecom,46.8876,0.0,icmp,1592494560,2020-06-18 15:36:00+00:00
195697148,jinan-telecom,wuhan-telecom,46.9418,0.0,icmp,1592494680,2020-06-18 15:38:00+00:00
195697798,jinan-telecom,wuhan-telecom,46.8585,0.0,icmp,1592494800,2020-06-18 15:40:00+00:00
195697994,jinan-telecom,wuhan-telecom,39.3286,0.0,icmp,1592494879,2020-06-18 15:41:19+00:00
195698086,jinan-telecom,wuhan-telecom,47.349,0.0,icmp,1592495160,2020-06-18 15:46:00+00:00
195698199,jinan-telecom,wuhan-telecom,48.9352,0.0,icmp,1592495040,2020-06-18 15:44:00+00:00
195698467,jinan-telecom,wuhan-telecom,48.2951,0.0,icmp,1592495280,2020-06-18 15:48:00+00:00
195698912,jinan-telecom,wuhan-telecom,39.4581,0.0,icmp,1592495466,2020-06-18 15:51:06+00:00
195698973,jinan-telecom,wuhan-telecom,47.5065,0.0,icmp,1592495400,2020-06-18 15:50:00+00:00
195699246,jinan-telecom,wuhan-telecom,48.9366,0.0,icmp,1592495640,2020-06-18 15:54:00+00:00
195699443,jinan-telecom,wuhan-telecom,47.8965,0.0,icmp,1592495760,2020-06-18 15:56:00+00:00
195699787,jinan-telecom,wuhan-telecom,39.3448,0.0,icmp,1592495899,2020-06-18 15:58:19+00:00
195699874,jinan-telecom,wuhan-telecom,46.5754,0.0,icmp,1592496000,2020-06-18 16:00:00+00:00
195700168,jinan-telecom,wuhan-telecom,45.4752,0.0,icmp,1592496120,2020-06-18 16:02:00+00:00
195700388,jinan-telecom,wuhan-telecom,47.9225,0.0,icmp,1592496240,2020-06-18 16:04:00+00:00
195700513,jinan-telecom,wuhan-telecom,45.3233,0.0,icmp,1592496304,2020-06-18 16:05:04+00:00
195700830,jinan-telecom,wuhan-telecom,47.8899,0.0,icmp,1592496480,2020-06-18 16:08:00+00:00
195701102,jinan-telecom,wuhan-telecom,39.4179,0.0,icmp,1592496559,2020-06-18 16:09:19+00:00
195701311,jinan-telecom,wuhan-telecom,39.6796,0.0,icmp,1592496665,2020-06-18 16:11:05+00:00
195701502,jinan-telecom,wuhan-telecom,39.3443,0.0,icmp,1592496859,2020-06-18 16:14:19+00:00
195701753,jinan-telecom,wuhan-telecom,46.2348,0.0,icmp,1592496960,2020-06-18 16:16:00+00:00
195701973,jinan-telecom,wuhan-telecom,45.9605,0.0,icmp,1592497080,2020-06-18 16:18:00+00:00
195702227,jinan-telecom,wuhan-telecom,47.1257,0.0,icmp,1592497200,2020-06-18 16:20:00+00:00
195702452,jinan-telecom,wuhan-telecom,39.6251,0.0,icmp,1592497279,2020-06-18 16:21:19+00:00
195702671,jinan-telecom,wuhan-telecom,48.5218,0.0,icmp,1592497440,2020-06-18 16:24:00+00:00
195702898,jinan-telecom,wuhan-telecom,45.7928,0.0,icmp,1592497560,2020-06-18 16:26:00+00:00
195703125,jinan-telecom,wuhan-telecom,46.4603,0.0,icmp,1592497680,2020-06-18 16:28:00+00:00
195703354,jinan-telecom,wuhan-telecom,39.3383,0.0,icmp,1592497819,2020-06-18 16:30:19+00:00
195703577,jinan-telecom,wuhan-telecom,39.3859,0.0,icmp,1592497939,2020-06-18 16:32:19+00:00
195703822,jinan-telecom,wuhan-telecom,47.9326,0.0,icmp,1592498040,2020-06-18 16:34:00+00:00
195704043,jinan-telecom,wuhan-telecom,39.3229,0.0,icmp,1592498119,2020-06-18 16:35:19+00:00
195704285,jinan-telecom,wuhan-telecom,45.7092,0.0,icmp,1592498280,2020-06-18 16:38:00+00:00
195704504,jinan-telecom,wuhan-telecom,48.0175,0.0,icmp,1592498400,2020-06-18 16:40:00+00:00
195704731,jinan-telecom,wuhan-telecom,48.7946,0.0,icmp,1592498520,2020-06-18 16:42:00+00:00
195704968,jinan-telecom,wuhan-telecom,46.5565,0.0,icmp,1592498640,2020-06-18 16:44:00+00:00
195705207,jinan-telecom,wuhan-telecom,48.4461,0.0,icmp,1592498760,2020-06-18 16:46:00+00:00
195705450,jinan-telecom,wuhan-telecom,45.7456,0.0,icmp,1592498880,2020-06-18 16:48:00+00:00
195705644,jinan-telecom,wuhan-telecom,44.5855,0.0,icmp,1592499000,2020-06-18 16:50:00+00:00
195705896,jinan-telecom,wuhan-telecom,45.7853,0.0,icmp,1592499120,2020-06-18 16:52:00+00:00
195706114,jinan-telecom,wuhan-telecom,39.3183,0.0,icmp,1592499259,2020-06-18 16:54:19+00:00
195706341,jinan-telecom,wuhan-telecom,45.755,0.0,icmp,1592499360,2020-06-18 16:56:00+00:00
195706555,jinan-telecom,wuhan-telecom,46.6927,0.0,icmp,1592499480,2020-06-18 16:58:00+00:00
195706780,jinan-telecom,wuhan-telecom,43.7742,0.0,icmp,1592499600,2020-06-18 17:00:00+00:00
195707031,jinan-telecom,wuhan-telecom,39.4137,0.0,icmp,1592499679,2020-06-18 17:01:19+00:00
195707255,jinan-telecom,wuhan-telecom,44.5847,0.0,icmp,1592499840,2020-06-18 17:04:00+00:00
195707482,jinan-telecom,wuhan-telecom,47.5069,0.0,icmp,1592499960,2020-06-18 17:06:00+00:00
195707725,jinan-telecom,wuhan-telecom,39.3379,0.0,icmp,1592500039,2020-06-18 17:07:19+00:00
195707935,jinan-telecom,wuhan-telecom,47.5713,0.0,icmp,1592500200,2020-06-18 17:10:00+00:00
195708170,jinan-telecom,wuhan-telecom,47.3052,0.0,icmp,1592500320,2020-06-18 17:12:00+00:00
195708390,jinan-telecom,wuhan-telecom,46.482,0.0,icmp,1592500440,2020-06-18 17:14:00+00:00
195708623,jinan-telecom,wuhan-telecom,46.0588,0.0,icmp,1592500560,2020-06-18 17:16:00+00:00
195708881,jinan-telecom,wuhan-telecom,47.4943,0.0,icmp,1592500680,2020-06-18 17:18:00+00:00
195709084,jinan-telecom,wuhan-telecom,47.5553,0.0,icmp,1592500800,2020-06-18 17:20:00+00:00
195709298,jinan-telecom,wuhan-telecom,46.2211,0.0,icmp,1592500920,2020-06-18 17:22:00+00:00
195709547,jinan-telecom,wuhan-telecom,45.9435,0.0,icmp,1592501040,2020-06-18 17:24:00+00:00
195709763,jinan-telecom,wuhan-telecom,39.3788,0.0,icmp,1592501179,2020-06-18 17:26:19+00:00
195709992,jinan-telecom,wuhan-telecom,39.3377,0.0,icmp,1592501299,2020-06-18 17:28:19+00:00
195710216,jinan-telecom,wuhan-telecom,46.9138,0.0,icmp,1592501400,2020-06-18 17:30:00+00:00
195710474,jinan-telecom,wuhan-telecom,45.2535,0.0,icmp,1592501520,2020-06-18 17:32:00+00:00
195710690,jinan-telecom,wuhan-telecom,47.0702,0.0,icmp,1592501640,2020-06-18 17:34:00+00:00
195710913,jinan-telecom,wuhan-telecom,39.425,0.0,icmp,1592501719,2020-06-18 17:35:19+00:00
195711155,jinan-telecom,wuhan-telecom,45.3554,0.0,icmp,1592501880,2020-06-18 17:38:00+00:00
195711384,jinan-telecom,wuhan-telecom,39.3203,0.0,icmp,1592502019,2020-06-18 17:40:19+00:00
195711623,jinan-telecom,wuhan-telecom,46.8536,0.0,icmp,1592502120,2020-06-18 17:42:00+00:00
195711842,jinan-telecom,wuhan-telecom,46.6071,0.0,icmp,1592502240,2020-06-18 17:44:00+00:00
195712069,jinan-telecom,wuhan-telecom,47.8195,0.0,icmp,1592502360,2020-06-18 17:46:00+00:00
195712282,jinan-telecom,wuhan-telecom,47.5989,0.0,icmp,1592502480,2020-06-18 17:48:00+00:00
195712540,jinan-telecom,wuhan-telecom,45.5399,0.0,icmp,1592502600,2020-06-18 17:50:00+00:00
195712749,jinan-telecom,wuhan-telecom,45.2279,0.0,icmp,1592502720,2020-06-18 17:52:00+00:00
195712974,jinan-telecom,wuhan-telecom,39.3563,0.0,icmp,1592502859,2020-06-18 17:54:19+00:00
195713208,jinan-telecom,wuhan-telecom,45.4308,0.0,icmp,1592502960,2020-06-18 17:56:00+00:00
195713448,jinan-telecom,wuhan-telecom,46.8791,0.0,icmp,1592503080,2020-06-18 17:58:00+00:00
195713665,jinan-telecom,wuhan-telecom,47.7854,0.0,icmp,1592503200,2020-06-18 18:00:00+00:00
195713899,jinan-telecom,wuhan-telecom,49.4628,0.0,icmp,1592503320,2020-06-18 18:02:00+00:00
195714135,jinan-telecom,wuhan-telecom,46.0271,0.0,icmp,1592503440,2020-06-18 18:04:00+00:00
195714362,jinan-telecom,wuhan-telecom,50.2398,0.0,icmp,1592503560,2020-06-18 18:06:00+00:00
195714574,jinan-telecom,wuhan-telecom,47.8032,0.0,icmp,1592503680,2020-06-18 18:08:00+00:00
195714807,jinan-telecom,wuhan-telecom,47.4682,0.0,icmp,1592503800,2020-06-18 18:10:00+00:00
195715053,jinan-telecom,wuhan-telecom,42.213,0.0,icmp,1592503920,2020-06-18 18:12:00+00:00
195715264,jinan-telecom,wuhan-telecom,48.7726,0.0,icmp,1592504040,2020-06-18 18:14:00+00:00
195715507,jinan-telecom,wuhan-telecom,39.4129,0.0,icmp,1592504179,2020-06-18 18:16:19+00:00
195715725,jinan-telecom,wuhan-telecom,39.4515,0.0,icmp,1592504284,2020-06-18 18:18:04+00:00
195715969,jinan-telecom,wuhan-telecom,46.2411,0.0,icmp,1592504400,2020-06-18 18:20:00+00:00
195716190,jinan-telecom,wuhan-telecom,39.3879,0.0,icmp,1592504539,2020-06-18 18:22:19+00:00
195716424,jinan-telecom,wuhan-telecom,39.8325,0.0,icmp,1592504659,2020-06-18 18:24:19+00:00
195716660,jinan-telecom,wuhan-telecom,49.5425,0.0,icmp,1592504760,2020-06-18 18:26:00+00:00
195716866,jinan-telecom,wuhan-telecom,47.847,0.0,icmp,1592504880,2020-06-18 18:28:00+00:00
195717094,jinan-telecom,wuhan-telecom,39.3104,0.0,icmp,1592504959,2020-06-18 18:29:19+00:00
195717335,jinan-telecom,wuhan-telecom,48.6691,0.0,icmp,1592505120,2020-06-18 18:32:00+00:00
195717556,jinan-telecom,wuhan-telecom,45.2923,0.0,icmp,1592505240,2020-06-18 18:34:00+00:00
195717786,jinan-telecom,wuhan-telecom,45.5267,0.0,icmp,1592505360,2020-06-18 18:36:00+00:00
195718025,jinan-telecom,wuhan-telecom,39.4593,0.0,icmp,1592505499,2020-06-18 18:38:19+00:00
195718239,jinan-telecom,wuhan-telecom,39.4189,0.0,icmp,1592505619,2020-06-18 18:40:19+00:00
195718476,jinan-telecom,wuhan-telecom,44.2905,0.0,icmp,1592505720,2020-06-18 18:42:00+00:00
195718715,jinan-telecom,wuhan-telecom,49.1077,0.0,icmp,1592505840,2020-06-18 18:44:00+00:00
195718943,jinan-telecom,wuhan-telecom,46.586,0.0,icmp,1592505960,2020-06-18 18:46:00+00:00
195719171,jinan-telecom,wuhan-telecom,45.4049,0.0,icmp,1592506080,2020-06-18 18:48:00+00:00
195719397,jinan-telecom,wuhan-telecom,46.8544,0.0,icmp,1592506200,2020-06-18 18:50:00+00:00
195719623,jinan-telecom,wuhan-telecom,47.5934,0.0,icmp,1592506320,2020-06-18 18:52:00+00:00
195719862,jinan-telecom,wuhan-telecom,47.7016,0.0,icmp,1592506440,2020-06-18 18:54:00+00:00
195720091,jinan-telecom,wuhan-telecom,46.3683,0.0,icmp,1592506560,2020-06-18 18:56:00+00:00
195720301,jinan-telecom,wuhan-telecom,45.8521,0.0,icmp,1592506680,2020-06-18 18:58:00+00:00
195720527,jinan-telecom,wuhan-telecom,45.6238,0.0,icmp,1592506800,2020-06-18 19:00:00+00:00
195720776,jinan-telecom,wuhan-telecom,47.142,0.0,icmp,1592506920,2020-06-18 19:02:00+00:00
195720986,jinan-telecom,wuhan-telecom,46.721,0.0,icmp,1592507040,2020-06-18 19:04:00+00:00
195721216,jinan-telecom,wuhan-telecom,39.4561,0.0,icmp,1592507119,2020-06-18 19:05:19+00:00
195721452,jinan-telecom,wuhan-telecom,47.6967,0.0,icmp,1592507280,2020-06-18 19:08:00+00:00
195721682,jinan-telecom,wuhan-telecom,46.9078,0.0,icmp,1592507400,2020-06-18 19:10:00+00:00
195721918,jinan-telecom,wuhan-telecom,46.6871,0.0,icmp,1592507520,2020-06-18 19:12:00+00:00
195722129,jinan-telecom,wuhan-telecom,47.5541,0.0,icmp,1592507640,2020-06-18 19:14:00+00:00
195722343,jinan-telecom,wuhan-telecom,47.0706,0.0,icmp,1592507760,2020-06-18 19:16:00+00:00
195722584,jinan-telecom,wuhan-telecom,39.2776,0.0,icmp,1592507839,2020-06-18 19:17:19+00:00
195722806,jinan-telecom,wuhan-telecom,47.931,0.0,icmp,1592508000,2020-06-18 19:20:00+00:00
195723038,jinan-telecom,wuhan-telecom,47.5159,0.0,icmp,1592508120,2020-06-18 19:22:00+00:00
195723269,jinan-telecom,wuhan-telecom,48.0673,0.0,icmp,1592508240,2020-06-18 19:24:00+00:00
195723519,jinan-telecom,wuhan-telecom,45.1541,0.0,icmp,1592508360,2020-06-18 19:26:00+00:00
195723747,jinan-telecom,wuhan-telecom,46.4565,0.0,icmp,1592508480,2020-06-18 19:28:00+00:00
195723953,jinan-telecom,wuhan-telecom,39.4962,0.0,icmp,1592508600,2020-06-18 19:30:00+00:00
195724179,jinan-telecom,wuhan-telecom,41.5284,0.0,icmp,1592508720,2020-06-18 19:32:00+00:00
195724444,jinan-telecom,wuhan-telecom,47.0322,0.0,icmp,1592508840,2020-06-18 19:34:00+00:00
195724643,jinan-telecom,wuhan-telecom,46.93,0.0,icmp,1592508960,2020-06-18 19:36:00+00:00
195724895,jinan-telecom,wuhan-telecom,39.2987,0.0,icmp,1592509099,2020-06-18 19:38:19+00:00
195725103,jinan-telecom,wuhan-telecom,39.3147,0.0,icmp,1592509219,2020-06-18 19:40:19+00:00
195725330,jinan-telecom,wuhan-telecom,48.8712,0.0,icmp,1592509320,2020-06-18 19:42:00+00:00
195725564,jinan-telecom,wuhan-telecom,39.3894,0.0,icmp,1592509399,2020-06-18 19:43:19+00:00
195725787,jinan-telecom,wuhan-telecom,48.0427,0.0,icmp,1592509560,2020-06-18 19:46:00+00:00
195726030,jinan-telecom,wuhan-telecom,39.5439,0.0,icmp,1592509639,2020-06-18 19:47:19+00:00
195726258,jinan-telecom,wuhan-telecom,48.8724,0.0,icmp,1592509800,2020-06-18 19:50:00+00:00
195726487,jinan-telecom,wuhan-telecom,39.3478,0.0,icmp,1592509939,2020-06-18 19:52:19+00:00
195726716,jinan-telecom,wuhan-telecom,43.2665,0.0,icmp,1592510040,2020-06-18 19:54:00+00:00
195726947,jinan-telecom,wuhan-telecom,39.3387,0.0,icmp,1592510119,2020-06-18 19:55:19+00:00
195727167,jinan-telecom,wuhan-telecom,46.6611,0.0,icmp,1592510280,2020-06-18 19:58:00+00:00
195727387,jinan-telecom,wuhan-telecom,39.4474,0.0,icmp,1592510425,2020-06-18 20:00:25+00:00
195727639,jinan-telecom,wuhan-telecom,40.7401,0.0,icmp,1592510520,2020-06-18 20:02:00+00:00
195727866,jinan-telecom,wuhan-telecom,46.4261,0.0,icmp,1592510640,2020-06-18 20:04:00+00:00
195728081,jinan-telecom,wuhan-telecom,39.3618,0.0,icmp,1592510719,2020-06-18 20:05:19+00:00
195728318,jinan-telecom,wuhan-telecom,39.9583,0.0,icmp,1592510880,2020-06-18 20:08:00+00:00
195728554,jinan-telecom,wuhan-telecom,45.6969,0.0,icmp,1592511000,2020-06-18 20:10:00+00:00
195728787,jinan-telecom,wuhan-telecom,44.7513,0.0,icmp,1592511120,2020-06-18 20:12:00+00:00
195729005,jinan-telecom,wuhan-telecom,39.6383,0.0,icmp,1592511244,2020-06-18 20:14:04+00:00
195729236,jinan-telecom,wuhan-telecom,42.4994,0.0,icmp,1592511360,2020-06-18 20:16:00+00:00
195729455,jinan-telecom,wuhan-telecom,48.1666,0.0,icmp,1592511480,2020-06-18 20:18:00+00:00
195729699,jinan-telecom,wuhan-telecom,39.3275,0.0,icmp,1592511559,2020-06-18 20:19:19+00:00
195729912,jinan-telecom,wuhan-telecom,39.3051,0.0,icmp,1592511679,2020-06-18 20:21:19+00:00
195730153,jinan-telecom,wuhan-telecom,39.7572,0.0,icmp,1592511840,2020-06-18 20:24:00+00:00
195730375,jinan-telecom,wuhan-telecom,48.3849,0.0,icmp,1592511960,2020-06-18 20:26:00+00:00
195730609,jinan-telecom,wuhan-telecom,50.0038,0.0,icmp,1592512080,2020-06-18 20:28:00+00:00
195730824,jinan-telecom,wuhan-telecom,49.3443,0.0,icmp,1592512200,2020-06-18 20:30:00+00:00
195731068,jinan-telecom,wuhan-telecom,39.3746,0.0,icmp,1592512279,2020-06-18 20:31:19+00:00
195731294,jinan-telecom,wuhan-telecom,47.4644,0.0,icmp,1592512440,2020-06-18 20:34:00+00:00
195731524,jinan-telecom,wuhan-telecom,47.2587,0.0,icmp,1592512560,2020-06-18 20:36:00+00:00
195731752,jinan-telecom,wuhan-telecom,46.598,0.0,icmp,1592512680,2020-06-18 20:38:00+00:00
195731976,jinan-telecom,wuhan-telecom,47.402,0.0,icmp,1592512800,2020-06-18 20:40:00+00:00
195732241,jinan-telecom,wuhan-telecom,48.7176,0.0,icmp,1592512920,2020-06-18 20:42:00+00:00
195732436,jinan-telecom,wuhan-telecom,39.3371,0.0,icmp,1592513059,2020-06-18 20:44:19+00:00
195732655,jinan-telecom,wuhan-telecom,49.5174,0.0,icmp,1592513160,2020-06-18 20:46:00+00:00
195732889,jinan-telecom,wuhan-telecom,39.423,0.0,icmp,1592513299,2020-06-18 20:48:19+00:00
195733126,jinan-telecom,wuhan-telecom,47.6066,0.0,icmp,1592513400,2020-06-18 20:50:00+00:00
195733343,jinan-telecom,wuhan-telecom,39.3558,0.0,icmp,1592513479,2020-06-18 20:51:19+00:00
195733574,jinan-telecom,wuhan-telecom,47.3322,0.0,icmp,1592513640,2020-06-18 20:54:00+00:00
195733814,jinan-telecom,wuhan-telecom,48.5362,0.0,icmp,1592513760,2020-06-18 20:56:00+00:00
195734047,jinan-telecom,wuhan-telecom,46.2642,0.0,icmp,1592513880,2020-06-18 20:58:00+00:00
195734270,jinan-telecom,wuhan-telecom,44.7023,0.0,icmp,1592514000,2020-06-18 21:00:00+00:00
195734511,jinan-telecom,wuhan-telecom,47.3631,0.0,icmp,1592514120,2020-06-18 21:02:00+00:00
195734719,jinan-telecom,wuhan-telecom,45.537,0.0,icmp,1592514240,2020-06-18 21:04:00+00:00
195734971,jinan-telecom,wuhan-telecom,47.4306,0.0,icmp,1592514360,2020-06-18 21:06:00+00:00
195735194,jinan-telecom,wuhan-telecom,39.3546,0.0,icmp,1592514499,2020-06-18 21:08:19+00:00
195735408,jinan-telecom,wuhan-telecom,43.005,0.0,icmp,1592514600,2020-06-18 21:10:00+00:00
195735651,jinan-telecom,wuhan-telecom,48.0892,0.0,icmp,1592514720,2020-06-18 21:12:00+00:00
195735872,jinan-telecom,wuhan-telecom,47.0213,0.0,icmp,1592514840,2020-06-18 21:14:00+00:00
195736102,jinan-telecom,wuhan-telecom,48.5556,0.0,icmp,1592514960,2020-06-18 21:16:00+00:00
195736317,jinan-telecom,wuhan-telecom,46.6183,0.0,icmp,1592515080,2020-06-18 21:18:00+00:00
195736560,jinan-telecom,wuhan-telecom,47.3451,0.0,icmp,1592515200,2020-06-18 21:20:00+00:00
195736806,jinan-telecom,wuhan-telecom,39.4274,0.0,icmp,1592515339,2020-06-18 21:22:19+00:00
195737013,jinan-telecom,wuhan-telecom,47.6336,0.0,icmp,1592515440,2020-06-18 21:24:00+00:00
195737237,jinan-telecom,wuhan-telecom,45.4706,0.0,icmp,1592515560,2020-06-18 21:26:00+00:00
195737469,jinan-telecom,wuhan-telecom,39.3523,0.0,icmp,1592515699,2020-06-18 21:28:19+00:00
195737691,jinan-telecom,wuhan-telecom,45.282,0.0,icmp,1592515800,2020-06-18 21:30:00+00:00
195737933,jinan-telecom,wuhan-telecom,42.9501,0.0,icmp,1592515920,2020-06-18 21:32:00+00:00
195738148,jinan-telecom,wuhan-telecom,48.242,0.0,icmp,1592516040,2020-06-18 21:34:00+00:00
195738386,jinan-telecom,wuhan-telecom,47.1321,0.0,icmp,1592516160,2020-06-18 21:36:00+00:00
195738626,jinan-telecom,wuhan-telecom,47.211,0.0,icmp,1592516280,2020-06-18 21:38:00+00:00
195738848,jinan-telecom,wuhan-telecom,48.1396,0.0,icmp,1592516400,2020-06-18 21:40:00+00:00
195739079,jinan-telecom,wuhan-telecom,39.496,0.0,icmp,1592516479,2020-06-18 21:41:19+00:00
195739305,jinan-telecom,wuhan-telecom,39.4076,0.0,icmp,1592516659,2020-06-18 21:44:19+00:00
195739521,jinan-telecom,wuhan-telecom,46.2603,0.0,icmp,1592516760,2020-06-18 21:46:00+00:00
195739775,jinan-telecom,wuhan-telecom,46.3931,0.0,icmp,1592516880,2020-06-18 21:48:00+00:00
195739993,jinan-telecom,wuhan-telecom,39.544,0.0,icmp,1592516959,2020-06-18 21:49:19+00:00
195740226,jinan-telecom,wuhan-telecom,39.479,0.0,icmp,1592517139,2020-06-18 21:52:19+00:00
195740451,jinan-telecom,wuhan-telecom,47.6224,0.0,icmp,1592517240,2020-06-18 21:54:00+00:00
195740675,jinan-telecom,wuhan-telecom,47.1909,0.0,icmp,1592517360,2020-06-18 21:56:00+00:00
195740923,jinan-telecom,wuhan-telecom,40.6999,0.0,icmp,1592517480,2020-06-18 21:58:00+00:00
195741128,jinan-telecom,wuhan-telecom,46.2403,0.0,icmp,1592517600,2020-06-18 22:00:00+00:00
195741384,jinan-telecom,wuhan-telecom,39.7307,0.0,icmp,1592517739,2020-06-18 22:02:19+00:00
195741586,jinan-telecom,wuhan-telecom,48.1367,0.0,icmp,1592517840,2020-06-18 22:04:00+00:00
195741809,jinan-telecom,wuhan-telecom,46.9319,0.0,icmp,1592517960,2020-06-18 22:06:00+00:00
195742068,jinan-telecom,wuhan-telecom,45.8591,0.0,icmp,1592518080,2020-06-18 22:08:00+00:00
195742279,jinan-telecom,wuhan-telecom,45.9919,0.0,icmp,1592518200,2020-06-18 22:10:00+00:00
195742502,jinan-telecom,wuhan-telecom,47.7535,0.0,icmp,1592518320,2020-06-18 22:12:00+00:00
195742736,jinan-telecom,wuhan-telecom,39.3876,0.0,icmp,1592518459,2020-06-18 22:14:19+00:00
195742975,jinan-telecom,wuhan-telecom,49.787,0.0,icmp,1592518560,2020-06-18 22:16:00+00:00
195743216,jinan-telecom,wuhan-telecom,49.0695,0.0,icmp,1592518680,2020-06-18 22:18:00+00:00
195743428,jinan-telecom,wuhan-telecom,51.001,0.0,icmp,1592518800,2020-06-18 22:20:00+00:00
195743667,jinan-telecom,wuhan-telecom,46.5585,0.0,icmp,1592518920,2020-06-18 22:22:00+00:00
195743900,jinan-telecom,wuhan-telecom,45.5791,0.0,icmp,1592519040,2020-06-18 22:24:00+00:00
195744120,jinan-telecom,wuhan-telecom,47.1078,0.0,icmp,1592519160,2020-06-18 22:26:00+00:00
195744365,jinan-telecom,wuhan-telecom,48.3037,0.0,icmp,1592519280,2020-06-18 22:28:00+00:00
195744585,jinan-telecom,wuhan-telecom,47.8717,0.0,icmp,1592519400,2020-06-18 22:30:00+00:00
195744815,jinan-telecom,wuhan-telecom,39.3519,0.0,icmp,1592519539,2020-06-18 22:32:19+00:00
195745029,jinan-telecom,wuhan-telecom,45.622,0.0,icmp,1592519640,2020-06-18 22:34:00+00:00
195745265,jinan-telecom,wuhan-telecom,47.2587,0.0,icmp,1592519760,2020-06-18 22:36:00+00:00
195745501,jinan-telecom,wuhan-telecom,47.6226,0.0,icmp,1592519880,2020-06-18 22:38:00+00:00
195745732,jinan-telecom,wuhan-telecom,45.5016,0.0,icmp,1592520000,2020-06-18 22:40:00+00:00
195745948,jinan-telecom,wuhan-telecom,50.7091,0.0,icmp,1592520120,2020-06-18 22:42:00+00:00
195746185,jinan-telecom,wuhan-telecom,47.4607,0.0,icmp,1592520240,2020-06-18 22:44:00+00:00
195746398,jinan-telecom,wuhan-telecom,49.0406,0.0,icmp,1592520360,2020-06-18 22:46:00+00:00
195746645,jinan-telecom,wuhan-telecom,46.0763,0.0,icmp,1592520480,2020-06-18 22:48:00+00:00
195746857,jinan-telecom,wuhan-telecom,48.0239,0.0,icmp,1592520600,2020-06-18 22:50:00+00:00
195747087,jinan-telecom,wuhan-telecom,47.3553,0.0,icmp,1592520720,2020-06-18 22:52:00+00:00
195747313,jinan-telecom,wuhan-telecom,39.3671,0.0,icmp,1592520799,2020-06-18 22:53:19+00:00
195747557,jinan-telecom,wuhan-telecom,46.7439,0.0,icmp,1592520960,2020-06-18 22:56:00+00:00
195747780,jinan-telecom,wuhan-telecom,46.2462,0.0,icmp,1592521080,2020-06-18 22:58:00+00:00
195748016,jinan-telecom,wuhan-telecom,47.3437,0.0,icmp,1592521200,2020-06-18 23:00:00+00:00
195748232,jinan-telecom,wuhan-telecom,47.9399,0.0,icmp,1592521320,2020-06-18 23:02:00+00:00
195748480,jinan-telecom,wuhan-telecom,47.6609,0.0,icmp,1592521440,2020-06-18 23:04:00+00:00
195748684,jinan-telecom,wuhan-telecom,47.761,0.0,icmp,1592521560,2020-06-18 23:06:00+00:00
195748926,jinan-telecom,wuhan-telecom,47.778,0.0,icmp,1592521680,2020-06-18 23:08:00+00:00
195749158,jinan-telecom,wuhan-telecom,46.0262,0.0,icmp,1592521800,2020-06-18 23:10:00+00:00
195749373,jinan-telecom,wuhan-telecom,47.0236,0.0,icmp,1592521920,2020-06-18 23:12:00+00:00
195749627,jinan-telecom,wuhan-telecom,46.2779,0.0,icmp,1592522040,2020-06-18 23:14:00+00:00
195749844,jinan-telecom,wuhan-telecom,39.3759,0.0,icmp,1592522119,2020-06-18 23:15:19+00:00
195750058,jinan-telecom,wuhan-telecom,46.6911,0.0,icmp,1592522280,2020-06-18 23:18:00+00:00
195750309,jinan-telecom,wuhan-telecom,39.3374,0.0,icmp,1592522419,2020-06-18 23:20:19+00:00
195750534,jinan-telecom,wuhan-telecom,44.7358,0.0,icmp,1592522520,2020-06-18 23:22:00+00:00
195750761,jinan-telecom,wuhan-telecom,46.9282,0.0,icmp,1592522640,2020-06-18 23:24:00+00:00
195750984,jinan-telecom,wuhan-telecom,50.9296,0.0,icmp,1592522760,2020-06-18 23:26:00+00:00
195751202,jinan-telecom,wuhan-telecom,39.4257,0.0,icmp,1592522839,2020-06-18 23:27:19+00:00
195751451,jinan-telecom,wuhan-telecom,47.4053,0.0,icmp,1592523000,2020-06-18 23:30:00+00:00
195751674,jinan-telecom,wuhan-telecom,47.9717,0.0,icmp,1592523120,2020-06-18 23:32:00+00:00
195751891,jinan-telecom,wuhan-telecom,39.3493,0.0,icmp,1592523259,2020-06-18 23:34:19+00:00
195752120,jinan-telecom,wuhan-telecom,45.3973,0.0,icmp,1592523360,2020-06-18 23:36:00+00:00
195752390,jinan-telecom,wuhan-telecom,46.5543,0.0,icmp,1592523480,2020-06-18 23:38:00+00:00
195752587,jinan-telecom,wuhan-telecom,39.3244,0.0,icmp,1592523619,2020-06-18 23:40:19+00:00
195752808,jinan-telecom,wuhan-telecom,46.8201,0.0,icmp,1592523720,2020-06-18 23:42:00+00:00
195753056,jinan-telecom,wuhan-telecom,47.721,0.0,icmp,1592523840,2020-06-18 23:44:00+00:00
195753267,jinan-telecom,wuhan-telecom,49.5979,0.0,icmp,1592523960,2020-06-18 23:46:00+00:00
195753492,jinan-telecom,wuhan-telecom,46.2125,0.0,icmp,1592524080,2020-06-18 23:48:00+00:00
195753736,jinan-telecom,wuhan-telecom,46.6568,0.0,icmp,1592524200,2020-06-18 23:50:00+00:00
195753980,jinan-telecom,wuhan-telecom,46.9564,0.0,icmp,1592524320,2020-06-18 23:52:00+00:00
195754213,jinan-telecom,wuhan-telecom,47.284,0.0,icmp,1592524440,2020-06-18 23:54:00+00:00
195754426,jinan-telecom,wuhan-telecom,39.3196,0.0,icmp,1592524519,2020-06-18 23:55:19+00:00
195754646,jinan-telecom,wuhan-telecom,47.4625,0.0,icmp,1592524680,2020-06-18 23:58:00+00:00
195754877,jinan-telecom,wuhan-telecom,39.4326,0.0,icmp,1592524819,2020-06-19 00:00:19+00:00
195755124,jinan-telecom,wuhan-telecom,47.0117,0.0,icmp,1592524920,2020-06-19 00:02:00+00:00
195755336,jinan-telecom,wuhan-telecom,47.6835,0.0,icmp,1592525040,2020-06-19 00:04:00+00:00
195755558,jinan-telecom,wuhan-telecom,46.455,0.0,icmp,1592525160,2020-06-19 00:06:00+00:00
195755782,jinan-telecom,wuhan-telecom,39.5071,0.0,icmp,1592525299,2020-06-19 00:08:19+00:00
195756016,jinan-telecom,wuhan-telecom,46.8219,0.0,icmp,1592525400,2020-06-19 00:10:00+00:00
195756272,jinan-telecom,wuhan-telecom,48.9003,0.0,icmp,1592525520,2020-06-19 00:12:00+00:00
195756454,jinan-telecom,wuhan-telecom,46.2984,0.0,icmp,1592525640,2020-06-19 00:14:00+00:00
195756723,jinan-telecom,wuhan-telecom,47.6655,0.0,icmp,1592525760,2020-06-19 00:16:00+00:00
195756943,jinan-telecom,wuhan-telecom,49.5545,0.0,icmp,1592525880,2020-06-19 00:18:00+00:00
195757159,jinan-telecom,wuhan-telecom,45.5989,0.0,icmp,1592526000,2020-06-19 00:20:00+00:00
195757387,jinan-telecom,wuhan-telecom,47.3236,0.0,icmp,1592526120,2020-06-19 00:22:00+00:00
195757615,jinan-telecom,wuhan-telecom,47.7511,0.0,icmp,1592526240,2020-06-19 00:24:00+00:00
195757848,jinan-telecom,wuhan-telecom,46.9618,0.0,icmp,1592526360,2020-06-19 00:26:00+00:00
195758064,jinan-telecom,wuhan-telecom,45.9715,0.0,icmp,1592526480,2020-06-19 00:28:00+00:00
195758295,jinan-telecom,wuhan-telecom,41.5488,0.0,icmp,1592526600,2020-06-19 00:30:00+00:00
195758528,jinan-telecom,wuhan-telecom,45.3309,0.0,icmp,1592526720,2020-06-19 00:32:00+00:00
195758748,jinan-telecom,wuhan-telecom,46.9457,0.0,icmp,1592526840,2020-06-19 00:34:00+00:00
195758995,jinan-telecom,wuhan-telecom,46.593,0.0,icmp,1592526960,2020-06-19 00:36:00+00:00
195759225,jinan-telecom,wuhan-telecom,41.8683,0.0,icmp,1592527080,2020-06-19 00:38:00+00:00
195759456,jinan-telecom,wuhan-telecom,42.4932,0.0,icmp,1592527200,2020-06-19 00:40:00+00:00
195759665,jinan-telecom,wuhan-telecom,47.2028,0.0,icmp,1592527320,2020-06-19 00:42:00+00:00
195759902,jinan-telecom,wuhan-telecom,45.2708,0.0,icmp,1592527440,2020-06-19 00:44:00+00:00
195760129,jinan-telecom,wuhan-telecom,47.3656,0.0,icmp,1592527560,2020-06-19 00:46:00+00:00
195760350,jinan-telecom,wuhan-telecom,39.4314,0.0,icmp,1592527699,2020-06-19 00:48:19+00:00
195760573,jinan-telecom,wuhan-telecom,48.5132,0.0,icmp,1592527800,2020-06-19 00:50:00+00:00
195760813,jinan-telecom,wuhan-telecom,39.3595,0.0,icmp,1592527879,2020-06-19 00:51:19+00:00
195761042,jinan-telecom,wuhan-telecom,46.8036,0.0,icmp,1592528040,2020-06-19 00:54:00+00:00
195761251,jinan-telecom,wuhan-telecom,48.4257,0.0,icmp,1592528160,2020-06-19 00:56:00+00:00
195761488,jinan-telecom,wuhan-telecom,47.1274,0.0,icmp,1592528280,2020-06-19 00:58:00+00:00
195761747,jinan-telecom,wuhan-telecom,39.4707,0.0,icmp,1592528359,2020-06-19 00:59:19+00:00
195761967,jinan-telecom,wuhan-telecom,46.2782,0.0,icmp,1592528520,2020-06-19 01:02:00+00:00
195762186,jinan-telecom,wuhan-telecom,44.9917,0.0,icmp,1592528640,2020-06-19 01:04:00+00:00
195762428,jinan-telecom,wuhan-telecom,47.945,0.0,icmp,1592528760,2020-06-19 01:06:00+00:00
195762641,jinan-telecom,wuhan-telecom,46.7929,0.0,icmp,1592528880,2020-06-19 01:08:00+00:00
195762861,jinan-telecom,wuhan-telecom,49.3686,0.0,icmp,1592529000,2020-06-19 01:10:00+00:00
195763112,jinan-telecom,wuhan-telecom,47.6762,0.0,icmp,1592529120,2020-06-19 01:12:00+00:00
195763335,jinan-telecom,wuhan-telecom,39.3997,0.0,icmp,1592529259,2020-06-19 01:14:19+00:00
195763571,jinan-telecom,wuhan-telecom,47.3693,0.0,icmp,1592529360,2020-06-19 01:16:00+00:00
195763805,jinan-telecom,wuhan-telecom,46.9557,0.0,icmp,1592529480,2020-06-19 01:18:00+00:00
195764010,jinan-telecom,wuhan-telecom,45.5395,0.0,icmp,1592529600,2020-06-19 01:20:00+00:00
195764262,jinan-telecom,wuhan-telecom,46.175,0.0,icmp,1592529720,2020-06-19 01:22:00+00:00
195764476,jinan-telecom,wuhan-telecom,45.5673,0.0,icmp,1592529840,2020-06-19 01:24:00+00:00
195764703,jinan-telecom,wuhan-telecom,48.4887,0.0,icmp,1592529960,2020-06-19 01:26:00+00:00
195764945,jinan-telecom,wuhan-telecom,47.1269,0.0,icmp,1592530080,2020-06-19 01:28:00+00:00
195765168,jinan-telecom,wuhan-telecom,40.1781,0.0,icmp,1592530200,2020-06-19 01:30:00+00:00
195765395,jinan-telecom,wuhan-telecom,47.3142,0.0,icmp,1592530320,2020-06-19 01:32:00+00:00
195765617,jinan-telecom,wuhan-telecom,45.7025,0.0,icmp,1592530440,2020-06-19 01:34:00+00:00
195765859,jinan-telecom,wuhan-telecom,39.4329,0.0,icmp,1592530579,2020-06-19 01:36:19+00:00
195766052,jinan-telecom,wuhan-telecom,45.5554,0.0,icmp,1592530680,2020-06-19 01:38:00+00:00
195766313,jinan-telecom,wuhan-telecom,39.7161,0.0,icmp,1592530819,2020-06-19 01:40:19+00:00
195766552,jinan-telecom,wuhan-telecom,46.8352,0.0,icmp,1592530920,2020-06-19 01:42:00+00:00
195766782,jinan-telecom,wuhan-telecom,46.0282,0.0,icmp,1592531040,2020-06-19 01:44:00+00:00
195766983,jinan-telecom,wuhan-telecom,46.5998,0.0,icmp,1592531160,2020-06-19 01:46:00+00:00
195767210,jinan-telecom,wuhan-telecom,44.9779,0.0,icmp,1592531280,2020-06-19 01:48:00+00:00
195767471,jinan-telecom,wuhan-telecom,39.5343,0.0,icmp,1592531359,2020-06-19 01:49:19+00:00
195767698,jinan-telecom,wuhan-telecom,47.2041,0.0,icmp,1592531520,2020-06-19 01:52:00+00:00
195767920,jinan-telecom,wuhan-telecom,46.2451,0.0,icmp,1592531640,2020-06-19 01:54:00+00:00
195768137,jinan-telecom,wuhan-telecom,47.231,0.0,icmp,1592531760,2020-06-19 01:56:00+00:00
195768381,jinan-telecom,wuhan-telecom,39.69,0.0,icmp,1592531839,2020-06-19 01:57:19+00:00
195768605,jinan-telecom,wuhan-telecom,46.5901,0.0,icmp,1592532000,2020-06-19 02:00:00+00:00
195768837,jinan-telecom,wuhan-telecom,44.524,0.0,icmp,1592532120,2020-06-19 02:02:00+00:00
195769058,jinan-telecom,wuhan-telecom,45.3534,0.0,icmp,1592532240,2020-06-19 02:04:00+00:00
195769287,jinan-telecom,wuhan-telecom,44.1924,0.0,icmp,1592532360,2020-06-19 02:06:00+00:00
195769506,jinan-telecom,wuhan-telecom,48.8264,0.0,icmp,1592532480,2020-06-19 02:08:00+00:00
195769744,jinan-telecom,wuhan-telecom,47.485,0.0,icmp,1592532600,2020-06-19 02:10:00+00:00
195769969,jinan-telecom,wuhan-telecom,47.8982,0.0,icmp,1592532720,2020-06-19 02:12:00+00:00
195770201,jinan-telecom,wuhan-telecom,39.6091,0.0,icmp,1592532799,2020-06-19 02:13:19+00:00
195770425,jinan-telecom,wuhan-telecom,39.2933,0.0,icmp,1592532979,2020-06-19 02:16:19+00:00
195770664,jinan-telecom,wuhan-telecom,46.0683,0.0,icmp,1592533080,2020-06-19 02:18:00+00:00
195770898,jinan-telecom,wuhan-telecom,47.522,0.0,icmp,1592533200,2020-06-19 02:20:00+00:00
195771132,jinan-telecom,wuhan-telecom,47.4334,0.0,icmp,1592533320,2020-06-19 02:22:00+00:00
195771349,jinan-telecom,wuhan-telecom,46.9333,0.0,icmp,1592533440,2020-06-19 02:24:00+00:00
195771589,jinan-telecom,wuhan-telecom,45.7618,0.0,icmp,1592533560,2020-06-19 02:26:00+00:00
195771803,jinan-telecom,wuhan-telecom,47.2315,0.0,icmp,1592533680,2020-06-19 02:28:00+00:00
195772025,jinan-telecom,wuhan-telecom,48.6051,0.0,icmp,1592533800,2020-06-19 02:30:00+00:00
195772260,jinan-telecom,wuhan-telecom,39.3492,0.0,icmp,1592533939,2020-06-19 02:32:19+00:00
195772488,jinan-telecom,wuhan-telecom,47.7975,0.0,icmp,1592534040,2020-06-19 02:34:00+00:00
195772705,jinan-telecom,wuhan-telecom,44.3788,0.0,icmp,1592534160,2020-06-19 02:36:00+00:00
195772956,jinan-telecom,wuhan-telecom,46.3716,0.0,icmp,1592534280,2020-06-19 02:38:00+00:00
195773173,jinan-telecom,wuhan-telecom,45.8968,0.0,icmp,1592534400,2020-06-19 02:40:00+00:00
195773401,jinan-telecom,wuhan-telecom,41.5359,0.0,icmp,1592534520,2020-06-19 02:42:00+00:00
195773639,jinan-telecom,wuhan-telecom,48.1632,0.0,icmp,1592534640,2020-06-19 02:44:00+00:00
195773854,jinan-telecom,wuhan-telecom,39.3739,0.0,icmp,1592534779,2020-06-19 02:46:19+00:00
195774102,jinan-telecom,wuhan-telecom,46.9788,0.0,icmp,1592534880,2020-06-19 02:48:00+00:00
195774322,jinan-telecom,wuhan-telecom,39.4688,0.0,icmp,1592535005,2020-06-19 02:50:05+00:00
195774557,jinan-telecom,wuhan-telecom,46.5572,0.0,icmp,1592535120,2020-06-19 02:52:00+00:00
195774778,jinan-telecom,wuhan-telecom,39.3754,0.0,icmp,1592535259,2020-06-19 02:54:19+00:00
195775004,jinan-telecom,wuhan-telecom,39.4291,0.0,icmp,1592535379,2020-06-19 02:56:19+00:00
195775234,jinan-telecom,wuhan-telecom,46.5791,0.0,icmp,1592535480,2020-06-19 02:58:00+00:00
195775499,jinan-telecom,wuhan-telecom,47.4473,0.0,icmp,1592535600,2020-06-19 03:00:00+00:00
195775718,jinan-telecom,wuhan-telecom,39.3334,0.0,icmp,1592535739,2020-06-19 03:02:19+00:00
195775926,jinan-telecom,wuhan-telecom,48.5753,0.0,icmp,1592535840,2020-06-19 03:04:00+00:00
195776141,jinan-telecom,wuhan-telecom,40.1179,0.0,icmp,1592535960,2020-06-19 03:06:00+00:00
195776399,jinan-telecom,wuhan-telecom,44.4688,0.0,icmp,1592536080,2020-06-19 03:08:00+00:00
195776605,jinan-telecom,wuhan-telecom,48.0729,0.0,icmp,1592536200,2020-06-19 03:10:00+00:00
195776853,jinan-telecom,wuhan-telecom,39.6478,0.0,icmp,1592536279,2020-06-19 03:11:19+00:00
195777071,jinan-telecom,wuhan-telecom,47.8725,0.0,icmp,1592536440,2020-06-19 03:14:00+00:00
195777291,jinan-telecom,wuhan-telecom,47.3861,0.0,icmp,1592536560,2020-06-19 03:16:00+00:00
195777534,jinan-telecom,wuhan-telecom,47.1427,0.0,icmp,1592536680,2020-06-19 03:18:00+00:00
195777768,jinan-telecom,wuhan-telecom,48.5529,0.0,icmp,1592536800,2020-06-19 03:20:00+00:00
195777986,jinan-telecom,wuhan-telecom,39.3552,0.0,icmp,1592536879,2020-06-19 03:21:19+00:00
195778211,jinan-telecom,wuhan-telecom,39.3104,0.0,icmp,1592536999,2020-06-19 03:23:19+00:00
195778438,jinan-telecom,wuhan-telecom,48.1704,0.0,icmp,1592537160,2020-06-19 03:26:00+00:00
195778691,jinan-telecom,wuhan-telecom,46.6614,0.0,icmp,1592537280,2020-06-19 03:28:00+00:00
195778915,jinan-telecom,wuhan-telecom,49.4917,0.0,icmp,1592537400,2020-06-19 03:30:00+00:00
195779128,jinan-telecom,wuhan-telecom,39.4664,0.0,icmp,1592537525,2020-06-19 03:32:05+00:00
195779358,jinan-telecom,wuhan-telecom,48.2947,0.0,icmp,1592537640,2020-06-19 03:34:00+00:00
195779581,jinan-telecom,wuhan-telecom,39.3724,0.0,icmp,1592537779,2020-06-19 03:36:19+00:00
195779833,jinan-telecom,wuhan-telecom,47.0252,0.0,icmp,1592537880,2020-06-19 03:38:00+00:00
195780037,jinan-telecom,wuhan-telecom,46.0863,0.0,icmp,1592538000,2020-06-19 03:40:00+00:00
195780278,jinan-telecom,wuhan-telecom,46.8772,0.0,icmp,1592538120,2020-06-19 03:42:00+00:00
195780510,jinan-telecom,wuhan-telecom,45.5152,0.0,icmp,1592538240,2020-06-19 03:44:00+00:00
195780726,jinan-telecom,wuhan-telecom,39.3401,0.0,icmp,1592538319,2020-06-19 03:45:19+00:00
195780954,jinan-telecom,wuhan-telecom,46.9269,0.0,icmp,1592538480,2020-06-19 03:48:00+00:00
195781196,jinan-telecom,wuhan-telecom,39.4491,0.0,icmp,1592538619,2020-06-19 03:50:19+00:00
195781419,jinan-telecom,wuhan-telecom,45.3384,0.0,icmp,1592538720,2020-06-19 03:52:00+00:00
195781628,jinan-telecom,wuhan-telecom,46.4121,0.0,icmp,1592538840,2020-06-19 03:54:00+00:00
195781850,jinan-telecom,wuhan-telecom,39.3366,0.0,icmp,1592538979,2020-06-19 03:56:19+00:00
195782073,jinan-telecom,wuhan-telecom,46.364,0.0,icmp,1592539080,2020-06-19 03:58:00+00:00
195782299,jinan-telecom,wuhan-telecom,43.8655,0.0,icmp,1592539200,2020-06-19 04:00:00+00:00
195782516,jinan-telecom,wuhan-telecom,46.521,0.0,icmp,1592539320,2020-06-19 04:02:00+00:00
195782744,jinan-telecom,wuhan-telecom,39.7383,0.0,icmp,1592539440,2020-06-19 04:04:00+00:00
195782983,jinan-telecom,wuhan-telecom,40.9991,0.0,icmp,1592539560,2020-06-19 04:06:00+00:00
195783192,jinan-telecom,wuhan-telecom,41.273,0.0,icmp,1592539680,2020-06-19 04:08:00+00:00
195783410,jinan-telecom,wuhan-telecom,48.7362,0.0,icmp,1592539800,2020-06-19 04:10:00+00:00
195783624,jinan-telecom,wuhan-telecom,49.0345,0.0,icmp,1592539920,2020-06-19 04:12:00+00:00
195783843,jinan-telecom,wuhan-telecom,46.3488,0.0,icmp,1592540040,2020-06-19 04:14:00+00:00
195784077,jinan-telecom,wuhan-telecom,41.6412,0.0,icmp,1592540160,2020-06-19 04:16:00+00:00
195784300,jinan-telecom,wuhan-telecom,46.0873,0.0,icmp,1592540280,2020-06-19 04:18:00+00:00
195784497,jinan-telecom,wuhan-telecom,42.153,0.0,icmp,1592540400,2020-06-19 04:20:00+00:00
195784721,jinan-telecom,wuhan-telecom,45.5426,0.0,icmp,1592540520,2020-06-19 04:22:00+00:00
195784958,jinan-telecom,wuhan-telecom,42.6625,0.0,icmp,1592540640,2020-06-19 04:24:00+00:00
195785180,jinan-telecom,wuhan-telecom,44.8092,0.0,icmp,1592540760,2020-06-19 04:26:00+00:00
195785425,jinan-telecom,wuhan-telecom,47.7086,0.0,icmp,1592540880,2020-06-19 04:28:00+00:00
195785641,jinan-telecom,wuhan-telecom,39.3226,0.0,icmp,1592540959,2020-06-19 04:29:19+00:00
195785861,jinan-telecom,wuhan-telecom,47.3693,0.0,icmp,1592541120,2020-06-19 04:32:00+00:00
195786110,jinan-telecom,wuhan-telecom,39.3294,0.0,icmp,1592541199,2020-06-19 04:33:19+00:00
195786322,jinan-telecom,wuhan-telecom,47.0979,0.0,icmp,1592541304,2020-06-19 04:35:04+00:00
195786543,jinan-telecom,wuhan-telecom,46.2108,0.0,icmp,1592541480,2020-06-19 04:38:00+00:00
195786791,jinan-telecom,wuhan-telecom,48.6423,0.0,icmp,1592541600,2020-06-19 04:40:00+00:00
195787008,jinan-telecom,wuhan-telecom,47.5282,0.0,icmp,1592541720,2020-06-19 04:42:00+00:00
195787253,jinan-telecom,wuhan-telecom,46.7111,0.0,icmp,1592541840,2020-06-19 04:44:00+00:00
195787458,jinan-telecom,wuhan-telecom,39.509,0.0,icmp,1592541905,2020-06-19 04:45:05+00:00
195787682,jinan-telecom,wuhan-telecom,47.1572,0.0,icmp,1592542080,2020-06-19 04:48:00+00:00
195787929,jinan-telecom,wuhan-telecom,46.998,0.0,icmp,1592542200,2020-06-19 04:50:00+00:00
195788138,jinan-telecom,wuhan-telecom,47.1424,0.0,icmp,1592542320,2020-06-19 04:52:00+00:00
195788371,jinan-telecom,wuhan-telecom,39.3032,0.0,icmp,1592542399,2020-06-19 04:53:19+00:00
195788603,jinan-telecom,wuhan-telecom,39.4674,0.0,icmp,1592542579,2020-06-19 04:56:19+00:00
195788826,jinan-telecom,wuhan-telecom,45.8211,0.0,icmp,1592542680,2020-06-19 04:58:00+00:00
195789059,jinan-telecom,wuhan-telecom,43.1502,0.0,icmp,1592542800,2020-06-19 05:00:00+00:00
195789302,jinan-telecom,wuhan-telecom,47.9232,0.0,icmp,1592542920,2020-06-19 05:02:00+00:00
195789511,jinan-telecom,wuhan-telecom,46.1875,0.0,icmp,1592543040,2020-06-19 05:04:00+00:00
195789746,jinan-telecom,wuhan-telecom,48.6847,0.0,icmp,1592543160,2020-06-19 05:06:00+00:00
195789970,jinan-telecom,wuhan-telecom,39.3205,0.0,icmp,1592543299,2020-06-19 05:08:19+00:00
195790209,jinan-telecom,wuhan-telecom,47.5028,0.0,icmp,1592543400,2020-06-19 05:10:00+00:00
195790434,jinan-telecom,wuhan-telecom,47.0836,0.0,icmp,1592543520,2020-06-19 05:12:00+00:00
195790656,jinan-telecom,wuhan-telecom,46.0925,0.0,icmp,1592543640,2020-06-19 05:14:00+00:00
195790871,jinan-telecom,wuhan-telecom,39.6743,0.0,icmp,1592543719,2020-06-19 05:15:19+00:00
195791116,jinan-telecom,wuhan-telecom,39.5273,0.0,icmp,1592543839,2020-06-19 05:17:19+00:00
195791347,jinan-telecom,wuhan-telecom,39.4196,0.0,icmp,1592543959,2020-06-19 05:19:19+00:00
195791564,jinan-telecom,wuhan-telecom,46.8095,0.0,icmp,1592544120,2020-06-19 05:22:00+00:00
195791803,jinan-telecom,wuhan-telecom,42.7081,0.0,icmp,1592544240,2020-06-19 05:24:00+00:00
195792013,jinan-telecom,wuhan-telecom,39.6495,0.0,icmp,1592544364,2020-06-19 05:26:04+00:00
195792254,jinan-telecom,wuhan-telecom,47.7848,0.0,icmp,1592544480,2020-06-19 05:28:00+00:00
195792472,jinan-telecom,wuhan-telecom,45.3949,0.0,icmp,1592544600,2020-06-19 05:30:00+00:00
195792703,jinan-telecom,wuhan-telecom,47.9474,0.0,icmp,1592544720,2020-06-19 05:32:00+00:00
195792946,jinan-telecom,wuhan-telecom,46.0461,0.0,icmp,1592544840,2020-06-19 05:34:00+00:00
195793154,jinan-telecom,wuhan-telecom,39.9268,0.0,icmp,1592544919,2020-06-19 05:35:19+00:00
195793406,jinan-telecom,wuhan-telecom,48.7428,0.0,icmp,1592545080,2020-06-19 05:38:00+00:00
195793618,jinan-telecom,wuhan-telecom,49.3264,0.0,icmp,1592545200,2020-06-19 05:40:00+00:00
195793849,jinan-telecom,wuhan-telecom,46.5845,0.0,icmp,1592545320,2020-06-19 05:42:00+00:00
195794082,jinan-telecom,wuhan-telecom,46.1837,0.0,icmp,1592545440,2020-06-19 05:44:00+00:00
195794312,jinan-telecom,wuhan-telecom,48.7626,0.0,icmp,1592545560,2020-06-19 05:46:00+00:00
195794530,jinan-telecom,wuhan-telecom,39.6029,0.0,icmp,1592545624,2020-06-19 05:47:04+00:00
195794750,jinan-telecom,wuhan-telecom,39.2923,0.0,icmp,1592545819,2020-06-19 05:50:19+00:00
195794979,jinan-telecom,wuhan-telecom,47.6199,0.0,icmp,1592545920,2020-06-19 05:52:00+00:00
195795210,jinan-telecom,wuhan-telecom,39.3181,0.0,icmp,1592545999,2020-06-19 05:53:19+00:00
195795443,jinan-telecom,wuhan-telecom,46.8562,0.0,icmp,1592546160,2020-06-19 05:56:00+00:00
195795676,jinan-telecom,wuhan-telecom,46.6135,0.0,icmp,1592546280,2020-06-19 05:58:00+00:00
195795910,jinan-telecom,wuhan-telecom,48.744,0.0,icmp,1592546400,2020-06-19 06:00:00+00:00
195796141,jinan-telecom,wuhan-telecom,46.8623,0.0,icmp,1592546520,2020-06-19 06:02:00+00:00
195796352,jinan-telecom,wuhan-telecom,39.4718,0.0,icmp,1592546599,2020-06-19 06:03:19+00:00
195796593,jinan-telecom,wuhan-telecom,47.3762,0.0,icmp,1592546760,2020-06-19 06:06:00+00:00
195796793,jinan-telecom,wuhan-telecom,42.3487,0.0,icmp,1592546826,2020-06-19 06:07:06+00:00
195797030,jinan-telecom,wuhan-telecom,48.9248,0.0,icmp,1592547000,2020-06-19 06:10:00+00:00
195797263,jinan-telecom,wuhan-telecom,42.4344,0.0,icmp,1592547120,2020-06-19 06:12:00+00:00
195797498,jinan-telecom,wuhan-telecom,45.756,0.0,icmp,1592547240,2020-06-19 06:14:00+00:00
195797714,jinan-telecom,wuhan-telecom,46.5031,0.0,icmp,1592547360,2020-06-19 06:16:00+00:00
195797950,jinan-telecom,wuhan-telecom,39.5508,0.0,icmp,1592547439,2020-06-19 06:17:19+00:00
195798206,jinan-telecom,wuhan-telecom,46.7033,0.0,icmp,1592547600,2020-06-19 06:20:00+00:00
195798411,jinan-telecom,wuhan-telecom,47.535,0.0,icmp,1592547720,2020-06-19 06:22:00+00:00
195798640,jinan-telecom,wuhan-telecom,47.184,0.0,icmp,1592547840,2020-06-19 06:24:00+00:00
195798853,jinan-telecom,wuhan-telecom,48.8458,0.0,icmp,1592547960,2020-06-19 06:26:00+00:00
195799113,jinan-telecom,wuhan-telecom,46.7564,0.0,icmp,1592548080,2020-06-19 06:28:00+00:00
195799324,jinan-telecom,wuhan-telecom,47.1779,0.0,icmp,1592548200,2020-06-19 06:30:00+00:00
195799552,jinan-telecom,wuhan-telecom,39.3114,0.0,icmp,1592548279,2020-06-19 06:31:19+00:00
199091685,jinan-telecom,wuhan-telecom,39.3693,0.0,icmp,1592796619,2020-06-22 03:30:19+00:00
199091928,jinan-telecom,wuhan-telecom,39.3905,0.0,icmp,1592796799,2020-06-22 03:33:19+00:00
199092154,jinan-telecom,wuhan-telecom,47.1047,0.0,icmp,1592796900,2020-06-22 03:35:00+00:00
199092379,jinan-telecom,wuhan-telecom,39.4309,0.0,icmp,1592796979,2020-06-22 03:36:19+00:00
199092620,jinan-telecom,wuhan-telecom,44.8006,0.0,icmp,1592797140,2020-06-22 03:39:00+00:00
199092841,jinan-telecom,wuhan-telecom,44.9109,0.0,icmp,1592797260,2020-06-22 03:41:00+00:00
199093057,jinan-telecom,wuhan-telecom,49.422,0.0,icmp,1592797380,2020-06-22 03:43:00+00:00
199093297,jinan-telecom,wuhan-telecom,48.7402,0.0,icmp,1592797500,2020-06-22 03:45:00+00:00
199093520,jinan-telecom,wuhan-telecom,39.5273,0.0,icmp,1592797579,2020-06-22 03:46:19+00:00
199093747,jinan-telecom,wuhan-telecom,46.9001,0.0,icmp,1592797740,2020-06-22 03:49:00+00:00
199093978,jinan-telecom,wuhan-telecom,49.4901,0.0,icmp,1592797860,2020-06-22 03:51:00+00:00
199094203,jinan-telecom,wuhan-telecom,44.7958,0.0,icmp,1592797980,2020-06-22 03:53:00+00:00
199094425,jinan-telecom,wuhan-telecom,39.549,0.0,icmp,1592798119,2020-06-22 03:55:19+00:00
199094657,jinan-telecom,wuhan-telecom,45.5449,0.0,icmp,1592798220,2020-06-22 03:57:00+00:00
199094884,jinan-telecom,wuhan-telecom,39.5231,0.0,icmp,1592798344,2020-06-22 03:59:04+00:00
199095115,jinan-telecom,wuhan-telecom,50.25,0.0,icmp,1592798460,2020-06-22 04:01:00+00:00
199095352,jinan-telecom,wuhan-telecom,45.8946,0.0,icmp,1592798580,2020-06-22 04:03:00+00:00
199095572,jinan-telecom,wuhan-telecom,46.7579,0.0,icmp,1592798700,2020-06-22 04:05:00+00:00
199095811,jinan-telecom,wuhan-telecom,39.3488,0.0,icmp,1592798779,2020-06-22 04:06:19+00:00
199096021,jinan-telecom,wuhan-telecom,39.361,0.0,icmp,1592798959,2020-06-22 04:09:19+00:00
199096257,jinan-telecom,wuhan-telecom,47.544,0.0,icmp,1592799060,2020-06-22 04:11:00+00:00
199096499,jinan-telecom,wuhan-telecom,46.7191,0.0,icmp,1592799180,2020-06-22 04:13:00+00:00
199096704,jinan-telecom,wuhan-telecom,46.2407,0.0,icmp,1592799300,2020-06-22 04:15:00+00:00
199096927,jinan-telecom,wuhan-telecom,39.3621,0.0,icmp,1592799379,2020-06-22 04:16:19+00:00
199097175,jinan-telecom,wuhan-telecom,48.8315,0.0,icmp,1592799540,2020-06-22 04:19:00+00:00
199097388,jinan-telecom,wuhan-telecom,47.6419,0.0,icmp,1592799660,2020-06-22 04:21:00+00:00
199097628,jinan-telecom,wuhan-telecom,46.8942,0.0,icmp,1592799780,2020-06-22 04:23:00+00:00
199097863,jinan-telecom,wuhan-telecom,39.6394,0.0,icmp,1592799919,2020-06-22 04:25:19+00:00
199098069,jinan-telecom,wuhan-telecom,50.0811,0.0,icmp,1592800020,2020-06-22 04:27:00+00:00
199098313,jinan-telecom,wuhan-telecom,46.574,0.0,icmp,1592800140,2020-06-22 04:29:00+00:00
199098550,jinan-telecom,wuhan-telecom,49.6099,0.0,icmp,1592800260,2020-06-22 04:31:00+00:00
199098747,jinan-telecom,wuhan-telecom,49.8114,0.0,icmp,1592800380,2020-06-22 04:33:00+00:00
199098978,jinan-telecom,wuhan-telecom,43.5036,0.0,icmp,1592800500,2020-06-22 04:35:00+00:00
199099206,jinan-telecom,wuhan-telecom,39.3959,0.0,icmp,1592800639,2020-06-22 04:37:19+00:00
199099446,jinan-telecom,wuhan-telecom,47.4774,0.0,icmp,1592800740,2020-06-22 04:39:00+00:00
199099661,jinan-telecom,wuhan-telecom,47.4362,0.0,icmp,1592800860,2020-06-22 04:41:00+00:00
199099907,jinan-telecom,wuhan-telecom,47.7,0.0,icmp,1592800980,2020-06-22 04:43:00+00:00
199100110,jinan-telecom,wuhan-telecom,47.1786,0.0,icmp,1592801100,2020-06-22 04:45:00+00:00
199100370,jinan-telecom,wuhan-telecom,46.6524,0.0,icmp,1592801220,2020-06-22 04:47:00+00:00
199100573,jinan-telecom,wuhan-telecom,49.0645,0.0,icmp,1592801340,2020-06-22 04:49:00+00:00
199100813,jinan-telecom,wuhan-telecom,47.6992,0.0,icmp,1592801460,2020-06-22 04:51:00+00:00
199101036,jinan-telecom,wuhan-telecom,39.386,0.0,icmp,1592801599,2020-06-22 04:53:19+00:00
199101263,jinan-telecom,wuhan-telecom,48.3535,0.0,icmp,1592801700,2020-06-22 04:55:00+00:00
199101500,jinan-telecom,wuhan-telecom,45.8606,0.0,icmp,1592801820,2020-06-22 04:57:00+00:00
199101736,jinan-telecom,wuhan-telecom,45.1209,0.0,icmp,1592801940,2020-06-22 04:59:00+00:00
199101942,jinan-telecom,wuhan-telecom,47.9132,0.0,icmp,1592802060,2020-06-22 05:01:00+00:00
199102184,jinan-telecom,wuhan-telecom,46.9803,0.0,icmp,1592802180,2020-06-22 05:03:00+00:00
199102423,jinan-telecom,wuhan-telecom,47.5291,0.0,icmp,1592802300,2020-06-22 05:05:00+00:00
199102641,jinan-telecom,wuhan-telecom,48.126,0.0,icmp,1592802420,2020-06-22 05:07:00+00:00
199102878,jinan-telecom,wuhan-telecom,39.5601,0.0,icmp,1592802559,2020-06-22 05:09:19+00:00
199103081,jinan-telecom,wuhan-telecom,46.6795,0.0,icmp,1592802660,2020-06-22 05:11:00+00:00
199103326,jinan-telecom,wuhan-telecom,48.2658,0.0,icmp,1592802780,2020-06-22 05:13:00+00:00
199103569,jinan-telecom,wuhan-telecom,39.4191,0.0,icmp,1592802859,2020-06-22 05:14:19+00:00
199103788,jinan-telecom,wuhan-telecom,48.0464,0.0,icmp,1592803020,2020-06-22 05:17:00+00:00
199104023,jinan-telecom,wuhan-telecom,39.3783,0.0,icmp,1592803159,2020-06-22 05:19:19+00:00
199104250,jinan-telecom,wuhan-telecom,39.3267,0.0,icmp,1592803279,2020-06-22 05:21:19+00:00
199104481,jinan-telecom,wuhan-telecom,44.7938,0.0,icmp,1592803380,2020-06-22 05:23:00+00:00
199104699,jinan-telecom,wuhan-telecom,46.8758,0.0,icmp,1592803500,2020-06-22 05:25:00+00:00
199104937,jinan-telecom,wuhan-telecom,47.0543,0.0,icmp,1592803620,2020-06-22 05:27:00+00:00
199105157,jinan-telecom,wuhan-telecom,47.4903,0.0,icmp,1592803740,2020-06-22 05:29:00+00:00
199105381,jinan-telecom,wuhan-telecom,48.1171,0.0,icmp,1592803860,2020-06-22 05:31:00+00:00
199105629,jinan-telecom,wuhan-telecom,48.6242,0.0,icmp,1592803980,2020-06-22 05:33:00+00:00
199105862,jinan-telecom,wuhan-telecom,48.1321,0.0,icmp,1592804100,2020-06-22 05:35:00+00:00
199106099,jinan-telecom,wuhan-telecom,42.1349,0.0,icmp,1592804164,2020-06-22 05:36:04+00:00
199106313,jinan-telecom,wuhan-telecom,51.8877,0.0,icmp,1592804340,2020-06-22 05:39:00+00:00
199106528,jinan-telecom,wuhan-telecom,48.3063,0.0,icmp,1592804460,2020-06-22 05:41:00+00:00
199106777,jinan-telecom,wuhan-telecom,46.6251,0.0,icmp,1592804580,2020-06-22 05:43:00+00:00
199106992,jinan-telecom,wuhan-telecom,46.3128,0.0,icmp,1592804700,2020-06-22 05:45:00+00:00
199107210,jinan-telecom,wuhan-telecom,47.9074,0.0,icmp,1592804820,2020-06-22 05:47:00+00:00
199107462,jinan-telecom,wuhan-telecom,39.3808,0.0,icmp,1592804959,2020-06-22 05:49:19+00:00
199107694,jinan-telecom,wuhan-telecom,47.0758,0.0,icmp,1592805060,2020-06-22 05:51:00+00:00
199107918,jinan-telecom,wuhan-telecom,46.0387,0.0,icmp,1592805180,2020-06-22 05:53:00+00:00
199108143,jinan-telecom,wuhan-telecom,47.1025,0.0,icmp,1592805300,2020-06-22 05:55:00+00:00
199108352,jinan-telecom,wuhan-telecom,50.4903,0.0,icmp,1592805420,2020-06-22 05:57:00+00:00
199108577,jinan-telecom,wuhan-telecom,39.3707,0.0,icmp,1592805499,2020-06-22 05:58:19+00:00
199108803,jinan-telecom,wuhan-telecom,47.1633,0.0,icmp,1592805660,2020-06-22 06:01:00+00:00
199109056,jinan-telecom,wuhan-telecom,39.5592,0.0,icmp,1592805739,2020-06-22 06:02:19+00:00
199109275,jinan-telecom,wuhan-telecom,47.2083,0.0,icmp,1592805900,2020-06-22 06:05:00+00:00
199109500,jinan-telecom,wuhan-telecom,39.3751,0.0,icmp,1592806039,2020-06-22 06:07:19+00:00
199109715,jinan-telecom,wuhan-telecom,45.253,0.0,icmp,1592806140,2020-06-22 06:09:00+00:00
199109982,jinan-telecom,wuhan-telecom,39.5316,0.0,icmp,1592806279,2020-06-22 06:11:19+00:00
199110186,jinan-telecom,wuhan-telecom,45.2769,0.0,icmp,1592806380,2020-06-22 06:13:00+00:00
199110408,jinan-telecom,wuhan-telecom,49.2924,0.0,icmp,1592806500,2020-06-22 06:15:00+00:00
199110636,jinan-telecom,wuhan-telecom,46.9276,0.0,icmp,1592806620,2020-06-22 06:17:00+00:00
199110855,jinan-telecom,wuhan-telecom,43.5801,0.0,icmp,1592806740,2020-06-22 06:19:00+00:00
199111080,jinan-telecom,wuhan-telecom,39.4725,0.0,icmp,1592806819,2020-06-22 06:20:19+00:00
199111305,jinan-telecom,wuhan-telecom,49.0052,0.0,icmp,1592806980,2020-06-22 06:23:00+00:00
199111531,jinan-telecom,wuhan-telecom,48.0197,0.0,icmp,1592807100,2020-06-22 06:25:00+00:00
199111764,jinan-telecom,wuhan-telecom,46.2734,0.0,icmp,1592807220,2020-06-22 06:27:00+00:00
199112000,jinan-telecom,wuhan-telecom,48.3563,0.0,icmp,1592807340,2020-06-22 06:29:00+00:00
199112214,jinan-telecom,wuhan-telecom,45.2341,0.0,icmp,1592807460,2020-06-22 06:31:00+00:00
199112464,jinan-telecom,wuhan-telecom,49.533,0.0,icmp,1592807580,2020-06-22 06:33:00+00:00
199112655,jinan-telecom,wuhan-telecom,39.3855,0.0,icmp,1592807719,2020-06-22 06:35:19+00:00
199112906,jinan-telecom,wuhan-telecom,46.2293,0.0,icmp,1592807820,2020-06-22 06:37:00+00:00
199113141,jinan-telecom,wuhan-telecom,39.3542,0.0,icmp,1592807959,2020-06-22 06:39:19+00:00
199113345,jinan-telecom,wuhan-telecom,46.2476,0.0,icmp,1592808060,2020-06-22 06:41:00+00:00
199113580,jinan-telecom,wuhan-telecom,45.1075,0.0,icmp,1592808180,2020-06-22 06:43:00+00:00
199113800,jinan-telecom,wuhan-telecom,46.1386,0.0,icmp,1592808300,2020-06-22 06:45:00+00:00
199114038,jinan-telecom,wuhan-telecom,41.4088,0.0,icmp,1592808420,2020-06-22 06:47:00+00:00
199114267,jinan-telecom,wuhan-telecom,46.3307,0.0,icmp,1592808540,2020-06-22 06:49:00+00:00
199114479,jinan-telecom,wuhan-telecom,47.5373,0.0,icmp,1592808660,2020-06-22 06:51:00+00:00
199114716,jinan-telecom,wuhan-telecom,44.7225,0.0,icmp,1592808780,2020-06-22 06:53:00+00:00
199114957,jinan-telecom,wuhan-telecom,39.4429,0.0,icmp,1592808859,2020-06-22 06:54:19+00:00
199115168,jinan-telecom,wuhan-telecom,48.2962,0.0,icmp,1592808965,2020-06-22 06:56:05+00:00
199115413,jinan-telecom,wuhan-telecom,39.4807,0.0,icmp,1592809144,2020-06-22 06:59:04+00:00
199115657,jinan-telecom,wuhan-telecom,48.3598,0.0,icmp,1592809260,2020-06-22 07:01:00+00:00
199115857,jinan-telecom,wuhan-telecom,39.6134,0.0,icmp,1592809339,2020-06-22 07:02:19+00:00
199116096,jinan-telecom,wuhan-telecom,48.0877,0.0,icmp,1592809500,2020-06-22 07:05:00+00:00
199116300,jinan-telecom,wuhan-telecom,47.1543,0.0,icmp,1592809620,2020-06-22 07:07:00+00:00
199116547,jinan-telecom,wuhan-telecom,46.1795,0.0,icmp,1592809740,2020-06-22 07:09:00+00:00
199116772,jinan-telecom,wuhan-telecom,39.3327,0.0,icmp,1592809879,2020-06-22 07:11:19+00:00
199116985,jinan-telecom,wuhan-telecom,50.5376,0.0,icmp,1592809980,2020-06-22 07:13:00+00:00
199117214,jinan-telecom,wuhan-telecom,46.6685,0.0,icmp,1592810100,2020-06-22 07:15:00+00:00
199117447,jinan-telecom,wuhan-telecom,45.1297,0.0,icmp,1592810220,2020-06-22 07:17:00+00:00
199117669,jinan-telecom,wuhan-telecom,46.4432,0.0,icmp,1592810340,2020-06-22 07:19:00+00:00
199117897,jinan-telecom,wuhan-telecom,42.7937,0.0,icmp,1592810460,2020-06-22 07:21:00+00:00
199118121,jinan-telecom,wuhan-telecom,46.4312,0.0,icmp,1592810580,2020-06-22 07:23:00+00:00
199118346,jinan-telecom,wuhan-telecom,49.3014,0.0,icmp,1592810700,2020-06-22 07:25:00+00:00
199118582,jinan-telecom,wuhan-telecom,47.5941,0.0,icmp,1592810820,2020-06-22 07:27:00+00:00
199118803,jinan-telecom,wuhan-telecom,44.8616,0.0,icmp,1592810940,2020-06-22 07:29:00+00:00
199119043,jinan-telecom,wuhan-telecom,49.3134,0.0,icmp,1592811060,2020-06-22 07:31:00+00:00
199119248,jinan-telecom,wuhan-telecom,48.9672,0.0,icmp,1592811180,2020-06-22 07:33:00+00:00
199119474,jinan-telecom,wuhan-telecom,45.5421,0.0,icmp,1592811300,2020-06-22 07:35:00+00:00
199119704,jinan-telecom,wuhan-telecom,46.5393,0.0,icmp,1592811420,2020-06-22 07:37:00+00:00
199119938,jinan-telecom,wuhan-telecom,46.36,0.0,icmp,1592811540,2020-06-22 07:39:00+00:00
199120204,jinan-telecom,wuhan-telecom,39.3494,0.0,icmp,1592811679,2020-06-22 07:41:19+00:00
199120395,jinan-telecom,wuhan-telecom,50.9081,0.0,icmp,1592811780,2020-06-22 07:43:00+00:00
199120632,jinan-telecom,wuhan-telecom,39.375,0.0,icmp,1592811919,2020-06-22 07:45:19+00:00
199120845,jinan-telecom,wuhan-telecom,46.5556,0.0,icmp,1592812020,2020-06-22 07:47:00+00:00
199121064,jinan-telecom,wuhan-telecom,39.3427,0.0,icmp,1592812159,2020-06-22 07:49:19+00:00
199121304,jinan-telecom,wuhan-telecom,48.0777,0.0,icmp,1592812260,2020-06-22 07:51:00+00:00
199121532,jinan-telecom,wuhan-telecom,39.3528,0.0,icmp,1592812399,2020-06-22 07:53:19+00:00
199121767,jinan-telecom,wuhan-telecom,45.6651,0.0,icmp,1592812500,2020-06-22 07:55:00+00:00
199121966,jinan-telecom,wuhan-telecom,39.3402,0.0,icmp,1592812639,2020-06-22 07:57:19+00:00
199122215,jinan-telecom,wuhan-telecom,46.2392,0.0,icmp,1592812740,2020-06-22 07:59:00+00:00
199122444,jinan-telecom,wuhan-telecom,39.4357,0.0,icmp,1592812819,2020-06-22 08:00:19+00:00
199122651,jinan-telecom,wuhan-telecom,39.6086,0.0,icmp,1592812939,2020-06-22 08:02:19+00:00
199122894,jinan-telecom,wuhan-telecom,39.3491,0.0,icmp,1592813119,2020-06-22 08:05:19+00:00
199123104,jinan-telecom,wuhan-telecom,47.5097,0.0,icmp,1592813220,2020-06-22 08:07:00+00:00
199123344,jinan-telecom,wuhan-telecom,52.3308,0.0,icmp,1592813340,2020-06-22 08:09:00+00:00
199123554,jinan-telecom,wuhan-telecom,39.3533,0.0,icmp,1592813479,2020-06-22 08:11:19+00:00
199123789,jinan-telecom,wuhan-telecom,44.9906,0.0,icmp,1592813580,2020-06-22 08:13:00+00:00
199124018,jinan-telecom,wuhan-telecom,45.7206,0.0,icmp,1592813700,2020-06-22 08:15:00+00:00
199124260,jinan-telecom,wuhan-telecom,42.8154,0.0,icmp,1592813770,2020-06-22 08:16:10+00:00
199124466,jinan-telecom,wuhan-telecom,48.1843,0.0,icmp,1592813940,2020-06-22 08:19:00+00:00
199124724,jinan-telecom,wuhan-telecom,46.3052,0.0,icmp,1592814060,2020-06-22 08:21:00+00:00
199124950,jinan-telecom,wuhan-telecom,46.7745,0.0,icmp,1592814180,2020-06-22 08:23:00+00:00
199125175,jinan-telecom,wuhan-telecom,50.4492,0.0,icmp,1592814300,2020-06-22 08:25:00+00:00
199125391,jinan-telecom,wuhan-telecom,39.7965,0.0,icmp,1592814420,2020-06-22 08:27:00+00:00
199125613,jinan-telecom,wuhan-telecom,46.5316,0.0,icmp,1592814540,2020-06-22 08:29:00+00:00
199125839,jinan-telecom,wuhan-telecom,39.6374,0.0,icmp,1592814619,2020-06-22 08:30:19+00:00
199126110,jinan-telecom,wuhan-telecom,46.1586,0.0,icmp,1592814780,2020-06-22 08:33:00+00:00
199126289,jinan-telecom,wuhan-telecom,41.1511,0.0,icmp,1592814900,2020-06-22 08:35:00+00:00
199126512,jinan-telecom,wuhan-telecom,45.9912,0.0,icmp,1592815020,2020-06-22 08:37:00+00:00
199126751,jinan-telecom,wuhan-telecom,44.955,0.0,icmp,1592815140,2020-06-22 08:39:00+00:00
199126989,jinan-telecom,wuhan-telecom,46.8463,0.0,icmp,1592815260,2020-06-22 08:41:00+00:00
199127219,jinan-telecom,wuhan-telecom,39.3769,0.0,icmp,1592815339,2020-06-22 08:42:19+00:00
199127421,jinan-telecom,wuhan-telecom,48.7122,0.0,icmp,1592815500,2020-06-22 08:45:00+00:00
199127655,jinan-telecom,wuhan-telecom,43.5209,0.0,icmp,1592815624,2020-06-22 08:47:04+00:00
199127900,jinan-telecom,wuhan-telecom,46.8782,0.0,icmp,1592815740,2020-06-22 08:49:00+00:00
199128127,jinan-telecom,wuhan-telecom,42.7946,0.0,icmp,1592815860,2020-06-22 08:51:00+00:00
199128329,jinan-telecom,wuhan-telecom,48.5909,0.0,icmp,1592815980,2020-06-22 08:53:00+00:00
199128575,jinan-telecom,wuhan-telecom,43.7539,0.0,icmp,1592816100,2020-06-22 08:55:00+00:00
199128791,jinan-telecom,wuhan-telecom,39.8125,0.0,icmp,1592816179,2020-06-22 08:56:19+00:00
199129015,jinan-telecom,wuhan-telecom,48.9343,0.0,icmp,1592816340,2020-06-22 08:59:00+00:00
199129265,jinan-telecom,wuhan-telecom,39.3622,0.0,icmp,1592816479,2020-06-22 09:01:19+00:00
199129476,jinan-telecom,wuhan-telecom,47.1753,0.0,icmp,1592816580,2020-06-22 09:03:00+00:00
199129693,jinan-telecom,wuhan-telecom,46.4973,0.0,icmp,1592816700,2020-06-22 09:05:00+00:00
199129931,jinan-telecom,wuhan-telecom,39.4199,0.0,icmp,1592816839,2020-06-22 09:07:19+00:00
199130149,jinan-telecom,wuhan-telecom,47.4951,0.0,icmp,1592816940,2020-06-22 09:09:00+00:00
199130385,jinan-telecom,wuhan-telecom,44.9979,0.0,icmp,1592817060,2020-06-22 09:11:00+00:00
199130612,jinan-telecom,wuhan-telecom,46.952,0.0,icmp,1592817180,2020-06-22 09:13:00+00:00
199130827,jinan-telecom,wuhan-telecom,39.363,0.0,icmp,1592817319,2020-06-22 09:15:19+00:00
199131057,jinan-telecom,wuhan-telecom,47.0132,0.0,icmp,1592817420,2020-06-22 09:17:00+00:00
199131289,jinan-telecom,wuhan-telecom,41.7101,2.0,icmp,1592817540,2020-06-22 09:19:00+00:00
199131521,jinan-telecom,wuhan-telecom,47.3921,0.0,icmp,1592817660,2020-06-22 09:21:00+00:00
199131740,jinan-telecom,wuhan-telecom,39.556,0.0,icmp,1592817799,2020-06-22 09:23:19+00:00
199131969,jinan-telecom,wuhan-telecom,48.2256,0.0,icmp,1592817900,2020-06-22 09:25:00+00:00
199132199,jinan-telecom,wuhan-telecom,47.0454,0.0,icmp,1592818020,2020-06-22 09:27:00+00:00
199132430,jinan-telecom,wuhan-telecom,42.3485,0.0,icmp,1592818140,2020-06-22 09:29:00+00:00
199132646,jinan-telecom,wuhan-telecom,40.5697,0.0,icmp,1592818260,2020-06-22 09:31:00+00:00
199132879,jinan-telecom,wuhan-telecom,49.4904,0.0,icmp,1592818380,2020-06-22 09:33:00+00:00
199133095,jinan-telecom,wuhan-telecom,39.7114,0.0,icmp,1592818519,2020-06-22 09:35:19+00:00
199133346,jinan-telecom,wuhan-telecom,48.392,0.0,icmp,1592818620,2020-06-22 09:37:00+00:00
199133589,jinan-telecom,wuhan-telecom,45.396,0.0,icmp,1592818740,2020-06-22 09:39:00+00:00
199133786,jinan-telecom,wuhan-telecom,39.626,0.0,icmp,1592818879,2020-06-22 09:41:19+00:00
199133988,jinan-telecom,wuhan-telecom,46.8621,0.0,icmp,1592818980,2020-06-22 09:43:00+00:00
199134275,jinan-telecom,wuhan-telecom,47.8247,0.0,icmp,1592819100,2020-06-22 09:45:00+00:00
199134487,jinan-telecom,wuhan-telecom,48.8124,0.0,icmp,1592819220,2020-06-22 09:47:00+00:00
199134686,jinan-telecom,wuhan-telecom,46.7116,0.0,icmp,1592819340,2020-06-22 09:49:00+00:00
199134919,jinan-telecom,wuhan-telecom,46.1941,0.0,icmp,1592819460,2020-06-22 09:51:00+00:00
199135140,jinan-telecom,wuhan-telecom,46.0889,0.0,icmp,1592819580,2020-06-22 09:53:00+00:00
199135373,jinan-telecom,wuhan-telecom,47.1678,0.0,icmp,1592819700,2020-06-22 09:55:00+00:00
199135619,jinan-telecom,wuhan-telecom,49.1084,0.0,icmp,1592819820,2020-06-22 09:57:00+00:00
199135838,jinan-telecom,wuhan-telecom,39.6395,0.0,icmp,1592819959,2020-06-22 09:59:19+00:00
199136054,jinan-telecom,wuhan-telecom,45.0691,0.0,icmp,1592820060,2020-06-22 10:01:00+00:00
199136292,jinan-telecom,wuhan-telecom,42.6487,0.0,icmp,1592820180,2020-06-22 10:03:00+00:00
199136499,jinan-telecom,wuhan-telecom,46.5832,0.0,icmp,1592820300,2020-06-22 10:05:00+00:00
199136745,jinan-telecom,wuhan-telecom,39.5704,0.0,icmp,1592820379,2020-06-22 10:06:19+00:00
199136966,jinan-telecom,wuhan-telecom,39.6372,0.0,icmp,1592820499,2020-06-22 10:08:19+00:00
199137179,jinan-telecom,wuhan-telecom,45.8305,0.0,icmp,1592820660,2020-06-22 10:11:00+00:00
199137409,jinan-telecom,wuhan-telecom,47.9571,0.0,icmp,1592820780,2020-06-22 10:13:00+00:00
199137661,jinan-telecom,wuhan-telecom,48.4247,0.0,icmp,1592820900,2020-06-22 10:15:00+00:00
199137876,jinan-telecom,wuhan-telecom,49.3486,0.0,icmp,1592821020,2020-06-22 10:17:00+00:00
199138123,jinan-telecom,wuhan-telecom,49.0984,0.0,icmp,1592821140,2020-06-22 10:19:00+00:00
199138340,jinan-telecom,wuhan-telecom,39.6695,0.0,icmp,1592821219,2020-06-22 10:20:19+00:00
199138570,jinan-telecom,wuhan-telecom,48.4228,0.0,icmp,1592821380,2020-06-22 10:23:00+00:00
199138790,jinan-telecom,wuhan-telecom,46.0277,0.0,icmp,1592821500,2020-06-22 10:25:00+00:00
199139026,jinan-telecom,wuhan-telecom,49.6768,0.0,icmp,1592821620,2020-06-22 10:27:00+00:00
199139224,jinan-telecom,wuhan-telecom,39.8086,0.0,icmp,1592821699,2020-06-22 10:28:19+00:00
199139461,jinan-telecom,wuhan-telecom,49.1297,0.0,icmp,1592821860,2020-06-22 10:31:00+00:00
199139687,jinan-telecom,wuhan-telecom,39.8835,0.0,icmp,1592821939,2020-06-22 10:32:19+00:00
199139916,jinan-telecom,wuhan-telecom,46.2098,0.0,icmp,1592822100,2020-06-22 10:35:00+00:00
199140156,jinan-telecom,wuhan-telecom,44.3177,0.0,icmp,1592822220,2020-06-22 10:37:00+00:00
199140356,jinan-telecom,wuhan-telecom,39.6464,0.0,icmp,1592822359,2020-06-22 10:39:19+00:00
199140597,jinan-telecom,wuhan-telecom,49.3879,0.0,icmp,1592822460,2020-06-22 10:41:00+00:00
199140843,jinan-telecom,wuhan-telecom,46.7323,0.0,icmp,1592822580,2020-06-22 10:43:00+00:00
199141055,jinan-telecom,wuhan-telecom,45.9698,0.0,icmp,1592822700,2020-06-22 10:45:00+00:00
199141264,jinan-telecom,wuhan-telecom,39.8523,0.0,icmp,1592822779,2020-06-22 10:46:19+00:00
199141510,jinan-telecom,wuhan-telecom,41.3003,0.0,icmp,1592822940,2020-06-22 10:49:00+00:00
199141756,jinan-telecom,wuhan-telecom,47.9435,0.0,icmp,1592823060,2020-06-22 10:51:00+00:00
199141953,jinan-telecom,wuhan-telecom,44.5787,0.0,icmp,1592823180,2020-06-22 10:53:00+00:00
199142197,jinan-telecom,wuhan-telecom,47.5286,0.0,icmp,1592823300,2020-06-22 10:55:00+00:00
199142412,jinan-telecom,wuhan-telecom,39.7637,0.0,icmp,1592823379,2020-06-22 10:56:19+00:00
199142636,jinan-telecom,wuhan-telecom,46.7486,0.0,icmp,1592823540,2020-06-22 10:59:00+00:00
199142863,jinan-telecom,wuhan-telecom,49.0019,0.0,icmp,1592823660,2020-06-22 11:01:00+00:00
199143125,jinan-telecom,wuhan-telecom,39.8271,0.0,icmp,1592823739,2020-06-22 11:02:19+00:00
199143336,jinan-telecom,wuhan-telecom,39.5949,0.0,icmp,1592823919,2020-06-22 11:05:19+00:00
199143544,jinan-telecom,wuhan-telecom,46.6332,0.0,icmp,1592824020,2020-06-22 11:07:00+00:00
199143780,jinan-telecom,wuhan-telecom,39.5944,0.0,icmp,1592824099,2020-06-22 11:08:19+00:00
199144016,jinan-telecom,wuhan-telecom,45.959,0.0,icmp,1592824260,2020-06-22 11:11:00+00:00
199144231,jinan-telecom,wuhan-telecom,39.8091,0.0,icmp,1592824339,2020-06-22 11:12:19+00:00
199144483,jinan-telecom,wuhan-telecom,46.477,0.0,icmp,1592824500,2020-06-22 11:15:00+00:00
199144676,jinan-telecom,wuhan-telecom,49.7137,0.0,icmp,1592824620,2020-06-22 11:17:00+00:00
199144938,jinan-telecom,wuhan-telecom,46.1544,0.0,icmp,1592824740,2020-06-22 11:19:00+00:00
199145139,jinan-telecom,wuhan-telecom,41.1005,0.0,icmp,1592824860,2020-06-22 11:21:00+00:00
199145360,jinan-telecom,wuhan-telecom,40.3278,0.0,icmp,1592824930,2020-06-22 11:22:10+00:00
199145582,jinan-telecom,wuhan-telecom,39.655,0.0,icmp,1592825119,2020-06-22 11:25:19+00:00
199145830,jinan-telecom,wuhan-telecom,47.5293,0.0,icmp,1592825220,2020-06-22 11:27:00+00:00
199146045,jinan-telecom,wuhan-telecom,50.5866,0.0,icmp,1592825340,2020-06-22 11:29:00+00:00
199146264,jinan-telecom,wuhan-telecom,51.5217,0.0,icmp,1592825460,2020-06-22 11:31:00+00:00
199146510,jinan-telecom,wuhan-telecom,47.8374,0.0,icmp,1592825580,2020-06-22 11:33:00+00:00
199146731,jinan-telecom,wuhan-telecom,47.8732,0.0,icmp,1592825700,2020-06-22 11:35:00+00:00
199146948,jinan-telecom,wuhan-telecom,46.0753,0.0,icmp,1592825820,2020-06-22 11:37:00+00:00
199147176,jinan-telecom,wuhan-telecom,46.5308,0.0,icmp,1592825940,2020-06-22 11:39:00+00:00
199147420,jinan-telecom,wuhan-telecom,39.7509,0.0,icmp,1592826019,2020-06-22 11:40:19+00:00
199147654,jinan-telecom,wuhan-telecom,39.6319,0.0,icmp,1592826199,2020-06-22 11:43:19+00:00
199147868,jinan-telecom,wuhan-telecom,49.6294,0.0,icmp,1592826300,2020-06-22 11:45:00+00:00
199148101,jinan-telecom,wuhan-telecom,48.6334,0.0,icmp,1592826420,2020-06-22 11:47:00+00:00
199148318,jinan-telecom,wuhan-telecom,39.6726,0.0,icmp,1592826559,2020-06-22 11:49:19+00:00
199148551,jinan-telecom,wuhan-telecom,43.5465,0.0,icmp,1592826660,2020-06-22 11:51:00+00:00
199148788,jinan-telecom,wuhan-telecom,47.1729,0.0,icmp,1592826780,2020-06-22 11:53:00+00:00
199148997,jinan-telecom,wuhan-telecom,44.8855,0.0,icmp,1592826900,2020-06-22 11:55:00+00:00
199149225,jinan-telecom,wuhan-telecom,46.795,0.0,icmp,1592827020,2020-06-22 11:57:00+00:00
199149438,jinan-telecom,wuhan-telecom,44.9618,0.0,icmp,1592827140,2020-06-22 11:59:00+00:00
199149696,jinan-telecom,wuhan-telecom,45.9288,0.0,icmp,1592827260,2020-06-22 12:01:00+00:00
199149941,jinan-telecom,wuhan-telecom,39.7924,0.0,icmp,1592827399,2020-06-22 12:03:19+00:00
199150137,jinan-telecom,wuhan-telecom,48.4649,0.0,icmp,1592827500,2020-06-22 12:05:00+00:00
199150365,jinan-telecom,wuhan-telecom,39.6697,0.0,icmp,1592827579,2020-06-22 12:06:19+00:00
199150590,jinan-telecom,wuhan-telecom,47.527,0.0,icmp,1592827740,2020-06-22 12:09:00+00:00
199150813,jinan-telecom,wuhan-telecom,49.1911,0.0,icmp,1592827860,2020-06-22 12:11:00+00:00
199151028,jinan-telecom,wuhan-telecom,48.8821,0.0,icmp,1592827980,2020-06-22 12:13:00+00:00
199151265,jinan-telecom,wuhan-telecom,47.6695,0.0,icmp,1592828100,2020-06-22 12:15:00+00:00
199151489,jinan-telecom,wuhan-telecom,42.3542,0.0,icmp,1592828220,2020-06-22 12:17:00+00:00
199151716,jinan-telecom,wuhan-telecom,39.5741,0.0,icmp,1592828299,2020-06-22 12:18:19+00:00
199151955,jinan-telecom,wuhan-telecom,39.6801,0.0,icmp,1592828419,2020-06-22 12:20:19+00:00
199152172,jinan-telecom,wuhan-telecom,39.8927,0.0,icmp,1592828539,2020-06-22 12:22:19+00:00
199152397,jinan-telecom,wuhan-telecom,47.3436,0.0,icmp,1592828700,2020-06-22 12:25:00+00:00
199152644,jinan-telecom,wuhan-telecom,49.226,0.0,icmp,1592828820,2020-06-22 12:27:00+00:00
199152862,jinan-telecom,wuhan-telecom,48.7732,0.0,icmp,1592828940,2020-06-22 12:29:00+00:00
199153072,jinan-telecom,wuhan-telecom,47.5297,0.0,icmp,1592829060,2020-06-22 12:31:00+00:00
199153331,jinan-telecom,wuhan-telecom,39.5795,0.0,icmp,1592829139,2020-06-22 12:32:19+00:00
199153530,jinan-telecom,wuhan-telecom,45.9023,0.0,icmp,1592829300,2020-06-22 12:35:00+00:00
199153779,jinan-telecom,wuhan-telecom,46.7988,0.0,icmp,1592829420,2020-06-22 12:37:00+00:00
199153997,jinan-telecom,wuhan-telecom,49.6178,0.0,icmp,1592829540,2020-06-22 12:39:00+00:00
199154238,jinan-telecom,wuhan-telecom,46.9384,0.0,icmp,1592829660,2020-06-22 12:41:00+00:00
199154447,jinan-telecom,wuhan-telecom,49.086,0.0,icmp,1592829780,2020-06-22 12:43:00+00:00
199154655,jinan-telecom,wuhan-telecom,39.5968,0.0,icmp,1592829859,2020-06-22 12:44:19+00:00
199154921,jinan-telecom,wuhan-telecom,48.1221,0.0,icmp,1592830020,2020-06-22 12:47:00+00:00
199155142,jinan-telecom,wuhan-telecom,49.0447,0.0,icmp,1592830140,2020-06-22 12:49:00+00:00
199155367,jinan-telecom,wuhan-telecom,46.245,0.0,icmp,1592830260,2020-06-22 12:51:00+00:00
199155570,jinan-telecom,wuhan-telecom,49.2436,0.0,icmp,1592830380,2020-06-22 12:53:00+00:00
199155804,jinan-telecom,wuhan-telecom,48.6836,0.0,icmp,1592830500,2020-06-22 12:55:00+00:00
199156053,jinan-telecom,wuhan-telecom,39.5621,0.0,icmp,1592830579,2020-06-22 12:56:19+00:00
199156282,jinan-telecom,wuhan-telecom,39.7341,0.0,icmp,1592830759,2020-06-22 12:59:19+00:00
199156493,jinan-telecom,wuhan-telecom,48.1792,0.0,icmp,1592830860,2020-06-22 13:01:00+00:00
199156724,jinan-telecom,wuhan-telecom,49.5433,0.0,icmp,1592830980,2020-06-22 13:03:00+00:00
199156947,jinan-telecom,wuhan-telecom,47.936,0.0,icmp,1592831100,2020-06-22 13:05:00+00:00
199157184,jinan-telecom,wuhan-telecom,46.3344,0.0,icmp,1592831220,2020-06-22 13:07:00+00:00
199157402,jinan-telecom,wuhan-telecom,51.1211,0.0,icmp,1592831340,2020-06-22 13:09:00+00:00
199157632,jinan-telecom,wuhan-telecom,47.1349,0.0,icmp,1592831460,2020-06-22 13:11:00+00:00
199157872,jinan-telecom,wuhan-telecom,47.6631,0.0,icmp,1592831580,2020-06-22 13:13:00+00:00
199158073,jinan-telecom,wuhan-telecom,48.8218,0.0,icmp,1592831700,2020-06-22 13:15:00+00:00
199158300,jinan-telecom,wuhan-telecom,45.9033,0.0,icmp,1592831820,2020-06-22 13:17:00+00:00
199158561,jinan-telecom,wuhan-telecom,48.742,0.0,icmp,1592831940,2020-06-22 13:19:00+00:00
199158766,jinan-telecom,wuhan-telecom,47.6975,0.0,icmp,1592832060,2020-06-22 13:21:00+00:00
199158988,jinan-telecom,wuhan-telecom,43.0861,0.0,icmp,1592832180,2020-06-22 13:23:00+00:00
199159251,jinan-telecom,wuhan-telecom,46.8733,0.0,icmp,1592832300,2020-06-22 13:25:00+00:00
199159435,jinan-telecom,wuhan-telecom,47.439,0.0,icmp,1592832420,2020-06-22 13:27:00+00:00
199159672,jinan-telecom,wuhan-telecom,47.1697,0.0,icmp,1592832540,2020-06-22 13:29:00+00:00
199159905,jinan-telecom,wuhan-telecom,39.5412,0.0,icmp,1592832605,2020-06-22 13:30:05+00:00
199160126,jinan-telecom,wuhan-telecom,42.8624,0.0,icmp,1592832780,2020-06-22 13:33:00+00:00
199160331,jinan-telecom,wuhan-telecom,39.3267,0.0,icmp,1592832859,2020-06-22 13:34:19+00:00
199160579,jinan-telecom,wuhan-telecom,40.9871,0.0,icmp,1592833020,2020-06-22 13:37:00+00:00
199160800,jinan-telecom,wuhan-telecom,39.3331,0.0,icmp,1592833099,2020-06-22 13:38:19+00:00
199160983,jinan-telecom,wuhan-telecom,48.0601,0.0,icmp,1592833260,2020-06-22 13:41:00+00:00
199161291,jinan-telecom,wuhan-telecom,39.4537,0.0,icmp,1592833399,2020-06-22 13:43:19+00:00
199161502,jinan-telecom,wuhan-telecom,47.9939,0.0,icmp,1592833500,2020-06-22 13:45:00+00:00
199161724,jinan-telecom,wuhan-telecom,47.7286,0.0,icmp,1592833620,2020-06-22 13:47:00+00:00
199161929,jinan-telecom,wuhan-telecom,46.9833,0.0,icmp,1592833740,2020-06-22 13:49:00+00:00
199162186,jinan-telecom,wuhan-telecom,48.1511,0.0,icmp,1592833860,2020-06-22 13:51:00+00:00
199162403,jinan-telecom,wuhan-telecom,44.283,0.0,icmp,1592833980,2020-06-22 13:53:00+00:00
199162645,jinan-telecom,wuhan-telecom,48.3403,0.0,icmp,1592834100,2020-06-22 13:55:00+00:00
199162843,jinan-telecom,wuhan-telecom,39.419,0.0,icmp,1592834179,2020-06-22 13:56:19+00:00
199163084,jinan-telecom,wuhan-telecom,48.2449,0.0,icmp,1592834340,2020-06-22 13:59:00+00:00
199163300,jinan-telecom,wuhan-telecom,47.4083,0.0,icmp,1592834460,2020-06-22 14:01:00+00:00
199163526,jinan-telecom,wuhan-telecom,39.5806,0.0,icmp,1592834584,2020-06-22 14:03:04+00:00
199163780,jinan-telecom,wuhan-telecom,48.7744,0.0,icmp,1592834700,2020-06-22 14:05:00+00:00
199163976,jinan-telecom,wuhan-telecom,46.3136,0.0,icmp,1592834820,2020-06-22 14:07:00+00:00
199164223,jinan-telecom,wuhan-telecom,39.3161,0.0,icmp,1592834899,2020-06-22 14:08:19+00:00
199164442,jinan-telecom,wuhan-telecom,48.4631,0.0,icmp,1592835060,2020-06-22 14:11:00+00:00
199164668,jinan-telecom,wuhan-telecom,49.552,0.0,icmp,1592835180,2020-06-22 14:13:00+00:00
199164906,jinan-telecom,wuhan-telecom,45.4676,0.0,icmp,1592835300,2020-06-22 14:15:00+00:00
199165098,jinan-telecom,wuhan-telecom,42.3372,0.0,icmp,1592835420,2020-06-22 14:17:00+00:00
199165345,jinan-telecom,wuhan-telecom,48.2346,0.0,icmp,1592835540,2020-06-22 14:19:00+00:00
199165577,jinan-telecom,wuhan-telecom,46.7858,0.0,icmp,1592835660,2020-06-22 14:21:00+00:00
199165786,jinan-telecom,wuhan-telecom,48.2662,0.0,icmp,1592835780,2020-06-22 14:23:00+00:00
199166032,jinan-telecom,wuhan-telecom,52.2497,0.0,icmp,1592835900,2020-06-22 14:25:00+00:00
199166242,jinan-telecom,wuhan-telecom,45.259,0.0,icmp,1592836020,2020-06-22 14:27:00+00:00
199166490,jinan-telecom,wuhan-telecom,40.9287,0.0,icmp,1592836140,2020-06-22 14:29:00+00:00
199166699,jinan-telecom,wuhan-telecom,44.8842,0.0,icmp,1592836260,2020-06-22 14:31:00+00:00
199166936,jinan-telecom,wuhan-telecom,49.7633,0.0,icmp,1592836380,2020-06-22 14:33:00+00:00
199167165,jinan-telecom,wuhan-telecom,47.2055,0.0,icmp,1592836500,2020-06-22 14:35:00+00:00
199167406,jinan-telecom,wuhan-telecom,47.1373,0.0,icmp,1592836620,2020-06-22 14:37:00+00:00
199167609,jinan-telecom,wuhan-telecom,48.0383,0.0,icmp,1592836740,2020-06-22 14:39:00+00:00
199167855,jinan-telecom,wuhan-telecom,47.593,0.0,icmp,1592836860,2020-06-22 14:41:00+00:00
199168057,jinan-telecom,wuhan-telecom,39.4804,0.0,icmp,1592836939,2020-06-22 14:42:19+00:00
199168292,jinan-telecom,wuhan-telecom,48.7934,0.0,icmp,1592837100,2020-06-22 14:45:00+00:00
199168513,jinan-telecom,wuhan-telecom,39.3745,0.0,icmp,1592837239,2020-06-22 14:47:19+00:00
199168752,jinan-telecom,wuhan-telecom,45.9973,0.0,icmp,1592837340,2020-06-22 14:49:00+00:00
199169000,jinan-telecom,wuhan-telecom,45.2761,0.0,icmp,1592837460,2020-06-22 14:51:00+00:00
199169185,jinan-telecom,wuhan-telecom,48.6486,0.0,icmp,1592837580,2020-06-22 14:53:00+00:00
199169432,jinan-telecom,wuhan-telecom,48.4089,0.0,icmp,1592837700,2020-06-22 14:55:00+00:00
199169650,jinan-telecom,wuhan-telecom,47.7059,0.0,icmp,1592837820,2020-06-22 14:57:00+00:00
199169899,jinan-telecom,wuhan-telecom,48.0813,0.0,icmp,1592837940,2020-06-22 14:59:00+00:00
199170120,jinan-telecom,wuhan-telecom,46.9235,0.0,icmp,1592838060,2020-06-22 15:01:00+00:00
199170366,jinan-telecom,wuhan-telecom,47.5467,0.0,icmp,1592838180,2020-06-22 15:03:00+00:00
199170577,jinan-telecom,wuhan-telecom,46.9024,0.0,icmp,1592838300,2020-06-22 15:05:00+00:00
199170803,jinan-telecom,wuhan-telecom,49.3282,0.0,icmp,1592838420,2020-06-22 15:07:00+00:00
199171033,jinan-telecom,wuhan-telecom,47.335,0.0,icmp,1592838540,2020-06-22 15:09:00+00:00
199171236,jinan-telecom,wuhan-telecom,39.4762,0.0,icmp,1592838679,2020-06-22 15:11:19+00:00
199171489,jinan-telecom,wuhan-telecom,41.8088,0.0,icmp,1592838780,2020-06-22 15:13:00+00:00
199171700,jinan-telecom,wuhan-telecom,46.7894,0.0,icmp,1592838900,2020-06-22 15:15:00+00:00
199171912,jinan-telecom,wuhan-telecom,48.1405,0.0,icmp,1592839020,2020-06-22 15:17:00+00:00
199172158,jinan-telecom,wuhan-telecom,48.2357,0.0,icmp,1592839140,2020-06-22 15:19:00+00:00
199172381,jinan-telecom,wuhan-telecom,47.1992,0.0,icmp,1592839260,2020-06-22 15:21:00+00:00
199172602,jinan-telecom,wuhan-telecom,46.8609,0.0,icmp,1592839380,2020-06-22 15:23:00+00:00
199172826,jinan-telecom,wuhan-telecom,39.4831,0.0,icmp,1592839446,2020-06-22 15:24:06+00:00
199173070,jinan-telecom,wuhan-telecom,39.4236,0.0,icmp,1592839579,2020-06-22 15:26:19+00:00
199173297,jinan-telecom,wuhan-telecom,42.0393,0.0,icmp,1592839740,2020-06-22 15:29:00+00:00
199173512,jinan-telecom,wuhan-telecom,39.4247,0.0,icmp,1592839879,2020-06-22 15:31:19+00:00
199173734,jinan-telecom,wuhan-telecom,47.9473,0.0,icmp,1592839980,2020-06-22 15:33:00+00:00
199173972,jinan-telecom,wuhan-telecom,48.5383,0.0,icmp,1592840100,2020-06-22 15:35:00+00:00
199174213,jinan-telecom,wuhan-telecom,47.8143,0.0,icmp,1592840220,2020-06-22 15:37:00+00:00
199174415,jinan-telecom,wuhan-telecom,50.5057,0.0,icmp,1592840340,2020-06-22 15:39:00+00:00
199174657,jinan-telecom,wuhan-telecom,46.4764,0.0,icmp,1592840460,2020-06-22 15:41:00+00:00
199174891,jinan-telecom,wuhan-telecom,47.6085,0.0,icmp,1592840580,2020-06-22 15:43:00+00:00
199175126,jinan-telecom,wuhan-telecom,47.8414,0.0,icmp,1592840700,2020-06-22 15:45:00+00:00
199175342,jinan-telecom,wuhan-telecom,39.4374,0.0,icmp,1592840839,2020-06-22 15:47:19+00:00
199175568,jinan-telecom,wuhan-telecom,49.3503,0.0,icmp,1592840940,2020-06-22 15:49:00+00:00
199175798,jinan-telecom,wuhan-telecom,42.8206,0.0,icmp,1592841060,2020-06-22 15:51:00+00:00
199175999,jinan-telecom,wuhan-telecom,39.4247,0.0,icmp,1592841125,2020-06-22 15:52:05+00:00
199176270,jinan-telecom,wuhan-telecom,39.3454,0.0,icmp,1592841319,2020-06-22 15:55:19+00:00
199176470,jinan-telecom,wuhan-telecom,39.3518,0.0,icmp,1592841439,2020-06-22 15:57:19+00:00
199176721,jinan-telecom,wuhan-telecom,46.4444,0.0,icmp,1592841540,2020-06-22 15:59:00+00:00
199176924,jinan-telecom,wuhan-telecom,47.8953,0.0,icmp,1592841660,2020-06-22 16:01:00+00:00
199177146,jinan-telecom,wuhan-telecom,40.0457,0.0,icmp,1592841780,2020-06-22 16:03:00+00:00
199177379,jinan-telecom,wuhan-telecom,40.3348,0.0,icmp,1592841900,2020-06-22 16:05:00+00:00
199177615,jinan-telecom,wuhan-telecom,47.8353,0.0,icmp,1592842020,2020-06-22 16:07:00+00:00
199177826,jinan-telecom,wuhan-telecom,48.0198,0.0,icmp,1592842140,2020-06-22 16:09:00+00:00
199178072,jinan-telecom,wuhan-telecom,49.4612,0.0,icmp,1592842260,2020-06-22 16:11:00+00:00
199178283,jinan-telecom,wuhan-telecom,48.5874,0.0,icmp,1592842380,2020-06-22 16:13:00+00:00
199178513,jinan-telecom,wuhan-telecom,47.4766,0.0,icmp,1592842500,2020-06-22 16:15:00+00:00
199178737,jinan-telecom,wuhan-telecom,40.3538,0.0,icmp,1592842620,2020-06-22 16:17:00+00:00
199178972,jinan-telecom,wuhan-telecom,39.6491,0.0,icmp,1592842759,2020-06-22 16:19:19+00:00
199179184,jinan-telecom,wuhan-telecom,46.1683,0.0,icmp,1592842860,2020-06-22 16:21:00+00:00
199179419,jinan-telecom,wuhan-telecom,39.4999,0.0,icmp,1592842924,2020-06-22 16:22:04+00:00
199179650,jinan-telecom,wuhan-telecom,45.142,0.0,icmp,1592843100,2020-06-22 16:25:00+00:00
199179863,jinan-telecom,wuhan-telecom,39.5232,0.0,icmp,1592843224,2020-06-22 16:27:04+00:00
199180100,jinan-telecom,wuhan-telecom,45.2295,0.0,icmp,1592843340,2020-06-22 16:29:00+00:00
199180329,jinan-telecom,wuhan-telecom,47.6806,0.0,icmp,1592843460,2020-06-22 16:31:00+00:00
199180552,jinan-telecom,wuhan-telecom,44.0521,0.0,icmp,1592843580,2020-06-22 16:33:00+00:00
199180785,jinan-telecom,wuhan-telecom,46.3729,0.0,icmp,1592843700,2020-06-22 16:35:00+00:00
199181003,jinan-telecom,wuhan-telecom,48.4058,0.0,icmp,1592843820,2020-06-22 16:37:00+00:00
199181224,jinan-telecom,wuhan-telecom,39.3764,0.0,icmp,1592843899,2020-06-22 16:38:19+00:00
199181474,jinan-telecom,wuhan-telecom,41.3051,0.0,icmp,1592844060,2020-06-22 16:41:00+00:00
199181689,jinan-telecom,wuhan-telecom,48.9794,0.0,icmp,1592844180,2020-06-22 16:43:00+00:00
199181920,jinan-telecom,wuhan-telecom,49.4614,0.0,icmp,1592844300,2020-06-22 16:45:00+00:00
199182145,jinan-telecom,wuhan-telecom,45.9868,0.0,icmp,1592844420,2020-06-22 16:47:00+00:00
199182383,jinan-telecom,wuhan-telecom,46.9084,0.0,icmp,1592844540,2020-06-22 16:49:00+00:00
199182586,jinan-telecom,wuhan-telecom,39.3574,0.0,icmp,1592844619,2020-06-22 16:50:19+00:00
199182815,jinan-telecom,wuhan-telecom,46.5391,0.0,icmp,1592844780,2020-06-22 16:53:00+00:00
199183052,jinan-telecom,wuhan-telecom,46.6748,0.0,icmp,1592844900,2020-06-22 16:55:00+00:00
199183272,jinan-telecom,wuhan-telecom,47.5727,0.0,icmp,1592845020,2020-06-22 16:57:00+00:00
199183501,jinan-telecom,wuhan-telecom,46.1531,0.0,icmp,1592845140,2020-06-22 16:59:00+00:00
199183724,jinan-telecom,wuhan-telecom,46.8236,0.0,icmp,1592845260,2020-06-22 17:01:00+00:00
199183977,jinan-telecom,wuhan-telecom,46.5246,0.0,icmp,1592845380,2020-06-22 17:03:00+00:00
199184192,jinan-telecom,wuhan-telecom,39.4693,0.0,icmp,1592845519,2020-06-22 17:05:19+00:00
199184411,jinan-telecom,wuhan-telecom,39.3791,0.0,icmp,1592845639,2020-06-22 17:07:19+00:00
199184629,jinan-telecom,wuhan-telecom,48.858,0.0,icmp,1592845740,2020-06-22 17:09:00+00:00
199184861,jinan-telecom,wuhan-telecom,48.0009,0.0,icmp,1592845860,2020-06-22 17:11:00+00:00
199185089,jinan-telecom,wuhan-telecom,47.1514,0.0,icmp,1592845980,2020-06-22 17:13:00+00:00
199185339,jinan-telecom,wuhan-telecom,45.6235,0.0,icmp,1592846100,2020-06-22 17:15:00+00:00
199185551,jinan-telecom,wuhan-telecom,46.2211,0.0,icmp,1592846220,2020-06-22 17:17:00+00:00
199185775,jinan-telecom,wuhan-telecom,46.6298,0.0,icmp,1592846340,2020-06-22 17:19:00+00:00
199186014,jinan-telecom,wuhan-telecom,46.3278,0.0,icmp,1592846460,2020-06-22 17:21:00+00:00
199186248,jinan-telecom,wuhan-telecom,47.9899,0.0,icmp,1592846580,2020-06-22 17:23:00+00:00
199186484,jinan-telecom,wuhan-telecom,45.6422,0.0,icmp,1592846700,2020-06-22 17:25:00+00:00
199186707,jinan-telecom,wuhan-telecom,45.4948,0.0,icmp,1592846820,2020-06-22 17:27:00+00:00
199186905,jinan-telecom,wuhan-telecom,43.7589,0.0,icmp,1592846940,2020-06-22 17:29:00+00:00
199187131,jinan-telecom,wuhan-telecom,46.259,0.0,icmp,1592847060,2020-06-22 17:31:00+00:00
199187364,jinan-telecom,wuhan-telecom,49.5945,0.0,icmp,1592847180,2020-06-22 17:33:00+00:00
199187588,jinan-telecom,wuhan-telecom,39.6279,0.0,icmp,1592847259,2020-06-22 17:34:19+00:00
199187848,jinan-telecom,wuhan-telecom,47.6401,0.0,icmp,1592847420,2020-06-22 17:37:00+00:00
199188047,jinan-telecom,wuhan-telecom,39.5351,0.0,icmp,1592847499,2020-06-22 17:38:19+00:00
199188275,jinan-telecom,wuhan-telecom,46.9324,0.0,icmp,1592847660,2020-06-22 17:41:00+00:00
199188496,jinan-telecom,wuhan-telecom,48.3701,0.0,icmp,1592847780,2020-06-22 17:43:00+00:00
199188730,jinan-telecom,wuhan-telecom,47.8256,0.0,icmp,1592847900,2020-06-22 17:45:00+00:00
199188951,jinan-telecom,wuhan-telecom,45.1685,0.0,icmp,1592848020,2020-06-22 17:47:00+00:00
199189173,jinan-telecom,wuhan-telecom,47.7174,0.0,icmp,1592848140,2020-06-22 17:49:00+00:00
199189395,jinan-telecom,wuhan-telecom,39.339,0.0,icmp,1592848279,2020-06-22 17:51:19+00:00
199189639,jinan-telecom,wuhan-telecom,39.4564,0.0,icmp,1592848399,2020-06-22 17:53:19+00:00
199189874,jinan-telecom,wuhan-telecom,48.4897,0.0,icmp,1592848500,2020-06-22 17:55:00+00:00
199190090,jinan-telecom,wuhan-telecom,39.3906,0.0,icmp,1592848639,2020-06-22 17:57:19+00:00
199190312,jinan-telecom,wuhan-telecom,48.5366,0.0,icmp,1592848740,2020-06-22 17:59:00+00:00
199190531,jinan-telecom,wuhan-telecom,48.1692,0.0,icmp,1592848860,2020-06-22 18:01:00+00:00
199190763,jinan-telecom,wuhan-telecom,48.5632,0.0,icmp,1592848980,2020-06-22 18:03:00+00:00
199191009,jinan-telecom,wuhan-telecom,39.614,0.0,icmp,1592849119,2020-06-22 18:05:19+00:00
199191217,jinan-telecom,wuhan-telecom,46.7588,0.0,icmp,1592849220,2020-06-22 18:07:00+00:00
199191456,jinan-telecom,wuhan-telecom,46.8588,0.0,icmp,1592849340,2020-06-22 18:09:00+00:00
199191695,jinan-telecom,wuhan-telecom,49.5926,0.0,icmp,1592849460,2020-06-22 18:11:00+00:00
199191900,jinan-telecom,wuhan-telecom,44.7479,0.0,icmp,1592849580,2020-06-22 18:13:00+00:00
199192149,jinan-telecom,wuhan-telecom,45.4913,0.0,icmp,1592849700,2020-06-22 18:15:00+00:00
199192389,jinan-telecom,wuhan-telecom,39.4378,0.0,icmp,1592849779,2020-06-22 18:16:19+00:00
199192577,jinan-telecom,wuhan-telecom,39.3431,0.0,icmp,1592849899,2020-06-22 18:18:19+00:00
199192817,jinan-telecom,wuhan-telecom,47.4936,0.0,icmp,1592850060,2020-06-22 18:21:00+00:00
199193053,jinan-telecom,wuhan-telecom,41.4885,0.0,icmp,1592850180,2020-06-22 18:23:00+00:00
199193281,jinan-telecom,wuhan-telecom,47.0742,0.0,icmp,1592850300,2020-06-22 18:25:00+00:00
199193490,jinan-telecom,wuhan-telecom,49.6514,0.0,icmp,1592850420,2020-06-22 18:27:00+00:00
199193721,jinan-telecom,wuhan-telecom,39.329,0.0,icmp,1592850499,2020-06-22 18:28:19+00:00
199193934,jinan-telecom,wuhan-telecom,47.595,0.0,icmp,1592850660,2020-06-22 18:31:00+00:00
199194201,jinan-telecom,wuhan-telecom,47.1758,0.0,icmp,1592850780,2020-06-22 18:33:00+00:00
199194418,jinan-telecom,wuhan-telecom,50.9524,0.0,icmp,1592850900,2020-06-22 18:35:00+00:00
199194628,jinan-telecom,wuhan-telecom,46.1366,0.0,icmp,1592851020,2020-06-22 18:37:00+00:00
199194858,jinan-telecom,wuhan-telecom,47.1494,0.0,icmp,1592851140,2020-06-22 18:39:00+00:00
199195085,jinan-telecom,wuhan-telecom,49.1685,0.0,icmp,1592851260,2020-06-22 18:41:00+00:00
199195303,jinan-telecom,wuhan-telecom,47.0149,0.0,icmp,1592851380,2020-06-22 18:43:00+00:00
199195538,jinan-telecom,wuhan-telecom,43.3622,0.0,icmp,1592851500,2020-06-22 18:45:00+00:00
199195765,jinan-telecom,wuhan-telecom,40.743,0.0,icmp,1592851620,2020-06-22 18:47:00+00:00
199196003,jinan-telecom,wuhan-telecom,43.5612,0.0,icmp,1592851740,2020-06-22 18:49:00+00:00
199196248,jinan-telecom,wuhan-telecom,47.0927,0.0,icmp,1592851860,2020-06-22 18:51:00+00:00
199196439,jinan-telecom,wuhan-telecom,47.8027,0.0,icmp,1592851980,2020-06-22 18:53:00+00:00
199196673,jinan-telecom,wuhan-telecom,39.3481,0.0,icmp,1592852119,2020-06-22 18:55:19+00:00
199196913,jinan-telecom,wuhan-telecom,47.7842,0.0,icmp,1592852220,2020-06-22 18:57:00+00:00
199197157,jinan-telecom,wuhan-telecom,45.031,0.0,icmp,1592852340,2020-06-22 18:59:00+00:00
199197359,jinan-telecom,wuhan-telecom,39.3391,0.0,icmp,1592852419,2020-06-22 19:00:19+00:00
199197593,jinan-telecom,wuhan-telecom,45.7413,0.0,icmp,1592852580,2020-06-22 19:03:00+00:00
199197797,jinan-telecom,wuhan-telecom,39.3039,0.0,icmp,1592852659,2020-06-22 19:04:19+00:00
199198031,jinan-telecom,wuhan-telecom,42.1677,0.0,icmp,1592852820,2020-06-22 19:07:00+00:00
199198279,jinan-telecom,wuhan-telecom,47.1665,0.0,icmp,1592852940,2020-06-22 19:09:00+00:00
199198483,jinan-telecom,wuhan-telecom,46.2376,0.0,icmp,1592853060,2020-06-22 19:11:00+00:00
199198714,jinan-telecom,wuhan-telecom,47.375,0.0,icmp,1592853180,2020-06-22 19:13:00+00:00
199198932,jinan-telecom,wuhan-telecom,47.118,0.0,icmp,1592853300,2020-06-22 19:15:00+00:00
199199162,jinan-telecom,wuhan-telecom,39.5728,0.0,icmp,1592853379,2020-06-22 19:16:19+00:00
199199397,jinan-telecom,wuhan-telecom,46.882,0.0,icmp,1592853540,2020-06-22 19:19:00+00:00
199199606,jinan-telecom,wuhan-telecom,43.2965,0.0,icmp,1592853660,2020-06-22 19:21:00+00:00
199199838,jinan-telecom,wuhan-telecom,45.5994,0.0,icmp,1592853780,2020-06-22 19:23:00+00:00
199200058,jinan-telecom,wuhan-telecom,46.9716,0.0,icmp,1592853900,2020-06-22 19:25:00+00:00
199200287,jinan-telecom,wuhan-telecom,46.054,0.0,icmp,1592854020,2020-06-22 19:27:00+00:00
199200527,jinan-telecom,wuhan-telecom,39.3826,0.0,icmp,1592854099,2020-06-22 19:28:19+00:00
199200755,jinan-telecom,wuhan-telecom,44.9618,0.0,icmp,1592854260,2020-06-22 19:31:00+00:00
199200979,jinan-telecom,wuhan-telecom,42.3314,0.0,icmp,1592854380,2020-06-22 19:33:00+00:00
199201206,jinan-telecom,wuhan-telecom,39.5845,0.0,icmp,1592854459,2020-06-22 19:34:19+00:00
199201422,jinan-telecom,wuhan-telecom,45.8541,0.0,icmp,1592854620,2020-06-22 19:37:00+00:00
199201642,jinan-telecom,wuhan-telecom,39.4727,0.0,icmp,1592854759,2020-06-22 19:39:19+00:00
199201875,jinan-telecom,wuhan-telecom,39.4983,0.0,icmp,1592854879,2020-06-22 19:41:19+00:00
199202133,jinan-telecom,wuhan-telecom,45.2582,0.0,icmp,1592854980,2020-06-22 19:43:00+00:00
199202355,jinan-telecom,wuhan-telecom,46.0853,0.0,icmp,1592855100,2020-06-22 19:45:00+00:00
199202568,jinan-telecom,wuhan-telecom,39.3888,0.0,icmp,1592855239,2020-06-22 19:47:19+00:00
199202786,jinan-telecom,wuhan-telecom,47.3585,0.0,icmp,1592855340,2020-06-22 19:49:00+00:00
199203018,jinan-telecom,wuhan-telecom,42.6258,0.0,icmp,1592855460,2020-06-22 19:51:00+00:00
199203234,jinan-telecom,wuhan-telecom,47.5231,0.0,icmp,1592855580,2020-06-22 19:53:00+00:00
199203468,jinan-telecom,wuhan-telecom,39.5304,0.0,icmp,1592855659,2020-06-22 19:54:19+00:00
199203718,jinan-telecom,wuhan-telecom,46.6945,0.0,icmp,1592855820,2020-06-22 19:57:00+00:00
199203947,jinan-telecom,wuhan-telecom,46.2255,0.0,icmp,1592855940,2020-06-22 19:59:00+00:00
199204162,jinan-telecom,wuhan-telecom,46.0388,0.0,icmp,1592856060,2020-06-22 20:01:00+00:00
199204381,jinan-telecom,wuhan-telecom,45.472,0.0,icmp,1592856180,2020-06-22 20:03:00+00:00
199204631,jinan-telecom,wuhan-telecom,49.9815,0.0,icmp,1592856300,2020-06-22 20:05:00+00:00
199204829,jinan-telecom,wuhan-telecom,44.8164,0.0,icmp,1592856420,2020-06-22 20:07:00+00:00
199205079,jinan-telecom,wuhan-telecom,46.2415,0.0,icmp,1592856540,2020-06-22 20:09:00+00:00
199205284,jinan-telecom,wuhan-telecom,45.8448,0.0,icmp,1592856660,2020-06-22 20:11:00+00:00
199205524,jinan-telecom,wuhan-telecom,46.6445,0.0,icmp,1592856780,2020-06-22 20:13:00+00:00
199205761,jinan-telecom,wuhan-telecom,39.4381,0.0,icmp,1592856844,2020-06-22 20:14:04+00:00
199205977,jinan-telecom,wuhan-telecom,47.3991,0.0,icmp,1592857020,2020-06-22 20:17:00+00:00
199206210,jinan-telecom,wuhan-telecom,40.1182,0.0,icmp,1592857140,2020-06-22 20:19:00+00:00
199206442,jinan-telecom,wuhan-telecom,46.5899,0.0,icmp,1592857260,2020-06-22 20:21:00+00:00
199206663,jinan-telecom,wuhan-telecom,41.0021,0.0,icmp,1592857380,2020-06-22 20:23:00+00:00
199206884,jinan-telecom,wuhan-telecom,39.5901,0.0,icmp,1592857459,2020-06-22 20:24:19+00:00
199207105,jinan-telecom,wuhan-telecom,46.3781,0.0,icmp,1592857620,2020-06-22 20:27:00+00:00
199207345,jinan-telecom,wuhan-telecom,46.0201,0.0,icmp,1592857740,2020-06-22 20:29:00+00:00
199207563,jinan-telecom,wuhan-telecom,48.5324,0.0,icmp,1592857860,2020-06-22 20:31:00+00:00
199207800,jinan-telecom,wuhan-telecom,46.288,0.0,icmp,1592857980,2020-06-22 20:33:00+00:00
199208030,jinan-telecom,wuhan-telecom,42.3284,0.0,icmp,1592858100,2020-06-22 20:35:00+00:00
199208244,jinan-telecom,wuhan-telecom,45.5873,0.0,icmp,1592858220,2020-06-22 20:37:00+00:00
199208487,jinan-telecom,wuhan-telecom,39.4569,0.0,icmp,1592858344,2020-06-22 20:39:04+00:00
199208712,jinan-telecom,wuhan-telecom,46.5598,0.0,icmp,1592858460,2020-06-22 20:41:00+00:00
199208942,jinan-telecom,wuhan-telecom,48.6653,0.0,icmp,1592858580,2020-06-22 20:43:00+00:00
199209165,jinan-telecom,wuhan-telecom,47.9834,0.0,icmp,1592858700,2020-06-22 20:45:00+00:00
199209380,jinan-telecom,wuhan-telecom,47.0128,0.0,icmp,1592858820,2020-06-22 20:47:00+00:00
205321810,jinan-telecom,wuhan-telecom,47.5655,0.0,icmp,1592548440,2020-06-19 06:34:00+00:00
205322035,jinan-telecom,wuhan-telecom,47.5809,0.0,icmp,1592548560,2020-06-19 06:36:00+00:00
205322284,jinan-telecom,wuhan-telecom,45.5517,0.0,icmp,1592548680,2020-06-19 06:38:00+00:00
205322489,jinan-telecom,wuhan-telecom,44.6236,0.0,icmp,1592548800,2020-06-19 06:40:00+00:00
205322718,jinan-telecom,wuhan-telecom,49.1789,0.0,icmp,1592548920,2020-06-19 06:42:00+00:00
205322948,jinan-telecom,wuhan-telecom,47.6995,0.0,icmp,1592549040,2020-06-19 06:44:00+00:00
205323173,jinan-telecom,wuhan-telecom,49.4626,0.0,icmp,1592549160,2020-06-19 06:46:00+00:00
205323420,jinan-telecom,wuhan-telecom,41.4332,0.0,icmp,1592549280,2020-06-19 06:48:00+00:00
205323659,jinan-telecom,wuhan-telecom,49.0535,0.0,icmp,1592549400,2020-06-19 06:50:00+00:00
205323866,jinan-telecom,wuhan-telecom,39.3182,0.0,icmp,1592549479,2020-06-19 06:51:19+00:00
205324098,jinan-telecom,wuhan-telecom,45.115,0.0,icmp,1592549640,2020-06-19 06:54:00+00:00
205324331,jinan-telecom,wuhan-telecom,47.6499,0.0,icmp,1592549760,2020-06-19 06:56:00+00:00
205324565,jinan-telecom,wuhan-telecom,48.054,0.0,icmp,1592549880,2020-06-19 06:58:00+00:00
205324765,jinan-telecom,wuhan-telecom,46.1234,0.0,icmp,1592550000,2020-06-19 07:00:00+00:00
205324988,jinan-telecom,wuhan-telecom,39.371,0.0,icmp,1592550139,2020-06-19 07:02:19+00:00
205325235,jinan-telecom,wuhan-telecom,45.9324,0.0,icmp,1592550240,2020-06-19 07:04:00+00:00
205325465,jinan-telecom,wuhan-telecom,48.1167,0.0,icmp,1592550360,2020-06-19 07:06:00+00:00
205325685,jinan-telecom,wuhan-telecom,46.9882,0.0,icmp,1592550480,2020-06-19 07:08:00+00:00
205325917,jinan-telecom,wuhan-telecom,39.3592,0.0,icmp,1592550559,2020-06-19 07:09:19+00:00
205326151,jinan-telecom,wuhan-telecom,39.4575,0.0,icmp,1592550679,2020-06-19 07:11:19+00:00
205326400,jinan-telecom,wuhan-telecom,47.7099,0.0,icmp,1592550840,2020-06-19 07:14:00+00:00
205326614,jinan-telecom,wuhan-telecom,39.5596,0.0,icmp,1592550979,2020-06-19 07:16:19+00:00
205326842,jinan-telecom,wuhan-telecom,47.8818,0.0,icmp,1592551080,2020-06-19 07:18:00+00:00
205327066,jinan-telecom,wuhan-telecom,46.4016,0.0,icmp,1592551200,2020-06-19 07:20:00+00:00
205327286,jinan-telecom,wuhan-telecom,45.7386,0.0,icmp,1592551320,2020-06-19 07:22:00+00:00
205327510,jinan-telecom,wuhan-telecom,39.3447,0.0,icmp,1592551399,2020-06-19 07:23:19+00:00
205327740,jinan-telecom,wuhan-telecom,39.5011,0.0,icmp,1592551579,2020-06-19 07:26:19+00:00
205327957,jinan-telecom,wuhan-telecom,49.2733,0.0,icmp,1592551680,2020-06-19 07:28:00+00:00
205328202,jinan-telecom,wuhan-telecom,45.6402,0.0,icmp,1592551800,2020-06-19 07:30:00+00:00
205328414,jinan-telecom,wuhan-telecom,44.4777,0.0,icmp,1592551920,2020-06-19 07:32:00+00:00
205328641,jinan-telecom,wuhan-telecom,46.8639,0.0,icmp,1592552040,2020-06-19 07:34:00+00:00
205328888,jinan-telecom,wuhan-telecom,45.3624,0.0,icmp,1592552160,2020-06-19 07:36:00+00:00
205329106,jinan-telecom,wuhan-telecom,39.3955,0.0,icmp,1592552299,2020-06-19 07:38:19+00:00
205329360,jinan-telecom,wuhan-telecom,39.5206,0.0,icmp,1592552404,2020-06-19 07:40:04+00:00
205329577,jinan-telecom,wuhan-telecom,46.0881,0.0,icmp,1592552520,2020-06-19 07:42:00+00:00
205329797,jinan-telecom,wuhan-telecom,46.3457,0.0,icmp,1592552640,2020-06-19 07:44:00+00:00
205330031,jinan-telecom,wuhan-telecom,47.0226,0.0,icmp,1592552760,2020-06-19 07:46:00+00:00
205330258,jinan-telecom,wuhan-telecom,43.7873,0.0,icmp,1592552880,2020-06-19 07:48:00+00:00
205330475,jinan-telecom,wuhan-telecom,39.6925,0.0,icmp,1592552959,2020-06-19 07:49:19+00:00
205330694,jinan-telecom,wuhan-telecom,46.0815,0.0,icmp,1592553120,2020-06-19 07:52:00+00:00
205330920,jinan-telecom,wuhan-telecom,39.3333,0.0,icmp,1592553199,2020-06-19 07:53:19+00:00
205331153,jinan-telecom,wuhan-telecom,46.2119,0.0,icmp,1592553360,2020-06-19 07:56:00+00:00
205331379,jinan-telecom,wuhan-telecom,48.7051,0.0,icmp,1592553480,2020-06-19 07:58:00+00:00
205331617,jinan-telecom,wuhan-telecom,39.6109,0.0,icmp,1592553559,2020-06-19 07:59:19+00:00
205331849,jinan-telecom,wuhan-telecom,45.1041,0.0,icmp,1592553720,2020-06-19 08:02:00+00:00
205332076,jinan-telecom,wuhan-telecom,39.3497,0.0,icmp,1592553859,2020-06-19 08:04:19+00:00
205332296,jinan-telecom,wuhan-telecom,48.7075,0.0,icmp,1592553960,2020-06-19 08:06:00+00:00
205332518,jinan-telecom,wuhan-telecom,46.6128,0.0,icmp,1592554080,2020-06-19 08:08:00+00:00
205332748,jinan-telecom,wuhan-telecom,48.6481,0.0,icmp,1592554200,2020-06-19 08:10:00+00:00
205332983,jinan-telecom,wuhan-telecom,39.4119,0.0,icmp,1592554279,2020-06-19 08:11:19+00:00
205333203,jinan-telecom,wuhan-telecom,46.7364,0.0,icmp,1592554440,2020-06-19 08:14:00+00:00
205333426,jinan-telecom,wuhan-telecom,47.2283,0.0,icmp,1592554560,2020-06-19 08:16:00+00:00
205333682,jinan-telecom,wuhan-telecom,48.8635,0.0,icmp,1592554680,2020-06-19 08:18:00+00:00
205333886,jinan-telecom,wuhan-telecom,46.7474,0.0,icmp,1592554800,2020-06-19 08:20:00+00:00
205334138,jinan-telecom,wuhan-telecom,46.4018,0.0,icmp,1592554920,2020-06-19 08:22:00+00:00
205334362,jinan-telecom,wuhan-telecom,48.2344,0.0,icmp,1592555040,2020-06-19 08:24:00+00:00
205334583,jinan-telecom,wuhan-telecom,39.3666,0.0,icmp,1592555179,2020-06-19 08:26:19+00:00
205334815,jinan-telecom,wuhan-telecom,47.3824,0.0,icmp,1592555280,2020-06-19 08:28:00+00:00
205335023,jinan-telecom,wuhan-telecom,47.3543,0.0,icmp,1592555400,2020-06-19 08:30:00+00:00
205335252,jinan-telecom,wuhan-telecom,39.3268,0.0,icmp,1592555539,2020-06-19 08:32:19+00:00
205335485,jinan-telecom,wuhan-telecom,43.3178,0.0,icmp,1592555640,2020-06-19 08:34:00+00:00
205335715,jinan-telecom,wuhan-telecom,39.336,0.0,icmp,1592555719,2020-06-19 08:35:19+00:00
205335951,jinan-telecom,wuhan-telecom,45.2349,0.0,icmp,1592555880,2020-06-19 08:38:00+00:00
205336173,jinan-telecom,wuhan-telecom,49.4381,0.0,icmp,1592556000,2020-06-19 08:40:00+00:00
205336393,jinan-telecom,wuhan-telecom,39.3425,0.0,icmp,1592556139,2020-06-19 08:42:19+00:00
205336631,jinan-telecom,wuhan-telecom,39.3226,0.0,icmp,1592556259,2020-06-19 08:44:19+00:00
205336856,jinan-telecom,wuhan-telecom,45.8124,0.0,icmp,1592556360,2020-06-19 08:46:00+00:00
205337091,jinan-telecom,wuhan-telecom,46.9693,0.0,icmp,1592556480,2020-06-19 08:48:00+00:00
205337320,jinan-telecom,wuhan-telecom,39.5674,0.0,icmp,1592556559,2020-06-19 08:49:19+00:00
205337555,jinan-telecom,wuhan-telecom,39.3564,0.0,icmp,1592556679,2020-06-19 08:51:19+00:00
205337781,jinan-telecom,wuhan-telecom,39.3356,0.0,icmp,1592556859,2020-06-19 08:54:19+00:00
205338013,jinan-telecom,wuhan-telecom,48.2493,0.0,icmp,1592556960,2020-06-19 08:56:00+00:00
205338239,jinan-telecom,wuhan-telecom,46.6544,0.0,icmp,1592557080,2020-06-19 08:58:00+00:00
205338451,jinan-telecom,wuhan-telecom,45.8054,0.0,icmp,1592557200,2020-06-19 09:00:00+00:00
205338694,jinan-telecom,wuhan-telecom,46.9294,0.0,icmp,1592557320,2020-06-19 09:02:00+00:00
205338900,jinan-telecom,wuhan-telecom,39.4001,0.0,icmp,1592557459,2020-06-19 09:04:19+00:00
205339142,jinan-telecom,wuhan-telecom,47.0547,0.0,icmp,1592557560,2020-06-19 09:06:00+00:00
205339384,jinan-telecom,wuhan-telecom,48.1065,0.0,icmp,1592557680,2020-06-19 09:08:00+00:00
205339596,jinan-telecom,wuhan-telecom,48.1409,0.0,icmp,1592557800,2020-06-19 09:10:00+00:00
205339830,jinan-telecom,wuhan-telecom,44.9345,0.0,icmp,1592557920,2020-06-19 09:12:00+00:00
205340056,jinan-telecom,wuhan-telecom,46.6394,0.0,icmp,1592558040,2020-06-19 09:14:00+00:00
205340275,jinan-telecom,wuhan-telecom,48.8695,0.0,icmp,1592558160,2020-06-19 09:16:00+00:00
205340506,jinan-telecom,wuhan-telecom,49.0579,0.0,icmp,1592558280,2020-06-19 09:18:00+00:00
205340716,jinan-telecom,wuhan-telecom,48.5068,0.0,icmp,1592558400,2020-06-19 09:20:00+00:00
205340952,jinan-telecom,wuhan-telecom,46.5189,0.0,icmp,1592558520,2020-06-19 09:22:00+00:00
205341192,jinan-telecom,wuhan-telecom,48.1795,0.0,icmp,1592558640,2020-06-19 09:24:00+00:00
205341415,jinan-telecom,wuhan-telecom,39.3595,0.0,icmp,1592558719,2020-06-19 09:25:19+00:00
205341648,jinan-telecom,wuhan-telecom,39.4011,0.0,icmp,1592558899,2020-06-19 09:28:19+00:00
205341876,jinan-telecom,wuhan-telecom,39.63,0.0,icmp,1592559019,2020-06-19 09:30:19+00:00
205342122,jinan-telecom,wuhan-telecom,45.0945,0.0,icmp,1592559120,2020-06-19 09:32:00+00:00
205342328,jinan-telecom,wuhan-telecom,47.662,0.0,icmp,1592559240,2020-06-19 09:34:00+00:00
205342554,jinan-telecom,wuhan-telecom,39.4492,0.0,icmp,1592559379,2020-06-19 09:36:19+00:00
205342788,jinan-telecom,wuhan-telecom,46.2365,0.0,icmp,1592559480,2020-06-19 09:38:00+00:00
205343012,jinan-telecom,wuhan-telecom,39.5312,0.0,icmp,1592559619,2020-06-19 09:40:19+00:00
205343249,jinan-telecom,wuhan-telecom,46.187,0.0,icmp,1592559720,2020-06-19 09:42:00+00:00
205343486,jinan-telecom,wuhan-telecom,45.5615,0.0,icmp,1592559784,2020-06-19 09:43:04+00:00
205343691,jinan-telecom,wuhan-telecom,39.3526,0.0,icmp,1592559919,2020-06-19 09:45:19+00:00
205343915,jinan-telecom,wuhan-telecom,39.3832,0.0,icmp,1592560039,2020-06-19 09:47:19+00:00
205344171,jinan-telecom,wuhan-telecom,39.8189,0.0,icmp,1592560159,2020-06-19 09:49:19+00:00
205344384,jinan-telecom,wuhan-telecom,46.6309,0.0,icmp,1592560320,2020-06-19 09:52:00+00:00
205344601,jinan-telecom,wuhan-telecom,39.5773,0.0,icmp,1592560399,2020-06-19 09:53:19+00:00
205344851,jinan-telecom,wuhan-telecom,39.6702,0.0,icmp,1592560519,2020-06-19 09:55:19+00:00
205345067,jinan-telecom,wuhan-telecom,46.0379,0.0,icmp,1592560680,2020-06-19 09:58:00+00:00
205345295,jinan-telecom,wuhan-telecom,39.4479,0.0,icmp,1592560744,2020-06-19 09:59:04+00:00
205345532,jinan-telecom,wuhan-telecom,46.129,0.0,icmp,1592560920,2020-06-19 10:02:00+00:00
205345743,jinan-telecom,wuhan-telecom,46.0236,0.0,icmp,1592561040,2020-06-19 10:04:00+00:00
205345982,jinan-telecom,wuhan-telecom,39.3113,0.0,icmp,1592561119,2020-06-19 10:05:19+00:00
205346212,jinan-telecom,wuhan-telecom,49.4698,0.0,icmp,1592561280,2020-06-19 10:08:00+00:00
205346435,jinan-telecom,wuhan-telecom,49.2887,0.0,icmp,1592561400,2020-06-19 10:10:00+00:00
205346692,jinan-telecom,wuhan-telecom,45.2882,0.0,icmp,1592561520,2020-06-19 10:12:00+00:00
205346895,jinan-telecom,wuhan-telecom,47.9477,0.0,icmp,1592561640,2020-06-19 10:14:00+00:00
205347116,jinan-telecom,wuhan-telecom,46.15,0.0,icmp,1592561760,2020-06-19 10:16:00+00:00
205347338,jinan-telecom,wuhan-telecom,49.3311,0.0,icmp,1592561880,2020-06-19 10:18:00+00:00
205347581,jinan-telecom,wuhan-telecom,46.5955,0.0,icmp,1592562000,2020-06-19 10:20:00+00:00
205347801,jinan-telecom,wuhan-telecom,47.8038,0.0,icmp,1592562120,2020-06-19 10:22:00+00:00
205348029,jinan-telecom,wuhan-telecom,47.6231,0.0,icmp,1592562240,2020-06-19 10:24:00+00:00
205348263,jinan-telecom,wuhan-telecom,41.4502,0.0,icmp,1592562360,2020-06-19 10:26:00+00:00
205348484,jinan-telecom,wuhan-telecom,39.3942,0.0,icmp,1592562499,2020-06-19 10:28:19+00:00
205348710,jinan-telecom,wuhan-telecom,46.991,0.0,icmp,1592562600,2020-06-19 10:30:00+00:00
205348945,jinan-telecom,wuhan-telecom,48.7543,0.0,icmp,1592562720,2020-06-19 10:32:00+00:00
205349166,jinan-telecom,wuhan-telecom,43.0704,0.0,icmp,1592562840,2020-06-19 10:34:00+00:00
205349393,jinan-telecom,wuhan-telecom,48.1528,0.0,icmp,1592562960,2020-06-19 10:36:00+00:00
205349623,jinan-telecom,wuhan-telecom,48.1448,0.0,icmp,1592563080,2020-06-19 10:38:00+00:00
205349860,jinan-telecom,wuhan-telecom,39.3553,0.0,icmp,1592563159,2020-06-19 10:39:19+00:00
205350093,jinan-telecom,wuhan-telecom,39.3445,0.0,icmp,1592563339,2020-06-19 10:42:19+00:00
205350297,jinan-telecom,wuhan-telecom,47.2802,0.0,icmp,1592563440,2020-06-19 10:44:00+00:00
205350549,jinan-telecom,wuhan-telecom,39.3241,0.0,icmp,1592563519,2020-06-19 10:45:19+00:00
205350774,jinan-telecom,wuhan-telecom,49.4328,0.0,icmp,1592563680,2020-06-19 10:48:00+00:00
205350982,jinan-telecom,wuhan-telecom,39.3561,0.0,icmp,1592563759,2020-06-19 10:49:19+00:00
205351242,jinan-telecom,wuhan-telecom,39.3417,0.0,icmp,1592563939,2020-06-19 10:52:19+00:00
205351468,jinan-telecom,wuhan-telecom,45.1259,0.0,icmp,1592564040,2020-06-19 10:54:00+00:00
205351692,jinan-telecom,wuhan-telecom,45.7615,0.0,icmp,1592564160,2020-06-19 10:56:00+00:00
205351887,jinan-telecom,wuhan-telecom,39.4294,0.0,icmp,1592564299,2020-06-19 10:58:19+00:00
205352135,jinan-telecom,wuhan-telecom,48.0051,0.0,icmp,1592564400,2020-06-19 11:00:00+00:00
205352369,jinan-telecom,wuhan-telecom,39.3429,0.0,icmp,1592564539,2020-06-19 11:02:19+00:00
205352595,jinan-telecom,wuhan-telecom,47.1405,0.0,icmp,1592564640,2020-06-19 11:04:00+00:00
205352824,jinan-telecom,wuhan-telecom,46.9095,0.0,icmp,1592564760,2020-06-19 11:06:00+00:00
205353041,jinan-telecom,wuhan-telecom,39.3664,0.0,icmp,1592564839,2020-06-19 11:07:19+00:00
205353281,jinan-telecom,wuhan-telecom,39.3991,0.0,icmp,1592565019,2020-06-19 11:10:19+00:00
205353518,jinan-telecom,wuhan-telecom,43.2629,0.0,icmp,1592565120,2020-06-19 11:12:00+00:00
205353720,jinan-telecom,wuhan-telecom,45.9343,0.0,icmp,1592565240,2020-06-19 11:14:00+00:00
205353958,jinan-telecom,wuhan-telecom,47.0986,0.0,icmp,1592565360,2020-06-19 11:16:00+00:00
205354191,jinan-telecom,wuhan-telecom,49.9943,0.0,icmp,1592565480,2020-06-19 11:18:00+00:00
205354418,jinan-telecom,wuhan-telecom,47.7546,0.0,icmp,1592565600,2020-06-19 11:20:00+00:00
205354615,jinan-telecom,wuhan-telecom,48.0285,0.0,icmp,1592565720,2020-06-19 11:22:00+00:00
205354858,jinan-telecom,wuhan-telecom,48.3644,0.0,icmp,1592565840,2020-06-19 11:24:00+00:00
205355090,jinan-telecom,wuhan-telecom,39.5134,0.0,icmp,1592565919,2020-06-19 11:25:19+00:00
205355339,jinan-telecom,wuhan-telecom,49.4053,0.0,icmp,1592566080,2020-06-19 11:28:00+00:00
205355540,jinan-telecom,wuhan-telecom,39.4593,0.0,icmp,1592566159,2020-06-19 11:29:19+00:00
205355774,jinan-telecom,wuhan-telecom,44.2794,0.0,icmp,1592566320,2020-06-19 11:32:00+00:00
205356004,jinan-telecom,wuhan-telecom,39.445,0.0,icmp,1592566399,2020-06-19 11:33:19+00:00
205356233,jinan-telecom,wuhan-telecom,46.5996,0.0,icmp,1592566560,2020-06-19 11:36:00+00:00
205356468,jinan-telecom,wuhan-telecom,49.4022,0.0,icmp,1592566680,2020-06-19 11:38:00+00:00
205356705,jinan-telecom,wuhan-telecom,39.5405,0.0,icmp,1592566819,2020-06-19 11:40:19+00:00
205356915,jinan-telecom,wuhan-telecom,48.4165,0.0,icmp,1592566920,2020-06-19 11:42:00+00:00
205357163,jinan-telecom,wuhan-telecom,47.5155,0.0,icmp,1592567040,2020-06-19 11:44:00+00:00
205357379,jinan-telecom,wuhan-telecom,39.4404,0.0,icmp,1592567179,2020-06-19 11:46:19+00:00
205357624,jinan-telecom,wuhan-telecom,47.4945,0.0,icmp,1592567280,2020-06-19 11:48:00+00:00
205357838,jinan-telecom,wuhan-telecom,48.0652,0.0,icmp,1592567400,2020-06-19 11:50:00+00:00
205358067,jinan-telecom,wuhan-telecom,47.4227,0.0,icmp,1592567520,2020-06-19 11:52:00+00:00
205358303,jinan-telecom,wuhan-telecom,39.3817,0.0,icmp,1592567659,2020-06-19 11:54:19+00:00
205358527,jinan-telecom,wuhan-telecom,47.8718,0.0,icmp,1592567760,2020-06-19 11:56:00+00:00
205358745,jinan-telecom,wuhan-telecom,47.5467,0.0,icmp,1592567880,2020-06-19 11:58:00+00:00
205358985,jinan-telecom,wuhan-telecom,39.4146,0.0,icmp,1592567959,2020-06-19 11:59:19+00:00
205359185,jinan-telecom,wuhan-telecom,39.3635,0.0,icmp,1592568139,2020-06-19 12:02:19+00:00
205359418,jinan-telecom,wuhan-telecom,46.7283,0.0,icmp,1592568240,2020-06-19 12:04:00+00:00
205359654,jinan-telecom,wuhan-telecom,48.7857,0.0,icmp,1592568360,2020-06-19 12:06:00+00:00
205359883,jinan-telecom,wuhan-telecom,39.3666,0.0,icmp,1592568439,2020-06-19 12:07:19+00:00
205360103,jinan-telecom,wuhan-telecom,48.3796,0.0,icmp,1592568600,2020-06-19 12:10:00+00:00
205360340,jinan-telecom,wuhan-telecom,41.6597,0.0,icmp,1592568720,2020-06-19 12:12:00+00:00
205360563,jinan-telecom,wuhan-telecom,42.9025,0.0,icmp,1592568840,2020-06-19 12:14:00+00:00
205360793,jinan-telecom,wuhan-telecom,41.0071,0.0,icmp,1592568960,2020-06-19 12:16:00+00:00
205361019,jinan-telecom,wuhan-telecom,48.1221,0.0,icmp,1592569080,2020-06-19 12:18:00+00:00
205361256,jinan-telecom,wuhan-telecom,39.3472,0.0,icmp,1592569219,2020-06-19 12:20:19+00:00
205361496,jinan-telecom,wuhan-telecom,40.1987,0.0,icmp,1592569320,2020-06-19 12:22:00+00:00
205361707,jinan-telecom,wuhan-telecom,46.0126,0.0,icmp,1592569440,2020-06-19 12:24:00+00:00
205361920,jinan-telecom,wuhan-telecom,39.4259,0.0,icmp,1592569579,2020-06-19 12:26:19+00:00
205362180,jinan-telecom,wuhan-telecom,46.9533,0.0,icmp,1592569680,2020-06-19 12:28:00+00:00
205362393,jinan-telecom,wuhan-telecom,51.8428,0.0,icmp,1592569800,2020-06-19 12:30:00+00:00
205362650,jinan-telecom,wuhan-telecom,39.3697,0.0,icmp,1592569939,2020-06-19 12:32:19+00:00
205362868,jinan-telecom,wuhan-telecom,39.7279,0.0,icmp,1592570059,2020-06-19 12:34:19+00:00
205363071,jinan-telecom,wuhan-telecom,46.3998,0.0,icmp,1592570160,2020-06-19 12:36:00+00:00
205363317,jinan-telecom,wuhan-telecom,46.3728,0.0,icmp,1592570280,2020-06-19 12:38:00+00:00
205363548,jinan-telecom,wuhan-telecom,48.7157,0.0,icmp,1592570400,2020-06-19 12:40:00+00:00
205363771,jinan-telecom,wuhan-telecom,46.6451,0.0,icmp,1592570520,2020-06-19 12:42:00+00:00
205363994,jinan-telecom,wuhan-telecom,45.3015,0.0,icmp,1592570640,2020-06-19 12:44:00+00:00
205364218,jinan-telecom,wuhan-telecom,48.3635,0.0,icmp,1592570760,2020-06-19 12:46:00+00:00
205364440,jinan-telecom,wuhan-telecom,50.5385,0.0,icmp,1592570880,2020-06-19 12:48:00+00:00
205364667,jinan-telecom,wuhan-telecom,47.9206,0.0,icmp,1592571000,2020-06-19 12:50:00+00:00
205364896,jinan-telecom,wuhan-telecom,39.3478,0.0,icmp,1592571139,2020-06-19 12:52:19+00:00
205365126,jinan-telecom,wuhan-telecom,47.7591,0.0,icmp,1592571240,2020-06-19 12:54:00+00:00
205365351,jinan-telecom,wuhan-telecom,49.9874,0.0,icmp,1592571360,2020-06-19 12:56:00+00:00
205365593,jinan-telecom,wuhan-telecom,47.0828,0.0,icmp,1592571480,2020-06-19 12:58:00+00:00
205365818,jinan-telecom,wuhan-telecom,50.2477,0.0,icmp,1592571600,2020-06-19 13:00:00+00:00
205366059,jinan-telecom,wuhan-telecom,48.4863,0.0,icmp,1592571720,2020-06-19 13:02:00+00:00
205366274,jinan-telecom,wuhan-telecom,48.2477,0.0,icmp,1592571840,2020-06-19 13:04:00+00:00
205366490,jinan-telecom,wuhan-telecom,46.3032,0.0,icmp,1592571960,2020-06-19 13:06:00+00:00
205366738,jinan-telecom,wuhan-telecom,39.3508,0.0,icmp,1592572099,2020-06-19 13:08:19+00:00
205366955,jinan-telecom,wuhan-telecom,48.1337,0.0,icmp,1592572200,2020-06-19 13:10:00+00:00
205367189,jinan-telecom,wuhan-telecom,39.7005,0.0,icmp,1592572339,2020-06-19 13:12:19+00:00
205367404,jinan-telecom,wuhan-telecom,45.989,0.0,icmp,1592572440,2020-06-19 13:14:00+00:00
205367639,jinan-telecom,wuhan-telecom,49.0009,0.0,icmp,1592572560,2020-06-19 13:16:00+00:00
205367855,jinan-telecom,wuhan-telecom,47.8526,0.0,icmp,1592572680,2020-06-19 13:18:00+00:00
205368108,jinan-telecom,wuhan-telecom,39.9179,0.0,icmp,1592572759,2020-06-19 13:19:19+00:00
205368319,jinan-telecom,wuhan-telecom,45.9534,0.0,icmp,1592572920,2020-06-19 13:22:00+00:00
205368572,jinan-telecom,wuhan-telecom,45.0915,0.0,icmp,1592573040,2020-06-19 13:24:00+00:00
205368773,jinan-telecom,wuhan-telecom,47.0035,0.0,icmp,1592573160,2020-06-19 13:26:00+00:00
205369015,jinan-telecom,wuhan-telecom,42.9947,0.0,icmp,1592573280,2020-06-19 13:28:00+00:00
205369239,jinan-telecom,wuhan-telecom,39.4231,0.0,icmp,1592573350,2020-06-19 13:29:10+00:00
205369476,jinan-telecom,wuhan-telecom,47.1364,0.0,icmp,1592573520,2020-06-19 13:32:00+00:00
205369696,jinan-telecom,wuhan-telecom,39.3334,0.0,icmp,1592573659,2020-06-19 13:34:19+00:00
205369918,jinan-telecom,wuhan-telecom,47.4933,0.0,icmp,1592573760,2020-06-19 13:36:00+00:00
205370149,jinan-telecom,wuhan-telecom,48.2067,0.0,icmp,1592573880,2020-06-19 13:38:00+00:00
205370342,jinan-telecom,wuhan-telecom,48.0814,0.0,icmp,1592574000,2020-06-19 13:40:00+00:00
205370605,jinan-telecom,wuhan-telecom,39.3515,0.0,icmp,1592574139,2020-06-19 13:42:19+00:00
205370822,jinan-telecom,wuhan-telecom,45.4392,0.0,icmp,1592574240,2020-06-19 13:44:00+00:00
205371055,jinan-telecom,wuhan-telecom,39.4356,0.0,icmp,1592574319,2020-06-19 13:45:19+00:00
205371294,jinan-telecom,wuhan-telecom,46.5468,0.0,icmp,1592574480,2020-06-19 13:48:00+00:00
205371504,jinan-telecom,wuhan-telecom,49.652,0.0,icmp,1592574600,2020-06-19 13:50:00+00:00
205371737,jinan-telecom,wuhan-telecom,46.9402,0.0,icmp,1592574720,2020-06-19 13:52:00+00:00
205371959,jinan-telecom,wuhan-telecom,47.1505,0.0,icmp,1592574840,2020-06-19 13:54:00+00:00
205372199,jinan-telecom,wuhan-telecom,42.5871,0.0,icmp,1592574960,2020-06-19 13:56:00+00:00
205372426,jinan-telecom,wuhan-telecom,44.834,0.0,icmp,1592575080,2020-06-19 13:58:00+00:00
205372666,jinan-telecom,wuhan-telecom,46.4472,0.0,icmp,1592575200,2020-06-19 14:00:00+00:00
205372894,jinan-telecom,wuhan-telecom,39.399,0.0,icmp,1592575339,2020-06-19 14:02:19+00:00
205373112,jinan-telecom,wuhan-telecom,42.7326,0.0,icmp,1592575440,2020-06-19 14:04:00+00:00
205373313,jinan-telecom,wuhan-telecom,47.7325,0.0,icmp,1592575560,2020-06-19 14:06:00+00:00
205373582,jinan-telecom,wuhan-telecom,45.5518,0.0,icmp,1592575680,2020-06-19 14:08:00+00:00
205373790,jinan-telecom,wuhan-telecom,39.397,0.0,icmp,1592575759,2020-06-19 14:09:19+00:00
205374042,jinan-telecom,wuhan-telecom,46.8383,0.0,icmp,1592575920,2020-06-19 14:12:00+00:00
205374257,jinan-telecom,wuhan-telecom,48.4189,0.0,icmp,1592576040,2020-06-19 14:14:00+00:00
205374489,jinan-telecom,wuhan-telecom,48.4723,0.0,icmp,1592576160,2020-06-19 14:16:00+00:00
205374714,jinan-telecom,wuhan-telecom,47.9654,0.0,icmp,1592576280,2020-06-19 14:18:00+00:00
205374934,jinan-telecom,wuhan-telecom,49.1304,0.0,icmp,1592576400,2020-06-19 14:20:00+00:00
205375161,jinan-telecom,wuhan-telecom,47.7118,0.0,icmp,1592576520,2020-06-19 14:22:00+00:00
205375405,jinan-telecom,wuhan-telecom,49.1863,0.0,icmp,1592576640,2020-06-19 14:24:00+00:00
205375636,jinan-telecom,wuhan-telecom,49.1734,0.0,icmp,1592576760,2020-06-19 14:26:00+00:00
205375841,jinan-telecom,wuhan-telecom,45.8028,0.0,icmp,1592576880,2020-06-19 14:28:00+00:00
205376065,jinan-telecom,wuhan-telecom,47.3044,0.0,icmp,1592577000,2020-06-19 14:30:00+00:00
205376282,jinan-telecom,wuhan-telecom,45.8563,0.0,icmp,1592577120,2020-06-19 14:32:00+00:00
205376523,jinan-telecom,wuhan-telecom,47.2616,0.0,icmp,1592577240,2020-06-19 14:34:00+00:00
205376765,jinan-telecom,wuhan-telecom,45.8547,0.0,icmp,1592577360,2020-06-19 14:36:00+00:00
205376995,jinan-telecom,wuhan-telecom,39.4175,0.0,icmp,1592577439,2020-06-19 14:37:19+00:00
205377225,jinan-telecom,wuhan-telecom,39.3394,0.0,icmp,1592577619,2020-06-19 14:40:19+00:00
205377454,jinan-telecom,wuhan-telecom,49.0967,0.0,icmp,1592577720,2020-06-19 14:42:00+00:00
205377674,jinan-telecom,wuhan-telecom,47.86,0.0,icmp,1592577840,2020-06-19 14:44:00+00:00
205377904,jinan-telecom,wuhan-telecom,47.7883,0.0,icmp,1592577960,2020-06-19 14:46:00+00:00
205378135,jinan-telecom,wuhan-telecom,39.3324,0.0,icmp,1592578099,2020-06-19 14:48:19+00:00
205378361,jinan-telecom,wuhan-telecom,48.02,0.0,icmp,1592578200,2020-06-19 14:50:00+00:00
205378578,jinan-telecom,wuhan-telecom,39.3829,0.0,icmp,1592578279,2020-06-19 14:51:19+00:00
205378821,jinan-telecom,wuhan-telecom,44.9972,0.0,icmp,1592578440,2020-06-19 14:54:00+00:00
205379033,jinan-telecom,wuhan-telecom,47.4084,0.0,icmp,1592578560,2020-06-19 14:56:00+00:00
205379268,jinan-telecom,wuhan-telecom,39.3469,0.0,icmp,1592578699,2020-06-19 14:58:19+00:00
205379496,jinan-telecom,wuhan-telecom,45.3974,0.0,icmp,1592578800,2020-06-19 15:00:00+00:00
205379744,jinan-telecom,wuhan-telecom,45.0912,0.0,icmp,1592578920,2020-06-19 15:02:00+00:00
205379967,jinan-telecom,wuhan-telecom,46.467,0.0,icmp,1592579040,2020-06-19 15:04:00+00:00
205380174,jinan-telecom,wuhan-telecom,46.5635,0.0,icmp,1592579160,2020-06-19 15:06:00+00:00
205380414,jinan-telecom,wuhan-telecom,48.4496,0.0,icmp,1592579280,2020-06-19 15:08:00+00:00
205380642,jinan-telecom,wuhan-telecom,49.0849,0.0,icmp,1592579400,2020-06-19 15:10:00+00:00
205380852,jinan-telecom,wuhan-telecom,46.8451,0.0,icmp,1592579520,2020-06-19 15:12:00+00:00
205381106,jinan-telecom,wuhan-telecom,41.9986,0.0,icmp,1592579640,2020-06-19 15:14:00+00:00
205381348,jinan-telecom,wuhan-telecom,39.4179,0.0,icmp,1592579779,2020-06-19 15:16:19+00:00
205381545,jinan-telecom,wuhan-telecom,46.1398,0.0,icmp,1592579880,2020-06-19 15:18:00+00:00
205381755,jinan-telecom,wuhan-telecom,45.8246,0.0,icmp,1592580000,2020-06-19 15:20:00+00:00
205382046,jinan-telecom,wuhan-telecom,46.9893,0.0,icmp,1592580120,2020-06-19 15:22:00+00:00
205382236,jinan-telecom,wuhan-telecom,46.3301,0.0,icmp,1592580240,2020-06-19 15:24:00+00:00
205382453,jinan-telecom,wuhan-telecom,39.402,0.0,icmp,1592580379,2020-06-19 15:26:19+00:00
205382697,jinan-telecom,wuhan-telecom,49.4573,0.0,icmp,1592580480,2020-06-19 15:28:00+00:00
205382930,jinan-telecom,wuhan-telecom,49.5846,0.0,icmp,1592580600,2020-06-19 15:30:00+00:00
205383165,jinan-telecom,wuhan-telecom,47.1282,0.0,icmp,1592580720,2020-06-19 15:32:00+00:00
205383384,jinan-telecom,wuhan-telecom,47.9102,0.0,icmp,1592580840,2020-06-19 15:34:00+00:00
205383588,jinan-telecom,wuhan-telecom,48.641,0.0,icmp,1592580960,2020-06-19 15:36:00+00:00
205383822,jinan-telecom,wuhan-telecom,50.3006,0.0,icmp,1592581080,2020-06-19 15:38:00+00:00
205384064,jinan-telecom,wuhan-telecom,46.9105,0.0,icmp,1592581200,2020-06-19 15:40:00+00:00
205384291,jinan-telecom,wuhan-telecom,44.1433,0.0,icmp,1592581320,2020-06-19 15:42:00+00:00
205384524,jinan-telecom,wuhan-telecom,49.6335,0.0,icmp,1592581440,2020-06-19 15:44:00+00:00
205384742,jinan-telecom,wuhan-telecom,49.6232,0.0,icmp,1592581560,2020-06-19 15:46:00+00:00
205384968,jinan-telecom,wuhan-telecom,39.4803,0.0,icmp,1592581639,2020-06-19 15:47:19+00:00
205385185,jinan-telecom,wuhan-telecom,47.6397,0.0,icmp,1592581800,2020-06-19 15:50:00+00:00
205385414,jinan-telecom,wuhan-telecom,47.0563,0.0,icmp,1592581920,2020-06-19 15:52:00+00:00
205385655,jinan-telecom,wuhan-telecom,39.4854,0.0,icmp,1592582044,2020-06-19 15:54:04+00:00
205385878,jinan-telecom,wuhan-telecom,46.5872,0.0,icmp,1592582160,2020-06-19 15:56:00+00:00
205386109,jinan-telecom,wuhan-telecom,44.0024,0.0,icmp,1592582280,2020-06-19 15:58:00+00:00
205386343,jinan-telecom,wuhan-telecom,39.3728,0.0,icmp,1592582419,2020-06-19 16:00:19+00:00
205386566,jinan-telecom,wuhan-telecom,47.4952,0.0,icmp,1592582520,2020-06-19 16:02:00+00:00
205386810,jinan-telecom,wuhan-telecom,48.3664,0.0,icmp,1592582640,2020-06-19 16:04:00+00:00
205387028,jinan-telecom,wuhan-telecom,39.3621,0.0,icmp,1592582779,2020-06-19 16:06:19+00:00
205387243,jinan-telecom,wuhan-telecom,47.2768,0.0,icmp,1592582880,2020-06-19 16:08:00+00:00
205387491,jinan-telecom,wuhan-telecom,47.3065,0.0,icmp,1592583000,2020-06-19 16:10:00+00:00
205387719,jinan-telecom,wuhan-telecom,39.615,0.0,icmp,1592583079,2020-06-19 16:11:19+00:00
205387923,jinan-telecom,wuhan-telecom,44.8859,0.0,icmp,1592583240,2020-06-19 16:14:00+00:00
205388155,jinan-telecom,wuhan-telecom,39.4909,0.0,icmp,1592583365,2020-06-19 16:16:05+00:00
205388375,jinan-telecom,wuhan-telecom,46.5474,0.0,icmp,1592583480,2020-06-19 16:18:00+00:00
205388630,jinan-telecom,wuhan-telecom,39.5263,0.0,icmp,1592583559,2020-06-19 16:19:19+00:00
205388836,jinan-telecom,wuhan-telecom,47.8424,0.0,icmp,1592583720,2020-06-19 16:22:00+00:00
205389069,jinan-telecom,wuhan-telecom,47.2641,0.0,icmp,1592583840,2020-06-19 16:24:00+00:00
205389275,jinan-telecom,wuhan-telecom,42.83,0.0,icmp,1592583960,2020-06-19 16:26:00+00:00
205389531,jinan-telecom,wuhan-telecom,39.3211,0.0,icmp,1592584039,2020-06-19 16:27:19+00:00
205389761,jinan-telecom,wuhan-telecom,47.1429,0.0,icmp,1592584200,2020-06-19 16:30:00+00:00
205389980,jinan-telecom,wuhan-telecom,39.36,0.0,icmp,1592584279,2020-06-19 16:31:19+00:00
205390213,jinan-telecom,wuhan-telecom,39.4734,0.0,icmp,1592584399,2020-06-19 16:33:19+00:00
205390446,jinan-telecom,wuhan-telecom,39.3699,0.0,icmp,1592584579,2020-06-19 16:36:19+00:00
205390664,jinan-telecom,wuhan-telecom,43.324,0.0,icmp,1592584680,2020-06-19 16:38:00+00:00
205390870,jinan-telecom,wuhan-telecom,39.5585,0.0,icmp,1592584819,2020-06-19 16:40:19+00:00
205391124,jinan-telecom,wuhan-telecom,46.1217,0.0,icmp,1592584920,2020-06-19 16:42:00+00:00
205391352,jinan-telecom,wuhan-telecom,46.0862,0.0,icmp,1592585040,2020-06-19 16:44:00+00:00
205391594,jinan-telecom,wuhan-telecom,47.4958,0.0,icmp,1592585160,2020-06-19 16:46:00+00:00
205391822,jinan-telecom,wuhan-telecom,39.3514,0.0,icmp,1592585239,2020-06-19 16:47:19+00:00
205392063,jinan-telecom,wuhan-telecom,46.8788,0.0,icmp,1592585400,2020-06-19 16:50:00+00:00
205392274,jinan-telecom,wuhan-telecom,39.3632,0.0,icmp,1592585479,2020-06-19 16:51:19+00:00
205392494,jinan-telecom,wuhan-telecom,47.3003,0.0,icmp,1592585640,2020-06-19 16:54:00+00:00
205392741,jinan-telecom,wuhan-telecom,39.3462,0.0,icmp,1592585779,2020-06-19 16:56:19+00:00
205392947,jinan-telecom,wuhan-telecom,49.3223,0.0,icmp,1592585880,2020-06-19 16:58:00+00:00
205393165,jinan-telecom,wuhan-telecom,48.2287,0.0,icmp,1592586000,2020-06-19 17:00:00+00:00
205393410,jinan-telecom,wuhan-telecom,49.3829,0.0,icmp,1592586120,2020-06-19 17:02:00+00:00
205393649,jinan-telecom,wuhan-telecom,46.294,0.0,icmp,1592586240,2020-06-19 17:04:00+00:00
205393854,jinan-telecom,wuhan-telecom,39.3146,0.0,icmp,1592586319,2020-06-19 17:05:19+00:00
205394088,jinan-telecom,wuhan-telecom,47.3046,0.0,icmp,1592586480,2020-06-19 17:08:00+00:00
205394328,jinan-telecom,wuhan-telecom,39.5522,0.0,icmp,1592586559,2020-06-19 17:09:19+00:00
205394544,jinan-telecom,wuhan-telecom,51.2138,0.0,icmp,1592586720,2020-06-19 17:12:00+00:00
205394770,jinan-telecom,wuhan-telecom,48.1978,0.0,icmp,1592586840,2020-06-19 17:14:00+00:00
205395001,jinan-telecom,wuhan-telecom,39.3527,0.0,icmp,1592586979,2020-06-19 17:16:19+00:00
205395232,jinan-telecom,wuhan-telecom,47.4162,0.0,icmp,1592587080,2020-06-19 17:18:00+00:00
205395454,jinan-telecom,wuhan-telecom,48.9687,0.0,icmp,1592587200,2020-06-19 17:20:00+00:00
205395681,jinan-telecom,wuhan-telecom,39.7573,0.0,icmp,1592587279,2020-06-19 17:21:19+00:00
205395909,jinan-telecom,wuhan-telecom,47.463,0.0,icmp,1592587440,2020-06-19 17:24:00+00:00
205396136,jinan-telecom,wuhan-telecom,46.1456,0.0,icmp,1592587560,2020-06-19 17:26:00+00:00
205396382,jinan-telecom,wuhan-telecom,44.7065,0.0,icmp,1592587625,2020-06-19 17:27:05+00:00
205396600,jinan-telecom,wuhan-telecom,45.3777,0.0,icmp,1592587800,2020-06-19 17:30:00+00:00
205396817,jinan-telecom,wuhan-telecom,46.891,0.0,icmp,1592587920,2020-06-19 17:32:00+00:00
205397062,jinan-telecom,wuhan-telecom,39.3657,0.0,icmp,1592588059,2020-06-19 17:34:19+00:00
205397273,jinan-telecom,wuhan-telecom,45.7008,0.0,icmp,1592588160,2020-06-19 17:36:00+00:00
205397506,jinan-telecom,wuhan-telecom,47.502,0.0,icmp,1592588280,2020-06-19 17:38:00+00:00
205397739,jinan-telecom,wuhan-telecom,39.3148,0.0,icmp,1592588359,2020-06-19 17:39:19+00:00
205397957,jinan-telecom,wuhan-telecom,47.5991,0.0,icmp,1592588520,2020-06-19 17:42:00+00:00
205398226,jinan-telecom,wuhan-telecom,46.5513,0.0,icmp,1592588640,2020-06-19 17:44:00+00:00
205398415,jinan-telecom,wuhan-telecom,45.2756,0.0,icmp,1592588760,2020-06-19 17:46:00+00:00
205398637,jinan-telecom,wuhan-telecom,46.0928,0.0,icmp,1592588880,2020-06-19 17:48:00+00:00
205398867,jinan-telecom,wuhan-telecom,39.4246,0.0,icmp,1592589019,2020-06-19 17:50:19+00:00
205399106,jinan-telecom,wuhan-telecom,39.3217,0.0,icmp,1592589139,2020-06-19 17:52:19+00:00
205399315,jinan-telecom,wuhan-telecom,46.7352,0.0,icmp,1592589240,2020-06-19 17:54:00+00:00
205399556,jinan-telecom,wuhan-telecom,46.6925,0.0,icmp,1592589360,2020-06-19 17:56:00+00:00
205399777,jinan-telecom,wuhan-telecom,46.3565,0.0,icmp,1592589480,2020-06-19 17:58:00+00:00
205400014,jinan-telecom,wuhan-telecom,39.5728,0.0,icmp,1592589559,2020-06-19 17:59:19+00:00
205400235,jinan-telecom,wuhan-telecom,47.4938,0.0,icmp,1592589720,2020-06-19 18:02:00+00:00
205400487,jinan-telecom,wuhan-telecom,39.9198,0.0,icmp,1592589840,2020-06-19 18:04:00+00:00
205400693,jinan-telecom,wuhan-telecom,46.9187,0.0,icmp,1592589960,2020-06-19 18:06:00+00:00
205400921,jinan-telecom,wuhan-telecom,46.9109,0.0,icmp,1592590080,2020-06-19 18:08:00+00:00
205401181,jinan-telecom,wuhan-telecom,48.5326,0.0,icmp,1592590200,2020-06-19 18:10:00+00:00
205401392,jinan-telecom,wuhan-telecom,46.0682,0.0,icmp,1592590320,2020-06-19 18:12:00+00:00
205401608,jinan-telecom,wuhan-telecom,39.4305,0.0,icmp,1592590399,2020-06-19 18:13:19+00:00
205401845,jinan-telecom,wuhan-telecom,46.798,0.0,icmp,1592590560,2020-06-19 18:16:00+00:00
205402075,jinan-telecom,wuhan-telecom,47.7456,0.0,icmp,1592590680,2020-06-19 18:18:00+00:00
205402293,jinan-telecom,wuhan-telecom,44.5316,0.0,icmp,1592590800,2020-06-19 18:20:00+00:00
205402532,jinan-telecom,wuhan-telecom,39.6539,0.0,icmp,1592590879,2020-06-19 18:21:19+00:00
205402766,jinan-telecom,wuhan-telecom,47.6981,0.0,icmp,1592591040,2020-06-19 18:24:00+00:00
205403000,jinan-telecom,wuhan-telecom,48.3731,0.0,icmp,1592591160,2020-06-19 18:26:00+00:00
205403215,jinan-telecom,wuhan-telecom,47.8446,0.0,icmp,1592591280,2020-06-19 18:28:00+00:00
205403427,jinan-telecom,wuhan-telecom,39.5194,0.0,icmp,1592591359,2020-06-19 18:29:19+00:00
205403676,jinan-telecom,wuhan-telecom,48.7488,0.0,icmp,1592591520,2020-06-19 18:32:00+00:00
205403885,jinan-telecom,wuhan-telecom,46.0978,0.0,icmp,1592591640,2020-06-19 18:34:00+00:00
205404124,jinan-telecom,wuhan-telecom,46.2714,0.0,icmp,1592591760,2020-06-19 18:36:00+00:00
205404353,jinan-telecom,wuhan-telecom,39.4606,0.0,icmp,1592591825,2020-06-19 18:37:05+00:00
205404581,jinan-telecom,wuhan-telecom,47.0831,0.0,icmp,1592592000,2020-06-19 18:40:00+00:00
205404835,jinan-telecom,wuhan-telecom,47.1869,0.0,icmp,1592592120,2020-06-19 18:42:00+00:00
205405029,jinan-telecom,wuhan-telecom,49.856,0.0,icmp,1592592240,2020-06-19 18:44:00+00:00
205405271,jinan-telecom,wuhan-telecom,46.6931,0.0,icmp,1592592360,2020-06-19 18:46:00+00:00
205405485,jinan-telecom,wuhan-telecom,47.1326,0.0,icmp,1592592480,2020-06-19 18:48:00+00:00
205405705,jinan-telecom,wuhan-telecom,48.5637,0.0,icmp,1592592600,2020-06-19 18:50:00+00:00
205405946,jinan-telecom,wuhan-telecom,49.0709,0.0,icmp,1592592720,2020-06-19 18:52:00+00:00
205406173,jinan-telecom,wuhan-telecom,47.5493,0.0,icmp,1592592840,2020-06-19 18:54:00+00:00
205406413,jinan-telecom,wuhan-telecom,39.5163,0.0,icmp,1592592919,2020-06-19 18:55:19+00:00
205406639,jinan-telecom,wuhan-telecom,42.6267,0.0,icmp,1592593080,2020-06-19 18:58:00+00:00
205406844,jinan-telecom,wuhan-telecom,39.3342,0.0,icmp,1592593219,2020-06-19 19:00:19+00:00
205407085,jinan-telecom,wuhan-telecom,47.4249,0.0,icmp,1592593320,2020-06-19 19:02:00+00:00
205407307,jinan-telecom,wuhan-telecom,47.0137,0.0,icmp,1592593440,2020-06-19 19:04:00+00:00
205407528,jinan-telecom,wuhan-telecom,48.5372,0.0,icmp,1592593560,2020-06-19 19:06:00+00:00
205407750,jinan-telecom,wuhan-telecom,39.4527,0.0,icmp,1592593639,2020-06-19 19:07:19+00:00
205408002,jinan-telecom,wuhan-telecom,44.7214,0.0,icmp,1592593800,2020-06-19 19:10:00+00:00
205408209,jinan-telecom,wuhan-telecom,47.1982,0.0,icmp,1592593920,2020-06-19 19:12:00+00:00
205408439,jinan-telecom,wuhan-telecom,39.3821,0.0,icmp,1592594059,2020-06-19 19:14:19+00:00
205408663,jinan-telecom,wuhan-telecom,39.316,0.0,icmp,1592594179,2020-06-19 19:16:19+00:00
205408898,jinan-telecom,wuhan-telecom,45.5637,0.0,icmp,1592594280,2020-06-19 19:18:00+00:00
205409142,jinan-telecom,wuhan-telecom,46.8989,0.0,icmp,1592594400,2020-06-19 19:20:00+00:00
205409359,jinan-telecom,wuhan-telecom,48.1509,0.0,icmp,1592594520,2020-06-19 19:22:00+00:00
205409603,jinan-telecom,wuhan-telecom,49.517,0.0,icmp,1592594640,2020-06-19 19:24:00+00:00
205409823,jinan-telecom,wuhan-telecom,39.3358,0.0,icmp,1592594779,2020-06-19 19:26:19+00:00
205410033,jinan-telecom,wuhan-telecom,39.3477,0.0,icmp,1592594899,2020-06-19 19:28:19+00:00
205410256,jinan-telecom,wuhan-telecom,51.1495,0.0,icmp,1592595000,2020-06-19 19:30:00+00:00
205410498,jinan-telecom,wuhan-telecom,39.3366,0.0,icmp,1592595139,2020-06-19 19:32:19+00:00
205410742,jinan-telecom,wuhan-telecom,47.9605,0.0,icmp,1592595240,2020-06-19 19:34:00+00:00
205410968,jinan-telecom,wuhan-telecom,47.7033,0.0,icmp,1592595360,2020-06-19 19:36:00+00:00
205411196,jinan-telecom,wuhan-telecom,39.6877,0.0,icmp,1592595439,2020-06-19 19:37:19+00:00
205411412,jinan-telecom,wuhan-telecom,49.1994,0.0,icmp,1592595600,2020-06-19 19:40:00+00:00
205411644,jinan-telecom,wuhan-telecom,44.9307,0.0,icmp,1592595720,2020-06-19 19:42:00+00:00
205411866,jinan-telecom,wuhan-telecom,46.5051,0.0,icmp,1592595840,2020-06-19 19:44:00+00:00
205412105,jinan-telecom,wuhan-telecom,47.3518,0.0,icmp,1592595960,2020-06-19 19:46:00+00:00
205412326,jinan-telecom,wuhan-telecom,47.1002,0.0,icmp,1592596080,2020-06-19 19:48:00+00:00
205412546,jinan-telecom,wuhan-telecom,50.2823,0.0,icmp,1592596200,2020-06-19 19:50:00+00:00
205412779,jinan-telecom,wuhan-telecom,48.3486,0.0,icmp,1592596320,2020-06-19 19:52:00+00:00
205413008,jinan-telecom,wuhan-telecom,39.4333,0.0,icmp,1592596444,2020-06-19 19:54:04+00:00
205413225,jinan-telecom,wuhan-telecom,39.3632,0.0,icmp,1592596579,2020-06-19 19:56:19+00:00
205413435,jinan-telecom,wuhan-telecom,48.6668,0.0,icmp,1592596680,2020-06-19 19:58:00+00:00
205413687,jinan-telecom,wuhan-telecom,51.8834,2.0,icmp,1592596800,2020-06-19 20:00:00+00:00
205413904,jinan-telecom,wuhan-telecom,39.3676,0.0,icmp,1592596939,2020-06-19 20:02:19+00:00
205414142,jinan-telecom,wuhan-telecom,45.1106,0.0,icmp,1592597040,2020-06-19 20:04:00+00:00
205414377,jinan-telecom,wuhan-telecom,48.5627,0.0,icmp,1592597160,2020-06-19 20:06:00+00:00
205414592,jinan-telecom,wuhan-telecom,40.8053,0.0,icmp,1592597280,2020-06-19 20:08:00+00:00
205414851,jinan-telecom,wuhan-telecom,47.2947,0.0,icmp,1592597400,2020-06-19 20:10:00+00:00
205415059,jinan-telecom,wuhan-telecom,43.2622,0.0,icmp,1592597520,2020-06-19 20:12:00+00:00
205415302,jinan-telecom,wuhan-telecom,39.7076,0.0,icmp,1592597599,2020-06-19 20:13:19+00:00
205415507,jinan-telecom,wuhan-telecom,47.3811,0.0,icmp,1592597760,2020-06-19 20:16:00+00:00
205415737,jinan-telecom,wuhan-telecom,39.3548,0.0,icmp,1592597839,2020-06-19 20:17:19+00:00
205415975,jinan-telecom,wuhan-telecom,47.1567,0.0,icmp,1592598000,2020-06-19 20:20:00+00:00
205416192,jinan-telecom,wuhan-telecom,46.549,0.0,icmp,1592598120,2020-06-19 20:22:00+00:00
205416424,jinan-telecom,wuhan-telecom,47.4986,0.0,icmp,1592598240,2020-06-19 20:24:00+00:00
205416655,jinan-telecom,wuhan-telecom,39.3536,0.0,icmp,1592598319,2020-06-19 20:25:19+00:00
205416897,jinan-telecom,wuhan-telecom,45.7248,0.0,icmp,1592598480,2020-06-19 20:28:00+00:00
205417105,jinan-telecom,wuhan-telecom,39.4379,0.0,icmp,1592598559,2020-06-19 20:29:19+00:00
205417338,jinan-telecom,wuhan-telecom,47.8452,0.0,icmp,1592598720,2020-06-19 20:32:00+00:00
205417574,jinan-telecom,wuhan-telecom,47.4583,0.0,icmp,1592598840,2020-06-19 20:34:00+00:00
205417784,jinan-telecom,wuhan-telecom,50.0513,0.0,icmp,1592598960,2020-06-19 20:36:00+00:00
205418016,jinan-telecom,wuhan-telecom,45.2987,0.0,icmp,1592599080,2020-06-19 20:38:00+00:00
205418257,jinan-telecom,wuhan-telecom,39.3839,0.0,icmp,1592599219,2020-06-19 20:40:19+00:00
205418480,jinan-telecom,wuhan-telecom,47.1117,0.0,icmp,1592599320,2020-06-19 20:42:00+00:00
205418698,jinan-telecom,wuhan-telecom,39.3995,0.0,icmp,1592599399,2020-06-19 20:43:19+00:00
205418930,jinan-telecom,wuhan-telecom,46.0159,0.0,icmp,1592599560,2020-06-19 20:46:00+00:00
205419131,jinan-telecom,wuhan-telecom,48.5167,0.0,icmp,1592599680,2020-06-19 20:48:00+00:00
205419395,jinan-telecom,wuhan-telecom,49.041,0.0,icmp,1592599800,2020-06-19 20:50:00+00:00
205419635,jinan-telecom,wuhan-telecom,47.0152,0.0,icmp,1592599920,2020-06-19 20:52:00+00:00
205419833,jinan-telecom,wuhan-telecom,39.577,0.0,icmp,1592600059,2020-06-19 20:54:19+00:00
205420061,jinan-telecom,wuhan-telecom,48.7891,0.0,icmp,1592600160,2020-06-19 20:56:00+00:00
205420300,jinan-telecom,wuhan-telecom,41.5899,0.0,icmp,1592600280,2020-06-19 20:58:00+00:00
205420541,jinan-telecom,wuhan-telecom,48.5167,0.0,icmp,1592600400,2020-06-19 21:00:00+00:00
205420767,jinan-telecom,wuhan-telecom,42.1346,0.0,icmp,1592600524,2020-06-19 21:02:04+00:00
205420984,jinan-telecom,wuhan-telecom,49.123,0.0,icmp,1592600640,2020-06-19 21:04:00+00:00
205421205,jinan-telecom,wuhan-telecom,45.7312,0.0,icmp,1592600760,2020-06-19 21:06:00+00:00
205421458,jinan-telecom,wuhan-telecom,46.8752,0.0,icmp,1592600880,2020-06-19 21:08:00+00:00
205421678,jinan-telecom,wuhan-telecom,48.8418,0.0,icmp,1592601000,2020-06-19 21:10:00+00:00
205421906,jinan-telecom,wuhan-telecom,46.8811,0.0,icmp,1592601120,2020-06-19 21:12:00+00:00
205422134,jinan-telecom,wuhan-telecom,41.5701,0.0,icmp,1592601240,2020-06-19 21:14:00+00:00
205422355,jinan-telecom,wuhan-telecom,45.8217,0.0,icmp,1592601360,2020-06-19 21:16:00+00:00
205422577,jinan-telecom,wuhan-telecom,42.5098,0.0,icmp,1592601480,2020-06-19 21:18:00+00:00
205422803,jinan-telecom,wuhan-telecom,45.147,0.0,icmp,1592601600,2020-06-19 21:20:00+00:00
205423034,jinan-telecom,wuhan-telecom,48.9597,0.0,icmp,1592601720,2020-06-19 21:22:00+00:00
205423262,jinan-telecom,wuhan-telecom,41.8203,0.0,icmp,1592601840,2020-06-19 21:24:00+00:00
205423490,jinan-telecom,wuhan-telecom,44.9471,0.0,icmp,1592601960,2020-06-19 21:26:00+00:00
205423711,jinan-telecom,wuhan-telecom,49.4079,0.0,icmp,1592602080,2020-06-19 21:28:00+00:00
205423945,jinan-telecom,wuhan-telecom,46.1405,0.0,icmp,1592602200,2020-06-19 21:30:00+00:00
205424186,jinan-telecom,wuhan-telecom,39.3476,0.0,icmp,1592602279,2020-06-19 21:31:19+00:00
205424397,jinan-telecom,wuhan-telecom,48.0106,0.0,icmp,1592602440,2020-06-19 21:34:00+00:00
205424629,jinan-telecom,wuhan-telecom,39.3176,0.0,icmp,1592602579,2020-06-19 21:36:19+00:00
205424873,jinan-telecom,wuhan-telecom,45.6849,0.0,icmp,1592602680,2020-06-19 21:38:00+00:00
205425086,jinan-telecom,wuhan-telecom,45.7921,0.0,icmp,1592602800,2020-06-19 21:40:00+00:00
205425336,jinan-telecom,wuhan-telecom,48.7414,0.0,icmp,1592602920,2020-06-19 21:42:00+00:00
205425552,jinan-telecom,wuhan-telecom,46.7758,0.0,icmp,1592603040,2020-06-19 21:44:00+00:00
205425759,jinan-telecom,wuhan-telecom,39.2992,0.0,icmp,1592603119,2020-06-19 21:45:19+00:00
205426014,jinan-telecom,wuhan-telecom,47.2234,0.0,icmp,1592603280,2020-06-19 21:48:00+00:00
205426245,jinan-telecom,wuhan-telecom,44.0047,0.0,icmp,1592603400,2020-06-19 21:50:00+00:00
205426458,jinan-telecom,wuhan-telecom,39.5913,0.0,icmp,1592603479,2020-06-19 21:51:19+00:00
205426710,jinan-telecom,wuhan-telecom,45.2949,0.0,icmp,1592603640,2020-06-19 21:54:00+00:00
205426915,jinan-telecom,wuhan-telecom,46.3989,0.0,icmp,1592603760,2020-06-19 21:56:00+00:00
205427147,jinan-telecom,wuhan-telecom,39.5515,0.0,icmp,1592603839,2020-06-19 21:57:19+00:00
205427370,jinan-telecom,wuhan-telecom,46.5097,0.0,icmp,1592604000,2020-06-19 22:00:00+00:00
205427613,jinan-telecom,wuhan-telecom,39.4224,0.0,icmp,1592604079,2020-06-19 22:01:19+00:00
205427826,jinan-telecom,wuhan-telecom,47.2749,0.0,icmp,1592604240,2020-06-19 22:04:00+00:00
205428051,jinan-telecom,wuhan-telecom,39.3077,0.0,icmp,1592604319,2020-06-19 22:05:19+00:00
205428291,jinan-telecom,wuhan-telecom,48.7258,0.0,icmp,1592604480,2020-06-19 22:08:00+00:00
205428508,jinan-telecom,wuhan-telecom,39.4806,0.0,icmp,1592604559,2020-06-19 22:09:19+00:00
205428738,jinan-telecom,wuhan-telecom,48.6638,0.0,icmp,1592604720,2020-06-19 22:12:00+00:00
205428963,jinan-telecom,wuhan-telecom,46.8086,0.0,icmp,1592604840,2020-06-19 22:14:00+00:00
205429198,jinan-telecom,wuhan-telecom,39.3184,0.0,icmp,1592604979,2020-06-19 22:16:19+00:00
205429436,jinan-telecom,wuhan-telecom,42.2064,0.0,icmp,1592605080,2020-06-19 22:18:00+00:00
205429659,jinan-telecom,wuhan-telecom,45.493,0.0,icmp,1592605200,2020-06-19 22:20:00+00:00
205429879,jinan-telecom,wuhan-telecom,43.5357,0.0,icmp,1592605320,2020-06-19 22:22:00+00:00
205430111,jinan-telecom,wuhan-telecom,39.3179,0.0,icmp,1592605399,2020-06-19 22:23:19+00:00
205430326,jinan-telecom,wuhan-telecom,39.3334,0.0,icmp,1592605579,2020-06-19 22:26:19+00:00
205430564,jinan-telecom,wuhan-telecom,48.2597,0.0,icmp,1592605680,2020-06-19 22:28:00+00:00
205430793,jinan-telecom,wuhan-telecom,49.8946,0.0,icmp,1592605800,2020-06-19 22:30:00+00:00
205431031,jinan-telecom,wuhan-telecom,44.9269,0.0,icmp,1592605920,2020-06-19 22:32:00+00:00
205431244,jinan-telecom,wuhan-telecom,47.1921,0.0,icmp,1592606040,2020-06-19 22:34:00+00:00
205431468,jinan-telecom,wuhan-telecom,40.5868,0.0,icmp,1592606160,2020-06-19 22:36:00+00:00
205431705,jinan-telecom,wuhan-telecom,47.9722,0.0,icmp,1592606280,2020-06-19 22:38:00+00:00
205431939,jinan-telecom,wuhan-telecom,45.3215,0.0,icmp,1592606400,2020-06-19 22:40:00+00:00
205432150,jinan-telecom,wuhan-telecom,44.049,0.0,icmp,1592606520,2020-06-19 22:42:00+00:00
205432396,jinan-telecom,wuhan-telecom,47.2494,0.0,icmp,1592606640,2020-06-19 22:44:00+00:00
205432622,jinan-telecom,wuhan-telecom,46.8567,0.0,icmp,1592606760,2020-06-19 22:46:00+00:00
205432855,jinan-telecom,wuhan-telecom,42.7006,0.0,icmp,1592606880,2020-06-19 22:48:00+00:00
205433069,jinan-telecom,wuhan-telecom,48.3044,0.0,icmp,1592607000,2020-06-19 22:50:00+00:00
205433309,jinan-telecom,wuhan-telecom,45.6052,0.0,icmp,1592607120,2020-06-19 22:52:00+00:00
205433537,jinan-telecom,wuhan-telecom,48.3359,0.0,icmp,1592607240,2020-06-19 22:54:00+00:00
205433748,jinan-telecom,wuhan-telecom,39.3249,0.0,icmp,1592607319,2020-06-19 22:55:19+00:00
205433983,jinan-telecom,wuhan-telecom,39.4717,0.0,icmp,1592607424,2020-06-19 22:57:04+00:00
205434219,jinan-telecom,wuhan-telecom,48.2255,0.0,icmp,1592607600,2020-06-19 23:00:00+00:00
205434435,jinan-telecom,wuhan-telecom,48.8195,0.0,icmp,1592607720,2020-06-19 23:02:00+00:00
205434693,jinan-telecom,wuhan-telecom,47.2547,0.0,icmp,1592607840,2020-06-19 23:04:00+00:00
205434898,jinan-telecom,wuhan-telecom,46.2985,0.0,icmp,1592607960,2020-06-19 23:06:00+00:00
205435120,jinan-telecom,wuhan-telecom,39.5363,0.0,icmp,1592608039,2020-06-19 23:07:19+00:00
205435345,jinan-telecom,wuhan-telecom,47.4675,0.0,icmp,1592608200,2020-06-19 23:10:00+00:00
205435581,jinan-telecom,wuhan-telecom,42.4156,0.0,icmp,1592608320,2020-06-19 23:12:00+00:00
205435820,jinan-telecom,wuhan-telecom,48.1294,0.0,icmp,1592608440,2020-06-19 23:14:00+00:00
205436025,jinan-telecom,wuhan-telecom,47.5182,0.0,icmp,1592608560,2020-06-19 23:16:00+00:00
205436251,jinan-telecom,wuhan-telecom,47.6314,0.0,icmp,1592608680,2020-06-19 23:18:00+00:00
205436492,jinan-telecom,wuhan-telecom,39.4841,0.0,icmp,1592608805,2020-06-19 23:20:05+00:00
205436716,jinan-telecom,wuhan-telecom,46.2803,0.0,icmp,1592608920,2020-06-19 23:22:00+00:00
205436953,jinan-telecom,wuhan-telecom,48.1045,0.0,icmp,1592609040,2020-06-19 23:24:00+00:00
205437197,jinan-telecom,wuhan-telecom,39.3891,0.0,icmp,1592609119,2020-06-19 23:25:19+00:00
205437400,jinan-telecom,wuhan-telecom,46.4713,0.0,icmp,1592609280,2020-06-19 23:28:00+00:00
205437632,jinan-telecom,wuhan-telecom,48.3387,0.0,icmp,1592609400,2020-06-19 23:30:00+00:00
205437849,jinan-telecom,wuhan-telecom,39.3579,0.0,icmp,1592609479,2020-06-19 23:31:19+00:00
205438075,jinan-telecom,wuhan-telecom,39.3606,0.0,icmp,1592609599,2020-06-19 23:33:19+00:00
205438308,jinan-telecom,wuhan-telecom,39.7349,0.0,icmp,1592609719,2020-06-19 23:35:19+00:00
205438544,jinan-telecom,wuhan-telecom,47.8043,0.0,icmp,1592609880,2020-06-19 23:38:00+00:00
205438769,jinan-telecom,wuhan-telecom,39.5832,0.0,icmp,1592609959,2020-06-19 23:39:19+00:00
205439018,jinan-telecom,wuhan-telecom,47.3889,0.0,icmp,1592610120,2020-06-19 23:42:00+00:00
205439226,jinan-telecom,wuhan-telecom,48.6589,0.0,icmp,1592610240,2020-06-19 23:44:00+00:00
205439442,jinan-telecom,wuhan-telecom,39.6378,0.0,icmp,1592610319,2020-06-19 23:45:19+00:00
206027323,jinan-telecom,wuhan-telecom,45.1828,0.0,icmp,1592858940,2020-06-22 20:49:00+00:00
206027567,jinan-telecom,wuhan-telecom,45.6432,0.0,icmp,1592859060,2020-06-22 20:51:00+00:00
206027803,jinan-telecom,wuhan-telecom,39.5327,0.0,icmp,1592859139,2020-06-22 20:52:19+00:00
206028029,jinan-telecom,wuhan-telecom,47.8121,0.0,icmp,1592859300,2020-06-22 20:55:00+00:00
206028263,jinan-telecom,wuhan-telecom,39.3081,0.0,icmp,1592859379,2020-06-22 20:56:19+00:00
206028481,jinan-telecom,wuhan-telecom,42.1168,0.0,icmp,1592859540,2020-06-22 20:59:00+00:00
206028718,jinan-telecom,wuhan-telecom,46.6769,0.0,icmp,1592859660,2020-06-22 21:01:00+00:00
206028948,jinan-telecom,wuhan-telecom,47.092,0.0,icmp,1592859780,2020-06-22 21:03:00+00:00
206029169,jinan-telecom,wuhan-telecom,45.5244,0.0,icmp,1592859900,2020-06-22 21:05:00+00:00
206029407,jinan-telecom,wuhan-telecom,44.7424,0.0,icmp,1592860020,2020-06-22 21:07:00+00:00
206029608,jinan-telecom,wuhan-telecom,39.2818,0.0,icmp,1592860099,2020-06-22 21:08:19+00:00
206029836,jinan-telecom,wuhan-telecom,47.1099,0.0,icmp,1592860260,2020-06-22 21:11:00+00:00
206030073,jinan-telecom,wuhan-telecom,39.364,0.0,icmp,1592860339,2020-06-22 21:12:19+00:00
206030298,jinan-telecom,wuhan-telecom,45.9908,0.0,icmp,1592860500,2020-06-22 21:15:00+00:00
206030515,jinan-telecom,wuhan-telecom,47.9299,0.0,icmp,1592860620,2020-06-22 21:17:00+00:00
206030736,jinan-telecom,wuhan-telecom,39.5187,0.0,icmp,1592860699,2020-06-22 21:18:19+00:00
206030969,jinan-telecom,wuhan-telecom,40.5251,0.0,icmp,1592860860,2020-06-22 21:21:00+00:00
206031200,jinan-telecom,wuhan-telecom,45.7859,0.0,icmp,1592860980,2020-06-22 21:23:00+00:00
206031426,jinan-telecom,wuhan-telecom,46.8156,0.0,icmp,1592861100,2020-06-22 21:25:00+00:00
206031697,jinan-telecom,wuhan-telecom,41.0558,0.0,icmp,1592861220,2020-06-22 21:27:00+00:00
206031906,jinan-telecom,wuhan-telecom,47.8595,0.0,icmp,1592861340,2020-06-22 21:29:00+00:00
206032110,jinan-telecom,wuhan-telecom,46.5608,0.0,icmp,1592861460,2020-06-22 21:31:00+00:00
206032351,jinan-telecom,wuhan-telecom,46.7457,0.0,icmp,1592861580,2020-06-22 21:33:00+00:00
206032585,jinan-telecom,wuhan-telecom,48.2945,0.0,icmp,1592861700,2020-06-22 21:35:00+00:00
206032795,jinan-telecom,wuhan-telecom,46.4709,0.0,icmp,1592861820,2020-06-22 21:37:00+00:00
206033023,jinan-telecom,wuhan-telecom,47.5007,0.0,icmp,1592861940,2020-06-22 21:39:00+00:00
206033245,jinan-telecom,wuhan-telecom,45.385,0.0,icmp,1592862060,2020-06-22 21:41:00+00:00
206033474,jinan-telecom,wuhan-telecom,46.9219,0.0,icmp,1592862180,2020-06-22 21:43:00+00:00
206033690,jinan-telecom,wuhan-telecom,48.4151,0.0,icmp,1592862300,2020-06-22 21:45:00+00:00
206033931,jinan-telecom,wuhan-telecom,39.3654,0.0,icmp,1592862379,2020-06-22 21:46:19+00:00
206034158,jinan-telecom,wuhan-telecom,45.1375,0.0,icmp,1592862540,2020-06-22 21:49:00+00:00
206034385,jinan-telecom,wuhan-telecom,47.3329,0.0,icmp,1592862660,2020-06-22 21:51:00+00:00
206034619,jinan-telecom,wuhan-telecom,48.5629,0.0,icmp,1592862780,2020-06-22 21:53:00+00:00
206034831,jinan-telecom,wuhan-telecom,47.4615,0.0,icmp,1592862900,2020-06-22 21:55:00+00:00
206035058,jinan-telecom,wuhan-telecom,44.4829,0.0,icmp,1592863020,2020-06-22 21:57:00+00:00
206035291,jinan-telecom,wuhan-telecom,39.306,0.0,icmp,1592863099,2020-06-22 21:58:19+00:00
206035524,jinan-telecom,wuhan-telecom,46.0814,0.0,icmp,1592863260,2020-06-22 22:01:00+00:00
206035752,jinan-telecom,wuhan-telecom,39.335,0.0,icmp,1592863339,2020-06-22 22:02:19+00:00
206035959,jinan-telecom,wuhan-telecom,39.3436,0.0,icmp,1592863519,2020-06-22 22:05:19+00:00
206036189,jinan-telecom,wuhan-telecom,41.0471,0.0,icmp,1592863620,2020-06-22 22:07:00+00:00
206036424,jinan-telecom,wuhan-telecom,42.6543,0.0,icmp,1592863740,2020-06-22 22:09:00+00:00
206036670,jinan-telecom,wuhan-telecom,47.2216,0.0,icmp,1592863860,2020-06-22 22:11:00+00:00
206036899,jinan-telecom,wuhan-telecom,39.3543,0.0,icmp,1592863999,2020-06-22 22:13:19+00:00
206037106,jinan-telecom,wuhan-telecom,46.6455,0.0,icmp,1592864100,2020-06-22 22:15:00+00:00
206037342,jinan-telecom,wuhan-telecom,44.8987,0.0,icmp,1592864220,2020-06-22 22:17:00+00:00
206037562,jinan-telecom,wuhan-telecom,46.4229,0.0,icmp,1592864340,2020-06-22 22:19:00+00:00
206037790,jinan-telecom,wuhan-telecom,39.3525,0.0,icmp,1592864419,2020-06-22 22:20:19+00:00
206038004,jinan-telecom,wuhan-telecom,45.6879,0.0,icmp,1592864580,2020-06-22 22:23:00+00:00
206038251,jinan-telecom,wuhan-telecom,48.5765,0.0,icmp,1592864700,2020-06-22 22:25:00+00:00
206038467,jinan-telecom,wuhan-telecom,46.766,0.0,icmp,1592864820,2020-06-22 22:27:00+00:00
206038692,jinan-telecom,wuhan-telecom,47.9761,0.0,icmp,1592864940,2020-06-22 22:29:00+00:00
206038916,jinan-telecom,wuhan-telecom,48.2725,0.0,icmp,1592865060,2020-06-22 22:31:00+00:00
206039145,jinan-telecom,wuhan-telecom,46.7073,0.0,icmp,1592865180,2020-06-22 22:33:00+00:00
206039381,jinan-telecom,wuhan-telecom,39.4947,0.0,icmp,1592865319,2020-06-22 22:35:19+00:00
206039622,jinan-telecom,wuhan-telecom,46.4331,0.0,icmp,1592865420,2020-06-22 22:37:00+00:00
206039840,jinan-telecom,wuhan-telecom,41.4286,0.0,icmp,1592865540,2020-06-22 22:39:00+00:00
206040063,jinan-telecom,wuhan-telecom,47.9232,0.0,icmp,1592865660,2020-06-22 22:41:00+00:00
206040302,jinan-telecom,wuhan-telecom,40.879,0.0,icmp,1592865780,2020-06-22 22:43:00+00:00
206040509,jinan-telecom,wuhan-telecom,45.6509,0.0,icmp,1592865900,2020-06-22 22:45:00+00:00
206040756,jinan-telecom,wuhan-telecom,39.3486,0.0,icmp,1592865979,2020-06-22 22:46:19+00:00
206040964,jinan-telecom,wuhan-telecom,47.863,0.0,icmp,1592866140,2020-06-22 22:49:00+00:00
206041192,jinan-telecom,wuhan-telecom,46.4504,0.0,icmp,1592866260,2020-06-22 22:51:00+00:00
206041426,jinan-telecom,wuhan-telecom,46.5241,0.0,icmp,1592866380,2020-06-22 22:53:00+00:00
206041650,jinan-telecom,wuhan-telecom,46.7701,0.0,icmp,1592866500,2020-06-22 22:55:00+00:00
206041871,jinan-telecom,wuhan-telecom,47.3375,0.0,icmp,1592866620,2020-06-22 22:57:00+00:00
206042124,jinan-telecom,wuhan-telecom,45.3401,0.0,icmp,1592866740,2020-06-22 22:59:00+00:00
206042322,jinan-telecom,wuhan-telecom,47.5127,0.0,icmp,1592866860,2020-06-22 23:01:00+00:00
206042558,jinan-telecom,wuhan-telecom,46.5426,0.0,icmp,1592866980,2020-06-22 23:03:00+00:00
206042787,jinan-telecom,wuhan-telecom,47.2614,0.0,icmp,1592867100,2020-06-22 23:05:00+00:00
206043011,jinan-telecom,wuhan-telecom,39.3575,0.0,icmp,1592867179,2020-06-22 23:06:19+00:00
206043253,jinan-telecom,wuhan-telecom,46.6055,0.0,icmp,1592867340,2020-06-22 23:09:00+00:00
206043472,jinan-telecom,wuhan-telecom,46.1344,0.0,icmp,1592867460,2020-06-22 23:11:00+00:00
206043697,jinan-telecom,wuhan-telecom,48.1876,0.0,icmp,1592867580,2020-06-22 23:13:00+00:00
206043919,jinan-telecom,wuhan-telecom,48.9612,0.0,icmp,1592867700,2020-06-22 23:15:00+00:00
206044149,jinan-telecom,wuhan-telecom,45.901,0.0,icmp,1592867820,2020-06-22 23:17:00+00:00
206044378,jinan-telecom,wuhan-telecom,45.4077,0.0,icmp,1592867940,2020-06-22 23:19:00+00:00
206044600,jinan-telecom,wuhan-telecom,39.4873,0.0,icmp,1592868079,2020-06-22 23:21:19+00:00
206044870,jinan-telecom,wuhan-telecom,54.6395,0.0,icmp,1592868180,2020-06-22 23:23:00+00:00
206045046,jinan-telecom,wuhan-telecom,39.5648,0.0,icmp,1592868259,2020-06-22 23:24:19+00:00
206045281,jinan-telecom,wuhan-telecom,39.6205,0.0,icmp,1592868420,2020-06-22 23:27:00+00:00
206045516,jinan-telecom,wuhan-telecom,47.5362,0.0,icmp,1592868540,2020-06-22 23:29:00+00:00
206045742,jinan-telecom,wuhan-telecom,47.7347,0.0,icmp,1592868660,2020-06-22 23:31:00+00:00
206045968,jinan-telecom,wuhan-telecom,46.5978,0.0,icmp,1592868780,2020-06-22 23:33:00+00:00
206046188,jinan-telecom,wuhan-telecom,45.8826,0.0,icmp,1592868900,2020-06-22 23:35:00+00:00
206046430,jinan-telecom,wuhan-telecom,47.3735,0.0,icmp,1592869020,2020-06-22 23:37:00+00:00
206046638,jinan-telecom,wuhan-telecom,42.9389,0.0,icmp,1592869140,2020-06-22 23:39:00+00:00
206046869,jinan-telecom,wuhan-telecom,39.3238,0.0,icmp,1592869219,2020-06-22 23:40:19+00:00
206047099,jinan-telecom,wuhan-telecom,48.3726,0.0,icmp,1592869380,2020-06-22 23:43:00+00:00
206047311,jinan-telecom,wuhan-telecom,39.3585,0.0,icmp,1592869459,2020-06-22 23:44:19+00:00
206047544,jinan-telecom,wuhan-telecom,39.5348,0.0,icmp,1592869579,2020-06-22 23:46:19+00:00
206047773,jinan-telecom,wuhan-telecom,47.9192,0.0,icmp,1592869740,2020-06-22 23:49:00+00:00
206047976,jinan-telecom,wuhan-telecom,47.2118,0.0,icmp,1592869860,2020-06-22 23:51:00+00:00
206048255,jinan-telecom,wuhan-telecom,39.3444,0.0,icmp,1592869939,2020-06-22 23:52:19+00:00
206048462,jinan-telecom,wuhan-telecom,47.8871,0.0,icmp,1592870100,2020-06-22 23:55:00+00:00
206048692,jinan-telecom,wuhan-telecom,39.6856,0.0,icmp,1592870179,2020-06-22 23:56:19+00:00
206048931,jinan-telecom,wuhan-telecom,50.6141,0.0,icmp,1592870340,2020-06-22 23:59:00+00:00
206049144,jinan-telecom,wuhan-telecom,48.0471,0.0,icmp,1592870460,2020-06-23 00:01:00+00:00
206049383,jinan-telecom,wuhan-telecom,47.0742,0.0,icmp,1592870580,2020-06-23 00:03:00+00:00
206049608,jinan-telecom,wuhan-telecom,42.6936,0.0,icmp,1592870700,2020-06-23 00:05:00+00:00
206049842,jinan-telecom,wuhan-telecom,47.2231,0.0,icmp,1592870820,2020-06-23 00:07:00+00:00
206050040,jinan-telecom,wuhan-telecom,45.9328,0.0,icmp,1592870940,2020-06-23 00:09:00+00:00
206050264,jinan-telecom,wuhan-telecom,45.9506,0.0,icmp,1592871060,2020-06-23 00:11:00+00:00
206050482,jinan-telecom,wuhan-telecom,44.9385,0.0,icmp,1592871180,2020-06-23 00:13:00+00:00
206050744,jinan-telecom,wuhan-telecom,48.1537,0.0,icmp,1592871300,2020-06-23 00:15:00+00:00
206050947,jinan-telecom,wuhan-telecom,47.4533,0.0,icmp,1592871420,2020-06-23 00:17:00+00:00
206051184,jinan-telecom,wuhan-telecom,46.8645,0.0,icmp,1592871540,2020-06-23 00:19:00+00:00
206051415,jinan-telecom,wuhan-telecom,39.3437,0.0,icmp,1592871679,2020-06-23 00:21:19+00:00
206051634,jinan-telecom,wuhan-telecom,47.5283,0.0,icmp,1592871780,2020-06-23 00:23:00+00:00
206051864,jinan-telecom,wuhan-telecom,39.6168,0.0,icmp,1592871900,2020-06-23 00:25:00+00:00
206052075,jinan-telecom,wuhan-telecom,42.1009,0.0,icmp,1592872020,2020-06-23 00:27:00+00:00
206052304,jinan-telecom,wuhan-telecom,45.9466,0.0,icmp,1592872140,2020-06-23 00:29:00+00:00
206052537,jinan-telecom,wuhan-telecom,47.1596,0.0,icmp,1592872260,2020-06-23 00:31:00+00:00
206052765,jinan-telecom,wuhan-telecom,45.9766,0.0,icmp,1592872380,2020-06-23 00:33:00+00:00
206052997,jinan-telecom,wuhan-telecom,44.328,0.0,icmp,1592872500,2020-06-23 00:35:00+00:00
206053216,jinan-telecom,wuhan-telecom,50.4771,0.0,icmp,1592872620,2020-06-23 00:37:00+00:00
206053452,jinan-telecom,wuhan-telecom,47.2321,0.0,icmp,1592872740,2020-06-23 00:39:00+00:00
206053679,jinan-telecom,wuhan-telecom,47.1807,0.0,icmp,1592872860,2020-06-23 00:41:00+00:00
206053894,jinan-telecom,wuhan-telecom,46.9588,0.0,icmp,1592872980,2020-06-23 00:43:00+00:00
206054126,jinan-telecom,wuhan-telecom,47.6676,0.0,icmp,1592873100,2020-06-23 00:45:00+00:00
206054354,jinan-telecom,wuhan-telecom,46.7421,0.0,icmp,1592873220,2020-06-23 00:47:00+00:00
206054598,jinan-telecom,wuhan-telecom,39.352,0.0,icmp,1592873359,2020-06-23 00:49:19+00:00
206054811,jinan-telecom,wuhan-telecom,45.018,0.0,icmp,1592873460,2020-06-23 00:51:00+00:00
206055060,jinan-telecom,wuhan-telecom,44.754,0.0,icmp,1592873580,2020-06-23 00:53:00+00:00
206055262,jinan-telecom,wuhan-telecom,47.1562,0.0,icmp,1592873700,2020-06-23 00:55:00+00:00
206055488,jinan-telecom,wuhan-telecom,45.7025,0.0,icmp,1592873820,2020-06-23 00:57:00+00:00
206055715,jinan-telecom,wuhan-telecom,39.853,0.0,icmp,1592873940,2020-06-23 00:59:00+00:00
206055977,jinan-telecom,wuhan-telecom,46.2129,0.0,icmp,1592874060,2020-06-23 01:01:00+00:00
206056171,jinan-telecom,wuhan-telecom,48.9055,0.0,icmp,1592874180,2020-06-23 01:03:00+00:00
206056411,jinan-telecom,wuhan-telecom,44.9808,0.0,icmp,1592874300,2020-06-23 01:05:00+00:00
206056619,jinan-telecom,wuhan-telecom,39.4478,0.0,icmp,1592874365,2020-06-23 01:06:05+00:00
206056850,jinan-telecom,wuhan-telecom,44.6867,0.0,icmp,1592874540,2020-06-23 01:09:00+00:00
206057079,jinan-telecom,wuhan-telecom,43.6179,0.0,icmp,1592874660,2020-06-23 01:11:00+00:00
206057323,jinan-telecom,wuhan-telecom,48.5497,0.0,icmp,1592874780,2020-06-23 01:13:00+00:00
206057528,jinan-telecom,wuhan-telecom,39.4672,0.0,icmp,1592874859,2020-06-23 01:14:19+00:00
206057763,jinan-telecom,wuhan-telecom,39.3363,0.0,icmp,1592875039,2020-06-23 01:17:19+00:00
206058000,jinan-telecom,wuhan-telecom,39.5421,0.0,icmp,1592875159,2020-06-23 01:19:19+00:00
206058223,jinan-telecom,wuhan-telecom,47.1176,0.0,icmp,1592875260,2020-06-23 01:21:00+00:00
206058442,jinan-telecom,wuhan-telecom,45.9958,0.0,icmp,1592875380,2020-06-23 01:23:00+00:00
206058690,jinan-telecom,wuhan-telecom,46.6454,0.0,icmp,1592875500,2020-06-23 01:25:00+00:00
206058911,jinan-telecom,wuhan-telecom,45.285,0.0,icmp,1592875620,2020-06-23 01:27:00+00:00
206059117,jinan-telecom,wuhan-telecom,39.5958,0.0,icmp,1592875699,2020-06-23 01:28:19+00:00
206059358,jinan-telecom,wuhan-telecom,46.1537,0.0,icmp,1592875860,2020-06-23 01:31:00+00:00
206059576,jinan-telecom,wuhan-telecom,42.6154,0.0,icmp,1592875980,2020-06-23 01:33:00+00:00
206059815,jinan-telecom,wuhan-telecom,43.3585,0.0,icmp,1592876100,2020-06-23 01:35:00+00:00
206060052,jinan-telecom,wuhan-telecom,41.009,0.0,icmp,1592876220,2020-06-23 01:37:00+00:00
206060258,jinan-telecom,wuhan-telecom,47.7129,0.0,icmp,1592876340,2020-06-23 01:39:00+00:00
206060485,jinan-telecom,wuhan-telecom,45.5273,0.0,icmp,1592876460,2020-06-23 01:41:00+00:00
206060718,jinan-telecom,wuhan-telecom,39.4891,0.0,icmp,1592876599,2020-06-23 01:43:19+00:00
206060934,jinan-telecom,wuhan-telecom,48.1292,0.0,icmp,1592876700,2020-06-23 01:45:00+00:00
206061170,jinan-telecom,wuhan-telecom,50.1009,0.0,icmp,1592876820,2020-06-23 01:47:00+00:00
206061402,jinan-telecom,wuhan-telecom,39.3809,0.0,icmp,1592876899,2020-06-23 01:48:19+00:00
206061626,jinan-telecom,wuhan-telecom,39.3439,0.0,icmp,1592877079,2020-06-23 01:51:19+00:00
206061845,jinan-telecom,wuhan-telecom,45.5612,0.0,icmp,1592877180,2020-06-23 01:53:00+00:00
206062082,jinan-telecom,wuhan-telecom,39.3145,0.0,icmp,1592877259,2020-06-23 01:54:19+00:00
206062298,jinan-telecom,wuhan-telecom,48.5999,0.0,icmp,1592877420,2020-06-23 01:57:00+00:00
206062532,jinan-telecom,wuhan-telecom,41.945,0.0,icmp,1592877540,2020-06-23 01:59:00+00:00
206062746,jinan-telecom,wuhan-telecom,47.1978,0.0,icmp,1592877660,2020-06-23 02:01:00+00:00
206062992,jinan-telecom,wuhan-telecom,50.8634,0.0,icmp,1592877780,2020-06-23 02:03:00+00:00
206063210,jinan-telecom,wuhan-telecom,46.0379,0.0,icmp,1592877900,2020-06-23 02:05:00+00:00
206063441,jinan-telecom,wuhan-telecom,46.3411,0.0,icmp,1592878020,2020-06-23 02:07:00+00:00
206063664,jinan-telecom,wuhan-telecom,46.8946,0.0,icmp,1592878140,2020-06-23 02:09:00+00:00
206063896,jinan-telecom,wuhan-telecom,41.3695,0.0,icmp,1592878260,2020-06-23 02:11:00+00:00
206064120,jinan-telecom,wuhan-telecom,46.1451,0.0,icmp,1592878380,2020-06-23 02:13:00+00:00
206064362,jinan-telecom,wuhan-telecom,47.1369,0.0,icmp,1592878500,2020-06-23 02:15:00+00:00
206064570,jinan-telecom,wuhan-telecom,47.0519,0.0,icmp,1592878620,2020-06-23 02:17:00+00:00
206064810,jinan-telecom,wuhan-telecom,46.7599,0.0,icmp,1592878740,2020-06-23 02:19:00+00:00
206065031,jinan-telecom,wuhan-telecom,46.6996,0.0,icmp,1592878860,2020-06-23 02:21:00+00:00
206065250,jinan-telecom,wuhan-telecom,49.263,0.0,icmp,1592878980,2020-06-23 02:23:00+00:00
206065486,jinan-telecom,wuhan-telecom,39.332,0.0,icmp,1592879059,2020-06-23 02:24:19+00:00
206065720,jinan-telecom,wuhan-telecom,46.0843,0.0,icmp,1592879220,2020-06-23 02:27:00+00:00
206065928,jinan-telecom,wuhan-telecom,39.8621,0.0,icmp,1592879340,2020-06-23 02:29:00+00:00
206066163,jinan-telecom,wuhan-telecom,47.0786,0.0,icmp,1592879460,2020-06-23 02:31:00+00:00
206066384,jinan-telecom,wuhan-telecom,39.3666,0.0,icmp,1592879539,2020-06-23 02:32:19+00:00
206066621,jinan-telecom,wuhan-telecom,39.3659,0.0,icmp,1592879659,2020-06-23 02:34:19+00:00
206066857,jinan-telecom,wuhan-telecom,47.7459,0.0,icmp,1592879820,2020-06-23 02:37:00+00:00
206067078,jinan-telecom,wuhan-telecom,47.0595,0.0,icmp,1592879940,2020-06-23 02:39:00+00:00
206067312,jinan-telecom,wuhan-telecom,44.1155,0.0,icmp,1592880060,2020-06-23 02:41:00+00:00
206067534,jinan-telecom,wuhan-telecom,47.7867,0.0,icmp,1592880180,2020-06-23 02:43:00+00:00
206067758,jinan-telecom,wuhan-telecom,41.1914,0.0,icmp,1592880300,2020-06-23 02:45:00+00:00
206067999,jinan-telecom,wuhan-telecom,39.4286,0.0,icmp,1592880439,2020-06-23 02:47:19+00:00
206068221,jinan-telecom,wuhan-telecom,46.2297,0.0,icmp,1592880540,2020-06-23 02:49:00+00:00
206068425,jinan-telecom,wuhan-telecom,39.7022,0.0,icmp,1592880619,2020-06-23 02:50:19+00:00
206068674,jinan-telecom,wuhan-telecom,39.4593,0.0,icmp,1592880799,2020-06-23 02:53:19+00:00
206068883,jinan-telecom,wuhan-telecom,46.6875,0.0,icmp,1592880900,2020-06-23 02:55:00+00:00
206069110,jinan-telecom,wuhan-telecom,39.4551,0.0,icmp,1592881039,2020-06-23 02:57:19+00:00
206069341,jinan-telecom,wuhan-telecom,46.1908,0.0,icmp,1592881140,2020-06-23 02:59:00+00:00
206069581,jinan-telecom,wuhan-telecom,39.3781,0.0,icmp,1592881219,2020-06-23 03:00:19+00:00
206069791,jinan-telecom,wuhan-telecom,48.6866,0.0,icmp,1592881380,2020-06-23 03:03:00+00:00
206070025,jinan-telecom,wuhan-telecom,39.411,0.0,icmp,1592881459,2020-06-23 03:04:19+00:00
206070265,jinan-telecom,wuhan-telecom,46.6026,0.0,icmp,1592881620,2020-06-23 03:07:00+00:00
206070472,jinan-telecom,wuhan-telecom,49.4535,0.0,icmp,1592881740,2020-06-23 03:09:00+00:00
206070708,jinan-telecom,wuhan-telecom,39.3558,0.0,icmp,1592881879,2020-06-23 03:11:19+00:00
206070922,jinan-telecom,wuhan-telecom,45.3249,0.0,icmp,1592881980,2020-06-23 03:13:00+00:00
206071143,jinan-telecom,wuhan-telecom,39.4172,0.0,icmp,1592882119,2020-06-23 03:15:19+00:00
206071390,jinan-telecom,wuhan-telecom,43.6739,0.0,icmp,1592882220,2020-06-23 03:17:00+00:00
206071601,jinan-telecom,wuhan-telecom,47.6459,0.0,icmp,1592882340,2020-06-23 03:19:00+00:00
206071857,jinan-telecom,wuhan-telecom,43.3027,0.0,icmp,1592882460,2020-06-23 03:21:00+00:00
206072060,jinan-telecom,wuhan-telecom,45.6651,0.0,icmp,1592882580,2020-06-23 03:23:00+00:00
206072302,jinan-telecom,wuhan-telecom,43.9386,0.0,icmp,1592882700,2020-06-23 03:25:00+00:00
206072519,jinan-telecom,wuhan-telecom,39.5106,0.0,icmp,1592882839,2020-06-23 03:27:19+00:00
206072761,jinan-telecom,wuhan-telecom,46.2419,0.0,icmp,1592882940,2020-06-23 03:29:00+00:00
206072984,jinan-telecom,wuhan-telecom,49.1433,0.0,icmp,1592883060,2020-06-23 03:31:00+00:00
206073218,jinan-telecom,wuhan-telecom,48.5644,0.0,icmp,1592883180,2020-06-23 03:33:00+00:00
206073433,jinan-telecom,wuhan-telecom,48.9342,0.0,icmp,1592883300,2020-06-23 03:35:00+00:00
206073683,jinan-telecom,wuhan-telecom,49.3851,0.0,icmp,1592883420,2020-06-23 03:37:00+00:00
206073881,jinan-telecom,wuhan-telecom,44.3681,0.0,icmp,1592883540,2020-06-23 03:39:00+00:00
206074113,jinan-telecom,wuhan-telecom,39.4113,0.0,icmp,1592883679,2020-06-23 03:41:19+00:00
206074336,jinan-telecom,wuhan-telecom,44.4135,0.0,icmp,1592883780,2020-06-23 03:43:00+00:00
206074581,jinan-telecom,wuhan-telecom,45.7369,0.0,icmp,1592883900,2020-06-23 03:45:00+00:00
206074813,jinan-telecom,wuhan-telecom,47.9369,0.0,icmp,1592884020,2020-06-23 03:47:00+00:00
206075044,jinan-telecom,wuhan-telecom,45.6465,0.0,icmp,1592884140,2020-06-23 03:49:00+00:00
206075256,jinan-telecom,wuhan-telecom,48.7484,0.0,icmp,1592884260,2020-06-23 03:51:00+00:00
206075477,jinan-telecom,wuhan-telecom,45.2111,0.0,icmp,1592884380,2020-06-23 03:53:00+00:00
206075705,jinan-telecom,wuhan-telecom,39.3613,0.0,icmp,1592884519,2020-06-23 03:55:19+00:00
206075956,jinan-telecom,wuhan-telecom,47.7918,0.0,icmp,1592884620,2020-06-23 03:57:00+00:00
206076182,jinan-telecom,wuhan-telecom,43.1706,0.0,icmp,1592884740,2020-06-23 03:59:00+00:00
206076398,jinan-telecom,wuhan-telecom,45.4099,0.0,icmp,1592884860,2020-06-23 04:01:00+00:00
206076642,jinan-telecom,wuhan-telecom,45.7256,0.0,icmp,1592884980,2020-06-23 04:03:00+00:00
206076844,jinan-telecom,wuhan-telecom,41.8121,0.0,icmp,1592885100,2020-06-23 04:05:00+00:00
206077085,jinan-telecom,wuhan-telecom,42.0393,0.0,icmp,1592885220,2020-06-23 04:07:00+00:00
206077315,jinan-telecom,wuhan-telecom,47.7529,0.0,icmp,1592885340,2020-06-23 04:09:00+00:00
206077537,jinan-telecom,wuhan-telecom,39.4151,0.0,icmp,1592885410,2020-06-23 04:10:10+00:00
206077767,jinan-telecom,wuhan-telecom,45.203,0.0,icmp,1592885580,2020-06-23 04:13:00+00:00
206077991,jinan-telecom,wuhan-telecom,39.5229,0.0,icmp,1592885659,2020-06-23 04:14:19+00:00
206078218,jinan-telecom,wuhan-telecom,48.698,0.0,icmp,1592885820,2020-06-23 04:17:00+00:00
206078452,jinan-telecom,wuhan-telecom,45.2459,0.0,icmp,1592885940,2020-06-23 04:19:00+00:00
206078666,jinan-telecom,wuhan-telecom,47.4936,0.0,icmp,1592886060,2020-06-23 04:21:00+00:00
206078910,jinan-telecom,wuhan-telecom,49.6386,0.0,icmp,1592886180,2020-06-23 04:23:00+00:00
206079163,jinan-telecom,wuhan-telecom,47.7835,0.0,icmp,1592886300,2020-06-23 04:25:00+00:00
206079363,jinan-telecom,wuhan-telecom,47.8893,0.0,icmp,1592886420,2020-06-23 04:27:00+00:00
206079599,jinan-telecom,wuhan-telecom,47.1209,0.0,icmp,1592886540,2020-06-23 04:29:00+00:00
206079811,jinan-telecom,wuhan-telecom,47.0425,0.0,icmp,1592886660,2020-06-23 04:31:00+00:00
206080046,jinan-telecom,wuhan-telecom,47.2931,0.0,icmp,1592886780,2020-06-23 04:33:00+00:00
206080280,jinan-telecom,wuhan-telecom,49.1498,0.0,icmp,1592886900,2020-06-23 04:35:00+00:00
206080520,jinan-telecom,wuhan-telecom,47.5549,0.0,icmp,1592887020,2020-06-23 04:37:00+00:00
206080742,jinan-telecom,wuhan-telecom,46.2243,0.0,icmp,1592887140,2020-06-23 04:39:00+00:00
206080970,jinan-telecom,wuhan-telecom,47.9669,0.0,icmp,1592887260,2020-06-23 04:41:00+00:00
206081199,jinan-telecom,wuhan-telecom,49.6476,0.0,icmp,1592887380,2020-06-23 04:43:00+00:00
206081418,jinan-telecom,wuhan-telecom,39.3374,0.0,icmp,1592887459,2020-06-23 04:44:19+00:00
206081671,jinan-telecom,wuhan-telecom,49.2715,0.0,icmp,1592887620,2020-06-23 04:47:00+00:00
206081872,jinan-telecom,wuhan-telecom,39.3689,0.0,icmp,1592887759,2020-06-23 04:49:19+00:00
206082124,jinan-telecom,wuhan-telecom,45.985,0.0,icmp,1592887860,2020-06-23 04:51:00+00:00
206082354,jinan-telecom,wuhan-telecom,39.4283,0.0,icmp,1592887999,2020-06-23 04:53:19+00:00
206082563,jinan-telecom,wuhan-telecom,48.1316,0.0,icmp,1592888100,2020-06-23 04:55:00+00:00
206082816,jinan-telecom,wuhan-telecom,47.882,0.0,icmp,1592888220,2020-06-23 04:57:00+00:00
206083021,jinan-telecom,wuhan-telecom,39.3364,0.0,icmp,1592888299,2020-06-23 04:58:19+00:00
206083235,jinan-telecom,wuhan-telecom,41.4091,0.0,icmp,1592888404,2020-06-23 05:00:04+00:00
206083483,jinan-telecom,wuhan-telecom,46.538,0.0,icmp,1592888580,2020-06-23 05:03:00+00:00
206083716,jinan-telecom,wuhan-telecom,39.5256,0.0,icmp,1592888704,2020-06-23 05:05:04+00:00
206083976,jinan-telecom,wuhan-telecom,39.7018,0.0,icmp,1592888839,2020-06-23 05:07:19+00:00
206084187,jinan-telecom,wuhan-telecom,39.3773,0.0,icmp,1592888959,2020-06-23 05:09:19+00:00
206084426,jinan-telecom,wuhan-telecom,47.0203,0.0,icmp,1592889060,2020-06-23 05:11:00+00:00
206084625,jinan-telecom,wuhan-telecom,47.4533,0.0,icmp,1592889180,2020-06-23 05:13:00+00:00
206084856,jinan-telecom,wuhan-telecom,47.0084,0.0,icmp,1592889300,2020-06-23 05:15:00+00:00
206085090,jinan-telecom,wuhan-telecom,47.5181,0.0,icmp,1592889420,2020-06-23 05:17:00+00:00
206085331,jinan-telecom,wuhan-telecom,48.0429,0.0,icmp,1592889540,2020-06-23 05:19:00+00:00
206085551,jinan-telecom,wuhan-telecom,41.9893,0.0,icmp,1592889660,2020-06-23 05:21:00+00:00
206085768,jinan-telecom,wuhan-telecom,46.9191,0.0,icmp,1592889780,2020-06-23 05:23:00+00:00
206086004,jinan-telecom,wuhan-telecom,39.3745,0.0,icmp,1592889859,2020-06-23 05:24:19+00:00
206086240,jinan-telecom,wuhan-telecom,39.5802,0.0,icmp,1592890020,2020-06-23 05:27:00+00:00
206086467,jinan-telecom,wuhan-telecom,46.0174,0.0,icmp,1592890140,2020-06-23 05:29:00+00:00
206086702,jinan-telecom,wuhan-telecom,46.9845,0.0,icmp,1592890260,2020-06-23 05:31:00+00:00
206086918,jinan-telecom,wuhan-telecom,39.3563,0.0,icmp,1592890399,2020-06-23 05:33:19+00:00
206087163,jinan-telecom,wuhan-telecom,43.2526,0.0,icmp,1592890500,2020-06-23 05:35:00+00:00
206087370,jinan-telecom,wuhan-telecom,49.1021,0.0,icmp,1592890620,2020-06-23 05:37:00+00:00
206087608,jinan-telecom,wuhan-telecom,45.4744,0.0,icmp,1592890740,2020-06-23 05:39:00+00:00
206087829,jinan-telecom,wuhan-telecom,47.0628,0.0,icmp,1592890860,2020-06-23 05:41:00+00:00
206088054,jinan-telecom,wuhan-telecom,49.8435,0.0,icmp,1592890980,2020-06-23 05:43:00+00:00
206088319,jinan-telecom,wuhan-telecom,44.8491,0.0,icmp,1592891100,2020-06-23 05:45:00+00:00
206088502,jinan-telecom,wuhan-telecom,43.4959,0.0,icmp,1592891220,2020-06-23 05:47:00+00:00
206088742,jinan-telecom,wuhan-telecom,40.9608,0.0,icmp,1592891344,2020-06-23 05:49:04+00:00
206088972,jinan-telecom,wuhan-telecom,47.4616,0.0,icmp,1592891460,2020-06-23 05:51:00+00:00
206089212,jinan-telecom,wuhan-telecom,40.0789,0.0,icmp,1592891580,2020-06-23 05:53:00+00:00
206089425,jinan-telecom,wuhan-telecom,47.0557,0.0,icmp,1592891700,2020-06-23 05:55:00+00:00
206089656,jinan-telecom,wuhan-telecom,47.4002,0.0,icmp,1592891820,2020-06-23 05:57:00+00:00
206089903,jinan-telecom,wuhan-telecom,45.0178,0.0,icmp,1592891940,2020-06-23 05:59:00+00:00
206090116,jinan-telecom,wuhan-telecom,39.6333,0.0,icmp,1592892064,2020-06-23 06:01:04+00:00
206090380,jinan-telecom,wuhan-telecom,51.588,0.0,icmp,1592892180,2020-06-23 06:03:00+00:00
206090587,jinan-telecom,wuhan-telecom,43.5462,0.0,icmp,1592892300,2020-06-23 06:05:00+00:00
206090823,jinan-telecom,wuhan-telecom,45.7908,0.0,icmp,1592892420,2020-06-23 06:07:00+00:00
206091055,jinan-telecom,wuhan-telecom,47.5538,0.0,icmp,1592892540,2020-06-23 06:09:00+00:00
206091300,jinan-telecom,wuhan-telecom,39.402,0.0,icmp,1592892679,2020-06-23 06:11:19+00:00
206091505,jinan-telecom,wuhan-telecom,48.0346,0.0,icmp,1592892780,2020-06-23 06:13:00+00:00
206091729,jinan-telecom,wuhan-telecom,46.1304,0.0,icmp,1592892900,2020-06-23 06:15:00+00:00
206091959,jinan-telecom,wuhan-telecom,47.7838,0.0,icmp,1592893020,2020-06-23 06:17:00+00:00
206092183,jinan-telecom,wuhan-telecom,46.045,0.0,icmp,1592893140,2020-06-23 06:19:00+00:00
206092412,jinan-telecom,wuhan-telecom,39.3255,0.0,icmp,1592893219,2020-06-23 06:20:19+00:00
206092637,jinan-telecom,wuhan-telecom,42.0048,0.0,icmp,1592893380,2020-06-23 06:23:00+00:00
206092891,jinan-telecom,wuhan-telecom,39.3758,0.0,icmp,1592893519,2020-06-23 06:25:19+00:00
206093101,jinan-telecom,wuhan-telecom,41.2591,0.0,icmp,1592893620,2020-06-23 06:27:00+00:00
206093333,jinan-telecom,wuhan-telecom,45.9395,0.0,icmp,1592893740,2020-06-23 06:29:00+00:00
206093573,jinan-telecom,wuhan-telecom,46.7894,0.0,icmp,1592893860,2020-06-23 06:31:00+00:00
206093795,jinan-telecom,wuhan-telecom,39.3739,0.0,icmp,1592893939,2020-06-23 06:32:19+00:00
206094027,jinan-telecom,wuhan-telecom,44.3938,0.0,icmp,1592894100,2020-06-23 06:35:00+00:00
206094248,jinan-telecom,wuhan-telecom,44.4824,0.0,icmp,1592894220,2020-06-23 06:37:00+00:00
206094487,jinan-telecom,wuhan-telecom,39.4121,0.0,icmp,1592894359,2020-06-23 06:39:19+00:00
206094690,jinan-telecom,wuhan-telecom,45.4164,0.0,icmp,1592894460,2020-06-23 06:41:00+00:00
206094939,jinan-telecom,wuhan-telecom,46.6569,0.0,icmp,1592894580,2020-06-23 06:43:00+00:00
206095150,jinan-telecom,wuhan-telecom,48.0977,0.0,icmp,1592894700,2020-06-23 06:45:00+00:00
206095408,jinan-telecom,wuhan-telecom,45.109,0.0,icmp,1592894820,2020-06-23 06:47:00+00:00
206095639,jinan-telecom,wuhan-telecom,42.1866,0.0,icmp,1592894940,2020-06-23 06:49:00+00:00
206095884,jinan-telecom,wuhan-telecom,39.6476,0.0,icmp,1592895079,2020-06-23 06:51:19+00:00
206096088,jinan-telecom,wuhan-telecom,39.6543,0.0,icmp,1592895199,2020-06-23 06:53:19+00:00
206096300,jinan-telecom,wuhan-telecom,46.3495,0.0,icmp,1592895300,2020-06-23 06:55:00+00:00
206096531,jinan-telecom,wuhan-telecom,39.3433,0.0,icmp,1592895379,2020-06-23 06:56:19+00:00
206096775,jinan-telecom,wuhan-telecom,44.0202,0.0,icmp,1592895540,2020-06-23 06:59:00+00:00
206097001,jinan-telecom,wuhan-telecom,46.7079,0.0,icmp,1592895660,2020-06-23 07:01:00+00:00
206097220,jinan-telecom,wuhan-telecom,46.1287,0.0,icmp,1592895780,2020-06-23 07:03:00+00:00
206097444,jinan-telecom,wuhan-telecom,46.686,0.0,icmp,1592895900,2020-06-23 07:05:00+00:00
206097697,jinan-telecom,wuhan-telecom,46.5077,0.0,icmp,1592896020,2020-06-23 07:07:00+00:00
206097906,jinan-telecom,wuhan-telecom,45.0862,0.0,icmp,1592896140,2020-06-23 07:09:00+00:00
206098120,jinan-telecom,wuhan-telecom,46.8716,0.0,icmp,1592896260,2020-06-23 07:11:00+00:00
206098379,jinan-telecom,wuhan-telecom,46.123,0.0,icmp,1592896380,2020-06-23 07:13:00+00:00
206098582,jinan-telecom,wuhan-telecom,45.6679,0.0,icmp,1592896500,2020-06-23 07:15:00+00:00
206098821,jinan-telecom,wuhan-telecom,47.1836,0.0,icmp,1592896620,2020-06-23 07:17:00+00:00
206099029,jinan-telecom,wuhan-telecom,46.92,0.0,icmp,1592896740,2020-06-23 07:19:00+00:00
206099298,jinan-telecom,wuhan-telecom,45.8829,0.0,icmp,1592896860,2020-06-23 07:21:00+00:00
206099519,jinan-telecom,wuhan-telecom,45.5507,0.0,icmp,1592896980,2020-06-23 07:23:00+00:00
206099740,jinan-telecom,wuhan-telecom,46.4143,0.0,icmp,1592897100,2020-06-23 07:25:00+00:00
206099985,jinan-telecom,wuhan-telecom,47.7544,0.0,icmp,1592897220,2020-06-23 07:27:00+00:00
206100203,jinan-telecom,wuhan-telecom,44.5811,0.0,icmp,1592897340,2020-06-23 07:29:00+00:00
206100461,jinan-telecom,wuhan-telecom,48.0233,0.0,icmp,1592897460,2020-06-23 07:31:00+00:00
206100647,jinan-telecom,wuhan-telecom,39.388,0.0,icmp,1592897539,2020-06-23 07:32:19+00:00
206100903,jinan-telecom,wuhan-telecom,48.6993,0.0,icmp,1592897700,2020-06-23 07:35:00+00:00
206101149,jinan-telecom,wuhan-telecom,42.0252,0.0,icmp,1592897820,2020-06-23 07:37:00+00:00
206101354,jinan-telecom,wuhan-telecom,39.369,0.0,icmp,1592897899,2020-06-23 07:38:19+00:00
206101570,jinan-telecom,wuhan-telecom,46.224,0.0,icmp,1592898060,2020-06-23 07:41:00+00:00
206101808,jinan-telecom,wuhan-telecom,47.5611,0.0,icmp,1592898180,2020-06-23 07:43:00+00:00
206102036,jinan-telecom,wuhan-telecom,39.3701,0.0,icmp,1592898319,2020-06-23 07:45:19+00:00
206102251,jinan-telecom,wuhan-telecom,46.4384,0.0,icmp,1592898420,2020-06-23 07:47:00+00:00
206102501,jinan-telecom,wuhan-telecom,45.4071,0.0,icmp,1592898540,2020-06-23 07:49:00+00:00
206102712,jinan-telecom,wuhan-telecom,51.9536,0.0,icmp,1592898660,2020-06-23 07:51:00+00:00
206102951,jinan-telecom,wuhan-telecom,46.9585,0.0,icmp,1592898780,2020-06-23 07:53:00+00:00
206103176,jinan-telecom,wuhan-telecom,46.1573,0.0,icmp,1592898900,2020-06-23 07:55:00+00:00
206103399,jinan-telecom,wuhan-telecom,45.121,0.0,icmp,1592899020,2020-06-23 07:57:00+00:00
206103645,jinan-telecom,wuhan-telecom,47.3781,0.0,icmp,1592899140,2020-06-23 07:59:00+00:00
206103873,jinan-telecom,wuhan-telecom,50.4087,0.0,icmp,1592899260,2020-06-23 08:01:00+00:00
206104095,jinan-telecom,wuhan-telecom,47.5846,0.0,icmp,1592899380,2020-06-23 08:03:00+00:00
206104326,jinan-telecom,wuhan-telecom,39.4264,0.0,icmp,1592899459,2020-06-23 08:04:19+00:00
206104567,jinan-telecom,wuhan-telecom,39.4656,0.0,icmp,1592899624,2020-06-23 08:07:04+00:00
206104792,jinan-telecom,wuhan-telecom,45.82,0.0,icmp,1592899740,2020-06-23 08:09:00+00:00
206105015,jinan-telecom,wuhan-telecom,48.9731,0.0,icmp,1592899860,2020-06-23 08:11:00+00:00
206105226,jinan-telecom,wuhan-telecom,46.8399,0.0,icmp,1592899980,2020-06-23 08:13:00+00:00
206105468,jinan-telecom,wuhan-telecom,45.998,0.0,icmp,1592900100,2020-06-23 08:15:00+00:00
206105702,jinan-telecom,wuhan-telecom,42.8695,0.0,icmp,1592900220,2020-06-23 08:17:00+00:00
206105936,jinan-telecom,wuhan-telecom,48.8448,0.0,icmp,1592900340,2020-06-23 08:19:00+00:00
206106158,jinan-telecom,wuhan-telecom,39.3558,0.0,icmp,1592900419,2020-06-23 08:20:19+00:00
206106383,jinan-telecom,wuhan-telecom,45.2579,0.0,icmp,1592900580,2020-06-23 08:23:00+00:00
206106620,jinan-telecom,wuhan-telecom,47.4223,0.0,icmp,1592900700,2020-06-23 08:25:00+00:00
206106850,jinan-telecom,wuhan-telecom,46.4355,0.0,icmp,1592900820,2020-06-23 08:27:00+00:00
206107086,jinan-telecom,wuhan-telecom,47.3972,0.0,icmp,1592900940,2020-06-23 08:29:00+00:00
206107310,jinan-telecom,wuhan-telecom,44.389,0.0,icmp,1592901060,2020-06-23 08:31:00+00:00
206107532,jinan-telecom,wuhan-telecom,46.2963,0.0,icmp,1592901180,2020-06-23 08:33:00+00:00
206107757,jinan-telecom,wuhan-telecom,39.3639,0.0,icmp,1592901259,2020-06-23 08:34:19+00:00
206107994,jinan-telecom,wuhan-telecom,43.1731,0.0,icmp,1592901420,2020-06-23 08:37:00+00:00
206108219,jinan-telecom,wuhan-telecom,39.3358,0.0,icmp,1592901499,2020-06-23 08:38:19+00:00
206108434,jinan-telecom,wuhan-telecom,42.179,0.0,icmp,1592901604,2020-06-23 08:40:04+00:00
206108667,jinan-telecom,wuhan-telecom,46.4417,0.0,icmp,1592901780,2020-06-23 08:43:00+00:00
206108906,jinan-telecom,wuhan-telecom,47.311,0.0,icmp,1592901900,2020-06-23 08:45:00+00:00
206109142,jinan-telecom,wuhan-telecom,47.2169,0.0,icmp,1592902020,2020-06-23 08:47:00+00:00
206109367,jinan-telecom,wuhan-telecom,39.7577,0.0,icmp,1592902140,2020-06-23 08:49:00+00:00
206109579,jinan-telecom,wuhan-telecom,39.391,0.0,icmp,1592902210,2020-06-23 08:50:10+00:00
206109823,jinan-telecom,wuhan-telecom,45.9791,0.0,icmp,1592902380,2020-06-23 08:53:00+00:00
206110049,jinan-telecom,wuhan-telecom,39.4022,0.0,icmp,1592902459,2020-06-23 08:54:19+00:00
206110263,jinan-telecom,wuhan-telecom,45.3522,0.0,icmp,1592902620,2020-06-23 08:57:00+00:00
206110502,jinan-telecom,wuhan-telecom,39.4468,0.0,icmp,1592902759,2020-06-23 08:59:19+00:00
206110728,jinan-telecom,wuhan-telecom,39.5715,0.0,icmp,1592902879,2020-06-23 09:01:19+00:00
206110978,jinan-telecom,wuhan-telecom,46.9523,0.0,icmp,1592902980,2020-06-23 09:03:00+00:00
206111195,jinan-telecom,wuhan-telecom,46.002,0.0,icmp,1592903100,2020-06-23 09:05:00+00:00
206111420,jinan-telecom,wuhan-telecom,45.5613,0.0,icmp,1592903220,2020-06-23 09:07:00+00:00
206111654,jinan-telecom,wuhan-telecom,48.459,0.0,icmp,1592903340,2020-06-23 09:09:00+00:00
206111874,jinan-telecom,wuhan-telecom,39.7718,0.0,icmp,1592903479,2020-06-23 09:11:19+00:00
206112125,jinan-telecom,wuhan-telecom,46.1797,0.0,icmp,1592903580,2020-06-23 09:13:00+00:00
206112332,jinan-telecom,wuhan-telecom,47.88,0.0,icmp,1592903700,2020-06-23 09:15:00+00:00
206112583,jinan-telecom,wuhan-telecom,47.7687,0.0,icmp,1592903820,2020-06-23 09:17:00+00:00
206112795,jinan-telecom,wuhan-telecom,45.4234,0.0,icmp,1592903940,2020-06-23 09:19:00+00:00
206113030,jinan-telecom,wuhan-telecom,47.0784,0.0,icmp,1592904060,2020-06-23 09:21:00+00:00
206113242,jinan-telecom,wuhan-telecom,48.0117,0.0,icmp,1592904180,2020-06-23 09:23:00+00:00
206113487,jinan-telecom,wuhan-telecom,45.8092,0.0,icmp,1592904300,2020-06-23 09:25:00+00:00
206113713,jinan-telecom,wuhan-telecom,45.0622,0.0,icmp,1592904420,2020-06-23 09:27:00+00:00
206113970,jinan-telecom,wuhan-telecom,39.3818,0.0,icmp,1592904499,2020-06-23 09:28:19+00:00
206114166,jinan-telecom,wuhan-telecom,47.0002,0.0,icmp,1592904660,2020-06-23 09:31:00+00:00
206114390,jinan-telecom,wuhan-telecom,39.4534,0.0,icmp,1592904724,2020-06-23 09:32:04+00:00
206114640,jinan-telecom,wuhan-telecom,46.0116,0.0,icmp,1592904900,2020-06-23 09:35:00+00:00
206114870,jinan-telecom,wuhan-telecom,41.3288,0.0,icmp,1592905020,2020-06-23 09:37:00+00:00
206115085,jinan-telecom,wuhan-telecom,39.3621,0.0,icmp,1592905099,2020-06-23 09:38:19+00:00
206115329,jinan-telecom,wuhan-telecom,46.6849,0.0,icmp,1592905260,2020-06-23 09:41:00+00:00
206115560,jinan-telecom,wuhan-telecom,39.4401,0.0,icmp,1592905339,2020-06-23 09:42:19+00:00
206115774,jinan-telecom,wuhan-telecom,47.8333,0.0,icmp,1592905500,2020-06-23 09:45:00+00:00
206115995,jinan-telecom,wuhan-telecom,42.7258,0.0,icmp,1592905620,2020-06-23 09:47:00+00:00
206116243,jinan-telecom,wuhan-telecom,39.3746,0.0,icmp,1592905699,2020-06-23 09:48:19+00:00
206116461,jinan-telecom,wuhan-telecom,39.3691,0.0,icmp,1592905879,2020-06-23 09:51:19+00:00
206116688,jinan-telecom,wuhan-telecom,41.3595,0.0,icmp,1592905980,2020-06-23 09:53:00+00:00
206116920,jinan-telecom,wuhan-telecom,39.3701,0.0,icmp,1592906059,2020-06-23 09:54:19+00:00
206117128,jinan-telecom,wuhan-telecom,47.7253,0.0,icmp,1592906220,2020-06-23 09:57:00+00:00
206117375,jinan-telecom,wuhan-telecom,49.5109,0.0,icmp,1592906340,2020-06-23 09:59:00+00:00
206117620,jinan-telecom,wuhan-telecom,39.7065,0.0,icmp,1592906479,2020-06-23 10:01:19+00:00
206117839,jinan-telecom,wuhan-telecom,46.343,0.0,icmp,1592906580,2020-06-23 10:03:00+00:00
206118073,jinan-telecom,wuhan-telecom,39.3561,0.0,icmp,1592906719,2020-06-23 10:05:19+00:00
206118308,jinan-telecom,wuhan-telecom,45.5428,0.0,icmp,1592906820,2020-06-23 10:07:00+00:00
206118510,jinan-telecom,wuhan-telecom,40.5676,0.0,icmp,1592906940,2020-06-23 10:09:00+00:00
206118765,jinan-telecom,wuhan-telecom,39.3741,0.0,icmp,1592907019,2020-06-23 10:10:19+00:00
206118979,jinan-telecom,wuhan-telecom,46.0818,0.0,icmp,1592907180,2020-06-23 10:13:00+00:00
206119204,jinan-telecom,wuhan-telecom,39.3503,0.0,icmp,1592907259,2020-06-23 10:14:19+00:00
206119443,jinan-telecom,wuhan-telecom,45.346,0.0,icmp,1592907420,2020-06-23 10:17:00+00:00
206119664,jinan-telecom,wuhan-telecom,47.0514,0.0,icmp,1592907540,2020-06-23 10:19:00+00:00
206119918,jinan-telecom,wuhan-telecom,39.6449,0.0,icmp,1592907679,2020-06-23 10:21:19+00:00
206120131,jinan-telecom,wuhan-telecom,46.0521,0.0,icmp,1592907780,2020-06-23 10:23:00+00:00
206120348,jinan-telecom,wuhan-telecom,40.1474,0.0,icmp,1592907900,2020-06-23 10:25:00+00:00
206120581,jinan-telecom,wuhan-telecom,48.2306,0.0,icmp,1592908020,2020-06-23 10:27:00+00:00
206120814,jinan-telecom,wuhan-telecom,47.8367,0.0,icmp,1592908140,2020-06-23 10:29:00+00:00
206121036,jinan-telecom,wuhan-telecom,48.9945,0.0,icmp,1592908260,2020-06-23 10:31:00+00:00
206121264,jinan-telecom,wuhan-telecom,46.9033,0.0,icmp,1592908380,2020-06-23 10:33:00+00:00
206121514,jinan-telecom,wuhan-telecom,44.3548,0.0,icmp,1592908500,2020-06-23 10:35:00+00:00
206121740,jinan-telecom,wuhan-telecom,39.4174,0.0,icmp,1592908579,2020-06-23 10:36:19+00:00
206121942,jinan-telecom,wuhan-telecom,40.1238,0.0,icmp,1592908744,2020-06-23 10:39:04+00:00
206122191,jinan-telecom,wuhan-telecom,51.0133,0.0,icmp,1592908860,2020-06-23 10:41:00+00:00
206122401,jinan-telecom,wuhan-telecom,46.4941,0.0,icmp,1592908980,2020-06-23 10:43:00+00:00
206122624,jinan-telecom,wuhan-telecom,46.8214,0.0,icmp,1592909100,2020-06-23 10:45:00+00:00
206122865,jinan-telecom,wuhan-telecom,39.3566,0.0,icmp,1592909179,2020-06-23 10:46:19+00:00
206123114,jinan-telecom,wuhan-telecom,47.3406,0.0,icmp,1592909340,2020-06-23 10:49:00+00:00
206123358,jinan-telecom,wuhan-telecom,39.3231,0.0,icmp,1592909479,2020-06-23 10:51:19+00:00
206123564,jinan-telecom,wuhan-telecom,50.238,0.0,icmp,1592909580,2020-06-23 10:53:00+00:00
206123808,jinan-telecom,wuhan-telecom,39.379,0.0,icmp,1592909659,2020-06-23 10:54:19+00:00
206124003,jinan-telecom,wuhan-telecom,47.637,0.0,icmp,1592909820,2020-06-23 10:57:00+00:00
206124244,jinan-telecom,wuhan-telecom,39.3795,0.0,icmp,1592909959,2020-06-23 10:59:19+00:00
206124488,jinan-telecom,wuhan-telecom,46.1818,0.0,icmp,1592910060,2020-06-23 11:01:00+00:00
206124722,jinan-telecom,wuhan-telecom,39.3791,0.0,icmp,1592910139,2020-06-23 11:02:19+00:00
206124927,jinan-telecom,wuhan-telecom,45.5485,0.0,icmp,1592910300,2020-06-23 11:05:00+00:00
206125191,jinan-telecom,wuhan-telecom,46.8743,0.0,icmp,1592910420,2020-06-23 11:07:00+00:00
206125406,jinan-telecom,wuhan-telecom,46.6876,0.0,icmp,1592910540,2020-06-23 11:09:00+00:00
206125631,jinan-telecom,wuhan-telecom,39.3474,0.0,icmp,1592910619,2020-06-23 11:10:19+00:00
206125861,jinan-telecom,wuhan-telecom,47.2326,0.0,icmp,1592910780,2020-06-23 11:13:00+00:00
206126073,jinan-telecom,wuhan-telecom,47.1077,0.0,icmp,1592910900,2020-06-23 11:15:00+00:00
206126301,jinan-telecom,wuhan-telecom,39.4826,0.0,icmp,1592911039,2020-06-23 11:17:19+00:00
206126548,jinan-telecom,wuhan-telecom,39.4299,0.0,icmp,1592911159,2020-06-23 11:19:19+00:00
206126784,jinan-telecom,wuhan-telecom,48.3303,0.0,icmp,1592911260,2020-06-23 11:21:00+00:00
206127005,jinan-telecom,wuhan-telecom,39.5019,0.0,icmp,1592911339,2020-06-23 11:22:19+00:00
206127232,jinan-telecom,wuhan-telecom,46.6355,0.0,icmp,1592911500,2020-06-23 11:25:00+00:00
206127439,jinan-telecom,wuhan-telecom,48.4764,0.0,icmp,1592911620,2020-06-23 11:27:00+00:00
206127684,jinan-telecom,wuhan-telecom,46.2753,0.0,icmp,1592911740,2020-06-23 11:29:00+00:00
206127924,jinan-telecom,wuhan-telecom,47.1299,0.0,icmp,1592911860,2020-06-23 11:31:00+00:00
206128155,jinan-telecom,wuhan-telecom,47.6126,0.0,icmp,1592911980,2020-06-23 11:33:00+00:00
206128381,jinan-telecom,wuhan-telecom,44.1238,0.0,icmp,1592912100,2020-06-23 11:35:00+00:00
206128587,jinan-telecom,wuhan-telecom,45.5944,0.0,icmp,1592912220,2020-06-23 11:37:00+00:00
206128832,jinan-telecom,wuhan-telecom,39.413,0.0,icmp,1592912299,2020-06-23 11:38:19+00:00
206129041,jinan-telecom,wuhan-telecom,44.7219,0.0,icmp,1592912460,2020-06-23 11:41:00+00:00
206129279,jinan-telecom,wuhan-telecom,39.8317,0.0,icmp,1592912599,2020-06-23 11:43:19+00:00
206129529,jinan-telecom,wuhan-telecom,41.5545,0.0,icmp,1592912700,2020-06-23 11:45:00+00:00
206129737,jinan-telecom,wuhan-telecom,39.396,0.0,icmp,1592912779,2020-06-23 11:46:19+00:00
206129961,jinan-telecom,wuhan-telecom,45.4666,0.0,icmp,1592912940,2020-06-23 11:49:00+00:00
206130196,jinan-telecom,wuhan-telecom,39.3385,0.0,icmp,1592913019,2020-06-23 11:50:19+00:00
206130419,jinan-telecom,wuhan-telecom,39.5896,0.0,icmp,1592913199,2020-06-23 11:53:19+00:00
206130655,jinan-telecom,wuhan-telecom,39.6665,0.0,icmp,1592913319,2020-06-23 11:55:19+00:00
206130908,jinan-telecom,wuhan-telecom,45.6753,0.0,icmp,1592913420,2020-06-23 11:57:00+00:00
206131129,jinan-telecom,wuhan-telecom,44.6999,0.0,icmp,1592913540,2020-06-23 11:59:00+00:00
206131335,jinan-telecom,wuhan-telecom,39.4912,0.0,icmp,1592913679,2020-06-23 12:01:19+00:00
206131569,jinan-telecom,wuhan-telecom,43.3228,0.0,icmp,1592913780,2020-06-23 12:03:00+00:00
206131802,jinan-telecom,wuhan-telecom,47.7906,0.0,icmp,1592913900,2020-06-23 12:05:00+00:00
206132018,jinan-telecom,wuhan-telecom,43.2032,0.0,icmp,1592914020,2020-06-23 12:07:00+00:00
206132281,jinan-telecom,wuhan-telecom,48.087,0.0,icmp,1592914140,2020-06-23 12:09:00+00:00
206132496,jinan-telecom,wuhan-telecom,39.3131,0.0,icmp,1592914279,2020-06-23 12:11:19+00:00
206132697,jinan-telecom,wuhan-telecom,50.2556,0.0,icmp,1592914380,2020-06-23 12:13:00+00:00
206132955,jinan-telecom,wuhan-telecom,39.8321,0.0,icmp,1592914519,2020-06-23 12:15:19+00:00
206133164,jinan-telecom,wuhan-telecom,39.6749,0.0,icmp,1592914639,2020-06-23 12:17:19+00:00
206133423,jinan-telecom,wuhan-telecom,41.213,0.0,icmp,1592914740,2020-06-23 12:19:00+00:00
206133622,jinan-telecom,wuhan-telecom,39.3719,0.0,icmp,1592914819,2020-06-23 12:20:19+00:00
206133849,jinan-telecom,wuhan-telecom,47.4043,0.0,icmp,1592914980,2020-06-23 12:23:00+00:00
206134083,jinan-telecom,wuhan-telecom,41.1585,0.0,icmp,1592915100,2020-06-23 12:25:00+00:00
206134323,jinan-telecom,wuhan-telecom,39.4063,0.0,icmp,1592915239,2020-06-23 12:27:19+00:00
206134565,jinan-telecom,wuhan-telecom,46.2183,0.0,icmp,1592915340,2020-06-23 12:29:00+00:00
206134777,jinan-telecom,wuhan-telecom,46.0416,0.0,icmp,1592915460,2020-06-23 12:31:00+00:00
206135003,jinan-telecom,wuhan-telecom,39.357,0.0,icmp,1592915539,2020-06-23 12:32:19+00:00
206135229,jinan-telecom,wuhan-telecom,43.276,0.0,icmp,1592915700,2020-06-23 12:35:00+00:00
206135485,jinan-telecom,wuhan-telecom,46.6436,0.0,icmp,1592915820,2020-06-23 12:37:00+00:00
206135702,jinan-telecom,wuhan-telecom,39.344,0.0,icmp,1592915899,2020-06-23 12:38:19+00:00
206135909,jinan-telecom,wuhan-telecom,39.3675,0.0,icmp,1592916019,2020-06-23 12:40:19+00:00
206136148,jinan-telecom,wuhan-telecom,39.4122,0.0,icmp,1592916130,2020-06-23 12:42:10+00:00
206136395,jinan-telecom,wuhan-telecom,47.1971,0.0,icmp,1592916300,2020-06-23 12:45:00+00:00
206136606,jinan-telecom,wuhan-telecom,39.6837,0.0,icmp,1592916379,2020-06-23 12:46:19+00:00
206136845,jinan-telecom,wuhan-telecom,47.6302,0.0,icmp,1592916540,2020-06-23 12:49:00+00:00
206137053,jinan-telecom,wuhan-telecom,49.14,0.0,icmp,1592916660,2020-06-23 12:51:00+00:00
206137344,jinan-telecom,wuhan-telecom,49.0637,0.0,icmp,1592916780,2020-06-23 12:53:00+00:00
206137526,jinan-telecom,wuhan-telecom,44.9153,0.0,icmp,1592916900,2020-06-23 12:55:00+00:00
206137757,jinan-telecom,wuhan-telecom,46.0921,0.0,icmp,1592917020,2020-06-23 12:57:00+00:00
206138001,jinan-telecom,wuhan-telecom,39.3587,0.0,icmp,1592917159,2020-06-23 12:59:19+00:00
206138208,jinan-telecom,wuhan-telecom,46.3264,0.0,icmp,1592917260,2020-06-23 13:01:00+00:00
206138433,jinan-telecom,wuhan-telecom,51.8071,0.0,icmp,1592917380,2020-06-23 13:03:00+00:00
206138678,jinan-telecom,wuhan-telecom,44.7717,0.0,icmp,1592917500,2020-06-23 13:05:00+00:00
206138849,jinan-telecom,wuhan-telecom,45.2789,0.0,icmp,1592917620,2020-06-23 13:07:00+00:00
206139118,jinan-telecom,wuhan-telecom,39.8679,0.0,icmp,1592917740,2020-06-23 13:09:00+00:00
206139356,jinan-telecom,wuhan-telecom,46.8364,0.0,icmp,1592917860,2020-06-23 13:11:00+00:00
206139580,jinan-telecom,wuhan-telecom,39.7797,0.0,icmp,1592917999,2020-06-23 13:13:19+00:00
206139832,jinan-telecom,wuhan-telecom,43.4973,0.0,icmp,1592918100,2020-06-23 13:15:00+00:00
206140053,jinan-telecom,wuhan-telecom,47.3954,0.0,icmp,1592918220,2020-06-23 13:17:00+00:00
206140268,jinan-telecom,wuhan-telecom,51.8525,0.0,icmp,1592918340,2020-06-23 13:19:00+00:00
206140512,jinan-telecom,wuhan-telecom,39.3778,0.0,icmp,1592918419,2020-06-23 13:20:19+00:00
206140740,jinan-telecom,wuhan-telecom,47.4646,0.0,icmp,1592918580,2020-06-23 13:23:00+00:00
206140959,jinan-telecom,wuhan-telecom,44.7768,0.0,icmp,1592918700,2020-06-23 13:25:00+00:00
206141197,jinan-telecom,wuhan-telecom,47.1068,0.0,icmp,1592918820,2020-06-23 13:27:00+00:00
206141418,jinan-telecom,wuhan-telecom,39.3542,0.0,icmp,1592918899,2020-06-23 13:28:19+00:00
206141644,jinan-telecom,wuhan-telecom,45.605,0.0,icmp,1592919060,2020-06-23 13:31:00+00:00
206141869,jinan-telecom,wuhan-telecom,39.5031,0.0,icmp,1592919199,2020-06-23 13:33:19+00:00
206142105,jinan-telecom,wuhan-telecom,44.5395,0.0,icmp,1592919300,2020-06-23 13:35:00+00:00
206142340,jinan-telecom,wuhan-telecom,39.6714,0.0,icmp,1592919420,2020-06-23 13:37:00+00:00
206142574,jinan-telecom,wuhan-telecom,46.2895,0.0,icmp,1592919540,2020-06-23 13:39:00+00:00
206142795,jinan-telecom,wuhan-telecom,48.8312,0.0,icmp,1592919660,2020-06-23 13:41:00+00:00
206143030,jinan-telecom,wuhan-telecom,50.9994,0.0,icmp,1592919780,2020-06-23 13:43:00+00:00
206143256,jinan-telecom,wuhan-telecom,46.1794,0.0,icmp,1592919900,2020-06-23 13:45:00+00:00
206143470,jinan-telecom,wuhan-telecom,47.4778,0.0,icmp,1592920020,2020-06-23 13:47:00+00:00
206143714,jinan-telecom,wuhan-telecom,49.12,0.0,icmp,1592920140,2020-06-23 13:49:00+00:00
206143940,jinan-telecom,wuhan-telecom,50.4125,0.0,icmp,1592920260,2020-06-23 13:51:00+00:00
206144174,jinan-telecom,wuhan-telecom,44.6122,0.0,icmp,1592920380,2020-06-23 13:53:00+00:00
206144405,jinan-telecom,wuhan-telecom,47.4012,0.0,icmp,1592920500,2020-06-23 13:55:00+00:00
206144626,jinan-telecom,wuhan-telecom,48.383,0.0,icmp,1592920620,2020-06-23 13:57:00+00:00
206144846,jinan-telecom,wuhan-telecom,43.8124,0.0,icmp,1592920740,2020-06-23 13:59:00+00:00
208375279,jinan-telecom,wuhan-telecom,48.3543,0.0,icmp,1592610480,2020-06-19 23:48:00+00:00
208375525,jinan-telecom,wuhan-telecom,39.3456,0.0,icmp,1592610619,2020-06-19 23:50:19+00:00
208375734,jinan-telecom,wuhan-telecom,45.5383,0.0,icmp,1592610720,2020-06-19 23:52:00+00:00
208375951,jinan-telecom,wuhan-telecom,39.3663,0.0,icmp,1592610799,2020-06-19 23:53:19+00:00
208376185,jinan-telecom,wuhan-telecom,47.4172,0.0,icmp,1592610960,2020-06-19 23:56:00+00:00
208376417,jinan-telecom,wuhan-telecom,39.3363,0.0,icmp,1592611039,2020-06-19 23:57:19+00:00
208376662,jinan-telecom,wuhan-telecom,39.5827,0.0,icmp,1592611145,2020-06-19 23:59:05+00:00
208376879,jinan-telecom,wuhan-telecom,47.7963,0.0,icmp,1592611320,2020-06-20 00:02:00+00:00
208377098,jinan-telecom,wuhan-telecom,39.3361,0.0,icmp,1592611459,2020-06-20 00:04:19+00:00
208377338,jinan-telecom,wuhan-telecom,47.658,0.0,icmp,1592611560,2020-06-20 00:06:00+00:00
208377550,jinan-telecom,wuhan-telecom,44.8361,0.0,icmp,1592611680,2020-06-20 00:08:00+00:00
208377789,jinan-telecom,wuhan-telecom,39.3606,0.0,icmp,1592611819,2020-06-20 00:10:19+00:00
208378009,jinan-telecom,wuhan-telecom,48.6055,0.0,icmp,1592611920,2020-06-20 00:12:00+00:00
208378233,jinan-telecom,wuhan-telecom,45.4426,0.0,icmp,1592612040,2020-06-20 00:14:00+00:00
208378459,jinan-telecom,wuhan-telecom,45.2636,0.0,icmp,1592612160,2020-06-20 00:16:00+00:00
208378688,jinan-telecom,wuhan-telecom,47.2538,0.0,icmp,1592612280,2020-06-20 00:18:00+00:00
208378924,jinan-telecom,wuhan-telecom,47.5039,0.0,icmp,1592612400,2020-06-20 00:20:00+00:00
208379189,jinan-telecom,wuhan-telecom,47.6812,0.0,icmp,1592612520,2020-06-20 00:22:00+00:00
208379374,jinan-telecom,wuhan-telecom,39.42,0.0,icmp,1592612644,2020-06-20 00:24:04+00:00
208379602,jinan-telecom,wuhan-telecom,42.9201,0.0,icmp,1592612760,2020-06-20 00:26:00+00:00
208379851,jinan-telecom,wuhan-telecom,45.7213,0.0,icmp,1592612880,2020-06-20 00:28:00+00:00
208380054,jinan-telecom,wuhan-telecom,46.2138,0.0,icmp,1592613000,2020-06-20 00:30:00+00:00
208380281,jinan-telecom,wuhan-telecom,39.5028,0.0,icmp,1592613079,2020-06-20 00:31:19+00:00
208380538,jinan-telecom,wuhan-telecom,39.676,0.0,icmp,1592613199,2020-06-20 00:33:19+00:00
208380759,jinan-telecom,wuhan-telecom,45.4569,0.0,icmp,1592613360,2020-06-20 00:36:00+00:00
208380997,jinan-telecom,wuhan-telecom,47.9247,0.0,icmp,1592613480,2020-06-20 00:38:00+00:00
208381201,jinan-telecom,wuhan-telecom,48.4361,0.0,icmp,1592613600,2020-06-20 00:40:00+00:00
208381425,jinan-telecom,wuhan-telecom,39.4065,0.0,icmp,1592613679,2020-06-20 00:41:19+00:00
208381664,jinan-telecom,wuhan-telecom,46.8506,0.0,icmp,1592613840,2020-06-20 00:44:00+00:00
208381901,jinan-telecom,wuhan-telecom,46.0592,0.0,icmp,1592613960,2020-06-20 00:46:00+00:00
208382132,jinan-telecom,wuhan-telecom,47.9888,0.0,icmp,1592614080,2020-06-20 00:48:00+00:00
208382341,jinan-telecom,wuhan-telecom,39.5332,0.0,icmp,1592614200,2020-06-20 00:50:00+00:00
208382573,jinan-telecom,wuhan-telecom,46.7887,0.0,icmp,1592614320,2020-06-20 00:52:00+00:00
208382808,jinan-telecom,wuhan-telecom,48.1024,0.0,icmp,1592614440,2020-06-20 00:54:00+00:00
208383024,jinan-telecom,wuhan-telecom,44.3277,0.0,icmp,1592614560,2020-06-20 00:56:00+00:00
208383256,jinan-telecom,wuhan-telecom,47.8533,0.0,icmp,1592614680,2020-06-20 00:58:00+00:00
208383503,jinan-telecom,wuhan-telecom,46.8872,0.0,icmp,1592614800,2020-06-20 01:00:00+00:00
208383721,jinan-telecom,wuhan-telecom,49.3614,0.0,icmp,1592614920,2020-06-20 01:02:00+00:00
208383932,jinan-telecom,wuhan-telecom,47.9436,0.0,icmp,1592615040,2020-06-20 01:04:00+00:00
208384182,jinan-telecom,wuhan-telecom,41.1113,0.0,icmp,1592615160,2020-06-20 01:06:00+00:00
208384393,jinan-telecom,wuhan-telecom,39.3478,0.0,icmp,1592615299,2020-06-20 01:08:19+00:00
208384613,jinan-telecom,wuhan-telecom,48.3067,0.0,icmp,1592615400,2020-06-20 01:10:00+00:00
208384842,jinan-telecom,wuhan-telecom,48.0223,0.0,icmp,1592615520,2020-06-20 01:12:00+00:00
208385087,jinan-telecom,wuhan-telecom,39.4192,0.0,icmp,1592615659,2020-06-20 01:14:19+00:00
208385315,jinan-telecom,wuhan-telecom,48.298,0.0,icmp,1592615760,2020-06-20 01:16:00+00:00
208385542,jinan-telecom,wuhan-telecom,48.9792,0.0,icmp,1592615880,2020-06-20 01:18:00+00:00
208385763,jinan-telecom,wuhan-telecom,47.8024,0.0,icmp,1592616000,2020-06-20 01:20:00+00:00
208386037,jinan-telecom,wuhan-telecom,39.3557,0.0,icmp,1592616079,2020-06-20 01:21:19+00:00
208386241,jinan-telecom,wuhan-telecom,39.3206,0.0,icmp,1592616199,2020-06-20 01:23:19+00:00
208386464,jinan-telecom,wuhan-telecom,47.3231,0.0,icmp,1592616360,2020-06-20 01:26:00+00:00
208386687,jinan-telecom,wuhan-telecom,47.5313,0.0,icmp,1592616480,2020-06-20 01:28:00+00:00
208386918,jinan-telecom,wuhan-telecom,42.6062,0.0,icmp,1592616600,2020-06-20 01:30:00+00:00
208387150,jinan-telecom,wuhan-telecom,46.8312,0.0,icmp,1592616720,2020-06-20 01:32:00+00:00
208387355,jinan-telecom,wuhan-telecom,39.5632,0.0,icmp,1592616799,2020-06-20 01:33:19+00:00
208387584,jinan-telecom,wuhan-telecom,47.6636,0.0,icmp,1592616960,2020-06-20 01:36:00+00:00
208387816,jinan-telecom,wuhan-telecom,49.7262,0.0,icmp,1592617080,2020-06-20 01:38:00+00:00
208388075,jinan-telecom,wuhan-telecom,39.3078,0.0,icmp,1592617219,2020-06-20 01:40:19+00:00
208388291,jinan-telecom,wuhan-telecom,48.7271,0.0,icmp,1592617320,2020-06-20 01:42:00+00:00
208388517,jinan-telecom,wuhan-telecom,49.2676,0.0,icmp,1592617440,2020-06-20 01:44:00+00:00
208388723,jinan-telecom,wuhan-telecom,49.1111,0.0,icmp,1592617560,2020-06-20 01:46:00+00:00
208388965,jinan-telecom,wuhan-telecom,46.8421,0.0,icmp,1592617680,2020-06-20 01:48:00+00:00
208389192,jinan-telecom,wuhan-telecom,39.338,0.0,icmp,1592617759,2020-06-20 01:49:19+00:00
208389408,jinan-telecom,wuhan-telecom,46.3082,0.0,icmp,1592617920,2020-06-20 01:52:00+00:00
208389638,jinan-telecom,wuhan-telecom,39.685,0.0,icmp,1592618059,2020-06-20 01:54:19+00:00
208389868,jinan-telecom,wuhan-telecom,42.4686,0.0,icmp,1592618160,2020-06-20 01:56:00+00:00
208390094,jinan-telecom,wuhan-telecom,39.3297,0.0,icmp,1592618239,2020-06-20 01:57:19+00:00
208390333,jinan-telecom,wuhan-telecom,47.395,0.0,icmp,1592618400,2020-06-20 02:00:00+00:00
208390548,jinan-telecom,wuhan-telecom,39.471,0.0,icmp,1592618539,2020-06-20 02:02:19+00:00
208390776,jinan-telecom,wuhan-telecom,48.8287,0.0,icmp,1592618640,2020-06-20 02:04:00+00:00
208391014,jinan-telecom,wuhan-telecom,47.3851,0.0,icmp,1592618760,2020-06-20 02:06:00+00:00
208391222,jinan-telecom,wuhan-telecom,48.4674,0.0,icmp,1592618880,2020-06-20 02:08:00+00:00
208391470,jinan-telecom,wuhan-telecom,39.3384,0.0,icmp,1592618959,2020-06-20 02:09:19+00:00
208391700,jinan-telecom,wuhan-telecom,46.4142,0.0,icmp,1592619120,2020-06-20 02:12:00+00:00
208391926,jinan-telecom,wuhan-telecom,51.1204,0.0,icmp,1592619240,2020-06-20 02:14:00+00:00
208392150,jinan-telecom,wuhan-telecom,47.9519,0.0,icmp,1592619360,2020-06-20 02:16:00+00:00
208392395,jinan-telecom,wuhan-telecom,39.3796,0.0,icmp,1592619439,2020-06-20 02:17:19+00:00
208392615,jinan-telecom,wuhan-telecom,46.3452,0.0,icmp,1592619600,2020-06-20 02:20:00+00:00
208392850,jinan-telecom,wuhan-telecom,39.4561,0.0,icmp,1592619725,2020-06-20 02:22:05+00:00
208393074,jinan-telecom,wuhan-telecom,47.2387,0.0,icmp,1592619840,2020-06-20 02:24:00+00:00
208393299,jinan-telecom,wuhan-telecom,39.539,0.0,icmp,1592619919,2020-06-20 02:25:19+00:00
208393525,jinan-telecom,wuhan-telecom,39.6401,0.0,icmp,1592620039,2020-06-20 02:27:19+00:00
208393752,jinan-telecom,wuhan-telecom,47.4213,0.0,icmp,1592620200,2020-06-20 02:30:00+00:00
208393990,jinan-telecom,wuhan-telecom,47.2298,0.0,icmp,1592620320,2020-06-20 02:32:00+00:00
208394196,jinan-telecom,wuhan-telecom,39.3417,0.0,icmp,1592620459,2020-06-20 02:34:19+00:00
208394444,jinan-telecom,wuhan-telecom,46.5504,0.0,icmp,1592620560,2020-06-20 02:36:00+00:00
208394658,jinan-telecom,wuhan-telecom,39.6676,0.0,icmp,1592620639,2020-06-20 02:37:19+00:00
208394891,jinan-telecom,wuhan-telecom,46.6971,0.0,icmp,1592620800,2020-06-20 02:40:00+00:00
208395108,jinan-telecom,wuhan-telecom,49.2264,0.0,icmp,1592620920,2020-06-20 02:42:00+00:00
208395346,jinan-telecom,wuhan-telecom,45.5027,0.0,icmp,1592621040,2020-06-20 02:44:00+00:00
208395568,jinan-telecom,wuhan-telecom,47.3955,0.0,icmp,1592621105,2020-06-20 02:45:05+00:00
208395810,jinan-telecom,wuhan-telecom,46.6125,0.0,icmp,1592621280,2020-06-20 02:48:00+00:00
208396027,jinan-telecom,wuhan-telecom,46.4574,0.0,icmp,1592621400,2020-06-20 02:50:00+00:00
208396245,jinan-telecom,wuhan-telecom,46.8094,0.0,icmp,1592621520,2020-06-20 02:52:00+00:00
208396484,jinan-telecom,wuhan-telecom,46.1856,0.0,icmp,1592621640,2020-06-20 02:54:00+00:00
208396717,jinan-telecom,wuhan-telecom,39.4529,0.0,icmp,1592621719,2020-06-20 02:55:19+00:00
208396948,jinan-telecom,wuhan-telecom,53.8824,0.0,icmp,1592621880,2020-06-20 02:58:00+00:00
208397159,jinan-telecom,wuhan-telecom,52.9175,0.0,icmp,1592622000,2020-06-20 03:00:00+00:00
208397398,jinan-telecom,wuhan-telecom,39.3857,0.0,icmp,1592622139,2020-06-20 03:02:19+00:00
208397631,jinan-telecom,wuhan-telecom,42.4012,0.0,icmp,1592622244,2020-06-20 03:04:04+00:00
208397841,jinan-telecom,wuhan-telecom,48.9685,0.0,icmp,1592622360,2020-06-20 03:06:00+00:00
208398079,jinan-telecom,wuhan-telecom,47.056,0.0,icmp,1592622480,2020-06-20 03:08:00+00:00
208398303,jinan-telecom,wuhan-telecom,46.0339,0.0,icmp,1592622600,2020-06-20 03:10:00+00:00
208398540,jinan-telecom,wuhan-telecom,42.6256,0.0,icmp,1592622721,2020-06-20 03:12:01+00:00
208398770,jinan-telecom,wuhan-telecom,46.9145,0.0,icmp,1592622840,2020-06-20 03:14:00+00:00
208399000,jinan-telecom,wuhan-telecom,39.4368,0.0,icmp,1592622919,2020-06-20 03:15:19+00:00
208399211,jinan-telecom,wuhan-telecom,39.367,0.0,icmp,1592623099,2020-06-20 03:18:19+00:00
208399455,jinan-telecom,wuhan-telecom,39.5212,0.0,icmp,1592623219,2020-06-20 03:20:19+00:00
208399670,jinan-telecom,wuhan-telecom,48.3102,0.0,icmp,1592623320,2020-06-20 03:22:00+00:00
208399911,jinan-telecom,wuhan-telecom,46.7415,0.0,icmp,1592623440,2020-06-20 03:24:00+00:00
208400132,jinan-telecom,wuhan-telecom,47.9685,0.0,icmp,1592623560,2020-06-20 03:26:00+00:00
208400331,jinan-telecom,wuhan-telecom,39.3491,0.0,icmp,1592623699,2020-06-20 03:28:19+00:00
208400609,jinan-telecom,wuhan-telecom,48.2233,0.0,icmp,1592623800,2020-06-20 03:30:00+00:00
208400827,jinan-telecom,wuhan-telecom,45.6821,0.0,icmp,1592623920,2020-06-20 03:32:00+00:00
208401031,jinan-telecom,wuhan-telecom,46.1952,0.0,icmp,1592624040,2020-06-20 03:34:00+00:00
208401257,jinan-telecom,wuhan-telecom,48.4273,0.0,icmp,1592624160,2020-06-20 03:36:00+00:00
208401507,jinan-telecom,wuhan-telecom,49.4573,0.0,icmp,1592624280,2020-06-20 03:38:00+00:00
208401729,jinan-telecom,wuhan-telecom,39.6766,0.0,icmp,1592624419,2020-06-20 03:40:19+00:00
208401952,jinan-telecom,wuhan-telecom,50.8842,0.0,icmp,1592624520,2020-06-20 03:42:00+00:00
208402182,jinan-telecom,wuhan-telecom,39.487,0.0,icmp,1592624659,2020-06-20 03:44:19+00:00
208402414,jinan-telecom,wuhan-telecom,48.5592,0.0,icmp,1592624760,2020-06-20 03:46:00+00:00
208402656,jinan-telecom,wuhan-telecom,48.4009,0.0,icmp,1592624880,2020-06-20 03:48:00+00:00
208402870,jinan-telecom,wuhan-telecom,48.0225,0.0,icmp,1592625000,2020-06-20 03:50:00+00:00
208403091,jinan-telecom,wuhan-telecom,48.8218,0.0,icmp,1592625120,2020-06-20 03:52:00+00:00
208403329,jinan-telecom,wuhan-telecom,48.0387,0.0,icmp,1592625240,2020-06-20 03:54:00+00:00
208403557,jinan-telecom,wuhan-telecom,48.8793,0.0,icmp,1592625360,2020-06-20 03:56:00+00:00
208403794,jinan-telecom,wuhan-telecom,44.6999,0.0,icmp,1592625480,2020-06-20 03:58:00+00:00
208404007,jinan-telecom,wuhan-telecom,50.2586,0.0,icmp,1592625600,2020-06-20 04:00:00+00:00
208404240,jinan-telecom,wuhan-telecom,45.9581,0.0,icmp,1592625720,2020-06-20 04:02:00+00:00
208404480,jinan-telecom,wuhan-telecom,39.3292,0.0,icmp,1592625859,2020-06-20 04:04:19+00:00
208404696,jinan-telecom,wuhan-telecom,43.1902,0.0,icmp,1592625960,2020-06-20 04:06:00+00:00
208404908,jinan-telecom,wuhan-telecom,39.5403,0.0,icmp,1592626039,2020-06-20 04:07:19+00:00
208405126,jinan-telecom,wuhan-telecom,46.3978,0.0,icmp,1592626200,2020-06-20 04:10:00+00:00
208405380,jinan-telecom,wuhan-telecom,39.3611,0.0,icmp,1592626339,2020-06-20 04:12:19+00:00
208405596,jinan-telecom,wuhan-telecom,47.5553,0.0,icmp,1592626440,2020-06-20 04:14:00+00:00
208405847,jinan-telecom,wuhan-telecom,40.452,0.0,icmp,1592626560,2020-06-20 04:16:00+00:00
208406060,jinan-telecom,wuhan-telecom,39.4812,0.0,icmp,1592626699,2020-06-20 04:18:19+00:00
208406291,jinan-telecom,wuhan-telecom,45.6445,0.0,icmp,1592626800,2020-06-20 04:20:00+00:00
208406508,jinan-telecom,wuhan-telecom,39.3321,0.0,icmp,1592626879,2020-06-20 04:21:19+00:00
208406735,jinan-telecom,wuhan-telecom,48.1893,0.0,icmp,1592627040,2020-06-20 04:24:00+00:00
208406973,jinan-telecom,wuhan-telecom,47.218,0.0,icmp,1592627160,2020-06-20 04:26:00+00:00
208407203,jinan-telecom,wuhan-telecom,48.7315,0.0,icmp,1592627280,2020-06-20 04:28:00+00:00
208407428,jinan-telecom,wuhan-telecom,39.5845,0.0,icmp,1592627359,2020-06-20 04:29:19+00:00
208407663,jinan-telecom,wuhan-telecom,41.7171,0.0,icmp,1592627520,2020-06-20 04:32:00+00:00
208407907,jinan-telecom,wuhan-telecom,46.5326,0.0,icmp,1592627640,2020-06-20 04:34:00+00:00
208408103,jinan-telecom,wuhan-telecom,44.8934,0.0,icmp,1592627760,2020-06-20 04:36:00+00:00
208408347,jinan-telecom,wuhan-telecom,49.9093,0.0,icmp,1592627880,2020-06-20 04:38:00+00:00
208408586,jinan-telecom,wuhan-telecom,39.4866,0.0,icmp,1592628006,2020-06-20 04:40:06+00:00
208408797,jinan-telecom,wuhan-telecom,46.8755,0.0,icmp,1592628120,2020-06-20 04:42:00+00:00
208409029,jinan-telecom,wuhan-telecom,46.6779,0.0,icmp,1592628240,2020-06-20 04:44:00+00:00
208409247,jinan-telecom,wuhan-telecom,39.5139,0.0,icmp,1592628319,2020-06-20 04:45:19+00:00
208409469,jinan-telecom,wuhan-telecom,49.7877,0.0,icmp,1592628480,2020-06-20 04:48:00+00:00
208409720,jinan-telecom,wuhan-telecom,39.4276,0.0,icmp,1592628559,2020-06-20 04:49:19+00:00
208409948,jinan-telecom,wuhan-telecom,47.6278,0.0,icmp,1592628720,2020-06-20 04:52:00+00:00
208410151,jinan-telecom,wuhan-telecom,48.1014,0.0,icmp,1592628840,2020-06-20 04:54:00+00:00
208410392,jinan-telecom,wuhan-telecom,41.3754,0.0,icmp,1592628960,2020-06-20 04:56:00+00:00
208410625,jinan-telecom,wuhan-telecom,49.7411,0.0,icmp,1592629080,2020-06-20 04:58:00+00:00
208410838,jinan-telecom,wuhan-telecom,47.9904,0.0,icmp,1592629200,2020-06-20 05:00:00+00:00
208411066,jinan-telecom,wuhan-telecom,44.6201,0.0,icmp,1592629320,2020-06-20 05:02:00+00:00
208411307,jinan-telecom,wuhan-telecom,48.3473,0.0,icmp,1592629440,2020-06-20 05:04:00+00:00
208411543,jinan-telecom,wuhan-telecom,39.3712,0.0,icmp,1592629519,2020-06-20 05:05:19+00:00
208411761,jinan-telecom,wuhan-telecom,39.4393,0.0,icmp,1592629639,2020-06-20 05:07:19+00:00
208411997,jinan-telecom,wuhan-telecom,46.2817,0.0,icmp,1592629800,2020-06-20 05:10:00+00:00
208412214,jinan-telecom,wuhan-telecom,47.4836,0.0,icmp,1592629920,2020-06-20 05:12:00+00:00
208412443,jinan-telecom,wuhan-telecom,39.6548,0.0,icmp,1592630059,2020-06-20 05:14:19+00:00
208412671,jinan-telecom,wuhan-telecom,46.8662,0.0,icmp,1592630160,2020-06-20 05:16:00+00:00
208412897,jinan-telecom,wuhan-telecom,47.2796,0.0,icmp,1592630280,2020-06-20 05:18:00+00:00
208413124,jinan-telecom,wuhan-telecom,40.9912,0.0,icmp,1592630400,2020-06-20 05:20:00+00:00
208413350,jinan-telecom,wuhan-telecom,39.3946,0.0,icmp,1592630479,2020-06-20 05:21:19+00:00
208413579,jinan-telecom,wuhan-telecom,47.1392,0.0,icmp,1592630640,2020-06-20 05:24:00+00:00
208413826,jinan-telecom,wuhan-telecom,39.3988,0.0,icmp,1592630719,2020-06-20 05:25:19+00:00
208414037,jinan-telecom,wuhan-telecom,47.0064,0.0,icmp,1592630880,2020-06-20 05:28:00+00:00
208414274,jinan-telecom,wuhan-telecom,42.6121,0.0,icmp,1592631000,2020-06-20 05:30:00+00:00
208414501,jinan-telecom,wuhan-telecom,47.2307,0.0,icmp,1592631120,2020-06-20 05:32:00+00:00
208414745,jinan-telecom,wuhan-telecom,46.9569,0.0,icmp,1592631240,2020-06-20 05:34:00+00:00
208414940,jinan-telecom,wuhan-telecom,48.2313,0.0,icmp,1592631360,2020-06-20 05:36:00+00:00
208415178,jinan-telecom,wuhan-telecom,39.6685,0.0,icmp,1592631439,2020-06-20 05:37:19+00:00
208415390,jinan-telecom,wuhan-telecom,49.4342,0.0,icmp,1592631600,2020-06-20 05:40:00+00:00
208415643,jinan-telecom,wuhan-telecom,47.0363,0.0,icmp,1592631720,2020-06-20 05:42:00+00:00
208415825,jinan-telecom,wuhan-telecom,39.5767,0.0,icmp,1592631859,2020-06-20 05:44:19+00:00
208416100,jinan-telecom,wuhan-telecom,47.5734,0.0,icmp,1592631960,2020-06-20 05:46:00+00:00
208416324,jinan-telecom,wuhan-telecom,47.8749,0.0,icmp,1592632080,2020-06-20 05:48:00+00:00
208416535,jinan-telecom,wuhan-telecom,39.9633,0.0,icmp,1592632200,2020-06-20 05:50:00+00:00
208416781,jinan-telecom,wuhan-telecom,39.3622,0.0,icmp,1592632279,2020-06-20 05:51:19+00:00
208417002,jinan-telecom,wuhan-telecom,43.026,0.0,icmp,1592632444,2020-06-20 05:54:04+00:00
208417237,jinan-telecom,wuhan-telecom,39.3611,0.0,icmp,1592632579,2020-06-20 05:56:19+00:00
208417456,jinan-telecom,wuhan-telecom,40.4423,0.0,icmp,1592632680,2020-06-20 05:58:00+00:00
208417703,jinan-telecom,wuhan-telecom,46.3856,0.0,icmp,1592632800,2020-06-20 06:00:00+00:00
208417919,jinan-telecom,wuhan-telecom,39.5587,0.0,icmp,1592632879,2020-06-20 06:01:19+00:00
208418159,jinan-telecom,wuhan-telecom,49.6116,0.0,icmp,1592633040,2020-06-20 06:04:00+00:00
208418370,jinan-telecom,wuhan-telecom,39.4005,0.0,icmp,1592633119,2020-06-20 06:05:19+00:00
208418598,jinan-telecom,wuhan-telecom,46.1324,0.0,icmp,1592633280,2020-06-20 06:08:00+00:00
208418818,jinan-telecom,wuhan-telecom,48.3161,0.0,icmp,1592633400,2020-06-20 06:10:00+00:00
208419067,jinan-telecom,wuhan-telecom,39.7395,0.0,icmp,1592633520,2020-06-20 06:12:00+00:00
208419281,jinan-telecom,wuhan-telecom,39.987,0.0,icmp,1592633585,2020-06-20 06:13:05+00:00
208419509,jinan-telecom,wuhan-telecom,45.5989,0.0,icmp,1592633760,2020-06-20 06:16:00+00:00
208419750,jinan-telecom,wuhan-telecom,47.5296,0.0,icmp,1592633880,2020-06-20 06:18:00+00:00
208419983,jinan-telecom,wuhan-telecom,48.4507,0.0,icmp,1592634000,2020-06-20 06:20:00+00:00
208420206,jinan-telecom,wuhan-telecom,39.6136,0.0,icmp,1592634079,2020-06-20 06:21:19+00:00
208420433,jinan-telecom,wuhan-telecom,44.7442,0.0,icmp,1592634240,2020-06-20 06:24:00+00:00
208420637,jinan-telecom,wuhan-telecom,50.8359,0.0,icmp,1592634360,2020-06-20 06:26:00+00:00
208420903,jinan-telecom,wuhan-telecom,49.3288,0.0,icmp,1592634480,2020-06-20 06:28:00+00:00
208421147,jinan-telecom,wuhan-telecom,49.4849,0.0,icmp,1592634600,2020-06-20 06:30:00+00:00
208421325,jinan-telecom,wuhan-telecom,39.3489,0.0,icmp,1592634679,2020-06-20 06:31:19+00:00
208421464,jinan-telecom,wuhan-telecom,39.4381,0.0,icmp,1592634840,2020-06-20 06:34:00+00:00
208421895,jinan-telecom,wuhan-telecom,47.1333,0.0,icmp,1592634960,2020-06-20 06:36:00+00:00
208422146,jinan-telecom,wuhan-telecom,45.9388,0.0,icmp,1592635080,2020-06-20 06:38:00+00:00
208422310,jinan-telecom,wuhan-telecom,46.2178,0.0,icmp,1592635200,2020-06-20 06:40:00+00:00
208422455,jinan-telecom,wuhan-telecom,49.7909,0.0,icmp,1592635320,2020-06-20 06:42:00+00:00
208422769,jinan-telecom,wuhan-telecom,39.3454,0.0,icmp,1592635399,2020-06-20 06:43:19+00:00
208422824,jinan-telecom,wuhan-telecom,47.9789,0.0,icmp,1592635560,2020-06-20 06:46:00+00:00
208423288,jinan-telecom,wuhan-telecom,39.7197,0.0,icmp,1592635759,2020-06-20 06:49:19+00:00
208423352,jinan-telecom,wuhan-telecom,48.6249,0.0,icmp,1592635680,2020-06-20 06:48:00+00:00
208423527,jinan-telecom,wuhan-telecom,42.8353,0.0,icmp,1592635924,2020-06-20 06:52:04+00:00
208423842,jinan-telecom,wuhan-telecom,47.9702,0.0,icmp,1592636040,2020-06-20 06:54:00+00:00
208423975,jinan-telecom,wuhan-telecom,45.5068,0.0,icmp,1592636160,2020-06-20 06:56:00+00:00
208424541,jinan-telecom,wuhan-telecom,39.4348,0.0,icmp,1592636239,2020-06-20 06:57:19+00:00
208424686,jinan-telecom,wuhan-telecom,47.1142,0.0,icmp,1592636520,2020-06-20 07:02:00+00:00
208424743,jinan-telecom,wuhan-telecom,50.2866,0.0,icmp,1592636400,2020-06-20 07:00:00+00:00
208424990,jinan-telecom,wuhan-telecom,39.3666,0.0,icmp,1592636779,2020-06-20 07:06:19+00:00
208425153,jinan-telecom,wuhan-telecom,47.4644,0.0,icmp,1592636640,2020-06-20 07:04:00+00:00
208425650,jinan-telecom,wuhan-telecom,47.7859,0.0,icmp,1592636880,2020-06-20 07:08:00+00:00
208425924,jinan-telecom,wuhan-telecom,39.6664,0.0,icmp,1592636959,2020-06-20 07:09:19+00:00
208426056,jinan-telecom,wuhan-telecom,41.5115,0.0,icmp,1592637120,2020-06-20 07:12:00+00:00
208426207,jinan-telecom,wuhan-telecom,39.5759,0.0,icmp,1592637304,2020-06-20 07:15:04+00:00
208426414,jinan-telecom,wuhan-telecom,39.5242,0.0,icmp,1592637439,2020-06-20 07:17:19+00:00
208426431,jinan-telecom,wuhan-telecom,46.7506,0.0,icmp,1592637240,2020-06-20 07:14:00+00:00
208426965,jinan-telecom,wuhan-telecom,50.9763,0.0,icmp,1592637720,2020-06-20 07:22:00+00:00
208427025,jinan-telecom,wuhan-telecom,47.2784,0.0,icmp,1592637600,2020-06-20 07:20:00+00:00
208427211,jinan-telecom,wuhan-telecom,42.0334,0.0,icmp,1592637840,2020-06-20 07:24:00+00:00
208427542,jinan-telecom,wuhan-telecom,39.3773,0.0,icmp,1592637919,2020-06-20 07:25:19+00:00
208427888,jinan-telecom,wuhan-telecom,47.9703,0.0,icmp,1592638320,2020-06-20 07:32:00+00:00
208427950,jinan-telecom,wuhan-telecom,39.3838,0.0,icmp,1592638159,2020-06-20 07:29:19+00:00
208428025,jinan-telecom,wuhan-telecom,39.3687,0.0,icmp,1592638039,2020-06-20 07:27:19+00:00
208428126,jinan-telecom,wuhan-telecom,45.2639,0.0,icmp,1592638440,2020-06-20 07:34:00+00:00
208428584,jinan-telecom,wuhan-telecom,48.4918,0.0,icmp,1592638560,2020-06-20 07:36:00+00:00
208428978,jinan-telecom,wuhan-telecom,45.3992,0.0,icmp,1592638800,2020-06-20 07:40:00+00:00
208429228,jinan-telecom,wuhan-telecom,46.7223,0.0,icmp,1592638680,2020-06-20 07:38:00+00:00
208429485,jinan-telecom,wuhan-telecom,42.1122,0.0,icmp,1592639160,2020-06-20 07:46:00+00:00
208429628,jinan-telecom,wuhan-telecom,49.2108,0.0,icmp,1592638920,2020-06-20 07:42:00+00:00
208429851,jinan-telecom,wuhan-telecom,39.3829,0.0,icmp,1592639059,2020-06-20 07:44:19+00:00
208429906,jinan-telecom,wuhan-telecom,48.9815,0.0,icmp,1592639280,2020-06-20 07:48:00+00:00
208430266,jinan-telecom,wuhan-telecom,44.982,0.0,icmp,1592639400,2020-06-20 07:50:00+00:00
208430452,jinan-telecom,wuhan-telecom,46.4302,0.0,icmp,1592639520,2020-06-20 07:52:00+00:00
208430707,jinan-telecom,wuhan-telecom,46.3766,0.0,icmp,1592639640,2020-06-20 07:54:00+00:00
208430887,jinan-telecom,wuhan-telecom,47.6606,0.0,icmp,1592639760,2020-06-20 07:56:00+00:00
208431145,jinan-telecom,wuhan-telecom,39.415,0.0,icmp,1592639839,2020-06-20 07:57:19+00:00
208431381,jinan-telecom,wuhan-telecom,48.8977,0.0,icmp,1592640000,2020-06-20 08:00:00+00:00
208431596,jinan-telecom,wuhan-telecom,48.3862,0.0,icmp,1592640120,2020-06-20 08:02:00+00:00
208431817,jinan-telecom,wuhan-telecom,47.8049,0.0,icmp,1592640240,2020-06-20 08:04:00+00:00
208432049,jinan-telecom,wuhan-telecom,48.4344,0.0,icmp,1592640360,2020-06-20 08:06:00+00:00
208432274,jinan-telecom,wuhan-telecom,48.3678,0.0,icmp,1592640480,2020-06-20 08:08:00+00:00
208432497,jinan-telecom,wuhan-telecom,47.783,0.0,icmp,1592640600,2020-06-20 08:10:00+00:00
208432751,jinan-telecom,wuhan-telecom,48.6856,0.0,icmp,1592640720,2020-06-20 08:12:00+00:00
208432969,jinan-telecom,wuhan-telecom,39.3843,0.0,icmp,1592640799,2020-06-20 08:13:19+00:00
208433191,jinan-telecom,wuhan-telecom,47.0615,0.0,icmp,1592640960,2020-06-20 08:16:00+00:00
208433418,jinan-telecom,wuhan-telecom,47.1417,0.0,icmp,1592641080,2020-06-20 08:18:00+00:00
208433659,jinan-telecom,wuhan-telecom,47.7736,0.0,icmp,1592641200,2020-06-20 08:20:00+00:00
208433882,jinan-telecom,wuhan-telecom,48.2907,0.0,icmp,1592641320,2020-06-20 08:22:00+00:00
208434103,jinan-telecom,wuhan-telecom,48.809,0.0,icmp,1592641440,2020-06-20 08:24:00+00:00
208434313,jinan-telecom,wuhan-telecom,46.1998,0.0,icmp,1592641560,2020-06-20 08:26:00+00:00
208434548,jinan-telecom,wuhan-telecom,39.3442,0.0,icmp,1592641639,2020-06-20 08:27:19+00:00
208434775,jinan-telecom,wuhan-telecom,48.0854,0.0,icmp,1592641800,2020-06-20 08:30:00+00:00
208435024,jinan-telecom,wuhan-telecom,47.9261,0.0,icmp,1592641920,2020-06-20 08:32:00+00:00
208435243,jinan-telecom,wuhan-telecom,45.1989,0.0,icmp,1592642040,2020-06-20 08:34:00+00:00
208435466,jinan-telecom,wuhan-telecom,45.6676,0.0,icmp,1592642160,2020-06-20 08:36:00+00:00
208435691,jinan-telecom,wuhan-telecom,40.5242,0.0,icmp,1592642280,2020-06-20 08:38:00+00:00
208435923,jinan-telecom,wuhan-telecom,49.7082,0.0,icmp,1592642400,2020-06-20 08:40:00+00:00
208436155,jinan-telecom,wuhan-telecom,39.5304,0.0,icmp,1592642479,2020-06-20 08:41:19+00:00
208436394,jinan-telecom,wuhan-telecom,47.1912,0.0,icmp,1592642640,2020-06-20 08:44:00+00:00
208436632,jinan-telecom,wuhan-telecom,48.1448,0.0,icmp,1592642760,2020-06-20 08:46:00+00:00
208436844,jinan-telecom,wuhan-telecom,39.4828,0.0,icmp,1592642839,2020-06-20 08:47:19+00:00
208437074,jinan-telecom,wuhan-telecom,42.4835,0.0,icmp,1592643000,2020-06-20 08:50:00+00:00
208437304,jinan-telecom,wuhan-telecom,48.7767,0.0,icmp,1592643120,2020-06-20 08:52:00+00:00
208437529,jinan-telecom,wuhan-telecom,48.3463,0.0,icmp,1592643240,2020-06-20 08:54:00+00:00
208437744,jinan-telecom,wuhan-telecom,49.5129,0.0,icmp,1592643360,2020-06-20 08:56:00+00:00
208437986,jinan-telecom,wuhan-telecom,42.464,0.0,icmp,1592643480,2020-06-20 08:58:00+00:00
208438218,jinan-telecom,wuhan-telecom,49.5161,0.0,icmp,1592643600,2020-06-20 09:00:00+00:00
208438443,jinan-telecom,wuhan-telecom,45.9305,0.0,icmp,1592643720,2020-06-20 09:02:00+00:00
208438653,jinan-telecom,wuhan-telecom,47.5117,0.0,icmp,1592643840,2020-06-20 09:04:00+00:00
208438881,jinan-telecom,wuhan-telecom,39.9886,0.0,icmp,1592643905,2020-06-20 09:05:05+00:00
208439119,jinan-telecom,wuhan-telecom,47.412,0.0,icmp,1592644080,2020-06-20 09:08:00+00:00
208439347,jinan-telecom,wuhan-telecom,47.4192,0.0,icmp,1592644200,2020-06-20 09:10:00+00:00
208439595,jinan-telecom,wuhan-telecom,39.3245,0.0,icmp,1592644279,2020-06-20 09:11:19+00:00
208439814,jinan-telecom,wuhan-telecom,49.2647,0.0,icmp,1592644440,2020-06-20 09:14:00+00:00
208440028,jinan-telecom,wuhan-telecom,45.5078,0.0,icmp,1592644560,2020-06-20 09:16:00+00:00
208440274,jinan-telecom,wuhan-telecom,47.1374,0.0,icmp,1592644680,2020-06-20 09:18:00+00:00
208440480,jinan-telecom,wuhan-telecom,48.4677,0.0,icmp,1592644800,2020-06-20 09:20:00+00:00
208440706,jinan-telecom,wuhan-telecom,39.4764,0.0,icmp,1592644939,2020-06-20 09:22:19+00:00
208440933,jinan-telecom,wuhan-telecom,48.6953,0.0,icmp,1592645040,2020-06-20 09:24:00+00:00
208441172,jinan-telecom,wuhan-telecom,49.797,0.0,icmp,1592645160,2020-06-20 09:26:00+00:00
208441388,jinan-telecom,wuhan-telecom,47.3381,0.0,icmp,1592645280,2020-06-20 09:28:00+00:00
208441622,jinan-telecom,wuhan-telecom,45.3511,0.0,icmp,1592645400,2020-06-20 09:30:00+00:00
208441858,jinan-telecom,wuhan-telecom,45.9655,0.0,icmp,1592645520,2020-06-20 09:32:00+00:00
208442102,jinan-telecom,wuhan-telecom,45.4253,0.0,icmp,1592645640,2020-06-20 09:34:00+00:00
208442337,jinan-telecom,wuhan-telecom,48.1787,0.0,icmp,1592645760,2020-06-20 09:36:00+00:00
208442551,jinan-telecom,wuhan-telecom,46.6491,0.0,icmp,1592645880,2020-06-20 09:38:00+00:00
208442772,jinan-telecom,wuhan-telecom,46.0447,0.0,icmp,1592646000,2020-06-20 09:40:00+00:00
208443053,jinan-telecom,wuhan-telecom,45.5337,0.0,icmp,1592646120,2020-06-20 09:42:00+00:00
208443186,jinan-telecom,wuhan-telecom,49.2301,0.0,icmp,1592646240,2020-06-20 09:44:00+00:00
208443454,jinan-telecom,wuhan-telecom,39.8939,0.0,icmp,1592646360,2020-06-20 09:46:00+00:00
208443682,jinan-telecom,wuhan-telecom,49.3823,0.0,icmp,1592646480,2020-06-20 09:48:00+00:00
208443898,jinan-telecom,wuhan-telecom,49.2794,0.0,icmp,1592646600,2020-06-20 09:50:00+00:00
208444147,jinan-telecom,wuhan-telecom,39.4,0.0,icmp,1592646739,2020-06-20 09:52:19+00:00
208444363,jinan-telecom,wuhan-telecom,47.3978,0.0,icmp,1592646840,2020-06-20 09:54:00+00:00
208444595,jinan-telecom,wuhan-telecom,46.4829,0.0,icmp,1592646960,2020-06-20 09:56:00+00:00
208444826,jinan-telecom,wuhan-telecom,40.6769,0.0,icmp,1592647084,2020-06-20 09:58:04+00:00
208445042,jinan-telecom,wuhan-telecom,47.431,0.0,icmp,1592647200,2020-06-20 10:00:00+00:00
208445285,jinan-telecom,wuhan-telecom,44.4906,0.0,icmp,1592647320,2020-06-20 10:02:00+00:00
208445511,jinan-telecom,wuhan-telecom,39.423,0.0,icmp,1592647399,2020-06-20 10:03:19+00:00
208445745,jinan-telecom,wuhan-telecom,39.5072,0.0,icmp,1592647579,2020-06-20 10:06:19+00:00
208445958,jinan-telecom,wuhan-telecom,46.7435,0.0,icmp,1592647680,2020-06-20 10:08:00+00:00
208446184,jinan-telecom,wuhan-telecom,47.2241,0.0,icmp,1592647800,2020-06-20 10:10:00+00:00
208446410,jinan-telecom,wuhan-telecom,39.504,0.0,icmp,1592647879,2020-06-20 10:11:19+00:00
208446649,jinan-telecom,wuhan-telecom,46.0777,0.0,icmp,1592648040,2020-06-20 10:14:00+00:00
208446865,jinan-telecom,wuhan-telecom,49.0876,0.0,icmp,1592648160,2020-06-20 10:16:00+00:00
208447089,jinan-telecom,wuhan-telecom,46.3591,0.0,icmp,1592648280,2020-06-20 10:18:00+00:00
208447314,jinan-telecom,wuhan-telecom,50.4611,0.0,icmp,1592648400,2020-06-20 10:20:00+00:00
208447561,jinan-telecom,wuhan-telecom,45.8662,0.0,icmp,1592648520,2020-06-20 10:22:00+00:00
208447790,jinan-telecom,wuhan-telecom,39.3588,0.0,icmp,1592648659,2020-06-20 10:24:19+00:00
208448006,jinan-telecom,wuhan-telecom,39.6673,0.0,icmp,1592648760,2020-06-20 10:26:00+00:00
208448234,jinan-telecom,wuhan-telecom,49.4474,0.0,icmp,1592648880,2020-06-20 10:28:00+00:00
208448469,jinan-telecom,wuhan-telecom,49.6415,0.0,icmp,1592649000,2020-06-20 10:30:00+00:00
208448691,jinan-telecom,wuhan-telecom,39.3296,0.0,icmp,1592649079,2020-06-20 10:31:19+00:00
208448928,jinan-telecom,wuhan-telecom,47.3785,0.0,icmp,1592649240,2020-06-20 10:34:00+00:00
208449143,jinan-telecom,wuhan-telecom,39.4893,0.0,icmp,1592649379,2020-06-20 10:36:19+00:00
208449367,jinan-telecom,wuhan-telecom,45.2487,0.0,icmp,1592649480,2020-06-20 10:38:00+00:00
208449603,jinan-telecom,wuhan-telecom,48.6651,0.0,icmp,1592649600,2020-06-20 10:40:00+00:00
208449871,jinan-telecom,wuhan-telecom,48.0453,0.0,icmp,1592649720,2020-06-20 10:42:00+00:00
208450052,jinan-telecom,wuhan-telecom,49.3113,0.0,icmp,1592649840,2020-06-20 10:44:00+00:00
208450296,jinan-telecom,wuhan-telecom,46.4874,0.0,icmp,1592649960,2020-06-20 10:46:00+00:00
208450522,jinan-telecom,wuhan-telecom,47.8368,0.0,icmp,1592650080,2020-06-20 10:48:00+00:00
208450752,jinan-telecom,wuhan-telecom,49.0145,0.0,icmp,1592650200,2020-06-20 10:50:00+00:00
208450979,jinan-telecom,wuhan-telecom,47.2728,0.0,icmp,1592650320,2020-06-20 10:52:00+00:00
208451192,jinan-telecom,wuhan-telecom,49.0324,0.0,icmp,1592650440,2020-06-20 10:54:00+00:00
208451447,jinan-telecom,wuhan-telecom,47.2287,0.0,icmp,1592650560,2020-06-20 10:56:00+00:00
208451652,jinan-telecom,wuhan-telecom,48.2701,0.0,icmp,1592650680,2020-06-20 10:58:00+00:00
208451882,jinan-telecom,wuhan-telecom,48.188,0.0,icmp,1592650800,2020-06-20 11:00:00+00:00
208452110,jinan-telecom,wuhan-telecom,45.3132,0.0,icmp,1592650920,2020-06-20 11:02:00+00:00
208452373,jinan-telecom,wuhan-telecom,46.3095,0.0,icmp,1592651040,2020-06-20 11:04:00+00:00
208452570,jinan-telecom,wuhan-telecom,39.5254,0.0,icmp,1592651119,2020-06-20 11:05:19+00:00
208452785,jinan-telecom,wuhan-telecom,49.8687,0.0,icmp,1592651280,2020-06-20 11:08:00+00:00
208453020,jinan-telecom,wuhan-telecom,45.6852,0.0,icmp,1592651400,2020-06-20 11:10:00+00:00
208453302,jinan-telecom,wuhan-telecom,45.768,0.0,icmp,1592651520,2020-06-20 11:12:00+00:00
208453476,jinan-telecom,wuhan-telecom,48.0373,0.0,icmp,1592651640,2020-06-20 11:14:00+00:00
208453700,jinan-telecom,wuhan-telecom,39.6841,0.0,icmp,1592651719,2020-06-20 11:15:19+00:00
208453925,jinan-telecom,wuhan-telecom,39.6987,0.0,icmp,1592651899,2020-06-20 11:18:19+00:00
208454160,jinan-telecom,wuhan-telecom,46.6672,0.0,icmp,1592652000,2020-06-20 11:20:00+00:00
208454393,jinan-telecom,wuhan-telecom,49.1376,0.0,icmp,1592652120,2020-06-20 11:22:00+00:00
208454620,jinan-telecom,wuhan-telecom,47.3375,0.0,icmp,1592652240,2020-06-20 11:24:00+00:00
208454862,jinan-telecom,wuhan-telecom,47.9699,0.0,icmp,1592652360,2020-06-20 11:26:00+00:00
208455087,jinan-telecom,wuhan-telecom,39.3735,0.0,icmp,1592652499,2020-06-20 11:28:19+00:00
208455300,jinan-telecom,wuhan-telecom,49.1943,0.0,icmp,1592652600,2020-06-20 11:30:00+00:00
208455542,jinan-telecom,wuhan-telecom,47.9192,0.0,icmp,1592652720,2020-06-20 11:32:00+00:00
208455772,jinan-telecom,wuhan-telecom,48.8285,0.0,icmp,1592652840,2020-06-20 11:34:00+00:00
208455986,jinan-telecom,wuhan-telecom,47.6675,0.0,icmp,1592652960,2020-06-20 11:36:00+00:00
208456215,jinan-telecom,wuhan-telecom,42.6175,0.0,icmp,1592653080,2020-06-20 11:38:00+00:00
208456435,jinan-telecom,wuhan-telecom,48.7993,0.0,icmp,1592653200,2020-06-20 11:40:00+00:00
208456673,jinan-telecom,wuhan-telecom,42.2797,0.0,icmp,1592653320,2020-06-20 11:42:00+00:00
208456900,jinan-telecom,wuhan-telecom,39.4176,0.0,icmp,1592653459,2020-06-20 11:44:19+00:00
208457135,jinan-telecom,wuhan-telecom,45.6969,0.0,icmp,1592653560,2020-06-20 11:46:00+00:00
208457359,jinan-telecom,wuhan-telecom,48.519,0.0,icmp,1592653680,2020-06-20 11:48:00+00:00
208457576,jinan-telecom,wuhan-telecom,39.3581,0.0,icmp,1592653759,2020-06-20 11:49:19+00:00
208457829,jinan-telecom,wuhan-telecom,47.523,0.0,icmp,1592653920,2020-06-20 11:52:00+00:00
208458047,jinan-telecom,wuhan-telecom,39.4503,0.0,icmp,1592654059,2020-06-20 11:54:19+00:00
208458295,jinan-telecom,wuhan-telecom,47.88,0.0,icmp,1592654160,2020-06-20 11:56:00+00:00
208458510,jinan-telecom,wuhan-telecom,39.5402,0.0,icmp,1592654239,2020-06-20 11:57:19+00:00
208458727,jinan-telecom,wuhan-telecom,49.4347,0.0,icmp,1592654400,2020-06-20 12:00:00+00:00
208458942,jinan-telecom,wuhan-telecom,47.9727,0.0,icmp,1592654520,2020-06-20 12:02:00+00:00
208459172,jinan-telecom,wuhan-telecom,46.6597,0.0,icmp,1592654640,2020-06-20 12:04:00+00:00
208459404,jinan-telecom,wuhan-telecom,39.5303,0.0,icmp,1592654719,2020-06-20 12:05:19+00:00
208459659,jinan-telecom,wuhan-telecom,49.1215,0.0,icmp,1592654880,2020-06-20 12:08:00+00:00
208459852,jinan-telecom,wuhan-telecom,39.581,0.0,icmp,1592654959,2020-06-20 12:09:19+00:00
208460095,jinan-telecom,wuhan-telecom,47.998,0.0,icmp,1592655120,2020-06-20 12:12:00+00:00
208460315,jinan-telecom,wuhan-telecom,49.1078,0.0,icmp,1592655240,2020-06-20 12:14:00+00:00
208460544,jinan-telecom,wuhan-telecom,49.1306,0.0,icmp,1592655360,2020-06-20 12:16:00+00:00
208460792,jinan-telecom,wuhan-telecom,39.371,0.0,icmp,1592655499,2020-06-20 12:18:19+00:00
208460987,jinan-telecom,wuhan-telecom,41.5508,0.0,icmp,1592655600,2020-06-20 12:20:00+00:00
208461236,jinan-telecom,wuhan-telecom,47.6998,0.0,icmp,1592655720,2020-06-20 12:22:00+00:00
208461463,jinan-telecom,wuhan-telecom,48.9434,0.0,icmp,1592655840,2020-06-20 12:24:00+00:00
208461712,jinan-telecom,wuhan-telecom,44.591,0.0,icmp,1592655964,2020-06-20 12:26:04+00:00
208461935,jinan-telecom,wuhan-telecom,48.2023,0.0,icmp,1592656080,2020-06-20 12:28:00+00:00
208462136,jinan-telecom,wuhan-telecom,51.2824,0.0,icmp,1592656200,2020-06-20 12:30:00+00:00
208462383,jinan-telecom,wuhan-telecom,46.5002,0.0,icmp,1592656320,2020-06-20 12:32:00+00:00
208462596,jinan-telecom,wuhan-telecom,45.1579,0.0,icmp,1592656440,2020-06-20 12:34:00+00:00
208462835,jinan-telecom,wuhan-telecom,46.9531,0.0,icmp,1592656560,2020-06-20 12:36:00+00:00
208463055,jinan-telecom,wuhan-telecom,49.2941,0.0,icmp,1592656680,2020-06-20 12:38:00+00:00
208463304,jinan-telecom,wuhan-telecom,47.4624,0.0,icmp,1592656800,2020-06-20 12:40:00+00:00
208463526,jinan-telecom,wuhan-telecom,48.5289,0.0,icmp,1592656920,2020-06-20 12:42:00+00:00
208463744,jinan-telecom,wuhan-telecom,39.5503,0.0,icmp,1592656999,2020-06-20 12:43:19+00:00
208463971,jinan-telecom,wuhan-telecom,47.7341,0.0,icmp,1592657160,2020-06-20 12:46:00+00:00
208464194,jinan-telecom,wuhan-telecom,46.7366,0.0,icmp,1592657280,2020-06-20 12:48:00+00:00
208464419,jinan-telecom,wuhan-telecom,48.6154,0.0,icmp,1592657400,2020-06-20 12:50:00+00:00
208464672,jinan-telecom,wuhan-telecom,48.9209,0.0,icmp,1592657520,2020-06-20 12:52:00+00:00
208464900,jinan-telecom,wuhan-telecom,42.2004,0.0,icmp,1592657640,2020-06-20 12:54:00+00:00
208465115,jinan-telecom,wuhan-telecom,47.9678,0.0,icmp,1592657760,2020-06-20 12:56:00+00:00
208465329,jinan-telecom,wuhan-telecom,41.5904,0.0,icmp,1592657880,2020-06-20 12:58:00+00:00
208465574,jinan-telecom,wuhan-telecom,47.4926,0.0,icmp,1592658000,2020-06-20 13:00:00+00:00
208465803,jinan-telecom,wuhan-telecom,39.383,0.0,icmp,1592658079,2020-06-20 13:01:19+00:00
208466030,jinan-telecom,wuhan-telecom,46.1347,0.0,icmp,1592658240,2020-06-20 13:04:00+00:00
208466243,jinan-telecom,wuhan-telecom,49.0635,0.0,icmp,1592658360,2020-06-20 13:06:00+00:00
208466495,jinan-telecom,wuhan-telecom,42.1734,0.0,icmp,1592658480,2020-06-20 13:08:00+00:00
208466696,jinan-telecom,wuhan-telecom,39.7008,0.0,icmp,1592658619,2020-06-20 13:10:19+00:00
208466937,jinan-telecom,wuhan-telecom,46.1039,0.0,icmp,1592658720,2020-06-20 13:12:00+00:00
208467181,jinan-telecom,wuhan-telecom,50.3128,0.0,icmp,1592658840,2020-06-20 13:14:00+00:00
208467395,jinan-telecom,wuhan-telecom,46.5787,0.0,icmp,1592658960,2020-06-20 13:16:00+00:00
208467625,jinan-telecom,wuhan-telecom,46.3996,0.0,icmp,1592659080,2020-06-20 13:18:00+00:00
208467849,jinan-telecom,wuhan-telecom,39.6985,0.0,icmp,1592659159,2020-06-20 13:19:19+00:00
208468068,jinan-telecom,wuhan-telecom,39.406,0.0,icmp,1592659339,2020-06-20 13:22:19+00:00
208468297,jinan-telecom,wuhan-telecom,46.2444,0.0,icmp,1592659440,2020-06-20 13:24:00+00:00
208468558,jinan-telecom,wuhan-telecom,44.7387,0.0,icmp,1592659560,2020-06-20 13:26:00+00:00
208468750,jinan-telecom,wuhan-telecom,48.9363,0.0,icmp,1592659680,2020-06-20 13:28:00+00:00
208468983,jinan-telecom,wuhan-telecom,48.7507,0.0,icmp,1592659800,2020-06-20 13:30:00+00:00
208469242,jinan-telecom,wuhan-telecom,48.7655,0.0,icmp,1592659920,2020-06-20 13:32:00+00:00
208469434,jinan-telecom,wuhan-telecom,48.7536,0.0,icmp,1592660040,2020-06-20 13:34:00+00:00
208469682,jinan-telecom,wuhan-telecom,48.5712,0.0,icmp,1592660160,2020-06-20 13:36:00+00:00
208469888,jinan-telecom,wuhan-telecom,39.4353,0.0,icmp,1592660225,2020-06-20 13:37:05+00:00
208470122,jinan-telecom,wuhan-telecom,48.0738,0.0,icmp,1592660400,2020-06-20 13:40:00+00:00
208470370,jinan-telecom,wuhan-telecom,49.0135,0.0,icmp,1592660520,2020-06-20 13:42:00+00:00
208470591,jinan-telecom,wuhan-telecom,48.0488,0.0,icmp,1592660640,2020-06-20 13:44:00+00:00
208470823,jinan-telecom,wuhan-telecom,45.2754,0.0,icmp,1592660760,2020-06-20 13:46:00+00:00
208471025,jinan-telecom,wuhan-telecom,48.9044,1.0,icmp,1592660880,2020-06-20 13:48:00+00:00
208471257,jinan-telecom,wuhan-telecom,47.8573,1.0,icmp,1592661000,2020-06-20 13:50:00+00:00
208471499,jinan-telecom,wuhan-telecom,47.9053,0.0,icmp,1592661120,2020-06-20 13:52:00+00:00
208471731,jinan-telecom,wuhan-telecom,39.8018,0.0,icmp,1592661250,2020-06-20 13:54:10+00:00
208471951,jinan-telecom,wuhan-telecom,47.991,1.0,icmp,1592661360,2020-06-20 13:56:00+00:00
208472184,jinan-telecom,wuhan-telecom,39.844,0.0,icmp,1592661439,2020-06-20 13:57:19+00:00
208472422,jinan-telecom,wuhan-telecom,48.4803,4.0,icmp,1592661600,2020-06-20 14:00:00+00:00
208472653,jinan-telecom,wuhan-telecom,50.0887,3.0,icmp,1592661720,2020-06-20 14:02:00+00:00
208472847,jinan-telecom,wuhan-telecom,41.3957,2.0,icmp,1592661840,2020-06-20 14:04:00+00:00
208473082,jinan-telecom,wuhan-telecom,48.861,0.0,icmp,1592661960,2020-06-20 14:06:00+00:00
208473317,jinan-telecom,wuhan-telecom,40.6927,1.0,icmp,1592662080,2020-06-20 14:08:00+00:00
208473540,jinan-telecom,wuhan-telecom,47.8007,0.0,icmp,1592662200,2020-06-20 14:10:00+00:00
208473777,jinan-telecom,wuhan-telecom,39.7609,0.0,icmp,1592662279,2020-06-20 14:11:19+00:00
208474015,jinan-telecom,wuhan-telecom,47.5517,0.0,icmp,1592662440,2020-06-20 14:14:00+00:00
208474242,jinan-telecom,wuhan-telecom,46.3568,0.0,icmp,1592662560,2020-06-20 14:16:00+00:00
208474469,jinan-telecom,wuhan-telecom,39.496,0.0,icmp,1592662639,2020-06-20 14:17:19+00:00
208474687,jinan-telecom,wuhan-telecom,39.5429,0.0,icmp,1592662759,2020-06-20 14:19:19+00:00
208474912,jinan-telecom,wuhan-telecom,39.5366,0.0,icmp,1592662939,2020-06-20 14:22:19+00:00
208475130,jinan-telecom,wuhan-telecom,39.8187,0.0,icmp,1592663059,2020-06-20 14:24:19+00:00
208475375,jinan-telecom,wuhan-telecom,39.5716,0.0,icmp,1592663179,2020-06-20 14:26:19+00:00
208475582,jinan-telecom,wuhan-telecom,39.5997,0.0,icmp,1592663299,2020-06-20 14:28:19+00:00
208475838,jinan-telecom,wuhan-telecom,48.2814,0.0,icmp,1592663400,2020-06-20 14:30:00+00:00
208476062,jinan-telecom,wuhan-telecom,39.3927,0.0,icmp,1592663539,2020-06-20 14:32:19+00:00
208476274,jinan-telecom,wuhan-telecom,47.3032,0.0,icmp,1592663640,2020-06-20 14:34:00+00:00
208476520,jinan-telecom,wuhan-telecom,49.2988,0.0,icmp,1592663760,2020-06-20 14:36:00+00:00
208476752,jinan-telecom,wuhan-telecom,47.5224,1.0,icmp,1592663880,2020-06-20 14:38:00+00:00
208476956,jinan-telecom,wuhan-telecom,45.6362,1.0,icmp,1592664000,2020-06-20 14:40:00+00:00
208477220,jinan-telecom,wuhan-telecom,39.9852,1.0,icmp,1592664139,2020-06-20 14:42:19+00:00
208477417,jinan-telecom,wuhan-telecom,39.7596,0.0,icmp,1592664259,2020-06-20 14:44:19+00:00
208477651,jinan-telecom,wuhan-telecom,47.3034,0.0,icmp,1592664360,2020-06-20 14:46:00+00:00
208477892,jinan-telecom,wuhan-telecom,48.9096,0.0,icmp,1592664480,2020-06-20 14:48:00+00:00
208478114,jinan-telecom,wuhan-telecom,47.8619,0.0,icmp,1592664600,2020-06-20 14:50:00+00:00
208478329,jinan-telecom,wuhan-telecom,47.4654,0.0,icmp,1592664720,2020-06-20 14:52:00+00:00
208478568,jinan-telecom,wuhan-telecom,48.0641,0.0,icmp,1592664840,2020-06-20 14:54:00+00:00
208478798,jinan-telecom,wuhan-telecom,45.6424,0.0,icmp,1592664960,2020-06-20 14:56:00+00:00
208479019,jinan-telecom,wuhan-telecom,49.5343,0.0,icmp,1592665080,2020-06-20 14:58:00+00:00
208479225,jinan-telecom,wuhan-telecom,46.7671,0.0,icmp,1592665200,2020-06-20 15:00:00+00:00
208479481,jinan-telecom,wuhan-telecom,46.3309,0.0,icmp,1592665320,2020-06-20 15:02:00+00:00
208479711,jinan-telecom,wuhan-telecom,49.136,0.0,icmp,1592665440,2020-06-20 15:04:00+00:00
208479927,jinan-telecom,wuhan-telecom,46.386,0.0,icmp,1592665560,2020-06-20 15:06:00+00:00
208480175,jinan-telecom,wuhan-telecom,39.6212,0.0,icmp,1592665699,2020-06-20 15:08:19+00:00
208480375,jinan-telecom,wuhan-telecom,48.8768,0.0,icmp,1592665800,2020-06-20 15:10:00+00:00
208480626,jinan-telecom,wuhan-telecom,45.8841,0.0,icmp,1592665920,2020-06-20 15:12:00+00:00
208480848,jinan-telecom,wuhan-telecom,49.9253,0.0,icmp,1592666040,2020-06-20 15:14:00+00:00
208481081,jinan-telecom,wuhan-telecom,46.4028,0.0,icmp,1592666160,2020-06-20 15:16:00+00:00
208481318,jinan-telecom,wuhan-telecom,50.0932,0.0,icmp,1592666280,2020-06-20 15:18:00+00:00
208481526,jinan-telecom,wuhan-telecom,47.7277,0.0,icmp,1592666400,2020-06-20 15:20:00+00:00
208481752,jinan-telecom,wuhan-telecom,47.3333,0.0,icmp,1592666520,2020-06-20 15:22:00+00:00
208481977,jinan-telecom,wuhan-telecom,39.3716,0.0,icmp,1592666599,2020-06-20 15:23:19+00:00
208482206,jinan-telecom,wuhan-telecom,49.8957,0.0,icmp,1592666760,2020-06-20 15:26:00+00:00
208482454,jinan-telecom,wuhan-telecom,41.5678,0.0,icmp,1592666880,2020-06-20 15:28:00+00:00
208482654,jinan-telecom,wuhan-telecom,46.0672,0.0,icmp,1592667000,2020-06-20 15:30:00+00:00
208482917,jinan-telecom,wuhan-telecom,47.7994,0.0,icmp,1592667120,2020-06-20 15:32:00+00:00
208483121,jinan-telecom,wuhan-telecom,39.4001,0.0,icmp,1592667199,2020-06-20 15:33:19+00:00
208483363,jinan-telecom,wuhan-telecom,46.1971,0.0,icmp,1592667360,2020-06-20 15:36:00+00:00
208483580,jinan-telecom,wuhan-telecom,47.6392,0.0,icmp,1592667480,2020-06-20 15:38:00+00:00
208483803,jinan-telecom,wuhan-telecom,39.3403,0.0,icmp,1592667559,2020-06-20 15:39:19+00:00
208484039,jinan-telecom,wuhan-telecom,47.5906,0.0,icmp,1592667720,2020-06-20 15:42:00+00:00
208484272,jinan-telecom,wuhan-telecom,47.0172,0.0,icmp,1592667840,2020-06-20 15:44:00+00:00
208484490,jinan-telecom,wuhan-telecom,46.2559,0.0,icmp,1592667960,2020-06-20 15:46:00+00:00
208484707,jinan-telecom,wuhan-telecom,46.5367,0.0,icmp,1592668080,2020-06-20 15:48:00+00:00
208484942,jinan-telecom,wuhan-telecom,48.9977,0.0,icmp,1592668200,2020-06-20 15:50:00+00:00
208485170,jinan-telecom,wuhan-telecom,39.3758,0.0,icmp,1592668339,2020-06-20 15:52:19+00:00
208485372,jinan-telecom,wuhan-telecom,45.9813,0.0,icmp,1592668440,2020-06-20 15:54:00+00:00
208485639,jinan-telecom,wuhan-telecom,46.0715,0.0,icmp,1592668560,2020-06-20 15:56:00+00:00
208485849,jinan-telecom,wuhan-telecom,49.8873,0.0,icmp,1592668680,2020-06-20 15:58:00+00:00
208486088,jinan-telecom,wuhan-telecom,48.4303,0.0,icmp,1592668800,2020-06-20 16:00:00+00:00
208486303,jinan-telecom,wuhan-telecom,39.3499,0.0,icmp,1592668879,2020-06-20 16:01:19+00:00
208486542,jinan-telecom,wuhan-telecom,48.1498,0.0,icmp,1592669040,2020-06-20 16:04:00+00:00
208486765,jinan-telecom,wuhan-telecom,39.323,0.0,icmp,1592669119,2020-06-20 16:05:19+00:00
208487004,jinan-telecom,wuhan-telecom,46.673,0.0,icmp,1592669280,2020-06-20 16:08:00+00:00
208487231,jinan-telecom,wuhan-telecom,39.4747,0.0,icmp,1592669419,2020-06-20 16:10:19+00:00
208487445,jinan-telecom,wuhan-telecom,39.3542,0.0,icmp,1592669539,2020-06-20 16:12:19+00:00
208487692,jinan-telecom,wuhan-telecom,46.1042,0.0,icmp,1592669640,2020-06-20 16:14:00+00:00
208487912,jinan-telecom,wuhan-telecom,46.9242,0.0,icmp,1592669760,2020-06-20 16:16:00+00:00
208488134,jinan-telecom,wuhan-telecom,39.6075,0.0,icmp,1592669899,2020-06-20 16:18:19+00:00
208488356,jinan-telecom,wuhan-telecom,39.7597,0.0,icmp,1592670019,2020-06-20 16:20:19+00:00
208488601,jinan-telecom,wuhan-telecom,40.9214,0.0,icmp,1592670120,2020-06-20 16:22:00+00:00
208488820,jinan-telecom,wuhan-telecom,47.948,0.0,icmp,1592670240,2020-06-20 16:24:00+00:00
208489050,jinan-telecom,wuhan-telecom,45.9612,0.0,icmp,1592670360,2020-06-20 16:26:00+00:00
208489271,jinan-telecom,wuhan-telecom,46.7328,0.0,icmp,1592670480,2020-06-20 16:28:00+00:00
208489505,jinan-telecom,wuhan-telecom,39.4582,0.0,icmp,1592670619,2020-06-20 16:30:19+00:00
208489760,jinan-telecom,wuhan-telecom,130.1976,0.0,icmp,1592670720,2020-06-20 16:32:00+00:00
208489968,jinan-telecom,wuhan-telecom,128.8348,0.0,icmp,1592670840,2020-06-20 16:34:00+00:00
208490200,jinan-telecom,wuhan-telecom,123.7642,0.0,icmp,1592670960,2020-06-20 16:36:00+00:00
208490411,jinan-telecom,wuhan-telecom,132.3244,0.0,icmp,1592671080,2020-06-20 16:38:00+00:00
208490652,jinan-telecom,wuhan-telecom,132.8831,0.0,icmp,1592671159,2020-06-20 16:39:19+00:00
208490888,jinan-telecom,wuhan-telecom,80.0934,0.0,icmp,1592671339,2020-06-20 16:42:19+00:00
208491085,jinan-telecom,wuhan-telecom,82.8864,0.0,icmp,1592671440,2020-06-20 16:44:00+00:00
208491346,jinan-telecom,wuhan-telecom,57.7661,0.0,icmp,1592671560,2020-06-20 16:46:00+00:00
208491562,jinan-telecom,wuhan-telecom,68.1065,0.0,icmp,1592671680,2020-06-20 16:48:00+00:00
208491783,jinan-telecom,wuhan-telecom,51.0551,0.0,icmp,1592671759,2020-06-20 16:49:19+00:00
208492030,jinan-telecom,wuhan-telecom,48.7352,0.0,icmp,1592671920,2020-06-20 16:52:00+00:00
208492258,jinan-telecom,wuhan-telecom,51.6579,0.0,icmp,1592672045,2020-06-20 16:54:05+00:00
208492480,jinan-telecom,wuhan-telecom,49.5395,0.0,icmp,1592672160,2020-06-20 16:56:00+00:00
208492701,jinan-telecom,wuhan-telecom,41.5344,0.0,icmp,1592672280,2020-06-20 16:58:00+00:00
208492927,jinan-telecom,wuhan-telecom,46.8372,0.0,icmp,1592672400,2020-06-20 17:00:00+00:00
213824776,jinan-telecom,wuhan-telecom,48.1825,0.0,icmp,1592672520,2020-06-20 17:02:00+00:00
213825008,jinan-telecom,wuhan-telecom,47.8971,0.0,icmp,1592672640,2020-06-20 17:04:00+00:00
213825228,jinan-telecom,wuhan-telecom,39.9722,0.0,icmp,1592672719,2020-06-20 17:05:19+00:00
213825458,jinan-telecom,wuhan-telecom,53.8605,0.0,icmp,1592672880,2020-06-20 17:08:00+00:00
213825678,jinan-telecom,wuhan-telecom,53.0331,0.0,icmp,1592673000,2020-06-20 17:10:00+00:00
213825923,jinan-telecom,wuhan-telecom,40.5162,0.0,icmp,1592673079,2020-06-20 17:11:19+00:00
213826128,jinan-telecom,wuhan-telecom,40.1633,0.0,icmp,1592673199,2020-06-20 17:13:19+00:00
213826377,jinan-telecom,wuhan-telecom,47.8791,0.0,icmp,1592673360,2020-06-20 17:16:00+00:00
213826593,jinan-telecom,wuhan-telecom,45.8589,0.0,icmp,1592673480,2020-06-20 17:18:00+00:00
213826815,jinan-telecom,wuhan-telecom,45.7727,0.0,icmp,1592673600,2020-06-20 17:20:00+00:00
213827063,jinan-telecom,wuhan-telecom,48.3569,0.0,icmp,1592673720,2020-06-20 17:22:00+00:00
213827291,jinan-telecom,wuhan-telecom,48.6651,0.0,icmp,1592673840,2020-06-20 17:24:00+00:00
213827496,jinan-telecom,wuhan-telecom,40.0109,0.0,icmp,1592673960,2020-06-20 17:26:00+00:00
213827715,jinan-telecom,wuhan-telecom,49.7994,0.0,icmp,1592674080,2020-06-20 17:28:00+00:00
213827955,jinan-telecom,wuhan-telecom,39.7586,0.0,icmp,1592674219,2020-06-20 17:30:19+00:00
213828235,jinan-telecom,wuhan-telecom,46.6775,0.0,icmp,1592674320,2020-06-20 17:32:00+00:00
213828420,jinan-telecom,wuhan-telecom,48.5565,0.0,icmp,1592674440,2020-06-20 17:34:00+00:00
213828648,jinan-telecom,wuhan-telecom,46.5982,0.0,icmp,1592674560,2020-06-20 17:36:00+00:00
213828856,jinan-telecom,wuhan-telecom,48.508,0.0,icmp,1592674680,2020-06-20 17:38:00+00:00
213829094,jinan-telecom,wuhan-telecom,48.6715,0.0,icmp,1592674800,2020-06-20 17:40:00+00:00
213829381,jinan-telecom,wuhan-telecom,46.3518,0.0,icmp,1592674920,2020-06-20 17:42:00+00:00
213829562,jinan-telecom,wuhan-telecom,39.7325,0.0,icmp,1592675059,2020-06-20 17:44:19+00:00
213829806,jinan-telecom,wuhan-telecom,47.6627,0.0,icmp,1592675160,2020-06-20 17:46:00+00:00
213830018,jinan-telecom,wuhan-telecom,48.6495,0.0,icmp,1592675280,2020-06-20 17:48:00+00:00
213830237,jinan-telecom,wuhan-telecom,47.3634,0.0,icmp,1592675400,2020-06-20 17:50:00+00:00
213830472,jinan-telecom,wuhan-telecom,47.189,0.0,icmp,1592675520,2020-06-20 17:52:00+00:00
213830696,jinan-telecom,wuhan-telecom,45.7594,0.0,icmp,1592675640,2020-06-20 17:54:00+00:00
213830923,jinan-telecom,wuhan-telecom,47.0298,0.0,icmp,1592675760,2020-06-20 17:56:00+00:00
213831147,jinan-telecom,wuhan-telecom,39.5284,0.0,icmp,1592675839,2020-06-20 17:57:19+00:00
213831395,jinan-telecom,wuhan-telecom,41.0347,0.0,icmp,1592676000,2020-06-20 18:00:00+00:00
213831617,jinan-telecom,wuhan-telecom,43.9627,0.0,icmp,1592676120,2020-06-20 18:02:00+00:00
213831834,jinan-telecom,wuhan-telecom,47.0793,0.0,icmp,1592676240,2020-06-20 18:04:00+00:00
213832065,jinan-telecom,wuhan-telecom,46.8589,0.0,icmp,1592676360,2020-06-20 18:06:00+00:00
213832290,jinan-telecom,wuhan-telecom,47.5359,0.0,icmp,1592676480,2020-06-20 18:08:00+00:00
213832518,jinan-telecom,wuhan-telecom,39.3559,0.0,icmp,1592676619,2020-06-20 18:10:19+00:00
213832761,jinan-telecom,wuhan-telecom,39.3327,0.0,icmp,1592676739,2020-06-20 18:12:19+00:00
213832968,jinan-telecom,wuhan-telecom,39.4285,0.0,icmp,1592676859,2020-06-20 18:14:19+00:00
213833198,jinan-telecom,wuhan-telecom,47.3,0.0,icmp,1592676960,2020-06-20 18:16:00+00:00
213833443,jinan-telecom,wuhan-telecom,46.4892,0.0,icmp,1592677080,2020-06-20 18:18:00+00:00
213833665,jinan-telecom,wuhan-telecom,47.6065,0.0,icmp,1592677200,2020-06-20 18:20:00+00:00
213833907,jinan-telecom,wuhan-telecom,48.7155,0.0,icmp,1592677320,2020-06-20 18:22:00+00:00
213834131,jinan-telecom,wuhan-telecom,48.9226,0.0,icmp,1592677440,2020-06-20 18:24:00+00:00
213834345,jinan-telecom,wuhan-telecom,48.0047,0.0,icmp,1592677560,2020-06-20 18:26:00+00:00
213834566,jinan-telecom,wuhan-telecom,50.8005,0.0,icmp,1592677680,2020-06-20 18:28:00+00:00
213834780,jinan-telecom,wuhan-telecom,39.6671,0.0,icmp,1592677759,2020-06-20 18:29:19+00:00
213835029,jinan-telecom,wuhan-telecom,46.0612,0.0,icmp,1592677920,2020-06-20 18:32:00+00:00
213835256,jinan-telecom,wuhan-telecom,47.0511,0.0,icmp,1592678040,2020-06-20 18:34:00+00:00
213835484,jinan-telecom,wuhan-telecom,39.318,0.0,icmp,1592678119,2020-06-20 18:35:19+00:00
213835715,jinan-telecom,wuhan-telecom,39.5249,0.0,icmp,1592678299,2020-06-20 18:38:19+00:00
213835930,jinan-telecom,wuhan-telecom,48.2105,0.0,icmp,1592678400,2020-06-20 18:40:00+00:00
213836158,jinan-telecom,wuhan-telecom,47.0314,0.0,icmp,1592678520,2020-06-20 18:42:00+00:00
213836397,jinan-telecom,wuhan-telecom,45.872,0.0,icmp,1592678640,2020-06-20 18:44:00+00:00
213836627,jinan-telecom,wuhan-telecom,41.1042,0.0,icmp,1592678760,2020-06-20 18:46:00+00:00
213836864,jinan-telecom,wuhan-telecom,39.5866,0.0,icmp,1592678839,2020-06-20 18:47:19+00:00
213837081,jinan-telecom,wuhan-telecom,46.2767,0.0,icmp,1592679000,2020-06-20 18:50:00+00:00
213837336,jinan-telecom,wuhan-telecom,48.542,0.0,icmp,1592679120,2020-06-20 18:52:00+00:00
213837562,jinan-telecom,wuhan-telecom,51.1761,0.0,icmp,1592679240,2020-06-20 18:54:00+00:00
213837758,jinan-telecom,wuhan-telecom,48.8316,0.0,icmp,1592679360,2020-06-20 18:56:00+00:00
213837999,jinan-telecom,wuhan-telecom,49.1262,0.0,icmp,1592679480,2020-06-20 18:58:00+00:00
213838221,jinan-telecom,wuhan-telecom,47.8659,0.0,icmp,1592679600,2020-06-20 19:00:00+00:00
213838442,jinan-telecom,wuhan-telecom,47.4173,0.0,icmp,1592679720,2020-06-20 19:02:00+00:00
213838670,jinan-telecom,wuhan-telecom,39.395,0.0,icmp,1592679799,2020-06-20 19:03:19+00:00
213838892,jinan-telecom,wuhan-telecom,47.1847,0.0,icmp,1592679960,2020-06-20 19:06:00+00:00
213839142,jinan-telecom,wuhan-telecom,46.1078,0.0,icmp,1592680080,2020-06-20 19:08:00+00:00
213839342,jinan-telecom,wuhan-telecom,48.9632,0.0,icmp,1592680200,2020-06-20 19:10:00+00:00
213839582,jinan-telecom,wuhan-telecom,39.3239,0.0,icmp,1592680339,2020-06-20 19:12:19+00:00
213839824,jinan-telecom,wuhan-telecom,46.1585,0.0,icmp,1592680440,2020-06-20 19:14:00+00:00
213840042,jinan-telecom,wuhan-telecom,47.0226,0.0,icmp,1592680560,2020-06-20 19:16:00+00:00
213840255,jinan-telecom,wuhan-telecom,46.1033,0.0,icmp,1592680680,2020-06-20 19:18:00+00:00
213840498,jinan-telecom,wuhan-telecom,39.6539,0.0,icmp,1592680759,2020-06-20 19:19:19+00:00
213840708,jinan-telecom,wuhan-telecom,48.654,0.0,icmp,1592680920,2020-06-20 19:22:00+00:00
213840964,jinan-telecom,wuhan-telecom,48.7508,0.0,icmp,1592681040,2020-06-20 19:24:00+00:00
213841195,jinan-telecom,wuhan-telecom,46.2359,0.0,icmp,1592681160,2020-06-20 19:26:00+00:00
213841399,jinan-telecom,wuhan-telecom,39.3008,0.0,icmp,1592681299,2020-06-20 19:28:19+00:00
213841631,jinan-telecom,wuhan-telecom,47.8961,0.0,icmp,1592681400,2020-06-20 19:30:00+00:00
213841878,jinan-telecom,wuhan-telecom,48.6687,0.0,icmp,1592681520,2020-06-20 19:32:00+00:00
213842094,jinan-telecom,wuhan-telecom,51.0475,0.0,icmp,1592681640,2020-06-20 19:34:00+00:00
213842299,jinan-telecom,wuhan-telecom,46.7971,0.0,icmp,1592681760,2020-06-20 19:36:00+00:00
213842544,jinan-telecom,wuhan-telecom,47.8618,0.0,icmp,1592681880,2020-06-20 19:38:00+00:00
213842788,jinan-telecom,wuhan-telecom,46.1693,0.0,icmp,1592682000,2020-06-20 19:40:00+00:00
213843034,jinan-telecom,wuhan-telecom,47.9476,0.0,icmp,1592682120,2020-06-20 19:42:00+00:00
213843219,jinan-telecom,wuhan-telecom,47.7568,0.0,icmp,1592682240,2020-06-20 19:44:00+00:00
213843453,jinan-telecom,wuhan-telecom,39.4119,0.0,icmp,1592682379,2020-06-20 19:46:19+00:00
213843687,jinan-telecom,wuhan-telecom,46.8417,0.0,icmp,1592682480,2020-06-20 19:48:00+00:00
213843907,jinan-telecom,wuhan-telecom,46.576,0.0,icmp,1592682600,2020-06-20 19:50:00+00:00
213844118,jinan-telecom,wuhan-telecom,47.4878,0.0,icmp,1592682725,2020-06-20 19:52:05+00:00
213844378,jinan-telecom,wuhan-telecom,49.8919,0.0,icmp,1592682840,2020-06-20 19:54:00+00:00
213844588,jinan-telecom,wuhan-telecom,46.8941,0.0,icmp,1592682960,2020-06-20 19:56:00+00:00
213844821,jinan-telecom,wuhan-telecom,47.0179,0.0,icmp,1592683080,2020-06-20 19:58:00+00:00
213845046,jinan-telecom,wuhan-telecom,49.1955,0.0,icmp,1592683200,2020-06-20 20:00:00+00:00
213845299,jinan-telecom,wuhan-telecom,39.3574,0.0,icmp,1592683339,2020-06-20 20:02:19+00:00
213845517,jinan-telecom,wuhan-telecom,39.7393,0.0,icmp,1592683459,2020-06-20 20:04:19+00:00
213845732,jinan-telecom,wuhan-telecom,39.6822,0.0,icmp,1592683579,2020-06-20 20:06:19+00:00
213845966,jinan-telecom,wuhan-telecom,45.387,0.0,icmp,1592683680,2020-06-20 20:08:00+00:00
213846200,jinan-telecom,wuhan-telecom,48.8012,0.0,icmp,1592683800,2020-06-20 20:10:00+00:00
213846435,jinan-telecom,wuhan-telecom,49.4488,0.0,icmp,1592683920,2020-06-20 20:12:00+00:00
213846648,jinan-telecom,wuhan-telecom,47.7274,0.0,icmp,1592684040,2020-06-20 20:14:00+00:00
213846872,jinan-telecom,wuhan-telecom,39.3452,0.0,icmp,1592684119,2020-06-20 20:15:19+00:00
213847106,jinan-telecom,wuhan-telecom,48.7995,0.0,icmp,1592684280,2020-06-20 20:18:00+00:00
213847339,jinan-telecom,wuhan-telecom,48.8744,0.0,icmp,1592684400,2020-06-20 20:20:00+00:00
213847586,jinan-telecom,wuhan-telecom,45.9828,0.0,icmp,1592684520,2020-06-20 20:22:00+00:00
213847791,jinan-telecom,wuhan-telecom,46.7313,0.0,icmp,1592684640,2020-06-20 20:24:00+00:00
213848014,jinan-telecom,wuhan-telecom,46.9223,0.0,icmp,1592684760,2020-06-20 20:26:00+00:00
213848245,jinan-telecom,wuhan-telecom,48.8852,0.0,icmp,1592684880,2020-06-20 20:28:00+00:00
213848498,jinan-telecom,wuhan-telecom,48.4867,0.0,icmp,1592685000,2020-06-20 20:30:00+00:00
213848693,jinan-telecom,wuhan-telecom,46.6569,0.0,icmp,1592685120,2020-06-20 20:32:00+00:00
213848922,jinan-telecom,wuhan-telecom,47.6872,0.0,icmp,1592685240,2020-06-20 20:34:00+00:00
213849144,jinan-telecom,wuhan-telecom,40.7221,0.0,icmp,1592685365,2020-06-20 20:36:05+00:00
213849376,jinan-telecom,wuhan-telecom,47.6702,0.0,icmp,1592685480,2020-06-20 20:38:00+00:00
213849616,jinan-telecom,wuhan-telecom,39.5845,0.0,icmp,1592685619,2020-06-20 20:40:19+00:00
213849858,jinan-telecom,wuhan-telecom,47.7252,0.0,icmp,1592685720,2020-06-20 20:42:00+00:00
213850071,jinan-telecom,wuhan-telecom,47.7858,0.0,icmp,1592685840,2020-06-20 20:44:00+00:00
213850300,jinan-telecom,wuhan-telecom,46.6048,0.0,icmp,1592685960,2020-06-20 20:46:00+00:00
213850532,jinan-telecom,wuhan-telecom,47.9749,0.0,icmp,1592686080,2020-06-20 20:48:00+00:00
213850749,jinan-telecom,wuhan-telecom,44.3325,0.0,icmp,1592686200,2020-06-20 20:50:00+00:00
213850992,jinan-telecom,wuhan-telecom,49.3198,0.0,icmp,1592686320,2020-06-20 20:52:00+00:00
213851225,jinan-telecom,wuhan-telecom,45.7434,0.0,icmp,1592686440,2020-06-20 20:54:00+00:00
213851456,jinan-telecom,wuhan-telecom,39.3768,0.0,icmp,1592686579,2020-06-20 20:56:19+00:00
213851660,jinan-telecom,wuhan-telecom,39.6126,0.0,icmp,1592686684,2020-06-20 20:58:04+00:00
213851908,jinan-telecom,wuhan-telecom,47.2726,0.0,icmp,1592686800,2020-06-20 21:00:00+00:00
213852134,jinan-telecom,wuhan-telecom,47.6461,0.0,icmp,1592686920,2020-06-20 21:02:00+00:00
213852348,jinan-telecom,wuhan-telecom,42.7363,0.0,icmp,1592687040,2020-06-20 21:04:00+00:00
213852569,jinan-telecom,wuhan-telecom,47.4042,0.0,icmp,1592687160,2020-06-20 21:06:00+00:00
213852815,jinan-telecom,wuhan-telecom,44.4896,0.0,icmp,1592687280,2020-06-20 21:08:00+00:00
213853043,jinan-telecom,wuhan-telecom,47.4712,0.0,icmp,1592687400,2020-06-20 21:10:00+00:00
213853235,jinan-telecom,wuhan-telecom,48.0229,0.0,icmp,1592687520,2020-06-20 21:12:00+00:00
213853487,jinan-telecom,wuhan-telecom,49.3189,0.0,icmp,1592687640,2020-06-20 21:14:00+00:00
213853720,jinan-telecom,wuhan-telecom,49.7573,0.0,icmp,1592687760,2020-06-20 21:16:00+00:00
213853947,jinan-telecom,wuhan-telecom,46.8722,0.0,icmp,1592687880,2020-06-20 21:18:00+00:00
213854184,jinan-telecom,wuhan-telecom,39.3596,0.0,icmp,1592687959,2020-06-20 21:19:19+00:00
213854388,jinan-telecom,wuhan-telecom,47.5384,0.0,icmp,1592688120,2020-06-20 21:22:00+00:00
213854616,jinan-telecom,wuhan-telecom,39.3925,0.0,icmp,1592688199,2020-06-20 21:23:19+00:00
213854859,jinan-telecom,wuhan-telecom,39.6061,0.0,icmp,1592688360,2020-06-20 21:26:00+00:00
213855081,jinan-telecom,wuhan-telecom,39.7478,0.0,icmp,1592688439,2020-06-20 21:27:19+00:00
213855322,jinan-telecom,wuhan-telecom,50.1571,0.0,icmp,1592688600,2020-06-20 21:30:00+00:00
213855541,jinan-telecom,wuhan-telecom,45.3816,0.0,icmp,1592688720,2020-06-20 21:32:00+00:00
213855788,jinan-telecom,wuhan-telecom,49.0708,0.0,icmp,1592688840,2020-06-20 21:34:00+00:00
213856009,jinan-telecom,wuhan-telecom,41.2533,0.0,icmp,1592688960,2020-06-20 21:36:00+00:00
213856234,jinan-telecom,wuhan-telecom,39.6389,0.0,icmp,1592689024,2020-06-20 21:37:04+00:00
213856461,jinan-telecom,wuhan-telecom,46.767,0.0,icmp,1592689200,2020-06-20 21:40:00+00:00
213856683,jinan-telecom,wuhan-telecom,45.5496,0.0,icmp,1592689320,2020-06-20 21:42:00+00:00
213856911,jinan-telecom,wuhan-telecom,39.5065,0.0,icmp,1592689399,2020-06-20 21:43:19+00:00
213857130,jinan-telecom,wuhan-telecom,49.4672,0.0,icmp,1592689560,2020-06-20 21:46:00+00:00
213857358,jinan-telecom,wuhan-telecom,48.5095,0.0,icmp,1592689680,2020-06-20 21:48:00+00:00
213857608,jinan-telecom,wuhan-telecom,47.587,0.0,icmp,1592689800,2020-06-20 21:50:00+00:00
213857827,jinan-telecom,wuhan-telecom,49.3462,0.0,icmp,1592689920,2020-06-20 21:52:00+00:00
213858049,jinan-telecom,wuhan-telecom,49.6965,0.0,icmp,1592690040,2020-06-20 21:54:00+00:00
213858278,jinan-telecom,wuhan-telecom,39.4324,0.0,icmp,1592690119,2020-06-20 21:55:19+00:00
213858495,jinan-telecom,wuhan-telecom,48.9957,0.0,icmp,1592690280,2020-06-20 21:58:00+00:00
213858740,jinan-telecom,wuhan-telecom,47.6015,0.0,icmp,1592690400,2020-06-20 22:00:00+00:00
213858984,jinan-telecom,wuhan-telecom,47.7382,0.0,icmp,1592690520,2020-06-20 22:02:00+00:00
213859197,jinan-telecom,wuhan-telecom,39.2995,0.0,icmp,1592690659,2020-06-20 22:04:19+00:00
213859426,jinan-telecom,wuhan-telecom,48.4774,0.0,icmp,1592690760,2020-06-20 22:06:00+00:00
213859654,jinan-telecom,wuhan-telecom,46.7697,0.0,icmp,1592690880,2020-06-20 22:08:00+00:00
213859861,jinan-telecom,wuhan-telecom,39.5361,0.0,icmp,1592690959,2020-06-20 22:09:19+00:00
213860112,jinan-telecom,wuhan-telecom,46.877,0.0,icmp,1592691120,2020-06-20 22:12:00+00:00
213860346,jinan-telecom,wuhan-telecom,39.3793,0.0,icmp,1592691199,2020-06-20 22:13:19+00:00
213860570,jinan-telecom,wuhan-telecom,48.0934,0.0,icmp,1592691360,2020-06-20 22:16:00+00:00
213860783,jinan-telecom,wuhan-telecom,46.5224,0.0,icmp,1592691480,2020-06-20 22:18:00+00:00
213861023,jinan-telecom,wuhan-telecom,50.4825,0.0,icmp,1592691600,2020-06-20 22:20:00+00:00
213861245,jinan-telecom,wuhan-telecom,39.5479,0.0,icmp,1592691679,2020-06-20 22:21:19+00:00
213861461,jinan-telecom,wuhan-telecom,44.4003,0.0,icmp,1592691840,2020-06-20 22:24:00+00:00
213861713,jinan-telecom,wuhan-telecom,39.3646,0.0,icmp,1592691979,2020-06-20 22:26:19+00:00
213861923,jinan-telecom,wuhan-telecom,46.5707,0.0,icmp,1592692080,2020-06-20 22:28:00+00:00
213862173,jinan-telecom,wuhan-telecom,48.5357,0.0,icmp,1592692200,2020-06-20 22:30:00+00:00
213862396,jinan-telecom,wuhan-telecom,47.2738,0.0,icmp,1592692320,2020-06-20 22:32:00+00:00
213862616,jinan-telecom,wuhan-telecom,39.5313,0.0,icmp,1592692399,2020-06-20 22:33:19+00:00
213862848,jinan-telecom,wuhan-telecom,48.3023,0.0,icmp,1592692560,2020-06-20 22:36:00+00:00
213863076,jinan-telecom,wuhan-telecom,47.0282,0.0,icmp,1592692680,2020-06-20 22:38:00+00:00
213863303,jinan-telecom,wuhan-telecom,47.9637,0.0,icmp,1592692800,2020-06-20 22:40:00+00:00
213863516,jinan-telecom,wuhan-telecom,48.623,0.0,icmp,1592692920,2020-06-20 22:42:00+00:00
213863770,jinan-telecom,wuhan-telecom,39.6164,0.0,icmp,1592693059,2020-06-20 22:44:19+00:00
213863958,jinan-telecom,wuhan-telecom,49.8663,0.0,icmp,1592693160,2020-06-20 22:46:00+00:00
213864187,jinan-telecom,wuhan-telecom,39.294,0.0,icmp,1592693239,2020-06-20 22:47:19+00:00
213864417,jinan-telecom,wuhan-telecom,47.0815,0.0,icmp,1592693400,2020-06-20 22:50:00+00:00
213864670,jinan-telecom,wuhan-telecom,48.5961,0.0,icmp,1592693520,2020-06-20 22:52:00+00:00
213864888,jinan-telecom,wuhan-telecom,39.6294,0.0,icmp,1592693599,2020-06-20 22:53:19+00:00
213865124,jinan-telecom,wuhan-telecom,39.3388,0.0,icmp,1592693719,2020-06-20 22:55:19+00:00
213865338,jinan-telecom,wuhan-telecom,46.3624,0.0,icmp,1592693880,2020-06-20 22:58:00+00:00
213865586,jinan-telecom,wuhan-telecom,39.3342,0.0,icmp,1592693959,2020-06-20 22:59:19+00:00
213865803,jinan-telecom,wuhan-telecom,40.3978,0.0,icmp,1592694120,2020-06-20 23:02:00+00:00
213866030,jinan-telecom,wuhan-telecom,46.1703,0.0,icmp,1592694240,2020-06-20 23:04:00+00:00
213866255,jinan-telecom,wuhan-telecom,47.7909,0.0,icmp,1592694360,2020-06-20 23:06:00+00:00
213866484,jinan-telecom,wuhan-telecom,46.4562,0.0,icmp,1592694480,2020-06-20 23:08:00+00:00
213866714,jinan-telecom,wuhan-telecom,42.1566,0.0,icmp,1592694600,2020-06-20 23:10:00+00:00
213866952,jinan-telecom,wuhan-telecom,43.5468,0.0,icmp,1592694720,2020-06-20 23:12:00+00:00
213867180,jinan-telecom,wuhan-telecom,48.7801,0.0,icmp,1592694840,2020-06-20 23:14:00+00:00
213867393,jinan-telecom,wuhan-telecom,46.6327,0.0,icmp,1592694960,2020-06-20 23:16:00+00:00
213867627,jinan-telecom,wuhan-telecom,49.2968,0.0,icmp,1592695080,2020-06-20 23:18:00+00:00
213867851,jinan-telecom,wuhan-telecom,47.3733,0.0,icmp,1592695200,2020-06-20 23:20:00+00:00
213868099,jinan-telecom,wuhan-telecom,48.4302,0.0,icmp,1592695320,2020-06-20 23:22:00+00:00
213868325,jinan-telecom,wuhan-telecom,42.2186,0.0,icmp,1592695440,2020-06-20 23:24:00+00:00
213868538,jinan-telecom,wuhan-telecom,39.5153,0.0,icmp,1592695519,2020-06-20 23:25:19+00:00
213868755,jinan-telecom,wuhan-telecom,47.849,0.0,icmp,1592695680,2020-06-20 23:28:00+00:00
213868984,jinan-telecom,wuhan-telecom,47.893,0.0,icmp,1592695800,2020-06-20 23:30:00+00:00
213869223,jinan-telecom,wuhan-telecom,39.4426,0.0,icmp,1592695879,2020-06-20 23:31:19+00:00
213869445,jinan-telecom,wuhan-telecom,46.6367,0.0,icmp,1592696040,2020-06-20 23:34:00+00:00
213869687,jinan-telecom,wuhan-telecom,39.4036,0.0,icmp,1592696119,2020-06-20 23:35:19+00:00
213869922,jinan-telecom,wuhan-telecom,48.8393,0.0,icmp,1592696280,2020-06-20 23:38:00+00:00
213870124,jinan-telecom,wuhan-telecom,47.2868,0.0,icmp,1592696400,2020-06-20 23:40:00+00:00
213870351,jinan-telecom,wuhan-telecom,39.5433,0.0,icmp,1592696479,2020-06-20 23:41:19+00:00
213870578,jinan-telecom,wuhan-telecom,46.5476,0.0,icmp,1592696640,2020-06-20 23:44:00+00:00
213870814,jinan-telecom,wuhan-telecom,39.4059,0.0,icmp,1592696765,2020-06-20 23:46:05+00:00
213871035,jinan-telecom,wuhan-telecom,47.303,0.0,icmp,1592696880,2020-06-20 23:48:00+00:00
213871275,jinan-telecom,wuhan-telecom,44.3355,0.0,icmp,1592697000,2020-06-20 23:50:00+00:00
213871506,jinan-telecom,wuhan-telecom,47.303,0.0,icmp,1592697120,2020-06-20 23:52:00+00:00
213871744,jinan-telecom,wuhan-telecom,47.3664,0.0,icmp,1592697240,2020-06-20 23:54:00+00:00
213871936,jinan-telecom,wuhan-telecom,46.3925,0.0,icmp,1592697360,2020-06-20 23:56:00+00:00
213872194,jinan-telecom,wuhan-telecom,49.7206,0.0,icmp,1592697480,2020-06-20 23:58:00+00:00
213872416,jinan-telecom,wuhan-telecom,48.5404,0.0,icmp,1592697600,2020-06-21 00:00:00+00:00
213872648,jinan-telecom,wuhan-telecom,47.8247,0.0,icmp,1592697720,2020-06-21 00:02:00+00:00
213872871,jinan-telecom,wuhan-telecom,47.5599,0.0,icmp,1592697840,2020-06-21 00:04:00+00:00
213873092,jinan-telecom,wuhan-telecom,47.734,0.0,icmp,1592697960,2020-06-21 00:06:00+00:00
213873330,jinan-telecom,wuhan-telecom,39.7878,0.0,icmp,1592698039,2020-06-21 00:07:19+00:00
213873569,jinan-telecom,wuhan-telecom,47.3011,0.0,icmp,1592698200,2020-06-21 00:10:00+00:00
213873780,jinan-telecom,wuhan-telecom,39.3633,0.0,icmp,1592698279,2020-06-21 00:11:19+00:00
213874000,jinan-telecom,wuhan-telecom,39.8452,0.0,icmp,1592698459,2020-06-21 00:14:19+00:00
213874239,jinan-telecom,wuhan-telecom,46.901,0.0,icmp,1592698560,2020-06-21 00:16:00+00:00
213874460,jinan-telecom,wuhan-telecom,47.904,0.0,icmp,1592698680,2020-06-21 00:18:00+00:00
213874703,jinan-telecom,wuhan-telecom,43.393,0.0,icmp,1592698805,2020-06-21 00:20:05+00:00
213874932,jinan-telecom,wuhan-telecom,48.1487,0.0,icmp,1592698920,2020-06-21 00:22:00+00:00
213875164,jinan-telecom,wuhan-telecom,39.8794,0.0,icmp,1592699040,2020-06-21 00:24:00+00:00
213875371,jinan-telecom,wuhan-telecom,40.3388,0.0,icmp,1592699160,2020-06-21 00:26:00+00:00
213875608,jinan-telecom,wuhan-telecom,50.4631,0.0,icmp,1592699280,2020-06-21 00:28:00+00:00
213875837,jinan-telecom,wuhan-telecom,39.5481,0.0,icmp,1592699359,2020-06-21 00:29:19+00:00
213876057,jinan-telecom,wuhan-telecom,39.5001,0.0,icmp,1592699465,2020-06-21 00:31:05+00:00
213876298,jinan-telecom,wuhan-telecom,46.7764,0.0,icmp,1592699640,2020-06-21 00:34:00+00:00
213876522,jinan-telecom,wuhan-telecom,46.7808,0.0,icmp,1592699760,2020-06-21 00:36:00+00:00
213876745,jinan-telecom,wuhan-telecom,46.5404,0.0,icmp,1592699880,2020-06-21 00:38:00+00:00
213876965,jinan-telecom,wuhan-telecom,46.5423,0.0,icmp,1592700000,2020-06-21 00:40:00+00:00
213877199,jinan-telecom,wuhan-telecom,48.9855,0.0,icmp,1592700120,2020-06-21 00:42:00+00:00
213877447,jinan-telecom,wuhan-telecom,39.3826,0.0,icmp,1592700199,2020-06-21 00:43:19+00:00
213877673,jinan-telecom,wuhan-telecom,47.2148,0.0,icmp,1592700360,2020-06-21 00:46:00+00:00
213877891,jinan-telecom,wuhan-telecom,50.1346,0.0,icmp,1592700480,2020-06-21 00:48:00+00:00
213878129,jinan-telecom,wuhan-telecom,39.419,0.0,icmp,1592700559,2020-06-21 00:49:19+00:00
213878335,jinan-telecom,wuhan-telecom,39.3584,0.0,icmp,1592700739,2020-06-21 00:52:19+00:00
213878575,jinan-telecom,wuhan-telecom,49.4498,0.0,icmp,1592700840,2020-06-21 00:54:00+00:00
213878810,jinan-telecom,wuhan-telecom,45.9629,0.0,icmp,1592700960,2020-06-21 00:56:00+00:00
213879034,jinan-telecom,wuhan-telecom,46.7608,0.0,icmp,1592701080,2020-06-21 00:58:00+00:00
213879247,jinan-telecom,wuhan-telecom,47.058,0.0,icmp,1592701200,2020-06-21 01:00:00+00:00
213879483,jinan-telecom,wuhan-telecom,46.0324,0.0,icmp,1592701320,2020-06-21 01:02:00+00:00
213879720,jinan-telecom,wuhan-telecom,39.5152,0.0,icmp,1592701459,2020-06-21 01:04:19+00:00
213879932,jinan-telecom,wuhan-telecom,48.8462,0.0,icmp,1592701560,2020-06-21 01:06:00+00:00
213880187,jinan-telecom,wuhan-telecom,46.451,0.0,icmp,1592701680,2020-06-21 01:08:00+00:00
213880400,jinan-telecom,wuhan-telecom,47.2696,0.0,icmp,1592701800,2020-06-21 01:10:00+00:00
213880640,jinan-telecom,wuhan-telecom,50.9094,0.0,icmp,1592701920,2020-06-21 01:12:00+00:00
213880853,jinan-telecom,wuhan-telecom,49.9976,0.0,icmp,1592702040,2020-06-21 01:14:00+00:00
213881083,jinan-telecom,wuhan-telecom,39.3613,0.0,icmp,1592702119,2020-06-21 01:15:19+00:00
213881316,jinan-telecom,wuhan-telecom,45.2454,0.0,icmp,1592702280,2020-06-21 01:18:00+00:00
213881520,jinan-telecom,wuhan-telecom,47.9112,0.0,icmp,1592702400,2020-06-21 01:20:00+00:00
213881765,jinan-telecom,wuhan-telecom,39.5675,0.0,icmp,1592702479,2020-06-21 01:21:19+00:00
213881982,jinan-telecom,wuhan-telecom,44.5201,0.0,icmp,1592702640,2020-06-21 01:24:00+00:00
213882233,jinan-telecom,wuhan-telecom,45.921,0.0,icmp,1592702760,2020-06-21 01:26:00+00:00
213882462,jinan-telecom,wuhan-telecom,47.9621,0.0,icmp,1592702880,2020-06-21 01:28:00+00:00
213882690,jinan-telecom,wuhan-telecom,47.0254,0.0,icmp,1592703000,2020-06-21 01:30:00+00:00
213882901,jinan-telecom,wuhan-telecom,39.4512,0.0,icmp,1592703139,2020-06-21 01:32:19+00:00
213883131,jinan-telecom,wuhan-telecom,44.4791,0.0,icmp,1592703240,2020-06-21 01:34:00+00:00
213883365,jinan-telecom,wuhan-telecom,46.6003,0.0,icmp,1592703360,2020-06-21 01:36:00+00:00
213883575,jinan-telecom,wuhan-telecom,50.2751,0.0,icmp,1592703480,2020-06-21 01:38:00+00:00
213883814,jinan-telecom,wuhan-telecom,46.5348,0.0,icmp,1592703600,2020-06-21 01:40:00+00:00
213884054,jinan-telecom,wuhan-telecom,47.1668,0.0,icmp,1592703720,2020-06-21 01:42:00+00:00
213884268,jinan-telecom,wuhan-telecom,49.1586,0.0,icmp,1592703840,2020-06-21 01:44:00+00:00
213884485,jinan-telecom,wuhan-telecom,40.056,0.0,icmp,1592703960,2020-06-21 01:46:00+00:00
213884734,jinan-telecom,wuhan-telecom,39.5202,0.0,icmp,1592704085,2020-06-21 01:48:05+00:00
213884942,jinan-telecom,wuhan-telecom,54.0408,0.0,icmp,1592704200,2020-06-21 01:50:00+00:00
213885179,jinan-telecom,wuhan-telecom,48.8421,0.0,icmp,1592704320,2020-06-21 01:52:00+00:00
213885412,jinan-telecom,wuhan-telecom,39.4387,0.0,icmp,1592704385,2020-06-21 01:53:05+00:00
213885641,jinan-telecom,wuhan-telecom,39.5697,0.0,icmp,1592704519,2020-06-21 01:55:19+00:00
213885899,jinan-telecom,wuhan-telecom,45.6511,0.0,icmp,1592704680,2020-06-21 01:58:00+00:00
213886104,jinan-telecom,wuhan-telecom,46.9241,0.0,icmp,1592704800,2020-06-21 02:00:00+00:00
213886327,jinan-telecom,wuhan-telecom,41.5025,0.0,icmp,1592704920,2020-06-21 02:02:00+00:00
213886554,jinan-telecom,wuhan-telecom,39.4958,0.0,icmp,1592704999,2020-06-21 02:03:19+00:00
213886771,jinan-telecom,wuhan-telecom,44.8507,0.0,icmp,1592705160,2020-06-21 02:06:00+00:00
213887000,jinan-telecom,wuhan-telecom,47.0721,0.0,icmp,1592705280,2020-06-21 02:08:00+00:00
213887242,jinan-telecom,wuhan-telecom,48.0463,0.0,icmp,1592705400,2020-06-21 02:10:00+00:00
213887477,jinan-telecom,wuhan-telecom,47.9749,0.0,icmp,1592705520,2020-06-21 02:12:00+00:00
213887699,jinan-telecom,wuhan-telecom,47.047,0.0,icmp,1592705640,2020-06-21 02:14:00+00:00
213887907,jinan-telecom,wuhan-telecom,48.7385,0.0,icmp,1592705760,2020-06-21 02:16:00+00:00
213888136,jinan-telecom,wuhan-telecom,48.4516,0.0,icmp,1592705880,2020-06-21 02:18:00+00:00
213888372,jinan-telecom,wuhan-telecom,40.2817,0.0,icmp,1592706000,2020-06-21 02:20:00+00:00
213888603,jinan-telecom,wuhan-telecom,39.4711,0.0,icmp,1592706079,2020-06-21 02:21:19+00:00
213888831,jinan-telecom,wuhan-telecom,39.3701,0.0,icmp,1592706199,2020-06-21 02:23:19+00:00
213889036,jinan-telecom,wuhan-telecom,46.5164,0.0,icmp,1592706360,2020-06-21 02:26:00+00:00
213889281,jinan-telecom,wuhan-telecom,46.7344,0.0,icmp,1592706480,2020-06-21 02:28:00+00:00
213889530,jinan-telecom,wuhan-telecom,47.6307,0.0,icmp,1592706600,2020-06-21 02:30:00+00:00
213889731,jinan-telecom,wuhan-telecom,39.6288,0.0,icmp,1592706679,2020-06-21 02:31:19+00:00
213889958,jinan-telecom,wuhan-telecom,47.5896,0.0,icmp,1592706840,2020-06-21 02:34:00+00:00
213890201,jinan-telecom,wuhan-telecom,48.5124,0.0,icmp,1592706960,2020-06-21 02:36:00+00:00
213890428,jinan-telecom,wuhan-telecom,45.4894,0.0,icmp,1592707080,2020-06-21 02:38:00+00:00
213890671,jinan-telecom,wuhan-telecom,48.4161,0.0,icmp,1592707200,2020-06-21 02:40:00+00:00
213890876,jinan-telecom,wuhan-telecom,46.9534,0.0,icmp,1592707320,2020-06-21 02:42:00+00:00
213891125,jinan-telecom,wuhan-telecom,46.4595,0.0,icmp,1592707440,2020-06-21 02:44:00+00:00
213891355,jinan-telecom,wuhan-telecom,39.5482,0.0,icmp,1592707579,2020-06-21 02:46:19+00:00
213891580,jinan-telecom,wuhan-telecom,39.3927,0.0,icmp,1592707699,2020-06-21 02:48:19+00:00
213891800,jinan-telecom,wuhan-telecom,47.4638,0.0,icmp,1592707800,2020-06-21 02:50:00+00:00
213892025,jinan-telecom,wuhan-telecom,39.5063,0.0,icmp,1592707939,2020-06-21 02:52:19+00:00
213892258,jinan-telecom,wuhan-telecom,43.3134,0.0,icmp,1592708040,2020-06-21 02:54:00+00:00
213892475,jinan-telecom,wuhan-telecom,39.5299,0.0,icmp,1592708179,2020-06-21 02:56:19+00:00
213892708,jinan-telecom,wuhan-telecom,49.5537,0.0,icmp,1592708280,2020-06-21 02:58:00+00:00
213892945,jinan-telecom,wuhan-telecom,48.2101,0.0,icmp,1592708400,2020-06-21 03:00:00+00:00
213893174,jinan-telecom,wuhan-telecom,39.3921,0.0,icmp,1592708539,2020-06-21 03:02:19+00:00
213893378,jinan-telecom,wuhan-telecom,46.514,0.0,icmp,1592708640,2020-06-21 03:04:00+00:00
213893615,jinan-telecom,wuhan-telecom,46.0828,0.0,icmp,1592708760,2020-06-21 03:06:00+00:00
213893837,jinan-telecom,wuhan-telecom,47.8151,0.0,icmp,1592708880,2020-06-21 03:08:00+00:00
213894081,jinan-telecom,wuhan-telecom,39.3511,0.0,icmp,1592709019,2020-06-21 03:10:19+00:00
213894309,jinan-telecom,wuhan-telecom,46.6728,0.0,icmp,1592709120,2020-06-21 03:12:00+00:00
213894551,jinan-telecom,wuhan-telecom,41.366,0.0,icmp,1592709240,2020-06-21 03:14:00+00:00
213894759,jinan-telecom,wuhan-telecom,47.2006,0.0,icmp,1592709360,2020-06-21 03:16:00+00:00
213894972,jinan-telecom,wuhan-telecom,48.3893,0.0,icmp,1592709480,2020-06-21 03:18:00+00:00
213895215,jinan-telecom,wuhan-telecom,49.7212,0.0,icmp,1592709600,2020-06-21 03:20:00+00:00
213895433,jinan-telecom,wuhan-telecom,47.5494,0.0,icmp,1592709720,2020-06-21 03:22:00+00:00
213895683,jinan-telecom,wuhan-telecom,41.8218,0.0,icmp,1592709784,2020-06-21 03:23:04+00:00
213895906,jinan-telecom,wuhan-telecom,47.3281,0.0,icmp,1592709960,2020-06-21 03:26:00+00:00
213896118,jinan-telecom,wuhan-telecom,39.4565,0.0,icmp,1592710039,2020-06-21 03:27:19+00:00
213896378,jinan-telecom,wuhan-telecom,47.391,0.0,icmp,1592710200,2020-06-21 03:30:00+00:00
213896577,jinan-telecom,wuhan-telecom,45.8852,0.0,icmp,1592710320,2020-06-21 03:32:00+00:00
213896801,jinan-telecom,wuhan-telecom,39.3576,0.0,icmp,1592710399,2020-06-21 03:33:19+00:00
213897039,jinan-telecom,wuhan-telecom,47.1681,0.0,icmp,1592710560,2020-06-21 03:36:00+00:00
213897270,jinan-telecom,wuhan-telecom,39.6719,0.0,icmp,1592710639,2020-06-21 03:37:19+00:00
213897476,jinan-telecom,wuhan-telecom,39.4141,0.0,icmp,1592710819,2020-06-21 03:40:19+00:00
213897725,jinan-telecom,wuhan-telecom,46.5903,0.0,icmp,1592710920,2020-06-21 03:42:00+00:00
213897966,jinan-telecom,wuhan-telecom,45.8893,0.0,icmp,1592711040,2020-06-21 03:44:00+00:00
213898189,jinan-telecom,wuhan-telecom,47.6918,0.0,icmp,1592711160,2020-06-21 03:46:00+00:00
213898395,jinan-telecom,wuhan-telecom,46.6024,0.0,icmp,1592711280,2020-06-21 03:48:00+00:00
213898629,jinan-telecom,wuhan-telecom,49.4309,0.0,icmp,1592711400,2020-06-21 03:50:00+00:00
213898867,jinan-telecom,wuhan-telecom,48.2838,0.0,icmp,1592711520,2020-06-21 03:52:00+00:00
213899095,jinan-telecom,wuhan-telecom,48.0363,0.0,icmp,1592711640,2020-06-21 03:54:00+00:00
213899308,jinan-telecom,wuhan-telecom,39.3402,0.0,icmp,1592711719,2020-06-21 03:55:19+00:00
213899556,jinan-telecom,wuhan-telecom,39.3505,0.0,icmp,1592711839,2020-06-21 03:57:19+00:00
213899787,jinan-telecom,wuhan-telecom,47.5921,0.0,icmp,1592712000,2020-06-21 04:00:00+00:00
213899994,jinan-telecom,wuhan-telecom,39.6076,0.0,icmp,1592712139,2020-06-21 04:02:19+00:00
213900224,jinan-telecom,wuhan-telecom,39.4915,0.0,icmp,1592712244,2020-06-21 04:04:04+00:00
213900446,jinan-telecom,wuhan-telecom,44.3504,0.0,icmp,1592712360,2020-06-21 04:06:00+00:00
213900699,jinan-telecom,wuhan-telecom,50.6108,0.0,icmp,1592712480,2020-06-21 04:08:00+00:00
213900914,jinan-telecom,wuhan-telecom,47.1848,0.0,icmp,1592712600,2020-06-21 04:10:00+00:00
213901129,jinan-telecom,wuhan-telecom,49.8667,0.0,icmp,1592712720,2020-06-21 04:12:00+00:00
213901363,jinan-telecom,wuhan-telecom,41.1183,0.0,icmp,1592712840,2020-06-21 04:14:00+00:00
213901596,jinan-telecom,wuhan-telecom,42.0419,0.0,icmp,1592712960,2020-06-21 04:16:00+00:00
213901836,jinan-telecom,wuhan-telecom,44.8532,0.0,icmp,1592713080,2020-06-21 04:18:00+00:00
213902068,jinan-telecom,wuhan-telecom,47.4878,0.0,icmp,1592713200,2020-06-21 04:20:00+00:00
213902289,jinan-telecom,wuhan-telecom,39.5399,0.0,icmp,1592713279,2020-06-21 04:21:19+00:00
213902504,jinan-telecom,wuhan-telecom,39.4025,0.0,icmp,1592713459,2020-06-21 04:24:19+00:00
213902735,jinan-telecom,wuhan-telecom,47.9406,0.0,icmp,1592713560,2020-06-21 04:26:00+00:00
213902951,jinan-telecom,wuhan-telecom,48.1828,0.0,icmp,1592713680,2020-06-21 04:28:00+00:00
213903205,jinan-telecom,wuhan-telecom,48.0193,0.0,icmp,1592713800,2020-06-21 04:30:00+00:00
213903429,jinan-telecom,wuhan-telecom,46.2632,0.0,icmp,1592713920,2020-06-21 04:32:00+00:00
213903661,jinan-telecom,wuhan-telecom,46.5693,0.0,icmp,1592714040,2020-06-21 04:34:00+00:00
213903865,jinan-telecom,wuhan-telecom,39.7263,0.0,icmp,1592714179,2020-06-21 04:36:19+00:00
213904096,jinan-telecom,wuhan-telecom,48.9823,0.0,icmp,1592714280,2020-06-21 04:38:00+00:00
213904345,jinan-telecom,wuhan-telecom,39.3469,0.0,icmp,1592714419,2020-06-21 04:40:19+00:00
213904554,jinan-telecom,wuhan-telecom,46.577,0.0,icmp,1592714520,2020-06-21 04:42:00+00:00
213904784,jinan-telecom,wuhan-telecom,47.6497,0.0,icmp,1592714640,2020-06-21 04:44:00+00:00
213905026,jinan-telecom,wuhan-telecom,39.6244,0.0,icmp,1592714719,2020-06-21 04:45:19+00:00
213905260,jinan-telecom,wuhan-telecom,39.4391,0.0,icmp,1592714899,2020-06-21 04:48:19+00:00
213905475,jinan-telecom,wuhan-telecom,47.965,0.0,icmp,1592715000,2020-06-21 04:50:00+00:00
213905681,jinan-telecom,wuhan-telecom,48.4909,0.0,icmp,1592715120,2020-06-21 04:52:00+00:00
213905953,jinan-telecom,wuhan-telecom,47.4322,0.0,icmp,1592715240,2020-06-21 04:54:00+00:00
213906145,jinan-telecom,wuhan-telecom,47.0912,0.0,icmp,1592715360,2020-06-21 04:56:00+00:00
213906392,jinan-telecom,wuhan-telecom,39.3452,0.0,icmp,1592715499,2020-06-21 04:58:19+00:00
213906629,jinan-telecom,wuhan-telecom,39.4385,0.0,icmp,1592715619,2020-06-21 05:00:19+00:00
213906868,jinan-telecom,wuhan-telecom,45.3395,0.0,icmp,1592715720,2020-06-21 05:02:00+00:00
213907062,jinan-telecom,wuhan-telecom,39.683,0.0,icmp,1592715799,2020-06-21 05:03:19+00:00
213907294,jinan-telecom,wuhan-telecom,45.452,0.0,icmp,1592715960,2020-06-21 05:06:00+00:00
213907522,jinan-telecom,wuhan-telecom,47.96,0.0,icmp,1592716080,2020-06-21 05:08:00+00:00
213907782,jinan-telecom,wuhan-telecom,47.6733,0.0,icmp,1592716200,2020-06-21 05:10:00+00:00
213907998,jinan-telecom,wuhan-telecom,46.9071,0.0,icmp,1592716320,2020-06-21 05:12:00+00:00
213908214,jinan-telecom,wuhan-telecom,48.8817,0.0,icmp,1592716440,2020-06-21 05:14:00+00:00
213908430,jinan-telecom,wuhan-telecom,47.4496,0.0,icmp,1592716560,2020-06-21 05:16:00+00:00
213908684,jinan-telecom,wuhan-telecom,47.7017,0.0,icmp,1592716680,2020-06-21 05:18:00+00:00
213908873,jinan-telecom,wuhan-telecom,50.0276,0.0,icmp,1592716800,2020-06-21 05:20:00+00:00
213909125,jinan-telecom,wuhan-telecom,47.877,0.0,icmp,1592716920,2020-06-21 05:22:00+00:00
213909346,jinan-telecom,wuhan-telecom,46.3806,0.0,icmp,1592717040,2020-06-21 05:24:00+00:00
213909576,jinan-telecom,wuhan-telecom,48.2332,0.0,icmp,1592717160,2020-06-21 05:26:00+00:00
213909801,jinan-telecom,wuhan-telecom,40.7376,0.0,icmp,1592717280,2020-06-21 05:28:00+00:00
213910044,jinan-telecom,wuhan-telecom,39.3777,0.0,icmp,1592717419,2020-06-21 05:30:19+00:00
213910275,jinan-telecom,wuhan-telecom,47.9245,0.0,icmp,1592717520,2020-06-21 05:32:00+00:00
213910488,jinan-telecom,wuhan-telecom,45.7281,0.0,icmp,1592717640,2020-06-21 05:34:00+00:00
213910728,jinan-telecom,wuhan-telecom,45.8974,0.0,icmp,1592717760,2020-06-21 05:36:00+00:00
213910934,jinan-telecom,wuhan-telecom,47.7589,0.0,icmp,1592717880,2020-06-21 05:38:00+00:00
213911176,jinan-telecom,wuhan-telecom,48.7484,0.0,icmp,1592718000,2020-06-21 05:40:00+00:00
213911396,jinan-telecom,wuhan-telecom,39.4252,0.0,icmp,1592718139,2020-06-21 05:42:19+00:00
213911641,jinan-telecom,wuhan-telecom,48.1641,0.0,icmp,1592718240,2020-06-21 05:44:00+00:00
213911844,jinan-telecom,wuhan-telecom,45.018,0.0,icmp,1592718360,2020-06-21 05:46:00+00:00
213912083,jinan-telecom,wuhan-telecom,39.5463,0.0,icmp,1592718439,2020-06-21 05:47:19+00:00
213912330,jinan-telecom,wuhan-telecom,45.7857,0.0,icmp,1592718600,2020-06-21 05:50:00+00:00
213912539,jinan-telecom,wuhan-telecom,48.0147,0.0,icmp,1592718720,2020-06-21 05:52:00+00:00
213912757,jinan-telecom,wuhan-telecom,47.8747,0.0,icmp,1592718840,2020-06-21 05:54:00+00:00
213912995,jinan-telecom,wuhan-telecom,46.5199,0.0,icmp,1592718960,2020-06-21 05:56:00+00:00
213913215,jinan-telecom,wuhan-telecom,39.6901,0.0,icmp,1592719039,2020-06-21 05:57:19+00:00
213913460,jinan-telecom,wuhan-telecom,44.9487,0.0,icmp,1592719200,2020-06-21 06:00:00+00:00
213913690,jinan-telecom,wuhan-telecom,50.7047,0.0,icmp,1592719320,2020-06-21 06:02:00+00:00
213913915,jinan-telecom,wuhan-telecom,39.6777,0.0,icmp,1592719459,2020-06-21 06:04:19+00:00
213914143,jinan-telecom,wuhan-telecom,48.2973,0.0,icmp,1592719560,2020-06-21 06:06:00+00:00
213914359,jinan-telecom,wuhan-telecom,49.1829,0.0,icmp,1592719680,2020-06-21 06:08:00+00:00
213914605,jinan-telecom,wuhan-telecom,46.5616,0.0,icmp,1592719800,2020-06-21 06:10:00+00:00
213914831,jinan-telecom,wuhan-telecom,47.7199,0.0,icmp,1592719920,2020-06-21 06:12:00+00:00
213915062,jinan-telecom,wuhan-telecom,39.4683,0.0,icmp,1592719999,2020-06-21 06:13:19+00:00
213915287,jinan-telecom,wuhan-telecom,39.3581,0.0,icmp,1592720119,2020-06-21 06:15:19+00:00
213915505,jinan-telecom,wuhan-telecom,39.394,0.0,icmp,1592720239,2020-06-21 06:17:19+00:00
213915737,jinan-telecom,wuhan-telecom,49.152,0.0,icmp,1592720400,2020-06-21 06:20:00+00:00
213915991,jinan-telecom,wuhan-telecom,48.602,0.0,icmp,1592720520,2020-06-21 06:22:00+00:00
213916182,jinan-telecom,wuhan-telecom,45.5682,0.0,icmp,1592720640,2020-06-21 06:24:00+00:00
213916423,jinan-telecom,wuhan-telecom,47.4963,0.0,icmp,1592720760,2020-06-21 06:26:00+00:00
213916641,jinan-telecom,wuhan-telecom,47.3073,0.0,icmp,1592720880,2020-06-21 06:28:00+00:00
213916862,jinan-telecom,wuhan-telecom,47.1961,0.0,icmp,1592721000,2020-06-21 06:30:00+00:00
213917108,jinan-telecom,wuhan-telecom,46.862,0.0,icmp,1592721120,2020-06-21 06:32:00+00:00
213917333,jinan-telecom,wuhan-telecom,46.1416,0.0,icmp,1592721240,2020-06-21 06:34:00+00:00
213917558,jinan-telecom,wuhan-telecom,47.4828,0.0,icmp,1592721360,2020-06-21 06:36:00+00:00
213917785,jinan-telecom,wuhan-telecom,40.6267,0.0,icmp,1592721485,2020-06-21 06:38:05+00:00
213918023,jinan-telecom,wuhan-telecom,49.0264,0.0,icmp,1592721600,2020-06-21 06:40:00+00:00
213918237,jinan-telecom,wuhan-telecom,40.9417,0.0,icmp,1592721720,2020-06-21 06:42:00+00:00
213918472,jinan-telecom,wuhan-telecom,49.6602,0.0,icmp,1592721840,2020-06-21 06:44:00+00:00
213918704,jinan-telecom,wuhan-telecom,42.3629,0.0,icmp,1592721960,2020-06-21 06:46:00+00:00
213918924,jinan-telecom,wuhan-telecom,39.3961,0.0,icmp,1592722039,2020-06-21 06:47:19+00:00
213919154,jinan-telecom,wuhan-telecom,45.2435,0.0,icmp,1592722200,2020-06-21 06:50:00+00:00
213919384,jinan-telecom,wuhan-telecom,46.6679,0.0,icmp,1592722320,2020-06-21 06:52:00+00:00
213919605,jinan-telecom,wuhan-telecom,46.282,0.0,icmp,1592722440,2020-06-21 06:54:00+00:00
213919837,jinan-telecom,wuhan-telecom,39.5069,0.0,icmp,1592722519,2020-06-21 06:55:19+00:00
213920057,jinan-telecom,wuhan-telecom,47.9867,0.0,icmp,1592722680,2020-06-21 06:58:00+00:00
213920296,jinan-telecom,wuhan-telecom,49.3378,0.0,icmp,1592722800,2020-06-21 07:00:00+00:00
213920528,jinan-telecom,wuhan-telecom,39.4899,0.0,icmp,1592722939,2020-06-21 07:02:19+00:00
213920743,jinan-telecom,wuhan-telecom,47.9241,0.0,icmp,1592723040,2020-06-21 07:04:00+00:00
213920974,jinan-telecom,wuhan-telecom,47.2311,0.0,icmp,1592723160,2020-06-21 07:06:00+00:00
213921207,jinan-telecom,wuhan-telecom,48.0943,0.0,icmp,1592723280,2020-06-21 07:08:00+00:00
213921459,jinan-telecom,wuhan-telecom,50.0603,0.0,icmp,1592723400,2020-06-21 07:10:00+00:00
213921673,jinan-telecom,wuhan-telecom,49.9086,0.0,icmp,1592723520,2020-06-21 07:12:00+00:00
213921888,jinan-telecom,wuhan-telecom,39.422,0.0,icmp,1592723599,2020-06-21 07:13:19+00:00
213922110,jinan-telecom,wuhan-telecom,39.6541,0.0,icmp,1592723719,2020-06-21 07:15:19+00:00
213922347,jinan-telecom,wuhan-telecom,49.6897,0.0,icmp,1592723880,2020-06-21 07:18:00+00:00
213922578,jinan-telecom,wuhan-telecom,48.3717,0.0,icmp,1592724000,2020-06-21 07:20:00+00:00
213922807,jinan-telecom,wuhan-telecom,39.33,0.0,icmp,1592724079,2020-06-21 07:21:19+00:00
213923020,jinan-telecom,wuhan-telecom,48.0055,0.0,icmp,1592724240,2020-06-21 07:24:00+00:00
213923253,jinan-telecom,wuhan-telecom,41.4177,0.0,icmp,1592724305,2020-06-21 07:25:05+00:00
213923478,jinan-telecom,wuhan-telecom,48.648,0.0,icmp,1592724480,2020-06-21 07:28:00+00:00
213923715,jinan-telecom,wuhan-telecom,47.2546,0.0,icmp,1592724600,2020-06-21 07:30:00+00:00
213923961,jinan-telecom,wuhan-telecom,48.6632,0.0,icmp,1592724720,2020-06-21 07:32:00+00:00
213924153,jinan-telecom,wuhan-telecom,39.7113,0.0,icmp,1592724799,2020-06-21 07:33:19+00:00
213924404,jinan-telecom,wuhan-telecom,47.1101,0.0,icmp,1592724960,2020-06-21 07:36:00+00:00
213924625,jinan-telecom,wuhan-telecom,46.5087,0.0,icmp,1592725080,2020-06-21 07:38:00+00:00
213924859,jinan-telecom,wuhan-telecom,39.5084,0.0,icmp,1592725219,2020-06-21 07:40:19+00:00
213925096,jinan-telecom,wuhan-telecom,47.3997,0.0,icmp,1592725320,2020-06-21 07:42:00+00:00
213925306,jinan-telecom,wuhan-telecom,46.2915,0.0,icmp,1592725440,2020-06-21 07:44:00+00:00
213925544,jinan-telecom,wuhan-telecom,44.5955,0.0,icmp,1592725560,2020-06-21 07:46:00+00:00
213925759,jinan-telecom,wuhan-telecom,42.6759,0.0,icmp,1592725680,2020-06-21 07:48:00+00:00
213926010,jinan-telecom,wuhan-telecom,47.6447,0.0,icmp,1592725800,2020-06-21 07:50:00+00:00
213926223,jinan-telecom,wuhan-telecom,46.4846,0.0,icmp,1592725920,2020-06-21 07:52:00+00:00
213926453,jinan-telecom,wuhan-telecom,47.677,0.0,icmp,1592726040,2020-06-21 07:54:00+00:00
213926674,jinan-telecom,wuhan-telecom,49.333,0.0,icmp,1592726160,2020-06-21 07:56:00+00:00
213926922,jinan-telecom,wuhan-telecom,39.443,0.0,icmp,1592726285,2020-06-21 07:58:05+00:00
213927137,jinan-telecom,wuhan-telecom,51.7383,0.0,icmp,1592726400,2020-06-21 08:00:00+00:00
213927368,jinan-telecom,wuhan-telecom,48.6071,0.0,icmp,1592726520,2020-06-21 08:02:00+00:00
213927580,jinan-telecom,wuhan-telecom,43.5539,0.0,icmp,1592726640,2020-06-21 08:04:00+00:00
213927825,jinan-telecom,wuhan-telecom,41.4001,0.0,icmp,1592726764,2020-06-21 08:06:04+00:00
213928054,jinan-telecom,wuhan-telecom,47.2351,0.0,icmp,1592726880,2020-06-21 08:08:00+00:00
213928275,jinan-telecom,wuhan-telecom,47.2938,0.0,icmp,1592727000,2020-06-21 08:10:00+00:00
213928489,jinan-telecom,wuhan-telecom,48.3523,0.0,icmp,1592727120,2020-06-21 08:12:00+00:00
213928719,jinan-telecom,wuhan-telecom,46.6271,0.0,icmp,1592727240,2020-06-21 08:14:00+00:00
213928955,jinan-telecom,wuhan-telecom,48.3759,0.0,icmp,1592727360,2020-06-21 08:16:00+00:00
213929211,jinan-telecom,wuhan-telecom,48.1365,0.0,icmp,1592727480,2020-06-21 08:18:00+00:00
213929399,jinan-telecom,wuhan-telecom,46.9968,0.0,icmp,1592727600,2020-06-21 08:20:00+00:00
213929628,jinan-telecom,wuhan-telecom,49.6518,0.0,icmp,1592727720,2020-06-21 08:22:00+00:00
213929861,jinan-telecom,wuhan-telecom,48.3863,0.0,icmp,1592727840,2020-06-21 08:24:00+00:00
213930102,jinan-telecom,wuhan-telecom,46.806,0.0,icmp,1592727960,2020-06-21 08:26:00+00:00
213930320,jinan-telecom,wuhan-telecom,46.4934,0.0,icmp,1592728080,2020-06-21 08:28:00+00:00
213930553,jinan-telecom,wuhan-telecom,48.1146,0.0,icmp,1592728200,2020-06-21 08:30:00+00:00
213930803,jinan-telecom,wuhan-telecom,47.6293,0.0,icmp,1592728320,2020-06-21 08:32:00+00:00
213931006,jinan-telecom,wuhan-telecom,39.3741,0.0,icmp,1592728399,2020-06-21 08:33:19+00:00
213931244,jinan-telecom,wuhan-telecom,39.3861,0.0,icmp,1592728519,2020-06-21 08:35:19+00:00
213931458,jinan-telecom,wuhan-telecom,42.9005,0.0,icmp,1592728680,2020-06-21 08:38:00+00:00
213931684,jinan-telecom,wuhan-telecom,47.5663,0.0,icmp,1592728800,2020-06-21 08:40:00+00:00
213931971,jinan-telecom,wuhan-telecom,50.8507,0.0,icmp,1592728920,2020-06-21 08:42:00+00:00
213932149,jinan-telecom,wuhan-telecom,48.6188,0.0,icmp,1592729040,2020-06-21 08:44:00+00:00
213932380,jinan-telecom,wuhan-telecom,48.9655,0.0,icmp,1592729160,2020-06-21 08:46:00+00:00
213932599,jinan-telecom,wuhan-telecom,39.4477,0.0,icmp,1592729224,2020-06-21 08:47:04+00:00
213932828,jinan-telecom,wuhan-telecom,47.9141,0.0,icmp,1592729400,2020-06-21 08:50:00+00:00
213933067,jinan-telecom,wuhan-telecom,39.3405,0.0,icmp,1592729479,2020-06-21 08:51:19+00:00
213933328,jinan-telecom,wuhan-telecom,50.4688,0.0,icmp,1592729640,2020-06-21 08:54:00+00:00
213933529,jinan-telecom,wuhan-telecom,48.561,0.0,icmp,1592729760,2020-06-21 08:56:00+00:00
213933754,jinan-telecom,wuhan-telecom,39.4705,0.0,icmp,1592729839,2020-06-21 08:57:19+00:00
213933973,jinan-telecom,wuhan-telecom,39.3793,0.0,icmp,1592729959,2020-06-21 08:59:19+00:00
213934197,jinan-telecom,wuhan-telecom,47.9651,0.0,icmp,1592730120,2020-06-21 09:02:00+00:00
213934426,jinan-telecom,wuhan-telecom,39.3489,0.0,icmp,1592730199,2020-06-21 09:03:19+00:00
213934650,jinan-telecom,wuhan-telecom,48.1579,0.0,icmp,1592730364,2020-06-21 09:06:04+00:00
213934890,jinan-telecom,wuhan-telecom,48.8599,0.0,icmp,1592730480,2020-06-21 09:08:00+00:00
213935119,jinan-telecom,wuhan-telecom,47.9013,0.0,icmp,1592730600,2020-06-21 09:10:00+00:00
213935338,jinan-telecom,wuhan-telecom,39.4378,0.0,icmp,1592730739,2020-06-21 09:12:19+00:00
213935564,jinan-telecom,wuhan-telecom,48.365,0.0,icmp,1592730840,2020-06-21 09:14:00+00:00
213935805,jinan-telecom,wuhan-telecom,47.3358,0.0,icmp,1592730960,2020-06-21 09:16:00+00:00
213936025,jinan-telecom,wuhan-telecom,49.6886,0.0,icmp,1592731080,2020-06-21 09:18:00+00:00
213936247,jinan-telecom,wuhan-telecom,39.4435,0.0,icmp,1592731159,2020-06-21 09:19:19+00:00
213936494,jinan-telecom,wuhan-telecom,39.3636,0.0,icmp,1592731279,2020-06-21 09:21:19+00:00
213936706,jinan-telecom,wuhan-telecom,45.9084,0.0,icmp,1592731440,2020-06-21 09:24:00+00:00
213936927,jinan-telecom,wuhan-telecom,46.6314,0.0,icmp,1592731560,2020-06-21 09:26:00+00:00
213937180,jinan-telecom,wuhan-telecom,47.0315,0.0,icmp,1592731680,2020-06-21 09:28:00+00:00
213937398,jinan-telecom,wuhan-telecom,46.6741,0.0,icmp,1592731800,2020-06-21 09:30:00+00:00
213937627,jinan-telecom,wuhan-telecom,48.877,0.0,icmp,1592731920,2020-06-21 09:32:00+00:00
213937842,jinan-telecom,wuhan-telecom,42.3311,0.0,icmp,1592732040,2020-06-21 09:34:00+00:00
213938065,jinan-telecom,wuhan-telecom,39.7143,0.0,icmp,1592732179,2020-06-21 09:36:19+00:00
213938309,jinan-telecom,wuhan-telecom,48.1814,0.0,icmp,1592732280,2020-06-21 09:38:00+00:00
213938525,jinan-telecom,wuhan-telecom,45.8928,0.0,icmp,1592732400,2020-06-21 09:40:00+00:00
213938778,jinan-telecom,wuhan-telecom,49.6006,0.0,icmp,1592732520,2020-06-21 09:42:00+00:00
213939007,jinan-telecom,wuhan-telecom,47.318,0.0,icmp,1592732640,2020-06-21 09:44:00+00:00
213939213,jinan-telecom,wuhan-telecom,46.8389,0.0,icmp,1592732760,2020-06-21 09:46:00+00:00
213939437,jinan-telecom,wuhan-telecom,46.8712,0.0,icmp,1592732880,2020-06-21 09:48:00+00:00
213939673,jinan-telecom,wuhan-telecom,48.4731,0.0,icmp,1592733000,2020-06-21 09:50:00+00:00
213939889,jinan-telecom,wuhan-telecom,45.6545,0.0,icmp,1592733120,2020-06-21 09:52:00+00:00
213940118,jinan-telecom,wuhan-telecom,39.4489,0.0,icmp,1592733259,2020-06-21 09:54:19+00:00
213940382,jinan-telecom,wuhan-telecom,47.3327,0.0,icmp,1592733360,2020-06-21 09:56:00+00:00
213940602,jinan-telecom,wuhan-telecom,39.3547,0.0,icmp,1592733439,2020-06-21 09:57:19+00:00
213940820,jinan-telecom,wuhan-telecom,39.4002,0.0,icmp,1592733559,2020-06-21 09:59:19+00:00
213941093,jinan-telecom,wuhan-telecom,49.7459,0.0,icmp,1592733720,2020-06-21 10:02:00+00:00
213941259,jinan-telecom,wuhan-telecom,48.0462,0.0,icmp,1592733840,2020-06-21 10:04:00+00:00
213941497,jinan-telecom,wuhan-telecom,46.6297,0.0,icmp,1592733960,2020-06-21 10:06:00+00:00
213941716,jinan-telecom,wuhan-telecom,48.457,0.0,icmp,1592734080,2020-06-21 10:08:00+00:00
213941957,jinan-telecom,wuhan-telecom,47.1186,0.0,icmp,1592734200,2020-06-21 10:10:00+00:00
213942190,jinan-telecom,wuhan-telecom,48.6529,0.0,icmp,1592734320,2020-06-21 10:12:00+00:00
213942393,jinan-telecom,wuhan-telecom,47.6693,0.0,icmp,1592734440,2020-06-21 10:14:00+00:00
218174315,jinan-telecom,wuhan-telecom,46.4712,0.0,icmp,1592983020,2020-06-24 07:17:00+00:00
218174527,jinan-telecom,wuhan-telecom,41.3465,0.0,icmp,1592983140,2020-06-24 07:19:00+00:00
218174757,jinan-telecom,wuhan-telecom,39.3738,0.0,icmp,1592983279,2020-06-24 07:21:19+00:00
218174987,jinan-telecom,wuhan-telecom,47.8333,0.0,icmp,1592983380,2020-06-24 07:23:00+00:00
218175215,jinan-telecom,wuhan-telecom,39.3641,0.0,icmp,1592983519,2020-06-24 07:25:19+00:00
218175435,jinan-telecom,wuhan-telecom,48.5027,0.0,icmp,1592983620,2020-06-24 07:27:00+00:00
218175677,jinan-telecom,wuhan-telecom,47.6694,0.0,icmp,1592983740,2020-06-24 07:29:00+00:00
218175880,jinan-telecom,wuhan-telecom,47.1336,0.0,icmp,1592983860,2020-06-24 07:31:00+00:00
218176104,jinan-telecom,wuhan-telecom,46.2182,0.0,icmp,1592983980,2020-06-24 07:33:00+00:00
218176330,jinan-telecom,wuhan-telecom,48.5904,0.0,icmp,1592984100,2020-06-24 07:35:00+00:00
218176550,jinan-telecom,wuhan-telecom,39.3813,0.0,icmp,1592984239,2020-06-24 07:37:19+00:00
218176801,jinan-telecom,wuhan-telecom,39.4235,0.0,icmp,1592984359,2020-06-24 07:39:19+00:00
218177010,jinan-telecom,wuhan-telecom,47.4089,0.0,icmp,1592984460,2020-06-24 07:41:00+00:00
218177243,jinan-telecom,wuhan-telecom,46.0735,0.0,icmp,1592984580,2020-06-24 07:43:00+00:00
218177464,jinan-telecom,wuhan-telecom,39.3189,0.0,icmp,1592984719,2020-06-24 07:45:19+00:00
218177688,jinan-telecom,wuhan-telecom,47.5473,0.0,icmp,1592984820,2020-06-24 07:47:00+00:00
218177915,jinan-telecom,wuhan-telecom,45.9975,0.0,icmp,1592984940,2020-06-24 07:49:00+00:00
218178155,jinan-telecom,wuhan-telecom,48.1794,0.0,icmp,1592985060,2020-06-24 07:51:00+00:00
218178369,jinan-telecom,wuhan-telecom,39.5627,0.0,icmp,1592985184,2020-06-24 07:53:04+00:00
218178572,jinan-telecom,wuhan-telecom,45.589,0.0,icmp,1592985300,2020-06-24 07:55:00+00:00
218178831,jinan-telecom,wuhan-telecom,45.7232,0.0,icmp,1592985420,2020-06-24 07:57:00+00:00
218179035,jinan-telecom,wuhan-telecom,41.915,0.0,icmp,1592985540,2020-06-24 07:59:00+00:00
218179256,jinan-telecom,wuhan-telecom,47.8527,0.0,icmp,1592985660,2020-06-24 08:01:00+00:00
218179487,jinan-telecom,wuhan-telecom,49.8778,0.0,icmp,1592985780,2020-06-24 08:03:00+00:00
218179722,jinan-telecom,wuhan-telecom,47.0218,0.0,icmp,1592985900,2020-06-24 08:05:00+00:00
218179932,jinan-telecom,wuhan-telecom,39.4893,0.0,icmp,1592985979,2020-06-24 08:06:19+00:00
218180177,jinan-telecom,wuhan-telecom,47.9381,0.0,icmp,1592986140,2020-06-24 08:09:00+00:00
218180420,jinan-telecom,wuhan-telecom,47.3532,0.0,icmp,1592986260,2020-06-24 08:11:00+00:00
218180624,jinan-telecom,wuhan-telecom,49.1147,0.0,icmp,1592986380,2020-06-24 08:13:00+00:00
218180820,jinan-telecom,wuhan-telecom,48.1397,0.0,icmp,1592986500,2020-06-24 08:15:00+00:00
218181056,jinan-telecom,wuhan-telecom,46.6519,0.0,icmp,1592986620,2020-06-24 08:17:00+00:00
218181282,jinan-telecom,wuhan-telecom,46.5257,0.0,icmp,1592986740,2020-06-24 08:19:00+00:00
218181519,jinan-telecom,wuhan-telecom,48.0287,0.0,icmp,1592986860,2020-06-24 08:21:00+00:00
218181725,jinan-telecom,wuhan-telecom,49.062,0.0,icmp,1592986980,2020-06-24 08:23:00+00:00
218181950,jinan-telecom,wuhan-telecom,45.9337,0.0,icmp,1592987100,2020-06-24 08:25:00+00:00
218182202,jinan-telecom,wuhan-telecom,47.8413,0.0,icmp,1592987220,2020-06-24 08:27:00+00:00
218182404,jinan-telecom,wuhan-telecom,45.3596,0.0,icmp,1592987340,2020-06-24 08:29:00+00:00
218182635,jinan-telecom,wuhan-telecom,47.6979,0.0,icmp,1592987460,2020-06-24 08:31:00+00:00
218182869,jinan-telecom,wuhan-telecom,48.6585,0.0,icmp,1592987580,2020-06-24 08:33:00+00:00
218183085,jinan-telecom,wuhan-telecom,47.2877,0.0,icmp,1592987700,2020-06-24 08:35:00+00:00
218183339,jinan-telecom,wuhan-telecom,39.5123,0.0,icmp,1592987839,2020-06-24 08:37:19+00:00
218183564,jinan-telecom,wuhan-telecom,42.0772,0.0,icmp,1592987940,2020-06-24 08:39:00+00:00
218183755,jinan-telecom,wuhan-telecom,48.8933,0.0,icmp,1592988060,2020-06-24 08:41:00+00:00
218183976,jinan-telecom,wuhan-telecom,47.3703,0.0,icmp,1592988180,2020-06-24 08:43:00+00:00
218184223,jinan-telecom,wuhan-telecom,48.7764,0.0,icmp,1592988300,2020-06-24 08:45:00+00:00
218184418,jinan-telecom,wuhan-telecom,46.7119,0.0,icmp,1592988420,2020-06-24 08:47:00+00:00
218184649,jinan-telecom,wuhan-telecom,48.2945,0.0,icmp,1592988540,2020-06-24 08:49:00+00:00
218184886,jinan-telecom,wuhan-telecom,45.5464,0.0,icmp,1592988660,2020-06-24 08:51:00+00:00
218185105,jinan-telecom,wuhan-telecom,39.3258,0.0,icmp,1592988799,2020-06-24 08:53:19+00:00
218185339,jinan-telecom,wuhan-telecom,47.9202,0.0,icmp,1592988900,2020-06-24 08:55:00+00:00
218185580,jinan-telecom,wuhan-telecom,46.1099,0.0,icmp,1592989020,2020-06-24 08:57:00+00:00
218185794,jinan-telecom,wuhan-telecom,47.5073,0.0,icmp,1592989140,2020-06-24 08:59:00+00:00
218186032,jinan-telecom,wuhan-telecom,49.624,0.0,icmp,1592989260,2020-06-24 09:01:00+00:00
218186235,jinan-telecom,wuhan-telecom,45.8134,0.0,icmp,1592989380,2020-06-24 09:03:00+00:00
218186466,jinan-telecom,wuhan-telecom,49.03,0.0,icmp,1592989500,2020-06-24 09:05:00+00:00
218186673,jinan-telecom,wuhan-telecom,39.5927,0.0,icmp,1592989639,2020-06-24 09:07:19+00:00
218186896,jinan-telecom,wuhan-telecom,47.4663,0.0,icmp,1592989740,2020-06-24 09:09:00+00:00
218187125,jinan-telecom,wuhan-telecom,39.9413,0.0,icmp,1592989819,2020-06-24 09:10:19+00:00
218187378,jinan-telecom,wuhan-telecom,45.3302,0.0,icmp,1592989980,2020-06-24 09:13:00+00:00
218187622,jinan-telecom,wuhan-telecom,48.3228,0.0,icmp,1592990100,2020-06-24 09:15:00+00:00
218187805,jinan-telecom,wuhan-telecom,45.2314,0.0,icmp,1592990220,2020-06-24 09:17:00+00:00
218188029,jinan-telecom,wuhan-telecom,45.4913,0.0,icmp,1592990340,2020-06-24 09:19:00+00:00
218188260,jinan-telecom,wuhan-telecom,46.8608,0.0,icmp,1592990460,2020-06-24 09:21:00+00:00
218188478,jinan-telecom,wuhan-telecom,39.3496,0.0,icmp,1592990539,2020-06-24 09:22:19+00:00
218188746,jinan-telecom,wuhan-telecom,48.8059,0.0,icmp,1592990700,2020-06-24 09:25:00+00:00
218188952,jinan-telecom,wuhan-telecom,47.1098,0.0,icmp,1592990820,2020-06-24 09:27:00+00:00
218189168,jinan-telecom,wuhan-telecom,47.2477,0.0,icmp,1592990940,2020-06-24 09:29:00+00:00
218189408,jinan-telecom,wuhan-telecom,46.6822,0.0,icmp,1592991060,2020-06-24 09:31:00+00:00
218189591,jinan-telecom,wuhan-telecom,39.3787,0.0,icmp,1592991139,2020-06-24 09:32:19+00:00
218189830,jinan-telecom,wuhan-telecom,48.5735,0.0,icmp,1592991300,2020-06-24 09:35:00+00:00
218190072,jinan-telecom,wuhan-telecom,44.8578,0.0,icmp,1592991420,2020-06-24 09:37:00+00:00
218190259,jinan-telecom,wuhan-telecom,46.7281,0.0,icmp,1592991540,2020-06-24 09:39:00+00:00
218190515,jinan-telecom,wuhan-telecom,41.2092,0.0,icmp,1592991660,2020-06-24 09:41:00+00:00
218190740,jinan-telecom,wuhan-telecom,45.4863,0.0,icmp,1592991780,2020-06-24 09:43:00+00:00
218190977,jinan-telecom,wuhan-telecom,48.854,0.0,icmp,1592991900,2020-06-24 09:45:00+00:00
218191185,jinan-telecom,wuhan-telecom,47.9322,0.0,icmp,1592992020,2020-06-24 09:47:00+00:00
218191424,jinan-telecom,wuhan-telecom,46.8882,0.0,icmp,1592992140,2020-06-24 09:49:00+00:00
218191651,jinan-telecom,wuhan-telecom,48.4645,0.0,icmp,1592992260,2020-06-24 09:51:00+00:00
218191868,jinan-telecom,wuhan-telecom,47.3156,0.0,icmp,1592992380,2020-06-24 09:53:00+00:00
218192079,jinan-telecom,wuhan-telecom,48.8178,0.0,icmp,1592992500,2020-06-24 09:55:00+00:00
218192318,jinan-telecom,wuhan-telecom,49.5824,0.0,icmp,1592992620,2020-06-24 09:57:00+00:00
218192530,jinan-telecom,wuhan-telecom,43.0317,0.0,icmp,1592992740,2020-06-24 09:59:00+00:00
218192772,jinan-telecom,wuhan-telecom,39.5544,0.0,icmp,1592992819,2020-06-24 10:00:19+00:00
218192979,jinan-telecom,wuhan-telecom,47.4454,0.0,icmp,1592992980,2020-06-24 10:03:00+00:00
218193231,jinan-telecom,wuhan-telecom,45.2547,0.0,icmp,1592993100,2020-06-24 10:05:00+00:00
218193427,jinan-telecom,wuhan-telecom,47.6668,0.0,icmp,1592993220,2020-06-24 10:07:00+00:00
218193669,jinan-telecom,wuhan-telecom,46.7785,0.0,icmp,1592993340,2020-06-24 10:09:00+00:00
218193892,jinan-telecom,wuhan-telecom,39.4337,0.0,icmp,1592993419,2020-06-24 10:10:19+00:00
218194098,jinan-telecom,wuhan-telecom,39.3721,0.0,icmp,1592993539,2020-06-24 10:12:19+00:00
218194356,jinan-telecom,wuhan-telecom,46.9455,0.0,icmp,1592993700,2020-06-24 10:15:00+00:00
218194553,jinan-telecom,wuhan-telecom,43.4722,0.0,icmp,1592993820,2020-06-24 10:17:00+00:00
218194804,jinan-telecom,wuhan-telecom,45.3165,0.0,icmp,1592993940,2020-06-24 10:19:00+00:00
218195006,jinan-telecom,wuhan-telecom,39.7852,0.0,icmp,1592994079,2020-06-24 10:21:19+00:00
218195254,jinan-telecom,wuhan-telecom,48.7627,0.0,icmp,1592994180,2020-06-24 10:23:00+00:00
218195491,jinan-telecom,wuhan-telecom,39.354,0.0,icmp,1592994259,2020-06-24 10:24:19+00:00
218195679,jinan-telecom,wuhan-telecom,47.0041,0.0,icmp,1592994420,2020-06-24 10:27:00+00:00
218195905,jinan-telecom,wuhan-telecom,42.2088,0.0,icmp,1592994540,2020-06-24 10:29:00+00:00
218196135,jinan-telecom,wuhan-telecom,46.1814,0.0,icmp,1592994660,2020-06-24 10:31:00+00:00
218196376,jinan-telecom,wuhan-telecom,47.2022,0.0,icmp,1592994780,2020-06-24 10:33:00+00:00
218196590,jinan-telecom,wuhan-telecom,47.4669,0.0,icmp,1592994900,2020-06-24 10:35:00+00:00
218196822,jinan-telecom,wuhan-telecom,39.3506,0.0,icmp,1592994979,2020-06-24 10:36:19+00:00
218197044,jinan-telecom,wuhan-telecom,45.9547,0.0,icmp,1592995140,2020-06-24 10:39:00+00:00
218197246,jinan-telecom,wuhan-telecom,39.75,0.0,icmp,1592995279,2020-06-24 10:41:19+00:00
218197478,jinan-telecom,wuhan-telecom,47.2349,0.0,icmp,1592995380,2020-06-24 10:43:00+00:00
218197710,jinan-telecom,wuhan-telecom,47.5009,0.0,icmp,1592995500,2020-06-24 10:45:00+00:00
218197945,jinan-telecom,wuhan-telecom,44.7197,0.0,icmp,1592995620,2020-06-24 10:47:00+00:00
218198172,jinan-telecom,wuhan-telecom,45.6521,0.0,icmp,1592995740,2020-06-24 10:49:00+00:00
218198388,jinan-telecom,wuhan-telecom,47.2461,0.0,icmp,1592995860,2020-06-24 10:51:00+00:00
218198611,jinan-telecom,wuhan-telecom,46.8747,0.0,icmp,1592995980,2020-06-24 10:53:00+00:00
218198826,jinan-telecom,wuhan-telecom,47.5117,0.0,icmp,1592996100,2020-06-24 10:55:00+00:00
218199086,jinan-telecom,wuhan-telecom,48.0474,0.0,icmp,1592996220,2020-06-24 10:57:00+00:00
218199277,jinan-telecom,wuhan-telecom,39.8647,0.0,icmp,1592996359,2020-06-24 10:59:19+00:00
218199516,jinan-telecom,wuhan-telecom,46.241,0.0,icmp,1592996460,2020-06-24 11:01:00+00:00
218199737,jinan-telecom,wuhan-telecom,49.9401,0.0,icmp,1592996580,2020-06-24 11:03:00+00:00
218199928,jinan-telecom,wuhan-telecom,49.2003,0.0,icmp,1592996700,2020-06-24 11:05:00+00:00
218200172,jinan-telecom,wuhan-telecom,39.3585,0.0,icmp,1592996779,2020-06-24 11:06:19+00:00
218200404,jinan-telecom,wuhan-telecom,45.8806,0.0,icmp,1592996940,2020-06-24 11:09:00+00:00
218200639,jinan-telecom,wuhan-telecom,45.0529,0.0,icmp,1592997060,2020-06-24 11:11:00+00:00
218200859,jinan-telecom,wuhan-telecom,48.6779,0.0,icmp,1592997180,2020-06-24 11:13:00+00:00
218201082,jinan-telecom,wuhan-telecom,45.156,0.0,icmp,1592997300,2020-06-24 11:15:00+00:00
218201309,jinan-telecom,wuhan-telecom,45.4963,0.0,icmp,1592997420,2020-06-24 11:17:00+00:00
218201521,jinan-telecom,wuhan-telecom,46.5101,0.0,icmp,1592997540,2020-06-24 11:19:00+00:00
218201783,jinan-telecom,wuhan-telecom,39.3872,0.0,icmp,1592997619,2020-06-24 11:20:19+00:00
218201987,jinan-telecom,wuhan-telecom,47.1026,0.0,icmp,1592997780,2020-06-24 11:23:00+00:00
218202209,jinan-telecom,wuhan-telecom,47.4108,0.0,icmp,1592997900,2020-06-24 11:25:00+00:00
218202462,jinan-telecom,wuhan-telecom,39.3545,0.0,icmp,1592997979,2020-06-24 11:26:19+00:00
218202661,jinan-telecom,wuhan-telecom,39.3361,0.0,icmp,1592998099,2020-06-24 11:28:19+00:00
218202875,jinan-telecom,wuhan-telecom,47.431,0.0,icmp,1592998260,2020-06-24 11:31:00+00:00
218203108,jinan-telecom,wuhan-telecom,48.7976,0.0,icmp,1592998380,2020-06-24 11:33:00+00:00
218203348,jinan-telecom,wuhan-telecom,39.3356,0.0,icmp,1592998459,2020-06-24 11:34:19+00:00
218203577,jinan-telecom,wuhan-telecom,47.0508,0.0,icmp,1592998620,2020-06-24 11:37:00+00:00
218203780,jinan-telecom,wuhan-telecom,49.6316,0.0,icmp,1592998740,2020-06-24 11:39:00+00:00
218204009,jinan-telecom,wuhan-telecom,45.3217,0.0,icmp,1592998865,2020-06-24 11:41:05+00:00
218204234,jinan-telecom,wuhan-telecom,46.9989,0.0,icmp,1592998980,2020-06-24 11:43:00+00:00
218204457,jinan-telecom,wuhan-telecom,39.3738,0.0,icmp,1592999059,2020-06-24 11:44:19+00:00
218204688,jinan-telecom,wuhan-telecom,47.3551,0.0,icmp,1592999220,2020-06-24 11:47:00+00:00
218204909,jinan-telecom,wuhan-telecom,46.6247,0.0,icmp,1592999340,2020-06-24 11:49:00+00:00
218205125,jinan-telecom,wuhan-telecom,46.4966,0.0,icmp,1592999460,2020-06-24 11:51:00+00:00
218205374,jinan-telecom,wuhan-telecom,48.7713,0.0,icmp,1592999580,2020-06-24 11:53:00+00:00
218205577,jinan-telecom,wuhan-telecom,48.331,0.0,icmp,1592999700,2020-06-24 11:55:00+00:00
218205819,jinan-telecom,wuhan-telecom,39.6452,0.0,icmp,1592999839,2020-06-24 11:57:19+00:00
218206031,jinan-telecom,wuhan-telecom,46.3838,0.0,icmp,1592999940,2020-06-24 11:59:00+00:00
218206267,jinan-telecom,wuhan-telecom,39.3752,0.0,icmp,1593000019,2020-06-24 12:00:19+00:00
218206497,jinan-telecom,wuhan-telecom,46.4917,0.0,icmp,1593000180,2020-06-24 12:03:00+00:00
218206702,jinan-telecom,wuhan-telecom,39.4619,0.0,icmp,1593000259,2020-06-24 12:04:19+00:00
218206948,jinan-telecom,wuhan-telecom,45.9526,0.0,icmp,1593000420,2020-06-24 12:07:00+00:00
218207176,jinan-telecom,wuhan-telecom,46.5366,0.0,icmp,1593000540,2020-06-24 12:09:00+00:00
218207375,jinan-telecom,wuhan-telecom,49.0315,0.0,icmp,1593000660,2020-06-24 12:11:00+00:00
218207600,jinan-telecom,wuhan-telecom,48.3515,0.0,icmp,1593000780,2020-06-24 12:13:00+00:00
218207825,jinan-telecom,wuhan-telecom,47.9996,0.0,icmp,1593000900,2020-06-24 12:15:00+00:00
218208082,jinan-telecom,wuhan-telecom,45.1519,0.0,icmp,1593001020,2020-06-24 12:17:00+00:00
218208275,jinan-telecom,wuhan-telecom,48.6165,0.0,icmp,1593001140,2020-06-24 12:19:00+00:00
218208511,jinan-telecom,wuhan-telecom,39.693,0.0,icmp,1593001219,2020-06-24 12:20:19+00:00
218208735,jinan-telecom,wuhan-telecom,49.7421,0.0,icmp,1593001380,2020-06-24 12:23:00+00:00
218208952,jinan-telecom,wuhan-telecom,39.4447,0.0,icmp,1593001445,2020-06-24 12:24:05+00:00
218209180,jinan-telecom,wuhan-telecom,39.4774,0.0,icmp,1593001579,2020-06-24 12:26:19+00:00
218209406,jinan-telecom,wuhan-telecom,47.7024,0.0,icmp,1593001740,2020-06-24 12:29:00+00:00
218209624,jinan-telecom,wuhan-telecom,39.5842,0.0,icmp,1593001819,2020-06-24 12:30:19+00:00
218209867,jinan-telecom,wuhan-telecom,46.7196,0.0,icmp,1593001980,2020-06-24 12:33:00+00:00
218210088,jinan-telecom,wuhan-telecom,39.3952,0.0,icmp,1593002059,2020-06-24 12:34:19+00:00
218210326,jinan-telecom,wuhan-telecom,46.1191,0.0,icmp,1593002220,2020-06-24 12:37:00+00:00
218210537,jinan-telecom,wuhan-telecom,39.3478,0.0,icmp,1593002299,2020-06-24 12:38:19+00:00
218210776,jinan-telecom,wuhan-telecom,39.6151,0.0,icmp,1593002464,2020-06-24 12:41:04+00:00
218210993,jinan-telecom,wuhan-telecom,39.5879,0.0,icmp,1593002599,2020-06-24 12:43:19+00:00
218211206,jinan-telecom,wuhan-telecom,39.3861,0.0,icmp,1593002719,2020-06-24 12:45:19+00:00
218211452,jinan-telecom,wuhan-telecom,46.6417,0.0,icmp,1593002820,2020-06-24 12:47:00+00:00
218211662,jinan-telecom,wuhan-telecom,47.3655,0.0,icmp,1593002940,2020-06-24 12:49:00+00:00
218211880,jinan-telecom,wuhan-telecom,39.4493,0.0,icmp,1593003019,2020-06-24 12:50:19+00:00
218212120,jinan-telecom,wuhan-telecom,47.2221,0.0,icmp,1593003180,2020-06-24 12:53:00+00:00
218212327,jinan-telecom,wuhan-telecom,47.2468,0.0,icmp,1593003300,2020-06-24 12:55:00+00:00
218212552,jinan-telecom,wuhan-telecom,39.4916,0.0,icmp,1593003439,2020-06-24 12:57:19+00:00
218212775,jinan-telecom,wuhan-telecom,48.7414,0.0,icmp,1593003540,2020-06-24 12:59:00+00:00
218213014,jinan-telecom,wuhan-telecom,39.3603,0.0,icmp,1593003619,2020-06-24 13:00:19+00:00
218213228,jinan-telecom,wuhan-telecom,49.4184,0.0,icmp,1593003780,2020-06-24 13:03:00+00:00
218213465,jinan-telecom,wuhan-telecom,39.4372,0.0,icmp,1593003919,2020-06-24 13:05:19+00:00
218213679,jinan-telecom,wuhan-telecom,46.7159,0.0,icmp,1593004020,2020-06-24 13:07:00+00:00
218213927,jinan-telecom,wuhan-telecom,39.8028,0.0,icmp,1593004159,2020-06-24 13:09:19+00:00
218214185,jinan-telecom,wuhan-telecom,39.6657,0.0,icmp,1593004279,2020-06-24 13:11:19+00:00
218214368,jinan-telecom,wuhan-telecom,46.6944,0.0,icmp,1593004380,2020-06-24 13:13:00+00:00
218214592,jinan-telecom,wuhan-telecom,46.5334,0.0,icmp,1593004500,2020-06-24 13:15:00+00:00
218214801,jinan-telecom,wuhan-telecom,48.8221,0.0,icmp,1593004620,2020-06-24 13:17:00+00:00
218215058,jinan-telecom,wuhan-telecom,46.6107,0.0,icmp,1593004740,2020-06-24 13:19:00+00:00
218215270,jinan-telecom,wuhan-telecom,45.982,0.0,icmp,1593004860,2020-06-24 13:21:00+00:00
218215491,jinan-telecom,wuhan-telecom,48.5682,0.0,icmp,1593004980,2020-06-24 13:23:00+00:00
218215718,jinan-telecom,wuhan-telecom,46.8444,0.0,icmp,1593005100,2020-06-24 13:25:00+00:00
218215941,jinan-telecom,wuhan-telecom,47.1196,0.0,icmp,1593005220,2020-06-24 13:27:00+00:00
218216167,jinan-telecom,wuhan-telecom,39.3665,0.0,icmp,1593005299,2020-06-24 13:28:19+00:00
218216382,jinan-telecom,wuhan-telecom,48.2942,0.0,icmp,1593005460,2020-06-24 13:31:00+00:00
218216612,jinan-telecom,wuhan-telecom,48.7559,0.0,icmp,1593005580,2020-06-24 13:33:00+00:00
218216824,jinan-telecom,wuhan-telecom,47.8747,0.0,icmp,1593005700,2020-06-24 13:35:00+00:00
218217051,jinan-telecom,wuhan-telecom,42.8561,0.0,icmp,1593005820,2020-06-24 13:37:00+00:00
218217298,jinan-telecom,wuhan-telecom,39.4342,0.0,icmp,1593005944,2020-06-24 13:39:04+00:00
218217516,jinan-telecom,wuhan-telecom,39.3921,0.0,icmp,1593006079,2020-06-24 13:41:19+00:00
218217746,jinan-telecom,wuhan-telecom,47.5176,0.0,icmp,1593006180,2020-06-24 13:43:00+00:00
218217965,jinan-telecom,wuhan-telecom,39.433,0.0,icmp,1593006250,2020-06-24 13:44:10+00:00
218218189,jinan-telecom,wuhan-telecom,45.403,0.0,icmp,1593006420,2020-06-24 13:47:00+00:00
218218403,jinan-telecom,wuhan-telecom,49.4459,0.0,icmp,1593006540,2020-06-24 13:49:00+00:00
218218634,jinan-telecom,wuhan-telecom,39.4962,0.0,icmp,1593006670,2020-06-24 13:51:10+00:00
218218849,jinan-telecom,wuhan-telecom,44.8428,0.0,icmp,1593006780,2020-06-24 13:53:00+00:00
218219108,jinan-telecom,wuhan-telecom,39.6571,0.0,icmp,1593006919,2020-06-24 13:55:19+00:00
218219313,jinan-telecom,wuhan-telecom,39.5707,0.0,icmp,1593007039,2020-06-24 13:57:19+00:00
218219541,jinan-telecom,wuhan-telecom,39.6847,0.0,icmp,1593007159,2020-06-24 13:59:19+00:00
218219752,jinan-telecom,wuhan-telecom,46.2265,0.0,icmp,1593007260,2020-06-24 14:01:00+00:00
218219977,jinan-telecom,wuhan-telecom,39.847,0.0,icmp,1593007325,2020-06-24 14:02:05+00:00
218220250,jinan-telecom,wuhan-telecom,46.2631,0.0,icmp,1593007500,2020-06-24 14:05:00+00:00
218220452,jinan-telecom,wuhan-telecom,42.9118,0.0,icmp,1593007620,2020-06-24 14:07:00+00:00
218220659,jinan-telecom,wuhan-telecom,48.6722,0.0,icmp,1593007740,2020-06-24 14:09:00+00:00
218220886,jinan-telecom,wuhan-telecom,47.6052,0.0,icmp,1593007860,2020-06-24 14:11:00+00:00
218221118,jinan-telecom,wuhan-telecom,46.2842,0.0,icmp,1593007980,2020-06-24 14:13:00+00:00
218221325,jinan-telecom,wuhan-telecom,45.4567,0.0,icmp,1593008100,2020-06-24 14:15:00+00:00
218221560,jinan-telecom,wuhan-telecom,39.5663,0.0,icmp,1593008179,2020-06-24 14:16:19+00:00
218221801,jinan-telecom,wuhan-telecom,45.7324,0.0,icmp,1593008340,2020-06-24 14:19:00+00:00
218222000,jinan-telecom,wuhan-telecom,48.0489,0.0,icmp,1593008460,2020-06-24 14:21:00+00:00
218222223,jinan-telecom,wuhan-telecom,39.5679,0.0,icmp,1593008599,2020-06-24 14:23:19+00:00
218222465,jinan-telecom,wuhan-telecom,47.5016,0.0,icmp,1593008700,2020-06-24 14:25:00+00:00
218222665,jinan-telecom,wuhan-telecom,47.5548,0.0,icmp,1593008820,2020-06-24 14:27:00+00:00
218222921,jinan-telecom,wuhan-telecom,44.7975,0.0,icmp,1593008940,2020-06-24 14:29:00+00:00
218223113,jinan-telecom,wuhan-telecom,47.1285,0.0,icmp,1593009060,2020-06-24 14:31:00+00:00
218223361,jinan-telecom,wuhan-telecom,39.4507,0.0,icmp,1593009139,2020-06-24 14:32:19+00:00
218223583,jinan-telecom,wuhan-telecom,48.6856,0.0,icmp,1593009300,2020-06-24 14:35:00+00:00
218223808,jinan-telecom,wuhan-telecom,45.4964,0.0,icmp,1593009420,2020-06-24 14:37:00+00:00
218224032,jinan-telecom,wuhan-telecom,45.6492,0.0,icmp,1593009540,2020-06-24 14:39:00+00:00
218224249,jinan-telecom,wuhan-telecom,44.1609,0.0,icmp,1593009660,2020-06-24 14:41:00+00:00
218224488,jinan-telecom,wuhan-telecom,48.3708,0.0,icmp,1593009780,2020-06-24 14:43:00+00:00
218224695,jinan-telecom,wuhan-telecom,47.3197,0.0,icmp,1593009900,2020-06-24 14:45:00+00:00
218224926,jinan-telecom,wuhan-telecom,43.1348,0.0,icmp,1593010020,2020-06-24 14:47:00+00:00
218225178,jinan-telecom,wuhan-telecom,46.9347,0.0,icmp,1593010140,2020-06-24 14:49:00+00:00
218225384,jinan-telecom,wuhan-telecom,39.5622,0.0,icmp,1593010279,2020-06-24 14:51:19+00:00
218225620,jinan-telecom,wuhan-telecom,49.0305,0.0,icmp,1593010380,2020-06-24 14:53:00+00:00
218225825,jinan-telecom,wuhan-telecom,47.757,0.0,icmp,1593010500,2020-06-24 14:55:00+00:00
218226078,jinan-telecom,wuhan-telecom,46.9924,0.0,icmp,1593010620,2020-06-24 14:57:00+00:00
218226302,jinan-telecom,wuhan-telecom,39.3479,0.0,icmp,1593010699,2020-06-24 14:58:19+00:00
218226527,jinan-telecom,wuhan-telecom,49.7709,0.0,icmp,1593010860,2020-06-24 15:01:00+00:00
218226742,jinan-telecom,wuhan-telecom,49.6202,0.0,icmp,1593010980,2020-06-24 15:03:00+00:00
218226960,jinan-telecom,wuhan-telecom,46.5828,0.0,icmp,1593011100,2020-06-24 15:05:00+00:00
218227186,jinan-telecom,wuhan-telecom,47.705,0.0,icmp,1593011220,2020-06-24 15:07:00+00:00
218227405,jinan-telecom,wuhan-telecom,39.3492,0.0,icmp,1593011359,2020-06-24 15:09:19+00:00
218227644,jinan-telecom,wuhan-telecom,43.5592,0.0,icmp,1593011460,2020-06-24 15:11:00+00:00
218227853,jinan-telecom,wuhan-telecom,46.0825,0.0,icmp,1593011580,2020-06-24 15:13:00+00:00
218228111,jinan-telecom,wuhan-telecom,46.8154,0.0,icmp,1593011700,2020-06-24 15:15:00+00:00
218228302,jinan-telecom,wuhan-telecom,47.6327,0.0,icmp,1593011820,2020-06-24 15:17:00+00:00
218228526,jinan-telecom,wuhan-telecom,46.5879,0.0,icmp,1593011940,2020-06-24 15:19:00+00:00
218228747,jinan-telecom,wuhan-telecom,49.0137,0.0,icmp,1593012060,2020-06-24 15:21:00+00:00
218228999,jinan-telecom,wuhan-telecom,47.8943,0.0,icmp,1593012180,2020-06-24 15:23:00+00:00
218229209,jinan-telecom,wuhan-telecom,42.4843,0.0,icmp,1593012300,2020-06-24 15:25:00+00:00
218229438,jinan-telecom,wuhan-telecom,45.9706,0.0,icmp,1593012420,2020-06-24 15:27:00+00:00
218229659,jinan-telecom,wuhan-telecom,47.9231,0.0,icmp,1593012540,2020-06-24 15:29:00+00:00
218229906,jinan-telecom,wuhan-telecom,46.5028,0.0,icmp,1593012660,2020-06-24 15:31:00+00:00
218230088,jinan-telecom,wuhan-telecom,39.3547,0.0,icmp,1593012739,2020-06-24 15:32:19+00:00
218230328,jinan-telecom,wuhan-telecom,49.2328,0.0,icmp,1593012900,2020-06-24 15:35:00+00:00
218230566,jinan-telecom,wuhan-telecom,39.5091,0.0,icmp,1593012979,2020-06-24 15:36:19+00:00
218230803,jinan-telecom,wuhan-telecom,45.8965,0.0,icmp,1593013140,2020-06-24 15:39:00+00:00
218231011,jinan-telecom,wuhan-telecom,39.3155,0.0,icmp,1593013279,2020-06-24 15:41:19+00:00
218231234,jinan-telecom,wuhan-telecom,49.4997,0.0,icmp,1593013380,2020-06-24 15:43:00+00:00
218231476,jinan-telecom,wuhan-telecom,46.3962,0.0,icmp,1593013500,2020-06-24 15:45:00+00:00
218231674,jinan-telecom,wuhan-telecom,39.5163,0.0,icmp,1593013639,2020-06-24 15:47:19+00:00
218231902,jinan-telecom,wuhan-telecom,48.0581,0.0,icmp,1593013740,2020-06-24 15:49:00+00:00
218232127,jinan-telecom,wuhan-telecom,45.2091,0.0,icmp,1593013860,2020-06-24 15:51:00+00:00
218232362,jinan-telecom,wuhan-telecom,49.8766,0.0,icmp,1593013980,2020-06-24 15:53:00+00:00
218232574,jinan-telecom,wuhan-telecom,45.8293,0.0,icmp,1593014100,2020-06-24 15:55:00+00:00
218232807,jinan-telecom,wuhan-telecom,39.6034,0.0,icmp,1593014179,2020-06-24 15:56:19+00:00
218233028,jinan-telecom,wuhan-telecom,48.6836,0.0,icmp,1593014340,2020-06-24 15:59:00+00:00
218233268,jinan-telecom,wuhan-telecom,45.339,0.0,icmp,1593014460,2020-06-24 16:01:00+00:00
218233474,jinan-telecom,wuhan-telecom,47.6333,0.0,icmp,1593014580,2020-06-24 16:03:00+00:00
218233722,jinan-telecom,wuhan-telecom,51.9524,0.0,icmp,1593014700,2020-06-24 16:05:00+00:00
218233931,jinan-telecom,wuhan-telecom,47.0995,0.0,icmp,1593014820,2020-06-24 16:07:00+00:00
218234139,jinan-telecom,wuhan-telecom,39.4399,0.0,icmp,1593014899,2020-06-24 16:08:19+00:00
218234392,jinan-telecom,wuhan-telecom,47.7658,0.0,icmp,1593015060,2020-06-24 16:11:00+00:00
218234599,jinan-telecom,wuhan-telecom,46.7536,0.0,icmp,1593015180,2020-06-24 16:13:00+00:00
218234840,jinan-telecom,wuhan-telecom,44.2763,0.0,icmp,1593015300,2020-06-24 16:15:00+00:00
218235050,jinan-telecom,wuhan-telecom,50.3262,0.0,icmp,1593015420,2020-06-24 16:17:00+00:00
218235288,jinan-telecom,wuhan-telecom,48.0158,0.0,icmp,1593015540,2020-06-24 16:19:00+00:00
218235541,jinan-telecom,wuhan-telecom,49.4795,0.0,icmp,1593015660,2020-06-24 16:21:00+00:00
218235715,jinan-telecom,wuhan-telecom,46.7018,0.0,icmp,1593015780,2020-06-24 16:23:00+00:00
218235959,jinan-telecom,wuhan-telecom,39.3756,0.0,icmp,1593015919,2020-06-24 16:25:19+00:00
218236190,jinan-telecom,wuhan-telecom,48.5337,0.0,icmp,1593016020,2020-06-24 16:27:00+00:00
218236422,jinan-telecom,wuhan-telecom,48.0205,0.0,icmp,1593016140,2020-06-24 16:29:00+00:00
218236624,jinan-telecom,wuhan-telecom,46.9599,0.0,icmp,1593016260,2020-06-24 16:31:00+00:00
218236852,jinan-telecom,wuhan-telecom,49.3282,0.0,icmp,1593016380,2020-06-24 16:33:00+00:00
218237079,jinan-telecom,wuhan-telecom,40.985,0.0,icmp,1593016500,2020-06-24 16:35:00+00:00
218237314,jinan-telecom,wuhan-telecom,48.3022,0.0,icmp,1593016620,2020-06-24 16:37:00+00:00
218237546,jinan-telecom,wuhan-telecom,47.7209,0.0,icmp,1593016740,2020-06-24 16:39:00+00:00
218237773,jinan-telecom,wuhan-telecom,49.4814,0.0,icmp,1593016860,2020-06-24 16:41:00+00:00
218237995,jinan-telecom,wuhan-telecom,47.1748,0.0,icmp,1593016980,2020-06-24 16:43:00+00:00
218238222,jinan-telecom,wuhan-telecom,39.3668,0.0,icmp,1593017059,2020-06-24 16:44:19+00:00
218238448,jinan-telecom,wuhan-telecom,47.8385,0.0,icmp,1593017220,2020-06-24 16:47:00+00:00
218238660,jinan-telecom,wuhan-telecom,48.2057,0.0,icmp,1593017340,2020-06-24 16:49:00+00:00
218238885,jinan-telecom,wuhan-telecom,41.9087,0.0,icmp,1593017460,2020-06-24 16:51:00+00:00
218239102,jinan-telecom,wuhan-telecom,39.3861,0.0,icmp,1593017539,2020-06-24 16:52:19+00:00
218239346,jinan-telecom,wuhan-telecom,46.8986,0.0,icmp,1593017700,2020-06-24 16:55:00+00:00
218239571,jinan-telecom,wuhan-telecom,47.3952,0.0,icmp,1593017820,2020-06-24 16:57:00+00:00
218239787,jinan-telecom,wuhan-telecom,39.346,0.0,icmp,1593017899,2020-06-24 16:58:19+00:00
218240016,jinan-telecom,wuhan-telecom,47.6714,0.0,icmp,1593018060,2020-06-24 17:01:00+00:00
218240243,jinan-telecom,wuhan-telecom,39.3298,0.0,icmp,1593018139,2020-06-24 17:02:19+00:00
218240461,jinan-telecom,wuhan-telecom,47.657,0.0,icmp,1593018300,2020-06-24 17:05:00+00:00
218240685,jinan-telecom,wuhan-telecom,48.3709,0.0,icmp,1593018420,2020-06-24 17:07:00+00:00
218240934,jinan-telecom,wuhan-telecom,46.2701,0.0,icmp,1593018540,2020-06-24 17:09:00+00:00
218241141,jinan-telecom,wuhan-telecom,47.1429,0.0,icmp,1593018660,2020-06-24 17:11:00+00:00
218241366,jinan-telecom,wuhan-telecom,46.7671,0.0,icmp,1593018780,2020-06-24 17:13:00+00:00
218241601,jinan-telecom,wuhan-telecom,39.5239,0.0,icmp,1593018919,2020-06-24 17:15:19+00:00
218241820,jinan-telecom,wuhan-telecom,45.7721,0.0,icmp,1593019020,2020-06-24 17:17:00+00:00
218242027,jinan-telecom,wuhan-telecom,45.996,0.0,icmp,1593019140,2020-06-24 17:19:00+00:00
218242268,jinan-telecom,wuhan-telecom,45.5204,0.0,icmp,1593019260,2020-06-24 17:21:00+00:00
218242478,jinan-telecom,wuhan-telecom,47.0482,0.0,icmp,1593019380,2020-06-24 17:23:00+00:00
218242739,jinan-telecom,wuhan-telecom,48.5728,0.0,icmp,1593019500,2020-06-24 17:25:00+00:00
218242958,jinan-telecom,wuhan-telecom,48.0386,0.0,icmp,1593019620,2020-06-24 17:27:00+00:00
218243168,jinan-telecom,wuhan-telecom,42.5481,0.0,icmp,1593019740,2020-06-24 17:29:00+00:00
218243379,jinan-telecom,wuhan-telecom,39.3285,0.0,icmp,1593019879,2020-06-24 17:31:19+00:00
218243597,jinan-telecom,wuhan-telecom,39.3631,0.0,icmp,1593019999,2020-06-24 17:33:19+00:00
218243817,jinan-telecom,wuhan-telecom,49.3755,0.0,icmp,1593020100,2020-06-24 17:35:00+00:00
218244053,jinan-telecom,wuhan-telecom,45.8443,0.0,icmp,1593020220,2020-06-24 17:37:00+00:00
218244307,jinan-telecom,wuhan-telecom,46.9159,0.0,icmp,1593020340,2020-06-24 17:39:00+00:00
218244523,jinan-telecom,wuhan-telecom,46.3096,0.0,icmp,1593020460,2020-06-24 17:41:00+00:00
218244748,jinan-telecom,wuhan-telecom,46.9618,0.0,icmp,1593020580,2020-06-24 17:43:00+00:00
218244976,jinan-telecom,wuhan-telecom,49.1127,0.0,icmp,1593020700,2020-06-24 17:45:00+00:00
218245180,jinan-telecom,wuhan-telecom,39.3385,0.0,icmp,1593020839,2020-06-24 17:47:19+00:00
218245427,jinan-telecom,wuhan-telecom,39.3302,0.0,icmp,1593020959,2020-06-24 17:49:19+00:00
218245618,jinan-telecom,wuhan-telecom,39.3281,0.0,icmp,1593021079,2020-06-24 17:51:19+00:00
218245848,jinan-telecom,wuhan-telecom,47.535,0.0,icmp,1593021180,2020-06-24 17:53:00+00:00
218246093,jinan-telecom,wuhan-telecom,46.96,0.0,icmp,1593021300,2020-06-24 17:55:00+00:00
218246315,jinan-telecom,wuhan-telecom,46.5468,0.0,icmp,1593021420,2020-06-24 17:57:00+00:00
218246550,jinan-telecom,wuhan-telecom,39.6616,0.0,icmp,1593021559,2020-06-24 17:59:19+00:00
218246762,jinan-telecom,wuhan-telecom,44.378,0.0,icmp,1593021660,2020-06-24 18:01:00+00:00
218246988,jinan-telecom,wuhan-telecom,40.9373,0.0,icmp,1593021780,2020-06-24 18:03:00+00:00
218247213,jinan-telecom,wuhan-telecom,45.7905,0.0,icmp,1593021900,2020-06-24 18:05:00+00:00
218247445,jinan-telecom,wuhan-telecom,47.1235,0.0,icmp,1593022020,2020-06-24 18:07:00+00:00
218247673,jinan-telecom,wuhan-telecom,47.7043,0.0,icmp,1593022140,2020-06-24 18:09:00+00:00
218247891,jinan-telecom,wuhan-telecom,46.2241,0.0,icmp,1593022260,2020-06-24 18:11:00+00:00
218248110,jinan-telecom,wuhan-telecom,47.848,0.0,icmp,1593022380,2020-06-24 18:13:00+00:00
218248346,jinan-telecom,wuhan-telecom,39.4078,0.0,icmp,1593022459,2020-06-24 18:14:19+00:00
218248569,jinan-telecom,wuhan-telecom,46.8068,0.0,icmp,1593022620,2020-06-24 18:17:00+00:00
218248800,jinan-telecom,wuhan-telecom,46.72,0.0,icmp,1593022740,2020-06-24 18:19:00+00:00
218249004,jinan-telecom,wuhan-telecom,47.4312,0.0,icmp,1593022860,2020-06-24 18:21:00+00:00
218249243,jinan-telecom,wuhan-telecom,44.9453,0.0,icmp,1593022980,2020-06-24 18:23:00+00:00
218249459,jinan-telecom,wuhan-telecom,46.8348,0.0,icmp,1593023100,2020-06-24 18:25:00+00:00
218249676,jinan-telecom,wuhan-telecom,46.8139,0.0,icmp,1593023220,2020-06-24 18:27:00+00:00
218249916,jinan-telecom,wuhan-telecom,46.4931,0.0,icmp,1593023340,2020-06-24 18:29:00+00:00
218250139,jinan-telecom,wuhan-telecom,46.5621,0.0,icmp,1593023460,2020-06-24 18:31:00+00:00
218250361,jinan-telecom,wuhan-telecom,49.1435,0.0,icmp,1593023580,2020-06-24 18:33:00+00:00
218250592,jinan-telecom,wuhan-telecom,41.5961,0.0,icmp,1593023700,2020-06-24 18:35:00+00:00
218250831,jinan-telecom,wuhan-telecom,47.8669,0.0,icmp,1593023820,2020-06-24 18:37:00+00:00
218251045,jinan-telecom,wuhan-telecom,45.9395,0.0,icmp,1593023940,2020-06-24 18:39:00+00:00
218251251,jinan-telecom,wuhan-telecom,46.3866,0.0,icmp,1593024060,2020-06-24 18:41:00+00:00
218251482,jinan-telecom,wuhan-telecom,44.0781,0.0,icmp,1593024184,2020-06-24 18:43:04+00:00
218251710,jinan-telecom,wuhan-telecom,47.1992,0.0,icmp,1593024300,2020-06-24 18:45:00+00:00
218251926,jinan-telecom,wuhan-telecom,41.6884,0.0,icmp,1593024420,2020-06-24 18:47:00+00:00
218252177,jinan-telecom,wuhan-telecom,47.6459,0.0,icmp,1593024540,2020-06-24 18:49:00+00:00
218252399,jinan-telecom,wuhan-telecom,40.5045,0.0,icmp,1593024660,2020-06-24 18:51:00+00:00
218252626,jinan-telecom,wuhan-telecom,39.3674,0.0,icmp,1593024799,2020-06-24 18:53:19+00:00
218252850,jinan-telecom,wuhan-telecom,39.3822,0.0,icmp,1593024919,2020-06-24 18:55:19+00:00
218253070,jinan-telecom,wuhan-telecom,39.4259,0.0,icmp,1593025039,2020-06-24 18:57:19+00:00
218253294,jinan-telecom,wuhan-telecom,47.0672,0.0,icmp,1593025140,2020-06-24 18:59:00+00:00
218253530,jinan-telecom,wuhan-telecom,45.2954,0.0,icmp,1593025260,2020-06-24 19:01:00+00:00
218253742,jinan-telecom,wuhan-telecom,39.3583,0.0,icmp,1593025399,2020-06-24 19:03:19+00:00
218253961,jinan-telecom,wuhan-telecom,48.3999,0.0,icmp,1593025500,2020-06-24 19:05:00+00:00
218254168,jinan-telecom,wuhan-telecom,39.3168,0.0,icmp,1593025579,2020-06-24 19:06:19+00:00
218254400,jinan-telecom,wuhan-telecom,46.07,0.0,icmp,1593025740,2020-06-24 19:09:00+00:00
218254625,jinan-telecom,wuhan-telecom,47.7317,0.0,icmp,1593025860,2020-06-24 19:11:00+00:00
218254850,jinan-telecom,wuhan-telecom,45.9658,0.0,icmp,1593025980,2020-06-24 19:13:00+00:00
218255099,jinan-telecom,wuhan-telecom,39.42,0.0,icmp,1593026105,2020-06-24 19:15:05+00:00
218255310,jinan-telecom,wuhan-telecom,46.9388,0.0,icmp,1593026220,2020-06-24 19:17:00+00:00
218255515,jinan-telecom,wuhan-telecom,46.6897,0.0,icmp,1593026340,2020-06-24 19:19:00+00:00
218255790,jinan-telecom,wuhan-telecom,39.5435,0.0,icmp,1593026479,2020-06-24 19:21:19+00:00
218255991,jinan-telecom,wuhan-telecom,45.4973,0.0,icmp,1593026580,2020-06-24 19:23:00+00:00
218256221,jinan-telecom,wuhan-telecom,46.9403,0.0,icmp,1593026700,2020-06-24 19:25:00+00:00
218256428,jinan-telecom,wuhan-telecom,45.8211,0.0,icmp,1593026820,2020-06-24 19:27:00+00:00
218256671,jinan-telecom,wuhan-telecom,39.3478,0.0,icmp,1593026899,2020-06-24 19:28:19+00:00
218256887,jinan-telecom,wuhan-telecom,46.9369,0.0,icmp,1593027060,2020-06-24 19:31:00+00:00
218257127,jinan-telecom,wuhan-telecom,39.3658,0.0,icmp,1593027199,2020-06-24 19:33:19+00:00
218257341,jinan-telecom,wuhan-telecom,46.9015,0.0,icmp,1593027300,2020-06-24 19:35:00+00:00
218257554,jinan-telecom,wuhan-telecom,46.9147,0.0,icmp,1593027420,2020-06-24 19:37:00+00:00
218257776,jinan-telecom,wuhan-telecom,45.9424,0.0,icmp,1593027540,2020-06-24 19:39:00+00:00
218258018,jinan-telecom,wuhan-telecom,46.3165,0.0,icmp,1593027660,2020-06-24 19:41:00+00:00
218258250,jinan-telecom,wuhan-telecom,45.8139,0.0,icmp,1593027780,2020-06-24 19:43:00+00:00
218258478,jinan-telecom,wuhan-telecom,47.5133,0.0,icmp,1593027900,2020-06-24 19:45:00+00:00
218258672,jinan-telecom,wuhan-telecom,48.1722,0.0,icmp,1593028020,2020-06-24 19:47:00+00:00
218258903,jinan-telecom,wuhan-telecom,39.4386,0.0,icmp,1593028084,2020-06-24 19:48:04+00:00
218259129,jinan-telecom,wuhan-telecom,47.5965,0.0,icmp,1593028260,2020-06-24 19:51:00+00:00
218259369,jinan-telecom,wuhan-telecom,42.0405,0.0,icmp,1593028380,2020-06-24 19:53:00+00:00
218259611,jinan-telecom,wuhan-telecom,39.5094,0.0,icmp,1593028459,2020-06-24 19:54:19+00:00
218259796,jinan-telecom,wuhan-telecom,48.7815,0.0,icmp,1593028620,2020-06-24 19:57:00+00:00
218260014,jinan-telecom,wuhan-telecom,46.3925,0.0,icmp,1593028740,2020-06-24 19:59:00+00:00
218260273,jinan-telecom,wuhan-telecom,46.1209,0.0,icmp,1593028860,2020-06-24 20:01:00+00:00
218260481,jinan-telecom,wuhan-telecom,39.5717,0.0,icmp,1593028999,2020-06-24 20:03:19+00:00
218260724,jinan-telecom,wuhan-telecom,39.5016,0.0,icmp,1593029119,2020-06-24 20:05:19+00:00
218260929,jinan-telecom,wuhan-telecom,46.7874,0.0,icmp,1593029220,2020-06-24 20:07:00+00:00
218261165,jinan-telecom,wuhan-telecom,45.4687,0.0,icmp,1593029340,2020-06-24 20:09:00+00:00
218261421,jinan-telecom,wuhan-telecom,46.1856,0.0,icmp,1593029460,2020-06-24 20:11:00+00:00
218261614,jinan-telecom,wuhan-telecom,48.0351,0.0,icmp,1593029580,2020-06-24 20:13:00+00:00
218261839,jinan-telecom,wuhan-telecom,51.2878,0.0,icmp,1593029700,2020-06-24 20:15:00+00:00
218262065,jinan-telecom,wuhan-telecom,49.351,0.0,icmp,1593029820,2020-06-24 20:17:00+00:00
218262288,jinan-telecom,wuhan-telecom,43.6951,0.0,icmp,1593029940,2020-06-24 20:19:00+00:00
218262517,jinan-telecom,wuhan-telecom,39.3481,0.0,icmp,1593030019,2020-06-24 20:20:19+00:00
218262726,jinan-telecom,wuhan-telecom,39.7256,0.0,icmp,1593030199,2020-06-24 20:23:19+00:00
218262954,jinan-telecom,wuhan-telecom,39.4557,0.0,icmp,1593030319,2020-06-24 20:25:19+00:00
218263190,jinan-telecom,wuhan-telecom,45.7213,0.0,icmp,1593030420,2020-06-24 20:27:00+00:00
218263399,jinan-telecom,wuhan-telecom,47.7464,0.0,icmp,1593030540,2020-06-24 20:29:00+00:00
218263627,jinan-telecom,wuhan-telecom,47.7426,0.0,icmp,1593030660,2020-06-24 20:31:00+00:00
218263888,jinan-telecom,wuhan-telecom,48.7746,0.0,icmp,1593030780,2020-06-24 20:33:00+00:00
218264088,jinan-telecom,wuhan-telecom,49.0757,0.0,icmp,1593030900,2020-06-24 20:35:00+00:00
218264299,jinan-telecom,wuhan-telecom,49.3689,0.0,icmp,1593031020,2020-06-24 20:37:00+00:00
218264549,jinan-telecom,wuhan-telecom,44.6885,0.0,icmp,1593031140,2020-06-24 20:39:00+00:00
218264763,jinan-telecom,wuhan-telecom,39.3654,0.0,icmp,1593031219,2020-06-24 20:40:19+00:00
218264969,jinan-telecom,wuhan-telecom,44.5687,0.0,icmp,1593031380,2020-06-24 20:43:00+00:00
218265203,jinan-telecom,wuhan-telecom,48.5338,0.0,icmp,1593031500,2020-06-24 20:45:00+00:00
218265425,jinan-telecom,wuhan-telecom,45.523,0.0,icmp,1593031620,2020-06-24 20:47:00+00:00
218265662,jinan-telecom,wuhan-telecom,47.8983,0.0,icmp,1593031740,2020-06-24 20:49:00+00:00
218265873,jinan-telecom,wuhan-telecom,46.2558,0.0,icmp,1593031860,2020-06-24 20:51:00+00:00
218266127,jinan-telecom,wuhan-telecom,45.4215,0.0,icmp,1593031980,2020-06-24 20:53:00+00:00
218266338,jinan-telecom,wuhan-telecom,49.2348,0.0,icmp,1593032100,2020-06-24 20:55:00+00:00
218266565,jinan-telecom,wuhan-telecom,40.1498,0.0,icmp,1593032220,2020-06-24 20:57:00+00:00
218266774,jinan-telecom,wuhan-telecom,50.753,0.0,icmp,1593032340,2020-06-24 20:59:00+00:00
218267057,jinan-telecom,wuhan-telecom,41.0942,0.0,icmp,1593032460,2020-06-24 21:01:00+00:00
218267248,jinan-telecom,wuhan-telecom,53.6733,0.0,icmp,1593032580,2020-06-24 21:03:00+00:00
218267455,jinan-telecom,wuhan-telecom,49.4279,0.0,icmp,1593032700,2020-06-24 21:05:00+00:00
218267700,jinan-telecom,wuhan-telecom,46.4858,0.0,icmp,1593032820,2020-06-24 21:07:00+00:00
218267903,jinan-telecom,wuhan-telecom,48.6702,0.0,icmp,1593032940,2020-06-24 21:09:00+00:00
218268131,jinan-telecom,wuhan-telecom,46.9981,0.0,icmp,1593033060,2020-06-24 21:11:00+00:00
218268366,jinan-telecom,wuhan-telecom,43.7655,0.0,icmp,1593033180,2020-06-24 21:13:00+00:00
218268603,jinan-telecom,wuhan-telecom,46.0174,0.0,icmp,1593033300,2020-06-24 21:15:00+00:00
218268821,jinan-telecom,wuhan-telecom,41.7912,0.0,icmp,1593033420,2020-06-24 21:17:00+00:00
218269030,jinan-telecom,wuhan-telecom,41.3477,0.0,icmp,1593033540,2020-06-24 21:19:00+00:00
218269247,jinan-telecom,wuhan-telecom,47.6878,0.0,icmp,1593033660,2020-06-24 21:21:00+00:00
218269502,jinan-telecom,wuhan-telecom,43.0696,0.0,icmp,1593033780,2020-06-24 21:23:00+00:00
218269715,jinan-telecom,wuhan-telecom,48.6064,0.0,icmp,1593033900,2020-06-24 21:25:00+00:00
218269938,jinan-telecom,wuhan-telecom,46.4861,0.0,icmp,1593034020,2020-06-24 21:27:00+00:00
218270159,jinan-telecom,wuhan-telecom,39.3475,0.0,icmp,1593034099,2020-06-24 21:28:19+00:00
218270367,jinan-telecom,wuhan-telecom,47.2674,0.0,icmp,1593034260,2020-06-24 21:31:00+00:00
218270625,jinan-telecom,wuhan-telecom,39.6648,0.0,icmp,1593034399,2020-06-24 21:33:19+00:00
218270855,jinan-telecom,wuhan-telecom,47.4939,0.0,icmp,1593034500,2020-06-24 21:35:00+00:00
218271061,jinan-telecom,wuhan-telecom,48.7631,0.0,icmp,1593034620,2020-06-24 21:37:00+00:00
218271276,jinan-telecom,wuhan-telecom,46.747,0.0,icmp,1593034740,2020-06-24 21:39:00+00:00
218271508,jinan-telecom,wuhan-telecom,46.2389,0.0,icmp,1593034860,2020-06-24 21:41:00+00:00
218271747,jinan-telecom,wuhan-telecom,39.3054,0.0,icmp,1593034999,2020-06-24 21:43:19+00:00
218271954,jinan-telecom,wuhan-telecom,50.5211,0.0,icmp,1593035100,2020-06-24 21:45:00+00:00
218272199,jinan-telecom,wuhan-telecom,39.3629,0.0,icmp,1593035179,2020-06-24 21:46:19+00:00
218272390,jinan-telecom,wuhan-telecom,39.5837,0.0,icmp,1593035359,2020-06-24 21:49:19+00:00
218272638,jinan-telecom,wuhan-telecom,45.4373,0.0,icmp,1593035460,2020-06-24 21:51:00+00:00
218272863,jinan-telecom,wuhan-telecom,48.0979,0.0,icmp,1593035580,2020-06-24 21:53:00+00:00
218273079,jinan-telecom,wuhan-telecom,39.5501,0.0,icmp,1593035659,2020-06-24 21:54:19+00:00
218273299,jinan-telecom,wuhan-telecom,48.6716,0.0,icmp,1593035820,2020-06-24 21:57:00+00:00
218273534,jinan-telecom,wuhan-telecom,45.402,0.0,icmp,1593035940,2020-06-24 21:59:00+00:00
218273746,jinan-telecom,wuhan-telecom,39.4034,0.0,icmp,1593036079,2020-06-24 22:01:19+00:00
218273966,jinan-telecom,wuhan-telecom,46.8872,0.0,icmp,1593036180,2020-06-24 22:03:00+00:00
218274201,jinan-telecom,wuhan-telecom,47.9586,0.0,icmp,1593036300,2020-06-24 22:05:00+00:00
218274427,jinan-telecom,wuhan-telecom,46.4719,0.0,icmp,1593036420,2020-06-24 22:07:00+00:00
218274647,jinan-telecom,wuhan-telecom,39.3611,0.0,icmp,1593036499,2020-06-24 22:08:19+00:00
218274885,jinan-telecom,wuhan-telecom,45.8665,0.0,icmp,1593036660,2020-06-24 22:11:00+00:00
218275125,jinan-telecom,wuhan-telecom,47.6526,0.0,icmp,1593036780,2020-06-24 22:13:00+00:00
218275330,jinan-telecom,wuhan-telecom,39.5218,0.0,icmp,1593036859,2020-06-24 22:14:19+00:00
218275563,jinan-telecom,wuhan-telecom,45.8734,0.0,icmp,1593037020,2020-06-24 22:17:00+00:00
218275776,jinan-telecom,wuhan-telecom,39.4958,0.0,icmp,1593037099,2020-06-24 22:18:19+00:00
218275998,jinan-telecom,wuhan-telecom,48.1483,0.0,icmp,1593037260,2020-06-24 22:21:00+00:00
218276236,jinan-telecom,wuhan-telecom,46.7906,0.0,icmp,1593037380,2020-06-24 22:23:00+00:00
218276461,jinan-telecom,wuhan-telecom,39.5861,0.0,icmp,1593037519,2020-06-24 22:25:19+00:00
218276673,jinan-telecom,wuhan-telecom,48.6196,0.0,icmp,1593037620,2020-06-24 22:27:00+00:00
218276912,jinan-telecom,wuhan-telecom,48.9324,0.0,icmp,1593037740,2020-06-24 22:29:00+00:00
218277135,jinan-telecom,wuhan-telecom,39.4296,0.0,icmp,1593037804,2020-06-24 22:30:04+00:00
218277358,jinan-telecom,wuhan-telecom,46.5046,0.0,icmp,1593037980,2020-06-24 22:33:00+00:00
218277601,jinan-telecom,wuhan-telecom,39.3637,0.0,icmp,1593038059,2020-06-24 22:34:19+00:00
218277810,jinan-telecom,wuhan-telecom,47.4547,0.0,icmp,1593038220,2020-06-24 22:37:00+00:00
218278025,jinan-telecom,wuhan-telecom,39.427,0.0,icmp,1593038345,2020-06-24 22:39:05+00:00
218278267,jinan-telecom,wuhan-telecom,45.4414,0.0,icmp,1593038460,2020-06-24 22:41:00+00:00
218278487,jinan-telecom,wuhan-telecom,39.6009,0.0,icmp,1593038599,2020-06-24 22:43:19+00:00
218278695,jinan-telecom,wuhan-telecom,48.3196,0.0,icmp,1593038700,2020-06-24 22:45:00+00:00
218278927,jinan-telecom,wuhan-telecom,47.5001,0.0,icmp,1593038820,2020-06-24 22:47:00+00:00
218279167,jinan-telecom,wuhan-telecom,49.0633,0.0,icmp,1593038940,2020-06-24 22:49:00+00:00
218279384,jinan-telecom,wuhan-telecom,47.8608,0.0,icmp,1593039060,2020-06-24 22:51:00+00:00
218279611,jinan-telecom,wuhan-telecom,48.4204,0.0,icmp,1593039180,2020-06-24 22:53:00+00:00
218279818,jinan-telecom,wuhan-telecom,47.1431,0.0,icmp,1593039300,2020-06-24 22:55:00+00:00
218280053,jinan-telecom,wuhan-telecom,47.2209,0.0,icmp,1593039420,2020-06-24 22:57:00+00:00
218280293,jinan-telecom,wuhan-telecom,47.7865,0.0,icmp,1593039540,2020-06-24 22:59:00+00:00
218280513,jinan-telecom,wuhan-telecom,45.8794,0.0,icmp,1593039660,2020-06-24 23:01:00+00:00
218280726,jinan-telecom,wuhan-telecom,46.3858,0.0,icmp,1593039780,2020-06-24 23:03:00+00:00
218280964,jinan-telecom,wuhan-telecom,47.1154,0.0,icmp,1593039900,2020-06-24 23:05:00+00:00
218281218,jinan-telecom,wuhan-telecom,45.8057,0.0,icmp,1593040020,2020-06-24 23:07:00+00:00
218281410,jinan-telecom,wuhan-telecom,47.4365,0.0,icmp,1593040140,2020-06-24 23:09:00+00:00
218281646,jinan-telecom,wuhan-telecom,46.2236,0.0,icmp,1593040260,2020-06-24 23:11:00+00:00
218281852,jinan-telecom,wuhan-telecom,47.6226,0.0,icmp,1593040380,2020-06-24 23:13:00+00:00
218282073,jinan-telecom,wuhan-telecom,47.4452,0.0,icmp,1593040500,2020-06-24 23:15:00+00:00
218282316,jinan-telecom,wuhan-telecom,47.7795,0.0,icmp,1593040620,2020-06-24 23:17:00+00:00
218282547,jinan-telecom,wuhan-telecom,46.917,0.0,icmp,1593040740,2020-06-24 23:19:00+00:00
218282775,jinan-telecom,wuhan-telecom,39.4409,0.0,icmp,1593040879,2020-06-24 23:21:19+00:00
218282977,jinan-telecom,wuhan-telecom,44.9537,0.0,icmp,1593040980,2020-06-24 23:23:00+00:00
218283206,jinan-telecom,wuhan-telecom,49.9864,0.0,icmp,1593041100,2020-06-24 23:25:00+00:00
218283428,jinan-telecom,wuhan-telecom,48.2498,0.0,icmp,1593041220,2020-06-24 23:27:00+00:00
218283647,jinan-telecom,wuhan-telecom,46.7221,0.0,icmp,1593041340,2020-06-24 23:29:00+00:00
218283871,jinan-telecom,wuhan-telecom,49.6058,0.0,icmp,1593041460,2020-06-24 23:31:00+00:00
218284108,jinan-telecom,wuhan-telecom,39.5315,0.0,icmp,1593041539,2020-06-24 23:32:19+00:00
218284349,jinan-telecom,wuhan-telecom,47.4304,0.0,icmp,1593041700,2020-06-24 23:35:00+00:00
218284550,jinan-telecom,wuhan-telecom,39.3004,0.0,icmp,1593041779,2020-06-24 23:36:19+00:00
218284780,jinan-telecom,wuhan-telecom,46.387,0.0,icmp,1593041940,2020-06-24 23:39:00+00:00
218284981,jinan-telecom,wuhan-telecom,47.1646,0.0,icmp,1593042060,2020-06-24 23:41:00+00:00
218285229,jinan-telecom,wuhan-telecom,47.132,0.0,icmp,1593042180,2020-06-24 23:43:00+00:00
218285464,jinan-telecom,wuhan-telecom,49.358,0.0,icmp,1593042300,2020-06-24 23:45:00+00:00
218285675,jinan-telecom,wuhan-telecom,47.3103,0.0,icmp,1593042420,2020-06-24 23:47:00+00:00
218285930,jinan-telecom,wuhan-telecom,49.1796,0.0,icmp,1593042540,2020-06-24 23:49:00+00:00
218286147,jinan-telecom,wuhan-telecom,47.7277,0.0,icmp,1593042660,2020-06-24 23:51:00+00:00
218286354,jinan-telecom,wuhan-telecom,47.5797,0.0,icmp,1593042780,2020-06-24 23:53:00+00:00
218286580,jinan-telecom,wuhan-telecom,39.3268,0.0,icmp,1593042859,2020-06-24 23:54:19+00:00
218286821,jinan-telecom,wuhan-telecom,39.3249,0.0,icmp,1593042979,2020-06-24 23:56:19+00:00
218287050,jinan-telecom,wuhan-telecom,45.5016,0.0,icmp,1593043140,2020-06-24 23:59:00+00:00
218287253,jinan-telecom,wuhan-telecom,46.867,0.0,icmp,1593043260,2020-06-25 00:01:00+00:00
218287494,jinan-telecom,wuhan-telecom,45.1897,0.0,icmp,1593043380,2020-06-25 00:03:00+00:00
218287709,jinan-telecom,wuhan-telecom,39.3392,0.0,icmp,1593043519,2020-06-25 00:05:19+00:00
218287922,jinan-telecom,wuhan-telecom,49.2573,0.0,icmp,1593043620,2020-06-25 00:07:00+00:00
218288164,jinan-telecom,wuhan-telecom,45.8156,0.0,icmp,1593043740,2020-06-25 00:09:00+00:00
218288391,jinan-telecom,wuhan-telecom,48.67,0.0,icmp,1593043860,2020-06-25 00:11:00+00:00
218288605,jinan-telecom,wuhan-telecom,46.7378,0.0,icmp,1593043980,2020-06-25 00:13:00+00:00
218288840,jinan-telecom,wuhan-telecom,49.0168,0.0,icmp,1593044100,2020-06-25 00:15:00+00:00
218289052,jinan-telecom,wuhan-telecom,45.2989,0.0,icmp,1593044220,2020-06-25 00:17:00+00:00
218289290,jinan-telecom,wuhan-telecom,45.6684,0.0,icmp,1593044340,2020-06-25 00:19:00+00:00
218289501,jinan-telecom,wuhan-telecom,44.4468,0.0,icmp,1593044460,2020-06-25 00:21:00+00:00
218289746,jinan-telecom,wuhan-telecom,48.362,0.0,icmp,1593044580,2020-06-25 00:23:00+00:00
218289960,jinan-telecom,wuhan-telecom,44.5016,0.0,icmp,1593044700,2020-06-25 00:25:00+00:00
218290174,jinan-telecom,wuhan-telecom,48.1824,0.0,icmp,1593044820,2020-06-25 00:27:00+00:00
218290413,jinan-telecom,wuhan-telecom,49.3627,0.0,icmp,1593044940,2020-06-25 00:29:00+00:00
218290631,jinan-telecom,wuhan-telecom,46.9067,0.0,icmp,1593045060,2020-06-25 00:31:00+00:00
218290889,jinan-telecom,wuhan-telecom,50.205,0.0,icmp,1593045180,2020-06-25 00:33:00+00:00
218291075,jinan-telecom,wuhan-telecom,48.5034,0.0,icmp,1593045300,2020-06-25 00:35:00+00:00
218291306,jinan-telecom,wuhan-telecom,39.5164,0.0,icmp,1593045439,2020-06-25 00:37:19+00:00
218291545,jinan-telecom,wuhan-telecom,48.2085,0.0,icmp,1593045540,2020-06-25 00:39:00+00:00
218291755,jinan-telecom,wuhan-telecom,46.7796,0.0,icmp,1593045660,2020-06-25 00:41:00+00:00
218291980,jinan-telecom,wuhan-telecom,46.1038,0.0,icmp,1593045780,2020-06-25 00:43:00+00:00
220992681,jinan-telecom,wuhan-telecom,44.3281,0.0,icmp,1592734560,2020-06-21 10:16:00+00:00
220992911,jinan-telecom,wuhan-telecom,39.4741,0.0,icmp,1592734639,2020-06-21 10:17:19+00:00
220993154,jinan-telecom,wuhan-telecom,44.188,0.0,icmp,1592734800,2020-06-21 10:20:00+00:00
220993398,jinan-telecom,wuhan-telecom,50.9799,0.0,icmp,1592734920,2020-06-21 10:22:00+00:00
220993613,jinan-telecom,wuhan-telecom,46.7661,0.0,icmp,1592735040,2020-06-21 10:24:00+00:00
220993825,jinan-telecom,wuhan-telecom,39.4777,0.0,icmp,1592735179,2020-06-21 10:26:19+00:00
220994072,jinan-telecom,wuhan-telecom,48.7801,0.0,icmp,1592735280,2020-06-21 10:28:00+00:00
220994295,jinan-telecom,wuhan-telecom,47.8698,0.0,icmp,1592735400,2020-06-21 10:30:00+00:00
220994505,jinan-telecom,wuhan-telecom,39.3985,0.0,icmp,1592735539,2020-06-21 10:32:19+00:00
220994741,jinan-telecom,wuhan-telecom,39.3575,0.0,icmp,1592735659,2020-06-21 10:34:19+00:00
220994969,jinan-telecom,wuhan-telecom,45.8489,0.0,icmp,1592735760,2020-06-21 10:36:00+00:00
220995209,jinan-telecom,wuhan-telecom,47.2816,0.0,icmp,1592735880,2020-06-21 10:38:00+00:00
220995413,jinan-telecom,wuhan-telecom,43.4615,0.0,icmp,1592736000,2020-06-21 10:40:00+00:00
220995641,jinan-telecom,wuhan-telecom,39.3348,0.0,icmp,1592736079,2020-06-21 10:41:19+00:00
220995870,jinan-telecom,wuhan-telecom,46.6484,0.0,icmp,1592736240,2020-06-21 10:44:00+00:00
220996102,jinan-telecom,wuhan-telecom,48.4319,0.0,icmp,1592736360,2020-06-21 10:46:00+00:00
220996345,jinan-telecom,wuhan-telecom,47.3919,0.0,icmp,1592736480,2020-06-21 10:48:00+00:00
220996574,jinan-telecom,wuhan-telecom,50.0779,0.0,icmp,1592736600,2020-06-21 10:50:00+00:00
220996806,jinan-telecom,wuhan-telecom,45.254,0.0,icmp,1592736720,2020-06-21 10:52:00+00:00
220997019,jinan-telecom,wuhan-telecom,44.6489,0.0,icmp,1592736840,2020-06-21 10:54:00+00:00
220997248,jinan-telecom,wuhan-telecom,48.3301,0.0,icmp,1592736960,2020-06-21 10:56:00+00:00
220997485,jinan-telecom,wuhan-telecom,46.4761,0.0,icmp,1592737080,2020-06-21 10:58:00+00:00
220997708,jinan-telecom,wuhan-telecom,47.7899,0.0,icmp,1592737200,2020-06-21 11:00:00+00:00
220997931,jinan-telecom,wuhan-telecom,39.3064,0.0,icmp,1592737279,2020-06-21 11:01:19+00:00
220998160,jinan-telecom,wuhan-telecom,46.1716,0.0,icmp,1592737440,2020-06-21 11:04:00+00:00
220998383,jinan-telecom,wuhan-telecom,39.4973,0.0,icmp,1592737579,2020-06-21 11:06:19+00:00
220998636,jinan-telecom,wuhan-telecom,45.8056,0.0,icmp,1592737680,2020-06-21 11:08:00+00:00
220998857,jinan-telecom,wuhan-telecom,47.7831,0.0,icmp,1592737800,2020-06-21 11:10:00+00:00
220999055,jinan-telecom,wuhan-telecom,47.5887,0.0,icmp,1592737920,2020-06-21 11:12:00+00:00
220999264,jinan-telecom,wuhan-telecom,39.3292,0.0,icmp,1592738059,2020-06-21 11:14:19+00:00
220999529,jinan-telecom,wuhan-telecom,39.3527,0.0,icmp,1592738179,2020-06-21 11:16:19+00:00
220999774,jinan-telecom,wuhan-telecom,45.7957,0.0,icmp,1592738280,2020-06-21 11:18:00+00:00
220999976,jinan-telecom,wuhan-telecom,48.2275,0.0,icmp,1592738400,2020-06-21 11:20:00+00:00
221000205,jinan-telecom,wuhan-telecom,39.4936,0.0,icmp,1592738465,2020-06-21 11:21:05+00:00
221000437,jinan-telecom,wuhan-telecom,39.3863,0.0,icmp,1592738659,2020-06-21 11:24:19+00:00
221000662,jinan-telecom,wuhan-telecom,49.5679,0.0,icmp,1592738760,2020-06-21 11:26:00+00:00
221000921,jinan-telecom,wuhan-telecom,42.2002,0.0,icmp,1592738880,2020-06-21 11:28:00+00:00
221001129,jinan-telecom,wuhan-telecom,39.4651,0.0,icmp,1592739019,2020-06-21 11:30:19+00:00
221001369,jinan-telecom,wuhan-telecom,47.4651,0.0,icmp,1592739120,2020-06-21 11:32:00+00:00
221001586,jinan-telecom,wuhan-telecom,46.3476,0.0,icmp,1592739240,2020-06-21 11:34:00+00:00
221001829,jinan-telecom,wuhan-telecom,39.3582,0.0,icmp,1592739319,2020-06-21 11:35:19+00:00
221002044,jinan-telecom,wuhan-telecom,39.4296,0.0,icmp,1592739439,2020-06-21 11:37:19+00:00
221002263,jinan-telecom,wuhan-telecom,49.8663,0.0,icmp,1592739600,2020-06-21 11:40:00+00:00
221002486,jinan-telecom,wuhan-telecom,48.4759,0.0,icmp,1592739720,2020-06-21 11:42:00+00:00
221002730,jinan-telecom,wuhan-telecom,47.2757,0.0,icmp,1592739840,2020-06-21 11:44:00+00:00
221002968,jinan-telecom,wuhan-telecom,39.385,0.0,icmp,1592739919,2020-06-21 11:45:19+00:00
221003182,jinan-telecom,wuhan-telecom,50.2067,0.0,icmp,1592740080,2020-06-21 11:48:00+00:00
221003421,jinan-telecom,wuhan-telecom,45.8553,0.0,icmp,1592740200,2020-06-21 11:50:00+00:00
221003650,jinan-telecom,wuhan-telecom,46.6767,0.0,icmp,1592740320,2020-06-21 11:52:00+00:00
221003869,jinan-telecom,wuhan-telecom,49.6002,0.0,icmp,1592740440,2020-06-21 11:54:00+00:00
221004091,jinan-telecom,wuhan-telecom,49.5845,0.0,icmp,1592740560,2020-06-21 11:56:00+00:00
221004321,jinan-telecom,wuhan-telecom,39.5429,0.0,icmp,1592740699,2020-06-21 11:58:19+00:00
221004544,jinan-telecom,wuhan-telecom,48.6575,0.0,icmp,1592740800,2020-06-21 12:00:00+00:00
221004765,jinan-telecom,wuhan-telecom,39.5469,0.0,icmp,1592740879,2020-06-21 12:01:19+00:00
221004999,jinan-telecom,wuhan-telecom,48.8587,0.0,icmp,1592741040,2020-06-21 12:04:00+00:00
221005239,jinan-telecom,wuhan-telecom,49.1744,0.0,icmp,1592741160,2020-06-21 12:06:00+00:00
221005437,jinan-telecom,wuhan-telecom,46.9212,0.0,icmp,1592741280,2020-06-21 12:08:00+00:00
221005688,jinan-telecom,wuhan-telecom,46.7782,0.0,icmp,1592741400,2020-06-21 12:10:00+00:00
221005958,jinan-telecom,wuhan-telecom,39.6288,0.0,icmp,1592741479,2020-06-21 12:11:19+00:00
221006158,jinan-telecom,wuhan-telecom,46.218,0.0,icmp,1592741640,2020-06-21 12:14:00+00:00
221006373,jinan-telecom,wuhan-telecom,49.7643,0.0,icmp,1592741760,2020-06-21 12:16:00+00:00
221006607,jinan-telecom,wuhan-telecom,49.1271,0.0,icmp,1592741880,2020-06-21 12:18:00+00:00
221006833,jinan-telecom,wuhan-telecom,46.7441,0.0,icmp,1592742000,2020-06-21 12:20:00+00:00
221007058,jinan-telecom,wuhan-telecom,39.4485,0.0,icmp,1592742079,2020-06-21 12:21:19+00:00
221007274,jinan-telecom,wuhan-telecom,40.2903,0.0,icmp,1592742240,2020-06-21 12:24:00+00:00
221007501,jinan-telecom,wuhan-telecom,39.4195,0.0,icmp,1592742379,2020-06-21 12:26:19+00:00
221007754,jinan-telecom,wuhan-telecom,39.5489,0.0,icmp,1592742490,2020-06-21 12:28:10+00:00
221007963,jinan-telecom,wuhan-telecom,47.2958,0.0,icmp,1592742600,2020-06-21 12:30:00+00:00
221008211,jinan-telecom,wuhan-telecom,39.4858,0.0,icmp,1592742679,2020-06-21 12:31:19+00:00
221008425,jinan-telecom,wuhan-telecom,39.3838,0.0,icmp,1592742859,2020-06-21 12:34:19+00:00
221008648,jinan-telecom,wuhan-telecom,48.7515,0.0,icmp,1592742960,2020-06-21 12:36:00+00:00
221008880,jinan-telecom,wuhan-telecom,46.8558,0.0,icmp,1592743080,2020-06-21 12:38:00+00:00
221009113,jinan-telecom,wuhan-telecom,49.2135,0.0,icmp,1592743200,2020-06-21 12:40:00+00:00
221009349,jinan-telecom,wuhan-telecom,39.3824,0.0,icmp,1592743279,2020-06-21 12:41:19+00:00
221009561,jinan-telecom,wuhan-telecom,39.3763,0.0,icmp,1592743399,2020-06-21 12:43:19+00:00
221009779,jinan-telecom,wuhan-telecom,47.6198,0.0,icmp,1592743560,2020-06-21 12:46:00+00:00
221010015,jinan-telecom,wuhan-telecom,46.1958,0.0,icmp,1592743680,2020-06-21 12:48:00+00:00
221010242,jinan-telecom,wuhan-telecom,47.3715,0.0,icmp,1592743800,2020-06-21 12:50:00+00:00
221010468,jinan-telecom,wuhan-telecom,39.5413,0.0,icmp,1592743939,2020-06-21 12:52:19+00:00
221010694,jinan-telecom,wuhan-telecom,40.5556,0.0,icmp,1592744040,2020-06-21 12:54:00+00:00
221010944,jinan-telecom,wuhan-telecom,49.4403,0.0,icmp,1592744160,2020-06-21 12:56:00+00:00
221011152,jinan-telecom,wuhan-telecom,45.4448,0.0,icmp,1592744280,2020-06-21 12:58:00+00:00
221011395,jinan-telecom,wuhan-telecom,48.8623,0.0,icmp,1592744400,2020-06-21 13:00:00+00:00
221011634,jinan-telecom,wuhan-telecom,39.3878,0.0,icmp,1592744539,2020-06-21 13:02:19+00:00
221011838,jinan-telecom,wuhan-telecom,44.9711,0.0,icmp,1592744640,2020-06-21 13:04:00+00:00
221012073,jinan-telecom,wuhan-telecom,45.6785,0.0,icmp,1592744760,2020-06-21 13:06:00+00:00
221012309,jinan-telecom,wuhan-telecom,39.8012,0.0,icmp,1592744880,2020-06-21 13:08:00+00:00
221012535,jinan-telecom,wuhan-telecom,48.5018,0.0,icmp,1592745000,2020-06-21 13:10:00+00:00
221012738,jinan-telecom,wuhan-telecom,39.4598,0.0,icmp,1592745079,2020-06-21 13:11:19+00:00
221013000,jinan-telecom,wuhan-telecom,39.355,0.0,icmp,1592745199,2020-06-21 13:13:19+00:00
221013220,jinan-telecom,wuhan-telecom,50.9931,0.0,icmp,1592745360,2020-06-21 13:16:00+00:00
221013452,jinan-telecom,wuhan-telecom,46.5253,0.0,icmp,1592745480,2020-06-21 13:18:00+00:00
221013686,jinan-telecom,wuhan-telecom,39.4612,0.0,icmp,1592745559,2020-06-21 13:19:19+00:00
221013878,jinan-telecom,wuhan-telecom,39.3631,0.0,icmp,1592745739,2020-06-21 13:22:19+00:00
221014129,jinan-telecom,wuhan-telecom,46.8361,0.0,icmp,1592745840,2020-06-21 13:24:00+00:00
221014348,jinan-telecom,wuhan-telecom,43.6787,0.0,icmp,1592745960,2020-06-21 13:26:00+00:00
221014586,jinan-telecom,wuhan-telecom,46.5053,0.0,icmp,1592746080,2020-06-21 13:28:00+00:00
221014801,jinan-telecom,wuhan-telecom,39.6075,0.0,icmp,1592746159,2020-06-21 13:29:19+00:00
221015034,jinan-telecom,wuhan-telecom,46.5992,0.0,icmp,1592746320,2020-06-21 13:32:00+00:00
221015271,jinan-telecom,wuhan-telecom,39.534,0.0,icmp,1592746399,2020-06-21 13:33:19+00:00
221015487,jinan-telecom,wuhan-telecom,43.9077,0.0,icmp,1592746560,2020-06-21 13:36:00+00:00
221015708,jinan-telecom,wuhan-telecom,39.3927,0.0,icmp,1592746639,2020-06-21 13:37:19+00:00
221015952,jinan-telecom,wuhan-telecom,42.3593,0.0,icmp,1592746800,2020-06-21 13:40:00+00:00
221016170,jinan-telecom,wuhan-telecom,39.4449,0.0,icmp,1592746930,2020-06-21 13:42:10+00:00
221016405,jinan-telecom,wuhan-telecom,46.9871,0.0,icmp,1592747040,2020-06-21 13:44:00+00:00
221016638,jinan-telecom,wuhan-telecom,39.4172,0.0,icmp,1592747179,2020-06-21 13:46:19+00:00
221016883,jinan-telecom,wuhan-telecom,46.4288,0.0,icmp,1592747280,2020-06-21 13:48:00+00:00
221017097,jinan-telecom,wuhan-telecom,48.7663,0.0,icmp,1592747400,2020-06-21 13:50:00+00:00
221017304,jinan-telecom,wuhan-telecom,49.3376,0.0,icmp,1592747520,2020-06-21 13:52:00+00:00
221017546,jinan-telecom,wuhan-telecom,48.7242,0.0,icmp,1592747640,2020-06-21 13:54:00+00:00
221017780,jinan-telecom,wuhan-telecom,48.1332,0.0,icmp,1592747760,2020-06-21 13:56:00+00:00
221017996,jinan-telecom,wuhan-telecom,39.3457,0.0,icmp,1592747899,2020-06-21 13:58:19+00:00
221018217,jinan-telecom,wuhan-telecom,47.192,0.0,icmp,1592748000,2020-06-21 14:00:00+00:00
221018455,jinan-telecom,wuhan-telecom,39.3306,0.0,icmp,1592748079,2020-06-21 14:01:19+00:00
221018686,jinan-telecom,wuhan-telecom,39.569,0.0,icmp,1592748199,2020-06-21 14:03:19+00:00
221018902,jinan-telecom,wuhan-telecom,39.5911,0.0,icmp,1592748319,2020-06-21 14:05:19+00:00
221019134,jinan-telecom,wuhan-telecom,39.3792,0.0,icmp,1592748439,2020-06-21 14:07:19+00:00
221019397,jinan-telecom,wuhan-telecom,47.313,0.0,icmp,1592748600,2020-06-21 14:10:00+00:00
221019615,jinan-telecom,wuhan-telecom,47.0046,0.0,icmp,1592748720,2020-06-21 14:12:00+00:00
221019824,jinan-telecom,wuhan-telecom,47.7096,0.0,icmp,1592748840,2020-06-21 14:14:00+00:00
221020053,jinan-telecom,wuhan-telecom,44.7911,0.0,icmp,1592748960,2020-06-21 14:16:00+00:00
221020283,jinan-telecom,wuhan-telecom,39.5669,0.0,icmp,1592749024,2020-06-21 14:17:04+00:00
221020499,jinan-telecom,wuhan-telecom,48.318,0.0,icmp,1592749200,2020-06-21 14:20:00+00:00
221020758,jinan-telecom,wuhan-telecom,49.3615,0.0,icmp,1592749320,2020-06-21 14:22:00+00:00
221020968,jinan-telecom,wuhan-telecom,47.481,0.0,icmp,1592749440,2020-06-21 14:24:00+00:00
221021213,jinan-telecom,wuhan-telecom,45.8934,0.0,icmp,1592749560,2020-06-21 14:26:00+00:00
221021431,jinan-telecom,wuhan-telecom,49.476,0.0,icmp,1592749680,2020-06-21 14:28:00+00:00
221021658,jinan-telecom,wuhan-telecom,49.1748,0.0,icmp,1592749800,2020-06-21 14:30:00+00:00
221021881,jinan-telecom,wuhan-telecom,48.6751,0.0,icmp,1592749920,2020-06-21 14:32:00+00:00
221022107,jinan-telecom,wuhan-telecom,47.6288,0.0,icmp,1592750040,2020-06-21 14:34:00+00:00
221022338,jinan-telecom,wuhan-telecom,49.5284,0.0,icmp,1592750160,2020-06-21 14:36:00+00:00
221022561,jinan-telecom,wuhan-telecom,47.6575,0.0,icmp,1592750280,2020-06-21 14:38:00+00:00
221022770,jinan-telecom,wuhan-telecom,47.4976,0.0,icmp,1592750400,2020-06-21 14:40:00+00:00
221023034,jinan-telecom,wuhan-telecom,46.3873,0.0,icmp,1592750520,2020-06-21 14:42:00+00:00
221023247,jinan-telecom,wuhan-telecom,47.6181,0.0,icmp,1592750640,2020-06-21 14:44:00+00:00
221023472,jinan-telecom,wuhan-telecom,48.9044,0.0,icmp,1592750760,2020-06-21 14:46:00+00:00
221023695,jinan-telecom,wuhan-telecom,42.0237,0.0,icmp,1592750880,2020-06-21 14:48:00+00:00
221023940,jinan-telecom,wuhan-telecom,49.8003,0.0,icmp,1592751000,2020-06-21 14:50:00+00:00
221024170,jinan-telecom,wuhan-telecom,39.3569,0.0,icmp,1592751139,2020-06-21 14:52:19+00:00
221024396,jinan-telecom,wuhan-telecom,39.7422,0.0,icmp,1592751240,2020-06-21 14:54:00+00:00
221024618,jinan-telecom,wuhan-telecom,41.8158,0.0,icmp,1592751360,2020-06-21 14:56:00+00:00
221024817,jinan-telecom,wuhan-telecom,39.4106,0.0,icmp,1592751499,2020-06-21 14:58:19+00:00
221025068,jinan-telecom,wuhan-telecom,48.1815,0.0,icmp,1592751600,2020-06-21 15:00:00+00:00
221025307,jinan-telecom,wuhan-telecom,39.7386,0.0,icmp,1592751739,2020-06-21 15:02:19+00:00
221025537,jinan-telecom,wuhan-telecom,47.1094,0.0,icmp,1592751840,2020-06-21 15:04:00+00:00
221025747,jinan-telecom,wuhan-telecom,45.4301,0.0,icmp,1592751906,2020-06-21 15:05:06+00:00
221025993,jinan-telecom,wuhan-telecom,39.5954,0.0,icmp,1592752039,2020-06-21 15:07:19+00:00
221026218,jinan-telecom,wuhan-telecom,47.7452,0.0,icmp,1592752200,2020-06-21 15:10:00+00:00
221026450,jinan-telecom,wuhan-telecom,45.5481,0.0,icmp,1592752320,2020-06-21 15:12:00+00:00
221026663,jinan-telecom,wuhan-telecom,45.476,0.0,icmp,1592752440,2020-06-21 15:14:00+00:00
221026889,jinan-telecom,wuhan-telecom,47.569,0.0,icmp,1592752560,2020-06-21 15:16:00+00:00
221027128,jinan-telecom,wuhan-telecom,47.0123,0.0,icmp,1592752680,2020-06-21 15:18:00+00:00
221027342,jinan-telecom,wuhan-telecom,41.2741,0.0,icmp,1592752800,2020-06-21 15:20:00+00:00
221027578,jinan-telecom,wuhan-telecom,48.0969,0.0,icmp,1592752920,2020-06-21 15:22:00+00:00
221027808,jinan-telecom,wuhan-telecom,47.4316,0.0,icmp,1592753040,2020-06-21 15:24:00+00:00
221028024,jinan-telecom,wuhan-telecom,46.2708,0.0,icmp,1592753160,2020-06-21 15:26:00+00:00
221028249,jinan-telecom,wuhan-telecom,39.3666,0.0,icmp,1592753239,2020-06-21 15:27:19+00:00
221028485,jinan-telecom,wuhan-telecom,46.8009,0.0,icmp,1592753400,2020-06-21 15:30:00+00:00
221028711,jinan-telecom,wuhan-telecom,39.4673,0.0,icmp,1592753479,2020-06-21 15:31:19+00:00
221028943,jinan-telecom,wuhan-telecom,39.4658,0.0,icmp,1592753585,2020-06-21 15:33:05+00:00
221029164,jinan-telecom,wuhan-telecom,47.6873,0.0,icmp,1592753760,2020-06-21 15:36:00+00:00
221029401,jinan-telecom,wuhan-telecom,47.2643,0.0,icmp,1592753880,2020-06-21 15:38:00+00:00
221029624,jinan-telecom,wuhan-telecom,46.958,0.0,icmp,1592754000,2020-06-21 15:40:00+00:00
221029863,jinan-telecom,wuhan-telecom,47.1254,0.0,icmp,1592754120,2020-06-21 15:42:00+00:00
221030094,jinan-telecom,wuhan-telecom,40.182,0.0,icmp,1592754240,2020-06-21 15:44:00+00:00
221030319,jinan-telecom,wuhan-telecom,39.3253,0.0,icmp,1592754379,2020-06-21 15:46:19+00:00
221030542,jinan-telecom,wuhan-telecom,45.8512,0.0,icmp,1592754480,2020-06-21 15:48:00+00:00
221030779,jinan-telecom,wuhan-telecom,42.3426,0.0,icmp,1592754600,2020-06-21 15:50:00+00:00
221030981,jinan-telecom,wuhan-telecom,48.8249,0.0,icmp,1592754720,2020-06-21 15:52:00+00:00
221031222,jinan-telecom,wuhan-telecom,39.3759,0.0,icmp,1592754799,2020-06-21 15:53:19+00:00
221031452,jinan-telecom,wuhan-telecom,39.4147,0.0,icmp,1592754979,2020-06-21 15:56:19+00:00
221031692,jinan-telecom,wuhan-telecom,46.8972,0.0,icmp,1592755080,2020-06-21 15:58:00+00:00
221031898,jinan-telecom,wuhan-telecom,46.9122,0.0,icmp,1592755200,2020-06-21 16:00:00+00:00
221032146,jinan-telecom,wuhan-telecom,39.3043,0.0,icmp,1592755339,2020-06-21 16:02:19+00:00
221032356,jinan-telecom,wuhan-telecom,46.3905,0.0,icmp,1592755440,2020-06-21 16:04:00+00:00
221032600,jinan-telecom,wuhan-telecom,48.051,0.0,icmp,1592755560,2020-06-21 16:06:00+00:00
221032814,jinan-telecom,wuhan-telecom,46.6807,0.0,icmp,1592755680,2020-06-21 16:08:00+00:00
221033058,jinan-telecom,wuhan-telecom,48.8564,0.0,icmp,1592755800,2020-06-21 16:10:00+00:00
221033268,jinan-telecom,wuhan-telecom,47.4203,0.0,icmp,1592755920,2020-06-21 16:12:00+00:00
221033518,jinan-telecom,wuhan-telecom,40.0048,0.0,icmp,1592756046,2020-06-21 16:14:06+00:00
221033727,jinan-telecom,wuhan-telecom,39.5795,0.0,icmp,1592756166,2020-06-21 16:16:06+00:00
221033963,jinan-telecom,wuhan-telecom,50.0819,0.0,icmp,1592756280,2020-06-21 16:18:00+00:00
221034193,jinan-telecom,wuhan-telecom,47.6106,0.0,icmp,1592756400,2020-06-21 16:20:00+00:00
221034432,jinan-telecom,wuhan-telecom,47.8588,0.0,icmp,1592756520,2020-06-21 16:22:00+00:00
221034643,jinan-telecom,wuhan-telecom,47.5799,0.0,icmp,1592756640,2020-06-21 16:24:00+00:00
221034875,jinan-telecom,wuhan-telecom,46.8643,0.0,icmp,1592756760,2020-06-21 16:26:00+00:00
221035096,jinan-telecom,wuhan-telecom,39.5352,0.0,icmp,1592756899,2020-06-21 16:28:19+00:00
221035326,jinan-telecom,wuhan-telecom,48.1454,0.0,icmp,1592757000,2020-06-21 16:30:00+00:00
221035608,jinan-telecom,wuhan-telecom,39.4219,0.0,icmp,1592757139,2020-06-21 16:32:19+00:00
221035780,jinan-telecom,wuhan-telecom,47.014,0.0,icmp,1592757240,2020-06-21 16:34:00+00:00
221036032,jinan-telecom,wuhan-telecom,47.0527,0.0,icmp,1592757360,2020-06-21 16:36:00+00:00
221036227,jinan-telecom,wuhan-telecom,47.8895,0.0,icmp,1592757480,2020-06-21 16:38:00+00:00
221036464,jinan-telecom,wuhan-telecom,47.2068,0.0,icmp,1592757600,2020-06-21 16:40:00+00:00
221036706,jinan-telecom,wuhan-telecom,48.5551,0.0,icmp,1592757720,2020-06-21 16:42:00+00:00
221036930,jinan-telecom,wuhan-telecom,48.0344,0.0,icmp,1592757840,2020-06-21 16:44:00+00:00
221037147,jinan-telecom,wuhan-telecom,49.6955,0.0,icmp,1592757960,2020-06-21 16:46:00+00:00
221037384,jinan-telecom,wuhan-telecom,39.5572,0.0,icmp,1592758099,2020-06-21 16:48:19+00:00
221037602,jinan-telecom,wuhan-telecom,47.4269,0.0,icmp,1592758200,2020-06-21 16:50:00+00:00
221037832,jinan-telecom,wuhan-telecom,46.7,0.0,icmp,1592758320,2020-06-21 16:52:00+00:00
221038060,jinan-telecom,wuhan-telecom,49.8992,0.0,icmp,1592758440,2020-06-21 16:54:00+00:00
221038299,jinan-telecom,wuhan-telecom,49.3417,0.0,icmp,1592758560,2020-06-21 16:56:00+00:00
221038523,jinan-telecom,wuhan-telecom,43.0451,0.0,icmp,1592758680,2020-06-21 16:58:00+00:00
221038743,jinan-telecom,wuhan-telecom,46.0388,0.0,icmp,1592758800,2020-06-21 17:00:00+00:00
221039026,jinan-telecom,wuhan-telecom,39.5146,0.0,icmp,1592758879,2020-06-21 17:01:19+00:00
221039219,jinan-telecom,wuhan-telecom,49.1777,0.0,icmp,1592759040,2020-06-21 17:04:00+00:00
221039441,jinan-telecom,wuhan-telecom,48.0483,0.0,icmp,1592759160,2020-06-21 17:06:00+00:00
221039663,jinan-telecom,wuhan-telecom,46.4726,0.0,icmp,1592759280,2020-06-21 17:08:00+00:00
221039909,jinan-telecom,wuhan-telecom,39.6623,0.0,icmp,1592759419,2020-06-21 17:10:19+00:00
221040121,jinan-telecom,wuhan-telecom,47.2603,0.0,icmp,1592759520,2020-06-21 17:12:00+00:00
221040340,jinan-telecom,wuhan-telecom,48.8072,0.0,icmp,1592759640,2020-06-21 17:14:00+00:00
221040586,jinan-telecom,wuhan-telecom,47.7909,0.0,icmp,1592759760,2020-06-21 17:16:00+00:00
221040789,jinan-telecom,wuhan-telecom,44.5312,0.0,icmp,1592759880,2020-06-21 17:18:00+00:00
221041043,jinan-telecom,wuhan-telecom,47.8468,0.0,icmp,1592760000,2020-06-21 17:20:00+00:00
221041305,jinan-telecom,wuhan-telecom,48.1647,0.0,icmp,1592760120,2020-06-21 17:22:00+00:00
221041475,jinan-telecom,wuhan-telecom,50.0824,0.0,icmp,1592760240,2020-06-21 17:24:00+00:00
221041719,jinan-telecom,wuhan-telecom,47.5453,0.0,icmp,1592760360,2020-06-21 17:26:00+00:00
221041944,jinan-telecom,wuhan-telecom,47.0358,0.0,icmp,1592760480,2020-06-21 17:28:00+00:00
221042163,jinan-telecom,wuhan-telecom,46.7863,0.0,icmp,1592760600,2020-06-21 17:30:00+00:00
221042388,jinan-telecom,wuhan-telecom,39.4819,0.0,icmp,1592760679,2020-06-21 17:31:19+00:00
221042613,jinan-telecom,wuhan-telecom,48.5771,0.0,icmp,1592760840,2020-06-21 17:34:00+00:00
221042844,jinan-telecom,wuhan-telecom,42.9517,0.0,icmp,1592760960,2020-06-21 17:36:00+00:00
221043083,jinan-telecom,wuhan-telecom,48.5593,0.0,icmp,1592761080,2020-06-21 17:38:00+00:00
221043308,jinan-telecom,wuhan-telecom,51.2102,0.0,icmp,1592761200,2020-06-21 17:40:00+00:00
221043545,jinan-telecom,wuhan-telecom,46.2392,0.0,icmp,1592761320,2020-06-21 17:42:00+00:00
221043767,jinan-telecom,wuhan-telecom,48.0197,0.0,icmp,1592761440,2020-06-21 17:44:00+00:00
221044008,jinan-telecom,wuhan-telecom,43.2827,0.0,icmp,1592761560,2020-06-21 17:46:00+00:00
221044216,jinan-telecom,wuhan-telecom,39.6497,0.0,icmp,1592761699,2020-06-21 17:48:19+00:00
221044445,jinan-telecom,wuhan-telecom,43.2458,0.0,icmp,1592761800,2020-06-21 17:50:00+00:00
221044675,jinan-telecom,wuhan-telecom,49.6263,0.0,icmp,1592761920,2020-06-21 17:52:00+00:00
221044889,jinan-telecom,wuhan-telecom,39.442,0.0,icmp,1592761999,2020-06-21 17:53:19+00:00
221045136,jinan-telecom,wuhan-telecom,48.6691,0.0,icmp,1592762160,2020-06-21 17:56:00+00:00
221045355,jinan-telecom,wuhan-telecom,49.4153,0.0,icmp,1592762280,2020-06-21 17:58:00+00:00
221045603,jinan-telecom,wuhan-telecom,47.7484,0.0,icmp,1592762400,2020-06-21 18:00:00+00:00
221045829,jinan-telecom,wuhan-telecom,45.6114,0.0,icmp,1592762520,2020-06-21 18:02:00+00:00
221046042,jinan-telecom,wuhan-telecom,39.4455,0.0,icmp,1592762659,2020-06-21 18:04:19+00:00
221046270,jinan-telecom,wuhan-telecom,47.4763,0.0,icmp,1592762760,2020-06-21 18:06:00+00:00
221046505,jinan-telecom,wuhan-telecom,49.2465,0.0,icmp,1592762880,2020-06-21 18:08:00+00:00
221046732,jinan-telecom,wuhan-telecom,49.638,0.0,icmp,1592763000,2020-06-21 18:10:00+00:00
221046957,jinan-telecom,wuhan-telecom,47.1928,0.0,icmp,1592763120,2020-06-21 18:12:00+00:00
221047181,jinan-telecom,wuhan-telecom,42.1465,0.0,icmp,1592763240,2020-06-21 18:14:00+00:00
221047403,jinan-telecom,wuhan-telecom,39.4411,0.0,icmp,1592763379,2020-06-21 18:16:19+00:00
221047651,jinan-telecom,wuhan-telecom,49.0563,0.0,icmp,1592763480,2020-06-21 18:18:00+00:00
221047855,jinan-telecom,wuhan-telecom,48.1094,0.0,icmp,1592763600,2020-06-21 18:20:00+00:00
221048089,jinan-telecom,wuhan-telecom,46.9431,0.0,icmp,1592763720,2020-06-21 18:22:00+00:00
221048319,jinan-telecom,wuhan-telecom,39.6267,0.0,icmp,1592763799,2020-06-21 18:23:19+00:00
221048542,jinan-telecom,wuhan-telecom,46.8268,0.0,icmp,1592763960,2020-06-21 18:26:00+00:00
221048767,jinan-telecom,wuhan-telecom,39.3932,0.0,icmp,1592764099,2020-06-21 18:28:19+00:00
221049005,jinan-telecom,wuhan-telecom,43.665,0.0,icmp,1592764200,2020-06-21 18:30:00+00:00
221049226,jinan-telecom,wuhan-telecom,39.5384,0.0,icmp,1592764279,2020-06-21 18:31:19+00:00
221049454,jinan-telecom,wuhan-telecom,50.1232,0.0,icmp,1592764440,2020-06-21 18:34:00+00:00
221049705,jinan-telecom,wuhan-telecom,48.6392,0.0,icmp,1592764560,2020-06-21 18:36:00+00:00
221049936,jinan-telecom,wuhan-telecom,47.0742,0.0,icmp,1592764680,2020-06-21 18:38:00+00:00
221050164,jinan-telecom,wuhan-telecom,47.8503,0.0,icmp,1592764800,2020-06-21 18:40:00+00:00
221050378,jinan-telecom,wuhan-telecom,39.8527,0.0,icmp,1592764879,2020-06-21 18:41:19+00:00
221050597,jinan-telecom,wuhan-telecom,39.4406,0.0,icmp,1592765059,2020-06-21 18:44:19+00:00
221050825,jinan-telecom,wuhan-telecom,47.456,0.0,icmp,1592765160,2020-06-21 18:46:00+00:00
221051052,jinan-telecom,wuhan-telecom,39.4443,0.0,icmp,1592765239,2020-06-21 18:47:19+00:00
221051300,jinan-telecom,wuhan-telecom,49.8655,0.0,icmp,1592765400,2020-06-21 18:50:00+00:00
221051532,jinan-telecom,wuhan-telecom,39.4466,0.0,icmp,1592765479,2020-06-21 18:51:19+00:00
221051741,jinan-telecom,wuhan-telecom,39.5406,0.0,icmp,1592765585,2020-06-21 18:53:05+00:00
221051978,jinan-telecom,wuhan-telecom,39.4871,0.0,icmp,1592765719,2020-06-21 18:55:19+00:00
221052197,jinan-telecom,wuhan-telecom,46.3808,0.0,icmp,1592765880,2020-06-21 18:58:00+00:00
221052433,jinan-telecom,wuhan-telecom,47.2587,0.0,icmp,1592766000,2020-06-21 19:00:00+00:00
221052651,jinan-telecom,wuhan-telecom,49.4043,0.0,icmp,1592766120,2020-06-21 19:02:00+00:00
221052895,jinan-telecom,wuhan-telecom,47.8139,0.0,icmp,1592766240,2020-06-21 19:04:00+00:00
221053120,jinan-telecom,wuhan-telecom,47.6575,0.0,icmp,1592766360,2020-06-21 19:06:00+00:00
221053324,jinan-telecom,wuhan-telecom,49.1392,0.0,icmp,1592766480,2020-06-21 19:08:00+00:00
221053560,jinan-telecom,wuhan-telecom,47.2442,0.0,icmp,1592766600,2020-06-21 19:10:00+00:00
221053790,jinan-telecom,wuhan-telecom,39.4314,0.0,icmp,1592766739,2020-06-21 19:12:19+00:00
221054025,jinan-telecom,wuhan-telecom,48.9639,0.0,icmp,1592766840,2020-06-21 19:14:00+00:00
221054244,jinan-telecom,wuhan-telecom,48.2606,0.0,icmp,1592766960,2020-06-21 19:16:00+00:00
221054452,jinan-telecom,wuhan-telecom,48.6222,0.0,icmp,1592767080,2020-06-21 19:18:00+00:00
221054716,jinan-telecom,wuhan-telecom,47.7402,0.0,icmp,1592767200,2020-06-21 19:20:00+00:00
221054931,jinan-telecom,wuhan-telecom,39.4398,0.0,icmp,1592767339,2020-06-21 19:22:19+00:00
221055164,jinan-telecom,wuhan-telecom,49.5107,0.0,icmp,1592767440,2020-06-21 19:24:00+00:00
221055391,jinan-telecom,wuhan-telecom,39.4183,0.0,icmp,1592767579,2020-06-21 19:26:19+00:00
221055609,jinan-telecom,wuhan-telecom,47.9169,0.0,icmp,1592767680,2020-06-21 19:28:00+00:00
221055846,jinan-telecom,wuhan-telecom,48.5848,0.0,icmp,1592767800,2020-06-21 19:30:00+00:00
221056078,jinan-telecom,wuhan-telecom,39.4537,0.0,icmp,1592767939,2020-06-21 19:32:19+00:00
221056301,jinan-telecom,wuhan-telecom,49.7225,0.0,icmp,1592768040,2020-06-21 19:34:00+00:00
221056531,jinan-telecom,wuhan-telecom,47.0021,0.0,icmp,1592768160,2020-06-21 19:36:00+00:00
221056757,jinan-telecom,wuhan-telecom,49.4547,0.0,icmp,1592768280,2020-06-21 19:38:00+00:00
221056972,jinan-telecom,wuhan-telecom,44.093,0.0,icmp,1592768400,2020-06-21 19:40:00+00:00
221057205,jinan-telecom,wuhan-telecom,49.5837,0.0,icmp,1592768520,2020-06-21 19:42:00+00:00
221057446,jinan-telecom,wuhan-telecom,46.8903,0.0,icmp,1592768640,2020-06-21 19:44:00+00:00
221057669,jinan-telecom,wuhan-telecom,39.5652,0.0,icmp,1592768719,2020-06-21 19:45:19+00:00
221057893,jinan-telecom,wuhan-telecom,47.1712,0.0,icmp,1592768880,2020-06-21 19:48:00+00:00
221058112,jinan-telecom,wuhan-telecom,49.0054,0.0,icmp,1592769000,2020-06-21 19:50:00+00:00
221058339,jinan-telecom,wuhan-telecom,39.4158,0.0,icmp,1592769079,2020-06-21 19:51:19+00:00
221058564,jinan-telecom,wuhan-telecom,46.6503,0.0,icmp,1592769240,2020-06-21 19:54:00+00:00
221058800,jinan-telecom,wuhan-telecom,49.284,0.0,icmp,1592769360,2020-06-21 19:56:00+00:00
221059044,jinan-telecom,wuhan-telecom,43.8428,0.0,icmp,1592769480,2020-06-21 19:58:00+00:00
221059267,jinan-telecom,wuhan-telecom,47.2618,2.0,icmp,1592769600,2020-06-21 20:00:00+00:00
221059506,jinan-telecom,wuhan-telecom,49.2461,0.0,icmp,1592769720,2020-06-21 20:02:00+00:00
221059707,jinan-telecom,wuhan-telecom,51.6493,0.0,icmp,1592769840,2020-06-21 20:04:00+00:00
221059948,jinan-telecom,wuhan-telecom,46.47,0.0,icmp,1592769960,2020-06-21 20:06:00+00:00
221060160,jinan-telecom,wuhan-telecom,47.8605,0.0,icmp,1592770080,2020-06-21 20:08:00+00:00
221060405,jinan-telecom,wuhan-telecom,46.9609,0.0,icmp,1592770200,2020-06-21 20:10:00+00:00
221060627,jinan-telecom,wuhan-telecom,48.5772,0.0,icmp,1592770320,2020-06-21 20:12:00+00:00
221060858,jinan-telecom,wuhan-telecom,39.4127,0.0,icmp,1592770459,2020-06-21 20:14:19+00:00
221061094,jinan-telecom,wuhan-telecom,49.0379,0.0,icmp,1592770560,2020-06-21 20:16:00+00:00
221061296,jinan-telecom,wuhan-telecom,47.5804,0.0,icmp,1592770680,2020-06-21 20:18:00+00:00
221061539,jinan-telecom,wuhan-telecom,48.0487,0.0,icmp,1592770800,2020-06-21 20:20:00+00:00
221061768,jinan-telecom,wuhan-telecom,39.6536,0.0,icmp,1592770879,2020-06-21 20:21:19+00:00
221062007,jinan-telecom,wuhan-telecom,44.7007,0.0,icmp,1592771040,2020-06-21 20:24:00+00:00
221062225,jinan-telecom,wuhan-telecom,43.5239,0.0,icmp,1592771104,2020-06-21 20:25:04+00:00
221062446,jinan-telecom,wuhan-telecom,46.5975,0.0,icmp,1592771280,2020-06-21 20:28:00+00:00
221062674,jinan-telecom,wuhan-telecom,46.8442,0.0,icmp,1592771400,2020-06-21 20:30:00+00:00
221062914,jinan-telecom,wuhan-telecom,39.5566,0.0,icmp,1592771479,2020-06-21 20:31:19+00:00
221063137,jinan-telecom,wuhan-telecom,49.4827,0.0,icmp,1592771640,2020-06-21 20:34:00+00:00
221063365,jinan-telecom,wuhan-telecom,50.6112,0.0,icmp,1592771760,2020-06-21 20:36:00+00:00
221063599,jinan-telecom,wuhan-telecom,47.9491,0.0,icmp,1592771880,2020-06-21 20:38:00+00:00
221063837,jinan-telecom,wuhan-telecom,46.2222,0.0,icmp,1592772000,2020-06-21 20:40:00+00:00
221064053,jinan-telecom,wuhan-telecom,46.1893,0.0,icmp,1592772120,2020-06-21 20:42:00+00:00
221064292,jinan-telecom,wuhan-telecom,39.5009,0.0,icmp,1592772244,2020-06-21 20:44:04+00:00
221064500,jinan-telecom,wuhan-telecom,48.9246,0.0,icmp,1592772360,2020-06-21 20:46:00+00:00
221064737,jinan-telecom,wuhan-telecom,47.0027,0.0,icmp,1592772480,2020-06-21 20:48:00+00:00
221064950,jinan-telecom,wuhan-telecom,49.6478,0.0,icmp,1592772600,2020-06-21 20:50:00+00:00
221065192,jinan-telecom,wuhan-telecom,39.4371,0.0,icmp,1592772739,2020-06-21 20:52:19+00:00
221065421,jinan-telecom,wuhan-telecom,46.2101,0.0,icmp,1592772840,2020-06-21 20:54:00+00:00
221065649,jinan-telecom,wuhan-telecom,46.321,0.0,icmp,1592772960,2020-06-21 20:56:00+00:00
221065870,jinan-telecom,wuhan-telecom,45.2474,0.0,icmp,1592773080,2020-06-21 20:58:00+00:00
221066100,jinan-telecom,wuhan-telecom,48.3931,0.0,icmp,1592773200,2020-06-21 21:00:00+00:00
221066316,jinan-telecom,wuhan-telecom,39.6599,0.0,icmp,1592773279,2020-06-21 21:01:19+00:00
221066573,jinan-telecom,wuhan-telecom,42.0005,0.0,icmp,1592773444,2020-06-21 21:04:04+00:00
221066795,jinan-telecom,wuhan-telecom,47.1099,0.0,icmp,1592773560,2020-06-21 21:06:00+00:00
221067029,jinan-telecom,wuhan-telecom,48.3693,0.0,icmp,1592773680,2020-06-21 21:08:00+00:00
221067227,jinan-telecom,wuhan-telecom,47.7323,0.0,icmp,1592773800,2020-06-21 21:10:00+00:00
221067477,jinan-telecom,wuhan-telecom,46.5069,0.0,icmp,1592773920,2020-06-21 21:12:00+00:00
221067699,jinan-telecom,wuhan-telecom,47.9049,0.0,icmp,1592774040,2020-06-21 21:14:00+00:00
221067939,jinan-telecom,wuhan-telecom,41.6753,0.0,icmp,1592774160,2020-06-21 21:16:00+00:00
221068146,jinan-telecom,wuhan-telecom,48.1411,0.0,icmp,1592774280,2020-06-21 21:18:00+00:00
221068385,jinan-telecom,wuhan-telecom,39.4698,0.0,icmp,1592774359,2020-06-21 21:19:19+00:00
221068609,jinan-telecom,wuhan-telecom,39.5485,0.0,icmp,1592774525,2020-06-21 21:22:05+00:00
221068860,jinan-telecom,wuhan-telecom,48.4967,0.0,icmp,1592774640,2020-06-21 21:24:00+00:00
221069060,jinan-telecom,wuhan-telecom,45.8407,0.0,icmp,1592774760,2020-06-21 21:26:00+00:00
221069285,jinan-telecom,wuhan-telecom,46.3167,0.0,icmp,1592774880,2020-06-21 21:28:00+00:00
221069519,jinan-telecom,wuhan-telecom,44.8586,0.0,icmp,1592774945,2020-06-21 21:29:05+00:00
221069748,jinan-telecom,wuhan-telecom,47.3551,0.0,icmp,1592775120,2020-06-21 21:32:00+00:00
221069978,jinan-telecom,wuhan-telecom,48.6853,0.0,icmp,1592775240,2020-06-21 21:34:00+00:00
221070197,jinan-telecom,wuhan-telecom,47.3842,0.0,icmp,1592775360,2020-06-21 21:36:00+00:00
221070438,jinan-telecom,wuhan-telecom,49.2439,0.0,icmp,1592775480,2020-06-21 21:38:00+00:00
221070661,jinan-telecom,wuhan-telecom,39.4175,0.0,icmp,1592775619,2020-06-21 21:40:19+00:00
221070913,jinan-telecom,wuhan-telecom,47.0398,0.0,icmp,1592775720,2020-06-21 21:42:00+00:00
221071136,jinan-telecom,wuhan-telecom,49.6689,0.0,icmp,1592775840,2020-06-21 21:44:00+00:00
221071342,jinan-telecom,wuhan-telecom,39.3992,0.0,icmp,1592775979,2020-06-21 21:46:19+00:00
221071572,jinan-telecom,wuhan-telecom,47.1108,0.0,icmp,1592776080,2020-06-21 21:48:00+00:00
221071804,jinan-telecom,wuhan-telecom,47.7393,0.0,icmp,1592776200,2020-06-21 21:50:00+00:00
221072042,jinan-telecom,wuhan-telecom,48.7603,0.0,icmp,1592776320,2020-06-21 21:52:00+00:00
221072246,jinan-telecom,wuhan-telecom,46.4678,0.0,icmp,1592776440,2020-06-21 21:54:00+00:00
221072484,jinan-telecom,wuhan-telecom,46.7106,0.0,icmp,1592776560,2020-06-21 21:56:00+00:00
221072731,jinan-telecom,wuhan-telecom,47.5897,0.0,icmp,1592776680,2020-06-21 21:58:00+00:00
221072949,jinan-telecom,wuhan-telecom,46.7031,0.0,icmp,1592776800,2020-06-21 22:00:00+00:00
221073177,jinan-telecom,wuhan-telecom,49.0516,0.0,icmp,1592776920,2020-06-21 22:02:00+00:00
221073402,jinan-telecom,wuhan-telecom,39.8561,0.0,icmp,1592777040,2020-06-21 22:04:00+00:00
221073622,jinan-telecom,wuhan-telecom,49.463,0.0,icmp,1592777160,2020-06-21 22:06:00+00:00
221073844,jinan-telecom,wuhan-telecom,48.1875,0.0,icmp,1592777280,2020-06-21 22:08:00+00:00
221074085,jinan-telecom,wuhan-telecom,49.7556,0.0,icmp,1592777400,2020-06-21 22:10:00+00:00
221074304,jinan-telecom,wuhan-telecom,48.3413,0.0,icmp,1592777520,2020-06-21 22:12:00+00:00
221074529,jinan-telecom,wuhan-telecom,47.5807,0.0,icmp,1592777640,2020-06-21 22:14:00+00:00
221074763,jinan-telecom,wuhan-telecom,47.7274,0.0,icmp,1592777760,2020-06-21 22:16:00+00:00
221074981,jinan-telecom,wuhan-telecom,49.9891,0.0,icmp,1592777880,2020-06-21 22:18:00+00:00
221075216,jinan-telecom,wuhan-telecom,46.1383,0.0,icmp,1592778000,2020-06-21 22:20:00+00:00
221075439,jinan-telecom,wuhan-telecom,47.3774,0.0,icmp,1592778120,2020-06-21 22:22:00+00:00
221075676,jinan-telecom,wuhan-telecom,46.3374,0.0,icmp,1592778240,2020-06-21 22:24:00+00:00
221075894,jinan-telecom,wuhan-telecom,47.4895,0.0,icmp,1592778360,2020-06-21 22:26:00+00:00
221076127,jinan-telecom,wuhan-telecom,49.8859,0.0,icmp,1592778480,2020-06-21 22:28:00+00:00
221076365,jinan-telecom,wuhan-telecom,48.7056,0.0,icmp,1592778600,2020-06-21 22:30:00+00:00
221076581,jinan-telecom,wuhan-telecom,39.538,0.0,icmp,1592778739,2020-06-21 22:32:19+00:00
221076809,jinan-telecom,wuhan-telecom,47.5064,0.0,icmp,1592778840,2020-06-21 22:34:00+00:00
221077048,jinan-telecom,wuhan-telecom,47.4549,0.0,icmp,1592778960,2020-06-21 22:36:00+00:00
221077285,jinan-telecom,wuhan-telecom,47.9483,0.0,icmp,1592779080,2020-06-21 22:38:00+00:00
221077492,jinan-telecom,wuhan-telecom,46.7039,0.0,icmp,1592779200,2020-06-21 22:40:00+00:00
221077733,jinan-telecom,wuhan-telecom,40.6824,0.0,icmp,1592779320,2020-06-21 22:42:00+00:00
221077960,jinan-telecom,wuhan-telecom,45.6728,0.0,icmp,1592779440,2020-06-21 22:44:00+00:00
221078202,jinan-telecom,wuhan-telecom,39.4505,0.0,icmp,1592779519,2020-06-21 22:45:19+00:00
221078416,jinan-telecom,wuhan-telecom,46.7702,0.0,icmp,1592779680,2020-06-21 22:48:00+00:00
221078640,jinan-telecom,wuhan-telecom,39.7827,0.0,icmp,1592779819,2020-06-21 22:50:19+00:00
221078868,jinan-telecom,wuhan-telecom,48.1348,0.0,icmp,1592779924,2020-06-21 22:52:04+00:00
221079106,jinan-telecom,wuhan-telecom,47.082,0.0,icmp,1592780040,2020-06-21 22:54:00+00:00
221079329,jinan-telecom,wuhan-telecom,39.6516,0.0,icmp,1592780179,2020-06-21 22:56:19+00:00
221079559,jinan-telecom,wuhan-telecom,45.8062,0.0,icmp,1592780280,2020-06-21 22:58:00+00:00
221079787,jinan-telecom,wuhan-telecom,47.6465,0.0,icmp,1592780400,2020-06-21 23:00:00+00:00
221080023,jinan-telecom,wuhan-telecom,39.8515,0.0,icmp,1592780539,2020-06-21 23:02:19+00:00
221080228,jinan-telecom,wuhan-telecom,46.1279,0.0,icmp,1592780640,2020-06-21 23:04:00+00:00
221080462,jinan-telecom,wuhan-telecom,39.6272,0.0,icmp,1592780719,2020-06-21 23:05:19+00:00
221080703,jinan-telecom,wuhan-telecom,45.3723,0.0,icmp,1592780880,2020-06-21 23:08:00+00:00
221080936,jinan-telecom,wuhan-telecom,49.0711,0.0,icmp,1592781000,2020-06-21 23:10:00+00:00
221081144,jinan-telecom,wuhan-telecom,39.4951,0.0,icmp,1592781079,2020-06-21 23:11:19+00:00
221081372,jinan-telecom,wuhan-telecom,48.0064,0.0,icmp,1592781240,2020-06-21 23:14:00+00:00
221081595,jinan-telecom,wuhan-telecom,47.3869,0.0,icmp,1592781360,2020-06-21 23:16:00+00:00
221081829,jinan-telecom,wuhan-telecom,39.5836,0.0,icmp,1592781499,2020-06-21 23:18:19+00:00
221082050,jinan-telecom,wuhan-telecom,39.4248,0.0,icmp,1592781619,2020-06-21 23:20:19+00:00
221082282,jinan-telecom,wuhan-telecom,43.8331,0.0,icmp,1592781720,2020-06-21 23:22:00+00:00
221082531,jinan-telecom,wuhan-telecom,39.4024,0.0,icmp,1592781799,2020-06-21 23:23:19+00:00
221082741,jinan-telecom,wuhan-telecom,44.3788,0.0,icmp,1592781960,2020-06-21 23:26:00+00:00
221082963,jinan-telecom,wuhan-telecom,42.0203,0.0,icmp,1592782080,2020-06-21 23:28:00+00:00
221083211,jinan-telecom,wuhan-telecom,39.5278,0.0,icmp,1592782219,2020-06-21 23:30:19+00:00
221083419,jinan-telecom,wuhan-telecom,44.8861,0.0,icmp,1592782320,2020-06-21 23:32:00+00:00
221083643,jinan-telecom,wuhan-telecom,50.7428,0.0,icmp,1592782440,2020-06-21 23:34:00+00:00
221083880,jinan-telecom,wuhan-telecom,45.6265,0.0,icmp,1592782560,2020-06-21 23:36:00+00:00
221084113,jinan-telecom,wuhan-telecom,39.5897,0.0,icmp,1592782639,2020-06-21 23:37:19+00:00
221084336,jinan-telecom,wuhan-telecom,49.8108,0.0,icmp,1592782800,2020-06-21 23:40:00+00:00
221084571,jinan-telecom,wuhan-telecom,48.4398,0.0,icmp,1592782920,2020-06-21 23:42:00+00:00
221084788,jinan-telecom,wuhan-telecom,39.6202,0.0,icmp,1592782999,2020-06-21 23:43:19+00:00
221085045,jinan-telecom,wuhan-telecom,49.4688,0.0,icmp,1592783160,2020-06-21 23:46:00+00:00
221085242,jinan-telecom,wuhan-telecom,44.6772,0.0,icmp,1592783280,2020-06-21 23:48:00+00:00
221085492,jinan-telecom,wuhan-telecom,47.5534,0.0,icmp,1592783400,2020-06-21 23:50:00+00:00
221085723,jinan-telecom,wuhan-telecom,50.9361,0.0,icmp,1592783520,2020-06-21 23:52:00+00:00
221085935,jinan-telecom,wuhan-telecom,48.3879,0.0,icmp,1592783640,2020-06-21 23:54:00+00:00
221086180,jinan-telecom,wuhan-telecom,42.2568,0.0,icmp,1592783760,2020-06-21 23:56:00+00:00
221086401,jinan-telecom,wuhan-telecom,47.7493,0.0,icmp,1592783880,2020-06-21 23:58:00+00:00
221086631,jinan-telecom,wuhan-telecom,39.6156,0.0,icmp,1592784019,2020-06-22 00:00:19+00:00
221086856,jinan-telecom,wuhan-telecom,46.9772,0.0,icmp,1592784120,2020-06-22 00:02:00+00:00
221087107,jinan-telecom,wuhan-telecom,39.4725,0.0,icmp,1592784199,2020-06-22 00:03:19+00:00
221087299,jinan-telecom,wuhan-telecom,48.8382,0.0,icmp,1592784360,2020-06-22 00:06:00+00:00
221087542,jinan-telecom,wuhan-telecom,39.4903,0.0,icmp,1592784439,2020-06-22 00:07:19+00:00
221087774,jinan-telecom,wuhan-telecom,47.5945,0.0,icmp,1592784600,2020-06-22 00:10:00+00:00
221087979,jinan-telecom,wuhan-telecom,49.4033,0.0,icmp,1592784720,2020-06-22 00:12:00+00:00
221088240,jinan-telecom,wuhan-telecom,48.757,0.0,icmp,1592784840,2020-06-22 00:14:00+00:00
221088435,jinan-telecom,wuhan-telecom,50.9785,0.0,icmp,1592784960,2020-06-22 00:16:00+00:00
221088688,jinan-telecom,wuhan-telecom,39.4623,0.0,icmp,1592785099,2020-06-22 00:18:19+00:00
221088908,jinan-telecom,wuhan-telecom,46.6371,0.0,icmp,1592785200,2020-06-22 00:20:00+00:00
221089133,jinan-telecom,wuhan-telecom,39.6017,0.0,icmp,1592785279,2020-06-22 00:21:19+00:00
221089353,jinan-telecom,wuhan-telecom,48.9372,0.0,icmp,1592785440,2020-06-22 00:24:00+00:00
221089592,jinan-telecom,wuhan-telecom,39.4544,0.0,icmp,1592785519,2020-06-22 00:25:19+00:00
221089827,jinan-telecom,wuhan-telecom,47.2308,0.0,icmp,1592785680,2020-06-22 00:28:00+00:00
221090035,jinan-telecom,wuhan-telecom,48.8389,0.0,icmp,1592785800,2020-06-22 00:30:00+00:00
221090292,jinan-telecom,wuhan-telecom,45.2198,0.0,icmp,1592785920,2020-06-22 00:32:00+00:00
221090535,jinan-telecom,wuhan-telecom,39.6821,0.0,icmp,1592786059,2020-06-22 00:34:19+00:00
221090743,jinan-telecom,wuhan-telecom,49.2096,0.0,icmp,1592786160,2020-06-22 00:36:00+00:00
221090946,jinan-telecom,wuhan-telecom,53.7478,0.0,icmp,1592786280,2020-06-22 00:38:00+00:00
221091169,jinan-telecom,wuhan-telecom,52.7748,0.0,icmp,1592786400,2020-06-22 00:40:00+00:00
221091413,jinan-telecom,wuhan-telecom,46.2653,0.0,icmp,1592786520,2020-06-22 00:42:00+00:00
221091640,jinan-telecom,wuhan-telecom,46.395,0.0,icmp,1592786640,2020-06-22 00:44:00+00:00
221091881,jinan-telecom,wuhan-telecom,39.6742,0.0,icmp,1592786764,2020-06-22 00:46:04+00:00
221092090,jinan-telecom,wuhan-telecom,47.9873,0.0,icmp,1592786880,2020-06-22 00:48:00+00:00
221092312,jinan-telecom,wuhan-telecom,48.0907,0.0,icmp,1592787000,2020-06-22 00:50:00+00:00
221092539,jinan-telecom,wuhan-telecom,48.0119,0.0,icmp,1592787120,2020-06-22 00:52:00+00:00
221092787,jinan-telecom,wuhan-telecom,39.4326,0.0,icmp,1592787199,2020-06-22 00:53:19+00:00
221093010,jinan-telecom,wuhan-telecom,40.2082,0.0,icmp,1592787305,2020-06-22 00:55:05+00:00
221093235,jinan-telecom,wuhan-telecom,39.4502,0.0,icmp,1592787439,2020-06-22 00:57:19+00:00
221093474,jinan-telecom,wuhan-telecom,49.9881,0.0,icmp,1592787600,2020-06-22 01:00:00+00:00
221093738,jinan-telecom,wuhan-telecom,47.0005,0.0,icmp,1592787720,2020-06-22 01:02:00+00:00
221093915,jinan-telecom,wuhan-telecom,39.5212,0.0,icmp,1592787859,2020-06-22 01:04:19+00:00
221094155,jinan-telecom,wuhan-telecom,47.4113,0.0,icmp,1592787960,2020-06-22 01:06:00+00:00
221094366,jinan-telecom,wuhan-telecom,39.6433,0.0,icmp,1592788099,2020-06-22 01:08:19+00:00
221094603,jinan-telecom,wuhan-telecom,46.6637,0.0,icmp,1592788200,2020-06-22 01:10:00+00:00
221094836,jinan-telecom,wuhan-telecom,48.8911,0.0,icmp,1592788320,2020-06-22 01:12:00+00:00
221095045,jinan-telecom,wuhan-telecom,39.5139,0.0,icmp,1592788459,2020-06-22 01:14:19+00:00
221095302,jinan-telecom,wuhan-telecom,45.1242,0.0,icmp,1592788560,2020-06-22 01:16:00+00:00
221095521,jinan-telecom,wuhan-telecom,46.4859,0.0,icmp,1592788680,2020-06-22 01:18:00+00:00
221095746,jinan-telecom,wuhan-telecom,39.4479,0.0,icmp,1592788759,2020-06-22 01:19:19+00:00
221095974,jinan-telecom,wuhan-telecom,39.6756,0.0,icmp,1592788879,2020-06-22 01:21:19+00:00
221096195,jinan-telecom,wuhan-telecom,48.2863,0.0,icmp,1592789040,2020-06-22 01:24:00+00:00
221096433,jinan-telecom,wuhan-telecom,46.6297,0.0,icmp,1592789160,2020-06-22 01:26:00+00:00
221096656,jinan-telecom,wuhan-telecom,40.094,0.0,icmp,1592789280,2020-06-22 01:28:00+00:00
221096875,jinan-telecom,wuhan-telecom,39.4745,0.0,icmp,1592789419,2020-06-22 01:30:19+00:00
221097098,jinan-telecom,wuhan-telecom,39.5779,0.0,icmp,1592789539,2020-06-22 01:32:19+00:00
221097321,jinan-telecom,wuhan-telecom,49.7745,0.0,icmp,1592789640,2020-06-22 01:34:00+00:00
221097549,jinan-telecom,wuhan-telecom,45.6293,0.0,icmp,1592789760,2020-06-22 01:36:00+00:00
221097795,jinan-telecom,wuhan-telecom,42.5939,0.0,icmp,1592789880,2020-06-22 01:38:00+00:00
221098037,jinan-telecom,wuhan-telecom,48.4917,0.0,icmp,1592790000,2020-06-22 01:40:00+00:00
221098253,jinan-telecom,wuhan-telecom,46.043,0.0,icmp,1592790120,2020-06-22 01:42:00+00:00
221098487,jinan-telecom,wuhan-telecom,39.4528,0.0,icmp,1592790259,2020-06-22 01:44:19+00:00
221098695,jinan-telecom,wuhan-telecom,39.7522,0.0,icmp,1592790379,2020-06-22 01:46:19+00:00
221098934,jinan-telecom,wuhan-telecom,47.925,0.0,icmp,1592790480,2020-06-22 01:48:00+00:00
221099149,jinan-telecom,wuhan-telecom,39.4325,0.0,icmp,1592790559,2020-06-22 01:49:19+00:00
221099398,jinan-telecom,wuhan-telecom,39.6495,0.0,icmp,1592790679,2020-06-22 01:51:19+00:00
221099630,jinan-telecom,wuhan-telecom,47.1184,0.0,icmp,1592790840,2020-06-22 01:54:00+00:00
221099864,jinan-telecom,wuhan-telecom,39.9346,0.0,icmp,1592790919,2020-06-22 01:55:19+00:00
221100075,jinan-telecom,wuhan-telecom,47.1301,0.0,icmp,1592791080,2020-06-22 01:58:00+00:00
221100312,jinan-telecom,wuhan-telecom,39.469,0.0,icmp,1592791159,2020-06-22 01:59:19+00:00
221100523,jinan-telecom,wuhan-telecom,46.8354,0.0,icmp,1592791320,2020-06-22 02:02:00+00:00
221100745,jinan-telecom,wuhan-telecom,47.8838,0.0,icmp,1592791440,2020-06-22 02:04:00+00:00
221100974,jinan-telecom,wuhan-telecom,39.4713,0.0,icmp,1592791519,2020-06-22 02:05:19+00:00
221101212,jinan-telecom,wuhan-telecom,46.6392,0.0,icmp,1592791680,2020-06-22 02:08:00+00:00
221101450,jinan-telecom,wuhan-telecom,47.3159,0.0,icmp,1592791800,2020-06-22 02:10:00+00:00
221101676,jinan-telecom,wuhan-telecom,50.6729,0.0,icmp,1592791920,2020-06-22 02:12:00+00:00
221101905,jinan-telecom,wuhan-telecom,47.1473,0.0,icmp,1592792040,2020-06-22 02:14:00+00:00
221102111,jinan-telecom,wuhan-telecom,39.4566,0.0,icmp,1592792119,2020-06-22 02:15:19+00:00
221102354,jinan-telecom,wuhan-telecom,49.369,0.0,icmp,1592792280,2020-06-22 02:18:00+00:00
221102579,jinan-telecom,wuhan-telecom,48.2492,0.0,icmp,1592792400,2020-06-22 02:20:00+00:00
221102796,jinan-telecom,wuhan-telecom,39.664,0.0,icmp,1592792539,2020-06-22 02:22:19+00:00
221103027,jinan-telecom,wuhan-telecom,46.7612,0.0,icmp,1592792640,2020-06-22 02:24:00+00:00
221103267,jinan-telecom,wuhan-telecom,47.4905,0.0,icmp,1592792760,2020-06-22 02:26:00+00:00
221103485,jinan-telecom,wuhan-telecom,45.9323,0.0,icmp,1592792880,2020-06-22 02:28:00+00:00
221103710,jinan-telecom,wuhan-telecom,44.4182,0.0,icmp,1592793000,2020-06-22 02:30:00+00:00
221103956,jinan-telecom,wuhan-telecom,45.4343,0.0,icmp,1592793120,2020-06-22 02:32:00+00:00
221104167,jinan-telecom,wuhan-telecom,48.1158,0.0,icmp,1592793240,2020-06-22 02:34:00+00:00
221104406,jinan-telecom,wuhan-telecom,48.7673,0.0,icmp,1592793360,2020-06-22 02:36:00+00:00
221104628,jinan-telecom,wuhan-telecom,43.8444,0.0,icmp,1592793424,2020-06-22 02:37:04+00:00
221104864,jinan-telecom,wuhan-telecom,45.266,0.0,icmp,1592793600,2020-06-22 02:40:00+00:00
221105085,jinan-telecom,wuhan-telecom,46.1178,0.0,icmp,1592793720,2020-06-22 02:42:00+00:00
221105312,jinan-telecom,wuhan-telecom,39.4657,0.0,icmp,1592793859,2020-06-22 02:44:19+00:00
221105556,jinan-telecom,wuhan-telecom,48.2927,0.0,icmp,1592793960,2020-06-22 02:46:00+00:00
221105763,jinan-telecom,wuhan-telecom,39.3577,0.0,icmp,1592794039,2020-06-22 02:47:19+00:00
221105992,jinan-telecom,wuhan-telecom,39.4692,0.0,icmp,1592794145,2020-06-22 02:49:05+00:00
221106273,jinan-telecom,wuhan-telecom,48.7613,0.0,icmp,1592794320,2020-06-22 02:52:00+00:00
221106464,jinan-telecom,wuhan-telecom,49.7713,0.0,icmp,1592794440,2020-06-22 02:54:00+00:00
221106679,jinan-telecom,wuhan-telecom,50.0472,0.0,icmp,1592794560,2020-06-22 02:56:00+00:00
221106934,jinan-telecom,wuhan-telecom,46.5635,0.0,icmp,1592794680,2020-06-22 02:58:00+00:00
221107118,jinan-telecom,wuhan-telecom,49.1116,0.0,icmp,1592794800,2020-06-22 03:00:00+00:00
221107367,jinan-telecom,wuhan-telecom,47.0318,0.0,icmp,1592794920,2020-06-22 03:02:00+00:00
221107590,jinan-telecom,wuhan-telecom,49.6354,0.0,icmp,1592795040,2020-06-22 03:04:00+00:00
221107828,jinan-telecom,wuhan-telecom,49.0579,0.0,icmp,1592795160,2020-06-22 03:06:00+00:00
221108052,jinan-telecom,wuhan-telecom,39.3399,0.0,icmp,1592795299,2020-06-22 03:08:19+00:00
221108281,jinan-telecom,wuhan-telecom,48.2883,0.0,icmp,1592795400,2020-06-22 03:10:00+00:00
221108480,jinan-telecom,wuhan-telecom,39.4567,0.0,icmp,1592795539,2020-06-22 03:12:19+00:00
221108748,jinan-telecom,wuhan-telecom,42.1768,0.0,icmp,1592795640,2020-06-22 03:14:00+00:00
221108961,jinan-telecom,wuhan-telecom,46.5385,0.0,icmp,1592795760,2020-06-22 03:16:00+00:00
221109200,jinan-telecom,wuhan-telecom,39.6547,0.0,icmp,1592795899,2020-06-22 03:18:19+00:00
221109427,jinan-telecom,wuhan-telecom,46.9952,0.0,icmp,1592796000,2020-06-22 03:20:00+00:00
221109668,jinan-telecom,wuhan-telecom,44.1099,0.0,icmp,1592796120,2020-06-22 03:22:00+00:00
221109871,jinan-telecom,wuhan-telecom,47.6865,0.0,icmp,1592796240,2020-06-22 03:24:00+00:00
221110095,jinan-telecom,wuhan-telecom,39.4778,0.0,icmp,1592796319,2020-06-22 03:25:19+00:00
221110329,jinan-telecom,wuhan-telecom,47.5461,0.0,icmp,1592796480,2020-06-22 03:28:00+00:00
225814462,jinan-telecom,wuhan-telecom,46.7793,0.0,icmp,1593045900,2020-06-25 00:45:00+00:00
225814680,jinan-telecom,wuhan-telecom,39.3728,0.0,icmp,1593046039,2020-06-25 00:47:19+00:00
225814920,jinan-telecom,wuhan-telecom,46.9705,0.0,icmp,1593046140,2020-06-25 00:49:00+00:00
225815115,jinan-telecom,wuhan-telecom,39.329,0.0,icmp,1593046219,2020-06-25 00:50:19+00:00
225815370,jinan-telecom,wuhan-telecom,47.4757,0.0,icmp,1593046380,2020-06-25 00:53:00+00:00
225815587,jinan-telecom,wuhan-telecom,45.5853,0.0,icmp,1593046500,2020-06-25 00:55:00+00:00
225815818,jinan-telecom,wuhan-telecom,49.8689,0.0,icmp,1593046620,2020-06-25 00:57:00+00:00
225816028,jinan-telecom,wuhan-telecom,39.3607,0.0,icmp,1593046699,2020-06-25 00:58:19+00:00
225816250,jinan-telecom,wuhan-telecom,39.3721,0.0,icmp,1593046879,2020-06-25 01:01:19+00:00
225816475,jinan-telecom,wuhan-telecom,47.5295,0.0,icmp,1593046980,2020-06-25 01:03:00+00:00
225816711,jinan-telecom,wuhan-telecom,47.0736,0.0,icmp,1593047100,2020-06-25 01:05:00+00:00
225816930,jinan-telecom,wuhan-telecom,47.5422,0.0,icmp,1593047220,2020-06-25 01:07:00+00:00
225817174,jinan-telecom,wuhan-telecom,39.5052,0.0,icmp,1593047359,2020-06-25 01:09:19+00:00
225817390,jinan-telecom,wuhan-telecom,39.3429,0.0,icmp,1593047479,2020-06-25 01:11:19+00:00
225817601,jinan-telecom,wuhan-telecom,48.3885,0.0,icmp,1593047580,2020-06-25 01:13:00+00:00
225817832,jinan-telecom,wuhan-telecom,39.6927,0.0,icmp,1593047700,2020-06-25 01:15:00+00:00
225818048,jinan-telecom,wuhan-telecom,48.4692,0.0,icmp,1593047820,2020-06-25 01:17:00+00:00
225818288,jinan-telecom,wuhan-telecom,47.4239,0.0,icmp,1593047940,2020-06-25 01:19:00+00:00
225818548,jinan-telecom,wuhan-telecom,50.7884,0.0,icmp,1593048060,2020-06-25 01:21:00+00:00
225818736,jinan-telecom,wuhan-telecom,39.4191,0.0,icmp,1593048139,2020-06-25 01:22:19+00:00
225818963,jinan-telecom,wuhan-telecom,48.5031,0.0,icmp,1593048300,2020-06-25 01:25:00+00:00
225819189,jinan-telecom,wuhan-telecom,47.5009,0.0,icmp,1593048420,2020-06-25 01:27:00+00:00
225819423,jinan-telecom,wuhan-telecom,46.3612,0.0,icmp,1593048540,2020-06-25 01:29:00+00:00
225819625,jinan-telecom,wuhan-telecom,48.4604,0.0,icmp,1593048660,2020-06-25 01:31:00+00:00
225819845,jinan-telecom,wuhan-telecom,39.5968,0.0,icmp,1593048785,2020-06-25 01:33:05+00:00
225820090,jinan-telecom,wuhan-telecom,45.6629,0.0,icmp,1593048900,2020-06-25 01:35:00+00:00
225820318,jinan-telecom,wuhan-telecom,47.7672,0.0,icmp,1593049020,2020-06-25 01:37:00+00:00
225820551,jinan-telecom,wuhan-telecom,39.3323,0.0,icmp,1593049099,2020-06-25 01:38:19+00:00
225820773,jinan-telecom,wuhan-telecom,45.8556,0.0,icmp,1593049260,2020-06-25 01:41:00+00:00
225820972,jinan-telecom,wuhan-telecom,47.8282,0.0,icmp,1593049380,2020-06-25 01:43:00+00:00
225821203,jinan-telecom,wuhan-telecom,46.4919,0.0,icmp,1593049500,2020-06-25 01:45:00+00:00
225821434,jinan-telecom,wuhan-telecom,39.5238,0.0,icmp,1593049565,2020-06-25 01:46:05+00:00
225821664,jinan-telecom,wuhan-telecom,39.5541,0.0,icmp,1593049759,2020-06-25 01:49:19+00:00
225821866,jinan-telecom,wuhan-telecom,43.9358,0.0,icmp,1593049860,2020-06-25 01:51:00+00:00
225822106,jinan-telecom,wuhan-telecom,46.9662,0.0,icmp,1593049980,2020-06-25 01:53:00+00:00
225822317,jinan-telecom,wuhan-telecom,47.2359,0.0,icmp,1593050100,2020-06-25 01:55:00+00:00
225822558,jinan-telecom,wuhan-telecom,42.2912,0.0,icmp,1593050220,2020-06-25 01:57:00+00:00
225822788,jinan-telecom,wuhan-telecom,39.4706,0.0,icmp,1593050345,2020-06-25 01:59:05+00:00
225823000,jinan-telecom,wuhan-telecom,41.7702,0.0,icmp,1593050460,2020-06-25 02:01:00+00:00
225823233,jinan-telecom,wuhan-telecom,41.9482,0.0,icmp,1593050580,2020-06-25 02:03:00+00:00
225823454,jinan-telecom,wuhan-telecom,39.5502,0.0,icmp,1593050659,2020-06-25 02:04:19+00:00
225823683,jinan-telecom,wuhan-telecom,46.2984,0.0,icmp,1593050820,2020-06-25 02:07:00+00:00
225823901,jinan-telecom,wuhan-telecom,47.9699,0.0,icmp,1593050940,2020-06-25 02:09:00+00:00
225824126,jinan-telecom,wuhan-telecom,48.419,0.0,icmp,1593051060,2020-06-25 02:11:00+00:00
225824353,jinan-telecom,wuhan-telecom,48.7246,0.0,icmp,1593051180,2020-06-25 02:13:00+00:00
225824592,jinan-telecom,wuhan-telecom,44.214,0.0,icmp,1593051300,2020-06-25 02:15:00+00:00
225824826,jinan-telecom,wuhan-telecom,46.4778,0.0,icmp,1593051420,2020-06-25 02:17:00+00:00
225825033,jinan-telecom,wuhan-telecom,41.6091,0.0,icmp,1593051540,2020-06-25 02:19:00+00:00
225825269,jinan-telecom,wuhan-telecom,47.3227,0.0,icmp,1593051660,2020-06-25 02:21:00+00:00
225825474,jinan-telecom,wuhan-telecom,39.355,0.0,icmp,1593051739,2020-06-25 02:22:19+00:00
225825712,jinan-telecom,wuhan-telecom,39.3461,0.0,icmp,1593051919,2020-06-25 02:25:19+00:00
225825951,jinan-telecom,wuhan-telecom,50.1816,0.0,icmp,1593052020,2020-06-25 02:27:00+00:00
225826158,jinan-telecom,wuhan-telecom,45.6155,0.0,icmp,1593052140,2020-06-25 02:29:00+00:00
225826386,jinan-telecom,wuhan-telecom,44.3415,0.0,icmp,1593052260,2020-06-25 02:31:00+00:00
225826605,jinan-telecom,wuhan-telecom,45.781,0.0,icmp,1593052380,2020-06-25 02:33:00+00:00
225826824,jinan-telecom,wuhan-telecom,45.3502,0.0,icmp,1593052500,2020-06-25 02:35:00+00:00
225827073,jinan-telecom,wuhan-telecom,39.4768,0.0,icmp,1593052639,2020-06-25 02:37:19+00:00
225827279,jinan-telecom,wuhan-telecom,48.503,0.0,icmp,1593052740,2020-06-25 02:39:00+00:00
225827508,jinan-telecom,wuhan-telecom,39.4024,0.0,icmp,1593052879,2020-06-25 02:41:19+00:00
225827730,jinan-telecom,wuhan-telecom,46.9594,0.0,icmp,1593052980,2020-06-25 02:43:00+00:00
225827959,jinan-telecom,wuhan-telecom,39.3644,0.0,icmp,1593053059,2020-06-25 02:44:19+00:00
225828189,jinan-telecom,wuhan-telecom,47.6942,0.0,icmp,1593053220,2020-06-25 02:47:00+00:00
225828395,jinan-telecom,wuhan-telecom,47.6501,0.0,icmp,1593053340,2020-06-25 02:49:00+00:00
225828643,jinan-telecom,wuhan-telecom,44.523,0.0,icmp,1593053465,2020-06-25 02:51:05+00:00
225828856,jinan-telecom,wuhan-telecom,44.7524,0.0,icmp,1593053580,2020-06-25 02:53:00+00:00
225829090,jinan-telecom,wuhan-telecom,48.999,0.0,icmp,1593053700,2020-06-25 02:55:00+00:00
225829304,jinan-telecom,wuhan-telecom,48.8725,0.0,icmp,1593053820,2020-06-25 02:57:00+00:00
225829529,jinan-telecom,wuhan-telecom,46.6841,0.0,icmp,1593053940,2020-06-25 02:59:00+00:00
225829761,jinan-telecom,wuhan-telecom,47.5142,0.0,icmp,1593054060,2020-06-25 03:01:00+00:00
225830005,jinan-telecom,wuhan-telecom,41.7611,0.0,icmp,1593054180,2020-06-25 03:03:00+00:00
225830215,jinan-telecom,wuhan-telecom,39.3466,0.0,icmp,1593054259,2020-06-25 03:04:19+00:00
225830430,jinan-telecom,wuhan-telecom,46.8066,0.0,icmp,1593054420,2020-06-25 03:07:00+00:00
225830647,jinan-telecom,wuhan-telecom,49.7995,0.0,icmp,1593054540,2020-06-25 03:09:00+00:00
225830891,jinan-telecom,wuhan-telecom,39.4237,0.0,icmp,1593054619,2020-06-25 03:10:19+00:00
225831098,jinan-telecom,wuhan-telecom,42.134,0.0,icmp,1593054780,2020-06-25 03:13:00+00:00
225831343,jinan-telecom,wuhan-telecom,47.3894,0.0,icmp,1593054900,2020-06-25 03:15:00+00:00
225831555,jinan-telecom,wuhan-telecom,48.1514,0.0,icmp,1593055020,2020-06-25 03:17:00+00:00
225831807,jinan-telecom,wuhan-telecom,39.3659,0.0,icmp,1593055159,2020-06-25 03:19:19+00:00
225831998,jinan-telecom,wuhan-telecom,46.9243,0.0,icmp,1593055260,2020-06-25 03:21:00+00:00
225832250,jinan-telecom,wuhan-telecom,39.4979,0.0,icmp,1593055339,2020-06-25 03:22:19+00:00
225832452,jinan-telecom,wuhan-telecom,45.5682,0.0,icmp,1593055500,2020-06-25 03:25:00+00:00
225832681,jinan-telecom,wuhan-telecom,46.3868,0.0,icmp,1593055620,2020-06-25 03:27:00+00:00
225832896,jinan-telecom,wuhan-telecom,48.5123,0.0,icmp,1593055740,2020-06-25 03:29:00+00:00
225833116,jinan-telecom,wuhan-telecom,47.0233,0.0,icmp,1593055860,2020-06-25 03:31:00+00:00
225833362,jinan-telecom,wuhan-telecom,47.4134,0.0,icmp,1593055980,2020-06-25 03:33:00+00:00
225833584,jinan-telecom,wuhan-telecom,39.3819,0.0,icmp,1593056059,2020-06-25 03:34:19+00:00
225833812,jinan-telecom,wuhan-telecom,46.6072,0.0,icmp,1593056220,2020-06-25 03:37:00+00:00
225834022,jinan-telecom,wuhan-telecom,49.0513,0.0,icmp,1593056340,2020-06-25 03:39:00+00:00
225834266,jinan-telecom,wuhan-telecom,46.7926,0.0,icmp,1593056460,2020-06-25 03:41:00+00:00
225834493,jinan-telecom,wuhan-telecom,50.0227,0.0,icmp,1593056580,2020-06-25 03:43:00+00:00
225834704,jinan-telecom,wuhan-telecom,41.4233,0.0,icmp,1593056700,2020-06-25 03:45:00+00:00
225834919,jinan-telecom,wuhan-telecom,46.6245,0.0,icmp,1593056820,2020-06-25 03:47:00+00:00
225835150,jinan-telecom,wuhan-telecom,47.8345,0.0,icmp,1593056940,2020-06-25 03:49:00+00:00
225835372,jinan-telecom,wuhan-telecom,39.4386,0.0,icmp,1593057019,2020-06-25 03:50:19+00:00
225835601,jinan-telecom,wuhan-telecom,44.5048,0.0,icmp,1593057180,2020-06-25 03:53:00+00:00
225835860,jinan-telecom,wuhan-telecom,45.9758,0.0,icmp,1593057300,2020-06-25 03:55:00+00:00
225836068,jinan-telecom,wuhan-telecom,47.2586,0.0,icmp,1593057420,2020-06-25 03:57:00+00:00
225836302,jinan-telecom,wuhan-telecom,46.8811,0.0,icmp,1593057540,2020-06-25 03:59:00+00:00
225836511,jinan-telecom,wuhan-telecom,47.876,0.0,icmp,1593057660,2020-06-25 04:01:00+00:00
225836734,jinan-telecom,wuhan-telecom,47.7954,0.0,icmp,1593057780,2020-06-25 04:03:00+00:00
225836952,jinan-telecom,wuhan-telecom,46.5755,0.0,icmp,1593057900,2020-06-25 04:05:00+00:00
225837178,jinan-telecom,wuhan-telecom,46.9951,0.0,icmp,1593058020,2020-06-25 04:07:00+00:00
225837406,jinan-telecom,wuhan-telecom,45.8091,0.0,icmp,1593058140,2020-06-25 04:09:00+00:00
225837638,jinan-telecom,wuhan-telecom,39.3719,0.0,icmp,1593058219,2020-06-25 04:10:19+00:00
225837873,jinan-telecom,wuhan-telecom,45.2217,0.0,icmp,1593058380,2020-06-25 04:13:00+00:00
225838098,jinan-telecom,wuhan-telecom,47.2251,0.0,icmp,1593058500,2020-06-25 04:15:00+00:00
225838313,jinan-telecom,wuhan-telecom,47.7749,0.0,icmp,1593058620,2020-06-25 04:17:00+00:00
225838518,jinan-telecom,wuhan-telecom,46.9346,0.0,icmp,1593058740,2020-06-25 04:19:00+00:00
225838748,jinan-telecom,wuhan-telecom,39.3463,0.0,icmp,1593058819,2020-06-25 04:20:19+00:00
225838986,jinan-telecom,wuhan-telecom,47.4646,0.0,icmp,1593058980,2020-06-25 04:23:00+00:00
225839188,jinan-telecom,wuhan-telecom,39.3771,0.0,icmp,1593059059,2020-06-25 04:24:19+00:00
225839422,jinan-telecom,wuhan-telecom,47.1037,0.0,icmp,1593059220,2020-06-25 04:27:00+00:00
225839651,jinan-telecom,wuhan-telecom,42.126,0.0,icmp,1593059340,2020-06-25 04:29:00+00:00
225839874,jinan-telecom,wuhan-telecom,39.3468,0.0,icmp,1593059419,2020-06-25 04:30:19+00:00
225840107,jinan-telecom,wuhan-telecom,46.7396,0.0,icmp,1593059580,2020-06-25 04:33:00+00:00
225840330,jinan-telecom,wuhan-telecom,49.0374,0.0,icmp,1593059700,2020-06-25 04:35:00+00:00
225840564,jinan-telecom,wuhan-telecom,47.3335,0.0,icmp,1593059820,2020-06-25 04:37:00+00:00
225840788,jinan-telecom,wuhan-telecom,46.3,0.0,icmp,1593059940,2020-06-25 04:39:00+00:00
225841026,jinan-telecom,wuhan-telecom,43.24,0.0,icmp,1593060060,2020-06-25 04:41:00+00:00
225841275,jinan-telecom,wuhan-telecom,47.1472,0.0,icmp,1593060180,2020-06-25 04:43:00+00:00
225841464,jinan-telecom,wuhan-telecom,47.0565,0.0,icmp,1593060300,2020-06-25 04:45:00+00:00
225841672,jinan-telecom,wuhan-telecom,39.356,0.0,icmp,1593060439,2020-06-25 04:47:19+00:00
225841898,jinan-telecom,wuhan-telecom,47.76,0.0,icmp,1593060540,2020-06-25 04:49:00+00:00
225842123,jinan-telecom,wuhan-telecom,48.3066,0.0,icmp,1593060660,2020-06-25 04:51:00+00:00
225842340,jinan-telecom,wuhan-telecom,47.6066,0.0,icmp,1593060780,2020-06-25 04:53:00+00:00
225842576,jinan-telecom,wuhan-telecom,40.7007,0.0,icmp,1593060900,2020-06-25 04:55:00+00:00
225842815,jinan-telecom,wuhan-telecom,46.0228,0.0,icmp,1593061020,2020-06-25 04:57:00+00:00
225843050,jinan-telecom,wuhan-telecom,47.5284,0.0,icmp,1593061140,2020-06-25 04:59:00+00:00
225843244,jinan-telecom,wuhan-telecom,46.0023,0.0,icmp,1593061260,2020-06-25 05:01:00+00:00
225843500,jinan-telecom,wuhan-telecom,48.1741,0.0,icmp,1593061380,2020-06-25 05:03:00+00:00
225843697,jinan-telecom,wuhan-telecom,47.567,0.0,icmp,1593061500,2020-06-25 05:05:00+00:00
225843943,jinan-telecom,wuhan-telecom,45.6688,0.0,icmp,1593061620,2020-06-25 05:07:00+00:00
225844172,jinan-telecom,wuhan-telecom,39.3637,0.0,icmp,1593061759,2020-06-25 05:09:19+00:00
225844392,jinan-telecom,wuhan-telecom,45.3444,0.0,icmp,1593061860,2020-06-25 05:11:00+00:00
225844619,jinan-telecom,wuhan-telecom,45.6273,0.0,icmp,1593061980,2020-06-25 05:13:00+00:00
225844824,jinan-telecom,wuhan-telecom,39.4159,0.0,icmp,1593062059,2020-06-25 05:14:19+00:00
225845032,jinan-telecom,wuhan-telecom,45.186,0.0,icmp,1593062220,2020-06-25 05:17:00+00:00
225845284,jinan-telecom,wuhan-telecom,49.0466,0.0,icmp,1593062340,2020-06-25 05:19:00+00:00
225845525,jinan-telecom,wuhan-telecom,47.6862,0.0,icmp,1593062460,2020-06-25 05:21:00+00:00
225845723,jinan-telecom,wuhan-telecom,50.3751,0.0,icmp,1593062580,2020-06-25 05:23:00+00:00
225845958,jinan-telecom,wuhan-telecom,39.5727,0.0,icmp,1593062659,2020-06-25 05:24:19+00:00
225846190,jinan-telecom,wuhan-telecom,46.8747,0.0,icmp,1593062820,2020-06-25 05:27:00+00:00
225846412,jinan-telecom,wuhan-telecom,39.3558,0.0,icmp,1593062959,2020-06-25 05:29:19+00:00
225846642,jinan-telecom,wuhan-telecom,45.631,0.0,icmp,1593063060,2020-06-25 05:31:00+00:00
225846852,jinan-telecom,wuhan-telecom,46.057,0.0,icmp,1593063180,2020-06-25 05:33:00+00:00
225847081,jinan-telecom,wuhan-telecom,47.2258,0.0,icmp,1593063300,2020-06-25 05:35:00+00:00
225847322,jinan-telecom,wuhan-telecom,46.5359,0.0,icmp,1593063420,2020-06-25 05:37:00+00:00
225847520,jinan-telecom,wuhan-telecom,39.6286,0.0,icmp,1593063559,2020-06-25 05:39:19+00:00
225847749,jinan-telecom,wuhan-telecom,48.3017,0.0,icmp,1593063660,2020-06-25 05:41:00+00:00
225847978,jinan-telecom,wuhan-telecom,47.2916,0.0,icmp,1593063780,2020-06-25 05:43:00+00:00
225848258,jinan-telecom,wuhan-telecom,48.3745,0.0,icmp,1593063900,2020-06-25 05:45:00+00:00
225848435,jinan-telecom,wuhan-telecom,46.5542,0.0,icmp,1593064020,2020-06-25 05:47:00+00:00
225848683,jinan-telecom,wuhan-telecom,46.6443,0.0,icmp,1593064140,2020-06-25 05:49:00+00:00
225848886,jinan-telecom,wuhan-telecom,46.4391,0.0,icmp,1593064260,2020-06-25 05:51:00+00:00
225849100,jinan-telecom,wuhan-telecom,39.3541,0.0,icmp,1593064399,2020-06-25 05:53:19+00:00
225849336,jinan-telecom,wuhan-telecom,47.1574,0.0,icmp,1593064500,2020-06-25 05:55:00+00:00
225849558,jinan-telecom,wuhan-telecom,39.5785,0.0,icmp,1593064579,2020-06-25 05:56:19+00:00
225849811,jinan-telecom,wuhan-telecom,41.5195,0.0,icmp,1593064740,2020-06-25 05:59:00+00:00
225849985,jinan-telecom,wuhan-telecom,43.3703,0.0,icmp,1593064860,2020-06-25 06:01:00+00:00
225850226,jinan-telecom,wuhan-telecom,45.5534,0.0,icmp,1593064980,2020-06-25 06:03:00+00:00
225850462,jinan-telecom,wuhan-telecom,46.2603,0.0,icmp,1593065100,2020-06-25 06:05:00+00:00
225850698,jinan-telecom,wuhan-telecom,46.4989,0.0,icmp,1593065220,2020-06-25 06:07:00+00:00
225850883,jinan-telecom,wuhan-telecom,39.668,0.0,icmp,1593065359,2020-06-25 06:09:19+00:00
225851130,jinan-telecom,wuhan-telecom,46.2618,0.0,icmp,1593065460,2020-06-25 06:11:00+00:00
225851362,jinan-telecom,wuhan-telecom,48.2713,0.0,icmp,1593065580,2020-06-25 06:13:00+00:00
225851565,jinan-telecom,wuhan-telecom,46.5127,0.0,icmp,1593065700,2020-06-25 06:15:00+00:00
225851807,jinan-telecom,wuhan-telecom,43.6719,0.0,icmp,1593065820,2020-06-25 06:17:00+00:00
225852046,jinan-telecom,wuhan-telecom,47.2666,0.0,icmp,1593065940,2020-06-25 06:19:00+00:00
225852262,jinan-telecom,wuhan-telecom,47.0612,0.0,icmp,1593066060,2020-06-25 06:21:00+00:00
225852487,jinan-telecom,wuhan-telecom,39.3631,0.0,icmp,1593066139,2020-06-25 06:22:19+00:00
225852706,jinan-telecom,wuhan-telecom,48.668,0.0,icmp,1593066300,2020-06-25 06:25:00+00:00
225852935,jinan-telecom,wuhan-telecom,46.8517,0.0,icmp,1593066420,2020-06-25 06:27:00+00:00
225853175,jinan-telecom,wuhan-telecom,47.9234,0.0,icmp,1593066540,2020-06-25 06:29:00+00:00
225853356,jinan-telecom,wuhan-telecom,41.8195,0.0,icmp,1593066660,2020-06-25 06:31:00+00:00
225853593,jinan-telecom,wuhan-telecom,39.519,0.0,icmp,1593066739,2020-06-25 06:32:19+00:00
225853826,jinan-telecom,wuhan-telecom,46.7205,0.0,icmp,1593066900,2020-06-25 06:35:00+00:00
225854049,jinan-telecom,wuhan-telecom,39.3761,0.0,icmp,1593066979,2020-06-25 06:36:19+00:00
225854264,jinan-telecom,wuhan-telecom,40.1971,0.0,icmp,1593067140,2020-06-25 06:39:00+00:00
225854504,jinan-telecom,wuhan-telecom,47.4526,0.0,icmp,1593067260,2020-06-25 06:41:00+00:00
225854719,jinan-telecom,wuhan-telecom,46.6441,0.0,icmp,1593067380,2020-06-25 06:43:00+00:00
225854975,jinan-telecom,wuhan-telecom,39.4318,0.0,icmp,1593067459,2020-06-25 06:44:19+00:00
225855167,jinan-telecom,wuhan-telecom,40.7031,0.0,icmp,1593067620,2020-06-25 06:47:00+00:00
225855418,jinan-telecom,wuhan-telecom,46.2885,0.0,icmp,1593067740,2020-06-25 06:49:00+00:00
225855640,jinan-telecom,wuhan-telecom,39.3423,0.0,icmp,1593067879,2020-06-25 06:51:19+00:00
225855850,jinan-telecom,wuhan-telecom,39.357,0.0,icmp,1593067999,2020-06-25 06:53:19+00:00
225856094,jinan-telecom,wuhan-telecom,48.5647,0.0,icmp,1593068100,2020-06-25 06:55:00+00:00
225856320,jinan-telecom,wuhan-telecom,46.6882,0.0,icmp,1593068220,2020-06-25 06:57:00+00:00
225856560,jinan-telecom,wuhan-telecom,39.4213,0.0,icmp,1593068359,2020-06-25 06:59:19+00:00
225856769,jinan-telecom,wuhan-telecom,49.0047,0.0,icmp,1593068460,2020-06-25 07:01:00+00:00
225856992,jinan-telecom,wuhan-telecom,44.4954,0.0,icmp,1593068580,2020-06-25 07:03:00+00:00
225857188,jinan-telecom,wuhan-telecom,45.9133,0.0,icmp,1593068700,2020-06-25 07:05:00+00:00
225857424,jinan-telecom,wuhan-telecom,46.0702,0.0,icmp,1593068820,2020-06-25 07:07:00+00:00
225857649,jinan-telecom,wuhan-telecom,46.4237,0.0,icmp,1593068940,2020-06-25 07:09:00+00:00
225857888,jinan-telecom,wuhan-telecom,47.4538,0.0,icmp,1593069060,2020-06-25 07:11:00+00:00
225858104,jinan-telecom,wuhan-telecom,46.6675,0.0,icmp,1593069180,2020-06-25 07:13:00+00:00
225858344,jinan-telecom,wuhan-telecom,44.9313,0.0,icmp,1593069300,2020-06-25 07:15:00+00:00
225858547,jinan-telecom,wuhan-telecom,47.4927,0.0,icmp,1593069420,2020-06-25 07:17:00+00:00
225858772,jinan-telecom,wuhan-telecom,48.2944,0.0,icmp,1593069540,2020-06-25 07:19:00+00:00
225859002,jinan-telecom,wuhan-telecom,39.4687,0.0,icmp,1593069679,2020-06-25 07:21:19+00:00
225859268,jinan-telecom,wuhan-telecom,46.7265,0.0,icmp,1593069780,2020-06-25 07:23:00+00:00
225859474,jinan-telecom,wuhan-telecom,49.0485,0.0,icmp,1593069900,2020-06-25 07:25:00+00:00
225859689,jinan-telecom,wuhan-telecom,39.6403,0.0,icmp,1593069979,2020-06-25 07:26:19+00:00
225859901,jinan-telecom,wuhan-telecom,45.5718,0.0,icmp,1593070140,2020-06-25 07:29:00+00:00
225860114,jinan-telecom,wuhan-telecom,46.9977,0.0,icmp,1593070260,2020-06-25 07:31:00+00:00
225860362,jinan-telecom,wuhan-telecom,48.7944,0.0,icmp,1593070380,2020-06-25 07:33:00+00:00
225860579,jinan-telecom,wuhan-telecom,46.8731,0.0,icmp,1593070500,2020-06-25 07:35:00+00:00
225860804,jinan-telecom,wuhan-telecom,47.4319,0.0,icmp,1593070620,2020-06-25 07:37:00+00:00
225861035,jinan-telecom,wuhan-telecom,46.3314,0.0,icmp,1593070740,2020-06-25 07:39:00+00:00
225861274,jinan-telecom,wuhan-telecom,47.4018,0.0,icmp,1593070860,2020-06-25 07:41:00+00:00
225861472,jinan-telecom,wuhan-telecom,47.8185,0.0,icmp,1593070980,2020-06-25 07:43:00+00:00
225861690,jinan-telecom,wuhan-telecom,49.6019,0.0,icmp,1593071100,2020-06-25 07:45:00+00:00
225861926,jinan-telecom,wuhan-telecom,46.8458,0.0,icmp,1593071220,2020-06-25 07:47:00+00:00
225862170,jinan-telecom,wuhan-telecom,47.6323,0.0,icmp,1593071340,2020-06-25 07:49:00+00:00
225862376,jinan-telecom,wuhan-telecom,39.3752,0.0,icmp,1593071419,2020-06-25 07:50:19+00:00
225862606,jinan-telecom,wuhan-telecom,50.5036,0.0,icmp,1593071580,2020-06-25 07:53:00+00:00
225862850,jinan-telecom,wuhan-telecom,39.3579,0.0,icmp,1593071659,2020-06-25 07:54:19+00:00
225863092,jinan-telecom,wuhan-telecom,47.6053,0.0,icmp,1593071820,2020-06-25 07:57:00+00:00
225863265,jinan-telecom,wuhan-telecom,48.3982,0.0,icmp,1593071940,2020-06-25 07:59:00+00:00
225863513,jinan-telecom,wuhan-telecom,39.5578,0.0,icmp,1593072079,2020-06-25 08:01:19+00:00
225863743,jinan-telecom,wuhan-telecom,46.1067,0.0,icmp,1593072180,2020-06-25 08:03:00+00:00
225863970,jinan-telecom,wuhan-telecom,39.4499,0.0,icmp,1593072245,2020-06-25 08:04:05+00:00
225864167,jinan-telecom,wuhan-telecom,46.6232,0.0,icmp,1593072420,2020-06-25 08:07:00+00:00
225864399,jinan-telecom,wuhan-telecom,47.7384,0.0,icmp,1593072540,2020-06-25 08:09:00+00:00
225864632,jinan-telecom,wuhan-telecom,46.9899,0.0,icmp,1593072660,2020-06-25 08:11:00+00:00
225864850,jinan-telecom,wuhan-telecom,39.4941,0.0,icmp,1593072724,2020-06-25 08:12:04+00:00
225865081,jinan-telecom,wuhan-telecom,39.4775,0.0,icmp,1593072905,2020-06-25 08:15:05+00:00
225865311,jinan-telecom,wuhan-telecom,46.1342,0.0,icmp,1593073020,2020-06-25 08:17:00+00:00
225865532,jinan-telecom,wuhan-telecom,48.2484,0.0,icmp,1593073140,2020-06-25 08:19:00+00:00
225865767,jinan-telecom,wuhan-telecom,50.2879,0.0,icmp,1593073260,2020-06-25 08:21:00+00:00
225865993,jinan-telecom,wuhan-telecom,47.8776,0.0,icmp,1593073380,2020-06-25 08:23:00+00:00
225866213,jinan-telecom,wuhan-telecom,49.1227,0.0,icmp,1593073500,2020-06-25 08:25:00+00:00
225866424,jinan-telecom,wuhan-telecom,48.5019,0.0,icmp,1593073620,2020-06-25 08:27:00+00:00
225866664,jinan-telecom,wuhan-telecom,39.353,0.0,icmp,1593073699,2020-06-25 08:28:19+00:00
225866899,jinan-telecom,wuhan-telecom,45.4258,0.0,icmp,1593073860,2020-06-25 08:31:00+00:00
225867102,jinan-telecom,wuhan-telecom,44.9282,0.0,icmp,1593073980,2020-06-25 08:33:00+00:00
225867320,jinan-telecom,wuhan-telecom,39.3775,0.0,icmp,1593074119,2020-06-25 08:35:19+00:00
225867552,jinan-telecom,wuhan-telecom,45.641,0.0,icmp,1593074220,2020-06-25 08:37:00+00:00
225867771,jinan-telecom,wuhan-telecom,47.4821,0.0,icmp,1593074340,2020-06-25 08:39:00+00:00
225868002,jinan-telecom,wuhan-telecom,46.856,0.0,icmp,1593074460,2020-06-25 08:41:00+00:00
225868228,jinan-telecom,wuhan-telecom,45.824,0.0,icmp,1593074580,2020-06-25 08:43:00+00:00
225868463,jinan-telecom,wuhan-telecom,48.1388,0.0,icmp,1593074700,2020-06-25 08:45:00+00:00
225868677,jinan-telecom,wuhan-telecom,47.8875,0.0,icmp,1593074820,2020-06-25 08:47:00+00:00
225868894,jinan-telecom,wuhan-telecom,47.2751,0.0,icmp,1593074940,2020-06-25 08:49:00+00:00
225869128,jinan-telecom,wuhan-telecom,47.1683,0.0,icmp,1593075060,2020-06-25 08:51:00+00:00
225869363,jinan-telecom,wuhan-telecom,49.4225,0.0,icmp,1593075180,2020-06-25 08:53:00+00:00
225869579,jinan-telecom,wuhan-telecom,47.2361,0.0,icmp,1593075300,2020-06-25 08:55:00+00:00
225869814,jinan-telecom,wuhan-telecom,46.0546,0.0,icmp,1593075420,2020-06-25 08:57:00+00:00
225870021,jinan-telecom,wuhan-telecom,45.7321,0.0,icmp,1593075540,2020-06-25 08:59:00+00:00
225870250,jinan-telecom,wuhan-telecom,46.5468,0.0,icmp,1593075660,2020-06-25 09:01:00+00:00
225870476,jinan-telecom,wuhan-telecom,39.6813,0.0,icmp,1593075799,2020-06-25 09:03:19+00:00
225870683,jinan-telecom,wuhan-telecom,48.6938,0.0,icmp,1593075900,2020-06-25 09:05:00+00:00
225870925,jinan-telecom,wuhan-telecom,45.662,0.0,icmp,1593076020,2020-06-25 09:07:00+00:00
225871159,jinan-telecom,wuhan-telecom,46.2789,0.0,icmp,1593076140,2020-06-25 09:09:00+00:00
225871383,jinan-telecom,wuhan-telecom,48.4131,0.0,icmp,1593076260,2020-06-25 09:11:00+00:00
225871600,jinan-telecom,wuhan-telecom,46.8758,0.0,icmp,1593076380,2020-06-25 09:13:00+00:00
225871847,jinan-telecom,wuhan-telecom,45.8324,0.0,icmp,1593076500,2020-06-25 09:15:00+00:00
225872047,jinan-telecom,wuhan-telecom,47.1592,0.0,icmp,1593076620,2020-06-25 09:17:00+00:00
225872269,jinan-telecom,wuhan-telecom,46.8278,0.0,icmp,1593076740,2020-06-25 09:19:00+00:00
225872502,jinan-telecom,wuhan-telecom,48.9758,0.0,icmp,1593076860,2020-06-25 09:21:00+00:00
225872734,jinan-telecom,wuhan-telecom,45.9285,0.0,icmp,1593076980,2020-06-25 09:23:00+00:00
225872985,jinan-telecom,wuhan-telecom,48.458,0.0,icmp,1593077100,2020-06-25 09:25:00+00:00
225873183,jinan-telecom,wuhan-telecom,47.6408,0.0,icmp,1593077220,2020-06-25 09:27:00+00:00
225873419,jinan-telecom,wuhan-telecom,46.5157,0.0,icmp,1593077340,2020-06-25 09:29:00+00:00
225873637,jinan-telecom,wuhan-telecom,39.4362,0.0,icmp,1593077419,2020-06-25 09:30:19+00:00
225873864,jinan-telecom,wuhan-telecom,47.5931,0.0,icmp,1593077580,2020-06-25 09:33:00+00:00
225874090,jinan-telecom,wuhan-telecom,39.5951,0.0,icmp,1593077659,2020-06-25 09:34:19+00:00
225874316,jinan-telecom,wuhan-telecom,45.3138,0.0,icmp,1593077820,2020-06-25 09:37:00+00:00
225874549,jinan-telecom,wuhan-telecom,46.1544,0.0,icmp,1593077940,2020-06-25 09:39:00+00:00
225874760,jinan-telecom,wuhan-telecom,47.0538,0.0,icmp,1593078060,2020-06-25 09:41:00+00:00
225874986,jinan-telecom,wuhan-telecom,48.2333,0.0,icmp,1593078180,2020-06-25 09:43:00+00:00
225875226,jinan-telecom,wuhan-telecom,48.8177,0.0,icmp,1593078300,2020-06-25 09:45:00+00:00
225875421,jinan-telecom,wuhan-telecom,39.3488,0.0,icmp,1593078379,2020-06-25 09:46:19+00:00
225875639,jinan-telecom,wuhan-telecom,39.6629,0.0,icmp,1593078499,2020-06-25 09:48:19+00:00
225875861,jinan-telecom,wuhan-telecom,39.4601,0.0,icmp,1593078679,2020-06-25 09:51:19+00:00
225876101,jinan-telecom,wuhan-telecom,48.5539,0.0,icmp,1593078780,2020-06-25 09:53:00+00:00
225876327,jinan-telecom,wuhan-telecom,39.6938,0.0,icmp,1593078919,2020-06-25 09:55:19+00:00
225876553,jinan-telecom,wuhan-telecom,39.3332,0.0,icmp,1593079039,2020-06-25 09:57:19+00:00
225876786,jinan-telecom,wuhan-telecom,47.4557,0.0,icmp,1593079140,2020-06-25 09:59:00+00:00
225877032,jinan-telecom,wuhan-telecom,46.8759,0.0,icmp,1593079260,2020-06-25 10:01:00+00:00
225877242,jinan-telecom,wuhan-telecom,39.773,0.0,icmp,1593079339,2020-06-25 10:02:19+00:00
225877457,jinan-telecom,wuhan-telecom,48.532,0.0,icmp,1593079500,2020-06-25 10:05:00+00:00
225877680,jinan-telecom,wuhan-telecom,46.2599,0.0,icmp,1593079620,2020-06-25 10:07:00+00:00
225877924,jinan-telecom,wuhan-telecom,46.7316,0.0,icmp,1593079740,2020-06-25 10:09:00+00:00
225878131,jinan-telecom,wuhan-telecom,40.3525,0.0,icmp,1593079860,2020-06-25 10:11:00+00:00
225878347,jinan-telecom,wuhan-telecom,39.324,0.0,icmp,1593079999,2020-06-25 10:13:19+00:00
225878590,jinan-telecom,wuhan-telecom,49.8179,0.0,icmp,1593080100,2020-06-25 10:15:00+00:00
225878805,jinan-telecom,wuhan-telecom,47.0574,0.0,icmp,1593080220,2020-06-25 10:17:00+00:00
225879047,jinan-telecom,wuhan-telecom,47.8798,0.0,icmp,1593080340,2020-06-25 10:19:00+00:00
225879262,jinan-telecom,wuhan-telecom,39.7652,0.0,icmp,1593080419,2020-06-25 10:20:19+00:00
225879486,jinan-telecom,wuhan-telecom,48.1147,0.0,icmp,1593080580,2020-06-25 10:23:00+00:00
225879709,jinan-telecom,wuhan-telecom,39.4546,0.0,icmp,1593080659,2020-06-25 10:24:19+00:00
225879934,jinan-telecom,wuhan-telecom,39.5387,0.0,icmp,1593080839,2020-06-25 10:27:19+00:00
225880148,jinan-telecom,wuhan-telecom,39.4983,0.0,icmp,1593080959,2020-06-25 10:29:19+00:00
225880390,jinan-telecom,wuhan-telecom,39.3556,0.0,icmp,1593081079,2020-06-25 10:31:19+00:00
225880595,jinan-telecom,wuhan-telecom,44.966,0.0,icmp,1593081180,2020-06-25 10:33:00+00:00
225880825,jinan-telecom,wuhan-telecom,46.7424,0.0,icmp,1593081300,2020-06-25 10:35:00+00:00
225881063,jinan-telecom,wuhan-telecom,47.6984,0.0,icmp,1593081420,2020-06-25 10:37:00+00:00
225881271,jinan-telecom,wuhan-telecom,48.0262,0.0,icmp,1593081540,2020-06-25 10:39:00+00:00
225881495,jinan-telecom,wuhan-telecom,39.9486,0.0,icmp,1593081660,2020-06-25 10:41:00+00:00
225881737,jinan-telecom,wuhan-telecom,47.6861,0.0,icmp,1593081780,2020-06-25 10:43:00+00:00
225881952,jinan-telecom,wuhan-telecom,47.7737,0.0,icmp,1593081900,2020-06-25 10:45:00+00:00
225882158,jinan-telecom,wuhan-telecom,46.4501,0.0,icmp,1593081964,2020-06-25 10:46:04+00:00
225882404,jinan-telecom,wuhan-telecom,39.3427,0.0,icmp,1593082159,2020-06-25 10:49:19+00:00
225882634,jinan-telecom,wuhan-telecom,47.0568,0.0,icmp,1593082260,2020-06-25 10:51:00+00:00
225882881,jinan-telecom,wuhan-telecom,39.3379,0.0,icmp,1593082339,2020-06-25 10:52:19+00:00
225883105,jinan-telecom,wuhan-telecom,39.3607,0.0,icmp,1593082459,2020-06-25 10:54:19+00:00
225883293,jinan-telecom,wuhan-telecom,46.4631,0.0,icmp,1593082620,2020-06-25 10:57:00+00:00
225883535,jinan-telecom,wuhan-telecom,39.4393,0.0,icmp,1593082746,2020-06-25 10:59:06+00:00
225883796,jinan-telecom,wuhan-telecom,46.1479,0.0,icmp,1593082860,2020-06-25 11:01:00+00:00
225883971,jinan-telecom,wuhan-telecom,39.3551,0.0,icmp,1593082999,2020-06-25 11:03:19+00:00
225884192,jinan-telecom,wuhan-telecom,46.6202,0.0,icmp,1593083100,2020-06-25 11:05:00+00:00
225884421,jinan-telecom,wuhan-telecom,47.5891,0.0,icmp,1593083220,2020-06-25 11:07:00+00:00
225884659,jinan-telecom,wuhan-telecom,39.9527,0.0,icmp,1593083340,2020-06-25 11:09:00+00:00
225884877,jinan-telecom,wuhan-telecom,39.3473,0.0,icmp,1593083419,2020-06-25 11:10:19+00:00
225885096,jinan-telecom,wuhan-telecom,39.3327,0.0,icmp,1593083539,2020-06-25 11:12:19+00:00
225885326,jinan-telecom,wuhan-telecom,39.4333,0.0,icmp,1593083719,2020-06-25 11:15:19+00:00
225885561,jinan-telecom,wuhan-telecom,46.438,0.0,icmp,1593083820,2020-06-25 11:17:00+00:00
225885781,jinan-telecom,wuhan-telecom,46.6957,0.0,icmp,1593083940,2020-06-25 11:19:00+00:00
225886005,jinan-telecom,wuhan-telecom,46.396,0.0,icmp,1593084060,2020-06-25 11:21:00+00:00
225886221,jinan-telecom,wuhan-telecom,49.5071,0.0,icmp,1593084180,2020-06-25 11:23:00+00:00
225886458,jinan-telecom,wuhan-telecom,39.6371,0.0,icmp,1593084259,2020-06-25 11:24:19+00:00
225886679,jinan-telecom,wuhan-telecom,39.3613,0.0,icmp,1593084379,2020-06-25 11:26:19+00:00
225886899,jinan-telecom,wuhan-telecom,49.9304,0.0,icmp,1593084540,2020-06-25 11:29:00+00:00
225887131,jinan-telecom,wuhan-telecom,46.6276,0.0,icmp,1593084660,2020-06-25 11:31:00+00:00
225887351,jinan-telecom,wuhan-telecom,39.5411,0.0,icmp,1593084799,2020-06-25 11:33:19+00:00
225887577,jinan-telecom,wuhan-telecom,44.2377,0.0,icmp,1593084900,2020-06-25 11:35:00+00:00
225887800,jinan-telecom,wuhan-telecom,40.6727,0.0,icmp,1593084965,2020-06-25 11:36:05+00:00
225888032,jinan-telecom,wuhan-telecom,48.4107,0.0,icmp,1593085140,2020-06-25 11:39:00+00:00
225888259,jinan-telecom,wuhan-telecom,43.1733,0.0,icmp,1593085260,2020-06-25 11:41:00+00:00
225888488,jinan-telecom,wuhan-telecom,48.6199,0.0,icmp,1593085380,2020-06-25 11:43:00+00:00
225888725,jinan-telecom,wuhan-telecom,46.6613,0.0,icmp,1593085500,2020-06-25 11:45:00+00:00
225888935,jinan-telecom,wuhan-telecom,45.4342,0.0,icmp,1593085620,2020-06-25 11:47:00+00:00
225889149,jinan-telecom,wuhan-telecom,47.3164,0.0,icmp,1593085740,2020-06-25 11:49:00+00:00
225889399,jinan-telecom,wuhan-telecom,39.5477,0.0,icmp,1593085879,2020-06-25 11:51:19+00:00
225889616,jinan-telecom,wuhan-telecom,46.9859,0.0,icmp,1593085980,2020-06-25 11:53:00+00:00
225889817,jinan-telecom,wuhan-telecom,46.7001,0.0,icmp,1593086100,2020-06-25 11:55:00+00:00
225890059,jinan-telecom,wuhan-telecom,39.3737,0.0,icmp,1593086239,2020-06-25 11:57:19+00:00
225890270,jinan-telecom,wuhan-telecom,39.3822,0.0,icmp,1593086359,2020-06-25 11:59:19+00:00
225890506,jinan-telecom,wuhan-telecom,47.781,0.0,icmp,1593086460,2020-06-25 12:01:00+00:00
225890755,jinan-telecom,wuhan-telecom,47.0092,0.0,icmp,1593086580,2020-06-25 12:03:00+00:00
225890960,jinan-telecom,wuhan-telecom,46.8863,0.0,icmp,1593086700,2020-06-25 12:05:00+00:00
225891164,jinan-telecom,wuhan-telecom,39.3306,0.0,icmp,1593086839,2020-06-25 12:07:19+00:00
225891400,jinan-telecom,wuhan-telecom,49.1415,0.0,icmp,1593086940,2020-06-25 12:09:00+00:00
225891625,jinan-telecom,wuhan-telecom,45.7793,0.0,icmp,1593087004,2020-06-25 12:10:04+00:00
225891852,jinan-telecom,wuhan-telecom,43.9718,0.0,icmp,1593087180,2020-06-25 12:13:00+00:00
225892085,jinan-telecom,wuhan-telecom,39.3448,0.0,icmp,1593087259,2020-06-25 12:14:19+00:00
225892309,jinan-telecom,wuhan-telecom,48.7196,0.0,icmp,1593087420,2020-06-25 12:17:00+00:00
225892538,jinan-telecom,wuhan-telecom,39.5781,0.0,icmp,1593087499,2020-06-25 12:18:19+00:00
225892772,jinan-telecom,wuhan-telecom,46.6999,0.0,icmp,1593087660,2020-06-25 12:21:00+00:00
225892995,jinan-telecom,wuhan-telecom,49.509,0.0,icmp,1593087780,2020-06-25 12:23:00+00:00
225893201,jinan-telecom,wuhan-telecom,48.1644,0.0,icmp,1593087900,2020-06-25 12:25:00+00:00
225893421,jinan-telecom,wuhan-telecom,45.7352,0.0,icmp,1593088020,2020-06-25 12:27:00+00:00
225893644,jinan-telecom,wuhan-telecom,39.5751,0.0,icmp,1593088099,2020-06-25 12:28:19+00:00
225893883,jinan-telecom,wuhan-telecom,46.3749,0.0,icmp,1593088260,2020-06-25 12:31:00+00:00
225894098,jinan-telecom,wuhan-telecom,44.2711,0.0,icmp,1593088380,2020-06-25 12:33:00+00:00
225894340,jinan-telecom,wuhan-telecom,39.6689,0.0,icmp,1593088519,2020-06-25 12:35:19+00:00
225894542,jinan-telecom,wuhan-telecom,43.8456,0.0,icmp,1593088620,2020-06-25 12:37:00+00:00
225894796,jinan-telecom,wuhan-telecom,47.0398,0.0,icmp,1593088740,2020-06-25 12:39:00+00:00
225895019,jinan-telecom,wuhan-telecom,46.0508,0.0,icmp,1593088860,2020-06-25 12:41:00+00:00
225895233,jinan-telecom,wuhan-telecom,48.0756,0.0,icmp,1593088980,2020-06-25 12:43:00+00:00
225895454,jinan-telecom,wuhan-telecom,43.9426,0.0,icmp,1593089100,2020-06-25 12:45:00+00:00
225895689,jinan-telecom,wuhan-telecom,47.3825,0.0,icmp,1593089220,2020-06-25 12:47:00+00:00
225895905,jinan-telecom,wuhan-telecom,46.5252,0.0,icmp,1593089340,2020-06-25 12:49:00+00:00
225896129,jinan-telecom,wuhan-telecom,50.0322,0.0,icmp,1593089460,2020-06-25 12:51:00+00:00
225896365,jinan-telecom,wuhan-telecom,45.8572,0.0,icmp,1593089580,2020-06-25 12:53:00+00:00
225896587,jinan-telecom,wuhan-telecom,39.5325,0.0,icmp,1593089719,2020-06-25 12:55:19+00:00
225896812,jinan-telecom,wuhan-telecom,48.3583,0.0,icmp,1593089820,2020-06-25 12:57:00+00:00
225897047,jinan-telecom,wuhan-telecom,45.35,0.0,icmp,1593089940,2020-06-25 12:59:00+00:00
225897267,jinan-telecom,wuhan-telecom,45.92,0.0,icmp,1593090060,2020-06-25 13:01:00+00:00
225897473,jinan-telecom,wuhan-telecom,48.8846,0.0,icmp,1593090180,2020-06-25 13:03:00+00:00
225897710,jinan-telecom,wuhan-telecom,49.3561,0.0,icmp,1593090300,2020-06-25 13:05:00+00:00
225897945,jinan-telecom,wuhan-telecom,46.4118,0.0,icmp,1593090420,2020-06-25 13:07:00+00:00
225898162,jinan-telecom,wuhan-telecom,46.7764,0.0,icmp,1593090540,2020-06-25 13:09:00+00:00
225898421,jinan-telecom,wuhan-telecom,40.033,0.0,icmp,1593090660,2020-06-25 13:11:00+00:00
225898625,jinan-telecom,wuhan-telecom,39.9114,0.0,icmp,1593090799,2020-06-25 13:13:19+00:00
225898839,jinan-telecom,wuhan-telecom,46.6739,0.0,icmp,1593090900,2020-06-25 13:15:00+00:00
225899059,jinan-telecom,wuhan-telecom,47.8981,0.0,icmp,1593091020,2020-06-25 13:17:00+00:00
225899271,jinan-telecom,wuhan-telecom,39.4053,0.0,icmp,1593091159,2020-06-25 13:19:19+00:00
225899490,jinan-telecom,wuhan-telecom,49.5944,0.0,icmp,1593091260,2020-06-25 13:21:00+00:00
225899721,jinan-telecom,wuhan-telecom,49.1847,0.0,icmp,1593091380,2020-06-25 13:23:00+00:00
225899964,jinan-telecom,wuhan-telecom,48.3483,0.0,icmp,1593091500,2020-06-25 13:25:00+00:00
225900186,jinan-telecom,wuhan-telecom,49.6943,0.0,icmp,1593091620,2020-06-25 13:27:00+00:00
225900405,jinan-telecom,wuhan-telecom,39.6137,0.0,icmp,1593091699,2020-06-25 13:28:19+00:00
225900613,jinan-telecom,wuhan-telecom,48.3883,0.0,icmp,1593091860,2020-06-25 13:31:00+00:00
225900845,jinan-telecom,wuhan-telecom,39.4268,0.0,icmp,1593091939,2020-06-25 13:32:19+00:00
225901069,jinan-telecom,wuhan-telecom,46.7393,0.0,icmp,1593092100,2020-06-25 13:35:00+00:00
225901321,jinan-telecom,wuhan-telecom,39.3922,0.0,icmp,1593092239,2020-06-25 13:37:19+00:00
225901537,jinan-telecom,wuhan-telecom,39.3944,0.0,icmp,1593092359,2020-06-25 13:39:19+00:00
225901755,jinan-telecom,wuhan-telecom,43.8141,0.0,icmp,1593092460,2020-06-25 13:41:00+00:00
225901984,jinan-telecom,wuhan-telecom,50.7795,0.0,icmp,1593092580,2020-06-25 13:43:00+00:00
225902206,jinan-telecom,wuhan-telecom,48.637,0.0,icmp,1593092700,2020-06-25 13:45:00+00:00
225902448,jinan-telecom,wuhan-telecom,47.9612,0.0,icmp,1593092820,2020-06-25 13:47:00+00:00
225902665,jinan-telecom,wuhan-telecom,47.1519,0.0,icmp,1593092940,2020-06-25 13:49:00+00:00
225902881,jinan-telecom,wuhan-telecom,48.6743,0.0,icmp,1593093060,2020-06-25 13:51:00+00:00
225903130,jinan-telecom,wuhan-telecom,47.0384,0.0,icmp,1593093180,2020-06-25 13:53:00+00:00
225903316,jinan-telecom,wuhan-telecom,49.3553,0.0,icmp,1593093300,2020-06-25 13:55:00+00:00
225903584,jinan-telecom,wuhan-telecom,47.8149,0.0,icmp,1593093420,2020-06-25 13:57:00+00:00
225903773,jinan-telecom,wuhan-telecom,39.6437,0.0,icmp,1593093499,2020-06-25 13:58:19+00:00
225904012,jinan-telecom,wuhan-telecom,46.556,0.0,icmp,1593093660,2020-06-25 14:01:00+00:00
225904230,jinan-telecom,wuhan-telecom,39.3291,0.0,icmp,1593093739,2020-06-25 14:02:19+00:00
225904455,jinan-telecom,wuhan-telecom,39.4984,0.0,icmp,1593093859,2020-06-25 14:04:19+00:00
225904696,jinan-telecom,wuhan-telecom,48.7821,0.0,icmp,1593094020,2020-06-25 14:07:00+00:00
225904928,jinan-telecom,wuhan-telecom,45.6241,0.0,icmp,1593094140,2020-06-25 14:09:00+00:00
225905133,jinan-telecom,wuhan-telecom,47.5616,0.0,icmp,1593094260,2020-06-25 14:11:00+00:00
225905369,jinan-telecom,wuhan-telecom,47.1127,0.0,icmp,1593094324,2020-06-25 14:12:04+00:00
225905580,jinan-telecom,wuhan-telecom,49.1205,0.0,icmp,1593094500,2020-06-25 14:15:00+00:00
225905826,jinan-telecom,wuhan-telecom,47.6798,0.0,icmp,1593094620,2020-06-25 14:17:00+00:00
225906042,jinan-telecom,wuhan-telecom,39.413,0.0,icmp,1593094759,2020-06-25 14:19:19+00:00
225906246,jinan-telecom,wuhan-telecom,48.1531,0.0,icmp,1593094860,2020-06-25 14:21:00+00:00
225906497,jinan-telecom,wuhan-telecom,47.5409,0.0,icmp,1593094980,2020-06-25 14:23:00+00:00
225906706,jinan-telecom,wuhan-telecom,49.4544,0.0,icmp,1593095100,2020-06-25 14:25:00+00:00
225906926,jinan-telecom,wuhan-telecom,48.5721,0.0,icmp,1593095220,2020-06-25 14:27:00+00:00
225907139,jinan-telecom,wuhan-telecom,46.4227,0.0,icmp,1593095340,2020-06-25 14:29:00+00:00
225907403,jinan-telecom,wuhan-telecom,50.7779,0.0,icmp,1593095460,2020-06-25 14:31:00+00:00
225907613,jinan-telecom,wuhan-telecom,48.3558,0.0,icmp,1593095580,2020-06-25 14:33:00+00:00
225907843,jinan-telecom,wuhan-telecom,39.3734,0.0,icmp,1593095659,2020-06-25 14:34:19+00:00
225908053,jinan-telecom,wuhan-telecom,46.5798,0.0,icmp,1593095820,2020-06-25 14:37:00+00:00
225908280,jinan-telecom,wuhan-telecom,39.4335,0.0,icmp,1593095899,2020-06-25 14:38:19+00:00
225908512,jinan-telecom,wuhan-telecom,46.5806,0.0,icmp,1593096060,2020-06-25 14:41:00+00:00
225908726,jinan-telecom,wuhan-telecom,46.4967,0.0,icmp,1593096180,2020-06-25 14:43:00+00:00
225908950,jinan-telecom,wuhan-telecom,39.5104,0.0,icmp,1593096319,2020-06-25 14:45:19+00:00
225909189,jinan-telecom,wuhan-telecom,49.1262,0.0,icmp,1593096420,2020-06-25 14:47:00+00:00
225909411,jinan-telecom,wuhan-telecom,47.9404,0.0,icmp,1593096540,2020-06-25 14:49:00+00:00
225909632,jinan-telecom,wuhan-telecom,46.19,0.0,icmp,1593096660,2020-06-25 14:51:00+00:00
225909848,jinan-telecom,wuhan-telecom,39.3512,0.0,icmp,1593096799,2020-06-25 14:53:19+00:00
225910072,jinan-telecom,wuhan-telecom,44.0694,0.0,icmp,1593096900,2020-06-25 14:55:00+00:00
225910308,jinan-telecom,wuhan-telecom,48.8564,0.0,icmp,1593097020,2020-06-25 14:57:00+00:00
225910535,jinan-telecom,wuhan-telecom,41.6561,0.0,icmp,1593097140,2020-06-25 14:59:00+00:00
225910754,jinan-telecom,wuhan-telecom,46.5146,0.0,icmp,1593097260,2020-06-25 15:01:00+00:00
225910986,jinan-telecom,wuhan-telecom,47.4015,0.0,icmp,1593097380,2020-06-25 15:03:00+00:00
225911239,jinan-telecom,wuhan-telecom,42.2926,0.0,icmp,1593097500,2020-06-25 15:05:00+00:00
225911465,jinan-telecom,wuhan-telecom,39.3624,0.0,icmp,1593097639,2020-06-25 15:07:19+00:00
225911663,jinan-telecom,wuhan-telecom,49.6221,0.0,icmp,1593097740,2020-06-25 15:09:00+00:00
225911884,jinan-telecom,wuhan-telecom,47.3468,0.0,icmp,1593097860,2020-06-25 15:11:00+00:00
225912120,jinan-telecom,wuhan-telecom,46.3609,0.0,icmp,1593097980,2020-06-25 15:13:00+00:00
225912334,jinan-telecom,wuhan-telecom,47.3553,0.0,icmp,1593098100,2020-06-25 15:15:00+00:00
225912549,jinan-telecom,wuhan-telecom,47.7739,0.0,icmp,1593098220,2020-06-25 15:17:00+00:00
225912772,jinan-telecom,wuhan-telecom,47.6739,0.0,icmp,1593098340,2020-06-25 15:19:00+00:00
225913001,jinan-telecom,wuhan-telecom,47.8905,0.0,icmp,1593098460,2020-06-25 15:21:00+00:00
225913252,jinan-telecom,wuhan-telecom,46.5079,0.0,icmp,1593098580,2020-06-25 15:23:00+00:00
225913468,jinan-telecom,wuhan-telecom,40.0377,0.0,icmp,1593098644,2020-06-25 15:24:04+00:00
225913669,jinan-telecom,wuhan-telecom,49.5048,0.0,icmp,1593098820,2020-06-25 15:27:00+00:00
225913912,jinan-telecom,wuhan-telecom,46.6677,0.0,icmp,1593098940,2020-06-25 15:29:00+00:00
225914134,jinan-telecom,wuhan-telecom,39.3254,0.0,icmp,1593099019,2020-06-25 15:30:19+00:00
225914365,jinan-telecom,wuhan-telecom,47.2473,0.0,icmp,1593099180,2020-06-25 15:33:00+00:00
225914588,jinan-telecom,wuhan-telecom,40.7906,0.0,icmp,1593099300,2020-06-25 15:35:00+00:00
225914794,jinan-telecom,wuhan-telecom,47.5944,0.0,icmp,1593099420,2020-06-25 15:37:00+00:00
225915021,jinan-telecom,wuhan-telecom,45.5588,0.0,icmp,1593099540,2020-06-25 15:39:00+00:00
225915249,jinan-telecom,wuhan-telecom,45.8285,0.0,icmp,1593099660,2020-06-25 15:41:00+00:00
225915455,jinan-telecom,wuhan-telecom,39.3793,0.0,icmp,1593099799,2020-06-25 15:43:19+00:00
225915714,jinan-telecom,wuhan-telecom,47.2102,0.0,icmp,1593099900,2020-06-25 15:45:00+00:00
225915930,jinan-telecom,wuhan-telecom,39.4816,0.0,icmp,1593100024,2020-06-25 15:47:04+00:00
225916139,jinan-telecom,wuhan-telecom,46.1108,0.0,icmp,1593100140,2020-06-25 15:49:00+00:00
225916389,jinan-telecom,wuhan-telecom,47.5885,0.0,icmp,1593100260,2020-06-25 15:51:00+00:00
225916595,jinan-telecom,wuhan-telecom,46.5756,0.0,icmp,1593100380,2020-06-25 15:53:00+00:00
225916825,jinan-telecom,wuhan-telecom,47.8651,0.0,icmp,1593100500,2020-06-25 15:55:00+00:00
225917062,jinan-telecom,wuhan-telecom,39.4047,0.0,icmp,1593100579,2020-06-25 15:56:19+00:00
225917289,jinan-telecom,wuhan-telecom,47.4264,0.0,icmp,1593100740,2020-06-25 15:59:00+00:00
225917500,jinan-telecom,wuhan-telecom,39.8258,0.0,icmp,1593100819,2020-06-25 16:00:19+00:00
225917744,jinan-telecom,wuhan-telecom,46.6309,0.0,icmp,1593100980,2020-06-25 16:03:00+00:00
225917951,jinan-telecom,wuhan-telecom,49.2101,0.0,icmp,1593101100,2020-06-25 16:05:00+00:00
225918172,jinan-telecom,wuhan-telecom,42.7974,0.0,icmp,1593101220,2020-06-25 16:07:00+00:00
225918416,jinan-telecom,wuhan-telecom,45.9054,0.0,icmp,1593101340,2020-06-25 16:09:00+00:00
225918639,jinan-telecom,wuhan-telecom,40.9482,0.0,icmp,1593101460,2020-06-25 16:11:00+00:00
225918845,jinan-telecom,wuhan-telecom,39.3181,0.0,icmp,1593101539,2020-06-25 16:12:19+00:00
225919070,jinan-telecom,wuhan-telecom,48.3594,0.0,icmp,1593101700,2020-06-25 16:15:00+00:00
225919298,jinan-telecom,wuhan-telecom,43.451,0.0,icmp,1593101820,2020-06-25 16:17:00+00:00
225919546,jinan-telecom,wuhan-telecom,44.2222,0.0,icmp,1593101940,2020-06-25 16:19:00+00:00
225919747,jinan-telecom,wuhan-telecom,46.8104,0.0,icmp,1593102060,2020-06-25 16:21:00+00:00
225919980,jinan-telecom,wuhan-telecom,48.8423,0.0,icmp,1593102180,2020-06-25 16:23:00+00:00
225920209,jinan-telecom,wuhan-telecom,39.5116,0.0,icmp,1593102259,2020-06-25 16:24:19+00:00
225920425,jinan-telecom,wuhan-telecom,39.5154,0.0,icmp,1593102424,2020-06-25 16:27:04+00:00
225920649,jinan-telecom,wuhan-telecom,48.3144,0.0,icmp,1593102540,2020-06-25 16:29:00+00:00
225920874,jinan-telecom,wuhan-telecom,39.3051,0.0,icmp,1593102679,2020-06-25 16:31:19+00:00
225921096,jinan-telecom,wuhan-telecom,43.8161,0.0,icmp,1593102780,2020-06-25 16:33:00+00:00
225921323,jinan-telecom,wuhan-telecom,39.4226,0.0,icmp,1593102859,2020-06-25 16:34:19+00:00
225921543,jinan-telecom,wuhan-telecom,47.3936,0.0,icmp,1593103020,2020-06-25 16:37:00+00:00
225921772,jinan-telecom,wuhan-telecom,46.748,0.0,icmp,1593103140,2020-06-25 16:39:00+00:00
225921999,jinan-telecom,wuhan-telecom,48.0672,0.0,icmp,1593103260,2020-06-25 16:41:00+00:00
225922221,jinan-telecom,wuhan-telecom,39.3178,0.0,icmp,1593103339,2020-06-25 16:42:19+00:00
225922450,jinan-telecom,wuhan-telecom,46.4291,0.0,icmp,1593103500,2020-06-25 16:45:00+00:00
225922682,jinan-telecom,wuhan-telecom,39.6633,0.0,icmp,1593103639,2020-06-25 16:47:19+00:00
225922905,jinan-telecom,wuhan-telecom,46.7929,0.0,icmp,1593103740,2020-06-25 16:49:00+00:00
225923126,jinan-telecom,wuhan-telecom,46.712,0.0,icmp,1593103860,2020-06-25 16:51:00+00:00
225923363,jinan-telecom,wuhan-telecom,46.8862,0.0,icmp,1593103980,2020-06-25 16:53:00+00:00
225923591,jinan-telecom,wuhan-telecom,48.95,0.0,icmp,1593104100,2020-06-25 16:55:00+00:00
225923795,jinan-telecom,wuhan-telecom,49.9855,0.0,icmp,1593104220,2020-06-25 16:57:00+00:00
225924045,jinan-telecom,wuhan-telecom,39.4359,0.0,icmp,1593104299,2020-06-25 16:58:19+00:00
225924249,jinan-telecom,wuhan-telecom,49.0162,0.0,icmp,1593104460,2020-06-25 17:01:00+00:00
225924492,jinan-telecom,wuhan-telecom,39.5109,0.0,icmp,1593104599,2020-06-25 17:03:19+00:00
225924720,jinan-telecom,wuhan-telecom,48.6872,0.0,icmp,1593104700,2020-06-25 17:05:00+00:00
225924933,jinan-telecom,wuhan-telecom,43.1595,0.0,icmp,1593104820,2020-06-25 17:07:00+00:00
225925154,jinan-telecom,wuhan-telecom,39.3788,0.0,icmp,1593104959,2020-06-25 17:09:19+00:00
225925375,jinan-telecom,wuhan-telecom,46.7514,0.0,icmp,1593105060,2020-06-25 17:11:00+00:00
225925621,jinan-telecom,wuhan-telecom,46.4288,0.0,icmp,1593105180,2020-06-25 17:13:00+00:00
225925846,jinan-telecom,wuhan-telecom,46.1094,0.0,icmp,1593105300,2020-06-25 17:15:00+00:00
225926050,jinan-telecom,wuhan-telecom,46.6449,0.0,icmp,1593105420,2020-06-25 17:17:00+00:00
225926281,jinan-telecom,wuhan-telecom,46.6054,0.0,icmp,1593105540,2020-06-25 17:19:00+00:00
225926531,jinan-telecom,wuhan-telecom,47.4065,0.0,icmp,1593105660,2020-06-25 17:21:00+00:00
225926718,jinan-telecom,wuhan-telecom,46.7471,0.0,icmp,1593105780,2020-06-25 17:23:00+00:00
225926953,jinan-telecom,wuhan-telecom,50.3444,0.0,icmp,1593105900,2020-06-25 17:25:00+00:00
225927184,jinan-telecom,wuhan-telecom,43.4995,0.0,icmp,1593106020,2020-06-25 17:27:00+00:00
225927408,jinan-telecom,wuhan-telecom,48.199,0.0,icmp,1593106140,2020-06-25 17:29:00+00:00
225927634,jinan-telecom,wuhan-telecom,39.3836,0.0,icmp,1593106219,2020-06-25 17:30:19+00:00
225927850,jinan-telecom,wuhan-telecom,46.3038,0.0,icmp,1593106380,2020-06-25 17:33:00+00:00
225928055,jinan-telecom,wuhan-telecom,46.5597,0.0,icmp,1593106500,2020-06-25 17:35:00+00:00
225928315,jinan-telecom,wuhan-telecom,39.3239,0.0,icmp,1593106579,2020-06-25 17:36:19+00:00
225928528,jinan-telecom,wuhan-telecom,48.2931,0.0,icmp,1593106740,2020-06-25 17:39:00+00:00
225928753,jinan-telecom,wuhan-telecom,40.6309,0.0,icmp,1593106860,2020-06-25 17:41:00+00:00
225928975,jinan-telecom,wuhan-telecom,47.0741,0.0,icmp,1593106980,2020-06-25 17:43:00+00:00
225929236,jinan-telecom,wuhan-telecom,45.6791,0.0,icmp,1593107100,2020-06-25 17:45:00+00:00
225929442,jinan-telecom,wuhan-telecom,39.6439,0.0,icmp,1593107179,2020-06-25 17:46:19+00:00
225929667,jinan-telecom,wuhan-telecom,43.2035,0.0,icmp,1593107340,2020-06-25 17:49:00+00:00
225929890,jinan-telecom,wuhan-telecom,48.0297,0.0,icmp,1593107460,2020-06-25 17:51:00+00:00
225930107,jinan-telecom,wuhan-telecom,47.1038,0.0,icmp,1593107580,2020-06-25 17:53:00+00:00
225930326,jinan-telecom,wuhan-telecom,39.6505,0.0,icmp,1593107659,2020-06-25 17:54:19+00:00
225930577,jinan-telecom,wuhan-telecom,47.0067,0.0,icmp,1593107820,2020-06-25 17:57:00+00:00
225930772,jinan-telecom,wuhan-telecom,46.7969,0.0,icmp,1593107940,2020-06-25 17:59:00+00:00
225931024,jinan-telecom,wuhan-telecom,40.8601,0.0,icmp,1593108060,2020-06-25 18:01:00+00:00
225931220,jinan-telecom,wuhan-telecom,46.7939,0.0,icmp,1593108180,2020-06-25 18:03:00+00:00
225931465,jinan-telecom,wuhan-telecom,39.4524,0.0,icmp,1593108259,2020-06-25 18:04:19+00:00
225931697,jinan-telecom,wuhan-telecom,39.5474,0.0,icmp,1593108439,2020-06-25 18:07:19+00:00
225931881,jinan-telecom,wuhan-telecom,47.3324,0.0,icmp,1593108540,2020-06-25 18:09:00+00:00
225932108,jinan-telecom,wuhan-telecom,46.2179,0.0,icmp,1593108660,2020-06-25 18:11:00+00:00
228869019,jinan-telecom,wuhan-telecom,39.3693,0.0,icmp,1592796619,2020-06-22 03:30:19+00:00
228869239,jinan-telecom,wuhan-telecom,46.2543,0.0,icmp,1592796720,2020-06-22 03:32:00+00:00
228869484,jinan-telecom,wuhan-telecom,39.3905,0.0,icmp,1592796799,2020-06-22 03:33:19+00:00
228869708,jinan-telecom,wuhan-telecom,39.4309,0.0,icmp,1592796979,2020-06-22 03:36:19+00:00
228869920,jinan-telecom,wuhan-telecom,49.8164,0.0,icmp,1592797080,2020-06-22 03:38:00+00:00
228870174,jinan-telecom,wuhan-telecom,47.2901,0.0,icmp,1592797200,2020-06-22 03:40:00+00:00
228870403,jinan-telecom,wuhan-telecom,43.3169,0.0,icmp,1592797320,2020-06-22 03:42:00+00:00
228870629,jinan-telecom,wuhan-telecom,45.7811,0.0,icmp,1592797440,2020-06-22 03:44:00+00:00
228870844,jinan-telecom,wuhan-telecom,39.5273,0.0,icmp,1592797579,2020-06-22 03:46:19+00:00
228871075,jinan-telecom,wuhan-telecom,45.0488,0.0,icmp,1592797680,2020-06-22 03:48:00+00:00
228871303,jinan-telecom,wuhan-telecom,47.4242,0.0,icmp,1592797800,2020-06-22 03:50:00+00:00
228871521,jinan-telecom,wuhan-telecom,44.7566,0.0,icmp,1592797920,2020-06-22 03:52:00+00:00
228871765,jinan-telecom,wuhan-telecom,43.3753,0.0,icmp,1592798040,2020-06-22 03:54:00+00:00
228871982,jinan-telecom,wuhan-telecom,39.549,0.0,icmp,1592798119,2020-06-22 03:55:19+00:00
228872221,jinan-telecom,wuhan-telecom,43.4431,0.0,icmp,1592798280,2020-06-22 03:58:00+00:00
228872455,jinan-telecom,wuhan-telecom,39.5231,0.0,icmp,1592798344,2020-06-22 03:59:04+00:00
228872691,jinan-telecom,wuhan-telecom,48.3167,0.0,icmp,1592798520,2020-06-22 04:02:00+00:00
228872912,jinan-telecom,wuhan-telecom,47.0925,0.0,icmp,1592798640,2020-06-22 04:04:00+00:00
228873124,jinan-telecom,wuhan-telecom,39.3488,0.0,icmp,1592798779,2020-06-22 04:06:19+00:00
228873351,jinan-telecom,wuhan-telecom,48.6542,0.0,icmp,1592798880,2020-06-22 04:08:00+00:00
228873586,jinan-telecom,wuhan-telecom,39.361,0.0,icmp,1592798959,2020-06-22 04:09:19+00:00
228873802,jinan-telecom,wuhan-telecom,46.5862,0.0,icmp,1592799120,2020-06-22 04:12:00+00:00
228874029,jinan-telecom,wuhan-telecom,47.7826,0.0,icmp,1592799240,2020-06-22 04:14:00+00:00
228874281,jinan-telecom,wuhan-telecom,39.3621,0.0,icmp,1592799379,2020-06-22 04:16:19+00:00
228874495,jinan-telecom,wuhan-telecom,43.1325,0.0,icmp,1592799480,2020-06-22 04:18:00+00:00
228874718,jinan-telecom,wuhan-telecom,47.0612,0.0,icmp,1592799600,2020-06-22 04:20:00+00:00
228874952,jinan-telecom,wuhan-telecom,46.0962,0.0,icmp,1592799720,2020-06-22 04:22:00+00:00
228875169,jinan-telecom,wuhan-telecom,47.176,0.0,icmp,1592799840,2020-06-22 04:24:00+00:00
228875419,jinan-telecom,wuhan-telecom,39.6394,0.0,icmp,1592799919,2020-06-22 04:25:19+00:00
228875644,jinan-telecom,wuhan-telecom,46.932,0.0,icmp,1592800080,2020-06-22 04:28:00+00:00
228875865,jinan-telecom,wuhan-telecom,46.6683,0.0,icmp,1592800200,2020-06-22 04:30:00+00:00
228876075,jinan-telecom,wuhan-telecom,49.0544,0.0,icmp,1592800320,2020-06-22 04:32:00+00:00
228876308,jinan-telecom,wuhan-telecom,47.2233,0.0,icmp,1592800440,2020-06-22 04:34:00+00:00
228876543,jinan-telecom,wuhan-telecom,47.7665,0.0,icmp,1592800560,2020-06-22 04:36:00+00:00
228876764,jinan-telecom,wuhan-telecom,39.3959,0.0,icmp,1592800639,2020-06-22 04:37:19+00:00
228876990,jinan-telecom,wuhan-telecom,46.7149,0.0,icmp,1592800800,2020-06-22 04:40:00+00:00
228877236,jinan-telecom,wuhan-telecom,47.606,0.0,icmp,1592800920,2020-06-22 04:42:00+00:00
228877452,jinan-telecom,wuhan-telecom,48.441,0.0,icmp,1592801040,2020-06-22 04:44:00+00:00
228877678,jinan-telecom,wuhan-telecom,46.053,0.0,icmp,1592801160,2020-06-22 04:46:00+00:00
228877913,jinan-telecom,wuhan-telecom,47.6209,0.0,icmp,1592801280,2020-06-22 04:48:00+00:00
228878142,jinan-telecom,wuhan-telecom,45.8375,0.0,icmp,1592801400,2020-06-22 04:50:00+00:00
228878367,jinan-telecom,wuhan-telecom,48.1172,0.0,icmp,1592801520,2020-06-22 04:52:00+00:00
228878609,jinan-telecom,wuhan-telecom,39.386,0.0,icmp,1592801599,2020-06-22 04:53:19+00:00
228878828,jinan-telecom,wuhan-telecom,45.7755,0.0,icmp,1592801760,2020-06-22 04:56:00+00:00
228879052,jinan-telecom,wuhan-telecom,48.4381,0.0,icmp,1592801880,2020-06-22 04:58:00+00:00
228879290,jinan-telecom,wuhan-telecom,45.7801,0.0,icmp,1592802000,2020-06-22 05:00:00+00:00
228879525,jinan-telecom,wuhan-telecom,48.3966,0.0,icmp,1592802120,2020-06-22 05:02:00+00:00
228879739,jinan-telecom,wuhan-telecom,47.6724,0.0,icmp,1592802240,2020-06-22 05:04:00+00:00
228879955,jinan-telecom,wuhan-telecom,47.2109,0.0,icmp,1592802360,2020-06-22 05:06:00+00:00
228880204,jinan-telecom,wuhan-telecom,42.0242,0.0,icmp,1592802480,2020-06-22 05:08:00+00:00
228880434,jinan-telecom,wuhan-telecom,39.5601,0.0,icmp,1592802559,2020-06-22 05:09:19+00:00
228880645,jinan-telecom,wuhan-telecom,48.0794,0.0,icmp,1592802720,2020-06-22 05:12:00+00:00
228880886,jinan-telecom,wuhan-telecom,39.4191,0.0,icmp,1592802859,2020-06-22 05:14:19+00:00
228881122,jinan-telecom,wuhan-telecom,46.6132,0.0,icmp,1592802960,2020-06-22 05:16:00+00:00
228881341,jinan-telecom,wuhan-telecom,49.474,0.0,icmp,1592803080,2020-06-22 05:18:00+00:00
228881580,jinan-telecom,wuhan-telecom,39.3783,0.0,icmp,1592803159,2020-06-22 05:19:19+00:00
228881809,jinan-telecom,wuhan-telecom,39.3267,0.0,icmp,1592803279,2020-06-22 05:21:19+00:00
228882037,jinan-telecom,wuhan-telecom,46.5125,0.0,icmp,1592803440,2020-06-22 05:24:00+00:00
228882273,jinan-telecom,wuhan-telecom,47.5021,0.0,icmp,1592803560,2020-06-22 05:26:00+00:00
228882493,jinan-telecom,wuhan-telecom,47.8627,0.0,icmp,1592803680,2020-06-22 05:28:00+00:00
228882708,jinan-telecom,wuhan-telecom,46.2775,0.0,icmp,1592803800,2020-06-22 05:30:00+00:00
228882936,jinan-telecom,wuhan-telecom,46.0694,0.0,icmp,1592803920,2020-06-22 05:32:00+00:00
228883164,jinan-telecom,wuhan-telecom,46.9954,0.0,icmp,1592804040,2020-06-22 05:34:00+00:00
228883409,jinan-telecom,wuhan-telecom,42.1349,0.0,icmp,1592804164,2020-06-22 05:36:04+00:00
228883650,jinan-telecom,wuhan-telecom,46.8753,0.0,icmp,1592804280,2020-06-22 05:38:00+00:00
228883879,jinan-telecom,wuhan-telecom,40.9563,0.0,icmp,1592804400,2020-06-22 05:40:00+00:00
228884083,jinan-telecom,wuhan-telecom,47.4081,0.0,icmp,1592804520,2020-06-22 05:42:00+00:00
228884313,jinan-telecom,wuhan-telecom,48.8672,0.0,icmp,1592804640,2020-06-22 05:44:00+00:00
228884538,jinan-telecom,wuhan-telecom,49.1854,0.0,icmp,1592804760,2020-06-22 05:46:00+00:00
228884789,jinan-telecom,wuhan-telecom,46.3675,0.0,icmp,1592804880,2020-06-22 05:48:00+00:00
228885019,jinan-telecom,wuhan-telecom,39.3808,0.0,icmp,1592804959,2020-06-22 05:49:19+00:00
228885252,jinan-telecom,wuhan-telecom,50.4914,0.0,icmp,1592805120,2020-06-22 05:52:00+00:00
228885452,jinan-telecom,wuhan-telecom,46.6246,0.0,icmp,1592805240,2020-06-22 05:54:00+00:00
228885671,jinan-telecom,wuhan-telecom,48.2564,0.0,icmp,1592805360,2020-06-22 05:56:00+00:00
228885923,jinan-telecom,wuhan-telecom,39.3707,0.0,icmp,1592805499,2020-06-22 05:58:19+00:00
228886142,jinan-telecom,wuhan-telecom,47.075,0.0,icmp,1592805600,2020-06-22 06:00:00+00:00
228886377,jinan-telecom,wuhan-telecom,39.5592,0.0,icmp,1592805739,2020-06-22 06:02:19+00:00
228886592,jinan-telecom,wuhan-telecom,48.0966,0.0,icmp,1592805840,2020-06-22 06:04:00+00:00
228886836,jinan-telecom,wuhan-telecom,45.8669,0.0,icmp,1592805960,2020-06-22 06:06:00+00:00
228887048,jinan-telecom,wuhan-telecom,39.3751,0.0,icmp,1592806039,2020-06-22 06:07:19+00:00
228887288,jinan-telecom,wuhan-telecom,47.0153,0.0,icmp,1592806200,2020-06-22 06:10:00+00:00
228887495,jinan-telecom,wuhan-telecom,39.5316,0.0,icmp,1592806279,2020-06-22 06:11:19+00:00
228887744,jinan-telecom,wuhan-telecom,46.371,0.0,icmp,1592806440,2020-06-22 06:14:00+00:00
228887949,jinan-telecom,wuhan-telecom,48.5256,0.0,icmp,1592806560,2020-06-22 06:16:00+00:00
228888191,jinan-telecom,wuhan-telecom,46.0864,0.0,icmp,1592806680,2020-06-22 06:18:00+00:00
228888412,jinan-telecom,wuhan-telecom,39.4725,0.0,icmp,1592806819,2020-06-22 06:20:19+00:00
228888654,jinan-telecom,wuhan-telecom,45.8232,0.0,icmp,1592806920,2020-06-22 06:22:00+00:00
228888870,jinan-telecom,wuhan-telecom,49.5151,0.0,icmp,1592807040,2020-06-22 06:24:00+00:00
228889106,jinan-telecom,wuhan-telecom,49.5391,0.0,icmp,1592807160,2020-06-22 06:26:00+00:00
228889331,jinan-telecom,wuhan-telecom,44.9692,0.0,icmp,1592807280,2020-06-22 06:28:00+00:00
228889552,jinan-telecom,wuhan-telecom,44.1729,0.0,icmp,1592807400,2020-06-22 06:30:00+00:00
228889804,jinan-telecom,wuhan-telecom,44.4164,0.0,icmp,1592807520,2020-06-22 06:32:00+00:00
228890013,jinan-telecom,wuhan-telecom,48.1099,0.0,icmp,1592807640,2020-06-22 06:34:00+00:00
228890236,jinan-telecom,wuhan-telecom,39.3855,0.0,icmp,1592807719,2020-06-22 06:35:19+00:00
228890429,jinan-telecom,wuhan-telecom,45.5162,0.0,icmp,1592807880,2020-06-22 06:38:00+00:00
228890686,jinan-telecom,wuhan-telecom,39.3542,0.0,icmp,1592807959,2020-06-22 06:39:19+00:00
228890902,jinan-telecom,wuhan-telecom,46.4523,0.0,icmp,1592808120,2020-06-22 06:42:00+00:00
228891145,jinan-telecom,wuhan-telecom,46.7512,0.0,icmp,1592808240,2020-06-22 06:44:00+00:00
228891356,jinan-telecom,wuhan-telecom,48.5586,0.0,icmp,1592808360,2020-06-22 06:46:00+00:00
228891591,jinan-telecom,wuhan-telecom,46.6423,0.0,icmp,1592808480,2020-06-22 06:48:00+00:00
228891816,jinan-telecom,wuhan-telecom,48.2314,0.0,icmp,1592808600,2020-06-22 06:50:00+00:00
228892054,jinan-telecom,wuhan-telecom,42.2964,0.0,icmp,1592808720,2020-06-22 06:52:00+00:00
228892265,jinan-telecom,wuhan-telecom,39.4429,0.0,icmp,1592808859,2020-06-22 06:54:19+00:00
228892511,jinan-telecom,wuhan-telecom,48.2962,0.0,icmp,1592808965,2020-06-22 06:56:05+00:00
228892722,jinan-telecom,wuhan-telecom,44.1253,0.0,icmp,1592809080,2020-06-22 06:58:00+00:00
228892944,jinan-telecom,wuhan-telecom,39.4807,0.0,icmp,1592809144,2020-06-22 06:59:04+00:00
228893174,jinan-telecom,wuhan-telecom,39.6134,0.0,icmp,1592809339,2020-06-22 07:02:19+00:00
228893448,jinan-telecom,wuhan-telecom,46.693,0.0,icmp,1592809440,2020-06-22 07:04:00+00:00
228893625,jinan-telecom,wuhan-telecom,48.6268,0.0,icmp,1592809560,2020-06-22 07:06:00+00:00
228893851,jinan-telecom,wuhan-telecom,48.8202,0.0,icmp,1592809680,2020-06-22 07:08:00+00:00
228894081,jinan-telecom,wuhan-telecom,46.6114,0.0,icmp,1592809800,2020-06-22 07:10:00+00:00
228894322,jinan-telecom,wuhan-telecom,39.3327,0.0,icmp,1592809879,2020-06-22 07:11:19+00:00
228894553,jinan-telecom,wuhan-telecom,42.8916,0.0,icmp,1592810040,2020-06-22 07:14:00+00:00
228894772,jinan-telecom,wuhan-telecom,48.6204,0.0,icmp,1592810160,2020-06-22 07:16:00+00:00
228894996,jinan-telecom,wuhan-telecom,45.3448,0.0,icmp,1592810280,2020-06-22 07:18:00+00:00
228895248,jinan-telecom,wuhan-telecom,40.7528,0.0,icmp,1592810400,2020-06-22 07:20:00+00:00
228895462,jinan-telecom,wuhan-telecom,46.234,0.0,icmp,1592810520,2020-06-22 07:22:00+00:00
228895678,jinan-telecom,wuhan-telecom,47.2113,0.0,icmp,1592810640,2020-06-22 07:24:00+00:00
228895922,jinan-telecom,wuhan-telecom,45.4721,0.0,icmp,1592810760,2020-06-22 07:26:00+00:00
228896138,jinan-telecom,wuhan-telecom,46.3419,0.0,icmp,1592810880,2020-06-22 07:28:00+00:00
228896346,jinan-telecom,wuhan-telecom,47.4099,0.0,icmp,1592811000,2020-06-22 07:30:00+00:00
228896563,jinan-telecom,wuhan-telecom,49.0415,0.0,icmp,1592811120,2020-06-22 07:32:00+00:00
228896830,jinan-telecom,wuhan-telecom,46.2499,0.0,icmp,1592811240,2020-06-22 07:34:00+00:00
228897041,jinan-telecom,wuhan-telecom,44.7393,0.0,icmp,1592811360,2020-06-22 07:36:00+00:00
228897280,jinan-telecom,wuhan-telecom,46.2656,0.0,icmp,1592811480,2020-06-22 07:38:00+00:00
228897492,jinan-telecom,wuhan-telecom,46.158,0.0,icmp,1592811600,2020-06-22 07:40:00+00:00
228897722,jinan-telecom,wuhan-telecom,39.3494,0.0,icmp,1592811679,2020-06-22 07:41:19+00:00
228897949,jinan-telecom,wuhan-telecom,47.1874,0.0,icmp,1592811840,2020-06-22 07:44:00+00:00
228898182,jinan-telecom,wuhan-telecom,39.375,0.0,icmp,1592811919,2020-06-22 07:45:19+00:00
228898404,jinan-telecom,wuhan-telecom,48.1908,0.0,icmp,1592812080,2020-06-22 07:48:00+00:00
228898636,jinan-telecom,wuhan-telecom,39.3427,0.0,icmp,1592812159,2020-06-22 07:49:19+00:00
228898848,jinan-telecom,wuhan-telecom,51.0474,0.0,icmp,1592812320,2020-06-22 07:52:00+00:00
228899088,jinan-telecom,wuhan-telecom,39.3528,0.0,icmp,1592812399,2020-06-22 07:53:19+00:00
228899322,jinan-telecom,wuhan-telecom,50.8677,0.0,icmp,1592812560,2020-06-22 07:56:00+00:00
228899542,jinan-telecom,wuhan-telecom,39.3402,0.0,icmp,1592812639,2020-06-22 07:57:19+00:00
228899771,jinan-telecom,wuhan-telecom,39.4357,0.0,icmp,1592812819,2020-06-22 08:00:19+00:00
228899978,jinan-telecom,wuhan-telecom,39.6086,0.0,icmp,1592812939,2020-06-22 08:02:19+00:00
228900207,jinan-telecom,wuhan-telecom,47.7991,0.0,icmp,1592813040,2020-06-22 08:04:00+00:00
228900458,jinan-telecom,wuhan-telecom,39.3491,0.0,icmp,1592813119,2020-06-22 08:05:19+00:00
228900676,jinan-telecom,wuhan-telecom,48.1055,0.0,icmp,1592813280,2020-06-22 08:08:00+00:00
228900885,jinan-telecom,wuhan-telecom,47.5197,0.0,icmp,1592813400,2020-06-22 08:10:00+00:00
228901123,jinan-telecom,wuhan-telecom,39.3533,0.0,icmp,1592813479,2020-06-22 08:11:19+00:00
228901354,jinan-telecom,wuhan-telecom,44.8071,0.0,icmp,1592813640,2020-06-22 08:14:00+00:00
228901599,jinan-telecom,wuhan-telecom,42.8154,0.0,icmp,1592813770,2020-06-22 08:16:10+00:00
228901827,jinan-telecom,wuhan-telecom,45.6595,0.0,icmp,1592813880,2020-06-22 08:18:00+00:00
228902051,jinan-telecom,wuhan-telecom,46.7668,0.0,icmp,1592814000,2020-06-22 08:20:00+00:00
228902276,jinan-telecom,wuhan-telecom,47.1554,0.0,icmp,1592814120,2020-06-22 08:22:00+00:00
228902497,jinan-telecom,wuhan-telecom,45.938,0.0,icmp,1592814240,2020-06-22 08:24:00+00:00
228902705,jinan-telecom,wuhan-telecom,45.8065,0.0,icmp,1592814360,2020-06-22 08:26:00+00:00
228902928,jinan-telecom,wuhan-telecom,47.7698,0.0,icmp,1592814480,2020-06-22 08:28:00+00:00
228903158,jinan-telecom,wuhan-telecom,39.6374,0.0,icmp,1592814619,2020-06-22 08:30:19+00:00
228903393,jinan-telecom,wuhan-telecom,46.4044,0.0,icmp,1592814720,2020-06-22 08:32:00+00:00
228903622,jinan-telecom,wuhan-telecom,45.4817,0.0,icmp,1592814840,2020-06-22 08:34:00+00:00
228903840,jinan-telecom,wuhan-telecom,45.3463,0.0,icmp,1592814960,2020-06-22 08:36:00+00:00
228904073,jinan-telecom,wuhan-telecom,45.0453,0.0,icmp,1592815080,2020-06-22 08:38:00+00:00
228904304,jinan-telecom,wuhan-telecom,46.1144,0.0,icmp,1592815200,2020-06-22 08:40:00+00:00
228904580,jinan-telecom,wuhan-telecom,39.3769,0.0,icmp,1592815339,2020-06-22 08:42:19+00:00
228904773,jinan-telecom,wuhan-telecom,48.7533,0.0,icmp,1592815440,2020-06-22 08:44:00+00:00
228904991,jinan-telecom,wuhan-telecom,46.5169,0.0,icmp,1592815560,2020-06-22 08:46:00+00:00
228905218,jinan-telecom,wuhan-telecom,43.5209,0.0,icmp,1592815624,2020-06-22 08:47:04+00:00
228905430,jinan-telecom,wuhan-telecom,46.4348,0.0,icmp,1592815800,2020-06-22 08:50:00+00:00
228905681,jinan-telecom,wuhan-telecom,43.1964,0.0,icmp,1592815920,2020-06-22 08:52:00+00:00
228905884,jinan-telecom,wuhan-telecom,46.47,0.0,icmp,1592816040,2020-06-22 08:54:00+00:00
228906106,jinan-telecom,wuhan-telecom,39.8125,0.0,icmp,1592816179,2020-06-22 08:56:19+00:00
228906336,jinan-telecom,wuhan-telecom,47.379,0.0,icmp,1592816280,2020-06-22 08:58:00+00:00
228906591,jinan-telecom,wuhan-telecom,47.0974,0.0,icmp,1592816400,2020-06-22 09:00:00+00:00
228906804,jinan-telecom,wuhan-telecom,39.3622,0.0,icmp,1592816479,2020-06-22 09:01:19+00:00
228907019,jinan-telecom,wuhan-telecom,45.5244,0.0,icmp,1592816640,2020-06-22 09:04:00+00:00
228907248,jinan-telecom,wuhan-telecom,47.2636,0.0,icmp,1592816760,2020-06-22 09:06:00+00:00
228907471,jinan-telecom,wuhan-telecom,39.4199,0.0,icmp,1592816839,2020-06-22 09:07:19+00:00
228907702,jinan-telecom,wuhan-telecom,46.0731,0.0,icmp,1592817000,2020-06-22 09:10:00+00:00
228907928,jinan-telecom,wuhan-telecom,47.7332,0.0,icmp,1592817120,2020-06-22 09:12:00+00:00
228908170,jinan-telecom,wuhan-telecom,46.01,0.0,icmp,1592817240,2020-06-22 09:14:00+00:00
228908405,jinan-telecom,wuhan-telecom,39.363,0.0,icmp,1592817319,2020-06-22 09:15:19+00:00
228908616,jinan-telecom,wuhan-telecom,46.7782,0.0,icmp,1592817480,2020-06-22 09:18:00+00:00
228908841,jinan-telecom,wuhan-telecom,53.7474,0.0,icmp,1592817600,2020-06-22 09:20:00+00:00
228909065,jinan-telecom,wuhan-telecom,46.1742,0.0,icmp,1592817720,2020-06-22 09:22:00+00:00
228909296,jinan-telecom,wuhan-telecom,39.556,0.0,icmp,1592817799,2020-06-22 09:23:19+00:00
228909522,jinan-telecom,wuhan-telecom,48.1161,0.0,icmp,1592817960,2020-06-22 09:26:00+00:00
228909747,jinan-telecom,wuhan-telecom,41.2759,0.0,icmp,1592818080,2020-06-22 09:28:00+00:00
228909987,jinan-telecom,wuhan-telecom,40.8635,0.0,icmp,1592818200,2020-06-22 09:30:00+00:00
228910220,jinan-telecom,wuhan-telecom,45.4601,0.0,icmp,1592818320,2020-06-22 09:32:00+00:00
228910422,jinan-telecom,wuhan-telecom,48.8361,0.0,icmp,1592818440,2020-06-22 09:34:00+00:00
228910656,jinan-telecom,wuhan-telecom,39.7114,0.0,icmp,1592818519,2020-06-22 09:35:19+00:00
228910897,jinan-telecom,wuhan-telecom,46.2886,0.0,icmp,1592818680,2020-06-22 09:38:00+00:00
228911131,jinan-telecom,wuhan-telecom,46.5927,0.0,icmp,1592818800,2020-06-22 09:40:00+00:00
228911348,jinan-telecom,wuhan-telecom,39.626,0.0,icmp,1592818879,2020-06-22 09:41:19+00:00
228911584,jinan-telecom,wuhan-telecom,45.8999,0.0,icmp,1592819040,2020-06-22 09:44:00+00:00
228911804,jinan-telecom,wuhan-telecom,45.9733,0.0,icmp,1592819160,2020-06-22 09:46:00+00:00
228912028,jinan-telecom,wuhan-telecom,46.5138,0.0,icmp,1592819280,2020-06-22 09:48:00+00:00
228912255,jinan-telecom,wuhan-telecom,47.1991,0.0,icmp,1592819400,2020-06-22 09:50:00+00:00
228912487,jinan-telecom,wuhan-telecom,47.1576,0.0,icmp,1592819520,2020-06-22 09:52:00+00:00
228912699,jinan-telecom,wuhan-telecom,49.7132,0.0,icmp,1592819640,2020-06-22 09:54:00+00:00
228912943,jinan-telecom,wuhan-telecom,46.1898,0.0,icmp,1592819760,2020-06-22 09:56:00+00:00
228913153,jinan-telecom,wuhan-telecom,48.9976,0.0,icmp,1592819880,2020-06-22 09:58:00+00:00
228913378,jinan-telecom,wuhan-telecom,39.6395,0.0,icmp,1592819959,2020-06-22 09:59:19+00:00
228913609,jinan-telecom,wuhan-telecom,42.7839,0.0,icmp,1592820120,2020-06-22 10:02:00+00:00
228913838,jinan-telecom,wuhan-telecom,45.7169,0.0,icmp,1592820240,2020-06-22 10:04:00+00:00
228914047,jinan-telecom,wuhan-telecom,39.5704,0.0,icmp,1592820379,2020-06-22 10:06:19+00:00
228914282,jinan-telecom,wuhan-telecom,39.6372,0.0,icmp,1592820499,2020-06-22 10:08:19+00:00
228914508,jinan-telecom,wuhan-telecom,49.5427,0.0,icmp,1592820600,2020-06-22 10:10:00+00:00
228914753,jinan-telecom,wuhan-telecom,47.7955,0.0,icmp,1592820720,2020-06-22 10:12:00+00:00
228914968,jinan-telecom,wuhan-telecom,49.8441,0.0,icmp,1592820840,2020-06-22 10:14:00+00:00
228915198,jinan-telecom,wuhan-telecom,48.9727,0.0,icmp,1592820960,2020-06-22 10:16:00+00:00
228915439,jinan-telecom,wuhan-telecom,47.2773,0.0,icmp,1592821080,2020-06-22 10:18:00+00:00
228915641,jinan-telecom,wuhan-telecom,39.6695,0.0,icmp,1592821219,2020-06-22 10:20:19+00:00
228915898,jinan-telecom,wuhan-telecom,48.9657,0.0,icmp,1592821320,2020-06-22 10:22:00+00:00
228916124,jinan-telecom,wuhan-telecom,44.7298,0.0,icmp,1592821440,2020-06-22 10:24:00+00:00
228916341,jinan-telecom,wuhan-telecom,47.3467,0.0,icmp,1592821560,2020-06-22 10:26:00+00:00
228916554,jinan-telecom,wuhan-telecom,39.8086,0.0,icmp,1592821699,2020-06-22 10:28:19+00:00
228916782,jinan-telecom,wuhan-telecom,49.8821,0.0,icmp,1592821800,2020-06-22 10:30:00+00:00
228917033,jinan-telecom,wuhan-telecom,39.8835,0.0,icmp,1592821939,2020-06-22 10:32:19+00:00
228917260,jinan-telecom,wuhan-telecom,42.369,0.0,icmp,1592822040,2020-06-22 10:34:00+00:00
228917484,jinan-telecom,wuhan-telecom,46.7889,0.0,icmp,1592822160,2020-06-22 10:36:00+00:00
228917689,jinan-telecom,wuhan-telecom,47.2378,0.0,icmp,1592822280,2020-06-22 10:38:00+00:00
228917930,jinan-telecom,wuhan-telecom,39.6464,0.0,icmp,1592822359,2020-06-22 10:39:19+00:00
228918154,jinan-telecom,wuhan-telecom,45.1228,0.0,icmp,1592822520,2020-06-22 10:42:00+00:00
228918393,jinan-telecom,wuhan-telecom,45.4481,0.0,icmp,1592822640,2020-06-22 10:44:00+00:00
228918579,jinan-telecom,wuhan-telecom,39.8523,0.0,icmp,1592822779,2020-06-22 10:46:19+00:00
228918832,jinan-telecom,wuhan-telecom,45.8503,0.0,icmp,1592822880,2020-06-22 10:48:00+00:00
228919063,jinan-telecom,wuhan-telecom,41.4507,0.0,icmp,1592823000,2020-06-22 10:50:00+00:00
228919290,jinan-telecom,wuhan-telecom,47.4044,0.0,icmp,1592823120,2020-06-22 10:52:00+00:00
228919526,jinan-telecom,wuhan-telecom,42.2445,0.0,icmp,1592823240,2020-06-22 10:54:00+00:00
228919747,jinan-telecom,wuhan-telecom,39.7637,0.0,icmp,1592823379,2020-06-22 10:56:19+00:00
228919953,jinan-telecom,wuhan-telecom,49.1846,0.0,icmp,1592823480,2020-06-22 10:58:00+00:00
228920186,jinan-telecom,wuhan-telecom,48.0531,0.0,icmp,1592823600,2020-06-22 11:00:00+00:00
228920422,jinan-telecom,wuhan-telecom,39.8271,0.0,icmp,1592823739,2020-06-22 11:02:19+00:00
228920675,jinan-telecom,wuhan-telecom,45.0251,0.0,icmp,1592823840,2020-06-22 11:04:00+00:00
228920873,jinan-telecom,wuhan-telecom,39.5949,0.0,icmp,1592823919,2020-06-22 11:05:19+00:00
228921103,jinan-telecom,wuhan-telecom,39.5944,0.0,icmp,1592824099,2020-06-22 11:08:19+00:00
228921327,jinan-telecom,wuhan-telecom,50.5375,0.0,icmp,1592824200,2020-06-22 11:10:00+00:00
228921545,jinan-telecom,wuhan-telecom,39.8091,0.0,icmp,1592824339,2020-06-22 11:12:19+00:00
228921784,jinan-telecom,wuhan-telecom,48.0943,0.0,icmp,1592824440,2020-06-22 11:14:00+00:00
228922021,jinan-telecom,wuhan-telecom,49.5716,0.0,icmp,1592824560,2020-06-22 11:16:00+00:00
228922210,jinan-telecom,wuhan-telecom,47.6114,0.0,icmp,1592824680,2020-06-22 11:18:00+00:00
228922465,jinan-telecom,wuhan-telecom,40.7336,0.0,icmp,1592824800,2020-06-22 11:20:00+00:00
228922683,jinan-telecom,wuhan-telecom,40.3278,0.0,icmp,1592824930,2020-06-22 11:22:10+00:00
228922930,jinan-telecom,wuhan-telecom,41.8677,0.0,icmp,1592825040,2020-06-22 11:24:00+00:00
228923139,jinan-telecom,wuhan-telecom,39.655,0.0,icmp,1592825119,2020-06-22 11:25:19+00:00
228923358,jinan-telecom,wuhan-telecom,46.5333,0.0,icmp,1592825280,2020-06-22 11:28:00+00:00
228923644,jinan-telecom,wuhan-telecom,48.4996,0.0,icmp,1592825400,2020-06-22 11:30:00+00:00
228923878,jinan-telecom,wuhan-telecom,47.0325,0.0,icmp,1592825520,2020-06-22 11:32:00+00:00
228924074,jinan-telecom,wuhan-telecom,47.7467,0.0,icmp,1592825640,2020-06-22 11:34:00+00:00
228924274,jinan-telecom,wuhan-telecom,43.5093,0.0,icmp,1592825760,2020-06-22 11:36:00+00:00
228924508,jinan-telecom,wuhan-telecom,50.8332,0.0,icmp,1592825880,2020-06-22 11:38:00+00:00
228924768,jinan-telecom,wuhan-telecom,39.7509,0.0,icmp,1592826019,2020-06-22 11:40:19+00:00
228924972,jinan-telecom,wuhan-telecom,47.8065,0.0,icmp,1592826120,2020-06-22 11:42:00+00:00
228925191,jinan-telecom,wuhan-telecom,39.6319,0.0,icmp,1592826199,2020-06-22 11:43:19+00:00
228925422,jinan-telecom,wuhan-telecom,47.5128,0.0,icmp,1592826360,2020-06-22 11:46:00+00:00
228925650,jinan-telecom,wuhan-telecom,47.4225,0.0,icmp,1592826480,2020-06-22 11:48:00+00:00
228925876,jinan-telecom,wuhan-telecom,39.6726,0.0,icmp,1592826559,2020-06-22 11:49:19+00:00
228926135,jinan-telecom,wuhan-telecom,45.5983,0.0,icmp,1592826720,2020-06-22 11:52:00+00:00
228926342,jinan-telecom,wuhan-telecom,48.8576,0.0,icmp,1592826840,2020-06-22 11:54:00+00:00
228926549,jinan-telecom,wuhan-telecom,46.7683,0.0,icmp,1592826960,2020-06-22 11:56:00+00:00
228926792,jinan-telecom,wuhan-telecom,45.5714,0.0,icmp,1592827080,2020-06-22 11:58:00+00:00
228926998,jinan-telecom,wuhan-telecom,42.196,0.0,icmp,1592827200,2020-06-22 12:00:00+00:00
228927240,jinan-telecom,wuhan-telecom,45.3112,0.0,icmp,1592827320,2020-06-22 12:02:00+00:00
228927476,jinan-telecom,wuhan-telecom,39.7924,0.0,icmp,1592827399,2020-06-22 12:03:19+00:00
228927700,jinan-telecom,wuhan-telecom,39.6697,0.0,icmp,1592827579,2020-06-22 12:06:19+00:00
228927925,jinan-telecom,wuhan-telecom,42.9824,0.0,icmp,1592827680,2020-06-22 12:08:00+00:00
228928171,jinan-telecom,wuhan-telecom,49.7584,0.0,icmp,1592827800,2020-06-22 12:10:00+00:00
228928365,jinan-telecom,wuhan-telecom,50.2899,0.0,icmp,1592827920,2020-06-22 12:12:00+00:00
228928589,jinan-telecom,wuhan-telecom,49.3287,0.0,icmp,1592828040,2020-06-22 12:14:00+00:00
228928825,jinan-telecom,wuhan-telecom,46.7088,0.0,icmp,1592828160,2020-06-22 12:16:00+00:00
228929057,jinan-telecom,wuhan-telecom,39.5741,0.0,icmp,1592828299,2020-06-22 12:18:19+00:00
228929282,jinan-telecom,wuhan-telecom,39.6801,0.0,icmp,1592828419,2020-06-22 12:20:19+00:00
228929523,jinan-telecom,wuhan-telecom,39.8927,0.0,icmp,1592828539,2020-06-22 12:22:19+00:00
228929736,jinan-telecom,wuhan-telecom,48.0746,0.0,icmp,1592828640,2020-06-22 12:24:00+00:00
228929960,jinan-telecom,wuhan-telecom,47.5064,0.0,icmp,1592828760,2020-06-22 12:26:00+00:00
228930191,jinan-telecom,wuhan-telecom,50.722,0.0,icmp,1592828880,2020-06-22 12:28:00+00:00
228930419,jinan-telecom,wuhan-telecom,49.1064,0.0,icmp,1592829000,2020-06-22 12:30:00+00:00
228930652,jinan-telecom,wuhan-telecom,39.5795,0.0,icmp,1592829139,2020-06-22 12:32:19+00:00
228930856,jinan-telecom,wuhan-telecom,48.481,0.0,icmp,1592829240,2020-06-22 12:34:00+00:00
228931086,jinan-telecom,wuhan-telecom,45.2707,0.0,icmp,1592829360,2020-06-22 12:36:00+00:00
228931327,jinan-telecom,wuhan-telecom,50.1534,0.0,icmp,1592829480,2020-06-22 12:38:00+00:00
228931540,jinan-telecom,wuhan-telecom,48.5521,0.0,icmp,1592829600,2020-06-22 12:40:00+00:00
228931780,jinan-telecom,wuhan-telecom,42.6236,0.0,icmp,1592829720,2020-06-22 12:42:00+00:00
228931980,jinan-telecom,wuhan-telecom,39.5968,0.0,icmp,1592829859,2020-06-22 12:44:19+00:00
228932253,jinan-telecom,wuhan-telecom,45.476,0.0,icmp,1592829960,2020-06-22 12:46:00+00:00
228932460,jinan-telecom,wuhan-telecom,47.0325,0.0,icmp,1592830080,2020-06-22 12:48:00+00:00
228932666,jinan-telecom,wuhan-telecom,48.553,0.0,icmp,1592830200,2020-06-22 12:50:00+00:00
228932905,jinan-telecom,wuhan-telecom,50.0529,0.0,icmp,1592830320,2020-06-22 12:52:00+00:00
228933120,jinan-telecom,wuhan-telecom,46.168,0.0,icmp,1592830440,2020-06-22 12:54:00+00:00
228933357,jinan-telecom,wuhan-telecom,39.5621,0.0,icmp,1592830579,2020-06-22 12:56:19+00:00
228933584,jinan-telecom,wuhan-telecom,48.8871,0.0,icmp,1592830680,2020-06-22 12:58:00+00:00
228933827,jinan-telecom,wuhan-telecom,39.7341,0.0,icmp,1592830759,2020-06-22 12:59:19+00:00
228934055,jinan-telecom,wuhan-telecom,48.9043,0.0,icmp,1592830920,2020-06-22 13:02:00+00:00
228934255,jinan-telecom,wuhan-telecom,49.1077,0.0,icmp,1592831040,2020-06-22 13:04:00+00:00
228934493,jinan-telecom,wuhan-telecom,46.0271,0.0,icmp,1592831160,2020-06-22 13:06:00+00:00
228934729,jinan-telecom,wuhan-telecom,45.6145,0.0,icmp,1592831280,2020-06-22 13:08:00+00:00
228934957,jinan-telecom,wuhan-telecom,49.5799,0.0,icmp,1592831400,2020-06-22 13:10:00+00:00
228935195,jinan-telecom,wuhan-telecom,47.1745,0.0,icmp,1592831520,2020-06-22 13:12:00+00:00
228935396,jinan-telecom,wuhan-telecom,47.1879,0.0,icmp,1592831640,2020-06-22 13:14:00+00:00
228935625,jinan-telecom,wuhan-telecom,47.0356,0.0,icmp,1592831760,2020-06-22 13:16:00+00:00
228935863,jinan-telecom,wuhan-telecom,47.42,0.0,icmp,1592831880,2020-06-22 13:18:00+00:00
228936089,jinan-telecom,wuhan-telecom,50.0712,0.0,icmp,1592832000,2020-06-22 13:20:00+00:00
228936365,jinan-telecom,wuhan-telecom,49.1891,0.0,icmp,1592832120,2020-06-22 13:22:00+00:00
228936534,jinan-telecom,wuhan-telecom,46.3316,0.0,icmp,1592832240,2020-06-22 13:24:00+00:00
228936765,jinan-telecom,wuhan-telecom,50.2518,0.0,icmp,1592832360,2020-06-22 13:26:00+00:00
228937014,jinan-telecom,wuhan-telecom,44.5889,0.0,icmp,1592832480,2020-06-22 13:28:00+00:00
228937221,jinan-telecom,wuhan-telecom,39.5412,0.0,icmp,1592832605,2020-06-22 13:30:05+00:00
228937465,jinan-telecom,wuhan-telecom,46.5067,0.0,icmp,1592832720,2020-06-22 13:32:00+00:00
228937671,jinan-telecom,wuhan-telecom,39.3267,0.0,icmp,1592832859,2020-06-22 13:34:19+00:00
228937920,jinan-telecom,wuhan-telecom,47.9238,0.0,icmp,1592832960,2020-06-22 13:36:00+00:00
228938129,jinan-telecom,wuhan-telecom,39.3331,0.0,icmp,1592833099,2020-06-22 13:38:19+00:00
228938425,jinan-telecom,wuhan-telecom,50.9792,0.0,icmp,1592833200,2020-06-22 13:40:00+00:00
228938592,jinan-telecom,wuhan-telecom,48.0726,0.0,icmp,1592833320,2020-06-22 13:42:00+00:00
228938815,jinan-telecom,wuhan-telecom,39.4537,0.0,icmp,1592833399,2020-06-22 13:43:19+00:00
228939040,jinan-telecom,wuhan-telecom,48.4124,0.0,icmp,1592833560,2020-06-22 13:46:00+00:00
228939271,jinan-telecom,wuhan-telecom,49.1686,0.0,icmp,1592833680,2020-06-22 13:48:00+00:00
228939488,jinan-telecom,wuhan-telecom,46.3264,0.0,icmp,1592833800,2020-06-22 13:50:00+00:00
228939724,jinan-telecom,wuhan-telecom,45.8401,0.0,icmp,1592833920,2020-06-22 13:52:00+00:00
228939962,jinan-telecom,wuhan-telecom,48.6924,0.0,icmp,1592834040,2020-06-22 13:54:00+00:00
228940176,jinan-telecom,wuhan-telecom,39.419,0.0,icmp,1592834179,2020-06-22 13:56:19+00:00
228940417,jinan-telecom,wuhan-telecom,46.6007,0.0,icmp,1592834280,2020-06-22 13:58:00+00:00
228940617,jinan-telecom,wuhan-telecom,48.3625,0.0,icmp,1592834400,2020-06-22 14:00:00+00:00
228940864,jinan-telecom,wuhan-telecom,46.8879,0.0,icmp,1592834520,2020-06-22 14:02:00+00:00
228941082,jinan-telecom,wuhan-telecom,39.5806,0.0,icmp,1592834584,2020-06-22 14:03:04+00:00
228941314,jinan-telecom,wuhan-telecom,40.9038,0.0,icmp,1592834760,2020-06-22 14:06:00+00:00
228941533,jinan-telecom,wuhan-telecom,39.3161,0.0,icmp,1592834899,2020-06-22 14:08:19+00:00
228941756,jinan-telecom,wuhan-telecom,51.5986,0.0,icmp,1592835000,2020-06-22 14:10:00+00:00
228941995,jinan-telecom,wuhan-telecom,50.4425,0.0,icmp,1592835120,2020-06-22 14:12:00+00:00
228942213,jinan-telecom,wuhan-telecom,47.6294,0.0,icmp,1592835240,2020-06-22 14:14:00+00:00
228942435,jinan-telecom,wuhan-telecom,47.4211,0.0,icmp,1592835360,2020-06-22 14:16:00+00:00
228942671,jinan-telecom,wuhan-telecom,46.9785,0.0,icmp,1592835480,2020-06-22 14:18:00+00:00
228942889,jinan-telecom,wuhan-telecom,46.71,0.0,icmp,1592835600,2020-06-22 14:20:00+00:00
228943125,jinan-telecom,wuhan-telecom,48.2815,0.0,icmp,1592835720,2020-06-22 14:22:00+00:00
228943364,jinan-telecom,wuhan-telecom,46.4681,0.0,icmp,1592835840,2020-06-22 14:24:00+00:00
228943587,jinan-telecom,wuhan-telecom,49.9604,0.0,icmp,1592835960,2020-06-22 14:26:00+00:00
228943811,jinan-telecom,wuhan-telecom,42.7551,0.0,icmp,1592836080,2020-06-22 14:28:00+00:00
228944037,jinan-telecom,wuhan-telecom,41.9608,0.0,icmp,1592836200,2020-06-22 14:30:00+00:00
228944260,jinan-telecom,wuhan-telecom,46.0203,0.0,icmp,1592836320,2020-06-22 14:32:00+00:00
228944498,jinan-telecom,wuhan-telecom,47.5534,0.0,icmp,1592836440,2020-06-22 14:34:00+00:00
228944715,jinan-telecom,wuhan-telecom,47.4518,0.0,icmp,1592836560,2020-06-22 14:36:00+00:00
228944938,jinan-telecom,wuhan-telecom,50.659,0.0,icmp,1592836680,2020-06-22 14:38:00+00:00
228945199,jinan-telecom,wuhan-telecom,44.1297,0.0,icmp,1592836800,2020-06-22 14:40:00+00:00
228945448,jinan-telecom,wuhan-telecom,39.4804,0.0,icmp,1592836939,2020-06-22 14:42:19+00:00
228945631,jinan-telecom,wuhan-telecom,48.1935,0.0,icmp,1592837040,2020-06-22 14:44:00+00:00
228945851,jinan-telecom,wuhan-telecom,50.1716,0.0,icmp,1592837160,2020-06-22 14:46:00+00:00
228946073,jinan-telecom,wuhan-telecom,39.3745,0.0,icmp,1592837239,2020-06-22 14:47:19+00:00
228946313,jinan-telecom,wuhan-telecom,46.4461,0.0,icmp,1592837400,2020-06-22 14:50:00+00:00
228946537,jinan-telecom,wuhan-telecom,47.0831,0.0,icmp,1592837520,2020-06-22 14:52:00+00:00
228946753,jinan-telecom,wuhan-telecom,47.7891,0.0,icmp,1592837640,2020-06-22 14:54:00+00:00
228946986,jinan-telecom,wuhan-telecom,46.1818,0.0,icmp,1592837760,2020-06-22 14:56:00+00:00
228947209,jinan-telecom,wuhan-telecom,43.3039,0.0,icmp,1592837880,2020-06-22 14:58:00+00:00
228947439,jinan-telecom,wuhan-telecom,48.327,0.0,icmp,1592838000,2020-06-22 15:00:00+00:00
228947679,jinan-telecom,wuhan-telecom,45.3505,0.0,icmp,1592838120,2020-06-22 15:02:00+00:00
228947914,jinan-telecom,wuhan-telecom,46.5861,0.0,icmp,1592838240,2020-06-22 15:04:00+00:00
228948110,jinan-telecom,wuhan-telecom,47.8565,0.0,icmp,1592838360,2020-06-22 15:06:00+00:00
228948349,jinan-telecom,wuhan-telecom,47.3642,0.0,icmp,1592838480,2020-06-22 15:08:00+00:00
228948569,jinan-telecom,wuhan-telecom,49.5278,0.0,icmp,1592838600,2020-06-22 15:10:00+00:00
228948843,jinan-telecom,wuhan-telecom,39.4762,0.0,icmp,1592838679,2020-06-22 15:11:19+00:00
228949029,jinan-telecom,wuhan-telecom,47.9869,0.0,icmp,1592838840,2020-06-22 15:14:00+00:00
228949251,jinan-telecom,wuhan-telecom,50.5263,0.0,icmp,1592838960,2020-06-22 15:16:00+00:00
228949478,jinan-telecom,wuhan-telecom,47.4572,0.0,icmp,1592839080,2020-06-22 15:18:00+00:00
228949721,jinan-telecom,wuhan-telecom,46.4358,0.0,icmp,1592839200,2020-06-22 15:20:00+00:00
228949938,jinan-telecom,wuhan-telecom,46.2122,0.0,icmp,1592839320,2020-06-22 15:22:00+00:00
228950151,jinan-telecom,wuhan-telecom,39.4831,0.0,icmp,1592839446,2020-06-22 15:24:06+00:00
228950374,jinan-telecom,wuhan-telecom,39.4236,0.0,icmp,1592839579,2020-06-22 15:26:19+00:00
228950616,jinan-telecom,wuhan-telecom,45.9357,0.0,icmp,1592839680,2020-06-22 15:28:00+00:00
228950841,jinan-telecom,wuhan-telecom,45.2254,0.0,icmp,1592839800,2020-06-22 15:30:00+00:00
228951072,jinan-telecom,wuhan-telecom,39.4247,0.0,icmp,1592839879,2020-06-22 15:31:19+00:00
228951295,jinan-telecom,wuhan-telecom,48.8155,0.0,icmp,1592840040,2020-06-22 15:34:00+00:00
228951517,jinan-telecom,wuhan-telecom,47.8838,0.0,icmp,1592840160,2020-06-22 15:36:00+00:00
228951757,jinan-telecom,wuhan-telecom,47.6146,0.0,icmp,1592840280,2020-06-22 15:38:00+00:00
228951987,jinan-telecom,wuhan-telecom,47.4654,0.0,icmp,1592840400,2020-06-22 15:40:00+00:00
228952256,jinan-telecom,wuhan-telecom,48.557,0.0,icmp,1592840520,2020-06-22 15:42:00+00:00
228952450,jinan-telecom,wuhan-telecom,47.9866,0.0,icmp,1592840640,2020-06-22 15:44:00+00:00
228952659,jinan-telecom,wuhan-telecom,45.9995,0.0,icmp,1592840760,2020-06-22 15:46:00+00:00
228952885,jinan-telecom,wuhan-telecom,39.4374,0.0,icmp,1592840839,2020-06-22 15:47:19+00:00
228953115,jinan-telecom,wuhan-telecom,49.4413,0.0,icmp,1592841000,2020-06-22 15:50:00+00:00
228953317,jinan-telecom,wuhan-telecom,39.4247,0.0,icmp,1592841125,2020-06-22 15:52:05+00:00
228953591,jinan-telecom,wuhan-telecom,47.1106,0.0,icmp,1592841240,2020-06-22 15:54:00+00:00
228953823,jinan-telecom,wuhan-telecom,39.3454,0.0,icmp,1592841319,2020-06-22 15:55:19+00:00
228954036,jinan-telecom,wuhan-telecom,39.3518,0.0,icmp,1592841439,2020-06-22 15:57:19+00:00
228954281,jinan-telecom,wuhan-telecom,48.0246,0.0,icmp,1592841600,2020-06-22 16:00:00+00:00
228954474,jinan-telecom,wuhan-telecom,47.4922,0.0,icmp,1592841720,2020-06-22 16:02:00+00:00
228954714,jinan-telecom,wuhan-telecom,48.2719,0.0,icmp,1592841840,2020-06-22 16:04:00+00:00
228954945,jinan-telecom,wuhan-telecom,49.6337,0.0,icmp,1592841960,2020-06-22 16:06:00+00:00
228955164,jinan-telecom,wuhan-telecom,50.1256,0.0,icmp,1592842080,2020-06-22 16:08:00+00:00
228955391,jinan-telecom,wuhan-telecom,47.8378,0.0,icmp,1592842200,2020-06-22 16:10:00+00:00
228955607,jinan-telecom,wuhan-telecom,47.9812,0.0,icmp,1592842320,2020-06-22 16:12:00+00:00
228955843,jinan-telecom,wuhan-telecom,47.6297,0.0,icmp,1592842440,2020-06-22 16:14:00+00:00
228956057,jinan-telecom,wuhan-telecom,44.3243,0.0,icmp,1592842560,2020-06-22 16:16:00+00:00
228956281,jinan-telecom,wuhan-telecom,45.3312,0.0,icmp,1592842680,2020-06-22 16:18:00+00:00
228956516,jinan-telecom,wuhan-telecom,39.6491,0.0,icmp,1592842759,2020-06-22 16:19:19+00:00
228956798,jinan-telecom,wuhan-telecom,39.4999,0.0,icmp,1592842924,2020-06-22 16:22:04+00:00
228956989,jinan-telecom,wuhan-telecom,41.4166,0.0,icmp,1592843040,2020-06-22 16:24:00+00:00
228957186,jinan-telecom,wuhan-telecom,47.8039,0.0,icmp,1592843160,2020-06-22 16:26:00+00:00
228957427,jinan-telecom,wuhan-telecom,39.5232,0.0,icmp,1592843224,2020-06-22 16:27:04+00:00
228957644,jinan-telecom,wuhan-telecom,48.8873,0.0,icmp,1592843400,2020-06-22 16:30:00+00:00
228957873,jinan-telecom,wuhan-telecom,45.9389,0.0,icmp,1592843520,2020-06-22 16:32:00+00:00
228958117,jinan-telecom,wuhan-telecom,48.4095,0.0,icmp,1592843640,2020-06-22 16:34:00+00:00
228958334,jinan-telecom,wuhan-telecom,47.3224,0.0,icmp,1592843760,2020-06-22 16:36:00+00:00
228958576,jinan-telecom,wuhan-telecom,39.3764,0.0,icmp,1592843899,2020-06-22 16:38:19+00:00
228958814,jinan-telecom,wuhan-telecom,45.7113,0.0,icmp,1592844000,2020-06-22 16:40:00+00:00
228959025,jinan-telecom,wuhan-telecom,48.649,0.0,icmp,1592844120,2020-06-22 16:42:00+00:00
228959242,jinan-telecom,wuhan-telecom,46.676,0.0,icmp,1592844240,2020-06-22 16:44:00+00:00
228959470,jinan-telecom,wuhan-telecom,49.2522,0.0,icmp,1592844360,2020-06-22 16:46:00+00:00
228959699,jinan-telecom,wuhan-telecom,43.0482,0.0,icmp,1592844480,2020-06-22 16:48:00+00:00
228959912,jinan-telecom,wuhan-telecom,39.3574,0.0,icmp,1592844619,2020-06-22 16:50:19+00:00
228960161,jinan-telecom,wuhan-telecom,46.5224,0.0,icmp,1592844720,2020-06-22 16:52:00+00:00
228960389,jinan-telecom,wuhan-telecom,46.7566,0.0,icmp,1592844840,2020-06-22 16:54:00+00:00
228960610,jinan-telecom,wuhan-telecom,46.398,0.0,icmp,1592844960,2020-06-22 16:56:00+00:00
228960839,jinan-telecom,wuhan-telecom,46.6766,0.0,icmp,1592845080,2020-06-22 16:58:00+00:00
228961064,jinan-telecom,wuhan-telecom,42.6463,0.0,icmp,1592845200,2020-06-22 17:00:00+00:00
228961294,jinan-telecom,wuhan-telecom,47.6935,0.0,icmp,1592845320,2020-06-22 17:02:00+00:00
228961497,jinan-telecom,wuhan-telecom,47.409,0.0,icmp,1592845440,2020-06-22 17:04:00+00:00
228961733,jinan-telecom,wuhan-telecom,39.4693,0.0,icmp,1592845519,2020-06-22 17:05:19+00:00
228961980,jinan-telecom,wuhan-telecom,39.3791,0.0,icmp,1592845639,2020-06-22 17:07:19+00:00
228962191,jinan-telecom,wuhan-telecom,48.1072,0.0,icmp,1592845800,2020-06-22 17:10:00+00:00
228962405,jinan-telecom,wuhan-telecom,45.6428,0.0,icmp,1592845920,2020-06-22 17:12:00+00:00
228962636,jinan-telecom,wuhan-telecom,47.3977,0.0,icmp,1592846040,2020-06-22 17:14:00+00:00
228962865,jinan-telecom,wuhan-telecom,47.2338,0.0,icmp,1592846160,2020-06-22 17:16:00+00:00
228963100,jinan-telecom,wuhan-telecom,46.7192,0.0,icmp,1592846280,2020-06-22 17:18:00+00:00
228963337,jinan-telecom,wuhan-telecom,48.0892,0.0,icmp,1592846400,2020-06-22 17:20:00+00:00
228963575,jinan-telecom,wuhan-telecom,41.0973,0.0,icmp,1592846520,2020-06-22 17:22:00+00:00
228963797,jinan-telecom,wuhan-telecom,49.0455,0.0,icmp,1592846640,2020-06-22 17:24:00+00:00
228964012,jinan-telecom,wuhan-telecom,47.1748,0.0,icmp,1592846760,2020-06-22 17:26:00+00:00
228964233,jinan-telecom,wuhan-telecom,46.6247,0.0,icmp,1592846880,2020-06-22 17:28:00+00:00
228964459,jinan-telecom,wuhan-telecom,45.7704,0.0,icmp,1592847000,2020-06-22 17:30:00+00:00
228964701,jinan-telecom,wuhan-telecom,49.4911,0.0,icmp,1592847120,2020-06-22 17:32:00+00:00
228964913,jinan-telecom,wuhan-telecom,39.6279,0.0,icmp,1592847259,2020-06-22 17:34:19+00:00
228965145,jinan-telecom,wuhan-telecom,47.3519,0.0,icmp,1592847360,2020-06-22 17:36:00+00:00
228965386,jinan-telecom,wuhan-telecom,39.5351,0.0,icmp,1592847499,2020-06-22 17:38:19+00:00
228965604,jinan-telecom,wuhan-telecom,47.3814,0.0,icmp,1592847600,2020-06-22 17:40:00+00:00
228965836,jinan-telecom,wuhan-telecom,47.2125,0.0,icmp,1592847720,2020-06-22 17:42:00+00:00
228966057,jinan-telecom,wuhan-telecom,47.5569,0.0,icmp,1592847840,2020-06-22 17:44:00+00:00
228966287,jinan-telecom,wuhan-telecom,45.6601,0.0,icmp,1592847960,2020-06-22 17:46:00+00:00
228966498,jinan-telecom,wuhan-telecom,48.159,0.0,icmp,1592848080,2020-06-22 17:48:00+00:00
228966744,jinan-telecom,wuhan-telecom,39.6412,0.0,icmp,1592848200,2020-06-22 17:50:00+00:00
228966960,jinan-telecom,wuhan-telecom,39.339,0.0,icmp,1592848279,2020-06-22 17:51:19+00:00
228967195,jinan-telecom,wuhan-telecom,39.4564,0.0,icmp,1592848399,2020-06-22 17:53:19+00:00
228967408,jinan-telecom,wuhan-telecom,47.4268,0.0,icmp,1592848560,2020-06-22 17:56:00+00:00
228967655,jinan-telecom,wuhan-telecom,39.3906,0.0,icmp,1592848639,2020-06-22 17:57:19+00:00
228967857,jinan-telecom,wuhan-telecom,46.9405,0.0,icmp,1592848800,2020-06-22 18:00:00+00:00
228968098,jinan-telecom,wuhan-telecom,50.1846,0.0,icmp,1592848920,2020-06-22 18:02:00+00:00
228968320,jinan-telecom,wuhan-telecom,47.6769,0.0,icmp,1592849040,2020-06-22 18:04:00+00:00
228968555,jinan-telecom,wuhan-telecom,39.614,0.0,icmp,1592849119,2020-06-22 18:05:19+00:00
228968801,jinan-telecom,wuhan-telecom,47.7069,0.0,icmp,1592849280,2020-06-22 18:08:00+00:00
228969003,jinan-telecom,wuhan-telecom,47.9936,0.0,icmp,1592849400,2020-06-22 18:10:00+00:00
228969245,jinan-telecom,wuhan-telecom,48.3141,0.0,icmp,1592849520,2020-06-22 18:12:00+00:00
228969463,jinan-telecom,wuhan-telecom,47.6309,0.0,icmp,1592849640,2020-06-22 18:14:00+00:00
228969678,jinan-telecom,wuhan-telecom,39.4378,0.0,icmp,1592849779,2020-06-22 18:16:19+00:00
228969917,jinan-telecom,wuhan-telecom,39.3431,0.0,icmp,1592849899,2020-06-22 18:18:19+00:00
228970135,jinan-telecom,wuhan-telecom,46.3147,0.0,icmp,1592850000,2020-06-22 18:20:00+00:00
228970363,jinan-telecom,wuhan-telecom,44.9948,0.0,icmp,1592850120,2020-06-22 18:22:00+00:00
228970605,jinan-telecom,wuhan-telecom,47.0796,0.0,icmp,1592850240,2020-06-22 18:24:00+00:00
228970839,jinan-telecom,wuhan-telecom,42.6969,0.0,icmp,1592850360,2020-06-22 18:26:00+00:00
228971044,jinan-telecom,wuhan-telecom,39.329,0.0,icmp,1592850499,2020-06-22 18:28:19+00:00
228971266,jinan-telecom,wuhan-telecom,47.808,0.0,icmp,1592850600,2020-06-22 18:30:00+00:00
228971507,jinan-telecom,wuhan-telecom,46.7282,0.0,icmp,1592850720,2020-06-22 18:32:00+00:00
228971724,jinan-telecom,wuhan-telecom,44.6741,0.0,icmp,1592850840,2020-06-22 18:34:00+00:00
228971968,jinan-telecom,wuhan-telecom,47.7475,0.0,icmp,1592850960,2020-06-22 18:36:00+00:00
228972176,jinan-telecom,wuhan-telecom,42.0204,0.0,icmp,1592851080,2020-06-22 18:38:00+00:00
228972402,jinan-telecom,wuhan-telecom,48.3495,0.0,icmp,1592851200,2020-06-22 18:40:00+00:00
228972632,jinan-telecom,wuhan-telecom,47.5943,0.0,icmp,1592851320,2020-06-22 18:42:00+00:00
228972877,jinan-telecom,wuhan-telecom,46.5065,0.0,icmp,1592851440,2020-06-22 18:44:00+00:00
228973096,jinan-telecom,wuhan-telecom,42.2455,0.0,icmp,1592851560,2020-06-22 18:46:00+00:00
228973287,jinan-telecom,wuhan-telecom,46.8704,0.0,icmp,1592851680,2020-06-22 18:48:00+00:00
228973559,jinan-telecom,wuhan-telecom,46.736,0.0,icmp,1592851800,2020-06-22 18:50:00+00:00
228973797,jinan-telecom,wuhan-telecom,47.0368,0.0,icmp,1592851920,2020-06-22 18:52:00+00:00
228973988,jinan-telecom,wuhan-telecom,45.0957,0.0,icmp,1592852040,2020-06-22 18:54:00+00:00
228974239,jinan-telecom,wuhan-telecom,39.3481,0.0,icmp,1592852119,2020-06-22 18:55:19+00:00
228974442,jinan-telecom,wuhan-telecom,45.7399,0.0,icmp,1592852280,2020-06-22 18:58:00+00:00
228974679,jinan-telecom,wuhan-telecom,39.3391,0.0,icmp,1592852419,2020-06-22 19:00:19+00:00
228974910,jinan-telecom,wuhan-telecom,43.7017,0.0,icmp,1592852520,2020-06-22 19:02:00+00:00
228975151,jinan-telecom,wuhan-telecom,39.3039,0.0,icmp,1592852659,2020-06-22 19:04:19+00:00
228975360,jinan-telecom,wuhan-telecom,47.5307,0.0,icmp,1592852760,2020-06-22 19:06:00+00:00
228975580,jinan-telecom,wuhan-telecom,47.8471,0.0,icmp,1592852880,2020-06-22 19:08:00+00:00
228975805,jinan-telecom,wuhan-telecom,46.7622,0.0,icmp,1592853000,2020-06-22 19:10:00+00:00
228976030,jinan-telecom,wuhan-telecom,47.9207,0.0,icmp,1592853120,2020-06-22 19:12:00+00:00
228976267,jinan-telecom,wuhan-telecom,46.9686,0.0,icmp,1592853240,2020-06-22 19:14:00+00:00
228976501,jinan-telecom,wuhan-telecom,39.5728,0.0,icmp,1592853379,2020-06-22 19:16:19+00:00
228976715,jinan-telecom,wuhan-telecom,46.6962,0.0,icmp,1592853480,2020-06-22 19:18:00+00:00
228976946,jinan-telecom,wuhan-telecom,47.1141,0.0,icmp,1592853600,2020-06-22 19:20:00+00:00
228977184,jinan-telecom,wuhan-telecom,47.253,0.0,icmp,1592853720,2020-06-22 19:22:00+00:00
228977403,jinan-telecom,wuhan-telecom,45.7573,0.0,icmp,1592853840,2020-06-22 19:24:00+00:00
228977629,jinan-telecom,wuhan-telecom,46.2864,0.0,icmp,1592853960,2020-06-22 19:26:00+00:00
228977840,jinan-telecom,wuhan-telecom,39.3826,0.0,icmp,1592854099,2020-06-22 19:28:19+00:00
228978086,jinan-telecom,wuhan-telecom,47.533,0.0,icmp,1592854200,2020-06-22 19:30:00+00:00
228978298,jinan-telecom,wuhan-telecom,44.9927,0.0,icmp,1592854320,2020-06-22 19:32:00+00:00
228978519,jinan-telecom,wuhan-telecom,39.5845,0.0,icmp,1592854459,2020-06-22 19:34:19+00:00
228978752,jinan-telecom,wuhan-telecom,46.1593,0.0,icmp,1592854560,2020-06-22 19:36:00+00:00
228978993,jinan-telecom,wuhan-telecom,47.951,0.0,icmp,1592854680,2020-06-22 19:38:00+00:00
228979225,jinan-telecom,wuhan-telecom,39.4727,0.0,icmp,1592854759,2020-06-22 19:39:19+00:00
228979462,jinan-telecom,wuhan-telecom,39.4983,0.0,icmp,1592854879,2020-06-22 19:41:19+00:00
228979673,jinan-telecom,wuhan-telecom,43.5217,0.0,icmp,1592855040,2020-06-22 19:44:00+00:00
228979894,jinan-telecom,wuhan-telecom,46.4218,0.0,icmp,1592855160,2020-06-22 19:46:00+00:00
228980115,jinan-telecom,wuhan-telecom,39.3888,0.0,icmp,1592855239,2020-06-22 19:47:19+00:00
228980343,jinan-telecom,wuhan-telecom,43.6354,0.0,icmp,1592855400,2020-06-22 19:50:00+00:00
228980604,jinan-telecom,wuhan-telecom,45.9793,0.0,icmp,1592855520,2020-06-22 19:52:00+00:00
228980812,jinan-telecom,wuhan-telecom,39.5304,0.0,icmp,1592855659,2020-06-22 19:54:19+00:00
228981027,jinan-telecom,wuhan-telecom,44.1875,0.0,icmp,1592855760,2020-06-22 19:56:00+00:00
228981270,jinan-telecom,wuhan-telecom,46.5046,0.0,icmp,1592855880,2020-06-22 19:58:00+00:00
228981488,jinan-telecom,wuhan-telecom,46.5002,0.0,icmp,1592856000,2020-06-22 20:00:00+00:00
228981708,jinan-telecom,wuhan-telecom,45.3325,0.0,icmp,1592856120,2020-06-22 20:02:00+00:00
228981923,jinan-telecom,wuhan-telecom,47.0958,0.0,icmp,1592856240,2020-06-22 20:04:00+00:00
228982155,jinan-telecom,wuhan-telecom,40.3933,0.0,icmp,1592856360,2020-06-22 20:06:00+00:00
228982387,jinan-telecom,wuhan-telecom,43.1904,0.0,icmp,1592856480,2020-06-22 20:08:00+00:00
228982614,jinan-telecom,wuhan-telecom,47.682,0.0,icmp,1592856600,2020-06-22 20:10:00+00:00
228982833,jinan-telecom,wuhan-telecom,41.0639,0.0,icmp,1592856720,2020-06-22 20:12:00+00:00
228983069,jinan-telecom,wuhan-telecom,39.4381,0.0,icmp,1592856844,2020-06-22 20:14:04+00:00
228983298,jinan-telecom,wuhan-telecom,46.3289,0.0,icmp,1592856960,2020-06-22 20:16:00+00:00
228983527,jinan-telecom,wuhan-telecom,48.4444,0.0,icmp,1592857080,2020-06-22 20:18:00+00:00
228983752,jinan-telecom,wuhan-telecom,46.1173,0.0,icmp,1592857200,2020-06-22 20:20:00+00:00
228983977,jinan-telecom,wuhan-telecom,45.518,0.0,icmp,1592857320,2020-06-22 20:22:00+00:00
228984203,jinan-telecom,wuhan-telecom,39.5901,0.0,icmp,1592857459,2020-06-22 20:24:19+00:00
228984431,jinan-telecom,wuhan-telecom,41.7421,0.0,icmp,1592857560,2020-06-22 20:26:00+00:00
228984660,jinan-telecom,wuhan-telecom,44.5361,0.0,icmp,1592857680,2020-06-22 20:28:00+00:00
228984894,jinan-telecom,wuhan-telecom,48.5526,0.0,icmp,1592857800,2020-06-22 20:30:00+00:00
228985117,jinan-telecom,wuhan-telecom,46.5883,0.0,icmp,1592857920,2020-06-22 20:32:00+00:00
228985327,jinan-telecom,wuhan-telecom,45.3105,0.0,icmp,1592858040,2020-06-22 20:34:00+00:00
228985553,jinan-telecom,wuhan-telecom,48.8254,0.0,icmp,1592858160,2020-06-22 20:36:00+00:00
228985790,jinan-telecom,wuhan-telecom,47.2292,0.0,icmp,1592858280,2020-06-22 20:38:00+00:00
228986036,jinan-telecom,wuhan-telecom,39.4569,0.0,icmp,1592858344,2020-06-22 20:39:04+00:00
228986247,jinan-telecom,wuhan-telecom,46.9509,0.0,icmp,1592858520,2020-06-22 20:42:00+00:00
228986481,jinan-telecom,wuhan-telecom,47.0425,0.0,icmp,1592858640,2020-06-22 20:44:00+00:00
228986717,jinan-telecom,wuhan-telecom,40.7807,0.0,icmp,1592858760,2020-06-22 20:46:00+00:00
232749604,jinan-telecom,wuhan-telecom,39.3391,0.0,icmp,1593108799,2020-06-25 18:13:19+00:00
232749846,jinan-telecom,wuhan-telecom,39.6842,0.0,icmp,1593108919,2020-06-25 18:15:19+00:00
232750055,jinan-telecom,wuhan-telecom,48.0265,0.0,icmp,1593109020,2020-06-25 18:17:00+00:00
232750306,jinan-telecom,wuhan-telecom,39.3955,0.0,icmp,1593109159,2020-06-25 18:19:19+00:00
232750507,jinan-telecom,wuhan-telecom,46.4222,0.0,icmp,1593109260,2020-06-25 18:21:00+00:00
232750741,jinan-telecom,wuhan-telecom,39.387,0.0,icmp,1593109339,2020-06-25 18:22:19+00:00
232750955,jinan-telecom,wuhan-telecom,46.4784,0.0,icmp,1593109500,2020-06-25 18:25:00+00:00
232751180,jinan-telecom,wuhan-telecom,49.3829,0.0,icmp,1593109620,2020-06-25 18:27:00+00:00
232751402,jinan-telecom,wuhan-telecom,49.444,0.0,icmp,1593109740,2020-06-25 18:29:00+00:00
232751626,jinan-telecom,wuhan-telecom,40.7842,0.0,icmp,1593109860,2020-06-25 18:31:00+00:00
232751864,jinan-telecom,wuhan-telecom,46.6647,0.0,icmp,1593109980,2020-06-25 18:33:00+00:00
232752099,jinan-telecom,wuhan-telecom,39.3725,0.0,icmp,1593110059,2020-06-25 18:34:19+00:00
232752313,jinan-telecom,wuhan-telecom,45.6604,0.0,icmp,1593110220,2020-06-25 18:37:00+00:00
232752568,jinan-telecom,wuhan-telecom,49.6755,0.0,icmp,1593110340,2020-06-25 18:39:00+00:00
232752773,jinan-telecom,wuhan-telecom,45.9094,0.0,icmp,1593110460,2020-06-25 18:41:00+00:00
232752980,jinan-telecom,wuhan-telecom,45.925,0.0,icmp,1593110580,2020-06-25 18:43:00+00:00
232753219,jinan-telecom,wuhan-telecom,48.3042,0.0,icmp,1593110700,2020-06-25 18:45:00+00:00
232753440,jinan-telecom,wuhan-telecom,46.0899,0.0,icmp,1593110820,2020-06-25 18:47:00+00:00
232753669,jinan-telecom,wuhan-telecom,46.6,0.0,icmp,1593110940,2020-06-25 18:49:00+00:00
232753882,jinan-telecom,wuhan-telecom,50.9155,0.0,icmp,1593111060,2020-06-25 18:51:00+00:00
232754131,jinan-telecom,wuhan-telecom,48.5838,0.0,icmp,1593111180,2020-06-25 18:53:00+00:00
232754303,jinan-telecom,wuhan-telecom,47.0377,0.0,icmp,1593111300,2020-06-25 18:55:00+00:00
232754577,jinan-telecom,wuhan-telecom,48.0102,0.0,icmp,1593111420,2020-06-25 18:57:00+00:00
232754782,jinan-telecom,wuhan-telecom,47.6841,0.0,icmp,1593111540,2020-06-25 18:59:00+00:00
232755022,jinan-telecom,wuhan-telecom,43.543,0.0,icmp,1593111660,2020-06-25 19:01:00+00:00
232755242,jinan-telecom,wuhan-telecom,45.2972,0.0,icmp,1593111780,2020-06-25 19:03:00+00:00
232755483,jinan-telecom,wuhan-telecom,48.2214,0.0,icmp,1593111900,2020-06-25 19:05:00+00:00
232755674,jinan-telecom,wuhan-telecom,48.7895,0.0,icmp,1593112020,2020-06-25 19:07:00+00:00
232755917,jinan-telecom,wuhan-telecom,49.3963,0.0,icmp,1593112140,2020-06-25 19:09:00+00:00
232756136,jinan-telecom,wuhan-telecom,47.9471,0.0,icmp,1593112260,2020-06-25 19:11:00+00:00
232756362,jinan-telecom,wuhan-telecom,42.6422,0.0,icmp,1593112380,2020-06-25 19:13:00+00:00
232756561,jinan-telecom,wuhan-telecom,46.2121,0.0,icmp,1593112500,2020-06-25 19:15:00+00:00
232756831,jinan-telecom,wuhan-telecom,47.7539,0.0,icmp,1593112620,2020-06-25 19:17:00+00:00
232757045,jinan-telecom,wuhan-telecom,42.7403,0.0,icmp,1593112740,2020-06-25 19:19:00+00:00
232757248,jinan-telecom,wuhan-telecom,46.144,0.0,icmp,1593112860,2020-06-25 19:21:00+00:00
232757476,jinan-telecom,wuhan-telecom,39.4444,0.0,icmp,1593112999,2020-06-25 19:23:19+00:00
232757711,jinan-telecom,wuhan-telecom,44.1126,0.0,icmp,1593113100,2020-06-25 19:25:00+00:00
232757935,jinan-telecom,wuhan-telecom,48.8836,0.0,icmp,1593113220,2020-06-25 19:27:00+00:00
232758176,jinan-telecom,wuhan-telecom,39.7896,0.0,icmp,1593113299,2020-06-25 19:28:19+00:00
232758384,jinan-telecom,wuhan-telecom,46.0237,0.0,icmp,1593113460,2020-06-25 19:31:00+00:00
232758614,jinan-telecom,wuhan-telecom,47.9692,0.0,icmp,1593113580,2020-06-25 19:33:00+00:00
232758821,jinan-telecom,wuhan-telecom,50.0936,0.0,icmp,1593113700,2020-06-25 19:35:00+00:00
232759045,jinan-telecom,wuhan-telecom,39.3584,0.0,icmp,1593113839,2020-06-25 19:37:19+00:00
232759296,jinan-telecom,wuhan-telecom,46.1372,0.0,icmp,1593113940,2020-06-25 19:39:00+00:00
232759513,jinan-telecom,wuhan-telecom,48.8049,0.0,icmp,1593114060,2020-06-25 19:41:00+00:00
232759724,jinan-telecom,wuhan-telecom,39.3488,0.0,icmp,1593114139,2020-06-25 19:42:19+00:00
232759960,jinan-telecom,wuhan-telecom,39.348,0.0,icmp,1593114259,2020-06-25 19:44:19+00:00
232760176,jinan-telecom,wuhan-telecom,48.0063,0.0,icmp,1593114420,2020-06-25 19:47:00+00:00
232760405,jinan-telecom,wuhan-telecom,39.4931,0.0,icmp,1593114485,2020-06-25 19:48:05+00:00
232760640,jinan-telecom,wuhan-telecom,51.1368,0.0,icmp,1593114660,2020-06-25 19:51:00+00:00
232760867,jinan-telecom,wuhan-telecom,49.2924,0.0,icmp,1593114780,2020-06-25 19:53:00+00:00
232761088,jinan-telecom,wuhan-telecom,47.6752,0.0,icmp,1593114900,2020-06-25 19:55:00+00:00
232761310,jinan-telecom,wuhan-telecom,49.0243,0.0,icmp,1593115020,2020-06-25 19:57:00+00:00
232761534,jinan-telecom,wuhan-telecom,45.016,0.0,icmp,1593115140,2020-06-25 19:59:00+00:00
232761754,jinan-telecom,wuhan-telecom,45.1535,0.0,icmp,1593115260,2020-06-25 20:01:00+00:00
232761975,jinan-telecom,wuhan-telecom,44.1974,0.0,icmp,1593115380,2020-06-25 20:03:00+00:00
232762188,jinan-telecom,wuhan-telecom,46.9355,0.0,icmp,1593115500,2020-06-25 20:05:00+00:00
232762420,jinan-telecom,wuhan-telecom,39.3575,0.0,icmp,1593115639,2020-06-25 20:07:19+00:00
232762675,jinan-telecom,wuhan-telecom,47.2958,0.0,icmp,1593115740,2020-06-25 20:09:00+00:00
232762896,jinan-telecom,wuhan-telecom,39.4424,0.0,icmp,1593115804,2020-06-25 20:10:04+00:00
232763113,jinan-telecom,wuhan-telecom,47.6536,0.0,icmp,1593115980,2020-06-25 20:13:00+00:00
232763339,jinan-telecom,wuhan-telecom,48.1736,0.0,icmp,1593116100,2020-06-25 20:15:00+00:00
232763549,jinan-telecom,wuhan-telecom,45.2366,0.0,icmp,1593116220,2020-06-25 20:17:00+00:00
232763782,jinan-telecom,wuhan-telecom,48.2413,0.0,icmp,1593116340,2020-06-25 20:19:00+00:00
232764013,jinan-telecom,wuhan-telecom,47.416,0.0,icmp,1593116460,2020-06-25 20:21:00+00:00
232764226,jinan-telecom,wuhan-telecom,47.4638,0.0,icmp,1593116580,2020-06-25 20:23:00+00:00
232764452,jinan-telecom,wuhan-telecom,46.5028,0.0,icmp,1593116700,2020-06-25 20:25:00+00:00
232764675,jinan-telecom,wuhan-telecom,39.4467,0.0,icmp,1593116839,2020-06-25 20:27:19+00:00
232764897,jinan-telecom,wuhan-telecom,45.1377,0.0,icmp,1593116940,2020-06-25 20:29:00+00:00
232765139,jinan-telecom,wuhan-telecom,45.5386,0.0,icmp,1593117064,2020-06-25 20:31:04+00:00
232765334,jinan-telecom,wuhan-telecom,46.4225,0.0,icmp,1593117180,2020-06-25 20:33:00+00:00
232765574,jinan-telecom,wuhan-telecom,47.7901,0.0,icmp,1593117300,2020-06-25 20:35:00+00:00
232765807,jinan-telecom,wuhan-telecom,47.1557,0.0,icmp,1593117420,2020-06-25 20:37:00+00:00
232766041,jinan-telecom,wuhan-telecom,48.4774,0.0,icmp,1593117540,2020-06-25 20:39:00+00:00
232766266,jinan-telecom,wuhan-telecom,46.9767,0.0,icmp,1593117660,2020-06-25 20:41:00+00:00
232766503,jinan-telecom,wuhan-telecom,39.4468,0.0,icmp,1593117799,2020-06-25 20:43:19+00:00
232766701,jinan-telecom,wuhan-telecom,47.3478,0.0,icmp,1593117900,2020-06-25 20:45:00+00:00
232766947,jinan-telecom,wuhan-telecom,47.0794,0.0,icmp,1593118020,2020-06-25 20:47:00+00:00
232767145,jinan-telecom,wuhan-telecom,46.5749,0.0,icmp,1593118140,2020-06-25 20:49:00+00:00
232767383,jinan-telecom,wuhan-telecom,46.5971,0.0,icmp,1593118260,2020-06-25 20:51:00+00:00
232767612,jinan-telecom,wuhan-telecom,46.7142,0.0,icmp,1593118380,2020-06-25 20:53:00+00:00
232767814,jinan-telecom,wuhan-telecom,43.2755,0.0,icmp,1593118500,2020-06-25 20:55:00+00:00
232768072,jinan-telecom,wuhan-telecom,45.1214,0.0,icmp,1593118620,2020-06-25 20:57:00+00:00
232768276,jinan-telecom,wuhan-telecom,40.3431,0.0,icmp,1593118740,2020-06-25 20:59:00+00:00
232768492,jinan-telecom,wuhan-telecom,48.7601,0.0,icmp,1593118860,2020-06-25 21:01:00+00:00
232768728,jinan-telecom,wuhan-telecom,47.2612,0.0,icmp,1593118980,2020-06-25 21:03:00+00:00
232768962,jinan-telecom,wuhan-telecom,45.9033,0.0,icmp,1593119100,2020-06-25 21:05:00+00:00
232769195,jinan-telecom,wuhan-telecom,46.1092,0.0,icmp,1593119220,2020-06-25 21:07:00+00:00
232769395,jinan-telecom,wuhan-telecom,47.9086,0.0,icmp,1593119340,2020-06-25 21:09:00+00:00
232769631,jinan-telecom,wuhan-telecom,47.6034,0.0,icmp,1593119460,2020-06-25 21:11:00+00:00
232769867,jinan-telecom,wuhan-telecom,39.4227,0.0,icmp,1593119599,2020-06-25 21:13:19+00:00
232770090,jinan-telecom,wuhan-telecom,39.3301,0.0,icmp,1593119719,2020-06-25 21:15:19+00:00
232770312,jinan-telecom,wuhan-telecom,46.0447,0.0,icmp,1593119820,2020-06-25 21:17:00+00:00
232770529,jinan-telecom,wuhan-telecom,43.7865,0.0,icmp,1593119884,2020-06-25 21:18:04+00:00
232770765,jinan-telecom,wuhan-telecom,47.3003,0.0,icmp,1593120060,2020-06-25 21:21:00+00:00
232770986,jinan-telecom,wuhan-telecom,46.3278,0.0,icmp,1593120180,2020-06-25 21:23:00+00:00
232771207,jinan-telecom,wuhan-telecom,39.3977,0.0,icmp,1593120259,2020-06-25 21:24:19+00:00
232771419,jinan-telecom,wuhan-telecom,39.4612,0.0,icmp,1593120439,2020-06-25 21:27:19+00:00
232771649,jinan-telecom,wuhan-telecom,46.7405,0.0,icmp,1593120540,2020-06-25 21:29:00+00:00
232771896,jinan-telecom,wuhan-telecom,47.3418,0.0,icmp,1593120660,2020-06-25 21:31:00+00:00
232772121,jinan-telecom,wuhan-telecom,49.2186,0.0,icmp,1593120780,2020-06-25 21:33:00+00:00
232772350,jinan-telecom,wuhan-telecom,39.2998,0.0,icmp,1593120859,2020-06-25 21:34:19+00:00
232772560,jinan-telecom,wuhan-telecom,45.8351,0.0,icmp,1593121020,2020-06-25 21:37:00+00:00
232772779,jinan-telecom,wuhan-telecom,39.3446,0.0,icmp,1593121099,2020-06-25 21:38:19+00:00
232773032,jinan-telecom,wuhan-telecom,45.5654,0.0,icmp,1593121260,2020-06-25 21:41:00+00:00
232773266,jinan-telecom,wuhan-telecom,46.2598,0.0,icmp,1593121380,2020-06-25 21:43:00+00:00
232773447,jinan-telecom,wuhan-telecom,45.73,0.0,icmp,1593121500,2020-06-25 21:45:00+00:00
232773697,jinan-telecom,wuhan-telecom,39.7274,0.0,icmp,1593121579,2020-06-25 21:46:19+00:00
232773923,jinan-telecom,wuhan-telecom,39.2861,0.0,icmp,1593121759,2020-06-25 21:49:19+00:00
232774133,jinan-telecom,wuhan-telecom,47.4636,0.0,icmp,1593121860,2020-06-25 21:51:00+00:00
232774362,jinan-telecom,wuhan-telecom,48.5449,0.0,icmp,1593121980,2020-06-25 21:53:00+00:00
232774572,jinan-telecom,wuhan-telecom,39.3359,0.0,icmp,1593122059,2020-06-25 21:54:19+00:00
232774794,jinan-telecom,wuhan-telecom,39.3798,0.0,icmp,1593122179,2020-06-25 21:56:19+00:00
232775012,jinan-telecom,wuhan-telecom,39.3354,0.0,icmp,1593122359,2020-06-25 21:59:19+00:00
232775273,jinan-telecom,wuhan-telecom,46.9305,0.0,icmp,1593122460,2020-06-25 22:01:00+00:00
232775479,jinan-telecom,wuhan-telecom,47.6762,0.0,icmp,1593122580,2020-06-25 22:03:00+00:00
232775685,jinan-telecom,wuhan-telecom,49.5899,0.0,icmp,1593122700,2020-06-25 22:05:00+00:00
232775922,jinan-telecom,wuhan-telecom,47.8831,0.0,icmp,1593122820,2020-06-25 22:07:00+00:00
232776149,jinan-telecom,wuhan-telecom,46.1872,0.0,icmp,1593122940,2020-06-25 22:09:00+00:00
232776377,jinan-telecom,wuhan-telecom,39.5371,0.0,icmp,1593123079,2020-06-25 22:11:19+00:00
232776612,jinan-telecom,wuhan-telecom,45.7926,0.0,icmp,1593123180,2020-06-25 22:13:00+00:00
232776852,jinan-telecom,wuhan-telecom,47.5388,0.0,icmp,1593123300,2020-06-25 22:15:00+00:00
232777063,jinan-telecom,wuhan-telecom,39.5347,0.0,icmp,1593123439,2020-06-25 22:17:19+00:00
232777280,jinan-telecom,wuhan-telecom,45.6015,0.0,icmp,1593123540,2020-06-25 22:19:00+00:00
232777523,jinan-telecom,wuhan-telecom,39.4823,0.0,icmp,1593123604,2020-06-25 22:20:04+00:00
232777723,jinan-telecom,wuhan-telecom,48.234,0.0,icmp,1593123780,2020-06-25 22:23:00+00:00
232777949,jinan-telecom,wuhan-telecom,45.3684,0.0,icmp,1593123900,2020-06-25 22:25:00+00:00
232778189,jinan-telecom,wuhan-telecom,46.9864,0.0,icmp,1593124020,2020-06-25 22:27:00+00:00
232778410,jinan-telecom,wuhan-telecom,39.3852,0.0,icmp,1593124159,2020-06-25 22:29:19+00:00
232778606,jinan-telecom,wuhan-telecom,47.3259,0.0,icmp,1593124260,2020-06-25 22:31:00+00:00
232778844,jinan-telecom,wuhan-telecom,42.9612,0.0,icmp,1593124380,2020-06-25 22:33:00+00:00
232779087,jinan-telecom,wuhan-telecom,41.2423,0.0,icmp,1593124500,2020-06-25 22:35:00+00:00
232779313,jinan-telecom,wuhan-telecom,39.5555,0.0,icmp,1593124639,2020-06-25 22:37:19+00:00
232779549,jinan-telecom,wuhan-telecom,39.3458,0.0,icmp,1593124759,2020-06-25 22:39:19+00:00
232779755,jinan-telecom,wuhan-telecom,39.3211,0.0,icmp,1593124879,2020-06-25 22:41:19+00:00
232779968,jinan-telecom,wuhan-telecom,47.6999,0.0,icmp,1593124980,2020-06-25 22:43:00+00:00
232780202,jinan-telecom,wuhan-telecom,39.3246,0.0,icmp,1593125059,2020-06-25 22:44:19+00:00
232780428,jinan-telecom,wuhan-telecom,48.6356,0.0,icmp,1593125220,2020-06-25 22:47:00+00:00
232780644,jinan-telecom,wuhan-telecom,48.766,0.0,icmp,1593125340,2020-06-25 22:49:00+00:00
232780874,jinan-telecom,wuhan-telecom,39.3508,0.0,icmp,1593125419,2020-06-25 22:50:19+00:00
232781092,jinan-telecom,wuhan-telecom,46.7025,0.0,icmp,1593125580,2020-06-25 22:53:00+00:00
232781329,jinan-telecom,wuhan-telecom,39.3138,0.0,icmp,1593125719,2020-06-25 22:55:19+00:00
232781551,jinan-telecom,wuhan-telecom,45.7225,0.0,icmp,1593125820,2020-06-25 22:57:00+00:00
232781785,jinan-telecom,wuhan-telecom,39.3692,0.0,icmp,1593125899,2020-06-25 22:58:19+00:00
232782005,jinan-telecom,wuhan-telecom,39.3354,0.0,icmp,1593126019,2020-06-25 23:00:19+00:00
232782238,jinan-telecom,wuhan-telecom,50.3693,0.0,icmp,1593126180,2020-06-25 23:03:00+00:00
232782463,jinan-telecom,wuhan-telecom,46.707,0.0,icmp,1593126300,2020-06-25 23:05:00+00:00
232782677,jinan-telecom,wuhan-telecom,39.5123,0.0,icmp,1593126379,2020-06-25 23:06:19+00:00
232782904,jinan-telecom,wuhan-telecom,42.5363,0.0,icmp,1593126540,2020-06-25 23:09:00+00:00
232783098,jinan-telecom,wuhan-telecom,51.1008,0.0,icmp,1593126660,2020-06-25 23:11:00+00:00
232783363,jinan-telecom,wuhan-telecom,39.6414,0.0,icmp,1593126739,2020-06-25 23:12:19+00:00
232783570,jinan-telecom,wuhan-telecom,47.4595,0.0,icmp,1593126900,2020-06-25 23:15:00+00:00
232783799,jinan-telecom,wuhan-telecom,47.7392,0.0,icmp,1593127020,2020-06-25 23:17:00+00:00
232784048,jinan-telecom,wuhan-telecom,50.521,0.0,icmp,1593127140,2020-06-25 23:19:00+00:00
232784260,jinan-telecom,wuhan-telecom,47.2585,0.0,icmp,1593127260,2020-06-25 23:21:00+00:00
232784487,jinan-telecom,wuhan-telecom,39.3309,0.0,icmp,1593127339,2020-06-25 23:22:19+00:00
232784713,jinan-telecom,wuhan-telecom,39.3902,0.0,icmp,1593127459,2020-06-25 23:24:19+00:00
232784927,jinan-telecom,wuhan-telecom,42.0493,0.0,icmp,1593127620,2020-06-25 23:27:00+00:00
232785147,jinan-telecom,wuhan-telecom,43.3978,0.0,icmp,1593127740,2020-06-25 23:29:00+00:00
232785368,jinan-telecom,wuhan-telecom,43.6693,0.0,icmp,1593127860,2020-06-25 23:31:00+00:00
232785621,jinan-telecom,wuhan-telecom,39.3194,0.0,icmp,1593127999,2020-06-25 23:33:19+00:00
232785844,jinan-telecom,wuhan-telecom,47.407,0.0,icmp,1593128100,2020-06-25 23:35:00+00:00
232786050,jinan-telecom,wuhan-telecom,49.0287,0.0,icmp,1593128220,2020-06-25 23:37:00+00:00
232786301,jinan-telecom,wuhan-telecom,39.498,0.0,icmp,1593128359,2020-06-25 23:39:19+00:00
232786514,jinan-telecom,wuhan-telecom,39.3627,0.0,icmp,1593128479,2020-06-25 23:41:19+00:00
232786717,jinan-telecom,wuhan-telecom,47.6529,0.0,icmp,1593128580,2020-06-25 23:43:00+00:00
232786963,jinan-telecom,wuhan-telecom,48.2525,0.0,icmp,1593128700,2020-06-25 23:45:00+00:00
232787193,jinan-telecom,wuhan-telecom,47.4881,0.0,icmp,1593128820,2020-06-25 23:47:00+00:00
232787446,jinan-telecom,wuhan-telecom,48.4611,0.0,icmp,1593128940,2020-06-25 23:49:00+00:00
232787640,jinan-telecom,wuhan-telecom,48.4403,0.0,icmp,1593129060,2020-06-25 23:51:00+00:00
232787851,jinan-telecom,wuhan-telecom,46.9256,0.0,icmp,1593129180,2020-06-25 23:53:00+00:00
232788097,jinan-telecom,wuhan-telecom,47.5601,0.0,icmp,1593129300,2020-06-25 23:55:00+00:00
232788304,jinan-telecom,wuhan-telecom,46.6693,0.0,icmp,1593129420,2020-06-25 23:57:00+00:00
232788537,jinan-telecom,wuhan-telecom,48.0939,0.0,icmp,1593129540,2020-06-25 23:59:00+00:00
232788757,jinan-telecom,wuhan-telecom,45.7203,0.0,icmp,1593129660,2020-06-26 00:01:00+00:00
232789001,jinan-telecom,wuhan-telecom,39.4944,0.0,icmp,1593129799,2020-06-26 00:03:19+00:00
232789202,jinan-telecom,wuhan-telecom,48.2583,0.0,icmp,1593129900,2020-06-26 00:05:00+00:00
232789415,jinan-telecom,wuhan-telecom,49.8865,0.0,icmp,1593130020,2020-06-26 00:07:00+00:00
232789643,jinan-telecom,wuhan-telecom,39.4642,0.0,icmp,1593130159,2020-06-26 00:09:19+00:00
232789869,jinan-telecom,wuhan-telecom,39.4697,0.0,icmp,1593130279,2020-06-26 00:11:19+00:00
232790121,jinan-telecom,wuhan-telecom,48.5977,0.0,icmp,1593130380,2020-06-26 00:13:00+00:00
232790337,jinan-telecom,wuhan-telecom,39.5899,0.0,icmp,1593130459,2020-06-26 00:14:19+00:00
232790558,jinan-telecom,wuhan-telecom,47.0112,0.0,icmp,1593130620,2020-06-26 00:17:00+00:00
232790778,jinan-telecom,wuhan-telecom,46.7752,0.0,icmp,1593130740,2020-06-26 00:19:00+00:00
232791016,jinan-telecom,wuhan-telecom,39.366,0.0,icmp,1593130879,2020-06-26 00:21:19+00:00
232791234,jinan-telecom,wuhan-telecom,49.3679,0.0,icmp,1593130980,2020-06-26 00:23:00+00:00
232791454,jinan-telecom,wuhan-telecom,46.9923,0.0,icmp,1593131100,2020-06-26 00:25:00+00:00
232791682,jinan-telecom,wuhan-telecom,47.6029,0.0,icmp,1593131220,2020-06-26 00:27:00+00:00
232791927,jinan-telecom,wuhan-telecom,39.7689,0.0,icmp,1593131340,2020-06-26 00:29:00+00:00
232792161,jinan-telecom,wuhan-telecom,48.7655,0.0,icmp,1593131460,2020-06-26 00:31:00+00:00
232792370,jinan-telecom,wuhan-telecom,39.4611,0.0,icmp,1593131599,2020-06-26 00:33:19+00:00
232792580,jinan-telecom,wuhan-telecom,48.4661,0.0,icmp,1593131700,2020-06-26 00:35:00+00:00
232792811,jinan-telecom,wuhan-telecom,46.8136,0.0,icmp,1593131820,2020-06-26 00:37:00+00:00
232793050,jinan-telecom,wuhan-telecom,46.6727,0.0,icmp,1593131940,2020-06-26 00:39:00+00:00
232793250,jinan-telecom,wuhan-telecom,45.1558,0.0,icmp,1593132060,2020-06-26 00:41:00+00:00
232793486,jinan-telecom,wuhan-telecom,39.5097,0.0,icmp,1593132139,2020-06-26 00:42:19+00:00
232793733,jinan-telecom,wuhan-telecom,49.4796,0.0,icmp,1593132300,2020-06-26 00:45:00+00:00
232793923,jinan-telecom,wuhan-telecom,46.7886,0.0,icmp,1593132420,2020-06-26 00:47:00+00:00
232794153,jinan-telecom,wuhan-telecom,46.7941,0.0,icmp,1593132540,2020-06-26 00:49:00+00:00
232794375,jinan-telecom,wuhan-telecom,47.0958,0.0,icmp,1593132660,2020-06-26 00:51:00+00:00
232794609,jinan-telecom,wuhan-telecom,45.522,0.0,icmp,1593132780,2020-06-26 00:53:00+00:00
232794821,jinan-telecom,wuhan-telecom,41.9041,0.0,icmp,1593132900,2020-06-26 00:55:00+00:00
232795047,jinan-telecom,wuhan-telecom,39.4252,0.0,icmp,1593132979,2020-06-26 00:56:19+00:00
232795284,jinan-telecom,wuhan-telecom,45.2748,0.0,icmp,1593133140,2020-06-26 00:59:00+00:00
232795497,jinan-telecom,wuhan-telecom,47.3377,0.0,icmp,1593133260,2020-06-26 01:01:00+00:00
232795741,jinan-telecom,wuhan-telecom,39.3236,0.0,icmp,1593133399,2020-06-26 01:03:19+00:00
232795945,jinan-telecom,wuhan-telecom,45.3479,0.0,icmp,1593133500,2020-06-26 01:05:00+00:00
232796175,jinan-telecom,wuhan-telecom,47.0332,0.0,icmp,1593133620,2020-06-26 01:07:00+00:00
232796410,jinan-telecom,wuhan-telecom,39.3896,0.0,icmp,1593133759,2020-06-26 01:09:19+00:00
232796640,jinan-telecom,wuhan-telecom,45.3227,0.0,icmp,1593133860,2020-06-26 01:11:00+00:00
232796854,jinan-telecom,wuhan-telecom,39.7097,0.0,icmp,1593133939,2020-06-26 01:12:19+00:00
232797089,jinan-telecom,wuhan-telecom,48.2913,0.0,icmp,1593134100,2020-06-26 01:15:00+00:00
232797293,jinan-telecom,wuhan-telecom,48.2838,0.0,icmp,1593134220,2020-06-26 01:17:00+00:00
232797538,jinan-telecom,wuhan-telecom,48.2277,0.0,icmp,1593134340,2020-06-26 01:19:00+00:00
232797785,jinan-telecom,wuhan-telecom,39.844,0.0,icmp,1593134479,2020-06-26 01:21:19+00:00
232797987,jinan-telecom,wuhan-telecom,45.2895,0.0,icmp,1593134580,2020-06-26 01:23:00+00:00
232798201,jinan-telecom,wuhan-telecom,48.1746,0.0,icmp,1593134700,2020-06-26 01:25:00+00:00
232798440,jinan-telecom,wuhan-telecom,39.4096,0.0,icmp,1593134779,2020-06-26 01:26:19+00:00
232798648,jinan-telecom,wuhan-telecom,49.1071,0.0,icmp,1593134940,2020-06-26 01:29:00+00:00
232798882,jinan-telecom,wuhan-telecom,47.5487,0.0,icmp,1593135060,2020-06-26 01:31:00+00:00
232799103,jinan-telecom,wuhan-telecom,45.0815,0.0,icmp,1593135180,2020-06-26 01:33:00+00:00
232799325,jinan-telecom,wuhan-telecom,39.3225,0.0,icmp,1593135319,2020-06-26 01:35:19+00:00
232799557,jinan-telecom,wuhan-telecom,39.324,0.0,icmp,1593135439,2020-06-26 01:37:19+00:00
232799785,jinan-telecom,wuhan-telecom,48.0305,0.0,icmp,1593135540,2020-06-26 01:39:00+00:00
232800038,jinan-telecom,wuhan-telecom,41.7322,0.0,icmp,1593135660,2020-06-26 01:41:00+00:00
232800208,jinan-telecom,wuhan-telecom,47.4141,0.0,icmp,1593135780,2020-06-26 01:43:00+00:00
232800454,jinan-telecom,wuhan-telecom,46.2369,0.0,icmp,1593135900,2020-06-26 01:45:00+00:00
232800697,jinan-telecom,wuhan-telecom,47.4274,0.0,icmp,1593136020,2020-06-26 01:47:00+00:00
232800893,jinan-telecom,wuhan-telecom,39.5907,0.0,icmp,1593136159,2020-06-26 01:49:19+00:00
232801154,jinan-telecom,wuhan-telecom,45.4931,0.0,icmp,1593136260,2020-06-26 01:51:00+00:00
232801356,jinan-telecom,wuhan-telecom,39.3525,0.0,icmp,1593136399,2020-06-26 01:53:19+00:00
232801585,jinan-telecom,wuhan-telecom,39.4976,0.0,icmp,1593136504,2020-06-26 01:55:04+00:00
232801829,jinan-telecom,wuhan-telecom,48.2126,0.0,icmp,1593136620,2020-06-26 01:57:00+00:00
232802025,jinan-telecom,wuhan-telecom,44.9162,0.0,icmp,1593136740,2020-06-26 01:59:00+00:00
232802253,jinan-telecom,wuhan-telecom,39.4876,0.0,icmp,1593136864,2020-06-26 02:01:04+00:00
232802474,jinan-telecom,wuhan-telecom,39.4825,0.0,icmp,1593136999,2020-06-26 02:03:19+00:00
232802704,jinan-telecom,wuhan-telecom,46.7186,0.0,icmp,1593137100,2020-06-26 02:05:00+00:00
232802938,jinan-telecom,wuhan-telecom,46.2402,0.0,icmp,1593137220,2020-06-26 02:07:00+00:00
232803147,jinan-telecom,wuhan-telecom,48.2234,0.0,icmp,1593137340,2020-06-26 02:09:00+00:00
232803369,jinan-telecom,wuhan-telecom,49.141,0.0,icmp,1593137460,2020-06-26 02:11:00+00:00
232803591,jinan-telecom,wuhan-telecom,39.5077,0.0,icmp,1593137599,2020-06-26 02:13:19+00:00
232803838,jinan-telecom,wuhan-telecom,46.3727,0.0,icmp,1593137700,2020-06-26 02:15:00+00:00
232804015,jinan-telecom,wuhan-telecom,46.7074,0.0,icmp,1593137820,2020-06-26 02:17:00+00:00
232804298,jinan-telecom,wuhan-telecom,50.2774,0.0,icmp,1593137940,2020-06-26 02:19:00+00:00
232804511,jinan-telecom,wuhan-telecom,46.9138,0.0,icmp,1593138060,2020-06-26 02:21:00+00:00
232804730,jinan-telecom,wuhan-telecom,39.3561,0.0,icmp,1593138139,2020-06-26 02:22:19+00:00
232804970,jinan-telecom,wuhan-telecom,47.0435,0.0,icmp,1593138300,2020-06-26 02:25:00+00:00
232805183,jinan-telecom,wuhan-telecom,46.1708,0.0,icmp,1593138420,2020-06-26 02:27:00+00:00
232805405,jinan-telecom,wuhan-telecom,46.7706,0.0,icmp,1593138540,2020-06-26 02:29:00+00:00
232805613,jinan-telecom,wuhan-telecom,48.2422,0.0,icmp,1593138660,2020-06-26 02:31:00+00:00
232805847,jinan-telecom,wuhan-telecom,44.3701,0.0,icmp,1593138780,2020-06-26 02:33:00+00:00
232806073,jinan-telecom,wuhan-telecom,44.6539,0.0,icmp,1593138900,2020-06-26 02:35:00+00:00
232806308,jinan-telecom,wuhan-telecom,47.4052,0.0,icmp,1593139020,2020-06-26 02:37:00+00:00
232806523,jinan-telecom,wuhan-telecom,39.6562,0.0,icmp,1593139099,2020-06-26 02:38:19+00:00
232806770,jinan-telecom,wuhan-telecom,49.367,0.0,icmp,1593139260,2020-06-26 02:41:00+00:00
232806985,jinan-telecom,wuhan-telecom,45.7745,0.0,icmp,1593139380,2020-06-26 02:43:00+00:00
232807203,jinan-telecom,wuhan-telecom,39.3331,0.0,icmp,1593139519,2020-06-26 02:45:19+00:00
232807464,jinan-telecom,wuhan-telecom,49.3912,0.0,icmp,1593139620,2020-06-26 02:47:00+00:00
232807668,jinan-telecom,wuhan-telecom,49.0709,0.0,icmp,1593139740,2020-06-26 02:49:00+00:00
232807904,jinan-telecom,wuhan-telecom,48.2556,0.0,icmp,1593139860,2020-06-26 02:51:00+00:00
232808111,jinan-telecom,wuhan-telecom,45.911,0.0,icmp,1593139980,2020-06-26 02:53:00+00:00
232808326,jinan-telecom,wuhan-telecom,39.4071,0.0,icmp,1593140059,2020-06-26 02:54:19+00:00
232808570,jinan-telecom,wuhan-telecom,48.2661,0.0,icmp,1593140220,2020-06-26 02:57:00+00:00
232808786,jinan-telecom,wuhan-telecom,47.5655,0.0,icmp,1593140340,2020-06-26 02:59:00+00:00
232808973,jinan-telecom,wuhan-telecom,39.4251,0.0,icmp,1593140479,2020-06-26 03:01:19+00:00
232809222,jinan-telecom,wuhan-telecom,44.606,0.0,icmp,1593140580,2020-06-26 03:03:00+00:00
232809447,jinan-telecom,wuhan-telecom,48.1948,0.0,icmp,1593140700,2020-06-26 03:05:00+00:00
232809683,jinan-telecom,wuhan-telecom,42.7668,0.0,icmp,1593140820,2020-06-26 03:07:00+00:00
232809902,jinan-telecom,wuhan-telecom,48.5828,0.0,icmp,1593140940,2020-06-26 03:09:00+00:00
232810116,jinan-telecom,wuhan-telecom,40.7287,0.0,icmp,1593141060,2020-06-26 03:11:00+00:00
232810357,jinan-telecom,wuhan-telecom,39.3562,0.0,icmp,1593141139,2020-06-26 03:12:19+00:00
232810582,jinan-telecom,wuhan-telecom,49.3195,0.0,icmp,1593141300,2020-06-26 03:15:00+00:00
232810818,jinan-telecom,wuhan-telecom,47.5014,0.0,icmp,1593141420,2020-06-26 03:17:00+00:00
232811023,jinan-telecom,wuhan-telecom,48.6002,0.0,icmp,1593141540,2020-06-26 03:19:00+00:00
232811246,jinan-telecom,wuhan-telecom,48.1489,0.0,icmp,1593141660,2020-06-26 03:21:00+00:00
232811494,jinan-telecom,wuhan-telecom,47.2164,0.0,icmp,1593141780,2020-06-26 03:23:00+00:00
232811702,jinan-telecom,wuhan-telecom,46.0015,0.0,icmp,1593141900,2020-06-26 03:25:00+00:00
232811933,jinan-telecom,wuhan-telecom,49.0746,0.0,icmp,1593142020,2020-06-26 03:27:00+00:00
232812162,jinan-telecom,wuhan-telecom,47.4582,0.0,icmp,1593142140,2020-06-26 03:29:00+00:00
232812356,jinan-telecom,wuhan-telecom,46.7999,0.0,icmp,1593142260,2020-06-26 03:31:00+00:00
232812624,jinan-telecom,wuhan-telecom,48.0216,0.0,icmp,1593142380,2020-06-26 03:33:00+00:00
232812826,jinan-telecom,wuhan-telecom,48.0106,0.0,icmp,1593142500,2020-06-26 03:35:00+00:00
232813046,jinan-telecom,wuhan-telecom,48.0484,0.0,icmp,1593142620,2020-06-26 03:37:00+00:00
232813272,jinan-telecom,wuhan-telecom,48.3547,0.0,icmp,1593142740,2020-06-26 03:39:00+00:00
232813523,jinan-telecom,wuhan-telecom,39.4501,0.0,icmp,1593142879,2020-06-26 03:41:19+00:00
232813727,jinan-telecom,wuhan-telecom,49.1976,0.0,icmp,1593142980,2020-06-26 03:43:00+00:00
232813945,jinan-telecom,wuhan-telecom,47.0423,0.0,icmp,1593143100,2020-06-26 03:45:00+00:00
232814200,jinan-telecom,wuhan-telecom,39.4214,0.0,icmp,1593143179,2020-06-26 03:46:19+00:00
232814399,jinan-telecom,wuhan-telecom,46.5858,0.0,icmp,1593143340,2020-06-26 03:49:00+00:00
232814636,jinan-telecom,wuhan-telecom,44.352,0.0,icmp,1593143460,2020-06-26 03:51:00+00:00
232814845,jinan-telecom,wuhan-telecom,49.0241,0.0,icmp,1593143580,2020-06-26 03:53:00+00:00
232815069,jinan-telecom,wuhan-telecom,39.3518,0.0,icmp,1593143659,2020-06-26 03:54:19+00:00
232815321,jinan-telecom,wuhan-telecom,47.4411,0.0,icmp,1593143820,2020-06-26 03:57:00+00:00
232815532,jinan-telecom,wuhan-telecom,50.5382,0.0,icmp,1593143940,2020-06-26 03:59:00+00:00
232815762,jinan-telecom,wuhan-telecom,46.9003,0.0,icmp,1593144060,2020-06-26 04:01:00+00:00
232815987,jinan-telecom,wuhan-telecom,45.7583,0.0,icmp,1593144180,2020-06-26 04:03:00+00:00
232816212,jinan-telecom,wuhan-telecom,48.5161,0.0,icmp,1593144300,2020-06-26 04:05:00+00:00
232816426,jinan-telecom,wuhan-telecom,46.6943,0.0,icmp,1593144420,2020-06-26 04:07:00+00:00
232816639,jinan-telecom,wuhan-telecom,49.633,0.0,icmp,1593144540,2020-06-26 04:09:00+00:00
232816909,jinan-telecom,wuhan-telecom,51.1856,0.0,icmp,1593144660,2020-06-26 04:11:00+00:00
232817138,jinan-telecom,wuhan-telecom,47.3107,0.0,icmp,1593144780,2020-06-26 04:13:00+00:00
232817336,jinan-telecom,wuhan-telecom,39.3362,0.0,icmp,1593144859,2020-06-26 04:14:19+00:00
232817544,jinan-telecom,wuhan-telecom,45.6506,0.0,icmp,1593145020,2020-06-26 04:17:00+00:00
232817787,jinan-telecom,wuhan-telecom,49.953,0.0,icmp,1593145140,2020-06-26 04:19:00+00:00
232818013,jinan-telecom,wuhan-telecom,39.4984,0.0,icmp,1593145264,2020-06-26 04:21:04+00:00
232818219,jinan-telecom,wuhan-telecom,47.6306,0.0,icmp,1593145380,2020-06-26 04:23:00+00:00
232818459,jinan-telecom,wuhan-telecom,46.7859,0.0,icmp,1593145500,2020-06-26 04:25:00+00:00
232818692,jinan-telecom,wuhan-telecom,39.3488,0.0,icmp,1593145639,2020-06-26 04:27:19+00:00
232818902,jinan-telecom,wuhan-telecom,39.4255,0.0,icmp,1593145759,2020-06-26 04:29:19+00:00
232819119,jinan-telecom,wuhan-telecom,48.2897,0.0,icmp,1593145860,2020-06-26 04:31:00+00:00
232819352,jinan-telecom,wuhan-telecom,39.4125,0.0,icmp,1593145939,2020-06-26 04:32:19+00:00
232819570,jinan-telecom,wuhan-telecom,47.7394,0.0,icmp,1593146100,2020-06-26 04:35:00+00:00
232819801,jinan-telecom,wuhan-telecom,47.1475,0.0,icmp,1593146220,2020-06-26 04:37:00+00:00
232820025,jinan-telecom,wuhan-telecom,39.3616,0.0,icmp,1593146299,2020-06-26 04:38:19+00:00
232820274,jinan-telecom,wuhan-telecom,39.3532,0.0,icmp,1593146419,2020-06-26 04:40:19+00:00
232820462,jinan-telecom,wuhan-telecom,47.7433,0.0,icmp,1593146580,2020-06-26 04:43:00+00:00
232820706,jinan-telecom,wuhan-telecom,45.8022,0.0,icmp,1593146700,2020-06-26 04:45:00+00:00
232820954,jinan-telecom,wuhan-telecom,49.273,0.0,icmp,1593146820,2020-06-26 04:47:00+00:00
232821160,jinan-telecom,wuhan-telecom,47.1526,0.0,icmp,1593146940,2020-06-26 04:49:00+00:00
232821377,jinan-telecom,wuhan-telecom,46.1702,0.0,icmp,1593147060,2020-06-26 04:51:00+00:00
232821602,jinan-telecom,wuhan-telecom,39.4447,0.0,icmp,1593147139,2020-06-26 04:52:19+00:00
232821818,jinan-telecom,wuhan-telecom,46.9197,0.0,icmp,1593147300,2020-06-26 04:55:00+00:00
232822054,jinan-telecom,wuhan-telecom,39.3378,0.0,icmp,1593147379,2020-06-26 04:56:19+00:00
232822278,jinan-telecom,wuhan-telecom,49.3219,0.0,icmp,1593147540,2020-06-26 04:59:00+00:00
232822508,jinan-telecom,wuhan-telecom,48.5861,0.0,icmp,1593147660,2020-06-26 05:01:00+00:00
232822719,jinan-telecom,wuhan-telecom,39.556,0.0,icmp,1593147739,2020-06-26 05:02:19+00:00
232822940,jinan-telecom,wuhan-telecom,48.8513,0.0,icmp,1593147900,2020-06-26 05:05:00+00:00
232823198,jinan-telecom,wuhan-telecom,48.0622,0.0,icmp,1593148020,2020-06-26 05:07:00+00:00
232823415,jinan-telecom,wuhan-telecom,39.4215,0.0,icmp,1593148159,2020-06-26 05:09:19+00:00
232823630,jinan-telecom,wuhan-telecom,47.4867,0.0,icmp,1593148260,2020-06-26 05:11:00+00:00
232823846,jinan-telecom,wuhan-telecom,46.5015,0.0,icmp,1593148380,2020-06-26 05:13:00+00:00
232824082,jinan-telecom,wuhan-telecom,46.9619,0.0,icmp,1593148500,2020-06-26 05:15:00+00:00
232824303,jinan-telecom,wuhan-telecom,46.5723,0.0,icmp,1593148620,2020-06-26 05:17:00+00:00
232824534,jinan-telecom,wuhan-telecom,39.4707,0.0,icmp,1593148684,2020-06-26 05:18:04+00:00
232824753,jinan-telecom,wuhan-telecom,39.3552,0.0,icmp,1593148819,2020-06-26 05:20:19+00:00
232824979,jinan-telecom,wuhan-telecom,39.8156,0.0,icmp,1593148939,2020-06-26 05:22:19+00:00
232825208,jinan-telecom,wuhan-telecom,46.3975,0.0,icmp,1593149100,2020-06-26 05:25:00+00:00
232825428,jinan-telecom,wuhan-telecom,48.0599,0.0,icmp,1593149220,2020-06-26 05:27:00+00:00
232825633,jinan-telecom,wuhan-telecom,46.3841,0.0,icmp,1593149340,2020-06-26 05:29:00+00:00
232825864,jinan-telecom,wuhan-telecom,46.357,0.0,icmp,1593149460,2020-06-26 05:31:00+00:00
232826110,jinan-telecom,wuhan-telecom,49.5409,0.0,icmp,1593149580,2020-06-26 05:33:00+00:00
232826322,jinan-telecom,wuhan-telecom,46.7207,0.0,icmp,1593149700,2020-06-26 05:35:00+00:00
232826565,jinan-telecom,wuhan-telecom,39.392,0.0,icmp,1593149839,2020-06-26 05:37:19+00:00
232826780,jinan-telecom,wuhan-telecom,39.3458,0.0,icmp,1593149959,2020-06-26 05:39:19+00:00
232826995,jinan-telecom,wuhan-telecom,47.0387,0.0,icmp,1593150060,2020-06-26 05:41:00+00:00
232827237,jinan-telecom,wuhan-telecom,46.3815,0.0,icmp,1593150180,2020-06-26 05:43:00+00:00
232827455,jinan-telecom,wuhan-telecom,44.5777,0.0,icmp,1593150300,2020-06-26 05:45:00+00:00
232827680,jinan-telecom,wuhan-telecom,39.3977,0.0,icmp,1593150379,2020-06-26 05:46:19+00:00
232827921,jinan-telecom,wuhan-telecom,40.2949,0.0,icmp,1593150540,2020-06-26 05:49:00+00:00
232828123,jinan-telecom,wuhan-telecom,48.4526,0.0,icmp,1593150660,2020-06-26 05:51:00+00:00
232828374,jinan-telecom,wuhan-telecom,47.7371,0.0,icmp,1593150780,2020-06-26 05:53:00+00:00
232828626,jinan-telecom,wuhan-telecom,48.0703,0.0,icmp,1593150900,2020-06-26 05:55:00+00:00
232828819,jinan-telecom,wuhan-telecom,48.1503,0.0,icmp,1593151020,2020-06-26 05:57:00+00:00
232829016,jinan-telecom,wuhan-telecom,39.5683,0.0,icmp,1593151099,2020-06-26 05:58:19+00:00
232829274,jinan-telecom,wuhan-telecom,40.8182,0.0,icmp,1593151260,2020-06-26 06:01:00+00:00
232829486,jinan-telecom,wuhan-telecom,47.3794,0.0,icmp,1593151380,2020-06-26 06:03:00+00:00
232829712,jinan-telecom,wuhan-telecom,39.4994,0.0,icmp,1593151459,2020-06-26 06:04:19+00:00
232829922,jinan-telecom,wuhan-telecom,47.0754,0.0,icmp,1593151620,2020-06-26 06:07:00+00:00
232830156,jinan-telecom,wuhan-telecom,39.4423,0.0,icmp,1593151759,2020-06-26 06:09:19+00:00
232830391,jinan-telecom,wuhan-telecom,45.7725,0.0,icmp,1593151860,2020-06-26 06:11:00+00:00
232830604,jinan-telecom,wuhan-telecom,46.7874,0.0,icmp,1593151980,2020-06-26 06:13:00+00:00
232830858,jinan-telecom,wuhan-telecom,45.7023,0.0,icmp,1593152100,2020-06-26 06:15:00+00:00
232831072,jinan-telecom,wuhan-telecom,39.5005,0.0,icmp,1593152179,2020-06-26 06:16:19+00:00
232831297,jinan-telecom,wuhan-telecom,39.38,0.0,icmp,1593152299,2020-06-26 06:18:19+00:00
232831520,jinan-telecom,wuhan-telecom,49.4995,0.0,icmp,1593152460,2020-06-26 06:21:00+00:00
232831732,jinan-telecom,wuhan-telecom,47.3113,0.0,icmp,1593152580,2020-06-26 06:23:00+00:00
232831943,jinan-telecom,wuhan-telecom,39.518,0.0,icmp,1593152719,2020-06-26 06:25:19+00:00
232832179,jinan-telecom,wuhan-telecom,39.3522,0.0,icmp,1593152839,2020-06-26 06:27:19+00:00
232832414,jinan-telecom,wuhan-telecom,46.8795,0.0,icmp,1593152940,2020-06-26 06:29:00+00:00
232832632,jinan-telecom,wuhan-telecom,47.8449,0.0,icmp,1593153060,2020-06-26 06:31:00+00:00
232832834,jinan-telecom,wuhan-telecom,45.313,0.0,icmp,1593153180,2020-06-26 06:33:00+00:00
232833086,jinan-telecom,wuhan-telecom,46.7844,0.0,icmp,1593153300,2020-06-26 06:35:00+00:00
232833294,jinan-telecom,wuhan-telecom,39.6465,0.0,icmp,1593153439,2020-06-26 06:37:19+00:00
232833526,jinan-telecom,wuhan-telecom,39.387,0.0,icmp,1593153559,2020-06-26 06:39:19+00:00
232833752,jinan-telecom,wuhan-telecom,48.8488,0.0,icmp,1593153660,2020-06-26 06:41:00+00:00
232833977,jinan-telecom,wuhan-telecom,48.3772,0.0,icmp,1593153780,2020-06-26 06:43:00+00:00
232834197,jinan-telecom,wuhan-telecom,47.2059,0.0,icmp,1593153900,2020-06-26 06:45:00+00:00
232834420,jinan-telecom,wuhan-telecom,39.3787,0.0,icmp,1593153979,2020-06-26 06:46:19+00:00
232834651,jinan-telecom,wuhan-telecom,44.4938,0.0,icmp,1593154140,2020-06-26 06:49:00+00:00
232834890,jinan-telecom,wuhan-telecom,42.5241,0.0,icmp,1593154260,2020-06-26 06:51:00+00:00
232835085,jinan-telecom,wuhan-telecom,39.3775,0.0,icmp,1593154339,2020-06-26 06:52:19+00:00
232835326,jinan-telecom,wuhan-telecom,39.3483,0.0,icmp,1593154519,2020-06-26 06:55:19+00:00
232835564,jinan-telecom,wuhan-telecom,46.6552,0.0,icmp,1593154620,2020-06-26 06:57:00+00:00
232835775,jinan-telecom,wuhan-telecom,49.5853,0.0,icmp,1593154740,2020-06-26 06:59:00+00:00
232836015,jinan-telecom,wuhan-telecom,45.1705,0.0,icmp,1593154860,2020-06-26 07:01:00+00:00
232836220,jinan-telecom,wuhan-telecom,47.5843,0.0,icmp,1593154980,2020-06-26 07:03:00+00:00
232836454,jinan-telecom,wuhan-telecom,46.0287,0.0,icmp,1593155100,2020-06-26 07:05:00+00:00
232836676,jinan-telecom,wuhan-telecom,50.4634,0.0,icmp,1593155220,2020-06-26 07:07:00+00:00
232836922,jinan-telecom,wuhan-telecom,39.378,0.0,icmp,1593155359,2020-06-26 07:09:19+00:00
232837144,jinan-telecom,wuhan-telecom,47.0471,0.0,icmp,1593155460,2020-06-26 07:11:00+00:00
232837364,jinan-telecom,wuhan-telecom,47.3425,0.0,icmp,1593155580,2020-06-26 07:13:00+00:00
232837569,jinan-telecom,wuhan-telecom,45.3643,0.0,icmp,1593155700,2020-06-26 07:15:00+00:00
232837798,jinan-telecom,wuhan-telecom,49.9474,0.0,icmp,1593155820,2020-06-26 07:17:00+00:00
232838021,jinan-telecom,wuhan-telecom,46.3237,0.0,icmp,1593155940,2020-06-26 07:19:00+00:00
232838259,jinan-telecom,wuhan-telecom,47.665,0.0,icmp,1593156060,2020-06-26 07:21:00+00:00
232838478,jinan-telecom,wuhan-telecom,39.4576,0.0,icmp,1593156126,2020-06-26 07:22:06+00:00
232838700,jinan-telecom,wuhan-telecom,49.6236,0.0,icmp,1593156300,2020-06-26 07:25:00+00:00
232838935,jinan-telecom,wuhan-telecom,49.2337,0.0,icmp,1593156420,2020-06-26 07:27:00+00:00
232839150,jinan-telecom,wuhan-telecom,49.0891,0.0,icmp,1593156540,2020-06-26 07:29:00+00:00
232839390,jinan-telecom,wuhan-telecom,42.67,0.0,icmp,1593156660,2020-06-26 07:31:00+00:00
232839602,jinan-telecom,wuhan-telecom,45.1053,0.0,icmp,1593156780,2020-06-26 07:33:00+00:00
232839846,jinan-telecom,wuhan-telecom,39.445,0.0,icmp,1593156844,2020-06-26 07:34:04+00:00
232840067,jinan-telecom,wuhan-telecom,49.1034,0.0,icmp,1593157020,2020-06-26 07:37:00+00:00
232840275,jinan-telecom,wuhan-telecom,39.5972,0.0,icmp,1593157099,2020-06-26 07:38:19+00:00
232840508,jinan-telecom,wuhan-telecom,39.6572,0.0,icmp,1593157219,2020-06-26 07:40:19+00:00
232840743,jinan-telecom,wuhan-telecom,47.9807,0.0,icmp,1593157380,2020-06-26 07:43:00+00:00
232840955,jinan-telecom,wuhan-telecom,50.3046,0.0,icmp,1593157500,2020-06-26 07:45:00+00:00
232841163,jinan-telecom,wuhan-telecom,46.2951,0.0,icmp,1593157620,2020-06-26 07:47:00+00:00
232841422,jinan-telecom,wuhan-telecom,39.5172,0.0,icmp,1593157744,2020-06-26 07:49:04+00:00
232841623,jinan-telecom,wuhan-telecom,41.0094,0.0,icmp,1593157860,2020-06-26 07:51:00+00:00
232841863,jinan-telecom,wuhan-telecom,39.3319,0.0,icmp,1593157939,2020-06-26 07:52:19+00:00
232842087,jinan-telecom,wuhan-telecom,47.3456,0.0,icmp,1593158100,2020-06-26 07:55:00+00:00
232842313,jinan-telecom,wuhan-telecom,46.6742,0.0,icmp,1593158220,2020-06-26 07:57:00+00:00
232842521,jinan-telecom,wuhan-telecom,46.5981,0.0,icmp,1593158340,2020-06-26 07:59:00+00:00
232842739,jinan-telecom,wuhan-telecom,49.1783,0.0,icmp,1593158460,2020-06-26 08:01:00+00:00
232842986,jinan-telecom,wuhan-telecom,47.4343,0.0,icmp,1593158580,2020-06-26 08:03:00+00:00
232843200,jinan-telecom,wuhan-telecom,48.0688,0.0,icmp,1593158700,2020-06-26 08:05:00+00:00
232843457,jinan-telecom,wuhan-telecom,48.1174,0.0,icmp,1593158820,2020-06-26 08:07:00+00:00
232843642,jinan-telecom,wuhan-telecom,47.686,0.0,icmp,1593158940,2020-06-26 08:09:00+00:00
232843896,jinan-telecom,wuhan-telecom,39.3633,0.0,icmp,1593159019,2020-06-26 08:10:19+00:00
232844103,jinan-telecom,wuhan-telecom,39.5286,0.0,icmp,1593159139,2020-06-26 08:12:19+00:00
232844341,jinan-telecom,wuhan-telecom,39.3747,0.0,icmp,1593159259,2020-06-26 08:14:19+00:00
232844568,jinan-telecom,wuhan-telecom,47.8424,0.0,icmp,1593159420,2020-06-26 08:17:00+00:00
232844784,jinan-telecom,wuhan-telecom,49.1504,0.0,icmp,1593159540,2020-06-26 08:19:00+00:00
232845027,jinan-telecom,wuhan-telecom,47.011,0.0,icmp,1593159660,2020-06-26 08:21:00+00:00
232845271,jinan-telecom,wuhan-telecom,39.7655,0.0,icmp,1593159799,2020-06-26 08:23:19+00:00
232845470,jinan-telecom,wuhan-telecom,49.312,0.0,icmp,1593159900,2020-06-26 08:25:00+00:00
232845683,jinan-telecom,wuhan-telecom,48.3581,0.0,icmp,1593160020,2020-06-26 08:27:00+00:00
232845897,jinan-telecom,wuhan-telecom,47.4732,0.0,icmp,1593160140,2020-06-26 08:29:00+00:00
232846129,jinan-telecom,wuhan-telecom,41.4493,0.0,icmp,1593160260,2020-06-26 08:31:00+00:00
232846364,jinan-telecom,wuhan-telecom,39.4183,0.0,icmp,1593160339,2020-06-26 08:32:19+00:00
232846591,jinan-telecom,wuhan-telecom,49.1427,0.0,icmp,1593160500,2020-06-26 08:35:00+00:00
232846781,jinan-telecom,wuhan-telecom,45.8753,0.0,icmp,1593160620,2020-06-26 08:37:00+00:00
232847022,jinan-telecom,wuhan-telecom,45.3316,0.0,icmp,1593160740,2020-06-26 08:39:00+00:00
232847270,jinan-telecom,wuhan-telecom,48.8768,0.0,icmp,1593160860,2020-06-26 08:41:00+00:00
232847494,jinan-telecom,wuhan-telecom,39.3663,0.0,icmp,1593160939,2020-06-26 08:42:19+00:00
232847697,jinan-telecom,wuhan-telecom,44.996,0.0,icmp,1593161100,2020-06-26 08:45:00+00:00
232847948,jinan-telecom,wuhan-telecom,46.8799,0.0,icmp,1593161220,2020-06-26 08:47:00+00:00
232848151,jinan-telecom,wuhan-telecom,48.2326,0.0,icmp,1593161340,2020-06-26 08:49:00+00:00
232848374,jinan-telecom,wuhan-telecom,48.6728,0.0,icmp,1593161460,2020-06-26 08:51:00+00:00
232848612,jinan-telecom,wuhan-telecom,39.4498,0.0,icmp,1593161539,2020-06-26 08:52:19+00:00
232848829,jinan-telecom,wuhan-telecom,39.3529,0.0,icmp,1593161659,2020-06-26 08:54:19+00:00
232849060,jinan-telecom,wuhan-telecom,39.3619,0.0,icmp,1593161839,2020-06-26 08:57:19+00:00
232849298,jinan-telecom,wuhan-telecom,45.4472,0.0,icmp,1593161940,2020-06-26 08:59:00+00:00
232849529,jinan-telecom,wuhan-telecom,48.8713,0.0,icmp,1593162060,2020-06-26 09:01:00+00:00
232849739,jinan-telecom,wuhan-telecom,43.6557,0.0,icmp,1593162180,2020-06-26 09:03:00+00:00
232849953,jinan-telecom,wuhan-telecom,47.191,0.0,icmp,1593162300,2020-06-26 09:05:00+00:00
232850170,jinan-telecom,wuhan-telecom,47.8306,0.0,icmp,1593162420,2020-06-26 09:07:00+00:00
232850413,jinan-telecom,wuhan-telecom,39.3377,0.0,icmp,1593162559,2020-06-26 09:09:19+00:00
232850626,jinan-telecom,wuhan-telecom,46.9892,0.0,icmp,1593162660,2020-06-26 09:11:00+00:00
232850856,jinan-telecom,wuhan-telecom,47.0854,0.0,icmp,1593162780,2020-06-26 09:13:00+00:00
232851085,jinan-telecom,wuhan-telecom,39.3599,0.0,icmp,1593162919,2020-06-26 09:15:19+00:00
232851313,jinan-telecom,wuhan-telecom,47.4668,0.0,icmp,1593163020,2020-06-26 09:17:00+00:00
232851543,jinan-telecom,wuhan-telecom,39.6524,0.0,icmp,1593163159,2020-06-26 09:19:19+00:00
232851770,jinan-telecom,wuhan-telecom,47.6231,0.0,icmp,1593163260,2020-06-26 09:21:00+00:00
232851947,jinan-telecom,wuhan-telecom,46.8691,0.0,icmp,1593163380,2020-06-26 09:23:00+00:00
232852193,jinan-telecom,wuhan-telecom,47.0605,0.0,icmp,1593163500,2020-06-26 09:25:00+00:00
232852440,jinan-telecom,wuhan-telecom,45.723,0.0,icmp,1593163620,2020-06-26 09:27:00+00:00
232852651,jinan-telecom,wuhan-telecom,47.9351,0.0,icmp,1593163740,2020-06-26 09:29:00+00:00
232852900,jinan-telecom,wuhan-telecom,47.723,0.0,icmp,1593163860,2020-06-26 09:31:00+00:00
232853106,jinan-telecom,wuhan-telecom,48.2352,0.0,icmp,1593163980,2020-06-26 09:33:00+00:00
232853332,jinan-telecom,wuhan-telecom,39.6401,0.0,icmp,1593164059,2020-06-26 09:34:19+00:00
232853547,jinan-telecom,wuhan-telecom,48.6097,0.0,icmp,1593164220,2020-06-26 09:37:00+00:00
232853776,jinan-telecom,wuhan-telecom,47.0554,0.0,icmp,1593164340,2020-06-26 09:39:00+00:00
232854020,jinan-telecom,wuhan-telecom,39.395,0.0,icmp,1593164479,2020-06-26 09:41:19+00:00
232854218,jinan-telecom,wuhan-telecom,47.7107,0.0,icmp,1593164580,2020-06-26 09:43:00+00:00
232854456,jinan-telecom,wuhan-telecom,47.8403,0.0,icmp,1593164700,2020-06-26 09:45:00+00:00
232854652,jinan-telecom,wuhan-telecom,47.6494,0.0,icmp,1593164820,2020-06-26 09:47:00+00:00
232854912,jinan-telecom,wuhan-telecom,49.3843,0.0,icmp,1593164940,2020-06-26 09:49:00+00:00
232855146,jinan-telecom,wuhan-telecom,47.2796,0.0,icmp,1593165060,2020-06-26 09:51:00+00:00
232855348,jinan-telecom,wuhan-telecom,45.6285,0.0,icmp,1593165180,2020-06-26 09:53:00+00:00
232855600,jinan-telecom,wuhan-telecom,39.404,0.0,icmp,1593165319,2020-06-26 09:55:19+00:00
232855797,jinan-telecom,wuhan-telecom,48.1567,0.0,icmp,1593165420,2020-06-26 09:57:00+00:00
232856008,jinan-telecom,wuhan-telecom,45.2747,0.0,icmp,1593165540,2020-06-26 09:59:00+00:00
232856245,jinan-telecom,wuhan-telecom,45.8524,0.0,icmp,1593165660,2020-06-26 10:01:00+00:00
232856494,jinan-telecom,wuhan-telecom,45.4305,0.0,icmp,1593165780,2020-06-26 10:03:00+00:00
232856695,jinan-telecom,wuhan-telecom,46.4164,0.0,icmp,1593165900,2020-06-26 10:05:00+00:00
232856943,jinan-telecom,wuhan-telecom,39.3372,0.0,icmp,1593166039,2020-06-26 10:07:19+00:00
232857148,jinan-telecom,wuhan-telecom,48.2119,0.0,icmp,1593166140,2020-06-26 10:09:00+00:00
232857389,jinan-telecom,wuhan-telecom,39.4011,0.0,icmp,1593166219,2020-06-26 10:10:19+00:00
232857604,jinan-telecom,wuhan-telecom,39.5973,0.0,icmp,1593166399,2020-06-26 10:13:19+00:00
232857803,jinan-telecom,wuhan-telecom,47.7289,0.0,icmp,1593166500,2020-06-26 10:15:00+00:00
232858061,jinan-telecom,wuhan-telecom,39.5525,0.0,icmp,1593166579,2020-06-26 10:16:19+00:00
232858309,jinan-telecom,wuhan-telecom,39.3964,0.0,icmp,1593166759,2020-06-26 10:19:19+00:00
232858488,jinan-telecom,wuhan-telecom,48.4261,0.0,icmp,1593166860,2020-06-26 10:21:00+00:00
232858747,jinan-telecom,wuhan-telecom,47.4336,0.0,icmp,1593166980,2020-06-26 10:23:00+00:00
232858964,jinan-telecom,wuhan-telecom,48.6567,0.0,icmp,1593167100,2020-06-26 10:25:00+00:00
232859195,jinan-telecom,wuhan-telecom,39.3191,0.0,icmp,1593167239,2020-06-26 10:27:19+00:00
232859398,jinan-telecom,wuhan-telecom,46.6741,0.0,icmp,1593167340,2020-06-26 10:29:00+00:00
232859602,jinan-telecom,wuhan-telecom,48.8594,0.0,icmp,1593167460,2020-06-26 10:31:00+00:00
232859848,jinan-telecom,wuhan-telecom,48.2919,0.0,icmp,1593167580,2020-06-26 10:33:00+00:00
232860096,jinan-telecom,wuhan-telecom,48.169,0.0,icmp,1593167700,2020-06-26 10:35:00+00:00
232860311,jinan-telecom,wuhan-telecom,49.5044,0.0,icmp,1593167820,2020-06-26 10:37:00+00:00
232860519,jinan-telecom,wuhan-telecom,48.3573,0.0,icmp,1593167940,2020-06-26 10:39:00+00:00
232860753,jinan-telecom,wuhan-telecom,44.239,0.0,icmp,1593168060,2020-06-26 10:41:00+00:00
232860970,jinan-telecom,wuhan-telecom,48.4115,0.0,icmp,1593168180,2020-06-26 10:43:00+00:00
232861203,jinan-telecom,wuhan-telecom,46.1645,0.0,icmp,1593168300,2020-06-26 10:45:00+00:00
232861421,jinan-telecom,wuhan-telecom,47.9139,0.0,icmp,1593168420,2020-06-26 10:47:00+00:00
232861644,jinan-telecom,wuhan-telecom,39.5484,0.0,icmp,1593168499,2020-06-26 10:48:19+00:00
232861884,jinan-telecom,wuhan-telecom,42.32,0.0,icmp,1593168604,2020-06-26 10:50:04+00:00
232862124,jinan-telecom,wuhan-telecom,41.2026,0.0,icmp,1593168780,2020-06-26 10:53:00+00:00
232862349,jinan-telecom,wuhan-telecom,45.4244,0.0,icmp,1593168900,2020-06-26 10:55:00+00:00
232862556,jinan-telecom,wuhan-telecom,39.4213,0.0,icmp,1593168979,2020-06-26 10:56:19+00:00
232862770,jinan-telecom,wuhan-telecom,39.3548,0.0,icmp,1593169099,2020-06-26 10:58:19+00:00
232863002,jinan-telecom,wuhan-telecom,39.5337,0.0,icmp,1593169219,2020-06-26 11:00:19+00:00
232863237,jinan-telecom,wuhan-telecom,46.3734,0.0,icmp,1593169380,2020-06-26 11:03:00+00:00
232863460,jinan-telecom,wuhan-telecom,47.9186,0.0,icmp,1593169500,2020-06-26 11:05:00+00:00
232863675,jinan-telecom,wuhan-telecom,41.7184,0.0,icmp,1593169620,2020-06-26 11:07:00+00:00
232863905,jinan-telecom,wuhan-telecom,45.9094,0.0,icmp,1593169740,2020-06-26 11:09:00+00:00
232864119,jinan-telecom,wuhan-telecom,48.3723,0.0,icmp,1593169860,2020-06-26 11:11:00+00:00
232864354,jinan-telecom,wuhan-telecom,46.1734,0.0,icmp,1593169980,2020-06-26 11:13:00+00:00
232864591,jinan-telecom,wuhan-telecom,39.3352,0.0,icmp,1593170119,2020-06-26 11:15:19+00:00
232864795,jinan-telecom,wuhan-telecom,46.5653,0.0,icmp,1593170220,2020-06-26 11:17:00+00:00
232865032,jinan-telecom,wuhan-telecom,39.405,0.0,icmp,1593170359,2020-06-26 11:19:19+00:00
232865247,jinan-telecom,wuhan-telecom,48.1282,0.0,icmp,1593170460,2020-06-26 11:21:00+00:00
232865510,jinan-telecom,wuhan-telecom,47.5924,0.0,icmp,1593170580,2020-06-26 11:23:00+00:00
232865707,jinan-telecom,wuhan-telecom,39.4616,0.0,icmp,1593170659,2020-06-26 11:24:19+00:00
232865917,jinan-telecom,wuhan-telecom,47.1288,0.0,icmp,1593170820,2020-06-26 11:27:00+00:00
232866165,jinan-telecom,wuhan-telecom,47.2492,0.0,icmp,1593170940,2020-06-26 11:29:00+00:00
232866408,jinan-telecom,wuhan-telecom,47.7538,0.0,icmp,1593171060,2020-06-26 11:31:00+00:00
232866597,jinan-telecom,wuhan-telecom,46.5991,0.0,icmp,1593171180,2020-06-26 11:33:00+00:00
232866832,jinan-telecom,wuhan-telecom,49.1098,0.0,icmp,1593171300,2020-06-26 11:35:00+00:00
232867050,jinan-telecom,wuhan-telecom,46.8384,0.0,icmp,1593171420,2020-06-26 11:37:00+00:00
232867278,jinan-telecom,wuhan-telecom,46.2234,0.0,icmp,1593171540,2020-06-26 11:39:00+00:00
238385715,jinan-telecom,wuhan-telecom,45.2471,0.0,icmp,1592858880,2020-06-22 20:48:00+00:00
238385929,jinan-telecom,wuhan-telecom,46.657,0.0,icmp,1592859000,2020-06-22 20:50:00+00:00
238386174,jinan-telecom,wuhan-telecom,39.5327,0.0,icmp,1592859139,2020-06-22 20:52:19+00:00
238386401,jinan-telecom,wuhan-telecom,42.8411,0.0,icmp,1592859240,2020-06-22 20:54:00+00:00
238386616,jinan-telecom,wuhan-telecom,39.3081,0.0,icmp,1592859379,2020-06-22 20:56:19+00:00
238386838,jinan-telecom,wuhan-telecom,46.042,0.0,icmp,1592859480,2020-06-22 20:58:00+00:00
238387063,jinan-telecom,wuhan-telecom,47.0615,0.0,icmp,1592859600,2020-06-22 21:00:00+00:00
238387283,jinan-telecom,wuhan-telecom,47.1692,0.0,icmp,1592859720,2020-06-22 21:02:00+00:00
238387534,jinan-telecom,wuhan-telecom,44.0214,0.0,icmp,1592859840,2020-06-22 21:04:00+00:00
238387760,jinan-telecom,wuhan-telecom,44.603,0.0,icmp,1592859960,2020-06-22 21:06:00+00:00
238387970,jinan-telecom,wuhan-telecom,39.2818,0.0,icmp,1592860099,2020-06-22 21:08:19+00:00
238388184,jinan-telecom,wuhan-telecom,47.5598,0.0,icmp,1592860200,2020-06-22 21:10:00+00:00
238388441,jinan-telecom,wuhan-telecom,39.364,0.0,icmp,1592860339,2020-06-22 21:12:19+00:00
238388683,jinan-telecom,wuhan-telecom,45.4904,0.0,icmp,1592860440,2020-06-22 21:14:00+00:00
238388895,jinan-telecom,wuhan-telecom,47.5347,0.0,icmp,1592860560,2020-06-22 21:16:00+00:00
238389130,jinan-telecom,wuhan-telecom,39.5187,0.0,icmp,1592860699,2020-06-22 21:18:19+00:00
238389352,jinan-telecom,wuhan-telecom,41.1269,0.0,icmp,1592860800,2020-06-22 21:20:00+00:00
238389565,jinan-telecom,wuhan-telecom,47.5466,0.0,icmp,1592860920,2020-06-22 21:22:00+00:00
238389797,jinan-telecom,wuhan-telecom,45.9834,0.0,icmp,1592861040,2020-06-22 21:24:00+00:00
238390018,jinan-telecom,wuhan-telecom,46.6285,0.0,icmp,1592861160,2020-06-22 21:26:00+00:00
238390252,jinan-telecom,wuhan-telecom,47.044,0.0,icmp,1592861280,2020-06-22 21:28:00+00:00
238390476,jinan-telecom,wuhan-telecom,50.2132,0.0,icmp,1592861400,2020-06-22 21:30:00+00:00
238390705,jinan-telecom,wuhan-telecom,45.074,0.0,icmp,1592861520,2020-06-22 21:32:00+00:00
238390939,jinan-telecom,wuhan-telecom,44.0161,0.0,icmp,1592861640,2020-06-22 21:34:00+00:00
238391158,jinan-telecom,wuhan-telecom,50.3676,0.0,icmp,1592861760,2020-06-22 21:36:00+00:00
238391368,jinan-telecom,wuhan-telecom,45.8886,0.0,icmp,1592861880,2020-06-22 21:38:00+00:00
238391600,jinan-telecom,wuhan-telecom,46.2273,0.0,icmp,1592862000,2020-06-22 21:40:00+00:00
238391834,jinan-telecom,wuhan-telecom,46.2081,0.0,icmp,1592862120,2020-06-22 21:42:00+00:00
238392051,jinan-telecom,wuhan-telecom,45.3163,0.0,icmp,1592862240,2020-06-22 21:44:00+00:00
238392270,jinan-telecom,wuhan-telecom,39.3654,0.0,icmp,1592862379,2020-06-22 21:46:19+00:00
238392508,jinan-telecom,wuhan-telecom,45.6572,0.0,icmp,1592862480,2020-06-22 21:48:00+00:00
238392730,jinan-telecom,wuhan-telecom,42.6308,0.0,icmp,1592862600,2020-06-22 21:50:00+00:00
238392957,jinan-telecom,wuhan-telecom,48.5202,0.0,icmp,1592862720,2020-06-22 21:52:00+00:00
238393195,jinan-telecom,wuhan-telecom,46.9289,0.0,icmp,1592862840,2020-06-22 21:54:00+00:00
238393416,jinan-telecom,wuhan-telecom,44.1996,0.0,icmp,1592862960,2020-06-22 21:56:00+00:00
238393655,jinan-telecom,wuhan-telecom,39.306,0.0,icmp,1592863099,2020-06-22 21:58:19+00:00
238393877,jinan-telecom,wuhan-telecom,46.8976,0.0,icmp,1592863200,2020-06-22 22:00:00+00:00
238394110,jinan-telecom,wuhan-telecom,39.335,0.0,icmp,1592863339,2020-06-22 22:02:19+00:00
238394346,jinan-telecom,wuhan-telecom,45.56,0.0,icmp,1592863440,2020-06-22 22:04:00+00:00
238394543,jinan-telecom,wuhan-telecom,39.3436,0.0,icmp,1592863519,2020-06-22 22:05:19+00:00
238394786,jinan-telecom,wuhan-telecom,44.9338,0.0,icmp,1592863680,2020-06-22 22:08:00+00:00
238395025,jinan-telecom,wuhan-telecom,46.4709,0.0,icmp,1592863800,2020-06-22 22:10:00+00:00
238395236,jinan-telecom,wuhan-telecom,44.7066,0.0,icmp,1592863920,2020-06-22 22:12:00+00:00
238395479,jinan-telecom,wuhan-telecom,39.3543,0.0,icmp,1592863999,2020-06-22 22:13:19+00:00
238395686,jinan-telecom,wuhan-telecom,45.4712,0.0,icmp,1592864160,2020-06-22 22:16:00+00:00
238395911,jinan-telecom,wuhan-telecom,48.6844,0.0,icmp,1592864280,2020-06-22 22:18:00+00:00
238396136,jinan-telecom,wuhan-telecom,39.3525,0.0,icmp,1592864419,2020-06-22 22:20:19+00:00
238396377,jinan-telecom,wuhan-telecom,46.5864,0.0,icmp,1592864520,2020-06-22 22:22:00+00:00
238396598,jinan-telecom,wuhan-telecom,45.5046,0.0,icmp,1592864640,2020-06-22 22:24:00+00:00
238396846,jinan-telecom,wuhan-telecom,45.5251,0.0,icmp,1592864760,2020-06-22 22:26:00+00:00
238397057,jinan-telecom,wuhan-telecom,45.6898,0.0,icmp,1592864880,2020-06-22 22:28:00+00:00
238397283,jinan-telecom,wuhan-telecom,46.4719,0.0,icmp,1592865000,2020-06-22 22:30:00+00:00
238397516,jinan-telecom,wuhan-telecom,45.1855,0.0,icmp,1592865120,2020-06-22 22:32:00+00:00
238397732,jinan-telecom,wuhan-telecom,45.2574,0.0,icmp,1592865240,2020-06-22 22:34:00+00:00
238397973,jinan-telecom,wuhan-telecom,39.4947,0.0,icmp,1592865319,2020-06-22 22:35:19+00:00
238398187,jinan-telecom,wuhan-telecom,40.6345,0.0,icmp,1592865480,2020-06-22 22:38:00+00:00
238398424,jinan-telecom,wuhan-telecom,46.8167,0.0,icmp,1592865600,2020-06-22 22:40:00+00:00
238398648,jinan-telecom,wuhan-telecom,47.8946,0.0,icmp,1592865720,2020-06-22 22:42:00+00:00
238398883,jinan-telecom,wuhan-telecom,47.8953,0.0,icmp,1592865840,2020-06-22 22:44:00+00:00
238399112,jinan-telecom,wuhan-telecom,39.3486,0.0,icmp,1592865979,2020-06-22 22:46:19+00:00
238399331,jinan-telecom,wuhan-telecom,48.3016,0.0,icmp,1592866080,2020-06-22 22:48:00+00:00
238399562,jinan-telecom,wuhan-telecom,46.2668,0.0,icmp,1592866200,2020-06-22 22:50:00+00:00
238399784,jinan-telecom,wuhan-telecom,46.7853,0.0,icmp,1592866320,2020-06-22 22:52:00+00:00
238400029,jinan-telecom,wuhan-telecom,46.9606,0.0,icmp,1592866440,2020-06-22 22:54:00+00:00
238400236,jinan-telecom,wuhan-telecom,47.672,0.0,icmp,1592866560,2020-06-22 22:56:00+00:00
238400457,jinan-telecom,wuhan-telecom,46.6266,0.0,icmp,1592866680,2020-06-22 22:58:00+00:00
238400681,jinan-telecom,wuhan-telecom,43.222,0.0,icmp,1592866800,2020-06-22 23:00:00+00:00
238400926,jinan-telecom,wuhan-telecom,47.5631,0.0,icmp,1592866920,2020-06-22 23:02:00+00:00
238401142,jinan-telecom,wuhan-telecom,44.656,0.0,icmp,1592867040,2020-06-22 23:04:00+00:00
238401382,jinan-telecom,wuhan-telecom,39.3575,0.0,icmp,1592867179,2020-06-22 23:06:19+00:00
238401600,jinan-telecom,wuhan-telecom,46.896,0.0,icmp,1592867280,2020-06-22 23:08:00+00:00
238401817,jinan-telecom,wuhan-telecom,43.8565,0.0,icmp,1592867400,2020-06-22 23:10:00+00:00
238402058,jinan-telecom,wuhan-telecom,46.4063,0.0,icmp,1592867520,2020-06-22 23:12:00+00:00
238402279,jinan-telecom,wuhan-telecom,48.2123,0.0,icmp,1592867640,2020-06-22 23:14:00+00:00
238402511,jinan-telecom,wuhan-telecom,48.0992,0.0,icmp,1592867760,2020-06-22 23:16:00+00:00
238402733,jinan-telecom,wuhan-telecom,46.6172,0.0,icmp,1592867880,2020-06-22 23:18:00+00:00
238402957,jinan-telecom,wuhan-telecom,46.238,0.0,icmp,1592868000,2020-06-22 23:20:00+00:00
238403185,jinan-telecom,wuhan-telecom,39.4873,0.0,icmp,1592868079,2020-06-22 23:21:19+00:00
238403425,jinan-telecom,wuhan-telecom,39.5648,0.0,icmp,1592868259,2020-06-22 23:24:19+00:00
238403637,jinan-telecom,wuhan-telecom,53.2365,0.0,icmp,1592868360,2020-06-22 23:26:00+00:00
238403874,jinan-telecom,wuhan-telecom,47.9397,0.0,icmp,1592868480,2020-06-22 23:28:00+00:00
238404081,jinan-telecom,wuhan-telecom,50.084,0.0,icmp,1592868600,2020-06-22 23:30:00+00:00
238404312,jinan-telecom,wuhan-telecom,47.3079,0.0,icmp,1592868720,2020-06-22 23:32:00+00:00
238404545,jinan-telecom,wuhan-telecom,45.2751,0.0,icmp,1592868840,2020-06-22 23:34:00+00:00
238404791,jinan-telecom,wuhan-telecom,46.4994,0.0,icmp,1592868960,2020-06-22 23:36:00+00:00
238405007,jinan-telecom,wuhan-telecom,46.9067,0.0,icmp,1592869080,2020-06-22 23:38:00+00:00
238405230,jinan-telecom,wuhan-telecom,39.3238,0.0,icmp,1592869219,2020-06-22 23:40:19+00:00
238405449,jinan-telecom,wuhan-telecom,41.5955,0.0,icmp,1592869320,2020-06-22 23:42:00+00:00
238405693,jinan-telecom,wuhan-telecom,39.3585,0.0,icmp,1592869459,2020-06-22 23:44:19+00:00
238405897,jinan-telecom,wuhan-telecom,39.5348,0.0,icmp,1592869579,2020-06-22 23:46:19+00:00
238406131,jinan-telecom,wuhan-telecom,49.5562,0.0,icmp,1592869680,2020-06-22 23:48:00+00:00
238406356,jinan-telecom,wuhan-telecom,42.3708,0.0,icmp,1592869800,2020-06-22 23:50:00+00:00
238406618,jinan-telecom,wuhan-telecom,39.3444,0.0,icmp,1592869939,2020-06-22 23:52:19+00:00
238406811,jinan-telecom,wuhan-telecom,49.0779,0.0,icmp,1592870040,2020-06-22 23:54:00+00:00
238407031,jinan-telecom,wuhan-telecom,39.6856,0.0,icmp,1592870179,2020-06-22 23:56:19+00:00
238407258,jinan-telecom,wuhan-telecom,45.9157,0.0,icmp,1592870280,2020-06-22 23:58:00+00:00
238407511,jinan-telecom,wuhan-telecom,48.2407,0.0,icmp,1592870400,2020-06-23 00:00:00+00:00
238407719,jinan-telecom,wuhan-telecom,47.3148,0.0,icmp,1592870520,2020-06-23 00:02:00+00:00
238407968,jinan-telecom,wuhan-telecom,47.6988,0.0,icmp,1592870640,2020-06-23 00:04:00+00:00
238408182,jinan-telecom,wuhan-telecom,40.2378,0.0,icmp,1592870760,2020-06-23 00:06:00+00:00
238408403,jinan-telecom,wuhan-telecom,44.8462,0.0,icmp,1592870880,2020-06-23 00:08:00+00:00
238408640,jinan-telecom,wuhan-telecom,46.0973,0.0,icmp,1592871000,2020-06-23 00:10:00+00:00
238408851,jinan-telecom,wuhan-telecom,45.6515,0.0,icmp,1592871120,2020-06-23 00:12:00+00:00
238409095,jinan-telecom,wuhan-telecom,45.4941,0.0,icmp,1592871240,2020-06-23 00:14:00+00:00
238409309,jinan-telecom,wuhan-telecom,46.1682,0.0,icmp,1592871360,2020-06-23 00:16:00+00:00
238409535,jinan-telecom,wuhan-telecom,46.488,0.0,icmp,1592871480,2020-06-23 00:18:00+00:00
238409759,jinan-telecom,wuhan-telecom,46.467,0.0,icmp,1592871600,2020-06-23 00:20:00+00:00
238409988,jinan-telecom,wuhan-telecom,39.3437,0.0,icmp,1592871679,2020-06-23 00:21:19+00:00
238410227,jinan-telecom,wuhan-telecom,48.5673,0.0,icmp,1592871840,2020-06-23 00:24:00+00:00
238410447,jinan-telecom,wuhan-telecom,48.2181,0.0,icmp,1592871960,2020-06-23 00:26:00+00:00
238410670,jinan-telecom,wuhan-telecom,48.0579,0.0,icmp,1592872080,2020-06-23 00:28:00+00:00
238410925,jinan-telecom,wuhan-telecom,45.6979,0.0,icmp,1592872200,2020-06-23 00:30:00+00:00
238411134,jinan-telecom,wuhan-telecom,44.1546,0.0,icmp,1592872320,2020-06-23 00:32:00+00:00
238411357,jinan-telecom,wuhan-telecom,47.5429,0.0,icmp,1592872440,2020-06-23 00:34:00+00:00
238411596,jinan-telecom,wuhan-telecom,39.9229,0.0,icmp,1592872561,2020-06-23 00:36:01+00:00
238411822,jinan-telecom,wuhan-telecom,50.2725,0.0,icmp,1592872680,2020-06-23 00:38:00+00:00
238412037,jinan-telecom,wuhan-telecom,45.7436,0.0,icmp,1592872800,2020-06-23 00:40:00+00:00
238412262,jinan-telecom,wuhan-telecom,47.6979,0.0,icmp,1592872920,2020-06-23 00:42:00+00:00
238412460,jinan-telecom,wuhan-telecom,47.2791,0.0,icmp,1592873040,2020-06-23 00:44:00+00:00
238412712,jinan-telecom,wuhan-telecom,49.057,0.0,icmp,1592873160,2020-06-23 00:46:00+00:00
238412938,jinan-telecom,wuhan-telecom,46.7082,0.0,icmp,1592873280,2020-06-23 00:48:00+00:00
238413181,jinan-telecom,wuhan-telecom,39.352,0.0,icmp,1592873359,2020-06-23 00:49:19+00:00
238413400,jinan-telecom,wuhan-telecom,44.503,0.0,icmp,1592873520,2020-06-23 00:52:00+00:00
238413625,jinan-telecom,wuhan-telecom,46.2715,0.0,icmp,1592873640,2020-06-23 00:54:00+00:00
238413849,jinan-telecom,wuhan-telecom,44.453,0.0,icmp,1592873760,2020-06-23 00:56:00+00:00
238414071,jinan-telecom,wuhan-telecom,47.9545,0.0,icmp,1592873880,2020-06-23 00:58:00+00:00
238414321,jinan-telecom,wuhan-telecom,47.3522,0.0,icmp,1592874000,2020-06-23 01:00:00+00:00
238414533,jinan-telecom,wuhan-telecom,40.7736,0.0,icmp,1592874120,2020-06-23 01:02:00+00:00
238414768,jinan-telecom,wuhan-telecom,43.6118,0.0,icmp,1592874240,2020-06-23 01:04:00+00:00
238414986,jinan-telecom,wuhan-telecom,39.4478,0.0,icmp,1592874365,2020-06-23 01:06:05+00:00
238415225,jinan-telecom,wuhan-telecom,45.8641,0.0,icmp,1592874480,2020-06-23 01:08:00+00:00
238415445,jinan-telecom,wuhan-telecom,45.862,0.0,icmp,1592874600,2020-06-23 01:10:00+00:00
238415694,jinan-telecom,wuhan-telecom,49.0802,0.0,icmp,1592874720,2020-06-23 01:12:00+00:00
238415893,jinan-telecom,wuhan-telecom,39.4672,0.0,icmp,1592874859,2020-06-23 01:14:19+00:00
238416119,jinan-telecom,wuhan-telecom,46.2081,0.0,icmp,1592874960,2020-06-23 01:16:00+00:00
238416338,jinan-telecom,wuhan-telecom,39.3363,0.0,icmp,1592875039,2020-06-23 01:17:19+00:00
238416581,jinan-telecom,wuhan-telecom,39.5421,0.0,icmp,1592875159,2020-06-23 01:19:19+00:00
238416791,jinan-telecom,wuhan-telecom,46.8101,0.0,icmp,1592875320,2020-06-23 01:22:00+00:00
238417027,jinan-telecom,wuhan-telecom,50.2625,0.0,icmp,1592875440,2020-06-23 01:24:00+00:00
238417257,jinan-telecom,wuhan-telecom,46.6761,0.0,icmp,1592875560,2020-06-23 01:26:00+00:00
238417508,jinan-telecom,wuhan-telecom,39.5958,0.0,icmp,1592875699,2020-06-23 01:28:19+00:00
238417707,jinan-telecom,wuhan-telecom,44.6148,0.0,icmp,1592875800,2020-06-23 01:30:00+00:00
238417941,jinan-telecom,wuhan-telecom,46.5483,0.0,icmp,1592875920,2020-06-23 01:32:00+00:00
238418156,jinan-telecom,wuhan-telecom,46.9432,0.0,icmp,1592876040,2020-06-23 01:34:00+00:00
238418397,jinan-telecom,wuhan-telecom,42.3169,0.0,icmp,1592876160,2020-06-23 01:36:00+00:00
238418617,jinan-telecom,wuhan-telecom,47.4233,0.0,icmp,1592876280,2020-06-23 01:38:00+00:00
238418875,jinan-telecom,wuhan-telecom,46.0085,0.0,icmp,1592876400,2020-06-23 01:40:00+00:00
238419087,jinan-telecom,wuhan-telecom,45.8127,0.0,icmp,1592876520,2020-06-23 01:42:00+00:00
238419297,jinan-telecom,wuhan-telecom,39.4891,0.0,icmp,1592876599,2020-06-23 01:43:19+00:00
238419520,jinan-telecom,wuhan-telecom,50.456,0.0,icmp,1592876760,2020-06-23 01:46:00+00:00
238419746,jinan-telecom,wuhan-telecom,39.3809,0.0,icmp,1592876899,2020-06-23 01:48:19+00:00
238419974,jinan-telecom,wuhan-telecom,40.7382,0.0,icmp,1592877000,2020-06-23 01:50:00+00:00
238420201,jinan-telecom,wuhan-telecom,39.3439,0.0,icmp,1592877079,2020-06-23 01:51:19+00:00
238420453,jinan-telecom,wuhan-telecom,39.3145,0.0,icmp,1592877259,2020-06-23 01:54:19+00:00
238420670,jinan-telecom,wuhan-telecom,48.4528,0.0,icmp,1592877360,2020-06-23 01:56:00+00:00
238420890,jinan-telecom,wuhan-telecom,44.9304,0.0,icmp,1592877480,2020-06-23 01:58:00+00:00
238421116,jinan-telecom,wuhan-telecom,47.099,0.0,icmp,1592877600,2020-06-23 02:00:00+00:00
238421353,jinan-telecom,wuhan-telecom,46.519,0.0,icmp,1592877720,2020-06-23 02:02:00+00:00
238421579,jinan-telecom,wuhan-telecom,46.1189,0.0,icmp,1592877840,2020-06-23 02:04:00+00:00
238421798,jinan-telecom,wuhan-telecom,47.2693,0.0,icmp,1592877960,2020-06-23 02:06:00+00:00
238422028,jinan-telecom,wuhan-telecom,45.5781,0.0,icmp,1592878080,2020-06-23 02:08:00+00:00
238422234,jinan-telecom,wuhan-telecom,45.1542,0.0,icmp,1592878200,2020-06-23 02:10:00+00:00
238422489,jinan-telecom,wuhan-telecom,41.3073,0.0,icmp,1592878320,2020-06-23 02:12:00+00:00
238422720,jinan-telecom,wuhan-telecom,47.9982,0.0,icmp,1592878440,2020-06-23 02:14:00+00:00
238422923,jinan-telecom,wuhan-telecom,43.244,0.0,icmp,1592878560,2020-06-23 02:16:00+00:00
238423151,jinan-telecom,wuhan-telecom,48.0551,0.0,icmp,1592878680,2020-06-23 02:18:00+00:00
238423386,jinan-telecom,wuhan-telecom,47.3486,0.0,icmp,1592878800,2020-06-23 02:20:00+00:00
238423605,jinan-telecom,wuhan-telecom,47.5617,0.0,icmp,1592878920,2020-06-23 02:22:00+00:00
238423856,jinan-telecom,wuhan-telecom,39.332,0.0,icmp,1592879059,2020-06-23 02:24:19+00:00
238424058,jinan-telecom,wuhan-telecom,48.5006,0.0,icmp,1592879160,2020-06-23 02:26:00+00:00
238424314,jinan-telecom,wuhan-telecom,45.6895,0.0,icmp,1592879280,2020-06-23 02:28:00+00:00
238424528,jinan-telecom,wuhan-telecom,47.2641,0.0,icmp,1592879400,2020-06-23 02:30:00+00:00
238424751,jinan-telecom,wuhan-telecom,39.3666,0.0,icmp,1592879539,2020-06-23 02:32:19+00:00
238424969,jinan-telecom,wuhan-telecom,39.3659,0.0,icmp,1592879659,2020-06-23 02:34:19+00:00
238425202,jinan-telecom,wuhan-telecom,47.5879,0.0,icmp,1592879760,2020-06-23 02:36:00+00:00
238425432,jinan-telecom,wuhan-telecom,45.5972,0.0,icmp,1592879880,2020-06-23 02:38:00+00:00
238425672,jinan-telecom,wuhan-telecom,48.8818,0.0,icmp,1592880000,2020-06-23 02:40:00+00:00
238425900,jinan-telecom,wuhan-telecom,46.0452,0.0,icmp,1592880120,2020-06-23 02:42:00+00:00
238426091,jinan-telecom,wuhan-telecom,46.6114,0.0,icmp,1592880240,2020-06-23 02:44:00+00:00
238426347,jinan-telecom,wuhan-telecom,44.142,0.0,icmp,1592880360,2020-06-23 02:46:00+00:00
238426567,jinan-telecom,wuhan-telecom,39.4286,0.0,icmp,1592880439,2020-06-23 02:47:19+00:00
238426786,jinan-telecom,wuhan-telecom,39.7022,0.0,icmp,1592880619,2020-06-23 02:50:19+00:00
238427011,jinan-telecom,wuhan-telecom,44.7673,0.0,icmp,1592880720,2020-06-23 02:52:00+00:00
238427239,jinan-telecom,wuhan-telecom,39.4593,0.0,icmp,1592880799,2020-06-23 02:53:19+00:00
238427460,jinan-telecom,wuhan-telecom,49.1799,0.0,icmp,1592880960,2020-06-23 02:56:00+00:00
238427690,jinan-telecom,wuhan-telecom,39.4551,0.0,icmp,1592881039,2020-06-23 02:57:19+00:00
238427922,jinan-telecom,wuhan-telecom,39.3781,0.0,icmp,1592881219,2020-06-23 03:00:19+00:00
238428152,jinan-telecom,wuhan-telecom,48.241,0.0,icmp,1592881320,2020-06-23 03:02:00+00:00
238428373,jinan-telecom,wuhan-telecom,39.411,0.0,icmp,1592881459,2020-06-23 03:04:19+00:00
238428605,jinan-telecom,wuhan-telecom,45.1387,0.0,icmp,1592881560,2020-06-23 03:06:00+00:00
238428851,jinan-telecom,wuhan-telecom,48.1479,0.0,icmp,1592881680,2020-06-23 03:08:00+00:00
238429060,jinan-telecom,wuhan-telecom,48.3205,0.0,icmp,1592881800,2020-06-23 03:10:00+00:00
238429314,jinan-telecom,wuhan-telecom,39.3558,0.0,icmp,1592881879,2020-06-23 03:11:19+00:00
238429507,jinan-telecom,wuhan-telecom,42.6858,0.0,icmp,1592882040,2020-06-23 03:14:00+00:00
238429759,jinan-telecom,wuhan-telecom,39.4172,0.0,icmp,1592882119,2020-06-23 03:15:19+00:00
238429963,jinan-telecom,wuhan-telecom,49.5033,0.0,icmp,1592882280,2020-06-23 03:18:00+00:00
238430175,jinan-telecom,wuhan-telecom,45.1938,0.0,icmp,1592882400,2020-06-23 03:20:00+00:00
238430438,jinan-telecom,wuhan-telecom,43.9747,0.0,icmp,1592882520,2020-06-23 03:22:00+00:00
238430656,jinan-telecom,wuhan-telecom,41.4932,0.0,icmp,1592882640,2020-06-23 03:24:00+00:00
238430881,jinan-telecom,wuhan-telecom,49.3759,0.0,icmp,1592882760,2020-06-23 03:26:00+00:00
238431113,jinan-telecom,wuhan-telecom,39.5106,0.0,icmp,1592882839,2020-06-23 03:27:19+00:00
238431346,jinan-telecom,wuhan-telecom,46.1864,0.0,icmp,1592883000,2020-06-23 03:30:00+00:00
238431556,jinan-telecom,wuhan-telecom,46.9319,0.0,icmp,1592883120,2020-06-23 03:32:00+00:00
238431796,jinan-telecom,wuhan-telecom,45.3813,0.0,icmp,1592883240,2020-06-23 03:34:00+00:00
238432012,jinan-telecom,wuhan-telecom,45.3385,0.0,icmp,1592883360,2020-06-23 03:36:00+00:00
238432239,jinan-telecom,wuhan-telecom,45.6557,0.0,icmp,1592883480,2020-06-23 03:38:00+00:00
238432473,jinan-telecom,wuhan-telecom,48.2287,0.0,icmp,1592883600,2020-06-23 03:40:00+00:00
238432728,jinan-telecom,wuhan-telecom,39.4113,0.0,icmp,1592883679,2020-06-23 03:41:19+00:00
238432928,jinan-telecom,wuhan-telecom,46.3822,0.0,icmp,1592883840,2020-06-23 03:44:00+00:00
238433161,jinan-telecom,wuhan-telecom,43.7563,0.0,icmp,1592883960,2020-06-23 03:46:00+00:00
238433378,jinan-telecom,wuhan-telecom,45.1009,0.0,icmp,1592884080,2020-06-23 03:48:00+00:00
238433617,jinan-telecom,wuhan-telecom,43.5814,0.0,icmp,1592884200,2020-06-23 03:50:00+00:00
238433842,jinan-telecom,wuhan-telecom,46.9755,0.0,icmp,1592884320,2020-06-23 03:52:00+00:00
238434061,jinan-telecom,wuhan-telecom,46.716,0.0,icmp,1592884440,2020-06-23 03:54:00+00:00
238434295,jinan-telecom,wuhan-telecom,39.3613,0.0,icmp,1592884519,2020-06-23 03:55:19+00:00
238434533,jinan-telecom,wuhan-telecom,48.5351,0.0,icmp,1592884680,2020-06-23 03:58:00+00:00
238434765,jinan-telecom,wuhan-telecom,44.8587,0.0,icmp,1592884800,2020-06-23 04:00:00+00:00
238435001,jinan-telecom,wuhan-telecom,46.0798,0.0,icmp,1592884920,2020-06-23 04:02:00+00:00
238435213,jinan-telecom,wuhan-telecom,47.6544,0.0,icmp,1592885040,2020-06-23 04:04:00+00:00
238435438,jinan-telecom,wuhan-telecom,45.2305,0.0,icmp,1592885160,2020-06-23 04:06:00+00:00
238435663,jinan-telecom,wuhan-telecom,45.049,0.0,icmp,1592885280,2020-06-23 04:08:00+00:00
238435894,jinan-telecom,wuhan-telecom,39.4151,0.0,icmp,1592885410,2020-06-23 04:10:10+00:00
238436115,jinan-telecom,wuhan-telecom,45.3228,0.0,icmp,1592885520,2020-06-23 04:12:00+00:00
238436356,jinan-telecom,wuhan-telecom,39.5229,0.0,icmp,1592885659,2020-06-23 04:14:19+00:00
238436591,jinan-telecom,wuhan-telecom,45.8777,0.0,icmp,1592885760,2020-06-23 04:16:00+00:00
238436814,jinan-telecom,wuhan-telecom,44.6158,0.0,icmp,1592885880,2020-06-23 04:18:00+00:00
238437040,jinan-telecom,wuhan-telecom,46.7273,0.0,icmp,1592886000,2020-06-23 04:20:00+00:00
238437256,jinan-telecom,wuhan-telecom,40.7151,0.0,icmp,1592886120,2020-06-23 04:22:00+00:00
238437497,jinan-telecom,wuhan-telecom,44.8673,0.0,icmp,1592886240,2020-06-23 04:24:00+00:00
238437725,jinan-telecom,wuhan-telecom,45.5996,0.0,icmp,1592886360,2020-06-23 04:26:00+00:00
238437943,jinan-telecom,wuhan-telecom,48.4357,0.0,icmp,1592886480,2020-06-23 04:28:00+00:00
238438198,jinan-telecom,wuhan-telecom,45.4039,0.0,icmp,1592886600,2020-06-23 04:30:00+00:00
238438407,jinan-telecom,wuhan-telecom,45.1216,0.0,icmp,1592886720,2020-06-23 04:32:00+00:00
238438631,jinan-telecom,wuhan-telecom,44.9344,0.0,icmp,1592886840,2020-06-23 04:34:00+00:00
238438907,jinan-telecom,wuhan-telecom,47.4305,0.0,icmp,1592886960,2020-06-23 04:36:00+00:00
238439081,jinan-telecom,wuhan-telecom,40.6403,0.0,icmp,1592887080,2020-06-23 04:38:00+00:00
238439312,jinan-telecom,wuhan-telecom,48.1177,0.0,icmp,1592887200,2020-06-23 04:40:00+00:00
238439544,jinan-telecom,wuhan-telecom,48.5026,0.0,icmp,1592887320,2020-06-23 04:42:00+00:00
238439785,jinan-telecom,wuhan-telecom,39.3374,0.0,icmp,1592887459,2020-06-23 04:44:19+00:00
238440006,jinan-telecom,wuhan-telecom,46.2171,0.0,icmp,1592887560,2020-06-23 04:46:00+00:00
238440241,jinan-telecom,wuhan-telecom,48.1983,0.0,icmp,1592887680,2020-06-23 04:48:00+00:00
238440475,jinan-telecom,wuhan-telecom,39.3689,0.0,icmp,1592887759,2020-06-23 04:49:19+00:00
238440720,jinan-telecom,wuhan-telecom,46.7209,0.0,icmp,1592887920,2020-06-23 04:52:00+00:00
238440957,jinan-telecom,wuhan-telecom,39.4283,0.0,icmp,1592887999,2020-06-23 04:53:19+00:00
238441168,jinan-telecom,wuhan-telecom,51.4569,0.0,icmp,1592888160,2020-06-23 04:56:00+00:00
238441389,jinan-telecom,wuhan-telecom,39.3364,0.0,icmp,1592888299,2020-06-23 04:58:19+00:00
238441621,jinan-telecom,wuhan-telecom,41.4091,0.0,icmp,1592888404,2020-06-23 05:00:04+00:00
238441851,jinan-telecom,wuhan-telecom,43.4613,0.0,icmp,1592888520,2020-06-23 05:02:00+00:00
238442073,jinan-telecom,wuhan-telecom,44.0358,0.0,icmp,1592888640,2020-06-23 05:04:00+00:00
238442299,jinan-telecom,wuhan-telecom,39.5256,0.0,icmp,1592888704,2020-06-23 05:05:04+00:00
238442523,jinan-telecom,wuhan-telecom,39.7018,0.0,icmp,1592888839,2020-06-23 05:07:19+00:00
238442752,jinan-telecom,wuhan-telecom,39.3773,0.0,icmp,1592888959,2020-06-23 05:09:19+00:00
238442981,jinan-telecom,wuhan-telecom,47.6355,0.0,icmp,1592889120,2020-06-23 05:12:00+00:00
238443219,jinan-telecom,wuhan-telecom,48.8103,0.0,icmp,1592889240,2020-06-23 05:14:00+00:00
238443446,jinan-telecom,wuhan-telecom,46.0771,0.0,icmp,1592889360,2020-06-23 05:16:00+00:00
238443684,jinan-telecom,wuhan-telecom,47.2107,0.0,icmp,1592889480,2020-06-23 05:18:00+00:00
238443906,jinan-telecom,wuhan-telecom,46.0449,0.0,icmp,1592889600,2020-06-23 05:20:00+00:00
238444148,jinan-telecom,wuhan-telecom,45.4381,0.0,icmp,1592889720,2020-06-23 05:22:00+00:00
238444364,jinan-telecom,wuhan-telecom,39.3745,0.0,icmp,1592889859,2020-06-23 05:24:19+00:00
238444620,jinan-telecom,wuhan-telecom,43.2424,0.0,icmp,1592889960,2020-06-23 05:26:00+00:00
238444839,jinan-telecom,wuhan-telecom,47.7222,0.0,icmp,1592890080,2020-06-23 05:28:00+00:00
238445057,jinan-telecom,wuhan-telecom,40.9908,0.0,icmp,1592890200,2020-06-23 05:30:00+00:00
238445276,jinan-telecom,wuhan-telecom,46.5364,0.0,icmp,1592890320,2020-06-23 05:32:00+00:00
238445516,jinan-telecom,wuhan-telecom,39.3563,0.0,icmp,1592890399,2020-06-23 05:33:19+00:00
238445739,jinan-telecom,wuhan-telecom,47.4385,0.0,icmp,1592890560,2020-06-23 05:36:00+00:00
238445961,jinan-telecom,wuhan-telecom,45.7881,0.0,icmp,1592890680,2020-06-23 05:38:00+00:00
238446206,jinan-telecom,wuhan-telecom,47.82,0.0,icmp,1592890800,2020-06-23 05:40:00+00:00
238446443,jinan-telecom,wuhan-telecom,46.2067,0.0,icmp,1592890920,2020-06-23 05:42:00+00:00
238446674,jinan-telecom,wuhan-telecom,47.0535,0.0,icmp,1592891040,2020-06-23 05:44:00+00:00
238446871,jinan-telecom,wuhan-telecom,46.3532,0.0,icmp,1592891160,2020-06-23 05:46:00+00:00
238447099,jinan-telecom,wuhan-telecom,45.1561,0.0,icmp,1592891280,2020-06-23 05:48:00+00:00
238447342,jinan-telecom,wuhan-telecom,40.9608,0.0,icmp,1592891344,2020-06-23 05:49:04+00:00
238447572,jinan-telecom,wuhan-telecom,44.6452,0.0,icmp,1592891520,2020-06-23 05:52:00+00:00
238447782,jinan-telecom,wuhan-telecom,46.3201,0.0,icmp,1592891640,2020-06-23 05:54:00+00:00
238448035,jinan-telecom,wuhan-telecom,46.6547,0.0,icmp,1592891760,2020-06-23 05:56:00+00:00
238448260,jinan-telecom,wuhan-telecom,45.8515,0.0,icmp,1592891880,2020-06-23 05:58:00+00:00
238448472,jinan-telecom,wuhan-telecom,46.1502,0.0,icmp,1592892000,2020-06-23 06:00:00+00:00
238448741,jinan-telecom,wuhan-telecom,39.6333,0.0,icmp,1592892064,2020-06-23 06:01:04+00:00
238448939,jinan-telecom,wuhan-telecom,46.7893,0.0,icmp,1592892240,2020-06-23 06:04:00+00:00
238449177,jinan-telecom,wuhan-telecom,46.5613,0.0,icmp,1592892360,2020-06-23 06:06:00+00:00
238449396,jinan-telecom,wuhan-telecom,46.1708,0.0,icmp,1592892480,2020-06-23 06:08:00+00:00
238449631,jinan-telecom,wuhan-telecom,46.5419,0.0,icmp,1592892600,2020-06-23 06:10:00+00:00
238449861,jinan-telecom,wuhan-telecom,39.402,0.0,icmp,1592892679,2020-06-23 06:11:19+00:00
238450082,jinan-telecom,wuhan-telecom,46.5317,0.0,icmp,1592892840,2020-06-23 06:14:00+00:00
238450299,jinan-telecom,wuhan-telecom,44.6128,0.0,icmp,1592892960,2020-06-23 06:16:00+00:00
238450536,jinan-telecom,wuhan-telecom,49.4025,0.0,icmp,1592893080,2020-06-23 06:18:00+00:00
238450785,jinan-telecom,wuhan-telecom,39.3255,0.0,icmp,1592893219,2020-06-23 06:20:19+00:00
238451002,jinan-telecom,wuhan-telecom,47.0672,0.0,icmp,1592893320,2020-06-23 06:22:00+00:00
238451251,jinan-telecom,wuhan-telecom,41.348,0.0,icmp,1592893440,2020-06-23 06:24:00+00:00
238451453,jinan-telecom,wuhan-telecom,39.3758,0.0,icmp,1592893519,2020-06-23 06:25:19+00:00
238451685,jinan-telecom,wuhan-telecom,49.209,0.0,icmp,1592893680,2020-06-23 06:28:00+00:00
238451901,jinan-telecom,wuhan-telecom,46.3068,0.0,icmp,1592893800,2020-06-23 06:30:00+00:00
238452150,jinan-telecom,wuhan-telecom,39.3739,0.0,icmp,1592893939,2020-06-23 06:32:19+00:00
238452382,jinan-telecom,wuhan-telecom,45.7678,0.0,icmp,1592894040,2020-06-23 06:34:00+00:00
238452627,jinan-telecom,wuhan-telecom,46.4112,0.0,icmp,1592894160,2020-06-23 06:36:00+00:00
238452825,jinan-telecom,wuhan-telecom,46.746,0.0,icmp,1592894280,2020-06-23 06:38:00+00:00
238453056,jinan-telecom,wuhan-telecom,39.4121,0.0,icmp,1592894359,2020-06-23 06:39:19+00:00
238453293,jinan-telecom,wuhan-telecom,44.563,0.0,icmp,1592894520,2020-06-23 06:42:00+00:00
238453548,jinan-telecom,wuhan-telecom,49.8948,0.0,icmp,1592894640,2020-06-23 06:44:00+00:00
238453755,jinan-telecom,wuhan-telecom,41.0573,0.0,icmp,1592894760,2020-06-23 06:46:00+00:00
238453987,jinan-telecom,wuhan-telecom,43.3704,0.0,icmp,1592894880,2020-06-23 06:48:00+00:00
238454237,jinan-telecom,wuhan-telecom,47.2921,0.0,icmp,1592895000,2020-06-23 06:50:00+00:00
238454430,jinan-telecom,wuhan-telecom,39.6476,0.0,icmp,1592895079,2020-06-23 06:51:19+00:00
238454675,jinan-telecom,wuhan-telecom,39.6543,0.0,icmp,1592895199,2020-06-23 06:53:19+00:00
238454897,jinan-telecom,wuhan-telecom,39.3433,0.0,icmp,1592895379,2020-06-23 06:56:19+00:00
238455097,jinan-telecom,wuhan-telecom,46.0815,0.0,icmp,1592895480,2020-06-23 06:58:00+00:00
238455388,jinan-telecom,wuhan-telecom,46.93,0.0,icmp,1592895600,2020-06-23 07:00:00+00:00
238455586,jinan-telecom,wuhan-telecom,47.1133,0.0,icmp,1592895720,2020-06-23 07:02:00+00:00
238455797,jinan-telecom,wuhan-telecom,45.5864,0.0,icmp,1592895840,2020-06-23 07:04:00+00:00
238456040,jinan-telecom,wuhan-telecom,46.6432,0.0,icmp,1592895960,2020-06-23 07:06:00+00:00
238456259,jinan-telecom,wuhan-telecom,40.518,0.0,icmp,1592896080,2020-06-23 07:08:00+00:00
238456490,jinan-telecom,wuhan-telecom,46.4601,0.0,icmp,1592896200,2020-06-23 07:10:00+00:00
238456724,jinan-telecom,wuhan-telecom,48.4786,0.0,icmp,1592896320,2020-06-23 07:12:00+00:00
238456973,jinan-telecom,wuhan-telecom,44.7374,0.0,icmp,1592896440,2020-06-23 07:14:00+00:00
238457178,jinan-telecom,wuhan-telecom,46.6702,0.0,icmp,1592896560,2020-06-23 07:16:00+00:00
238457425,jinan-telecom,wuhan-telecom,45.0587,0.0,icmp,1592896680,2020-06-23 07:18:00+00:00
238457638,jinan-telecom,wuhan-telecom,39.8003,0.0,icmp,1592896800,2020-06-23 07:20:00+00:00
238457853,jinan-telecom,wuhan-telecom,49.4475,0.0,icmp,1592896920,2020-06-23 07:22:00+00:00
238458109,jinan-telecom,wuhan-telecom,44.5357,0.0,icmp,1592897040,2020-06-23 07:24:00+00:00
238458353,jinan-telecom,wuhan-telecom,45.6881,0.0,icmp,1592897160,2020-06-23 07:26:00+00:00
238458564,jinan-telecom,wuhan-telecom,45.2193,0.0,icmp,1592897280,2020-06-23 07:28:00+00:00
238458794,jinan-telecom,wuhan-telecom,45.8627,0.0,icmp,1592897400,2020-06-23 07:30:00+00:00
238459017,jinan-telecom,wuhan-telecom,39.388,0.0,icmp,1592897539,2020-06-23 07:32:19+00:00
238459238,jinan-telecom,wuhan-telecom,47.3791,0.0,icmp,1592897640,2020-06-23 07:34:00+00:00
238459471,jinan-telecom,wuhan-telecom,41.285,0.0,icmp,1592897760,2020-06-23 07:36:00+00:00
238459696,jinan-telecom,wuhan-telecom,39.369,0.0,icmp,1592897899,2020-06-23 07:38:19+00:00
238459932,jinan-telecom,wuhan-telecom,50.2929,0.0,icmp,1592898000,2020-06-23 07:40:00+00:00
238460179,jinan-telecom,wuhan-telecom,50.4389,0.0,icmp,1592898120,2020-06-23 07:42:00+00:00
238460386,jinan-telecom,wuhan-telecom,44.6215,0.0,icmp,1592898240,2020-06-23 07:44:00+00:00
238460618,jinan-telecom,wuhan-telecom,39.3701,0.0,icmp,1592898319,2020-06-23 07:45:19+00:00
238460855,jinan-telecom,wuhan-telecom,46.7018,0.0,icmp,1592898480,2020-06-23 07:48:00+00:00
238461081,jinan-telecom,wuhan-telecom,46.687,0.0,icmp,1592898600,2020-06-23 07:50:00+00:00
238461318,jinan-telecom,wuhan-telecom,47.0256,0.0,icmp,1592898720,2020-06-23 07:52:00+00:00
238461527,jinan-telecom,wuhan-telecom,46.1966,0.0,icmp,1592898840,2020-06-23 07:54:00+00:00
238461780,jinan-telecom,wuhan-telecom,44.3524,0.0,icmp,1592898960,2020-06-23 07:56:00+00:00
238461992,jinan-telecom,wuhan-telecom,47.9035,0.0,icmp,1592899080,2020-06-23 07:58:00+00:00
238462217,jinan-telecom,wuhan-telecom,46.4219,0.0,icmp,1592899200,2020-06-23 08:00:00+00:00
238462467,jinan-telecom,wuhan-telecom,48.3619,0.0,icmp,1592899320,2020-06-23 08:02:00+00:00
238462670,jinan-telecom,wuhan-telecom,39.4264,0.0,icmp,1592899459,2020-06-23 08:04:19+00:00
238462904,jinan-telecom,wuhan-telecom,43.2486,0.0,icmp,1592899560,2020-06-23 08:06:00+00:00
238463139,jinan-telecom,wuhan-telecom,39.4656,0.0,icmp,1592899624,2020-06-23 08:07:04+00:00
238463384,jinan-telecom,wuhan-telecom,47.8177,0.0,icmp,1592899800,2020-06-23 08:10:00+00:00
238463597,jinan-telecom,wuhan-telecom,40.9915,0.0,icmp,1592899920,2020-06-23 08:12:00+00:00
238463838,jinan-telecom,wuhan-telecom,46.7728,0.0,icmp,1592900040,2020-06-23 08:14:00+00:00
238464029,jinan-telecom,wuhan-telecom,46.6555,0.0,icmp,1592900160,2020-06-23 08:16:00+00:00
238464268,jinan-telecom,wuhan-telecom,46.167,0.0,icmp,1592900280,2020-06-23 08:18:00+00:00
238464516,jinan-telecom,wuhan-telecom,39.3558,0.0,icmp,1592900419,2020-06-23 08:20:19+00:00
238464765,jinan-telecom,wuhan-telecom,41.8692,0.0,icmp,1592900520,2020-06-23 08:22:00+00:00
238464972,jinan-telecom,wuhan-telecom,46.2658,0.0,icmp,1592900640,2020-06-23 08:24:00+00:00
238465213,jinan-telecom,wuhan-telecom,48.9805,0.0,icmp,1592900760,2020-06-23 08:26:00+00:00
238465428,jinan-telecom,wuhan-telecom,45.4612,0.0,icmp,1592900880,2020-06-23 08:28:00+00:00
238465647,jinan-telecom,wuhan-telecom,48.9521,0.0,icmp,1592901000,2020-06-23 08:30:00+00:00
238465929,jinan-telecom,wuhan-telecom,45.3417,0.0,icmp,1592901120,2020-06-23 08:32:00+00:00
238466121,jinan-telecom,wuhan-telecom,39.3639,0.0,icmp,1592901259,2020-06-23 08:34:19+00:00
238466332,jinan-telecom,wuhan-telecom,45.1995,0.0,icmp,1592901360,2020-06-23 08:36:00+00:00
238466571,jinan-telecom,wuhan-telecom,39.3358,0.0,icmp,1592901499,2020-06-23 08:38:19+00:00
238466793,jinan-telecom,wuhan-telecom,42.179,0.0,icmp,1592901604,2020-06-23 08:40:04+00:00
238467024,jinan-telecom,wuhan-telecom,44.6674,0.0,icmp,1592901720,2020-06-23 08:42:00+00:00
238467265,jinan-telecom,wuhan-telecom,48.1692,0.0,icmp,1592901840,2020-06-23 08:44:00+00:00
238467528,jinan-telecom,wuhan-telecom,49.2448,0.0,icmp,1592901960,2020-06-23 08:46:00+00:00
238467724,jinan-telecom,wuhan-telecom,45.2828,0.0,icmp,1592902080,2020-06-23 08:48:00+00:00
238467942,jinan-telecom,wuhan-telecom,39.391,0.0,icmp,1592902210,2020-06-23 08:50:10+00:00
238468165,jinan-telecom,wuhan-telecom,46.1887,0.0,icmp,1592902320,2020-06-23 08:52:00+00:00
238468411,jinan-telecom,wuhan-telecom,39.4022,0.0,icmp,1592902459,2020-06-23 08:54:19+00:00
238468631,jinan-telecom,wuhan-telecom,42.4529,0.0,icmp,1592902560,2020-06-23 08:56:00+00:00
238468884,jinan-telecom,wuhan-telecom,44.7564,0.0,icmp,1592902680,2020-06-23 08:58:00+00:00
238469112,jinan-telecom,wuhan-telecom,39.4468,0.0,icmp,1592902759,2020-06-23 08:59:19+00:00
238469328,jinan-telecom,wuhan-telecom,39.5715,0.0,icmp,1592902879,2020-06-23 09:01:19+00:00
238469541,jinan-telecom,wuhan-telecom,46.3055,0.0,icmp,1592903040,2020-06-23 09:04:00+00:00
238469796,jinan-telecom,wuhan-telecom,45.9587,0.0,icmp,1592903160,2020-06-23 09:06:00+00:00
238470005,jinan-telecom,wuhan-telecom,45.0971,0.0,icmp,1592903280,2020-06-23 09:08:00+00:00
238470228,jinan-telecom,wuhan-telecom,50.3879,0.0,icmp,1592903400,2020-06-23 09:10:00+00:00
238470459,jinan-telecom,wuhan-telecom,39.7718,0.0,icmp,1592903479,2020-06-23 09:11:19+00:00
238470694,jinan-telecom,wuhan-telecom,43.3034,0.0,icmp,1592903640,2020-06-23 09:14:00+00:00
238470921,jinan-telecom,wuhan-telecom,47.8737,0.0,icmp,1592903760,2020-06-23 09:16:00+00:00
238471152,jinan-telecom,wuhan-telecom,44.2797,0.0,icmp,1592903880,2020-06-23 09:18:00+00:00
238471384,jinan-telecom,wuhan-telecom,49.9832,0.0,icmp,1592904000,2020-06-23 09:20:00+00:00
238471615,jinan-telecom,wuhan-telecom,41.7168,0.0,icmp,1592904120,2020-06-23 09:22:00+00:00
238471826,jinan-telecom,wuhan-telecom,47.5606,0.0,icmp,1592904240,2020-06-23 09:24:00+00:00
238472077,jinan-telecom,wuhan-telecom,45.3201,0.0,icmp,1592904360,2020-06-23 09:26:00+00:00
238472303,jinan-telecom,wuhan-telecom,39.3818,0.0,icmp,1592904499,2020-06-23 09:28:19+00:00
238472527,jinan-telecom,wuhan-telecom,45.8184,0.0,icmp,1592904600,2020-06-23 09:30:00+00:00
238472791,jinan-telecom,wuhan-telecom,39.4534,0.0,icmp,1592904724,2020-06-23 09:32:04+00:00
238472991,jinan-telecom,wuhan-telecom,46.2052,0.0,icmp,1592904840,2020-06-23 09:34:00+00:00
238473209,jinan-telecom,wuhan-telecom,43.7711,0.0,icmp,1592904960,2020-06-23 09:36:00+00:00
238473437,jinan-telecom,wuhan-telecom,39.3621,0.0,icmp,1592905099,2020-06-23 09:38:19+00:00
238473661,jinan-telecom,wuhan-telecom,47.3472,0.0,icmp,1592905200,2020-06-23 09:40:00+00:00
238473937,jinan-telecom,wuhan-telecom,39.4401,0.0,icmp,1592905339,2020-06-23 09:42:19+00:00
238474121,jinan-telecom,wuhan-telecom,47.585,0.0,icmp,1592905440,2020-06-23 09:44:00+00:00
238474358,jinan-telecom,wuhan-telecom,45.5615,0.0,icmp,1592905560,2020-06-23 09:46:00+00:00
238474594,jinan-telecom,wuhan-telecom,39.3746,0.0,icmp,1592905699,2020-06-23 09:48:19+00:00
238474806,jinan-telecom,wuhan-telecom,46.4332,0.0,icmp,1592905800,2020-06-23 09:50:00+00:00
238475039,jinan-telecom,wuhan-telecom,39.3691,0.0,icmp,1592905879,2020-06-23 09:51:19+00:00
238475296,jinan-telecom,wuhan-telecom,39.3701,0.0,icmp,1592906059,2020-06-23 09:54:19+00:00
238475524,jinan-telecom,wuhan-telecom,46.6679,0.0,icmp,1592906160,2020-06-23 09:56:00+00:00
238475740,jinan-telecom,wuhan-telecom,45.2072,0.0,icmp,1592906280,2020-06-23 09:58:00+00:00
238475971,jinan-telecom,wuhan-telecom,40.9667,0.0,icmp,1592906400,2020-06-23 10:00:00+00:00
238476186,jinan-telecom,wuhan-telecom,39.7065,0.0,icmp,1592906479,2020-06-23 10:01:19+00:00
238476434,jinan-telecom,wuhan-telecom,46.5264,0.0,icmp,1592906640,2020-06-23 10:04:00+00:00
238476646,jinan-telecom,wuhan-telecom,39.3561,0.0,icmp,1592906719,2020-06-23 10:05:19+00:00
238476869,jinan-telecom,wuhan-telecom,41.5098,0.0,icmp,1592906880,2020-06-23 10:08:00+00:00
238477113,jinan-telecom,wuhan-telecom,39.3741,0.0,icmp,1592907019,2020-06-23 10:10:19+00:00
238477335,jinan-telecom,wuhan-telecom,47.959,0.0,icmp,1592907120,2020-06-23 10:12:00+00:00
238477566,jinan-telecom,wuhan-telecom,39.3503,0.0,icmp,1592907259,2020-06-23 10:14:19+00:00
238477802,jinan-telecom,wuhan-telecom,46.9851,0.0,icmp,1592907360,2020-06-23 10:16:00+00:00
238478029,jinan-telecom,wuhan-telecom,48.3422,0.0,icmp,1592907480,2020-06-23 10:18:00+00:00
238478278,jinan-telecom,wuhan-telecom,44.8435,0.0,icmp,1592907600,2020-06-23 10:20:00+00:00
238478492,jinan-telecom,wuhan-telecom,39.6449,0.0,icmp,1592907679,2020-06-23 10:21:19+00:00
238478740,jinan-telecom,wuhan-telecom,46.4963,0.0,icmp,1592907840,2020-06-23 10:24:00+00:00
238478935,jinan-telecom,wuhan-telecom,47.6986,0.0,icmp,1592907960,2020-06-23 10:26:00+00:00
238479174,jinan-telecom,wuhan-telecom,47.0483,0.0,icmp,1592908080,2020-06-23 10:28:00+00:00
238479385,jinan-telecom,wuhan-telecom,48.3155,0.0,icmp,1592908200,2020-06-23 10:30:00+00:00
238479643,jinan-telecom,wuhan-telecom,49.2323,0.0,icmp,1592908320,2020-06-23 10:32:00+00:00
238479870,jinan-telecom,wuhan-telecom,46.4568,0.0,icmp,1592908440,2020-06-23 10:34:00+00:00
238480092,jinan-telecom,wuhan-telecom,39.4174,0.0,icmp,1592908579,2020-06-23 10:36:19+00:00
238480332,jinan-telecom,wuhan-telecom,45.7027,0.0,icmp,1592908680,2020-06-23 10:38:00+00:00
238480539,jinan-telecom,wuhan-telecom,40.1238,0.0,icmp,1592908744,2020-06-23 10:39:04+00:00
238480773,jinan-telecom,wuhan-telecom,42.3467,0.0,icmp,1592908920,2020-06-23 10:42:00+00:00
238480988,jinan-telecom,wuhan-telecom,46.6285,0.0,icmp,1592909040,2020-06-23 10:44:00+00:00
238481228,jinan-telecom,wuhan-telecom,39.3566,0.0,icmp,1592909179,2020-06-23 10:46:19+00:00
238481462,jinan-telecom,wuhan-telecom,49.3168,0.0,icmp,1592909280,2020-06-23 10:48:00+00:00
238481702,jinan-telecom,wuhan-telecom,44.9785,0.0,icmp,1592909400,2020-06-23 10:50:00+00:00
238481923,jinan-telecom,wuhan-telecom,39.3231,0.0,icmp,1592909479,2020-06-23 10:51:19+00:00
238482139,jinan-telecom,wuhan-telecom,39.379,0.0,icmp,1592909659,2020-06-23 10:54:19+00:00
238482374,jinan-telecom,wuhan-telecom,45.2628,0.0,icmp,1592909760,2020-06-23 10:56:00+00:00
238482601,jinan-telecom,wuhan-telecom,45.7752,0.0,icmp,1592909880,2020-06-23 10:58:00+00:00
238482844,jinan-telecom,wuhan-telecom,39.3795,0.0,icmp,1592909959,2020-06-23 10:59:19+00:00
238483067,jinan-telecom,wuhan-telecom,39.3791,0.0,icmp,1592910139,2020-06-23 11:02:19+00:00
238483289,jinan-telecom,wuhan-telecom,42.1359,0.0,icmp,1592910240,2020-06-23 11:04:00+00:00
238483516,jinan-telecom,wuhan-telecom,46.8369,0.0,icmp,1592910360,2020-06-23 11:06:00+00:00
238483757,jinan-telecom,wuhan-telecom,41.5315,0.0,icmp,1592910480,2020-06-23 11:08:00+00:00
238483969,jinan-telecom,wuhan-telecom,39.3474,0.0,icmp,1592910619,2020-06-23 11:10:19+00:00
238484217,jinan-telecom,wuhan-telecom,46.8507,0.0,icmp,1592910720,2020-06-23 11:12:00+00:00
238484449,jinan-telecom,wuhan-telecom,47.2662,0.0,icmp,1592910840,2020-06-23 11:14:00+00:00
238484680,jinan-telecom,wuhan-telecom,46.6043,0.0,icmp,1592910960,2020-06-23 11:16:00+00:00
238484909,jinan-telecom,wuhan-telecom,39.4826,0.0,icmp,1592911039,2020-06-23 11:17:19+00:00
238485136,jinan-telecom,wuhan-telecom,39.4299,0.0,icmp,1592911159,2020-06-23 11:19:19+00:00
238485365,jinan-telecom,wuhan-telecom,39.5019,0.0,icmp,1592911339,2020-06-23 11:22:19+00:00
238485580,jinan-telecom,wuhan-telecom,47.3502,0.0,icmp,1592911440,2020-06-23 11:24:00+00:00
238485807,jinan-telecom,wuhan-telecom,47.9491,0.0,icmp,1592911560,2020-06-23 11:26:00+00:00
238486035,jinan-telecom,wuhan-telecom,47.138,0.0,icmp,1592911680,2020-06-23 11:28:00+00:00
238486272,jinan-telecom,wuhan-telecom,40.6926,0.0,icmp,1592911800,2020-06-23 11:30:00+00:00
238486490,jinan-telecom,wuhan-telecom,47.0775,0.0,icmp,1592911920,2020-06-23 11:32:00+00:00
238486733,jinan-telecom,wuhan-telecom,46.3674,0.0,icmp,1592912040,2020-06-23 11:34:00+00:00
238486953,jinan-telecom,wuhan-telecom,42.6423,0.0,icmp,1592912160,2020-06-23 11:36:00+00:00
238487176,jinan-telecom,wuhan-telecom,39.413,0.0,icmp,1592912299,2020-06-23 11:38:19+00:00
238487412,jinan-telecom,wuhan-telecom,45.0923,0.0,icmp,1592912400,2020-06-23 11:40:00+00:00
238487639,jinan-telecom,wuhan-telecom,46.693,0.0,icmp,1592912520,2020-06-23 11:42:00+00:00
238487860,jinan-telecom,wuhan-telecom,39.8317,0.0,icmp,1592912599,2020-06-23 11:43:19+00:00
238488112,jinan-telecom,wuhan-telecom,39.396,0.0,icmp,1592912779,2020-06-23 11:46:19+00:00
238488330,jinan-telecom,wuhan-telecom,46.9885,0.0,icmp,1592912880,2020-06-23 11:48:00+00:00
238488536,jinan-telecom,wuhan-telecom,39.3385,0.0,icmp,1592913019,2020-06-23 11:50:19+00:00
238488790,jinan-telecom,wuhan-telecom,46.2886,0.0,icmp,1592913120,2020-06-23 11:52:00+00:00
238489029,jinan-telecom,wuhan-telecom,39.5896,0.0,icmp,1592913199,2020-06-23 11:53:19+00:00
238489250,jinan-telecom,wuhan-telecom,39.6665,0.0,icmp,1592913319,2020-06-23 11:55:19+00:00
238489486,jinan-telecom,wuhan-telecom,44.3823,0.0,icmp,1592913480,2020-06-23 11:58:00+00:00
238489722,jinan-telecom,wuhan-telecom,46.631,0.0,icmp,1592913600,2020-06-23 12:00:00+00:00
238489923,jinan-telecom,wuhan-telecom,39.4912,0.0,icmp,1592913679,2020-06-23 12:01:19+00:00
238490167,jinan-telecom,wuhan-telecom,45.0031,0.0,icmp,1592913840,2020-06-23 12:04:00+00:00
238490358,jinan-telecom,wuhan-telecom,47.1832,0.0,icmp,1592913960,2020-06-23 12:06:00+00:00
238490621,jinan-telecom,wuhan-telecom,48.5789,0.0,icmp,1592914080,2020-06-23 12:08:00+00:00
238490865,jinan-telecom,wuhan-telecom,46.5299,0.0,icmp,1592914200,2020-06-23 12:10:00+00:00
238491078,jinan-telecom,wuhan-telecom,39.3131,0.0,icmp,1592914279,2020-06-23 12:11:19+00:00
238491310,jinan-telecom,wuhan-telecom,44.5007,0.0,icmp,1592914440,2020-06-23 12:14:00+00:00
238491535,jinan-telecom,wuhan-telecom,39.8321,0.0,icmp,1592914519,2020-06-23 12:15:19+00:00
238491776,jinan-telecom,wuhan-telecom,39.6749,0.0,icmp,1592914639,2020-06-23 12:17:19+00:00
238492007,jinan-telecom,wuhan-telecom,39.3719,0.0,icmp,1592914819,2020-06-23 12:20:19+00:00
238492222,jinan-telecom,wuhan-telecom,42.871,0.0,icmp,1592914920,2020-06-23 12:22:00+00:00
238492448,jinan-telecom,wuhan-telecom,39.4405,0.0,icmp,1592915040,2020-06-23 12:24:00+00:00
238492692,jinan-telecom,wuhan-telecom,43.8869,0.0,icmp,1592915160,2020-06-23 12:26:00+00:00
238492927,jinan-telecom,wuhan-telecom,39.4063,0.0,icmp,1592915239,2020-06-23 12:27:19+00:00
238493145,jinan-telecom,wuhan-telecom,46.8969,0.0,icmp,1592915400,2020-06-23 12:30:00+00:00
238493375,jinan-telecom,wuhan-telecom,39.357,0.0,icmp,1592915539,2020-06-23 12:32:19+00:00
238493611,jinan-telecom,wuhan-telecom,43.4242,0.0,icmp,1592915640,2020-06-23 12:34:00+00:00
238493835,jinan-telecom,wuhan-telecom,44.6912,0.0,icmp,1592915760,2020-06-23 12:36:00+00:00
238494051,jinan-telecom,wuhan-telecom,39.344,0.0,icmp,1592915899,2020-06-23 12:38:19+00:00
238494265,jinan-telecom,wuhan-telecom,39.3675,0.0,icmp,1592916019,2020-06-23 12:40:19+00:00
238494509,jinan-telecom,wuhan-telecom,39.4122,0.0,icmp,1592916130,2020-06-23 12:42:10+00:00
238494735,jinan-telecom,wuhan-telecom,50.0382,0.0,icmp,1592916240,2020-06-23 12:44:00+00:00
238494961,jinan-telecom,wuhan-telecom,39.6837,0.0,icmp,1592916379,2020-06-23 12:46:19+00:00
238495204,jinan-telecom,wuhan-telecom,43.3624,0.0,icmp,1592916480,2020-06-23 12:48:00+00:00
238495416,jinan-telecom,wuhan-telecom,47.3233,0.0,icmp,1592916600,2020-06-23 12:50:00+00:00
238495641,jinan-telecom,wuhan-telecom,45.3922,0.0,icmp,1592916720,2020-06-23 12:52:00+00:00
238495855,jinan-telecom,wuhan-telecom,40.6768,0.0,icmp,1592916840,2020-06-23 12:54:00+00:00
238496120,jinan-telecom,wuhan-telecom,46.2782,0.0,icmp,1592916960,2020-06-23 12:56:00+00:00
238496326,jinan-telecom,wuhan-telecom,41.2821,0.0,icmp,1592917080,2020-06-23 12:58:00+00:00
238496573,jinan-telecom,wuhan-telecom,39.3587,0.0,icmp,1592917159,2020-06-23 12:59:19+00:00
238496794,jinan-telecom,wuhan-telecom,46.0073,0.0,icmp,1592917320,2020-06-23 13:02:00+00:00
238497050,jinan-telecom,wuhan-telecom,49.8552,0.0,icmp,1592917440,2020-06-23 13:04:00+00:00
238497241,jinan-telecom,wuhan-telecom,45.7318,0.0,icmp,1592917560,2020-06-23 13:06:00+00:00
238497484,jinan-telecom,wuhan-telecom,47.8727,0.0,icmp,1592917680,2020-06-23 13:08:00+00:00
238497718,jinan-telecom,wuhan-telecom,45.7916,0.0,icmp,1592917800,2020-06-23 13:10:00+00:00
238497957,jinan-telecom,wuhan-telecom,46.4939,0.0,icmp,1592917920,2020-06-23 13:12:00+00:00
238498183,jinan-telecom,wuhan-telecom,39.7797,0.0,icmp,1592917999,2020-06-23 13:13:19+00:00
238498400,jinan-telecom,wuhan-telecom,44.8377,0.0,icmp,1592918160,2020-06-23 13:16:00+00:00
238498632,jinan-telecom,wuhan-telecom,46.3418,0.0,icmp,1592918280,2020-06-23 13:18:00+00:00
238498831,jinan-telecom,wuhan-telecom,39.3778,0.0,icmp,1592918419,2020-06-23 13:20:19+00:00
238499081,jinan-telecom,wuhan-telecom,47.1966,0.0,icmp,1592918520,2020-06-23 13:22:00+00:00
238499334,jinan-telecom,wuhan-telecom,42.4218,0.0,icmp,1592918640,2020-06-23 13:24:00+00:00
238499578,jinan-telecom,wuhan-telecom,48.5919,0.0,icmp,1592918760,2020-06-23 13:26:00+00:00
238499811,jinan-telecom,wuhan-telecom,39.3542,0.0,icmp,1592918899,2020-06-23 13:28:19+00:00
238500007,jinan-telecom,wuhan-telecom,42.4307,0.0,icmp,1592919000,2020-06-23 13:30:00+00:00
238500231,jinan-telecom,wuhan-telecom,48.0612,0.0,icmp,1592919120,2020-06-23 13:32:00+00:00
238500454,jinan-telecom,wuhan-telecom,39.5031,0.0,icmp,1592919199,2020-06-23 13:33:19+00:00
238500683,jinan-telecom,wuhan-telecom,41.481,0.0,icmp,1592919360,2020-06-23 13:36:00+00:00
238500933,jinan-telecom,wuhan-telecom,46.9217,0.0,icmp,1592919480,2020-06-23 13:38:00+00:00
238501150,jinan-telecom,wuhan-telecom,47.2724,0.0,icmp,1592919600,2020-06-23 13:40:00+00:00
238501375,jinan-telecom,wuhan-telecom,48.9382,0.0,icmp,1592919720,2020-06-23 13:42:00+00:00
238501632,jinan-telecom,wuhan-telecom,45.8117,0.0,icmp,1592919840,2020-06-23 13:44:00+00:00
238501840,jinan-telecom,wuhan-telecom,46.2949,0.0,icmp,1592919960,2020-06-23 13:46:00+00:00
238502081,jinan-telecom,wuhan-telecom,47.3471,0.0,icmp,1592920080,2020-06-23 13:48:00+00:00
238502292,jinan-telecom,wuhan-telecom,46.8871,0.0,icmp,1592920200,2020-06-23 13:50:00+00:00
238502524,jinan-telecom,wuhan-telecom,47.9717,0.0,icmp,1592920320,2020-06-23 13:52:00+00:00
238502773,jinan-telecom,wuhan-telecom,46.5675,0.0,icmp,1592920440,2020-06-23 13:54:00+00:00
238502983,jinan-telecom,wuhan-telecom,46.8176,0.0,icmp,1592920560,2020-06-23 13:56:00+00:00
238503211,jinan-telecom,wuhan-telecom,45.6384,0.0,icmp,1592920680,2020-06-23 13:58:00+00:00
241794336,jinan-telecom,wuhan-telecom,46.4651,0.0,icmp,1593171660,2020-06-26 11:41:00+00:00
241794574,jinan-telecom,wuhan-telecom,40.8317,0.0,icmp,1593171780,2020-06-26 11:43:00+00:00
241794763,jinan-telecom,wuhan-telecom,39.359,0.0,icmp,1593171919,2020-06-26 11:45:19+00:00
241794970,jinan-telecom,wuhan-telecom,47.8234,0.0,icmp,1593172020,2020-06-26 11:47:00+00:00
241795216,jinan-telecom,wuhan-telecom,46.5307,0.0,icmp,1593172140,2020-06-26 11:49:00+00:00
241795438,jinan-telecom,wuhan-telecom,48.4356,0.0,icmp,1593172260,2020-06-26 11:51:00+00:00
241795707,jinan-telecom,wuhan-telecom,47.8133,0.0,icmp,1593172380,2020-06-26 11:53:00+00:00
241795891,jinan-telecom,wuhan-telecom,47.7857,0.0,icmp,1593172500,2020-06-26 11:55:00+00:00
241796130,jinan-telecom,wuhan-telecom,48.9522,0.0,icmp,1593172620,2020-06-26 11:57:00+00:00
241796352,jinan-telecom,wuhan-telecom,46.8254,0.0,icmp,1593172740,2020-06-26 11:59:00+00:00
241796568,jinan-telecom,wuhan-telecom,39.4987,0.0,icmp,1593172819,2020-06-26 12:00:19+00:00
241796787,jinan-telecom,wuhan-telecom,39.7816,0.0,icmp,1593172980,2020-06-26 12:03:00+00:00
241797015,jinan-telecom,wuhan-telecom,46.0462,0.0,icmp,1593173100,2020-06-26 12:05:00+00:00
241797241,jinan-telecom,wuhan-telecom,41.8291,0.0,icmp,1593173220,2020-06-26 12:07:00+00:00
241797471,jinan-telecom,wuhan-telecom,45.6689,0.0,icmp,1593173340,2020-06-26 12:09:00+00:00
241797695,jinan-telecom,wuhan-telecom,46.9404,0.0,icmp,1593173460,2020-06-26 12:11:00+00:00
241797941,jinan-telecom,wuhan-telecom,47.0271,0.0,icmp,1593173580,2020-06-26 12:13:00+00:00
241798165,jinan-telecom,wuhan-telecom,47.3861,0.0,icmp,1593173700,2020-06-26 12:15:00+00:00
241798381,jinan-telecom,wuhan-telecom,47.8895,0.0,icmp,1593173820,2020-06-26 12:17:00+00:00
241798600,jinan-telecom,wuhan-telecom,40.5063,0.0,icmp,1593173940,2020-06-26 12:19:00+00:00
241798827,jinan-telecom,wuhan-telecom,39.3723,0.0,icmp,1593174019,2020-06-26 12:20:19+00:00
241799050,jinan-telecom,wuhan-telecom,46.2499,0.0,icmp,1593174180,2020-06-26 12:23:00+00:00
241799280,jinan-telecom,wuhan-telecom,46.5149,0.0,icmp,1593174300,2020-06-26 12:25:00+00:00
241799499,jinan-telecom,wuhan-telecom,48.9127,0.0,icmp,1593174420,2020-06-26 12:27:00+00:00
241799732,jinan-telecom,wuhan-telecom,39.4751,0.0,icmp,1593174499,2020-06-26 12:28:19+00:00
241799945,jinan-telecom,wuhan-telecom,46.1388,0.0,icmp,1593174660,2020-06-26 12:31:00+00:00
241800202,jinan-telecom,wuhan-telecom,47.2559,0.0,icmp,1593174780,2020-06-26 12:33:00+00:00
241800385,jinan-telecom,wuhan-telecom,39.3375,0.0,icmp,1593174919,2020-06-26 12:35:19+00:00
241800614,jinan-telecom,wuhan-telecom,44.8093,0.0,icmp,1593175020,2020-06-26 12:37:00+00:00
241800856,jinan-telecom,wuhan-telecom,46.6983,0.0,icmp,1593175140,2020-06-26 12:39:00+00:00
241801080,jinan-telecom,wuhan-telecom,48.4871,0.0,icmp,1593175260,2020-06-26 12:41:00+00:00
241801288,jinan-telecom,wuhan-telecom,46.999,0.0,icmp,1593175380,2020-06-26 12:43:00+00:00
241801528,jinan-telecom,wuhan-telecom,46.5626,0.0,icmp,1593175500,2020-06-26 12:45:00+00:00
241801775,jinan-telecom,wuhan-telecom,45.9865,0.0,icmp,1593175620,2020-06-26 12:47:00+00:00
241801957,jinan-telecom,wuhan-telecom,46.9946,0.0,icmp,1593175740,2020-06-26 12:49:00+00:00
241802205,jinan-telecom,wuhan-telecom,51.1842,0.0,icmp,1593175860,2020-06-26 12:51:00+00:00
241802457,jinan-telecom,wuhan-telecom,39.4929,0.0,icmp,1593175939,2020-06-26 12:52:19+00:00
241802647,jinan-telecom,wuhan-telecom,46.8029,0.0,icmp,1593176100,2020-06-26 12:55:00+00:00
241802876,jinan-telecom,wuhan-telecom,39.343,0.0,icmp,1593176239,2020-06-26 12:57:19+00:00
241803105,jinan-telecom,wuhan-telecom,47.3558,0.0,icmp,1593176340,2020-06-26 12:59:00+00:00
241803328,jinan-telecom,wuhan-telecom,45.8104,0.0,icmp,1593176460,2020-06-26 13:01:00+00:00
241803560,jinan-telecom,wuhan-telecom,39.3818,0.0,icmp,1593176539,2020-06-26 13:02:19+00:00
241803766,jinan-telecom,wuhan-telecom,46.0614,0.0,icmp,1593176700,2020-06-26 13:05:00+00:00
241803963,jinan-telecom,wuhan-telecom,48.082,0.0,icmp,1593176820,2020-06-26 13:07:00+00:00
241804229,jinan-telecom,wuhan-telecom,47.7945,0.0,icmp,1593176940,2020-06-26 13:09:00+00:00
241804447,jinan-telecom,wuhan-telecom,43.0869,0.0,icmp,1593177060,2020-06-26 13:11:00+00:00
241804656,jinan-telecom,wuhan-telecom,47.3077,0.0,icmp,1593177180,2020-06-26 13:13:00+00:00
241804900,jinan-telecom,wuhan-telecom,45.1467,0.0,icmp,1593177300,2020-06-26 13:15:00+00:00
241805134,jinan-telecom,wuhan-telecom,46.9751,0.0,icmp,1593177420,2020-06-26 13:17:00+00:00
241805347,jinan-telecom,wuhan-telecom,45.5442,0.0,icmp,1593177540,2020-06-26 13:19:00+00:00
241805575,jinan-telecom,wuhan-telecom,39.3825,0.0,icmp,1593177619,2020-06-26 13:20:19+00:00
241805812,jinan-telecom,wuhan-telecom,39.6311,0.0,icmp,1593177799,2020-06-26 13:23:19+00:00
241806019,jinan-telecom,wuhan-telecom,49.106,0.0,icmp,1593177900,2020-06-26 13:25:00+00:00
241806260,jinan-telecom,wuhan-telecom,41.4535,0.0,icmp,1593178020,2020-06-26 13:27:00+00:00
241806463,jinan-telecom,wuhan-telecom,47.0584,0.0,icmp,1593178140,2020-06-26 13:29:00+00:00
241806688,jinan-telecom,wuhan-telecom,46.5015,0.0,icmp,1593178260,2020-06-26 13:31:00+00:00
241806915,jinan-telecom,wuhan-telecom,46.5994,0.0,icmp,1593178380,2020-06-26 13:33:00+00:00
241807135,jinan-telecom,wuhan-telecom,43.3593,0.0,icmp,1593178500,2020-06-26 13:35:00+00:00
241807380,jinan-telecom,wuhan-telecom,39.3637,0.0,icmp,1593178639,2020-06-26 13:37:19+00:00
241807614,jinan-telecom,wuhan-telecom,39.4204,0.0,icmp,1593178759,2020-06-26 13:39:19+00:00
241807818,jinan-telecom,wuhan-telecom,45.7832,0.0,icmp,1593178860,2020-06-26 13:41:00+00:00
241808043,jinan-telecom,wuhan-telecom,46.9356,0.0,icmp,1593178980,2020-06-26 13:43:00+00:00
241808261,jinan-telecom,wuhan-telecom,45.4925,0.0,icmp,1593179100,2020-06-26 13:45:00+00:00
241808496,jinan-telecom,wuhan-telecom,41.5386,0.0,icmp,1593179164,2020-06-26 13:46:04+00:00
241808753,jinan-telecom,wuhan-telecom,49.4777,0.0,icmp,1593179340,2020-06-26 13:49:00+00:00
241808964,jinan-telecom,wuhan-telecom,50.8895,0.0,icmp,1593179460,2020-06-26 13:51:00+00:00
241809226,jinan-telecom,wuhan-telecom,45.0581,0.0,icmp,1593179580,2020-06-26 13:53:00+00:00
241809401,jinan-telecom,wuhan-telecom,39.4733,0.0,icmp,1593179645,2020-06-26 13:54:05+00:00
241809616,jinan-telecom,wuhan-telecom,39.3563,0.0,icmp,1593179779,2020-06-26 13:56:19+00:00
241809831,jinan-telecom,wuhan-telecom,45.8564,0.0,icmp,1593179940,2020-06-26 13:59:00+00:00
241810082,jinan-telecom,wuhan-telecom,43.4653,0.0,icmp,1593180004,2020-06-26 14:00:04+00:00
241810313,jinan-telecom,wuhan-telecom,39.3777,0.0,icmp,1593180139,2020-06-26 14:02:19+00:00
241810522,jinan-telecom,wuhan-telecom,49.1704,0.0,icmp,1593180300,2020-06-26 14:05:00+00:00
241810733,jinan-telecom,wuhan-telecom,46.2113,0.0,icmp,1593180420,2020-06-26 14:07:00+00:00
241810964,jinan-telecom,wuhan-telecom,43.5504,0.0,icmp,1593180540,2020-06-26 14:09:00+00:00
241811190,jinan-telecom,wuhan-telecom,40.507,0.0,icmp,1593180660,2020-06-26 14:11:00+00:00
241811412,jinan-telecom,wuhan-telecom,39.3553,0.0,icmp,1593180739,2020-06-26 14:12:19+00:00
241811663,jinan-telecom,wuhan-telecom,39.4556,0.0,icmp,1593180919,2020-06-26 14:15:19+00:00
241811878,jinan-telecom,wuhan-telecom,40.7359,0.0,icmp,1593181024,2020-06-26 14:17:04+00:00
241812066,jinan-telecom,wuhan-telecom,48.1798,0.0,icmp,1593181140,2020-06-26 14:19:00+00:00
241812317,jinan-telecom,wuhan-telecom,39.3399,0.0,icmp,1593181219,2020-06-26 14:20:19+00:00
241812565,jinan-telecom,wuhan-telecom,39.3579,0.0,icmp,1593181399,2020-06-26 14:23:19+00:00
241812776,jinan-telecom,wuhan-telecom,48.4951,0.0,icmp,1593181500,2020-06-26 14:25:00+00:00
241813002,jinan-telecom,wuhan-telecom,39.3611,0.0,icmp,1593181639,2020-06-26 14:27:19+00:00
241813217,jinan-telecom,wuhan-telecom,48.3073,0.0,icmp,1593181740,2020-06-26 14:29:00+00:00
241813478,jinan-telecom,wuhan-telecom,47.284,0.0,icmp,1593181860,2020-06-26 14:31:00+00:00
241813687,jinan-telecom,wuhan-telecom,45.7919,0.0,icmp,1593181980,2020-06-26 14:33:00+00:00
241813919,jinan-telecom,wuhan-telecom,48.2178,0.0,icmp,1593182100,2020-06-26 14:35:00+00:00
241814143,jinan-telecom,wuhan-telecom,49.6774,0.0,icmp,1593182220,2020-06-26 14:37:00+00:00
241814373,jinan-telecom,wuhan-telecom,47.1776,0.0,icmp,1593182340,2020-06-26 14:39:00+00:00
241814566,jinan-telecom,wuhan-telecom,48.4877,0.0,icmp,1593182460,2020-06-26 14:41:00+00:00
241814810,jinan-telecom,wuhan-telecom,45.9465,0.0,icmp,1593182580,2020-06-26 14:43:00+00:00
241814996,jinan-telecom,wuhan-telecom,46.89,0.0,icmp,1593182700,2020-06-26 14:45:00+00:00
241815252,jinan-telecom,wuhan-telecom,48.9742,0.0,icmp,1593182820,2020-06-26 14:47:00+00:00
241815494,jinan-telecom,wuhan-telecom,39.4661,0.0,icmp,1593182959,2020-06-26 14:49:19+00:00
241815680,jinan-telecom,wuhan-telecom,47.003,0.0,icmp,1593183060,2020-06-26 14:51:00+00:00
241815914,jinan-telecom,wuhan-telecom,45.8143,0.0,icmp,1593183180,2020-06-26 14:53:00+00:00
241816141,jinan-telecom,wuhan-telecom,48.5829,0.0,icmp,1593183300,2020-06-26 14:55:00+00:00
241816377,jinan-telecom,wuhan-telecom,45.4978,0.0,icmp,1593183420,2020-06-26 14:57:00+00:00
241816599,jinan-telecom,wuhan-telecom,48.8158,0.0,icmp,1593183540,2020-06-26 14:59:00+00:00
241816841,jinan-telecom,wuhan-telecom,46.7859,0.0,icmp,1593183660,2020-06-26 15:01:00+00:00
241817051,jinan-telecom,wuhan-telecom,40.1455,0.0,icmp,1593183739,2020-06-26 15:02:19+00:00
241817275,jinan-telecom,wuhan-telecom,43.5979,0.0,icmp,1593183844,2020-06-26 15:04:04+00:00
241817508,jinan-telecom,wuhan-telecom,47.6209,0.0,icmp,1593184020,2020-06-26 15:07:00+00:00
241817750,jinan-telecom,wuhan-telecom,44.4948,0.0,icmp,1593184140,2020-06-26 15:09:00+00:00
241817937,jinan-telecom,wuhan-telecom,47.4833,0.0,icmp,1593184260,2020-06-26 15:11:00+00:00
241818183,jinan-telecom,wuhan-telecom,43.9405,0.0,icmp,1593184380,2020-06-26 15:13:00+00:00
241818430,jinan-telecom,wuhan-telecom,39.9819,0.0,icmp,1593184459,2020-06-26 15:14:19+00:00
241818611,jinan-telecom,wuhan-telecom,39.6183,0.0,icmp,1593184579,2020-06-26 15:16:19+00:00
241818840,jinan-telecom,wuhan-telecom,39.3472,0.0,icmp,1593184759,2020-06-26 15:19:19+00:00
241819078,jinan-telecom,wuhan-telecom,46.2276,0.0,icmp,1593184860,2020-06-26 15:21:00+00:00
241819299,jinan-telecom,wuhan-telecom,39.5747,0.0,icmp,1593184939,2020-06-26 15:22:19+00:00
241819526,jinan-telecom,wuhan-telecom,39.4154,0.0,icmp,1593185119,2020-06-26 15:25:19+00:00
241819764,jinan-telecom,wuhan-telecom,49.705,0.0,icmp,1593185220,2020-06-26 15:27:00+00:00
241819970,jinan-telecom,wuhan-telecom,45.2008,0.0,icmp,1593185340,2020-06-26 15:29:00+00:00
241820197,jinan-telecom,wuhan-telecom,49.0895,0.0,icmp,1593185460,2020-06-26 15:31:00+00:00
241820436,jinan-telecom,wuhan-telecom,46.4062,0.0,icmp,1593185580,2020-06-26 15:33:00+00:00
241820658,jinan-telecom,wuhan-telecom,47.869,0.0,icmp,1593185700,2020-06-26 15:35:00+00:00
241820881,jinan-telecom,wuhan-telecom,47.3211,0.0,icmp,1593185820,2020-06-26 15:37:00+00:00
241821088,jinan-telecom,wuhan-telecom,44.9398,0.0,icmp,1593185940,2020-06-26 15:39:00+00:00
241821334,jinan-telecom,wuhan-telecom,45.9548,0.0,icmp,1593186060,2020-06-26 15:41:00+00:00
241821529,jinan-telecom,wuhan-telecom,48.0044,0.0,icmp,1593186180,2020-06-26 15:43:00+00:00
241821791,jinan-telecom,wuhan-telecom,47.3652,0.0,icmp,1593186300,2020-06-26 15:45:00+00:00
241822029,jinan-telecom,wuhan-telecom,47.2149,0.0,icmp,1593186420,2020-06-26 15:47:00+00:00
241822215,jinan-telecom,wuhan-telecom,45.6785,0.0,icmp,1593186540,2020-06-26 15:49:00+00:00
241822530,jinan-telecom,wuhan-telecom,39.3692,0.0,icmp,1593186619,2020-06-26 15:50:19+00:00
241822621,jinan-telecom,wuhan-telecom,47.9521,0.0,icmp,1593186780,2020-06-26 15:53:00+00:00
241822886,jinan-telecom,wuhan-telecom,49.0475,0.0,icmp,1593186900,2020-06-26 15:55:00+00:00
241823119,jinan-telecom,wuhan-telecom,49.83,0.0,icmp,1593187020,2020-06-26 15:57:00+00:00
241823347,jinan-telecom,wuhan-telecom,48.4491,0.0,icmp,1593187140,2020-06-26 15:59:00+00:00
241823588,jinan-telecom,wuhan-telecom,47.1611,0.0,icmp,1593187260,2020-06-26 16:01:00+00:00
241823809,jinan-telecom,wuhan-telecom,46.1,0.0,icmp,1593187380,2020-06-26 16:03:00+00:00
241824063,jinan-telecom,wuhan-telecom,44.6142,0.0,icmp,1593187500,2020-06-26 16:05:00+00:00
241824256,jinan-telecom,wuhan-telecom,47.4171,0.0,icmp,1593187620,2020-06-26 16:07:00+00:00
241824485,jinan-telecom,wuhan-telecom,47.7351,0.0,icmp,1593187740,2020-06-26 16:09:00+00:00
241824723,jinan-telecom,wuhan-telecom,47.317,0.0,icmp,1593187860,2020-06-26 16:11:00+00:00
241824924,jinan-telecom,wuhan-telecom,39.4017,0.0,icmp,1593187939,2020-06-26 16:12:19+00:00
241825160,jinan-telecom,wuhan-telecom,49.1538,0.0,icmp,1593188100,2020-06-26 16:15:00+00:00
241825363,jinan-telecom,wuhan-telecom,39.4392,0.0,icmp,1593188239,2020-06-26 16:17:19+00:00
241825599,jinan-telecom,wuhan-telecom,47.8397,0.0,icmp,1593188340,2020-06-26 16:19:00+00:00
241825821,jinan-telecom,wuhan-telecom,50.2435,0.0,icmp,1593188460,2020-06-26 16:21:00+00:00
241826038,jinan-telecom,wuhan-telecom,47.4705,0.0,icmp,1593188580,2020-06-26 16:23:00+00:00
241826281,jinan-telecom,wuhan-telecom,46.5412,0.0,icmp,1593188700,2020-06-26 16:25:00+00:00
241826505,jinan-telecom,wuhan-telecom,48.805,0.0,icmp,1593188820,2020-06-26 16:27:00+00:00
241826727,jinan-telecom,wuhan-telecom,39.4812,0.0,icmp,1593188884,2020-06-26 16:28:04+00:00
241826935,jinan-telecom,wuhan-telecom,46.4408,0.0,icmp,1593189060,2020-06-26 16:31:00+00:00
241827172,jinan-telecom,wuhan-telecom,39.4038,0.0,icmp,1593189199,2020-06-26 16:33:19+00:00
241827382,jinan-telecom,wuhan-telecom,47.0135,0.0,icmp,1593189300,2020-06-26 16:35:00+00:00
241827620,jinan-telecom,wuhan-telecom,40.3349,0.0,icmp,1593189420,2020-06-26 16:37:00+00:00
241827859,jinan-telecom,wuhan-telecom,48.3973,0.0,icmp,1593189540,2020-06-26 16:39:00+00:00
241828075,jinan-telecom,wuhan-telecom,48.4317,0.0,icmp,1593189660,2020-06-26 16:41:00+00:00
241828297,jinan-telecom,wuhan-telecom,46.4039,0.0,icmp,1593189780,2020-06-26 16:43:00+00:00
241828523,jinan-telecom,wuhan-telecom,45.3719,0.0,icmp,1593189900,2020-06-26 16:45:00+00:00
241828770,jinan-telecom,wuhan-telecom,47.2033,0.0,icmp,1593190020,2020-06-26 16:47:00+00:00
241828957,jinan-telecom,wuhan-telecom,39.4519,0.0,icmp,1593190159,2020-06-26 16:49:19+00:00
241829199,jinan-telecom,wuhan-telecom,45.5288,0.0,icmp,1593190260,2020-06-26 16:51:00+00:00
241829425,jinan-telecom,wuhan-telecom,47.8731,0.0,icmp,1593190380,2020-06-26 16:53:00+00:00
241829650,jinan-telecom,wuhan-telecom,39.4508,0.0,icmp,1593190459,2020-06-26 16:54:19+00:00
241829875,jinan-telecom,wuhan-telecom,46.5472,0.0,icmp,1593190620,2020-06-26 16:57:00+00:00
241830113,jinan-telecom,wuhan-telecom,48.2295,0.0,icmp,1593190740,2020-06-26 16:59:00+00:00
241830319,jinan-telecom,wuhan-telecom,46.8983,0.0,icmp,1593190860,2020-06-26 17:01:00+00:00
241830558,jinan-telecom,wuhan-telecom,45.9684,0.0,icmp,1593190980,2020-06-26 17:03:00+00:00
241830766,jinan-telecom,wuhan-telecom,40.7424,0.0,icmp,1593191100,2020-06-26 17:05:00+00:00
241831001,jinan-telecom,wuhan-telecom,48.1974,0.0,icmp,1593191220,2020-06-26 17:07:00+00:00
241831242,jinan-telecom,wuhan-telecom,39.3829,0.0,icmp,1593191299,2020-06-26 17:08:19+00:00
241831445,jinan-telecom,wuhan-telecom,39.3745,0.0,icmp,1593191419,2020-06-26 17:10:19+00:00
241831673,jinan-telecom,wuhan-telecom,48.1866,0.0,icmp,1593191580,2020-06-26 17:13:00+00:00
241831907,jinan-telecom,wuhan-telecom,45.7279,0.0,icmp,1593191700,2020-06-26 17:15:00+00:00
241832137,jinan-telecom,wuhan-telecom,46.5964,0.0,icmp,1593191820,2020-06-26 17:17:00+00:00
241832346,jinan-telecom,wuhan-telecom,46.2143,0.0,icmp,1593191940,2020-06-26 17:19:00+00:00
241832585,jinan-telecom,wuhan-telecom,48.659,0.0,icmp,1593192060,2020-06-26 17:21:00+00:00
241832810,jinan-telecom,wuhan-telecom,39.3592,0.0,icmp,1593192199,2020-06-26 17:23:19+00:00
241833020,jinan-telecom,wuhan-telecom,46.8695,0.0,icmp,1593192300,2020-06-26 17:25:00+00:00
241833235,jinan-telecom,wuhan-telecom,46.84,0.0,icmp,1593192420,2020-06-26 17:27:00+00:00
241833477,jinan-telecom,wuhan-telecom,45.088,0.0,icmp,1593192540,2020-06-26 17:29:00+00:00
241833708,jinan-telecom,wuhan-telecom,46.9652,0.0,icmp,1593192660,2020-06-26 17:31:00+00:00
241833917,jinan-telecom,wuhan-telecom,41.8419,0.0,icmp,1593192780,2020-06-26 17:33:00+00:00
241834145,jinan-telecom,wuhan-telecom,48.8945,0.0,icmp,1593192900,2020-06-26 17:35:00+00:00
241834382,jinan-telecom,wuhan-telecom,39.436,0.0,icmp,1593192979,2020-06-26 17:36:19+00:00
241834636,jinan-telecom,wuhan-telecom,47.2585,0.0,icmp,1593193140,2020-06-26 17:39:00+00:00
241834829,jinan-telecom,wuhan-telecom,46.7843,0.0,icmp,1593193260,2020-06-26 17:41:00+00:00
241835052,jinan-telecom,wuhan-telecom,41.258,0.0,icmp,1593193380,2020-06-26 17:43:00+00:00
241835288,jinan-telecom,wuhan-telecom,39.325,0.0,icmp,1593193459,2020-06-26 17:44:19+00:00
241835509,jinan-telecom,wuhan-telecom,39.3339,0.0,icmp,1593193579,2020-06-26 17:46:19+00:00
241835761,jinan-telecom,wuhan-telecom,47.3786,0.0,icmp,1593193740,2020-06-26 17:49:00+00:00
241835965,jinan-telecom,wuhan-telecom,39.3713,0.0,icmp,1593193879,2020-06-26 17:51:19+00:00
241836167,jinan-telecom,wuhan-telecom,46.7241,0.0,icmp,1593193980,2020-06-26 17:53:00+00:00
241836392,jinan-telecom,wuhan-telecom,44.3177,0.0,icmp,1593194100,2020-06-26 17:55:00+00:00
241836632,jinan-telecom,wuhan-telecom,46.9687,0.0,icmp,1593194220,2020-06-26 17:57:00+00:00
241836857,jinan-telecom,wuhan-telecom,47.0311,0.0,icmp,1593194340,2020-06-26 17:59:00+00:00
241837040,jinan-telecom,wuhan-telecom,48.0071,0.0,icmp,1593194460,2020-06-26 18:01:00+00:00
241837282,jinan-telecom,wuhan-telecom,46.594,0.0,icmp,1593194580,2020-06-26 18:03:00+00:00
241837529,jinan-telecom,wuhan-telecom,46.1651,0.0,icmp,1593194700,2020-06-26 18:05:00+00:00
241837731,jinan-telecom,wuhan-telecom,47.1122,0.0,icmp,1593194820,2020-06-26 18:07:00+00:00
241837971,jinan-telecom,wuhan-telecom,44.5484,0.0,icmp,1593194940,2020-06-26 18:09:00+00:00
241838183,jinan-telecom,wuhan-telecom,47.1012,0.0,icmp,1593195060,2020-06-26 18:11:00+00:00
241838436,jinan-telecom,wuhan-telecom,47.4224,0.0,icmp,1593195180,2020-06-26 18:13:00+00:00
241838651,jinan-telecom,wuhan-telecom,40.946,0.0,icmp,1593195300,2020-06-26 18:15:00+00:00
241838889,jinan-telecom,wuhan-telecom,39.5313,0.0,icmp,1593195379,2020-06-26 18:16:19+00:00
241839092,jinan-telecom,wuhan-telecom,39.4498,0.0,icmp,1593195545,2020-06-26 18:19:05+00:00
241839320,jinan-telecom,wuhan-telecom,47.508,0.0,icmp,1593195660,2020-06-26 18:21:00+00:00
241839558,jinan-telecom,wuhan-telecom,46.2345,0.0,icmp,1593195780,2020-06-26 18:23:00+00:00
241839769,jinan-telecom,wuhan-telecom,39.5478,0.0,icmp,1593195859,2020-06-26 18:24:19+00:00
241839997,jinan-telecom,wuhan-telecom,39.3764,0.0,icmp,1593195979,2020-06-26 18:26:19+00:00
241840236,jinan-telecom,wuhan-telecom,46.5817,0.0,icmp,1593196140,2020-06-26 18:29:00+00:00
241840463,jinan-telecom,wuhan-telecom,46.3807,0.0,icmp,1593196260,2020-06-26 18:31:00+00:00
241840677,jinan-telecom,wuhan-telecom,47.1567,0.0,icmp,1593196380,2020-06-26 18:33:00+00:00
241840911,jinan-telecom,wuhan-telecom,46.2904,0.0,icmp,1593196500,2020-06-26 18:35:00+00:00
241841134,jinan-telecom,wuhan-telecom,52.1827,0.0,icmp,1593196620,2020-06-26 18:37:00+00:00
241841343,jinan-telecom,wuhan-telecom,47.9101,0.0,icmp,1593196740,2020-06-26 18:39:00+00:00
241841565,jinan-telecom,wuhan-telecom,50.0382,0.0,icmp,1593196860,2020-06-26 18:41:00+00:00
241841790,jinan-telecom,wuhan-telecom,39.4692,0.0,icmp,1593196999,2020-06-26 18:43:19+00:00
241842013,jinan-telecom,wuhan-telecom,44.253,0.0,icmp,1593197100,2020-06-26 18:45:00+00:00
241842225,jinan-telecom,wuhan-telecom,39.3295,0.0,icmp,1593197179,2020-06-26 18:46:19+00:00
241842483,jinan-telecom,wuhan-telecom,39.4827,0.0,icmp,1593197344,2020-06-26 18:49:04+00:00
241842704,jinan-telecom,wuhan-telecom,46.7927,0.0,icmp,1593197460,2020-06-26 18:51:00+00:00
241842929,jinan-telecom,wuhan-telecom,39.6722,0.0,icmp,1593197599,2020-06-26 18:53:19+00:00
241843143,jinan-telecom,wuhan-telecom,48.3463,0.0,icmp,1593197700,2020-06-26 18:55:00+00:00
241843386,jinan-telecom,wuhan-telecom,46.3975,0.0,icmp,1593197820,2020-06-26 18:57:00+00:00
241843602,jinan-telecom,wuhan-telecom,47.2383,0.0,icmp,1593197940,2020-06-26 18:59:00+00:00
241843822,jinan-telecom,wuhan-telecom,46.6155,0.0,icmp,1593198060,2020-06-26 19:01:00+00:00
241844040,jinan-telecom,wuhan-telecom,39.4815,0.0,icmp,1593198139,2020-06-26 19:02:19+00:00
241844272,jinan-telecom,wuhan-telecom,47.6156,0.0,icmp,1593198300,2020-06-26 19:05:00+00:00
241844488,jinan-telecom,wuhan-telecom,39.352,0.0,icmp,1593198379,2020-06-26 19:06:19+00:00
241844724,jinan-telecom,wuhan-telecom,39.7844,0.0,icmp,1593198499,2020-06-26 19:08:19+00:00
241844945,jinan-telecom,wuhan-telecom,45.5224,0.0,icmp,1593198660,2020-06-26 19:11:00+00:00
241845170,jinan-telecom,wuhan-telecom,41.4588,0.0,icmp,1593198780,2020-06-26 19:13:00+00:00
241845389,jinan-telecom,wuhan-telecom,39.365,0.0,icmp,1593198859,2020-06-26 19:14:19+00:00
241845603,jinan-telecom,wuhan-telecom,46.7629,0.0,icmp,1593199020,2020-06-26 19:17:00+00:00
241845838,jinan-telecom,wuhan-telecom,39.3033,0.0,icmp,1593199159,2020-06-26 19:19:19+00:00
241846064,jinan-telecom,wuhan-telecom,46.3692,0.0,icmp,1593199260,2020-06-26 19:21:00+00:00
241846293,jinan-telecom,wuhan-telecom,49.191,0.0,icmp,1593199380,2020-06-26 19:23:00+00:00
241846513,jinan-telecom,wuhan-telecom,49.1692,0.0,icmp,1593199500,2020-06-26 19:25:00+00:00
241846740,jinan-telecom,wuhan-telecom,39.4039,0.0,icmp,1593199639,2020-06-26 19:27:19+00:00
241846970,jinan-telecom,wuhan-telecom,41.8186,0.0,icmp,1593199740,2020-06-26 19:29:00+00:00
241847170,jinan-telecom,wuhan-telecom,47.3626,0.0,icmp,1593199860,2020-06-26 19:31:00+00:00
241847409,jinan-telecom,wuhan-telecom,44.5236,0.0,icmp,1593199980,2020-06-26 19:33:00+00:00
241847645,jinan-telecom,wuhan-telecom,47.7313,0.0,icmp,1593200100,2020-06-26 19:35:00+00:00
241847871,jinan-telecom,wuhan-telecom,45.6373,0.0,icmp,1593200220,2020-06-26 19:37:00+00:00
241848081,jinan-telecom,wuhan-telecom,48.2369,0.0,icmp,1593200340,2020-06-26 19:39:00+00:00
241848318,jinan-telecom,wuhan-telecom,46.7871,0.0,icmp,1593200460,2020-06-26 19:41:00+00:00
241848544,jinan-telecom,wuhan-telecom,45.2765,0.0,icmp,1593200580,2020-06-26 19:43:00+00:00
241848769,jinan-telecom,wuhan-telecom,45.0449,0.0,icmp,1593200700,2020-06-26 19:45:00+00:00
241848986,jinan-telecom,wuhan-telecom,47.576,0.0,icmp,1593200820,2020-06-26 19:47:00+00:00
241849206,jinan-telecom,wuhan-telecom,46.8137,0.0,icmp,1593200940,2020-06-26 19:49:00+00:00
241849430,jinan-telecom,wuhan-telecom,47.6523,0.0,icmp,1593201060,2020-06-26 19:51:00+00:00
241849657,jinan-telecom,wuhan-telecom,48.0019,0.0,icmp,1593201180,2020-06-26 19:53:00+00:00
241849905,jinan-telecom,wuhan-telecom,47.8159,0.0,icmp,1593201300,2020-06-26 19:55:00+00:00
241850128,jinan-telecom,wuhan-telecom,40.6778,0.0,icmp,1593201420,2020-06-26 19:57:00+00:00
241850357,jinan-telecom,wuhan-telecom,39.3724,0.0,icmp,1593201499,2020-06-26 19:58:19+00:00
241850564,jinan-telecom,wuhan-telecom,45.9336,0.0,icmp,1593201660,2020-06-26 20:01:00+00:00
241850797,jinan-telecom,wuhan-telecom,45.2514,0.0,icmp,1593201780,2020-06-26 20:03:00+00:00
241851022,jinan-telecom,wuhan-telecom,47.3585,0.0,icmp,1593201900,2020-06-26 20:05:00+00:00
241851251,jinan-telecom,wuhan-telecom,39.6402,0.0,icmp,1593202039,2020-06-26 20:07:19+00:00
241851472,jinan-telecom,wuhan-telecom,46.8896,0.0,icmp,1593202140,2020-06-26 20:09:00+00:00
241851677,jinan-telecom,wuhan-telecom,39.5718,0.0,icmp,1593202279,2020-06-26 20:11:19+00:00
241851926,jinan-telecom,wuhan-telecom,47.1624,0.0,icmp,1593202380,2020-06-26 20:13:00+00:00
241852151,jinan-telecom,wuhan-telecom,39.4201,0.0,icmp,1593202519,2020-06-26 20:15:19+00:00
241852360,jinan-telecom,wuhan-telecom,47.4962,0.0,icmp,1593202620,2020-06-26 20:17:00+00:00
241852591,jinan-telecom,wuhan-telecom,48.0871,0.0,icmp,1593202740,2020-06-26 20:19:00+00:00
241852805,jinan-telecom,wuhan-telecom,45.2726,0.0,icmp,1593202860,2020-06-26 20:21:00+00:00
241853039,jinan-telecom,wuhan-telecom,47.2756,0.0,icmp,1593202980,2020-06-26 20:23:00+00:00
241853272,jinan-telecom,wuhan-telecom,47.6834,0.0,icmp,1593203100,2020-06-26 20:25:00+00:00
241853494,jinan-telecom,wuhan-telecom,39.396,0.0,icmp,1593203239,2020-06-26 20:27:19+00:00
241853720,jinan-telecom,wuhan-telecom,45.1772,0.0,icmp,1593203340,2020-06-26 20:29:00+00:00
241853946,jinan-telecom,wuhan-telecom,46.3562,0.0,icmp,1593203460,2020-06-26 20:31:00+00:00
241854182,jinan-telecom,wuhan-telecom,46.7132,0.0,icmp,1593203580,2020-06-26 20:33:00+00:00
241854390,jinan-telecom,wuhan-telecom,50.5045,0.0,icmp,1593203700,2020-06-26 20:35:00+00:00
241854621,jinan-telecom,wuhan-telecom,47.043,0.0,icmp,1593203820,2020-06-26 20:37:00+00:00
241854851,jinan-telecom,wuhan-telecom,39.6548,0.0,icmp,1593203959,2020-06-26 20:39:19+00:00
241855063,jinan-telecom,wuhan-telecom,44.325,0.0,icmp,1593204060,2020-06-26 20:41:00+00:00
241855306,jinan-telecom,wuhan-telecom,45.4996,0.0,icmp,1593204180,2020-06-26 20:43:00+00:00
241855513,jinan-telecom,wuhan-telecom,39.6831,0.0,icmp,1593204259,2020-06-26 20:44:19+00:00
241855733,jinan-telecom,wuhan-telecom,48.5172,0.0,icmp,1593204420,2020-06-26 20:47:00+00:00
241855974,jinan-telecom,wuhan-telecom,39.3712,0.0,icmp,1593204559,2020-06-26 20:49:19+00:00
241856183,jinan-telecom,wuhan-telecom,46.4173,0.0,icmp,1593204660,2020-06-26 20:51:00+00:00
241856425,jinan-telecom,wuhan-telecom,39.5172,0.0,icmp,1593204799,2020-06-26 20:53:19+00:00
241856659,jinan-telecom,wuhan-telecom,39.7521,0.0,icmp,1593204919,2020-06-26 20:55:19+00:00
241856867,jinan-telecom,wuhan-telecom,47.0374,0.0,icmp,1593205020,2020-06-26 20:57:00+00:00
241857076,jinan-telecom,wuhan-telecom,46.9662,0.0,icmp,1593205140,2020-06-26 20:59:00+00:00
241857303,jinan-telecom,wuhan-telecom,46.7484,0.0,icmp,1593205260,2020-06-26 21:01:00+00:00
241857559,jinan-telecom,wuhan-telecom,48.9004,0.0,icmp,1593205380,2020-06-26 21:03:00+00:00
241857752,jinan-telecom,wuhan-telecom,41.3976,0.0,icmp,1593205500,2020-06-26 21:05:00+00:00
241858001,jinan-telecom,wuhan-telecom,46.2566,0.0,icmp,1593205620,2020-06-26 21:07:00+00:00
241858210,jinan-telecom,wuhan-telecom,47.8807,0.0,icmp,1593205740,2020-06-26 21:09:00+00:00
241858445,jinan-telecom,wuhan-telecom,46.2754,0.0,icmp,1593205860,2020-06-26 21:11:00+00:00
241858680,jinan-telecom,wuhan-telecom,39.3193,0.0,icmp,1593205999,2020-06-26 21:13:19+00:00
241858882,jinan-telecom,wuhan-telecom,46.693,0.0,icmp,1593206100,2020-06-26 21:15:00+00:00
241859137,jinan-telecom,wuhan-telecom,48.3751,0.0,icmp,1593206220,2020-06-26 21:17:00+00:00
241859358,jinan-telecom,wuhan-telecom,39.3252,0.0,icmp,1593206359,2020-06-26 21:19:19+00:00
241859576,jinan-telecom,wuhan-telecom,46.1052,0.0,icmp,1593206460,2020-06-26 21:21:00+00:00
241859783,jinan-telecom,wuhan-telecom,39.3087,0.0,icmp,1593206599,2020-06-26 21:23:19+00:00
241860027,jinan-telecom,wuhan-telecom,40.6138,0.0,icmp,1593206700,2020-06-26 21:25:00+00:00
241860231,jinan-telecom,wuhan-telecom,39.3398,0.0,icmp,1593206839,2020-06-26 21:27:19+00:00
241860455,jinan-telecom,wuhan-telecom,46.4217,0.0,icmp,1593206940,2020-06-26 21:29:00+00:00
241860695,jinan-telecom,wuhan-telecom,47.1761,0.0,icmp,1593207060,2020-06-26 21:31:00+00:00
241860912,jinan-telecom,wuhan-telecom,45.2298,0.0,icmp,1593207180,2020-06-26 21:33:00+00:00
241861131,jinan-telecom,wuhan-telecom,39.4985,0.0,icmp,1593207259,2020-06-26 21:34:19+00:00
241861376,jinan-telecom,wuhan-telecom,46.7248,0.0,icmp,1593207420,2020-06-26 21:37:00+00:00
241861607,jinan-telecom,wuhan-telecom,47.642,0.0,icmp,1593207544,2020-06-26 21:39:04+00:00
241861818,jinan-telecom,wuhan-telecom,46.7418,0.0,icmp,1593207660,2020-06-26 21:41:00+00:00
241862031,jinan-telecom,wuhan-telecom,48.9186,0.0,icmp,1593207780,2020-06-26 21:43:00+00:00
241862278,jinan-telecom,wuhan-telecom,39.3328,0.0,icmp,1593207919,2020-06-26 21:45:19+00:00
241862502,jinan-telecom,wuhan-telecom,47.2821,0.0,icmp,1593208020,2020-06-26 21:47:00+00:00
241862720,jinan-telecom,wuhan-telecom,39.6054,0.0,icmp,1593208099,2020-06-26 21:48:19+00:00
241862931,jinan-telecom,wuhan-telecom,48.635,0.0,icmp,1593208260,2020-06-26 21:51:00+00:00
241863171,jinan-telecom,wuhan-telecom,39.3431,0.0,icmp,1593208339,2020-06-26 21:52:19+00:00
241863394,jinan-telecom,wuhan-telecom,49.9546,0.0,icmp,1593208500,2020-06-26 21:55:00+00:00
241863632,jinan-telecom,wuhan-telecom,45.7704,0.0,icmp,1593208620,2020-06-26 21:57:00+00:00
241863873,jinan-telecom,wuhan-telecom,44.2169,0.0,icmp,1593208740,2020-06-26 21:59:00+00:00
241864110,jinan-telecom,wuhan-telecom,39.4664,0.0,icmp,1593208879,2020-06-26 22:01:19+00:00
241864284,jinan-telecom,wuhan-telecom,39.4475,0.0,icmp,1593208999,2020-06-26 22:03:19+00:00
241864510,jinan-telecom,wuhan-telecom,47.153,0.0,icmp,1593209100,2020-06-26 22:05:00+00:00
241864732,jinan-telecom,wuhan-telecom,47.7932,0.0,icmp,1593209220,2020-06-26 22:07:00+00:00
241864972,jinan-telecom,wuhan-telecom,39.6678,0.0,icmp,1593209299,2020-06-26 22:08:19+00:00
241865208,jinan-telecom,wuhan-telecom,47.9256,0.0,icmp,1593209460,2020-06-26 22:11:00+00:00
241865432,jinan-telecom,wuhan-telecom,48.8111,0.0,icmp,1593209580,2020-06-26 22:13:00+00:00
241865648,jinan-telecom,wuhan-telecom,46.6905,0.0,icmp,1593209700,2020-06-26 22:15:00+00:00
241865871,jinan-telecom,wuhan-telecom,39.4818,0.0,icmp,1593209779,2020-06-26 22:16:19+00:00
241866085,jinan-telecom,wuhan-telecom,39.3616,0.0,icmp,1593209959,2020-06-26 22:19:19+00:00
241866308,jinan-telecom,wuhan-telecom,46.0036,0.0,icmp,1593210060,2020-06-26 22:21:00+00:00
241866553,jinan-telecom,wuhan-telecom,39.5825,0.0,icmp,1593210180,2020-06-26 22:23:00+00:00
241866768,jinan-telecom,wuhan-telecom,46.6083,0.0,icmp,1593210300,2020-06-26 22:25:00+00:00
241866981,jinan-telecom,wuhan-telecom,47.0524,0.0,icmp,1593210420,2020-06-26 22:27:00+00:00
241867211,jinan-telecom,wuhan-telecom,48.8665,0.0,icmp,1593210540,2020-06-26 22:29:00+00:00
241867436,jinan-telecom,wuhan-telecom,46.1276,0.0,icmp,1593210660,2020-06-26 22:31:00+00:00
241867680,jinan-telecom,wuhan-telecom,47.3526,0.0,icmp,1593210780,2020-06-26 22:33:00+00:00
241867899,jinan-telecom,wuhan-telecom,48.0079,0.0,icmp,1593210900,2020-06-26 22:35:00+00:00
241868111,jinan-telecom,wuhan-telecom,40.2914,0.0,icmp,1593211020,2020-06-26 22:37:00+00:00
241868335,jinan-telecom,wuhan-telecom,46.1678,0.0,icmp,1593211140,2020-06-26 22:39:00+00:00
241868570,jinan-telecom,wuhan-telecom,46.5932,0.0,icmp,1593211260,2020-06-26 22:41:00+00:00
241868807,jinan-telecom,wuhan-telecom,39.3199,0.0,icmp,1593211399,2020-06-26 22:43:19+00:00
241869007,jinan-telecom,wuhan-telecom,40.7107,0.0,icmp,1593211500,2020-06-26 22:45:00+00:00
241869235,jinan-telecom,wuhan-telecom,42.2615,0.0,icmp,1593211620,2020-06-26 22:47:00+00:00
241869466,jinan-telecom,wuhan-telecom,46.8104,0.0,icmp,1593211740,2020-06-26 22:49:00+00:00
241869706,jinan-telecom,wuhan-telecom,48.0312,0.0,icmp,1593211860,2020-06-26 22:51:00+00:00
241869916,jinan-telecom,wuhan-telecom,39.699,0.0,icmp,1593211999,2020-06-26 22:53:19+00:00
241870176,jinan-telecom,wuhan-telecom,49.3096,0.0,icmp,1593212100,2020-06-26 22:55:00+00:00
241870383,jinan-telecom,wuhan-telecom,48.6877,0.0,icmp,1593212220,2020-06-26 22:57:00+00:00
241870584,jinan-telecom,wuhan-telecom,45.6245,0.0,icmp,1593212340,2020-06-26 22:59:00+00:00
241870808,jinan-telecom,wuhan-telecom,39.3353,0.0,icmp,1593212479,2020-06-26 23:01:19+00:00
241871048,jinan-telecom,wuhan-telecom,44.2818,0.0,icmp,1593212580,2020-06-26 23:03:00+00:00
241871254,jinan-telecom,wuhan-telecom,47.1465,0.0,icmp,1593212700,2020-06-26 23:05:00+00:00
241871485,jinan-telecom,wuhan-telecom,47.5366,0.0,icmp,1593212820,2020-06-26 23:07:00+00:00
241871708,jinan-telecom,wuhan-telecom,46.2814,0.0,icmp,1593212940,2020-06-26 23:09:00+00:00
241871939,jinan-telecom,wuhan-telecom,47.1779,0.0,icmp,1593213060,2020-06-26 23:11:00+00:00
241872159,jinan-telecom,wuhan-telecom,46.7855,0.0,icmp,1593213180,2020-06-26 23:13:00+00:00
241872389,jinan-telecom,wuhan-telecom,47.2742,0.0,icmp,1593213300,2020-06-26 23:15:00+00:00
241872615,jinan-telecom,wuhan-telecom,48.1787,0.0,icmp,1593213420,2020-06-26 23:17:00+00:00
241872857,jinan-telecom,wuhan-telecom,46.4096,0.0,icmp,1593213540,2020-06-26 23:19:00+00:00
241873084,jinan-telecom,wuhan-telecom,45.1787,0.0,icmp,1593213660,2020-06-26 23:21:00+00:00
241873309,jinan-telecom,wuhan-telecom,46.1057,0.0,icmp,1593213780,2020-06-26 23:23:00+00:00
241873531,jinan-telecom,wuhan-telecom,39.4931,0.0,icmp,1593213919,2020-06-26 23:25:19+00:00
241873737,jinan-telecom,wuhan-telecom,45.9694,0.0,icmp,1593214020,2020-06-26 23:27:00+00:00
241873960,jinan-telecom,wuhan-telecom,40.6046,0.0,icmp,1593214140,2020-06-26 23:29:00+00:00
241874186,jinan-telecom,wuhan-telecom,39.484,0.0,icmp,1593214219,2020-06-26 23:30:19+00:00
241874420,jinan-telecom,wuhan-telecom,45.6774,0.0,icmp,1593214380,2020-06-26 23:33:00+00:00
241874641,jinan-telecom,wuhan-telecom,48.9891,0.0,icmp,1593214500,2020-06-26 23:35:00+00:00
241874877,jinan-telecom,wuhan-telecom,47.1854,0.0,icmp,1593214620,2020-06-26 23:37:00+00:00
241875092,jinan-telecom,wuhan-telecom,47.6492,0.0,icmp,1593214740,2020-06-26 23:39:00+00:00
241875311,jinan-telecom,wuhan-telecom,47.1368,0.0,icmp,1593214860,2020-06-26 23:41:00+00:00
241875538,jinan-telecom,wuhan-telecom,40.9608,0.0,icmp,1593214980,2020-06-26 23:43:00+00:00
241875758,jinan-telecom,wuhan-telecom,46.8916,0.0,icmp,1593215100,2020-06-26 23:45:00+00:00
241876011,jinan-telecom,wuhan-telecom,47.669,0.0,icmp,1593215220,2020-06-26 23:47:00+00:00
241876235,jinan-telecom,wuhan-telecom,39.3933,0.0,icmp,1593215359,2020-06-26 23:49:19+00:00
241876442,jinan-telecom,wuhan-telecom,46.7267,0.0,icmp,1593215460,2020-06-26 23:51:00+00:00
241876654,jinan-telecom,wuhan-telecom,47.8597,0.0,icmp,1593215580,2020-06-26 23:53:00+00:00
241876866,jinan-telecom,wuhan-telecom,46.2961,0.0,icmp,1593215700,2020-06-26 23:55:00+00:00
241877110,jinan-telecom,wuhan-telecom,39.3851,0.0,icmp,1593215820,2020-06-26 23:57:00+00:00
241877372,jinan-telecom,wuhan-telecom,47.6078,0.0,icmp,1593215940,2020-06-26 23:59:00+00:00
241877561,jinan-telecom,wuhan-telecom,46.0141,0.0,icmp,1593216060,2020-06-27 00:01:00+00:00
241877782,jinan-telecom,wuhan-telecom,45.3336,0.0,icmp,1593216180,2020-06-27 00:03:00+00:00
241878039,jinan-telecom,wuhan-telecom,48.5518,0.0,icmp,1593216300,2020-06-27 00:05:00+00:00
241878251,jinan-telecom,wuhan-telecom,47.303,0.0,icmp,1593216420,2020-06-27 00:07:00+00:00
241878462,jinan-telecom,wuhan-telecom,39.3367,0.0,icmp,1593216499,2020-06-27 00:08:19+00:00
241878691,jinan-telecom,wuhan-telecom,49.3763,0.0,icmp,1593216660,2020-06-27 00:11:00+00:00
241878950,jinan-telecom,wuhan-telecom,45.4789,0.0,icmp,1593216780,2020-06-27 00:13:00+00:00
241879142,jinan-telecom,wuhan-telecom,48.3433,0.0,icmp,1593216900,2020-06-27 00:15:00+00:00
241879361,jinan-telecom,wuhan-telecom,47.5247,0.0,icmp,1593217020,2020-06-27 00:17:00+00:00
241879606,jinan-telecom,wuhan-telecom,47.7358,0.0,icmp,1593217140,2020-06-27 00:19:00+00:00
241879815,jinan-telecom,wuhan-telecom,42.0617,0.0,icmp,1593217260,2020-06-27 00:21:00+00:00
241880050,jinan-telecom,wuhan-telecom,39.5023,0.0,icmp,1593217384,2020-06-27 00:23:04+00:00
241880265,jinan-telecom,wuhan-telecom,50.0744,0.0,icmp,1593217500,2020-06-27 00:25:00+00:00
241880484,jinan-telecom,wuhan-telecom,47.4699,0.0,icmp,1593217620,2020-06-27 00:27:00+00:00
241880719,jinan-telecom,wuhan-telecom,45.9189,0.0,icmp,1593217740,2020-06-27 00:29:00+00:00
241880960,jinan-telecom,wuhan-telecom,47.8318,0.0,icmp,1593217860,2020-06-27 00:31:00+00:00
241881170,jinan-telecom,wuhan-telecom,44.5434,0.0,icmp,1593217980,2020-06-27 00:33:00+00:00
241881386,jinan-telecom,wuhan-telecom,47.5079,0.0,icmp,1593218100,2020-06-27 00:35:00+00:00
241881618,jinan-telecom,wuhan-telecom,47.6837,0.0,icmp,1593218220,2020-06-27 00:37:00+00:00
241881842,jinan-telecom,wuhan-telecom,39.669,0.0,icmp,1593218359,2020-06-27 00:39:19+00:00
241882095,jinan-telecom,wuhan-telecom,46.0111,0.0,icmp,1593218460,2020-06-27 00:41:00+00:00
241882289,jinan-telecom,wuhan-telecom,48.3493,0.0,icmp,1593218580,2020-06-27 00:43:00+00:00
241882528,jinan-telecom,wuhan-telecom,39.3758,0.0,icmp,1593218659,2020-06-27 00:44:19+00:00
241882757,jinan-telecom,wuhan-telecom,47.4542,0.0,icmp,1593218820,2020-06-27 00:47:00+00:00
241882965,jinan-telecom,wuhan-telecom,50.0766,0.0,icmp,1593218940,2020-06-27 00:49:00+00:00
241883214,jinan-telecom,wuhan-telecom,43.4213,0.0,icmp,1593219060,2020-06-27 00:51:00+00:00
241883424,jinan-telecom,wuhan-telecom,47.8955,0.0,icmp,1593219180,2020-06-27 00:53:00+00:00
241883658,jinan-telecom,wuhan-telecom,47.9473,0.0,icmp,1593219300,2020-06-27 00:55:00+00:00
241883870,jinan-telecom,wuhan-telecom,45.8176,0.0,icmp,1593219420,2020-06-27 00:57:00+00:00
241884086,jinan-telecom,wuhan-telecom,46.8663,0.0,icmp,1593219540,2020-06-27 00:59:00+00:00
241884327,jinan-telecom,wuhan-telecom,39.4286,0.0,icmp,1593219679,2020-06-27 01:01:19+00:00
241884542,jinan-telecom,wuhan-telecom,47.3372,0.0,icmp,1593219780,2020-06-27 01:03:00+00:00
241884754,jinan-telecom,wuhan-telecom,44.9067,0.0,icmp,1593219900,2020-06-27 01:05:00+00:00
241884997,jinan-telecom,wuhan-telecom,46.8595,0.0,icmp,1593220020,2020-06-27 01:07:00+00:00
241885229,jinan-telecom,wuhan-telecom,47.0644,0.0,icmp,1593220140,2020-06-27 01:09:00+00:00
241885452,jinan-telecom,wuhan-telecom,45.907,0.0,icmp,1593220260,2020-06-27 01:11:00+00:00
241885648,jinan-telecom,wuhan-telecom,46.9009,0.0,icmp,1593220380,2020-06-27 01:13:00+00:00
241885902,jinan-telecom,wuhan-telecom,43.3154,0.0,icmp,1593220500,2020-06-27 01:15:00+00:00
241886113,jinan-telecom,wuhan-telecom,47.7126,0.0,icmp,1593220620,2020-06-27 01:17:00+00:00
241886344,jinan-telecom,wuhan-telecom,39.3635,0.0,icmp,1593220759,2020-06-27 01:19:19+00:00
241886578,jinan-telecom,wuhan-telecom,39.5634,0.0,icmp,1593220879,2020-06-27 01:21:19+00:00
241886772,jinan-telecom,wuhan-telecom,50.1342,0.0,icmp,1593220980,2020-06-27 01:23:00+00:00
241887035,jinan-telecom,wuhan-telecom,47.0328,0.0,icmp,1593221100,2020-06-27 01:25:00+00:00
241887260,jinan-telecom,wuhan-telecom,46.5978,0.0,icmp,1593221220,2020-06-27 01:27:00+00:00
241887476,jinan-telecom,wuhan-telecom,48.429,0.0,icmp,1593221340,2020-06-27 01:29:00+00:00
241887685,jinan-telecom,wuhan-telecom,47.6734,0.0,icmp,1593221460,2020-06-27 01:31:00+00:00
241887915,jinan-telecom,wuhan-telecom,39.4963,0.0,icmp,1593221539,2020-06-27 01:32:19+00:00
241888158,jinan-telecom,wuhan-telecom,50.6891,0.0,icmp,1593221700,2020-06-27 01:35:00+00:00
241888386,jinan-telecom,wuhan-telecom,43.8411,0.0,icmp,1593221820,2020-06-27 01:37:00+00:00
241888582,jinan-telecom,wuhan-telecom,47.1262,0.0,icmp,1593221940,2020-06-27 01:39:00+00:00
241888810,jinan-telecom,wuhan-telecom,45.1523,0.0,icmp,1593222060,2020-06-27 01:41:00+00:00
241889045,jinan-telecom,wuhan-telecom,47.5345,0.0,icmp,1593222180,2020-06-27 01:43:00+00:00
241889265,jinan-telecom,wuhan-telecom,47.6184,0.0,icmp,1593222300,2020-06-27 01:45:00+00:00
241889501,jinan-telecom,wuhan-telecom,47.9216,0.0,icmp,1593222420,2020-06-27 01:47:00+00:00
241889722,jinan-telecom,wuhan-telecom,47.5431,0.0,icmp,1593222540,2020-06-27 01:49:00+00:00
241889968,jinan-telecom,wuhan-telecom,39.5146,0.0,icmp,1593222679,2020-06-27 01:51:19+00:00
241890170,jinan-telecom,wuhan-telecom,46.8061,0.0,icmp,1593222780,2020-06-27 01:53:00+00:00
241890420,jinan-telecom,wuhan-telecom,45.7818,0.0,icmp,1593222900,2020-06-27 01:55:00+00:00
241890582,jinan-telecom,wuhan-telecom,45.7206,0.0,icmp,1593223020,2020-06-27 01:57:00+00:00
241890830,jinan-telecom,wuhan-telecom,48.6593,0.0,icmp,1593223140,2020-06-27 01:59:00+00:00
241891040,jinan-telecom,wuhan-telecom,46.5906,0.0,icmp,1593223260,2020-06-27 02:01:00+00:00
241891277,jinan-telecom,wuhan-telecom,48.303,0.0,icmp,1593223380,2020-06-27 02:03:00+00:00
241891521,jinan-telecom,wuhan-telecom,47.5019,0.0,icmp,1593223500,2020-06-27 02:05:00+00:00
241891755,jinan-telecom,wuhan-telecom,49.2151,0.0,icmp,1593223620,2020-06-27 02:07:00+00:00
241891965,jinan-telecom,wuhan-telecom,46.8704,0.0,icmp,1593223740,2020-06-27 02:09:00+00:00
241892194,jinan-telecom,wuhan-telecom,39.42,0.0,icmp,1593223879,2020-06-27 02:11:19+00:00
241892463,jinan-telecom,wuhan-telecom,41.1833,0.0,icmp,1593223980,2020-06-27 02:13:00+00:00
241892647,jinan-telecom,wuhan-telecom,48.2232,0.0,icmp,1593224100,2020-06-27 02:15:00+00:00
241892864,jinan-telecom,wuhan-telecom,47.3855,0.0,icmp,1593224220,2020-06-27 02:17:00+00:00
241893079,jinan-telecom,wuhan-telecom,48.6802,0.0,icmp,1593224340,2020-06-27 02:19:00+00:00
241893306,jinan-telecom,wuhan-telecom,45.0776,0.0,icmp,1593224460,2020-06-27 02:21:00+00:00
241893557,jinan-telecom,wuhan-telecom,45.9147,0.0,icmp,1593224580,2020-06-27 02:23:00+00:00
241893765,jinan-telecom,wuhan-telecom,46.6737,0.0,icmp,1593224700,2020-06-27 02:25:00+00:00
241893985,jinan-telecom,wuhan-telecom,48.8407,0.0,icmp,1593224820,2020-06-27 02:27:00+00:00
241894210,jinan-telecom,wuhan-telecom,50.175,0.0,icmp,1593224940,2020-06-27 02:29:00+00:00
241894440,jinan-telecom,wuhan-telecom,46.9273,0.0,icmp,1593225060,2020-06-27 02:31:00+00:00
241894675,jinan-telecom,wuhan-telecom,46.1753,0.0,icmp,1593225180,2020-06-27 02:33:00+00:00
241894890,jinan-telecom,wuhan-telecom,47.5387,0.0,icmp,1593225300,2020-06-27 02:35:00+00:00
241895109,jinan-telecom,wuhan-telecom,45.6908,0.0,icmp,1593225420,2020-06-27 02:37:00+00:00
241895346,jinan-telecom,wuhan-telecom,39.5129,0.0,icmp,1593225559,2020-06-27 02:39:19+00:00
241895573,jinan-telecom,wuhan-telecom,47.381,0.0,icmp,1593225660,2020-06-27 02:41:00+00:00
241895783,jinan-telecom,wuhan-telecom,40.2892,0.0,icmp,1593225780,2020-06-27 02:43:00+00:00
241896021,jinan-telecom,wuhan-telecom,43.6989,0.0,icmp,1593225900,2020-06-27 02:45:00+00:00
241896253,jinan-telecom,wuhan-telecom,47.2627,0.0,icmp,1593226020,2020-06-27 02:47:00+00:00
241896482,jinan-telecom,wuhan-telecom,45.3778,0.0,icmp,1593226140,2020-06-27 02:49:00+00:00
241896683,jinan-telecom,wuhan-telecom,46.9612,0.0,icmp,1593226260,2020-06-27 02:51:00+00:00
241896923,jinan-telecom,wuhan-telecom,49.2547,0.0,icmp,1593226380,2020-06-27 02:53:00+00:00
241897153,jinan-telecom,wuhan-telecom,43.0538,0.0,icmp,1593226500,2020-06-27 02:55:00+00:00
241897364,jinan-telecom,wuhan-telecom,47.2941,0.0,icmp,1593226620,2020-06-27 02:57:00+00:00
241897604,jinan-telecom,wuhan-telecom,47.9836,0.0,icmp,1593226740,2020-06-27 02:59:00+00:00
241897810,jinan-telecom,wuhan-telecom,39.6583,0.0,icmp,1593226819,2020-06-27 03:00:19+00:00
241898044,jinan-telecom,wuhan-telecom,41.4471,0.0,icmp,1593226980,2020-06-27 03:03:00+00:00
241898269,jinan-telecom,wuhan-telecom,45.7001,0.0,icmp,1593227100,2020-06-27 03:05:00+00:00
241898510,jinan-telecom,wuhan-telecom,39.4037,0.0,icmp,1593227179,2020-06-27 03:06:19+00:00
241898706,jinan-telecom,wuhan-telecom,39.3927,0.0,icmp,1593227359,2020-06-27 03:09:19+00:00
241898946,jinan-telecom,wuhan-telecom,44.9789,0.0,icmp,1593227460,2020-06-27 03:11:00+00:00
241899168,jinan-telecom,wuhan-telecom,46.6497,0.0,icmp,1593227580,2020-06-27 03:13:00+00:00
241899426,jinan-telecom,wuhan-telecom,47.2654,0.0,icmp,1593227700,2020-06-27 03:15:00+00:00
241899605,jinan-telecom,wuhan-telecom,48.8251,0.0,icmp,1593227820,2020-06-27 03:17:00+00:00
241899849,jinan-telecom,wuhan-telecom,46.7501,0.0,icmp,1593227940,2020-06-27 03:19:00+00:00
241900061,jinan-telecom,wuhan-telecom,41.8159,0.0,icmp,1593228060,2020-06-27 03:21:00+00:00
241900292,jinan-telecom,wuhan-telecom,45.4565,0.0,icmp,1593228180,2020-06-27 03:23:00+00:00
241900507,jinan-telecom,wuhan-telecom,39.4242,0.0,icmp,1593228319,2020-06-27 03:25:19+00:00
241900740,jinan-telecom,wuhan-telecom,46.1577,0.0,icmp,1593228420,2020-06-27 03:27:00+00:00
241900963,jinan-telecom,wuhan-telecom,47.02,0.0,icmp,1593228540,2020-06-27 03:29:00+00:00
241901185,jinan-telecom,wuhan-telecom,47.6605,0.0,icmp,1593228660,2020-06-27 03:31:00+00:00
241901411,jinan-telecom,wuhan-telecom,44.2689,0.0,icmp,1593228780,2020-06-27 03:33:00+00:00
241901647,jinan-telecom,wuhan-telecom,41.5201,0.0,icmp,1593228900,2020-06-27 03:35:00+00:00
241901876,jinan-telecom,wuhan-telecom,45.1334,0.0,icmp,1593229020,2020-06-27 03:37:00+00:00
241902105,jinan-telecom,wuhan-telecom,48.5139,0.0,icmp,1593229140,2020-06-27 03:39:00+00:00
241902312,jinan-telecom,wuhan-telecom,45.1036,0.0,icmp,1593229260,2020-06-27 03:41:00+00:00
241902545,jinan-telecom,wuhan-telecom,39.4301,0.0,icmp,1593229339,2020-06-27 03:42:19+00:00
241902791,jinan-telecom,wuhan-telecom,47.7187,0.0,icmp,1593229500,2020-06-27 03:45:00+00:00
241902988,jinan-telecom,wuhan-telecom,45.3601,0.0,icmp,1593229620,2020-06-27 03:47:00+00:00
241903213,jinan-telecom,wuhan-telecom,39.3599,0.0,icmp,1593229759,2020-06-27 03:49:19+00:00
241903459,jinan-telecom,wuhan-telecom,45.7274,0.0,icmp,1593229860,2020-06-27 03:51:00+00:00
241903666,jinan-telecom,wuhan-telecom,49.6215,0.0,icmp,1593229980,2020-06-27 03:53:00+00:00
241903892,jinan-telecom,wuhan-telecom,39.3649,0.0,icmp,1593230059,2020-06-27 03:54:19+00:00
241904112,jinan-telecom,wuhan-telecom,50.0723,0.0,icmp,1593230220,2020-06-27 03:57:00+00:00
241904326,jinan-telecom,wuhan-telecom,46.8053,0.0,icmp,1593230340,2020-06-27 03:59:00+00:00
241904555,jinan-telecom,wuhan-telecom,39.4338,0.0,icmp,1593230479,2020-06-27 04:01:19+00:00
241904781,jinan-telecom,wuhan-telecom,46.6559,0.0,icmp,1593230580,2020-06-27 04:03:00+00:00
241905013,jinan-telecom,wuhan-telecom,47.808,0.0,icmp,1593230700,2020-06-27 04:05:00+00:00
241905254,jinan-telecom,wuhan-telecom,46.5755,0.0,icmp,1593230820,2020-06-27 04:07:00+00:00
241905458,jinan-telecom,wuhan-telecom,47.7223,0.0,icmp,1593230940,2020-06-27 04:09:00+00:00
241905704,jinan-telecom,wuhan-telecom,46.1256,0.0,icmp,1593231060,2020-06-27 04:11:00+00:00
241905906,jinan-telecom,wuhan-telecom,39.3311,0.0,icmp,1593231139,2020-06-27 04:12:19+00:00
241906139,jinan-telecom,wuhan-telecom,40.9388,0.0,icmp,1593231300,2020-06-27 04:15:00+00:00
241906375,jinan-telecom,wuhan-telecom,48.305,0.0,icmp,1593231420,2020-06-27 04:17:00+00:00
241906585,jinan-telecom,wuhan-telecom,45.1744,0.0,icmp,1593231540,2020-06-27 04:19:00+00:00
241906827,jinan-telecom,wuhan-telecom,46.2403,0.0,icmp,1593231660,2020-06-27 04:21:00+00:00
241907048,jinan-telecom,wuhan-telecom,39.6296,0.0,icmp,1593231739,2020-06-27 04:22:19+00:00
241907279,jinan-telecom,wuhan-telecom,39.4412,0.0,icmp,1593231859,2020-06-27 04:24:19+00:00
241907487,jinan-telecom,wuhan-telecom,39.3819,0.0,icmp,1593232039,2020-06-27 04:27:19+00:00
241907726,jinan-telecom,wuhan-telecom,46.463,0.0,icmp,1593232140,2020-06-27 04:29:00+00:00
241907952,jinan-telecom,wuhan-telecom,42.3448,0.0,icmp,1593232264,2020-06-27 04:31:04+00:00
241908152,jinan-telecom,wuhan-telecom,45.9303,0.0,icmp,1593232380,2020-06-27 04:33:00+00:00
241908404,jinan-telecom,wuhan-telecom,39.5904,0.0,icmp,1593232519,2020-06-27 04:35:19+00:00
241908627,jinan-telecom,wuhan-telecom,45.1904,0.0,icmp,1593232620,2020-06-27 04:37:00+00:00
241908835,jinan-telecom,wuhan-telecom,48.6773,0.0,icmp,1593232740,2020-06-27 04:39:00+00:00
241909068,jinan-telecom,wuhan-telecom,44.3328,0.0,icmp,1593232864,2020-06-27 04:41:04+00:00
241909276,jinan-telecom,wuhan-telecom,47.0532,0.0,icmp,1593232980,2020-06-27 04:43:00+00:00
241909503,jinan-telecom,wuhan-telecom,46.0186,0.0,icmp,1593233100,2020-06-27 04:45:00+00:00
241909744,jinan-telecom,wuhan-telecom,46.8647,0.0,icmp,1593233220,2020-06-27 04:47:00+00:00
241909975,jinan-telecom,wuhan-telecom,39.3166,0.0,icmp,1593233359,2020-06-27 04:49:19+00:00
241910197,jinan-telecom,wuhan-telecom,46.1008,0.0,icmp,1593233460,2020-06-27 04:51:00+00:00
241910432,jinan-telecom,wuhan-telecom,45.8828,0.0,icmp,1593233580,2020-06-27 04:53:00+00:00
241910639,jinan-telecom,wuhan-telecom,39.5132,0.0,icmp,1593233719,2020-06-27 04:55:19+00:00
241910874,jinan-telecom,wuhan-telecom,45.2488,0.0,icmp,1593233820,2020-06-27 04:57:00+00:00
241911090,jinan-telecom,wuhan-telecom,42.6543,0.0,icmp,1593233940,2020-06-27 04:59:00+00:00
241911323,jinan-telecom,wuhan-telecom,45.2674,0.0,icmp,1593234060,2020-06-27 05:01:00+00:00
241911560,jinan-telecom,wuhan-telecom,46.9228,0.0,icmp,1593234180,2020-06-27 05:03:00+00:00
241911768,jinan-telecom,wuhan-telecom,39.3434,0.0,icmp,1593234319,2020-06-27 05:05:19+00:00
241911988,jinan-telecom,wuhan-telecom,47.0543,0.0,icmp,1593234420,2020-06-27 05:07:00+00:00
246143063,jinan-telecom,wuhan-telecom,43.3525,0.0,icmp,1592920800,2020-06-23 14:00:00+00:00
246143279,jinan-telecom,wuhan-telecom,44.9146,0.0,icmp,1592920920,2020-06-23 14:02:00+00:00
246143501,jinan-telecom,wuhan-telecom,47.0947,0.0,icmp,1592921040,2020-06-23 14:04:00+00:00
246143740,jinan-telecom,wuhan-telecom,47.7203,0.0,icmp,1592921160,2020-06-23 14:06:00+00:00
246143970,jinan-telecom,wuhan-telecom,39.4239,0.0,icmp,1592921239,2020-06-23 14:07:19+00:00
246144180,jinan-telecom,wuhan-telecom,47.5601,0.0,icmp,1592921400,2020-06-23 14:10:00+00:00
246144413,jinan-telecom,wuhan-telecom,39.3663,0.0,icmp,1592921479,2020-06-23 14:11:19+00:00
246144638,jinan-telecom,wuhan-telecom,44.9153,0.0,icmp,1592921640,2020-06-23 14:14:00+00:00
246144883,jinan-telecom,wuhan-telecom,48.5645,0.0,icmp,1592921760,2020-06-23 14:16:00+00:00
246145090,jinan-telecom,wuhan-telecom,40.3315,0.0,icmp,1592921880,2020-06-23 14:18:00+00:00
246145349,jinan-telecom,wuhan-telecom,43.1917,0.0,icmp,1592922000,2020-06-23 14:20:00+00:00
246145572,jinan-telecom,wuhan-telecom,46.2983,0.0,icmp,1592922120,2020-06-23 14:22:00+00:00
246145800,jinan-telecom,wuhan-telecom,39.3403,0.0,icmp,1592922199,2020-06-23 14:23:19+00:00
246146015,jinan-telecom,wuhan-telecom,40.9195,0.0,icmp,1592922360,2020-06-23 14:26:00+00:00
246146254,jinan-telecom,wuhan-telecom,39.3653,0.0,icmp,1592922439,2020-06-23 14:27:19+00:00
246146489,jinan-telecom,wuhan-telecom,44.8513,0.0,icmp,1592922600,2020-06-23 14:30:00+00:00
246146714,jinan-telecom,wuhan-telecom,44.6306,0.0,icmp,1592922720,2020-06-23 14:32:00+00:00
246146926,jinan-telecom,wuhan-telecom,49.622,0.0,icmp,1592922840,2020-06-23 14:34:00+00:00
246147175,jinan-telecom,wuhan-telecom,45.1116,0.0,icmp,1592922960,2020-06-23 14:36:00+00:00
246147396,jinan-telecom,wuhan-telecom,45.4099,0.0,icmp,1592923080,2020-06-23 14:38:00+00:00
246147610,jinan-telecom,wuhan-telecom,47.229,0.0,icmp,1592923200,2020-06-23 14:40:00+00:00
246147852,jinan-telecom,wuhan-telecom,44.9955,0.0,icmp,1592923320,2020-06-23 14:42:00+00:00
246148077,jinan-telecom,wuhan-telecom,39.5206,0.0,icmp,1592923399,2020-06-23 14:43:19+00:00
246148284,jinan-telecom,wuhan-telecom,39.4426,0.0,icmp,1592923519,2020-06-23 14:45:19+00:00
246148536,jinan-telecom,wuhan-telecom,47.1742,0.0,icmp,1592923680,2020-06-23 14:48:00+00:00
246148797,jinan-telecom,wuhan-telecom,41.829,0.0,icmp,1592923800,2020-06-23 14:50:00+00:00
246149002,jinan-telecom,wuhan-telecom,42.0555,0.0,icmp,1592923920,2020-06-23 14:52:00+00:00
246149228,jinan-telecom,wuhan-telecom,48.2708,0.0,icmp,1592924040,2020-06-23 14:54:00+00:00
246149454,jinan-telecom,wuhan-telecom,42.1954,0.0,icmp,1592924160,2020-06-23 14:56:00+00:00
246149682,jinan-telecom,wuhan-telecom,39.3619,0.0,icmp,1592924299,2020-06-23 14:58:19+00:00
246149914,jinan-telecom,wuhan-telecom,41.9429,0.0,icmp,1592924400,2020-06-23 15:00:00+00:00
246150158,jinan-telecom,wuhan-telecom,45.0892,0.0,icmp,1592924520,2020-06-23 15:02:00+00:00
246150365,jinan-telecom,wuhan-telecom,47.0782,0.0,icmp,1592924640,2020-06-23 15:04:00+00:00
246150573,jinan-telecom,wuhan-telecom,46.0896,0.0,icmp,1592924760,2020-06-23 15:06:00+00:00
246150836,jinan-telecom,wuhan-telecom,47.6751,0.0,icmp,1592924880,2020-06-23 15:08:00+00:00
246151056,jinan-telecom,wuhan-telecom,39.359,0.0,icmp,1592925019,2020-06-23 15:10:19+00:00
246151283,jinan-telecom,wuhan-telecom,46.9044,0.0,icmp,1592925120,2020-06-23 15:12:00+00:00
246151516,jinan-telecom,wuhan-telecom,47.5767,0.0,icmp,1592925240,2020-06-23 15:14:00+00:00
246151744,jinan-telecom,wuhan-telecom,39.387,0.0,icmp,1592925319,2020-06-23 15:15:19+00:00
246151980,jinan-telecom,wuhan-telecom,45.5151,0.0,icmp,1592925480,2020-06-23 15:18:00+00:00
246152198,jinan-telecom,wuhan-telecom,45.7246,0.0,icmp,1592925600,2020-06-23 15:20:00+00:00
246152442,jinan-telecom,wuhan-telecom,41.6607,0.0,icmp,1592925720,2020-06-23 15:22:00+00:00
246152663,jinan-telecom,wuhan-telecom,39.3453,0.0,icmp,1592925859,2020-06-23 15:24:19+00:00
246152888,jinan-telecom,wuhan-telecom,39.8868,0.0,icmp,1592925979,2020-06-23 15:26:19+00:00
246153112,jinan-telecom,wuhan-telecom,45.8553,0.0,icmp,1592926080,2020-06-23 15:28:00+00:00
246153327,jinan-telecom,wuhan-telecom,46.566,0.0,icmp,1592926200,2020-06-23 15:30:00+00:00
246153624,jinan-telecom,wuhan-telecom,45.5198,0.0,icmp,1592926320,2020-06-23 15:32:00+00:00
246153818,jinan-telecom,wuhan-telecom,46.8401,0.0,icmp,1592926440,2020-06-23 15:34:00+00:00
246154032,jinan-telecom,wuhan-telecom,47.0877,0.0,icmp,1592926560,2020-06-23 15:36:00+00:00
246154251,jinan-telecom,wuhan-telecom,39.3299,0.0,icmp,1592926639,2020-06-23 15:37:19+00:00
246154507,jinan-telecom,wuhan-telecom,46.5539,0.0,icmp,1592926800,2020-06-23 15:40:00+00:00
246154724,jinan-telecom,wuhan-telecom,46.0581,0.0,icmp,1592926920,2020-06-23 15:42:00+00:00
246154949,jinan-telecom,wuhan-telecom,46.9728,0.0,icmp,1592927040,2020-06-23 15:44:00+00:00
246155184,jinan-telecom,wuhan-telecom,44.8428,0.0,icmp,1592927160,2020-06-23 15:46:00+00:00
246155408,jinan-telecom,wuhan-telecom,39.4303,0.0,icmp,1592927299,2020-06-23 15:48:19+00:00
246155620,jinan-telecom,wuhan-telecom,48.2308,0.0,icmp,1592927400,2020-06-23 15:50:00+00:00
246155875,jinan-telecom,wuhan-telecom,45.9265,0.0,icmp,1592927520,2020-06-23 15:52:00+00:00
246156088,jinan-telecom,wuhan-telecom,49.1716,0.0,icmp,1592927640,2020-06-23 15:54:00+00:00
246156341,jinan-telecom,wuhan-telecom,40.7729,0.0,icmp,1592927760,2020-06-23 15:56:00+00:00
246156550,jinan-telecom,wuhan-telecom,43.859,0.0,icmp,1592927880,2020-06-23 15:58:00+00:00
246156785,jinan-telecom,wuhan-telecom,39.4382,0.0,icmp,1592927959,2020-06-23 15:59:19+00:00
246157018,jinan-telecom,wuhan-telecom,44.5687,0.0,icmp,1592928120,2020-06-23 16:02:00+00:00
246157244,jinan-telecom,wuhan-telecom,39.4564,0.0,icmp,1592928199,2020-06-23 16:03:19+00:00
246157475,jinan-telecom,wuhan-telecom,39.4393,0.0,icmp,1592928319,2020-06-23 16:05:19+00:00
246157686,jinan-telecom,wuhan-telecom,47.1466,0.0,icmp,1592928480,2020-06-23 16:08:00+00:00
246157921,jinan-telecom,wuhan-telecom,46.3833,0.0,icmp,1592928600,2020-06-23 16:10:00+00:00
246158158,jinan-telecom,wuhan-telecom,42.4075,0.0,icmp,1592928720,2020-06-23 16:12:00+00:00
246158378,jinan-telecom,wuhan-telecom,39.8694,0.0,icmp,1592928840,2020-06-23 16:14:00+00:00
246158599,jinan-telecom,wuhan-telecom,47.701,0.0,icmp,1592928960,2020-06-23 16:16:00+00:00
246158829,jinan-telecom,wuhan-telecom,48.3134,0.0,icmp,1592929080,2020-06-23 16:18:00+00:00
246159056,jinan-telecom,wuhan-telecom,39.4516,0.0,icmp,1592929219,2020-06-23 16:20:19+00:00
246159279,jinan-telecom,wuhan-telecom,40.5741,0.0,icmp,1592929320,2020-06-23 16:22:00+00:00
246159535,jinan-telecom,wuhan-telecom,41.105,0.0,icmp,1592929440,2020-06-23 16:24:00+00:00
246159747,jinan-telecom,wuhan-telecom,46.7336,0.0,icmp,1592929560,2020-06-23 16:26:00+00:00
246159968,jinan-telecom,wuhan-telecom,46.7294,0.0,icmp,1592929680,2020-06-23 16:28:00+00:00
246160175,jinan-telecom,wuhan-telecom,39.3715,0.0,icmp,1592929819,2020-06-23 16:30:19+00:00
246160419,jinan-telecom,wuhan-telecom,46.1242,0.0,icmp,1592929920,2020-06-23 16:32:00+00:00
246160659,jinan-telecom,wuhan-telecom,48.6458,0.0,icmp,1592930040,2020-06-23 16:34:00+00:00
246160881,jinan-telecom,wuhan-telecom,45.385,0.0,icmp,1592930160,2020-06-23 16:36:00+00:00
246161091,jinan-telecom,wuhan-telecom,48.5709,0.0,icmp,1592930280,2020-06-23 16:38:00+00:00
246161321,jinan-telecom,wuhan-telecom,41.8939,0.0,icmp,1592930400,2020-06-23 16:40:00+00:00
246161525,jinan-telecom,wuhan-telecom,39.9353,0.0,icmp,1592930465,2020-06-23 16:41:05+00:00
246161766,jinan-telecom,wuhan-telecom,47.898,0.0,icmp,1592930640,2020-06-23 16:44:00+00:00
246161979,jinan-telecom,wuhan-telecom,46.9124,0.0,icmp,1592930760,2020-06-23 16:46:00+00:00
246162203,jinan-telecom,wuhan-telecom,45.8984,0.0,icmp,1592930880,2020-06-23 16:48:00+00:00
246162435,jinan-telecom,wuhan-telecom,49.8603,0.0,icmp,1592931000,2020-06-23 16:50:00+00:00
246162655,jinan-telecom,wuhan-telecom,46.6029,0.0,icmp,1592931120,2020-06-23 16:52:00+00:00
246162880,jinan-telecom,wuhan-telecom,39.5297,0.0,icmp,1592931259,2020-06-23 16:54:19+00:00
246163088,jinan-telecom,wuhan-telecom,43.3551,0.0,icmp,1592931360,2020-06-23 16:56:00+00:00
246163300,jinan-telecom,wuhan-telecom,43.7776,0.0,icmp,1592931480,2020-06-23 16:58:00+00:00
246163523,jinan-telecom,wuhan-telecom,47.4664,0.0,icmp,1592931600,2020-06-23 17:00:00+00:00
246163740,jinan-telecom,wuhan-telecom,41.9962,0.0,icmp,1592931720,2020-06-23 17:02:00+00:00
246163976,jinan-telecom,wuhan-telecom,39.5493,0.0,icmp,1592931799,2020-06-23 17:03:19+00:00
246164188,jinan-telecom,wuhan-telecom,47.2037,0.0,icmp,1592931960,2020-06-23 17:06:00+00:00
246164409,jinan-telecom,wuhan-telecom,45.0292,0.0,icmp,1592932080,2020-06-23 17:08:00+00:00
246164635,jinan-telecom,wuhan-telecom,39.3521,0.0,icmp,1592932159,2020-06-23 17:09:19+00:00
246164894,jinan-telecom,wuhan-telecom,42.3118,0.0,icmp,1592932320,2020-06-23 17:12:00+00:00
246165094,jinan-telecom,wuhan-telecom,39.3566,0.0,icmp,1592932459,2020-06-23 17:14:19+00:00
246165310,jinan-telecom,wuhan-telecom,43.754,0.0,icmp,1592932560,2020-06-23 17:16:00+00:00
246165541,jinan-telecom,wuhan-telecom,39.3489,0.0,icmp,1592932699,2020-06-23 17:18:19+00:00
246165753,jinan-telecom,wuhan-telecom,46.6633,0.0,icmp,1592932800,2020-06-23 17:20:00+00:00
246165987,jinan-telecom,wuhan-telecom,45.3722,0.0,icmp,1592932920,2020-06-23 17:22:00+00:00
246166198,jinan-telecom,wuhan-telecom,39.5168,0.0,icmp,1592933059,2020-06-23 17:24:19+00:00
246166409,jinan-telecom,wuhan-telecom,39.5393,0.0,icmp,1592933160,2020-06-23 17:26:00+00:00
246166640,jinan-telecom,wuhan-telecom,44.0595,0.0,icmp,1592933280,2020-06-23 17:28:00+00:00
246166850,jinan-telecom,wuhan-telecom,48.7282,0.0,icmp,1592933400,2020-06-23 17:30:00+00:00
246167093,jinan-telecom,wuhan-telecom,41.9993,0.0,icmp,1592933520,2020-06-23 17:32:00+00:00
246167298,jinan-telecom,wuhan-telecom,39.5241,0.0,icmp,1592933659,2020-06-23 17:34:19+00:00
246167530,jinan-telecom,wuhan-telecom,42.0626,0.0,icmp,1592933760,2020-06-23 17:36:00+00:00
246167739,jinan-telecom,wuhan-telecom,44.5095,0.0,icmp,1592933880,2020-06-23 17:38:00+00:00
246167972,jinan-telecom,wuhan-telecom,40.8461,0.0,icmp,1592934000,2020-06-23 17:40:00+00:00
246168200,jinan-telecom,wuhan-telecom,39.4213,0.0,icmp,1592934139,2020-06-23 17:42:19+00:00
246168426,jinan-telecom,wuhan-telecom,39.9866,0.0,icmp,1592934240,2020-06-23 17:44:00+00:00
246168621,jinan-telecom,wuhan-telecom,40.6545,0.0,icmp,1592934360,2020-06-23 17:46:00+00:00
246168847,jinan-telecom,wuhan-telecom,39.4571,0.0,icmp,1592934439,2020-06-23 17:47:19+00:00
246169101,jinan-telecom,wuhan-telecom,39.3648,0.0,icmp,1592934559,2020-06-23 17:49:19+00:00
246169327,jinan-telecom,wuhan-telecom,39.5068,0.0,icmp,1592934739,2020-06-23 17:52:19+00:00
246169546,jinan-telecom,wuhan-telecom,48.7627,0.0,icmp,1592934840,2020-06-23 17:54:00+00:00
246169755,jinan-telecom,wuhan-telecom,39.4995,0.0,icmp,1592934919,2020-06-23 17:55:19+00:00
246169983,jinan-telecom,wuhan-telecom,45.5597,0.0,icmp,1592935080,2020-06-23 17:58:00+00:00
246170203,jinan-telecom,wuhan-telecom,39.3485,0.0,icmp,1592935219,2020-06-23 18:00:19+00:00
246170438,jinan-telecom,wuhan-telecom,39.3585,0.0,icmp,1592935339,2020-06-23 18:02:19+00:00
246170638,jinan-telecom,wuhan-telecom,49.1705,0.0,icmp,1592935440,2020-06-23 18:04:00+00:00
246170881,jinan-telecom,wuhan-telecom,39.4272,0.0,icmp,1592935579,2020-06-23 18:06:19+00:00
246171100,jinan-telecom,wuhan-telecom,41.921,0.0,icmp,1592935680,2020-06-23 18:08:00+00:00
246171325,jinan-telecom,wuhan-telecom,49.151,0.0,icmp,1592935800,2020-06-23 18:10:00+00:00
246171570,jinan-telecom,wuhan-telecom,39.4807,0.0,icmp,1592935879,2020-06-23 18:11:19+00:00
246171791,jinan-telecom,wuhan-telecom,39.4414,0.0,icmp,1592935999,2020-06-23 18:13:19+00:00
246172010,jinan-telecom,wuhan-telecom,39.3622,0.0,icmp,1592936119,2020-06-23 18:15:19+00:00
246172243,jinan-telecom,wuhan-telecom,45.5617,0.0,icmp,1592936280,2020-06-23 18:18:00+00:00
246172455,jinan-telecom,wuhan-telecom,46.3769,0.0,icmp,1592936400,2020-06-23 18:20:00+00:00
246172700,jinan-telecom,wuhan-telecom,47.1464,0.0,icmp,1592936520,2020-06-23 18:22:00+00:00
246172932,jinan-telecom,wuhan-telecom,46.5672,0.0,icmp,1592936640,2020-06-23 18:24:00+00:00
246173124,jinan-telecom,wuhan-telecom,46.7146,0.0,icmp,1592936760,2020-06-23 18:26:00+00:00
246173361,jinan-telecom,wuhan-telecom,46.8485,0.0,icmp,1592936880,2020-06-23 18:28:00+00:00
246173591,jinan-telecom,wuhan-telecom,46.2534,0.0,icmp,1592937000,2020-06-23 18:30:00+00:00
246173805,jinan-telecom,wuhan-telecom,47.4626,0.0,icmp,1592937120,2020-06-23 18:32:00+00:00
246174051,jinan-telecom,wuhan-telecom,47.7573,0.0,icmp,1592937240,2020-06-23 18:34:00+00:00
246174262,jinan-telecom,wuhan-telecom,47.891,0.0,icmp,1592937360,2020-06-23 18:36:00+00:00
246174487,jinan-telecom,wuhan-telecom,45.6932,0.0,icmp,1592937480,2020-06-23 18:38:00+00:00
246174718,jinan-telecom,wuhan-telecom,45.5043,0.0,icmp,1592937600,2020-06-23 18:40:00+00:00
246174961,jinan-telecom,wuhan-telecom,45.1477,0.0,icmp,1592937720,2020-06-23 18:42:00+00:00
246175190,jinan-telecom,wuhan-telecom,41.1134,0.0,icmp,1592937840,2020-06-23 18:44:00+00:00
246175400,jinan-telecom,wuhan-telecom,46.7096,0.0,icmp,1592937960,2020-06-23 18:46:00+00:00
246175643,jinan-telecom,wuhan-telecom,45.3325,0.0,icmp,1592938080,2020-06-23 18:48:00+00:00
246175862,jinan-telecom,wuhan-telecom,43.8816,0.0,icmp,1592938200,2020-06-23 18:50:00+00:00
246176084,jinan-telecom,wuhan-telecom,46.6875,0.0,icmp,1592938320,2020-06-23 18:52:00+00:00
246176347,jinan-telecom,wuhan-telecom,39.416,0.0,icmp,1592938399,2020-06-23 18:53:19+00:00
246176554,jinan-telecom,wuhan-telecom,48.4711,0.0,icmp,1592938560,2020-06-23 18:56:00+00:00
246176794,jinan-telecom,wuhan-telecom,51.3633,0.0,icmp,1592938680,2020-06-23 18:58:00+00:00
246177009,jinan-telecom,wuhan-telecom,46.0493,0.0,icmp,1592938800,2020-06-23 19:00:00+00:00
246177232,jinan-telecom,wuhan-telecom,40.8843,0.0,icmp,1592938920,2020-06-23 19:02:00+00:00
246177475,jinan-telecom,wuhan-telecom,46.9749,0.0,icmp,1592939040,2020-06-23 19:04:00+00:00
246177695,jinan-telecom,wuhan-telecom,44.7776,0.0,icmp,1592939160,2020-06-23 19:06:00+00:00
246177918,jinan-telecom,wuhan-telecom,48.5227,0.0,icmp,1592939280,2020-06-23 19:08:00+00:00
246178181,jinan-telecom,wuhan-telecom,46.8479,0.0,icmp,1592939400,2020-06-23 19:10:00+00:00
246178378,jinan-telecom,wuhan-telecom,48.3354,0.0,icmp,1592939520,2020-06-23 19:12:00+00:00
246178597,jinan-telecom,wuhan-telecom,39.9272,0.0,icmp,1592939640,2020-06-23 19:14:00+00:00
246178845,jinan-telecom,wuhan-telecom,39.5444,0.0,icmp,1592939719,2020-06-23 19:15:19+00:00
246179083,jinan-telecom,wuhan-telecom,46.1509,0.0,icmp,1592939880,2020-06-23 19:18:00+00:00
246179296,jinan-telecom,wuhan-telecom,39.4505,0.0,icmp,1592939959,2020-06-23 19:19:19+00:00
246179526,jinan-telecom,wuhan-telecom,47.4206,0.0,icmp,1592940120,2020-06-23 19:22:00+00:00
246179745,jinan-telecom,wuhan-telecom,47.1707,0.0,icmp,1592940240,2020-06-23 19:24:00+00:00
246179973,jinan-telecom,wuhan-telecom,45.8683,0.0,icmp,1592940360,2020-06-23 19:26:00+00:00
246180203,jinan-telecom,wuhan-telecom,46.5817,0.0,icmp,1592940480,2020-06-23 19:28:00+00:00
246180434,jinan-telecom,wuhan-telecom,45.4237,0.0,icmp,1592940600,2020-06-23 19:30:00+00:00
246180697,jinan-telecom,wuhan-telecom,39.8784,0.0,icmp,1592940720,2020-06-23 19:32:00+00:00
246180856,jinan-telecom,wuhan-telecom,39.4322,0.0,icmp,1592940845,2020-06-23 19:34:05+00:00
246181132,jinan-telecom,wuhan-telecom,39.3138,0.0,icmp,1592940979,2020-06-23 19:36:19+00:00
246181343,jinan-telecom,wuhan-telecom,45.0412,0.0,icmp,1592941080,2020-06-23 19:38:00+00:00
246181596,jinan-telecom,wuhan-telecom,42.4811,0.0,icmp,1592941200,2020-06-23 19:40:00+00:00
246181827,jinan-telecom,wuhan-telecom,39.5482,0.0,icmp,1592941279,2020-06-23 19:41:19+00:00
246182051,jinan-telecom,wuhan-telecom,39.3016,0.0,icmp,1592941399,2020-06-23 19:43:19+00:00
246182267,jinan-telecom,wuhan-telecom,46.6828,0.0,icmp,1592941560,2020-06-23 19:46:00+00:00
246182529,jinan-telecom,wuhan-telecom,47.8617,0.0,icmp,1592941680,2020-06-23 19:48:00+00:00
246182722,jinan-telecom,wuhan-telecom,44.9063,0.0,icmp,1592941800,2020-06-23 19:50:00+00:00
246182950,jinan-telecom,wuhan-telecom,39.6381,0.0,icmp,1592941939,2020-06-23 19:52:19+00:00
246183184,jinan-telecom,wuhan-telecom,41.496,0.0,icmp,1592942040,2020-06-23 19:54:00+00:00
246183414,jinan-telecom,wuhan-telecom,40.4612,0.0,icmp,1592942105,2020-06-23 19:55:05+00:00
246183643,jinan-telecom,wuhan-telecom,39.5343,0.0,icmp,1592942239,2020-06-23 19:57:19+00:00
246183881,jinan-telecom,wuhan-telecom,52.2845,3.0,icmp,1592942400,2020-06-23 20:00:00+00:00
246184107,jinan-telecom,wuhan-telecom,45.3246,0.0,icmp,1592942520,2020-06-23 20:02:00+00:00
246184333,jinan-telecom,wuhan-telecom,47.2661,0.0,icmp,1592942640,2020-06-23 20:04:00+00:00
246184562,jinan-telecom,wuhan-telecom,46.2089,0.0,icmp,1592942760,2020-06-23 20:06:00+00:00
246184793,jinan-telecom,wuhan-telecom,47.2932,0.0,icmp,1592942880,2020-06-23 20:08:00+00:00
246185048,jinan-telecom,wuhan-telecom,47.484,0.0,icmp,1592943000,2020-06-23 20:10:00+00:00
246185264,jinan-telecom,wuhan-telecom,39.3884,0.0,icmp,1592943079,2020-06-23 20:11:19+00:00
246185471,jinan-telecom,wuhan-telecom,43.6721,0.0,icmp,1592943240,2020-06-23 20:14:00+00:00
246185702,jinan-telecom,wuhan-telecom,45.2266,0.0,icmp,1592943360,2020-06-23 20:16:00+00:00
246185935,jinan-telecom,wuhan-telecom,45.1482,0.0,icmp,1592943480,2020-06-23 20:18:00+00:00
246186173,jinan-telecom,wuhan-telecom,46.0586,0.0,icmp,1592943600,2020-06-23 20:20:00+00:00
246186408,jinan-telecom,wuhan-telecom,39.3757,0.0,icmp,1592943679,2020-06-23 20:21:19+00:00
246186613,jinan-telecom,wuhan-telecom,47.8924,0.0,icmp,1592943840,2020-06-23 20:24:00+00:00
246186863,jinan-telecom,wuhan-telecom,48.8158,0.0,icmp,1592943960,2020-06-23 20:26:00+00:00
246187075,jinan-telecom,wuhan-telecom,48.1149,0.0,icmp,1592944080,2020-06-23 20:28:00+00:00
246187296,jinan-telecom,wuhan-telecom,50.125,0.0,icmp,1592944200,2020-06-23 20:30:00+00:00
246187551,jinan-telecom,wuhan-telecom,47.5888,0.0,icmp,1592944265,2020-06-23 20:31:05+00:00
246187767,jinan-telecom,wuhan-telecom,46.9458,0.0,icmp,1592944440,2020-06-23 20:34:00+00:00
246188009,jinan-telecom,wuhan-telecom,46.7459,0.0,icmp,1592944560,2020-06-23 20:36:00+00:00
246188233,jinan-telecom,wuhan-telecom,45.2598,0.0,icmp,1592944680,2020-06-23 20:38:00+00:00
246188459,jinan-telecom,wuhan-telecom,39.5355,0.0,icmp,1592944819,2020-06-23 20:40:19+00:00
246188689,jinan-telecom,wuhan-telecom,39.5219,0.0,icmp,1592944939,2020-06-23 20:42:19+00:00
246188921,jinan-telecom,wuhan-telecom,41.4089,0.0,icmp,1592945040,2020-06-23 20:44:00+00:00
246189141,jinan-telecom,wuhan-telecom,40.0038,0.0,icmp,1592945119,2020-06-23 20:45:19+00:00
246189373,jinan-telecom,wuhan-telecom,46.9351,0.0,icmp,1592945280,2020-06-23 20:48:00+00:00
246189615,jinan-telecom,wuhan-telecom,39.4244,0.0,icmp,1592945419,2020-06-23 20:50:19+00:00
246189842,jinan-telecom,wuhan-telecom,41.6637,0.0,icmp,1592945520,2020-06-23 20:52:00+00:00
246190045,jinan-telecom,wuhan-telecom,39.6495,0.0,icmp,1592945599,2020-06-23 20:53:19+00:00
246190288,jinan-telecom,wuhan-telecom,40.883,0.0,icmp,1592945760,2020-06-23 20:56:00+00:00
246190508,jinan-telecom,wuhan-telecom,41.1656,0.0,icmp,1592945880,2020-06-23 20:58:00+00:00
246190738,jinan-telecom,wuhan-telecom,49.0133,0.0,icmp,1592946000,2020-06-23 21:00:00+00:00
246190988,jinan-telecom,wuhan-telecom,46.4386,0.0,icmp,1592946120,2020-06-23 21:02:00+00:00
246191208,jinan-telecom,wuhan-telecom,41.3786,0.0,icmp,1592946240,2020-06-23 21:04:00+00:00
246191449,jinan-telecom,wuhan-telecom,46.7158,0.0,icmp,1592946360,2020-06-23 21:06:00+00:00
246191657,jinan-telecom,wuhan-telecom,47.5994,0.0,icmp,1592946480,2020-06-23 21:08:00+00:00
246191904,jinan-telecom,wuhan-telecom,39.6298,0.0,icmp,1592946559,2020-06-23 21:09:19+00:00
246192113,jinan-telecom,wuhan-telecom,45.8863,0.0,icmp,1592946720,2020-06-23 21:12:00+00:00
246192328,jinan-telecom,wuhan-telecom,42.0097,0.0,icmp,1592946840,2020-06-23 21:14:00+00:00
246192562,jinan-telecom,wuhan-telecom,46.7006,0.0,icmp,1592946960,2020-06-23 21:16:00+00:00
246192794,jinan-telecom,wuhan-telecom,39.5511,0.0,icmp,1592947039,2020-06-23 21:17:19+00:00
246193067,jinan-telecom,wuhan-telecom,48.2394,0.0,icmp,1592947200,2020-06-23 21:20:00+00:00
246193303,jinan-telecom,wuhan-telecom,46.8556,0.0,icmp,1592947320,2020-06-23 21:22:00+00:00
246193486,jinan-telecom,wuhan-telecom,46.8928,0.0,icmp,1592947440,2020-06-23 21:24:00+00:00
246193721,jinan-telecom,wuhan-telecom,43.4697,0.0,icmp,1592947560,2020-06-23 21:26:00+00:00
246193949,jinan-telecom,wuhan-telecom,45.4411,0.0,icmp,1592947680,2020-06-23 21:28:00+00:00
246194184,jinan-telecom,wuhan-telecom,49.2665,0.0,icmp,1592947800,2020-06-23 21:30:00+00:00
246194412,jinan-telecom,wuhan-telecom,39.9779,0.0,icmp,1592947920,2020-06-23 21:32:00+00:00
246194645,jinan-telecom,wuhan-telecom,39.7366,0.0,icmp,1592947999,2020-06-23 21:33:19+00:00
246194862,jinan-telecom,wuhan-telecom,39.3359,0.0,icmp,1592948119,2020-06-23 21:35:19+00:00
246195113,jinan-telecom,wuhan-telecom,39.3048,0.0,icmp,1592948299,2020-06-23 21:38:19+00:00
246195323,jinan-telecom,wuhan-telecom,49.0721,0.0,icmp,1592948400,2020-06-23 21:40:00+00:00
246195552,jinan-telecom,wuhan-telecom,44.6168,0.0,icmp,1592948520,2020-06-23 21:42:00+00:00
246195784,jinan-telecom,wuhan-telecom,46.742,0.0,icmp,1592948640,2020-06-23 21:44:00+00:00
246195997,jinan-telecom,wuhan-telecom,46.5832,0.0,icmp,1592948760,2020-06-23 21:46:00+00:00
246196234,jinan-telecom,wuhan-telecom,39.292,0.0,icmp,1592948899,2020-06-23 21:48:19+00:00
246196459,jinan-telecom,wuhan-telecom,48.3234,0.0,icmp,1592949000,2020-06-23 21:50:00+00:00
246196707,jinan-telecom,wuhan-telecom,39.3719,0.0,icmp,1592949079,2020-06-23 21:51:19+00:00
246196932,jinan-telecom,wuhan-telecom,39.4263,0.0,icmp,1592949199,2020-06-23 21:53:19+00:00
246197152,jinan-telecom,wuhan-telecom,45.6937,0.0,icmp,1592949360,2020-06-23 21:56:00+00:00
246197389,jinan-telecom,wuhan-telecom,44.5425,0.0,icmp,1592949425,2020-06-23 21:57:05+00:00
246197609,jinan-telecom,wuhan-telecom,39.4069,0.0,icmp,1592949559,2020-06-23 21:59:19+00:00
246197840,jinan-telecom,wuhan-telecom,47.6122,0.0,icmp,1592949720,2020-06-23 22:02:00+00:00
246198079,jinan-telecom,wuhan-telecom,47.1568,0.0,icmp,1592949840,2020-06-23 22:04:00+00:00
246198290,jinan-telecom,wuhan-telecom,39.368,0.0,icmp,1592949919,2020-06-23 22:05:19+00:00
246198527,jinan-telecom,wuhan-telecom,44.1239,0.0,icmp,1592950080,2020-06-23 22:08:00+00:00
246198765,jinan-telecom,wuhan-telecom,39.4944,0.0,icmp,1592950219,2020-06-23 22:10:19+00:00
246198977,jinan-telecom,wuhan-telecom,47.7888,0.0,icmp,1592950320,2020-06-23 22:12:00+00:00
246199213,jinan-telecom,wuhan-telecom,50.0756,0.0,icmp,1592950440,2020-06-23 22:14:00+00:00
246199459,jinan-telecom,wuhan-telecom,49.4326,0.0,icmp,1592950560,2020-06-23 22:16:00+00:00
246199668,jinan-telecom,wuhan-telecom,49.4023,0.0,icmp,1592950680,2020-06-23 22:18:00+00:00
246199912,jinan-telecom,wuhan-telecom,40.252,0.0,icmp,1592950800,2020-06-23 22:20:00+00:00
246200123,jinan-telecom,wuhan-telecom,48.6072,0.0,icmp,1592950920,2020-06-23 22:22:00+00:00
246200362,jinan-telecom,wuhan-telecom,39.3549,0.0,icmp,1592951059,2020-06-23 22:24:19+00:00
246200598,jinan-telecom,wuhan-telecom,47.4842,0.0,icmp,1592951160,2020-06-23 22:26:00+00:00
246200821,jinan-telecom,wuhan-telecom,41.8205,0.0,icmp,1592951280,2020-06-23 22:28:00+00:00
246201057,jinan-telecom,wuhan-telecom,39.3792,0.0,icmp,1592951419,2020-06-23 22:30:19+00:00
246201281,jinan-telecom,wuhan-telecom,42.9489,0.0,icmp,1592951520,2020-06-23 22:32:00+00:00
246201493,jinan-telecom,wuhan-telecom,40.919,0.0,icmp,1592951640,2020-06-23 22:34:00+00:00
246201740,jinan-telecom,wuhan-telecom,48.3079,0.0,icmp,1592951760,2020-06-23 22:36:00+00:00
246201956,jinan-telecom,wuhan-telecom,46.3938,0.0,icmp,1592951880,2020-06-23 22:38:00+00:00
246202190,jinan-telecom,wuhan-telecom,47.1854,0.0,icmp,1592952000,2020-06-23 22:40:00+00:00
246202428,jinan-telecom,wuhan-telecom,46.4305,0.0,icmp,1592952120,2020-06-23 22:42:00+00:00
246202650,jinan-telecom,wuhan-telecom,45.335,0.0,icmp,1592952240,2020-06-23 22:44:00+00:00
246202891,jinan-telecom,wuhan-telecom,45.6736,0.0,icmp,1592952360,2020-06-23 22:46:00+00:00
246203125,jinan-telecom,wuhan-telecom,39.3087,0.0,icmp,1592952439,2020-06-23 22:47:19+00:00
246203351,jinan-telecom,wuhan-telecom,40.0365,0.0,icmp,1592952600,2020-06-23 22:50:00+00:00
246203581,jinan-telecom,wuhan-telecom,47.2219,0.0,icmp,1592952720,2020-06-23 22:52:00+00:00
246203793,jinan-telecom,wuhan-telecom,39.6567,0.0,icmp,1592952799,2020-06-23 22:53:19+00:00
246204041,jinan-telecom,wuhan-telecom,39.3503,0.0,icmp,1592952919,2020-06-23 22:55:19+00:00
246204241,jinan-telecom,wuhan-telecom,47.7043,0.0,icmp,1592953080,2020-06-23 22:58:00+00:00
246204483,jinan-telecom,wuhan-telecom,39.467,0.0,icmp,1592953159,2020-06-23 22:59:19+00:00
246204713,jinan-telecom,wuhan-telecom,42.6129,0.0,icmp,1592953320,2020-06-23 23:02:00+00:00
246204956,jinan-telecom,wuhan-telecom,46.0593,0.0,icmp,1592953440,2020-06-23 23:04:00+00:00
246205181,jinan-telecom,wuhan-telecom,39.4281,0.0,icmp,1592953519,2020-06-23 23:05:19+00:00
246205403,jinan-telecom,wuhan-telecom,45.4923,0.0,icmp,1592953680,2020-06-23 23:08:00+00:00
246205633,jinan-telecom,wuhan-telecom,39.3342,0.0,icmp,1592953759,2020-06-23 23:09:19+00:00
246205873,jinan-telecom,wuhan-telecom,47.1352,0.0,icmp,1592953920,2020-06-23 23:12:00+00:00
246206079,jinan-telecom,wuhan-telecom,45.477,0.0,icmp,1592954040,2020-06-23 23:14:00+00:00
246206310,jinan-telecom,wuhan-telecom,46.9373,0.0,icmp,1592954160,2020-06-23 23:16:00+00:00
246206540,jinan-telecom,wuhan-telecom,41.5417,0.0,icmp,1592954280,2020-06-23 23:18:00+00:00
246206790,jinan-telecom,wuhan-telecom,39.4304,0.0,icmp,1592954419,2020-06-23 23:20:19+00:00
246207020,jinan-telecom,wuhan-telecom,39.9141,0.0,icmp,1592954520,2020-06-23 23:22:00+00:00
246207242,jinan-telecom,wuhan-telecom,39.6117,0.0,icmp,1592954659,2020-06-23 23:24:19+00:00
246207450,jinan-telecom,wuhan-telecom,45.2242,0.0,icmp,1592954760,2020-06-23 23:26:00+00:00
246207679,jinan-telecom,wuhan-telecom,47.8624,0.0,icmp,1592954880,2020-06-23 23:28:00+00:00
246207914,jinan-telecom,wuhan-telecom,48.0619,0.0,icmp,1592955000,2020-06-23 23:30:00+00:00
246208190,jinan-telecom,wuhan-telecom,39.4959,0.0,icmp,1592955139,2020-06-23 23:32:19+00:00
246208393,jinan-telecom,wuhan-telecom,48.0223,0.0,icmp,1592955240,2020-06-23 23:34:00+00:00
246208623,jinan-telecom,wuhan-telecom,39.4436,0.0,icmp,1592955319,2020-06-23 23:35:19+00:00
246208861,jinan-telecom,wuhan-telecom,46.3791,0.0,icmp,1592955480,2020-06-23 23:38:00+00:00
246209063,jinan-telecom,wuhan-telecom,39.4346,0.0,icmp,1592955559,2020-06-23 23:39:19+00:00
246209292,jinan-telecom,wuhan-telecom,42.854,0.0,icmp,1592955720,2020-06-23 23:42:00+00:00
246209526,jinan-telecom,wuhan-telecom,39.4191,0.0,icmp,1592955799,2020-06-23 23:43:19+00:00
246209752,jinan-telecom,wuhan-telecom,45.6832,0.0,icmp,1592955960,2020-06-23 23:46:00+00:00
246209971,jinan-telecom,wuhan-telecom,43.4274,0.0,icmp,1592956080,2020-06-23 23:48:00+00:00
246210239,jinan-telecom,wuhan-telecom,47.6785,0.0,icmp,1592956200,2020-06-23 23:50:00+00:00
246210424,jinan-telecom,wuhan-telecom,47.2794,0.0,icmp,1592956320,2020-06-23 23:52:00+00:00
246210677,jinan-telecom,wuhan-telecom,39.4662,0.0,icmp,1592956399,2020-06-23 23:53:19+00:00
246210897,jinan-telecom,wuhan-telecom,39.363,0.0,icmp,1592956519,2020-06-23 23:55:19+00:00
246211112,jinan-telecom,wuhan-telecom,46.7714,0.0,icmp,1592956680,2020-06-23 23:58:00+00:00
246211348,jinan-telecom,wuhan-telecom,45.9833,0.0,icmp,1592956800,2020-06-24 00:00:00+00:00
246211586,jinan-telecom,wuhan-telecom,48.5724,0.0,icmp,1592956920,2020-06-24 00:02:00+00:00
246211839,jinan-telecom,wuhan-telecom,46.601,0.0,icmp,1592957040,2020-06-24 00:04:00+00:00
246212030,jinan-telecom,wuhan-telecom,45.3058,0.0,icmp,1592957160,2020-06-24 00:06:00+00:00
246212243,jinan-telecom,wuhan-telecom,48.1649,0.0,icmp,1592957280,2020-06-24 00:08:00+00:00
246212494,jinan-telecom,wuhan-telecom,47.955,0.0,icmp,1592957400,2020-06-24 00:10:00+00:00
246212719,jinan-telecom,wuhan-telecom,48.3853,0.0,icmp,1592957520,2020-06-24 00:12:00+00:00
246212947,jinan-telecom,wuhan-telecom,39.5754,0.0,icmp,1592957659,2020-06-24 00:14:19+00:00
246213174,jinan-telecom,wuhan-telecom,46.3552,0.0,icmp,1592957760,2020-06-24 00:16:00+00:00
246213409,jinan-telecom,wuhan-telecom,39.4238,0.0,icmp,1592957899,2020-06-24 00:18:19+00:00
246213643,jinan-telecom,wuhan-telecom,46.3988,0.0,icmp,1592958000,2020-06-24 00:20:00+00:00
246213870,jinan-telecom,wuhan-telecom,39.3639,0.0,icmp,1592958139,2020-06-24 00:22:19+00:00
246214103,jinan-telecom,wuhan-telecom,46.214,0.0,icmp,1592958240,2020-06-24 00:24:00+00:00
246214326,jinan-telecom,wuhan-telecom,49.59,0.0,icmp,1592958360,2020-06-24 00:26:00+00:00
246214555,jinan-telecom,wuhan-telecom,47.5915,0.0,icmp,1592958480,2020-06-24 00:28:00+00:00
246214818,jinan-telecom,wuhan-telecom,47.3292,0.0,icmp,1592958600,2020-06-24 00:30:00+00:00
246215014,jinan-telecom,wuhan-telecom,39.402,0.0,icmp,1592958739,2020-06-24 00:32:19+00:00
246215259,jinan-telecom,wuhan-telecom,49.2416,0.0,icmp,1592958840,2020-06-24 00:34:00+00:00
246215467,jinan-telecom,wuhan-telecom,45.6178,0.0,icmp,1592958960,2020-06-24 00:36:00+00:00
246215723,jinan-telecom,wuhan-telecom,39.449,0.0,icmp,1592959025,2020-06-24 00:37:05+00:00
246215914,jinan-telecom,wuhan-telecom,42.9749,0.0,icmp,1592959200,2020-06-24 00:40:00+00:00
246216165,jinan-telecom,wuhan-telecom,45.9385,0.0,icmp,1592959320,2020-06-24 00:42:00+00:00
246216404,jinan-telecom,wuhan-telecom,45.3007,0.0,icmp,1592959440,2020-06-24 00:44:00+00:00
246216641,jinan-telecom,wuhan-telecom,46.0762,0.0,icmp,1592959560,2020-06-24 00:46:00+00:00
246216843,jinan-telecom,wuhan-telecom,47.9412,0.0,icmp,1592959680,2020-06-24 00:48:00+00:00
246217071,jinan-telecom,wuhan-telecom,43.1797,0.0,icmp,1592959800,2020-06-24 00:50:00+00:00
246217311,jinan-telecom,wuhan-telecom,44.5873,0.0,icmp,1592959920,2020-06-24 00:52:00+00:00
246217549,jinan-telecom,wuhan-telecom,47.2336,0.0,icmp,1592960040,2020-06-24 00:54:00+00:00
246217772,jinan-telecom,wuhan-telecom,46.2232,0.0,icmp,1592960160,2020-06-24 00:56:00+00:00
246218000,jinan-telecom,wuhan-telecom,44.8976,0.0,icmp,1592960280,2020-06-24 00:58:00+00:00
246218226,jinan-telecom,wuhan-telecom,39.4159,0.0,icmp,1592960419,2020-06-24 01:00:19+00:00
246218441,jinan-telecom,wuhan-telecom,47.1256,0.0,icmp,1592960520,2020-06-24 01:02:00+00:00
246218673,jinan-telecom,wuhan-telecom,47.1718,0.0,icmp,1592960640,2020-06-24 01:04:00+00:00
246218904,jinan-telecom,wuhan-telecom,39.6273,0.0,icmp,1592960765,2020-06-24 01:06:05+00:00
246219144,jinan-telecom,wuhan-telecom,46.4597,0.0,icmp,1592960880,2020-06-24 01:08:00+00:00
246219368,jinan-telecom,wuhan-telecom,46.3293,0.0,icmp,1592961000,2020-06-24 01:10:00+00:00
246219591,jinan-telecom,wuhan-telecom,45.2051,0.0,icmp,1592961120,2020-06-24 01:12:00+00:00
246219843,jinan-telecom,wuhan-telecom,45.8819,0.0,icmp,1592961240,2020-06-24 01:14:00+00:00
246220047,jinan-telecom,wuhan-telecom,46.7451,0.0,icmp,1592961360,2020-06-24 01:16:00+00:00
246220296,jinan-telecom,wuhan-telecom,41.197,0.0,icmp,1592961480,2020-06-24 01:18:00+00:00
246220521,jinan-telecom,wuhan-telecom,39.8896,0.0,icmp,1592961559,2020-06-24 01:19:19+00:00
246220772,jinan-telecom,wuhan-telecom,45.7354,0.0,icmp,1592961720,2020-06-24 01:22:00+00:00
246220989,jinan-telecom,wuhan-telecom,40.9161,0.0,icmp,1592961840,2020-06-24 01:24:00+00:00
246221202,jinan-telecom,wuhan-telecom,45.5493,0.0,icmp,1592961960,2020-06-24 01:26:00+00:00
246221434,jinan-telecom,wuhan-telecom,39.3129,0.0,icmp,1592962099,2020-06-24 01:28:19+00:00
246221658,jinan-telecom,wuhan-telecom,47.4857,0.0,icmp,1592962200,2020-06-24 01:30:00+00:00
246221878,jinan-telecom,wuhan-telecom,46.0883,0.0,icmp,1592962320,2020-06-24 01:32:00+00:00
246222123,jinan-telecom,wuhan-telecom,39.3747,0.0,icmp,1592962459,2020-06-24 01:34:19+00:00
246222344,jinan-telecom,wuhan-telecom,45.5841,0.0,icmp,1592962560,2020-06-24 01:36:00+00:00
246222578,jinan-telecom,wuhan-telecom,45.2904,0.0,icmp,1592962680,2020-06-24 01:38:00+00:00
246222808,jinan-telecom,wuhan-telecom,46.294,0.0,icmp,1592962800,2020-06-24 01:40:00+00:00
246223046,jinan-telecom,wuhan-telecom,46.3268,0.0,icmp,1592962920,2020-06-24 01:42:00+00:00
246223273,jinan-telecom,wuhan-telecom,40.2753,0.0,icmp,1592962985,2020-06-24 01:43:05+00:00
246223480,jinan-telecom,wuhan-telecom,48.0167,0.0,icmp,1592963160,2020-06-24 01:46:00+00:00
246223731,jinan-telecom,wuhan-telecom,46.0398,0.0,icmp,1592963280,2020-06-24 01:48:00+00:00
246223954,jinan-telecom,wuhan-telecom,39.3214,0.0,icmp,1592963419,2020-06-24 01:50:19+00:00
246224175,jinan-telecom,wuhan-telecom,44.7882,0.0,icmp,1592963520,2020-06-24 01:52:00+00:00
246224415,jinan-telecom,wuhan-telecom,47.2584,0.0,icmp,1592963640,2020-06-24 01:54:00+00:00
246224660,jinan-telecom,wuhan-telecom,47.9252,0.0,icmp,1592963760,2020-06-24 01:56:00+00:00
246224889,jinan-telecom,wuhan-telecom,39.3517,0.0,icmp,1592963899,2020-06-24 01:58:19+00:00
246225083,jinan-telecom,wuhan-telecom,47.4605,0.0,icmp,1592964000,2020-06-24 02:00:00+00:00
246225323,jinan-telecom,wuhan-telecom,47.4964,0.0,icmp,1592964120,2020-06-24 02:02:00+00:00
246225546,jinan-telecom,wuhan-telecom,39.3928,0.0,icmp,1592964259,2020-06-24 02:04:19+00:00
246225770,jinan-telecom,wuhan-telecom,39.3407,0.0,icmp,1592964379,2020-06-24 02:06:19+00:00
246225993,jinan-telecom,wuhan-telecom,45.1521,0.0,icmp,1592964480,2020-06-24 02:08:00+00:00
246226239,jinan-telecom,wuhan-telecom,39.4899,0.0,icmp,1592964600,2020-06-24 02:10:00+00:00
246226469,jinan-telecom,wuhan-telecom,42.7132,0.0,icmp,1592964720,2020-06-24 02:12:00+00:00
246226693,jinan-telecom,wuhan-telecom,46.5378,0.0,icmp,1592964840,2020-06-24 02:14:00+00:00
246226918,jinan-telecom,wuhan-telecom,39.5166,0.0,icmp,1592964979,2020-06-24 02:16:19+00:00
246227144,jinan-telecom,wuhan-telecom,46.2893,0.0,icmp,1592965080,2020-06-24 02:18:00+00:00
246227406,jinan-telecom,wuhan-telecom,47.7857,0.0,icmp,1592965200,2020-06-24 02:20:00+00:00
246227609,jinan-telecom,wuhan-telecom,41.0742,0.0,icmp,1592965320,2020-06-24 02:22:00+00:00
246227848,jinan-telecom,wuhan-telecom,44.9998,0.0,icmp,1592965440,2020-06-24 02:24:00+00:00
246228078,jinan-telecom,wuhan-telecom,45.6656,0.0,icmp,1592965560,2020-06-24 02:26:00+00:00
246228311,jinan-telecom,wuhan-telecom,39.4613,0.0,icmp,1592965639,2020-06-24 02:27:19+00:00
246228518,jinan-telecom,wuhan-telecom,43.805,0.0,icmp,1592965800,2020-06-24 02:30:00+00:00
246228769,jinan-telecom,wuhan-telecom,45.9158,0.0,icmp,1592965920,2020-06-24 02:32:00+00:00
246228998,jinan-telecom,wuhan-telecom,47.8368,0.0,icmp,1592966040,2020-06-24 02:34:00+00:00
246229214,jinan-telecom,wuhan-telecom,48.159,0.0,icmp,1592966160,2020-06-24 02:36:00+00:00
246229456,jinan-telecom,wuhan-telecom,47.8361,0.0,icmp,1592966280,2020-06-24 02:38:00+00:00
246229678,jinan-telecom,wuhan-telecom,47.8041,0.0,icmp,1592966400,2020-06-24 02:40:00+00:00
246229904,jinan-telecom,wuhan-telecom,47.0146,0.0,icmp,1592966520,2020-06-24 02:42:00+00:00
246230122,jinan-telecom,wuhan-telecom,46.4151,0.0,icmp,1592966640,2020-06-24 02:44:00+00:00
246230350,jinan-telecom,wuhan-telecom,41.5603,0.0,icmp,1592966760,2020-06-24 02:46:00+00:00
246230572,jinan-telecom,wuhan-telecom,41.2372,0.0,icmp,1592966880,2020-06-24 02:48:00+00:00
246230796,jinan-telecom,wuhan-telecom,45.8886,0.0,icmp,1592967000,2020-06-24 02:50:00+00:00
246231044,jinan-telecom,wuhan-telecom,46.9582,0.0,icmp,1592967120,2020-06-24 02:52:00+00:00
246231278,jinan-telecom,wuhan-telecom,48.4525,0.0,icmp,1592967240,2020-06-24 02:54:00+00:00
246231499,jinan-telecom,wuhan-telecom,47.1254,0.0,icmp,1592967360,2020-06-24 02:56:00+00:00
246231774,jinan-telecom,wuhan-telecom,45.9758,0.0,icmp,1592967480,2020-06-24 02:58:00+00:00
246231957,jinan-telecom,wuhan-telecom,41.8782,0.0,icmp,1592967600,2020-06-24 03:00:00+00:00
246232186,jinan-telecom,wuhan-telecom,45.9567,0.0,icmp,1592967720,2020-06-24 03:02:00+00:00
246232436,jinan-telecom,wuhan-telecom,45.8594,0.0,icmp,1592967840,2020-06-24 03:04:00+00:00
246232646,jinan-telecom,wuhan-telecom,39.3411,0.0,icmp,1592967919,2020-06-24 03:05:19+00:00
246232895,jinan-telecom,wuhan-telecom,41.6447,0.0,icmp,1592968080,2020-06-24 03:08:00+00:00
246233117,jinan-telecom,wuhan-telecom,50.5961,0.0,icmp,1592968200,2020-06-24 03:10:00+00:00
246233330,jinan-telecom,wuhan-telecom,39.4697,0.0,icmp,1592968279,2020-06-24 03:11:19+00:00
246233570,jinan-telecom,wuhan-telecom,47.4633,0.0,icmp,1592968440,2020-06-24 03:14:00+00:00
246233790,jinan-telecom,wuhan-telecom,48.6885,0.0,icmp,1592968560,2020-06-24 03:16:00+00:00
246234013,jinan-telecom,wuhan-telecom,45.5716,0.0,icmp,1592968680,2020-06-24 03:18:00+00:00
246234258,jinan-telecom,wuhan-telecom,48.4537,0.0,icmp,1592968800,2020-06-24 03:20:00+00:00
246234469,jinan-telecom,wuhan-telecom,40.0243,0.0,icmp,1592968920,2020-06-24 03:22:00+00:00
246234688,jinan-telecom,wuhan-telecom,47.7399,0.0,icmp,1592969040,2020-06-24 03:24:00+00:00
246234932,jinan-telecom,wuhan-telecom,39.5966,0.0,icmp,1592969179,2020-06-24 03:26:19+00:00
246235163,jinan-telecom,wuhan-telecom,47.5683,0.0,icmp,1592969280,2020-06-24 03:28:00+00:00
246235376,jinan-telecom,wuhan-telecom,42.2417,0.0,icmp,1592969400,2020-06-24 03:30:00+00:00
246235607,jinan-telecom,wuhan-telecom,47.8348,1.0,icmp,1592969520,2020-06-24 03:32:00+00:00
246235837,jinan-telecom,wuhan-telecom,47.6243,0.0,icmp,1592969640,2020-06-24 03:34:00+00:00
246236072,jinan-telecom,wuhan-telecom,39.4231,0.0,icmp,1592969719,2020-06-24 03:35:19+00:00
246236287,jinan-telecom,wuhan-telecom,44.735,0.0,icmp,1592969880,2020-06-24 03:38:00+00:00
246236502,jinan-telecom,wuhan-telecom,41.4386,0.0,icmp,1592970000,2020-06-24 03:40:00+00:00
246236742,jinan-telecom,wuhan-telecom,46.5404,0.0,icmp,1592970120,2020-06-24 03:42:00+00:00
246236967,jinan-telecom,wuhan-telecom,39.4908,0.0,icmp,1592970259,2020-06-24 03:44:19+00:00
246237190,jinan-telecom,wuhan-telecom,46.0684,0.0,icmp,1592970360,2020-06-24 03:46:00+00:00
246237430,jinan-telecom,wuhan-telecom,40.2989,0.0,icmp,1592970480,2020-06-24 03:48:00+00:00
246237643,jinan-telecom,wuhan-telecom,39.3557,0.0,icmp,1592970619,2020-06-24 03:50:19+00:00
246237868,jinan-telecom,wuhan-telecom,48.6399,0.0,icmp,1592970720,2020-06-24 03:52:00+00:00
246238123,jinan-telecom,wuhan-telecom,39.355,0.0,icmp,1592970859,2020-06-24 03:54:19+00:00
246238334,jinan-telecom,wuhan-telecom,46.0442,0.0,icmp,1592970960,2020-06-24 03:56:00+00:00
246238556,jinan-telecom,wuhan-telecom,39.7699,0.0,icmp,1592971039,2020-06-24 03:57:19+00:00
246238800,jinan-telecom,wuhan-telecom,48.4764,0.0,icmp,1592971200,2020-06-24 04:00:00+00:00
246239013,jinan-telecom,wuhan-telecom,47.1185,0.0,icmp,1592971320,2020-06-24 04:02:00+00:00
246239239,jinan-telecom,wuhan-telecom,48.3268,0.0,icmp,1592971440,2020-06-24 04:04:00+00:00
246239456,jinan-telecom,wuhan-telecom,39.4986,0.0,icmp,1592971519,2020-06-24 04:05:19+00:00
246239688,jinan-telecom,wuhan-telecom,46.563,0.0,icmp,1592971680,2020-06-24 04:08:00+00:00
246239920,jinan-telecom,wuhan-telecom,45.9159,0.0,icmp,1592971800,2020-06-24 04:10:00+00:00
246240159,jinan-telecom,wuhan-telecom,45.5662,0.0,icmp,1592971920,2020-06-24 04:12:00+00:00
246240372,jinan-telecom,wuhan-telecom,47.3197,0.0,icmp,1592972040,2020-06-24 04:14:00+00:00
246240576,jinan-telecom,wuhan-telecom,43.3243,0.0,icmp,1592972160,2020-06-24 04:16:00+00:00
246240832,jinan-telecom,wuhan-telecom,46.375,0.0,icmp,1592972280,2020-06-24 04:18:00+00:00
246241048,jinan-telecom,wuhan-telecom,49.4269,0.0,icmp,1592972400,2020-06-24 04:20:00+00:00
246241281,jinan-telecom,wuhan-telecom,39.34,0.0,icmp,1592972539,2020-06-24 04:22:19+00:00
246241521,jinan-telecom,wuhan-telecom,47.7208,0.0,icmp,1592972640,2020-06-24 04:24:00+00:00
246241723,jinan-telecom,wuhan-telecom,47.9442,0.0,icmp,1592972760,2020-06-24 04:26:00+00:00
246241999,jinan-telecom,wuhan-telecom,47.5897,0.0,icmp,1592972880,2020-06-24 04:28:00+00:00
246242183,jinan-telecom,wuhan-telecom,40.9103,0.0,icmp,1592973000,2020-06-24 04:30:00+00:00
246242421,jinan-telecom,wuhan-telecom,39.3254,0.0,icmp,1592973139,2020-06-24 04:32:19+00:00
246242635,jinan-telecom,wuhan-telecom,47.111,0.0,icmp,1592973240,2020-06-24 04:34:00+00:00
246242851,jinan-telecom,wuhan-telecom,39.4351,0.0,icmp,1592973319,2020-06-24 04:35:19+00:00
246243083,jinan-telecom,wuhan-telecom,45.6754,0.0,icmp,1592973480,2020-06-24 04:38:00+00:00
246243320,jinan-telecom,wuhan-telecom,47.3645,0.0,icmp,1592973600,2020-06-24 04:40:00+00:00
246243537,jinan-telecom,wuhan-telecom,46.0078,0.0,icmp,1592973720,2020-06-24 04:42:00+00:00
246243775,jinan-telecom,wuhan-telecom,46.4119,0.0,icmp,1592973840,2020-06-24 04:44:00+00:00
246243979,jinan-telecom,wuhan-telecom,47.3988,0.0,icmp,1592973960,2020-06-24 04:46:00+00:00
246244224,jinan-telecom,wuhan-telecom,48.212,0.0,icmp,1592974080,2020-06-24 04:48:00+00:00
246244439,jinan-telecom,wuhan-telecom,46.5165,0.0,icmp,1592974200,2020-06-24 04:50:00+00:00
246244670,jinan-telecom,wuhan-telecom,39.3346,0.0,icmp,1592974339,2020-06-24 04:52:19+00:00
246244880,jinan-telecom,wuhan-telecom,47.014,0.0,icmp,1592974440,2020-06-24 04:54:00+00:00
246245115,jinan-telecom,wuhan-telecom,48.477,0.0,icmp,1592974560,2020-06-24 04:56:00+00:00
246245372,jinan-telecom,wuhan-telecom,45.0193,0.0,icmp,1592974680,2020-06-24 04:58:00+00:00
246245554,jinan-telecom,wuhan-telecom,39.4472,0.0,icmp,1592974759,2020-06-24 04:59:19+00:00
246245784,jinan-telecom,wuhan-telecom,39.4262,0.0,icmp,1592974939,2020-06-24 05:02:19+00:00
246246029,jinan-telecom,wuhan-telecom,47.1134,0.0,icmp,1592975040,2020-06-24 05:04:00+00:00
246246241,jinan-telecom,wuhan-telecom,48.9691,0.0,icmp,1592975160,2020-06-24 05:06:00+00:00
246246461,jinan-telecom,wuhan-telecom,39.4049,0.0,icmp,1592975239,2020-06-24 05:07:19+00:00
246246693,jinan-telecom,wuhan-telecom,47.7899,0.0,icmp,1592975400,2020-06-24 05:10:00+00:00
246246909,jinan-telecom,wuhan-telecom,39.355,0.0,icmp,1592975479,2020-06-24 05:11:19+00:00
246247133,jinan-telecom,wuhan-telecom,39.3673,0.0,icmp,1592975659,2020-06-24 05:14:19+00:00
246247368,jinan-telecom,wuhan-telecom,49.4607,0.0,icmp,1592975760,2020-06-24 05:16:00+00:00
246247606,jinan-telecom,wuhan-telecom,46.2872,0.0,icmp,1592975880,2020-06-24 05:18:00+00:00
246247821,jinan-telecom,wuhan-telecom,48.1734,0.0,icmp,1592976000,2020-06-24 05:20:00+00:00
246248043,jinan-telecom,wuhan-telecom,48.9571,0.0,icmp,1592976120,2020-06-24 05:22:00+00:00
246248262,jinan-telecom,wuhan-telecom,44.714,0.0,icmp,1592976240,2020-06-24 05:24:00+00:00
246248501,jinan-telecom,wuhan-telecom,44.531,0.0,icmp,1592976305,2020-06-24 05:25:05+00:00
246248731,jinan-telecom,wuhan-telecom,46.923,0.0,icmp,1592976480,2020-06-24 05:28:00+00:00
246248921,jinan-telecom,wuhan-telecom,46.1659,0.0,icmp,1592976600,2020-06-24 05:30:00+00:00
246249161,jinan-telecom,wuhan-telecom,42.6953,0.0,icmp,1592976720,2020-06-24 05:32:00+00:00
246249389,jinan-telecom,wuhan-telecom,49.5153,0.0,icmp,1592976840,2020-06-24 05:34:00+00:00
246249619,jinan-telecom,wuhan-telecom,46.2189,0.0,icmp,1592976960,2020-06-24 05:36:00+00:00
246249847,jinan-telecom,wuhan-telecom,46.8194,0.0,icmp,1592977080,2020-06-24 05:38:00+00:00
246250061,jinan-telecom,wuhan-telecom,39.5777,0.0,icmp,1592977144,2020-06-24 05:39:04+00:00
246250303,jinan-telecom,wuhan-telecom,47.2978,0.0,icmp,1592977320,2020-06-24 05:42:00+00:00
246250517,jinan-telecom,wuhan-telecom,47.8146,0.0,icmp,1592977440,2020-06-24 05:44:00+00:00
246250739,jinan-telecom,wuhan-telecom,47.3154,0.0,icmp,1592977560,2020-06-24 05:46:00+00:00
246250980,jinan-telecom,wuhan-telecom,45.2015,0.0,icmp,1592977680,2020-06-24 05:48:00+00:00
246251193,jinan-telecom,wuhan-telecom,39.556,0.0,icmp,1592977805,2020-06-24 05:50:05+00:00
246251405,jinan-telecom,wuhan-telecom,45.4672,0.0,icmp,1592977920,2020-06-24 05:52:00+00:00
246251643,jinan-telecom,wuhan-telecom,46.94,0.0,icmp,1592978040,2020-06-24 05:54:00+00:00
246251861,jinan-telecom,wuhan-telecom,46.7811,0.0,icmp,1592978160,2020-06-24 05:56:00+00:00
246252079,jinan-telecom,wuhan-telecom,48.535,0.0,icmp,1592978280,2020-06-24 05:58:00+00:00
246252325,jinan-telecom,wuhan-telecom,39.6004,0.0,icmp,1592978359,2020-06-24 05:59:19+00:00
246252526,jinan-telecom,wuhan-telecom,40.7087,0.0,icmp,1592978520,2020-06-24 06:02:00+00:00
246252785,jinan-telecom,wuhan-telecom,43.6752,0.0,icmp,1592978640,2020-06-24 06:04:00+00:00
246252982,jinan-telecom,wuhan-telecom,47.9048,0.0,icmp,1592978760,2020-06-24 06:06:00+00:00
246253203,jinan-telecom,wuhan-telecom,48.7484,0.0,icmp,1592978880,2020-06-24 06:08:00+00:00
246253434,jinan-telecom,wuhan-telecom,45.7772,0.0,icmp,1592979000,2020-06-24 06:10:00+00:00
246253666,jinan-telecom,wuhan-telecom,47.8347,0.0,icmp,1592979120,2020-06-24 06:12:00+00:00
246253896,jinan-telecom,wuhan-telecom,47.4448,0.0,icmp,1592979240,2020-06-24 06:14:00+00:00
246254131,jinan-telecom,wuhan-telecom,46.7055,0.0,icmp,1592979360,2020-06-24 06:16:00+00:00
246254343,jinan-telecom,wuhan-telecom,39.4474,0.0,icmp,1592979484,2020-06-24 06:18:04+00:00
246254562,jinan-telecom,wuhan-telecom,47.9276,0.0,icmp,1592979600,2020-06-24 06:20:00+00:00
246254781,jinan-telecom,wuhan-telecom,39.5147,0.0,icmp,1592979679,2020-06-24 06:21:19+00:00
246255018,jinan-telecom,wuhan-telecom,47.9332,0.0,icmp,1592979840,2020-06-24 06:24:00+00:00
246255232,jinan-telecom,wuhan-telecom,46.7283,0.0,icmp,1592979960,2020-06-24 06:26:00+00:00
246255471,jinan-telecom,wuhan-telecom,39.4713,0.0,icmp,1592980024,2020-06-24 06:27:04+00:00
246255707,jinan-telecom,wuhan-telecom,39.3307,0.0,icmp,1592980219,2020-06-24 06:30:19+00:00
246255957,jinan-telecom,wuhan-telecom,49.167,0.0,icmp,1592980320,2020-06-24 06:32:00+00:00
246256141,jinan-telecom,wuhan-telecom,39.3357,0.0,icmp,1592980399,2020-06-24 06:33:19+00:00
246256351,jinan-telecom,wuhan-telecom,39.3667,0.0,icmp,1592980579,2020-06-24 06:36:19+00:00
246256603,jinan-telecom,wuhan-telecom,47.3476,0.0,icmp,1592980680,2020-06-24 06:38:00+00:00
246256825,jinan-telecom,wuhan-telecom,47.5532,0.0,icmp,1592980800,2020-06-24 06:40:00+00:00
246257050,jinan-telecom,wuhan-telecom,49.5102,0.0,icmp,1592980920,2020-06-24 06:42:00+00:00
246257276,jinan-telecom,wuhan-telecom,47.158,0.0,icmp,1592981040,2020-06-24 06:44:00+00:00
246257502,jinan-telecom,wuhan-telecom,39.4778,0.0,icmp,1592981179,2020-06-24 06:46:19+00:00
246257717,jinan-telecom,wuhan-telecom,47.9108,0.0,icmp,1592981280,2020-06-24 06:48:00+00:00
246257971,jinan-telecom,wuhan-telecom,39.3594,0.0,icmp,1592981419,2020-06-24 06:50:19+00:00
246258182,jinan-telecom,wuhan-telecom,46.2026,0.0,icmp,1592981520,2020-06-24 06:52:00+00:00
246258388,jinan-telecom,wuhan-telecom,39.3676,0.0,icmp,1592981659,2020-06-24 06:54:19+00:00
246258608,jinan-telecom,wuhan-telecom,49.6042,0.0,icmp,1592981760,2020-06-24 06:56:00+00:00
246258836,jinan-telecom,wuhan-telecom,48.0331,0.0,icmp,1592981880,2020-06-24 06:58:00+00:00
246259056,jinan-telecom,wuhan-telecom,46.479,0.0,icmp,1592982000,2020-06-24 07:00:00+00:00
246259283,jinan-telecom,wuhan-telecom,43.1922,0.0,icmp,1592982120,2020-06-24 07:02:00+00:00
246259526,jinan-telecom,wuhan-telecom,44.6717,0.0,icmp,1592982240,2020-06-24 07:04:00+00:00
246259742,jinan-telecom,wuhan-telecom,46.851,0.0,icmp,1592982360,2020-06-24 07:06:00+00:00
246259981,jinan-telecom,wuhan-telecom,39.3497,0.0,icmp,1592982499,2020-06-24 07:08:19+00:00
246260186,jinan-telecom,wuhan-telecom,47.7651,0.0,icmp,1592982600,2020-06-24 07:10:00+00:00
246260463,jinan-telecom,wuhan-telecom,48.2115,0.0,icmp,1592982720,2020-06-24 07:12:00+00:00
246260676,jinan-telecom,wuhan-telecom,48.5373,0.0,icmp,1592982840,2020-06-24 07:14:00+00:00
248962471,jinan-telecom,wuhan-telecom,43.2449,0.0,icmp,1593234540,2020-06-27 05:09:00+00:00
248962717,jinan-telecom,wuhan-telecom,39.5729,0.0,icmp,1593234679,2020-06-27 05:11:19+00:00
248962945,jinan-telecom,wuhan-telecom,46.9134,0.0,icmp,1593234780,2020-06-27 05:13:00+00:00
248963163,jinan-telecom,wuhan-telecom,43.2146,0.0,icmp,1593234900,2020-06-27 05:15:00+00:00
248963386,jinan-telecom,wuhan-telecom,49.4324,0.0,icmp,1593235020,2020-06-27 05:17:00+00:00
248963606,jinan-telecom,wuhan-telecom,47.4789,0.0,icmp,1593235140,2020-06-27 05:19:00+00:00
248963838,jinan-telecom,wuhan-telecom,47.3705,0.0,icmp,1593235260,2020-06-27 05:21:00+00:00
248964067,jinan-telecom,wuhan-telecom,46.1848,0.0,icmp,1593235380,2020-06-27 05:23:00+00:00
248964303,jinan-telecom,wuhan-telecom,46.8979,0.0,icmp,1593235500,2020-06-27 05:25:00+00:00
248964491,jinan-telecom,wuhan-telecom,46.2685,0.0,icmp,1593235620,2020-06-27 05:27:00+00:00
248964731,jinan-telecom,wuhan-telecom,45.9329,0.0,icmp,1593235740,2020-06-27 05:29:00+00:00
248964980,jinan-telecom,wuhan-telecom,39.9416,0.0,icmp,1593235819,2020-06-27 05:30:19+00:00
248965203,jinan-telecom,wuhan-telecom,49.0197,0.0,icmp,1593235980,2020-06-27 05:33:00+00:00
248965428,jinan-telecom,wuhan-telecom,46.9019,0.0,icmp,1593236100,2020-06-27 05:35:00+00:00
248965633,jinan-telecom,wuhan-telecom,50.2269,0.0,icmp,1593236220,2020-06-27 05:37:00+00:00
248965856,jinan-telecom,wuhan-telecom,43.2681,0.0,icmp,1593236340,2020-06-27 05:39:00+00:00
248966087,jinan-telecom,wuhan-telecom,46.6256,0.0,icmp,1593236460,2020-06-27 05:41:00+00:00
248966305,jinan-telecom,wuhan-telecom,39.5047,0.0,icmp,1593236539,2020-06-27 05:42:19+00:00
248966538,jinan-telecom,wuhan-telecom,48.5784,0.0,icmp,1593236700,2020-06-27 05:45:00+00:00
248966762,jinan-telecom,wuhan-telecom,39.7071,0.0,icmp,1593236839,2020-06-27 05:47:19+00:00
248966982,jinan-telecom,wuhan-telecom,39.7183,0.0,icmp,1593236959,2020-06-27 05:49:19+00:00
248967215,jinan-telecom,wuhan-telecom,45.6345,0.0,icmp,1593237060,2020-06-27 05:51:00+00:00
248967439,jinan-telecom,wuhan-telecom,47.4342,0.0,icmp,1593237180,2020-06-27 05:53:00+00:00
248967677,jinan-telecom,wuhan-telecom,46.5291,0.0,icmp,1593237300,2020-06-27 05:55:00+00:00
248967898,jinan-telecom,wuhan-telecom,39.5093,0.0,icmp,1593237439,2020-06-27 05:57:19+00:00
248968128,jinan-telecom,wuhan-telecom,48.1686,0.0,icmp,1593237540,2020-06-27 05:59:00+00:00
248968322,jinan-telecom,wuhan-telecom,49.724,0.0,icmp,1593237660,2020-06-27 06:01:00+00:00
248968570,jinan-telecom,wuhan-telecom,46.5292,0.0,icmp,1593237780,2020-06-27 06:03:00+00:00
248968778,jinan-telecom,wuhan-telecom,47.8637,0.0,icmp,1593237900,2020-06-27 06:05:00+00:00
248969004,jinan-telecom,wuhan-telecom,45.9329,0.0,icmp,1593238020,2020-06-27 06:07:00+00:00
248969238,jinan-telecom,wuhan-telecom,49.8419,0.0,icmp,1593238140,2020-06-27 06:09:00+00:00
248969454,jinan-telecom,wuhan-telecom,39.3305,0.0,icmp,1593238279,2020-06-27 06:11:19+00:00
248969690,jinan-telecom,wuhan-telecom,46.1208,0.0,icmp,1593238380,2020-06-27 06:13:00+00:00
248969905,jinan-telecom,wuhan-telecom,47.6182,0.0,icmp,1593238500,2020-06-27 06:15:00+00:00
248970145,jinan-telecom,wuhan-telecom,48.5625,0.0,icmp,1593238620,2020-06-27 06:17:00+00:00
248970377,jinan-telecom,wuhan-telecom,41.1754,0.0,icmp,1593238750,2020-06-27 06:19:10+00:00
248970580,jinan-telecom,wuhan-telecom,45.5217,0.0,icmp,1593238860,2020-06-27 06:21:00+00:00
248970828,jinan-telecom,wuhan-telecom,39.433,0.0,icmp,1593238999,2020-06-27 06:23:19+00:00
248971048,jinan-telecom,wuhan-telecom,46.5922,0.0,icmp,1593239100,2020-06-27 06:25:00+00:00
248971264,jinan-telecom,wuhan-telecom,47.9062,0.0,icmp,1593239220,2020-06-27 06:27:00+00:00
248971504,jinan-telecom,wuhan-telecom,45.0803,0.0,icmp,1593239340,2020-06-27 06:29:00+00:00
248971696,jinan-telecom,wuhan-telecom,47.9627,0.0,icmp,1593239460,2020-06-27 06:31:00+00:00
248971946,jinan-telecom,wuhan-telecom,39.5048,0.0,icmp,1593239599,2020-06-27 06:33:19+00:00
248972153,jinan-telecom,wuhan-telecom,39.5624,0.0,icmp,1593239719,2020-06-27 06:35:19+00:00
248972369,jinan-telecom,wuhan-telecom,45.1655,0.0,icmp,1593239820,2020-06-27 06:37:00+00:00
248972604,jinan-telecom,wuhan-telecom,46.1415,0.0,icmp,1593239940,2020-06-27 06:39:00+00:00
248972847,jinan-telecom,wuhan-telecom,47.1167,0.0,icmp,1593240060,2020-06-27 06:41:00+00:00
248973069,jinan-telecom,wuhan-telecom,42.1671,0.0,icmp,1593240180,2020-06-27 06:43:00+00:00
248973301,jinan-telecom,wuhan-telecom,47.4994,0.0,icmp,1593240300,2020-06-27 06:45:00+00:00
248973532,jinan-telecom,wuhan-telecom,46.1231,0.0,icmp,1593240420,2020-06-27 06:47:00+00:00
248973735,jinan-telecom,wuhan-telecom,46.6247,0.0,icmp,1593240540,2020-06-27 06:49:00+00:00
248973950,jinan-telecom,wuhan-telecom,48.5411,0.0,icmp,1593240660,2020-06-27 06:51:00+00:00
248974210,jinan-telecom,wuhan-telecom,47.9686,0.0,icmp,1593240780,2020-06-27 06:53:00+00:00
248974419,jinan-telecom,wuhan-telecom,48.5405,0.0,icmp,1593240900,2020-06-27 06:55:00+00:00
248974641,jinan-telecom,wuhan-telecom,47.8574,0.0,icmp,1593241020,2020-06-27 06:57:00+00:00
248974872,jinan-telecom,wuhan-telecom,49.1457,0.0,icmp,1593241140,2020-06-27 06:59:00+00:00
248975099,jinan-telecom,wuhan-telecom,39.363,0.0,icmp,1593241219,2020-06-27 07:00:19+00:00
248975301,jinan-telecom,wuhan-telecom,46.0171,0.0,icmp,1593241380,2020-06-27 07:03:00+00:00
248975528,jinan-telecom,wuhan-telecom,46.9294,0.0,icmp,1593241500,2020-06-27 07:05:00+00:00
248975754,jinan-telecom,wuhan-telecom,47.4913,0.0,icmp,1593241620,2020-06-27 07:07:00+00:00
248975993,jinan-telecom,wuhan-telecom,47.6051,0.0,icmp,1593241740,2020-06-27 07:09:00+00:00
248976211,jinan-telecom,wuhan-telecom,50.712,0.0,icmp,1593241860,2020-06-27 07:11:00+00:00
248976439,jinan-telecom,wuhan-telecom,46.2896,0.0,icmp,1593241980,2020-06-27 07:13:00+00:00
248976655,jinan-telecom,wuhan-telecom,50.1,0.0,icmp,1593242100,2020-06-27 07:15:00+00:00
248976886,jinan-telecom,wuhan-telecom,47.7416,0.0,icmp,1593242220,2020-06-27 07:17:00+00:00
248977104,jinan-telecom,wuhan-telecom,39.4502,0.0,icmp,1593242299,2020-06-27 07:18:19+00:00
248977363,jinan-telecom,wuhan-telecom,39.556,0.0,icmp,1593242479,2020-06-27 07:21:19+00:00
248977566,jinan-telecom,wuhan-telecom,46.7389,0.0,icmp,1593242580,2020-06-27 07:23:00+00:00
248977782,jinan-telecom,wuhan-telecom,45.9787,0.0,icmp,1593242700,2020-06-27 07:25:00+00:00
248978026,jinan-telecom,wuhan-telecom,39.5414,0.0,icmp,1593242839,2020-06-27 07:27:19+00:00
248978239,jinan-telecom,wuhan-telecom,45.5869,0.0,icmp,1593242940,2020-06-27 07:29:00+00:00
248978459,jinan-telecom,wuhan-telecom,47.3482,0.0,icmp,1593243060,2020-06-27 07:31:00+00:00
248978683,jinan-telecom,wuhan-telecom,46.0434,0.0,icmp,1593243180,2020-06-27 07:33:00+00:00
248978909,jinan-telecom,wuhan-telecom,48.1231,0.0,icmp,1593243300,2020-06-27 07:35:00+00:00
248979141,jinan-telecom,wuhan-telecom,39.704,0.0,icmp,1593243439,2020-06-27 07:37:19+00:00
248979358,jinan-telecom,wuhan-telecom,39.8191,0.0,icmp,1593243540,2020-06-27 07:39:00+00:00
248979584,jinan-telecom,wuhan-telecom,47.3342,0.0,icmp,1593243660,2020-06-27 07:41:00+00:00
248979795,jinan-telecom,wuhan-telecom,47.5841,0.0,icmp,1593243780,2020-06-27 07:43:00+00:00
248980039,jinan-telecom,wuhan-telecom,45.7756,0.0,icmp,1593243900,2020-06-27 07:45:00+00:00
248980259,jinan-telecom,wuhan-telecom,39.3472,0.0,icmp,1593243979,2020-06-27 07:46:19+00:00
248980483,jinan-telecom,wuhan-telecom,44.9403,0.0,icmp,1593244140,2020-06-27 07:49:00+00:00
248980706,jinan-telecom,wuhan-telecom,47.3072,0.0,icmp,1593244260,2020-06-27 07:51:00+00:00
248980944,jinan-telecom,wuhan-telecom,39.3382,0.0,icmp,1593244339,2020-06-27 07:52:19+00:00
248981171,jinan-telecom,wuhan-telecom,47.1024,0.0,icmp,1593244500,2020-06-27 07:55:00+00:00
248981392,jinan-telecom,wuhan-telecom,39.388,0.0,icmp,1593244639,2020-06-27 07:57:19+00:00
248981601,jinan-telecom,wuhan-telecom,39.6381,0.0,icmp,1593244759,2020-06-27 07:59:19+00:00
248981839,jinan-telecom,wuhan-telecom,39.4269,0.0,icmp,1593244866,2020-06-27 08:01:06+00:00
248982054,jinan-telecom,wuhan-telecom,47.9211,0.0,icmp,1593244980,2020-06-27 08:03:00+00:00
248982285,jinan-telecom,wuhan-telecom,48.7196,0.0,icmp,1593245100,2020-06-27 08:05:00+00:00
248982518,jinan-telecom,wuhan-telecom,39.3594,0.0,icmp,1593245179,2020-06-27 08:06:19+00:00
248982745,jinan-telecom,wuhan-telecom,46.3426,0.0,icmp,1593245340,2020-06-27 08:09:00+00:00
248982963,jinan-telecom,wuhan-telecom,39.3778,0.0,icmp,1593245419,2020-06-27 08:10:19+00:00
248983198,jinan-telecom,wuhan-telecom,45.8217,0.0,icmp,1593245580,2020-06-27 08:13:00+00:00
248983403,jinan-telecom,wuhan-telecom,44.8932,0.0,icmp,1593245700,2020-06-27 08:15:00+00:00
248983654,jinan-telecom,wuhan-telecom,39.5724,0.0,icmp,1593245839,2020-06-27 08:17:19+00:00
248983861,jinan-telecom,wuhan-telecom,50.8569,0.0,icmp,1593245940,2020-06-27 08:19:00+00:00
248984093,jinan-telecom,wuhan-telecom,47.3038,0.0,icmp,1593246060,2020-06-27 08:21:00+00:00
248984289,jinan-telecom,wuhan-telecom,46.73,0.0,icmp,1593246180,2020-06-27 08:23:00+00:00
248984530,jinan-telecom,wuhan-telecom,39.3578,0.0,icmp,1593246319,2020-06-27 08:25:19+00:00
248984766,jinan-telecom,wuhan-telecom,39.3466,0.0,icmp,1593246439,2020-06-27 08:27:19+00:00
248984971,jinan-telecom,wuhan-telecom,48.8996,0.0,icmp,1593246540,2020-06-27 08:29:00+00:00
248985230,jinan-telecom,wuhan-telecom,40.7407,0.0,icmp,1593246604,2020-06-27 08:30:04+00:00
248985453,jinan-telecom,wuhan-telecom,46.5212,0.0,icmp,1593246780,2020-06-27 08:33:00+00:00
248985665,jinan-telecom,wuhan-telecom,47.0574,0.0,icmp,1593246900,2020-06-27 08:35:00+00:00
248985886,jinan-telecom,wuhan-telecom,47.6011,0.0,icmp,1593247020,2020-06-27 08:37:00+00:00
248986116,jinan-telecom,wuhan-telecom,45.7308,0.0,icmp,1593247140,2020-06-27 08:39:00+00:00
248986309,jinan-telecom,wuhan-telecom,45.9306,0.0,icmp,1593247260,2020-06-27 08:41:00+00:00
248986565,jinan-telecom,wuhan-telecom,49.4493,0.0,icmp,1593247380,2020-06-27 08:43:00+00:00
248986780,jinan-telecom,wuhan-telecom,46.6229,0.0,icmp,1593247500,2020-06-27 08:45:00+00:00
248987028,jinan-telecom,wuhan-telecom,39.3328,0.0,icmp,1593247579,2020-06-27 08:46:19+00:00
248987237,jinan-telecom,wuhan-telecom,47.5818,0.0,icmp,1593247740,2020-06-27 08:49:00+00:00
248987468,jinan-telecom,wuhan-telecom,39.3426,0.0,icmp,1593247819,2020-06-27 08:50:19+00:00
248987684,jinan-telecom,wuhan-telecom,49.5915,0.0,icmp,1593247980,2020-06-27 08:53:00+00:00
248987891,jinan-telecom,wuhan-telecom,47.0583,0.0,icmp,1593248100,2020-06-27 08:55:00+00:00
248988156,jinan-telecom,wuhan-telecom,44.5456,0.0,icmp,1593248220,2020-06-27 08:57:00+00:00
248988352,jinan-telecom,wuhan-telecom,39.7604,0.0,icmp,1593248359,2020-06-27 08:59:19+00:00
248988589,jinan-telecom,wuhan-telecom,44.187,0.0,icmp,1593248460,2020-06-27 09:01:00+00:00
248988802,jinan-telecom,wuhan-telecom,39.4087,0.0,icmp,1593248539,2020-06-27 09:02:19+00:00
248989045,jinan-telecom,wuhan-telecom,44.4651,0.0,icmp,1593248700,2020-06-27 09:05:00+00:00
248989259,jinan-telecom,wuhan-telecom,39.3371,0.0,icmp,1593248839,2020-06-27 09:07:19+00:00
248989482,jinan-telecom,wuhan-telecom,48.4281,0.0,icmp,1593248940,2020-06-27 09:09:00+00:00
248989689,jinan-telecom,wuhan-telecom,48.9072,0.0,icmp,1593249060,2020-06-27 09:11:00+00:00
248989948,jinan-telecom,wuhan-telecom,47.8913,0.0,icmp,1593249180,2020-06-27 09:13:00+00:00
248990145,jinan-telecom,wuhan-telecom,44.222,0.0,icmp,1593249300,2020-06-27 09:15:00+00:00
248990397,jinan-telecom,wuhan-telecom,45.883,0.0,icmp,1593249420,2020-06-27 09:17:00+00:00
248990611,jinan-telecom,wuhan-telecom,48.5219,0.0,icmp,1593249540,2020-06-27 09:19:00+00:00
248990813,jinan-telecom,wuhan-telecom,46.825,0.0,icmp,1593249660,2020-06-27 09:21:00+00:00
248991052,jinan-telecom,wuhan-telecom,48.0958,0.0,icmp,1593249780,2020-06-27 09:23:00+00:00
248991288,jinan-telecom,wuhan-telecom,47.8448,0.0,icmp,1593249900,2020-06-27 09:25:00+00:00
248991534,jinan-telecom,wuhan-telecom,47.3569,0.0,icmp,1593250020,2020-06-27 09:27:00+00:00
248991742,jinan-telecom,wuhan-telecom,46.485,0.0,icmp,1593250140,2020-06-27 09:29:00+00:00
248991950,jinan-telecom,wuhan-telecom,46.1188,0.0,icmp,1593250260,2020-06-27 09:31:00+00:00
248992221,jinan-telecom,wuhan-telecom,47.8655,0.0,icmp,1593250380,2020-06-27 09:33:00+00:00
248992396,jinan-telecom,wuhan-telecom,47.6972,0.0,icmp,1593250500,2020-06-27 09:35:00+00:00
248992636,jinan-telecom,wuhan-telecom,45.6291,0.0,icmp,1593250620,2020-06-27 09:37:00+00:00
248992883,jinan-telecom,wuhan-telecom,39.3238,0.0,icmp,1593250699,2020-06-27 09:38:19+00:00
248993084,jinan-telecom,wuhan-telecom,46.6547,0.0,icmp,1593250860,2020-06-27 09:41:00+00:00
248993305,jinan-telecom,wuhan-telecom,44.3618,0.0,icmp,1593250980,2020-06-27 09:43:00+00:00
248993533,jinan-telecom,wuhan-telecom,47.1714,0.0,icmp,1593251100,2020-06-27 09:45:00+00:00
248993759,jinan-telecom,wuhan-telecom,46.2414,0.0,icmp,1593251220,2020-06-27 09:47:00+00:00
248993999,jinan-telecom,wuhan-telecom,46.8372,0.0,icmp,1593251340,2020-06-27 09:49:00+00:00
248994217,jinan-telecom,wuhan-telecom,39.3873,0.0,icmp,1593251419,2020-06-27 09:50:19+00:00
248994451,jinan-telecom,wuhan-telecom,39.3548,0.0,icmp,1593251599,2020-06-27 09:53:19+00:00
248994672,jinan-telecom,wuhan-telecom,49.2341,0.0,icmp,1593251700,2020-06-27 09:55:00+00:00
248994872,jinan-telecom,wuhan-telecom,47.3137,0.0,icmp,1593251820,2020-06-27 09:57:00+00:00
248995100,jinan-telecom,wuhan-telecom,39.546,0.0,icmp,1593251899,2020-06-27 09:58:19+00:00
248995330,jinan-telecom,wuhan-telecom,39.9633,0.0,icmp,1593252060,2020-06-27 10:01:00+00:00
248995582,jinan-telecom,wuhan-telecom,48.2001,0.0,icmp,1593252180,2020-06-27 10:03:00+00:00
248995814,jinan-telecom,wuhan-telecom,41.1417,0.0,icmp,1593252304,2020-06-27 10:05:04+00:00
248996008,jinan-telecom,wuhan-telecom,48.0555,0.0,icmp,1593252420,2020-06-27 10:07:00+00:00
248996248,jinan-telecom,wuhan-telecom,39.3362,0.0,icmp,1593252559,2020-06-27 10:09:19+00:00
248996460,jinan-telecom,wuhan-telecom,49.1711,0.0,icmp,1593252660,2020-06-27 10:11:00+00:00
248996690,jinan-telecom,wuhan-telecom,45.1848,0.0,icmp,1593252780,2020-06-27 10:13:00+00:00
248996898,jinan-telecom,wuhan-telecom,47.9009,0.0,icmp,1593252900,2020-06-27 10:15:00+00:00
248997133,jinan-telecom,wuhan-telecom,47.5248,0.0,icmp,1593253020,2020-06-27 10:17:00+00:00
248997350,jinan-telecom,wuhan-telecom,46.7114,0.0,icmp,1593253140,2020-06-27 10:19:00+00:00
248997595,jinan-telecom,wuhan-telecom,47.181,0.0,icmp,1593253260,2020-06-27 10:21:00+00:00
248997824,jinan-telecom,wuhan-telecom,39.5535,0.0,icmp,1593253339,2020-06-27 10:22:19+00:00
248998035,jinan-telecom,wuhan-telecom,39.376,0.0,icmp,1593253459,2020-06-27 10:24:19+00:00
248998263,jinan-telecom,wuhan-telecom,49.6115,0.0,icmp,1593253620,2020-06-27 10:27:00+00:00
248998487,jinan-telecom,wuhan-telecom,46.0542,0.0,icmp,1593253740,2020-06-27 10:29:00+00:00
248998727,jinan-telecom,wuhan-telecom,48.2113,0.0,icmp,1593253860,2020-06-27 10:31:00+00:00
248998958,jinan-telecom,wuhan-telecom,46.2137,0.0,icmp,1593253980,2020-06-27 10:33:00+00:00
248999169,jinan-telecom,wuhan-telecom,48.0806,0.0,icmp,1593254100,2020-06-27 10:35:00+00:00
248999432,jinan-telecom,wuhan-telecom,46.3335,0.0,icmp,1593254220,2020-06-27 10:37:00+00:00
248999615,jinan-telecom,wuhan-telecom,39.7456,0.0,icmp,1593254299,2020-06-27 10:38:19+00:00
248999806,jinan-telecom,wuhan-telecom,39.5714,0.0,icmp,1593254419,2020-06-27 10:40:19+00:00
249000072,jinan-telecom,wuhan-telecom,39.3514,0.0,icmp,1593254539,2020-06-27 10:42:19+00:00
249000272,jinan-telecom,wuhan-telecom,47.7487,0.0,icmp,1593254700,2020-06-27 10:45:00+00:00
249000527,jinan-telecom,wuhan-telecom,46.765,0.0,icmp,1593254820,2020-06-27 10:47:00+00:00
249000738,jinan-telecom,wuhan-telecom,45.9143,0.0,icmp,1593254940,2020-06-27 10:49:00+00:00
249000953,jinan-telecom,wuhan-telecom,46.804,0.0,icmp,1593255060,2020-06-27 10:51:00+00:00
249001162,jinan-telecom,wuhan-telecom,49.515,0.0,icmp,1593255180,2020-06-27 10:53:00+00:00
249001424,jinan-telecom,wuhan-telecom,47.4954,0.0,icmp,1593255300,2020-06-27 10:55:00+00:00
249001648,jinan-telecom,wuhan-telecom,42.2523,0.0,icmp,1593255420,2020-06-27 10:57:00+00:00
249001873,jinan-telecom,wuhan-telecom,47.5423,0.0,icmp,1593255540,2020-06-27 10:59:00+00:00
249002103,jinan-telecom,wuhan-telecom,46.985,0.0,icmp,1593255660,2020-06-27 11:01:00+00:00
249002329,jinan-telecom,wuhan-telecom,47.8766,0.0,icmp,1593255780,2020-06-27 11:03:00+00:00
249002560,jinan-telecom,wuhan-telecom,46.5381,0.0,icmp,1593255900,2020-06-27 11:05:00+00:00
249002753,jinan-telecom,wuhan-telecom,45.8468,0.0,icmp,1593256020,2020-06-27 11:07:00+00:00
249002993,jinan-telecom,wuhan-telecom,47.755,0.0,icmp,1593256140,2020-06-27 11:09:00+00:00
249003203,jinan-telecom,wuhan-telecom,39.4389,0.0,icmp,1593256204,2020-06-27 11:10:04+00:00
249003436,jinan-telecom,wuhan-telecom,46.5162,0.0,icmp,1593256380,2020-06-27 11:13:00+00:00
249003666,jinan-telecom,wuhan-telecom,47.2318,0.0,icmp,1593256500,2020-06-27 11:15:00+00:00
249003885,jinan-telecom,wuhan-telecom,39.4978,0.0,icmp,1593256579,2020-06-27 11:16:19+00:00
249004111,jinan-telecom,wuhan-telecom,46.8665,0.0,icmp,1593256740,2020-06-27 11:19:00+00:00
249004350,jinan-telecom,wuhan-telecom,48.5125,0.0,icmp,1593256860,2020-06-27 11:21:00+00:00
249004557,jinan-telecom,wuhan-telecom,39.4132,0.0,icmp,1593256999,2020-06-27 11:23:19+00:00
249004776,jinan-telecom,wuhan-telecom,39.873,0.0,icmp,1593257100,2020-06-27 11:25:00+00:00
249005010,jinan-telecom,wuhan-telecom,41.8364,0.0,icmp,1593257220,2020-06-27 11:27:00+00:00
249005252,jinan-telecom,wuhan-telecom,47.9452,0.0,icmp,1593257340,2020-06-27 11:29:00+00:00
249005472,jinan-telecom,wuhan-telecom,45.9258,0.0,icmp,1593257460,2020-06-27 11:31:00+00:00
249005701,jinan-telecom,wuhan-telecom,39.913,0.0,icmp,1593257580,2020-06-27 11:33:00+00:00
249005911,jinan-telecom,wuhan-telecom,39.4168,0.0,icmp,1593257659,2020-06-27 11:34:19+00:00
249006144,jinan-telecom,wuhan-telecom,48.976,0.0,icmp,1593257820,2020-06-27 11:37:00+00:00
249006394,jinan-telecom,wuhan-telecom,39.5449,0.0,icmp,1593257944,2020-06-27 11:39:04+00:00
249006573,jinan-telecom,wuhan-telecom,39.3958,0.0,icmp,1593258079,2020-06-27 11:41:19+00:00
249006812,jinan-telecom,wuhan-telecom,48.5502,0.0,icmp,1593258180,2020-06-27 11:43:00+00:00
249007048,jinan-telecom,wuhan-telecom,39.4328,0.0,icmp,1593258319,2020-06-27 11:45:19+00:00
249007262,jinan-telecom,wuhan-telecom,39.3911,0.0,icmp,1593258439,2020-06-27 11:47:19+00:00
249007491,jinan-telecom,wuhan-telecom,49.7285,0.0,icmp,1593258540,2020-06-27 11:49:00+00:00
249007703,jinan-telecom,wuhan-telecom,39.3463,0.0,icmp,1593258679,2020-06-27 11:51:19+00:00
249007944,jinan-telecom,wuhan-telecom,47.3162,0.0,icmp,1593258780,2020-06-27 11:53:00+00:00
249008168,jinan-telecom,wuhan-telecom,45.5014,0.0,icmp,1593258900,2020-06-27 11:55:00+00:00
249008417,jinan-telecom,wuhan-telecom,47.4747,0.0,icmp,1593259020,2020-06-27 11:57:00+00:00
249008635,jinan-telecom,wuhan-telecom,45.4432,0.0,icmp,1593259140,2020-06-27 11:59:00+00:00
249008862,jinan-telecom,wuhan-telecom,48.2164,0.0,icmp,1593259260,2020-06-27 12:01:00+00:00
249009064,jinan-telecom,wuhan-telecom,48.8261,0.0,icmp,1593259380,2020-06-27 12:03:00+00:00
249009305,jinan-telecom,wuhan-telecom,39.3757,0.0,icmp,1593259519,2020-06-27 12:05:19+00:00
249009523,jinan-telecom,wuhan-telecom,44.6171,0.0,icmp,1593259620,2020-06-27 12:07:00+00:00
249009758,jinan-telecom,wuhan-telecom,46.592,0.0,icmp,1593259740,2020-06-27 12:09:00+00:00
249009952,jinan-telecom,wuhan-telecom,46.6144,0.0,icmp,1593259860,2020-06-27 12:11:00+00:00
249010178,jinan-telecom,wuhan-telecom,46.2049,0.0,icmp,1593259980,2020-06-27 12:13:00+00:00
249010401,jinan-telecom,wuhan-telecom,45.5215,0.0,icmp,1593260100,2020-06-27 12:15:00+00:00
249010639,jinan-telecom,wuhan-telecom,42.1727,0.0,icmp,1593260164,2020-06-27 12:16:04+00:00
249010871,jinan-telecom,wuhan-telecom,45.562,0.0,icmp,1593260340,2020-06-27 12:19:00+00:00
249011097,jinan-telecom,wuhan-telecom,50.8041,0.0,icmp,1593260460,2020-06-27 12:21:00+00:00
249011317,jinan-telecom,wuhan-telecom,47.425,0.0,icmp,1593260580,2020-06-27 12:23:00+00:00
249011543,jinan-telecom,wuhan-telecom,39.526,0.0,icmp,1593260659,2020-06-27 12:24:19+00:00
249011767,jinan-telecom,wuhan-telecom,48.1375,0.0,icmp,1593260820,2020-06-27 12:27:00+00:00
249012005,jinan-telecom,wuhan-telecom,48.694,0.0,icmp,1593260940,2020-06-27 12:29:00+00:00
249012202,jinan-telecom,wuhan-telecom,48.5727,0.0,icmp,1593261060,2020-06-27 12:31:00+00:00
249012431,jinan-telecom,wuhan-telecom,39.4079,0.0,icmp,1593261139,2020-06-27 12:32:19+00:00
249012662,jinan-telecom,wuhan-telecom,48.0792,0.0,icmp,1593261300,2020-06-27 12:35:00+00:00
249012907,jinan-telecom,wuhan-telecom,48.1914,0.0,icmp,1593261420,2020-06-27 12:37:00+00:00
249013120,jinan-telecom,wuhan-telecom,48.5996,0.0,icmp,1593261540,2020-06-27 12:39:00+00:00
249013341,jinan-telecom,wuhan-telecom,45.6434,0.0,icmp,1593261660,2020-06-27 12:41:00+00:00
249013568,jinan-telecom,wuhan-telecom,47.934,0.0,icmp,1593261780,2020-06-27 12:43:00+00:00
249013788,jinan-telecom,wuhan-telecom,39.4101,0.0,icmp,1593261919,2020-06-27 12:45:19+00:00
249014022,jinan-telecom,wuhan-telecom,46.2416,0.0,icmp,1593262020,2020-06-27 12:47:00+00:00
249014266,jinan-telecom,wuhan-telecom,39.3569,0.0,icmp,1593262159,2020-06-27 12:49:19+00:00
249014430,jinan-telecom,wuhan-telecom,46.9637,0.0,icmp,1593262260,2020-06-27 12:51:00+00:00
249014691,jinan-telecom,wuhan-telecom,47.5026,0.0,icmp,1593262380,2020-06-27 12:53:00+00:00
249014907,jinan-telecom,wuhan-telecom,47.6255,0.0,icmp,1593262500,2020-06-27 12:55:00+00:00
249015161,jinan-telecom,wuhan-telecom,46.2916,0.0,icmp,1593262620,2020-06-27 12:57:00+00:00
249015351,jinan-telecom,wuhan-telecom,39.3987,0.0,icmp,1593262699,2020-06-27 12:58:19+00:00
249015595,jinan-telecom,wuhan-telecom,47.1041,0.0,icmp,1593262860,2020-06-27 13:01:00+00:00
249015797,jinan-telecom,wuhan-telecom,50.7011,0.0,icmp,1593262980,2020-06-27 13:03:00+00:00
249016047,jinan-telecom,wuhan-telecom,49.965,0.0,icmp,1593263100,2020-06-27 13:05:00+00:00
249016245,jinan-telecom,wuhan-telecom,39.7799,0.0,icmp,1593263220,2020-06-27 13:07:00+00:00
249016504,jinan-telecom,wuhan-telecom,46.161,0.0,icmp,1593263340,2020-06-27 13:09:00+00:00
249016702,jinan-telecom,wuhan-telecom,46.3212,0.0,icmp,1593263460,2020-06-27 13:11:00+00:00
249016922,jinan-telecom,wuhan-telecom,39.7887,0.0,icmp,1593263584,2020-06-27 13:13:04+00:00
249017167,jinan-telecom,wuhan-telecom,47.5969,0.0,icmp,1593263700,2020-06-27 13:15:00+00:00
249017401,jinan-telecom,wuhan-telecom,49.1942,0.0,icmp,1593263820,2020-06-27 13:17:00+00:00
249017602,jinan-telecom,wuhan-telecom,50.003,0.0,icmp,1593263940,2020-06-27 13:19:00+00:00
249017827,jinan-telecom,wuhan-telecom,46.3841,0.0,icmp,1593264060,2020-06-27 13:21:00+00:00
249018060,jinan-telecom,wuhan-telecom,39.4227,0.0,icmp,1593264199,2020-06-27 13:23:19+00:00
249018267,jinan-telecom,wuhan-telecom,49.5119,0.0,icmp,1593264300,2020-06-27 13:25:00+00:00
249018478,jinan-telecom,wuhan-telecom,49.6232,0.0,icmp,1593264420,2020-06-27 13:27:00+00:00
249018750,jinan-telecom,wuhan-telecom,47.3737,0.0,icmp,1593264540,2020-06-27 13:29:00+00:00
249018932,jinan-telecom,wuhan-telecom,39.3775,0.0,icmp,1593264679,2020-06-27 13:31:19+00:00
249019150,jinan-telecom,wuhan-telecom,39.5632,0.0,icmp,1593264799,2020-06-27 13:33:19+00:00
249019395,jinan-telecom,wuhan-telecom,50.2868,0.0,icmp,1593264900,2020-06-27 13:35:00+00:00
249019644,jinan-telecom,wuhan-telecom,48.4343,0.0,icmp,1593265020,2020-06-27 13:37:00+00:00
249019870,jinan-telecom,wuhan-telecom,46.7645,0.0,icmp,1593265140,2020-06-27 13:39:00+00:00
249020095,jinan-telecom,wuhan-telecom,39.616,0.0,icmp,1593265279,2020-06-27 13:41:19+00:00
249020336,jinan-telecom,wuhan-telecom,47.1541,0.0,icmp,1593265380,2020-06-27 13:43:00+00:00
249020527,jinan-telecom,wuhan-telecom,46.5308,0.0,icmp,1593265500,2020-06-27 13:45:00+00:00
249020750,jinan-telecom,wuhan-telecom,47.7623,0.0,icmp,1593265620,2020-06-27 13:47:00+00:00
249020995,jinan-telecom,wuhan-telecom,40.7107,0.0,icmp,1593265740,2020-06-27 13:49:00+00:00
249021230,jinan-telecom,wuhan-telecom,48.6506,0.0,icmp,1593265860,2020-06-27 13:51:00+00:00
249021440,jinan-telecom,wuhan-telecom,41.392,0.0,icmp,1593265980,2020-06-27 13:53:00+00:00
249021658,jinan-telecom,wuhan-telecom,49.0779,0.0,icmp,1593266100,2020-06-27 13:55:00+00:00
249021893,jinan-telecom,wuhan-telecom,48.3559,0.0,icmp,1593266220,2020-06-27 13:57:00+00:00
249022088,jinan-telecom,wuhan-telecom,51.1598,0.0,icmp,1593266340,2020-06-27 13:59:00+00:00
249022348,jinan-telecom,wuhan-telecom,46.9364,0.0,icmp,1593266460,2020-06-27 14:01:00+00:00
249022559,jinan-telecom,wuhan-telecom,48.809,0.0,icmp,1593266580,2020-06-27 14:03:00+00:00
249022782,jinan-telecom,wuhan-telecom,39.3651,0.0,icmp,1593266659,2020-06-27 14:04:19+00:00
249023019,jinan-telecom,wuhan-telecom,43.4322,0.0,icmp,1593266820,2020-06-27 14:07:00+00:00
249023248,jinan-telecom,wuhan-telecom,46.6619,0.0,icmp,1593266940,2020-06-27 14:09:00+00:00
249023460,jinan-telecom,wuhan-telecom,47.7436,0.0,icmp,1593267060,2020-06-27 14:11:00+00:00
249023680,jinan-telecom,wuhan-telecom,45.8307,0.0,icmp,1593267180,2020-06-27 14:13:00+00:00
249023901,jinan-telecom,wuhan-telecom,39.4386,0.0,icmp,1593267259,2020-06-27 14:14:19+00:00
249024131,jinan-telecom,wuhan-telecom,48.5233,0.0,icmp,1593267420,2020-06-27 14:17:00+00:00
249024356,jinan-telecom,wuhan-telecom,45.7272,0.0,icmp,1593267540,2020-06-27 14:19:00+00:00
249024578,jinan-telecom,wuhan-telecom,47.5251,0.0,icmp,1593267660,2020-06-27 14:21:00+00:00
249024811,jinan-telecom,wuhan-telecom,39.377,0.0,icmp,1593267739,2020-06-27 14:22:19+00:00
249025051,jinan-telecom,wuhan-telecom,48.7487,0.0,icmp,1593267900,2020-06-27 14:25:00+00:00
249025264,jinan-telecom,wuhan-telecom,46.7302,0.0,icmp,1593268020,2020-06-27 14:27:00+00:00
249025484,jinan-telecom,wuhan-telecom,44.0595,0.0,icmp,1593268140,2020-06-27 14:29:00+00:00
249025699,jinan-telecom,wuhan-telecom,45.872,0.0,icmp,1593268260,2020-06-27 14:31:00+00:00
249025936,jinan-telecom,wuhan-telecom,47.5882,0.0,icmp,1593268380,2020-06-27 14:33:00+00:00
249026165,jinan-telecom,wuhan-telecom,39.5712,0.0,icmp,1593268519,2020-06-27 14:35:19+00:00
249026395,jinan-telecom,wuhan-telecom,48.5401,0.0,icmp,1593268620,2020-06-27 14:37:00+00:00
249026644,jinan-telecom,wuhan-telecom,48.7312,0.0,icmp,1593268740,2020-06-27 14:39:00+00:00
249026835,jinan-telecom,wuhan-telecom,39.608,0.0,icmp,1593268819,2020-06-27 14:40:19+00:00
249027058,jinan-telecom,wuhan-telecom,39.547,0.0,icmp,1593268999,2020-06-27 14:43:19+00:00
249027303,jinan-telecom,wuhan-telecom,39.4529,0.0,icmp,1593269119,2020-06-27 14:45:19+00:00
249027518,jinan-telecom,wuhan-telecom,47.7791,0.0,icmp,1593269220,2020-06-27 14:47:00+00:00
249027742,jinan-telecom,wuhan-telecom,46.4036,0.0,icmp,1593269340,2020-06-27 14:49:00+00:00
249027936,jinan-telecom,wuhan-telecom,48.4811,0.0,icmp,1593269460,2020-06-27 14:51:00+00:00
249028213,jinan-telecom,wuhan-telecom,44.8972,0.0,icmp,1593269580,2020-06-27 14:53:00+00:00
249028406,jinan-telecom,wuhan-telecom,46.4236,0.0,icmp,1593269700,2020-06-27 14:55:00+00:00
249028647,jinan-telecom,wuhan-telecom,39.3465,0.0,icmp,1593269839,2020-06-27 14:57:19+00:00
249028890,jinan-telecom,wuhan-telecom,50.6999,0.0,icmp,1593269940,2020-06-27 14:59:00+00:00
249029097,jinan-telecom,wuhan-telecom,49.0949,0.0,icmp,1593270060,2020-06-27 15:01:00+00:00
249029309,jinan-telecom,wuhan-telecom,46.6041,0.0,icmp,1593270180,2020-06-27 15:03:00+00:00
249029537,jinan-telecom,wuhan-telecom,49.1573,0.0,icmp,1593270300,2020-06-27 15:05:00+00:00
249029775,jinan-telecom,wuhan-telecom,48.2109,0.0,icmp,1593270420,2020-06-27 15:07:00+00:00
249029986,jinan-telecom,wuhan-telecom,40.4852,0.0,icmp,1593270540,2020-06-27 15:09:00+00:00
249030192,jinan-telecom,wuhan-telecom,47.6483,0.0,icmp,1593270660,2020-06-27 15:11:00+00:00
249030440,jinan-telecom,wuhan-telecom,47.5556,0.0,icmp,1593270780,2020-06-27 15:13:00+00:00
249030677,jinan-telecom,wuhan-telecom,39.4893,0.0,icmp,1593270859,2020-06-27 15:14:19+00:00
249030873,jinan-telecom,wuhan-telecom,47.0711,0.0,icmp,1593271020,2020-06-27 15:17:00+00:00
249031117,jinan-telecom,wuhan-telecom,47.1896,0.0,icmp,1593271140,2020-06-27 15:19:00+00:00
249031332,jinan-telecom,wuhan-telecom,45.8574,0.0,icmp,1593271260,2020-06-27 15:21:00+00:00
249031551,jinan-telecom,wuhan-telecom,46.4757,0.0,icmp,1593271380,2020-06-27 15:23:00+00:00
249031805,jinan-telecom,wuhan-telecom,47.4518,0.0,icmp,1593271500,2020-06-27 15:25:00+00:00
249032023,jinan-telecom,wuhan-telecom,40.9865,0.0,icmp,1593271620,2020-06-27 15:27:00+00:00
249032236,jinan-telecom,wuhan-telecom,46.8379,0.0,icmp,1593271740,2020-06-27 15:29:00+00:00
249032449,jinan-telecom,wuhan-telecom,39.5321,0.0,icmp,1593271864,2020-06-27 15:31:04+00:00
249032721,jinan-telecom,wuhan-telecom,45.0517,0.0,icmp,1593271980,2020-06-27 15:33:00+00:00
249032900,jinan-telecom,wuhan-telecom,49.5427,0.0,icmp,1593272100,2020-06-27 15:35:00+00:00
249033142,jinan-telecom,wuhan-telecom,47.4721,0.0,icmp,1593272220,2020-06-27 15:37:00+00:00
249033365,jinan-telecom,wuhan-telecom,39.3349,0.0,icmp,1593272359,2020-06-27 15:39:19+00:00
249033575,jinan-telecom,wuhan-telecom,39.6872,0.0,icmp,1593272479,2020-06-27 15:41:19+00:00
249033813,jinan-telecom,wuhan-telecom,40.607,0.0,icmp,1593272580,2020-06-27 15:43:00+00:00
249034023,jinan-telecom,wuhan-telecom,39.3138,0.0,icmp,1593272659,2020-06-27 15:44:19+00:00
249034249,jinan-telecom,wuhan-telecom,48.0637,0.0,icmp,1593272820,2020-06-27 15:47:00+00:00
249034489,jinan-telecom,wuhan-telecom,39.3404,0.0,icmp,1593272959,2020-06-27 15:49:19+00:00
249034717,jinan-telecom,wuhan-telecom,41.2339,0.0,icmp,1593273060,2020-06-27 15:51:00+00:00
249034930,jinan-telecom,wuhan-telecom,49.0232,0.0,icmp,1593273180,2020-06-27 15:53:00+00:00
249035156,jinan-telecom,wuhan-telecom,46.8201,0.0,icmp,1593273300,2020-06-27 15:55:00+00:00
249035412,jinan-telecom,wuhan-telecom,39.6434,0.0,icmp,1593273379,2020-06-27 15:56:19+00:00
249035607,jinan-telecom,wuhan-telecom,39.3701,0.0,icmp,1593273499,2020-06-27 15:58:19+00:00
249035873,jinan-telecom,wuhan-telecom,46.4371,0.0,icmp,1593273660,2020-06-27 16:01:00+00:00
249036066,jinan-telecom,wuhan-telecom,38.6622,0.0,icmp,1593273780,2020-06-27 16:03:00+00:00
249036280,jinan-telecom,wuhan-telecom,41.0474,0.0,icmp,1593273900,2020-06-27 16:05:00+00:00
249036508,jinan-telecom,wuhan-telecom,39.2374,0.0,icmp,1593274020,2020-06-27 16:07:00+00:00
249036728,jinan-telecom,wuhan-telecom,41.0301,0.0,icmp,1593274140,2020-06-27 16:09:00+00:00
249036971,jinan-telecom,wuhan-telecom,38.381,0.0,icmp,1593274260,2020-06-27 16:11:00+00:00
249037174,jinan-telecom,wuhan-telecom,45.4089,0.0,icmp,1593274380,2020-06-27 16:13:00+00:00
249037406,jinan-telecom,wuhan-telecom,41.2523,0.0,icmp,1593274500,2020-06-27 16:15:00+00:00
249037639,jinan-telecom,wuhan-telecom,36.4061,0.0,icmp,1593274620,2020-06-27 16:17:00+00:00
249037869,jinan-telecom,wuhan-telecom,42.8159,0.0,icmp,1593274740,2020-06-27 16:19:00+00:00
249038078,jinan-telecom,wuhan-telecom,33.4898,0.0,icmp,1593274879,2020-06-27 16:21:19+00:00
249038309,jinan-telecom,wuhan-telecom,40.4752,0.0,icmp,1593274980,2020-06-27 16:23:00+00:00
249038525,jinan-telecom,wuhan-telecom,33.3226,0.0,icmp,1593275059,2020-06-27 16:24:19+00:00
249038760,jinan-telecom,wuhan-telecom,43.686,0.0,icmp,1593275220,2020-06-27 16:27:00+00:00
249039003,jinan-telecom,wuhan-telecom,44.3516,0.0,icmp,1593275340,2020-06-27 16:29:00+00:00
249039201,jinan-telecom,wuhan-telecom,39.2015,0.0,icmp,1593275460,2020-06-27 16:31:00+00:00
249039449,jinan-telecom,wuhan-telecom,42.1529,0.0,icmp,1593275580,2020-06-27 16:33:00+00:00
249039679,jinan-telecom,wuhan-telecom,33.1049,0.0,icmp,1593275659,2020-06-27 16:34:19+00:00
249039893,jinan-telecom,wuhan-telecom,40.0902,0.0,icmp,1593275820,2020-06-27 16:37:00+00:00
249040102,jinan-telecom,wuhan-telecom,33.0915,0.0,icmp,1593275959,2020-06-27 16:39:19+00:00
249040323,jinan-telecom,wuhan-telecom,39.4602,0.0,icmp,1593276060,2020-06-27 16:41:00+00:00
249040571,jinan-telecom,wuhan-telecom,42.2524,0.0,icmp,1593276180,2020-06-27 16:43:00+00:00
249040819,jinan-telecom,wuhan-telecom,42.7153,0.0,icmp,1593276300,2020-06-27 16:45:00+00:00
249041009,jinan-telecom,wuhan-telecom,41.0455,0.0,icmp,1593276420,2020-06-27 16:47:00+00:00
249041225,jinan-telecom,wuhan-telecom,33.093,0.0,icmp,1593276499,2020-06-27 16:48:19+00:00
249041464,jinan-telecom,wuhan-telecom,33.2387,0.0,icmp,1593276679,2020-06-27 16:51:19+00:00
249041679,jinan-telecom,wuhan-telecom,33.1678,0.0,icmp,1593276799,2020-06-27 16:53:19+00:00
249041941,jinan-telecom,wuhan-telecom,43.4886,0.0,icmp,1593276900,2020-06-27 16:55:00+00:00
249042138,jinan-telecom,wuhan-telecom,37.6133,0.0,icmp,1593277020,2020-06-27 16:57:00+00:00
249042355,jinan-telecom,wuhan-telecom,33.1495,0.0,icmp,1593277099,2020-06-27 16:58:19+00:00
249042590,jinan-telecom,wuhan-telecom,33.2652,0.0,icmp,1593277219,2020-06-27 17:00:19+00:00
249042804,jinan-telecom,wuhan-telecom,43.409,0.0,icmp,1593277380,2020-06-27 17:03:00+00:00
249043019,jinan-telecom,wuhan-telecom,40.912,0.0,icmp,1593277500,2020-06-27 17:05:00+00:00
249043252,jinan-telecom,wuhan-telecom,33.3383,0.0,icmp,1593277639,2020-06-27 17:07:19+00:00
249043473,jinan-telecom,wuhan-telecom,41.4371,0.0,icmp,1593277740,2020-06-27 17:09:00+00:00
249043711,jinan-telecom,wuhan-telecom,44.3973,0.0,icmp,1593277860,2020-06-27 17:11:00+00:00
249043928,jinan-telecom,wuhan-telecom,33.1296,0.0,icmp,1593277999,2020-06-27 17:13:19+00:00
249044155,jinan-telecom,wuhan-telecom,42.9989,0.0,icmp,1593278100,2020-06-27 17:15:00+00:00
249044387,jinan-telecom,wuhan-telecom,41.5139,0.0,icmp,1593278220,2020-06-27 17:17:00+00:00
249044601,jinan-telecom,wuhan-telecom,33.4517,0.0,icmp,1593278340,2020-06-27 17:19:00+00:00
249044844,jinan-telecom,wuhan-telecom,41.0213,0.0,icmp,1593278460,2020-06-27 17:21:00+00:00
249045066,jinan-telecom,wuhan-telecom,33.4392,0.0,icmp,1593278599,2020-06-27 17:23:19+00:00
249045288,jinan-telecom,wuhan-telecom,42.5432,0.0,icmp,1593278700,2020-06-27 17:25:00+00:00
249045520,jinan-telecom,wuhan-telecom,41.9399,0.0,icmp,1593278820,2020-06-27 17:27:00+00:00
249045743,jinan-telecom,wuhan-telecom,36.5702,0.0,icmp,1593278940,2020-06-27 17:29:00+00:00
249045959,jinan-telecom,wuhan-telecom,43.0288,0.0,icmp,1593279060,2020-06-27 17:31:00+00:00
249046191,jinan-telecom,wuhan-telecom,45.5368,0.0,icmp,1593279180,2020-06-27 17:33:00+00:00
249046398,jinan-telecom,wuhan-telecom,33.2273,0.0,icmp,1593279305,2020-06-27 17:35:05+00:00
249046643,jinan-telecom,wuhan-telecom,41.1664,0.0,icmp,1593279420,2020-06-27 17:37:00+00:00
249046866,jinan-telecom,wuhan-telecom,41.7597,0.0,icmp,1593279540,2020-06-27 17:39:00+00:00
249047082,jinan-telecom,wuhan-telecom,34.9334,0.0,icmp,1593279660,2020-06-27 17:41:00+00:00
249047310,jinan-telecom,wuhan-telecom,33.1574,0.0,icmp,1593279799,2020-06-27 17:43:19+00:00
249047526,jinan-telecom,wuhan-telecom,41.5539,0.0,icmp,1593279900,2020-06-27 17:45:00+00:00
249047761,jinan-telecom,wuhan-telecom,42.8022,0.0,icmp,1593280020,2020-06-27 17:47:00+00:00
249047986,jinan-telecom,wuhan-telecom,41.9387,0.0,icmp,1593280140,2020-06-27 17:49:00+00:00
249048201,jinan-telecom,wuhan-telecom,45.6753,0.0,icmp,1593280260,2020-06-27 17:51:00+00:00
249048428,jinan-telecom,wuhan-telecom,45.2894,0.0,icmp,1593280380,2020-06-27 17:53:00+00:00
249048658,jinan-telecom,wuhan-telecom,40.6186,0.0,icmp,1593280500,2020-06-27 17:55:00+00:00
249048880,jinan-telecom,wuhan-telecom,42.035,0.0,icmp,1593280620,2020-06-27 17:57:00+00:00
249049122,jinan-telecom,wuhan-telecom,43.8861,0.0,icmp,1593280740,2020-06-27 17:59:00+00:00
249049361,jinan-telecom,wuhan-telecom,41.232,0.0,icmp,1593280860,2020-06-27 18:01:00+00:00
249049568,jinan-telecom,wuhan-telecom,40.6634,0.0,icmp,1593280980,2020-06-27 18:03:00+00:00
249049801,jinan-telecom,wuhan-telecom,43.4429,0.0,icmp,1593281100,2020-06-27 18:05:00+00:00
249050006,jinan-telecom,wuhan-telecom,41.7168,0.0,icmp,1593281220,2020-06-27 18:07:00+00:00
249050245,jinan-telecom,wuhan-telecom,33.2036,0.0,icmp,1593281284,2020-06-27 18:08:04+00:00
249050463,jinan-telecom,wuhan-telecom,43.1547,0.0,icmp,1593281460,2020-06-27 18:11:00+00:00
249050695,jinan-telecom,wuhan-telecom,42.9027,0.0,icmp,1593281580,2020-06-27 18:13:00+00:00
249050898,jinan-telecom,wuhan-telecom,40.4051,0.0,icmp,1593281700,2020-06-27 18:15:00+00:00
249051128,jinan-telecom,wuhan-telecom,42.0982,0.0,icmp,1593281820,2020-06-27 18:17:00+00:00
249051377,jinan-telecom,wuhan-telecom,41.9939,0.0,icmp,1593281940,2020-06-27 18:19:00+00:00
249051598,jinan-telecom,wuhan-telecom,33.291,0.0,icmp,1593282019,2020-06-27 18:20:19+00:00
249051806,jinan-telecom,wuhan-telecom,41.9459,0.0,icmp,1593282180,2020-06-27 18:23:00+00:00
249052025,jinan-telecom,wuhan-telecom,38.9952,0.0,icmp,1593282300,2020-06-27 18:25:00+00:00
249052246,jinan-telecom,wuhan-telecom,41.163,0.0,icmp,1593282420,2020-06-27 18:27:00+00:00
249052474,jinan-telecom,wuhan-telecom,44.3744,0.0,icmp,1593282540,2020-06-27 18:29:00+00:00
249052724,jinan-telecom,wuhan-telecom,42.6172,0.0,icmp,1593282660,2020-06-27 18:31:00+00:00
249052934,jinan-telecom,wuhan-telecom,40.4039,0.0,icmp,1593282780,2020-06-27 18:33:00+00:00
249053150,jinan-telecom,wuhan-telecom,38.091,0.0,icmp,1593282900,2020-06-27 18:35:00+00:00
249053378,jinan-telecom,wuhan-telecom,33.3979,0.0,icmp,1593283039,2020-06-27 18:37:19+00:00
249053608,jinan-telecom,wuhan-telecom,41.9229,0.0,icmp,1593283140,2020-06-27 18:39:00+00:00
249053844,jinan-telecom,wuhan-telecom,33.2182,0.0,icmp,1593283279,2020-06-27 18:41:19+00:00
249054063,jinan-telecom,wuhan-telecom,38.0024,0.0,icmp,1593283380,2020-06-27 18:43:00+00:00
249054295,jinan-telecom,wuhan-telecom,44.7946,0.0,icmp,1593283500,2020-06-27 18:45:00+00:00
249054497,jinan-telecom,wuhan-telecom,42.0404,0.0,icmp,1593283620,2020-06-27 18:47:00+00:00
249054711,jinan-telecom,wuhan-telecom,42.778,0.0,icmp,1593283740,2020-06-27 18:49:00+00:00
249054950,jinan-telecom,wuhan-telecom,40.6087,0.0,icmp,1593283860,2020-06-27 18:51:00+00:00
249055226,jinan-telecom,wuhan-telecom,33.4699,0.0,icmp,1593283939,2020-06-27 18:52:19+00:00
249055413,jinan-telecom,wuhan-telecom,33.2283,0.0,icmp,1593284119,2020-06-27 18:55:19+00:00
249055636,jinan-telecom,wuhan-telecom,36.5723,0.0,icmp,1593284220,2020-06-27 18:57:00+00:00
249055857,jinan-telecom,wuhan-telecom,43.5232,0.0,icmp,1593284340,2020-06-27 18:59:00+00:00
249056084,jinan-telecom,wuhan-telecom,42.883,0.0,icmp,1593284460,2020-06-27 19:01:00+00:00
249056310,jinan-telecom,wuhan-telecom,43.7723,0.0,icmp,1593284580,2020-06-27 19:03:00+00:00
249056520,jinan-telecom,wuhan-telecom,35.6655,0.0,icmp,1593284700,2020-06-27 19:05:00+00:00
249056757,jinan-telecom,wuhan-telecom,42.4354,0.0,icmp,1593284820,2020-06-27 19:07:00+00:00
249056964,jinan-telecom,wuhan-telecom,42.746,0.0,icmp,1593284940,2020-06-27 19:09:00+00:00
249057211,jinan-telecom,wuhan-telecom,44.3423,0.0,icmp,1593285060,2020-06-27 19:11:00+00:00
249057425,jinan-telecom,wuhan-telecom,40.4382,0.0,icmp,1593285180,2020-06-27 19:13:00+00:00
249057623,jinan-telecom,wuhan-telecom,41.8569,0.0,icmp,1593285300,2020-06-27 19:15:00+00:00
249057868,jinan-telecom,wuhan-telecom,40.7422,0.0,icmp,1593285420,2020-06-27 19:17:00+00:00
249058103,jinan-telecom,wuhan-telecom,33.1738,0.0,icmp,1593285499,2020-06-27 19:18:19+00:00
249058311,jinan-telecom,wuhan-telecom,39.6044,0.0,icmp,1593285660,2020-06-27 19:21:00+00:00
249058546,jinan-telecom,wuhan-telecom,35.4876,0.0,icmp,1593285784,2020-06-27 19:23:04+00:00
249058783,jinan-telecom,wuhan-telecom,41.7923,0.0,icmp,1593285900,2020-06-27 19:25:00+00:00
249059050,jinan-telecom,wuhan-telecom,33.2145,0.0,icmp,1593285964,2020-06-27 19:26:04+00:00
249059216,jinan-telecom,wuhan-telecom,38.763,0.0,icmp,1593286140,2020-06-27 19:29:00+00:00
249059460,jinan-telecom,wuhan-telecom,42.5926,0.0,icmp,1593286260,2020-06-27 19:31:00+00:00
249059685,jinan-telecom,wuhan-telecom,43.8414,0.0,icmp,1593286380,2020-06-27 19:33:00+00:00
249059898,jinan-telecom,wuhan-telecom,40.4889,0.0,icmp,1593286500,2020-06-27 19:35:00+00:00
249060153,jinan-telecom,wuhan-telecom,43.5942,0.0,icmp,1593286620,2020-06-27 19:37:00+00:00
249060358,jinan-telecom,wuhan-telecom,38.5649,0.0,icmp,1593286740,2020-06-27 19:39:00+00:00
249060596,jinan-telecom,wuhan-telecom,43.85,0.0,icmp,1593286860,2020-06-27 19:41:00+00:00
249060799,jinan-telecom,wuhan-telecom,45.7088,0.0,icmp,1593286980,2020-06-27 19:43:00+00:00
249061041,jinan-telecom,wuhan-telecom,42.8206,0.0,icmp,1593287100,2020-06-27 19:45:00+00:00
249061249,jinan-telecom,wuhan-telecom,33.2302,0.0,icmp,1593287179,2020-06-27 19:46:19+00:00
249061491,jinan-telecom,wuhan-telecom,34.7695,0.0,icmp,1593287340,2020-06-27 19:49:00+00:00
249061713,jinan-telecom,wuhan-telecom,40.9252,0.0,icmp,1593287460,2020-06-27 19:51:00+00:00
249061937,jinan-telecom,wuhan-telecom,33.3603,0.0,icmp,1593287599,2020-06-27 19:53:19+00:00
249062172,jinan-telecom,wuhan-telecom,40.1527,0.0,icmp,1593287700,2020-06-27 19:55:00+00:00
249062416,jinan-telecom,wuhan-telecom,33.0917,0.0,icmp,1593287779,2020-06-27 19:56:19+00:00
249062595,jinan-telecom,wuhan-telecom,33.4129,0.0,icmp,1593287899,2020-06-27 19:58:19+00:00
249062842,jinan-telecom,wuhan-telecom,33.1217,0.0,icmp,1593288019,2020-06-27 20:00:19+00:00
249063046,jinan-telecom,wuhan-telecom,33.1037,0.0,icmp,1593288199,2020-06-27 20:03:19+00:00
249063270,jinan-telecom,wuhan-telecom,40.3332,0.0,icmp,1593288300,2020-06-27 20:05:00+00:00
249063506,jinan-telecom,wuhan-telecom,41.4847,0.0,icmp,1593288420,2020-06-27 20:07:00+00:00
249063719,jinan-telecom,wuhan-telecom,39.2965,0.0,icmp,1593288540,2020-06-27 20:09:00+00:00
249063920,jinan-telecom,wuhan-telecom,42.592,0.0,icmp,1593288660,2020-06-27 20:11:00+00:00
249064171,jinan-telecom,wuhan-telecom,33.3737,0.0,icmp,1593288725,2020-06-27 20:12:05+00:00
249064406,jinan-telecom,wuhan-telecom,43.6517,0.0,icmp,1593288900,2020-06-27 20:15:00+00:00
249064633,jinan-telecom,wuhan-telecom,41.6374,0.0,icmp,1593289020,2020-06-27 20:17:00+00:00
249064863,jinan-telecom,wuhan-telecom,38.5154,0.0,icmp,1593289140,2020-06-27 20:19:00+00:00
249065066,jinan-telecom,wuhan-telecom,41.701,0.0,icmp,1593289260,2020-06-27 20:21:00+00:00
249065301,jinan-telecom,wuhan-telecom,33.2892,0.0,icmp,1593289325,2020-06-27 20:22:05+00:00
249065545,jinan-telecom,wuhan-telecom,33.4825,0.0,icmp,1593289519,2020-06-27 20:25:19+00:00
249065743,jinan-telecom,wuhan-telecom,44.8943,0.0,icmp,1593289620,2020-06-27 20:27:00+00:00
249066005,jinan-telecom,wuhan-telecom,33.0991,0.0,icmp,1593289759,2020-06-27 20:29:19+00:00
249066197,jinan-telecom,wuhan-telecom,39.5835,0.0,icmp,1593289860,2020-06-27 20:31:00+00:00
249066427,jinan-telecom,wuhan-telecom,40.8675,0.0,icmp,1593289980,2020-06-27 20:33:00+00:00
249066652,jinan-telecom,wuhan-telecom,33.0991,0.0,icmp,1593290119,2020-06-27 20:35:19+00:00
249066856,jinan-telecom,wuhan-telecom,41.4431,0.0,icmp,1593290220,2020-06-27 20:37:00+00:00
249067095,jinan-telecom,wuhan-telecom,39.6183,0.0,icmp,1593290340,2020-06-27 20:39:00+00:00
249067334,jinan-telecom,wuhan-telecom,39.0911,0.0,icmp,1593290460,2020-06-27 20:41:00+00:00
249067564,jinan-telecom,wuhan-telecom,33.1235,0.0,icmp,1593290599,2020-06-27 20:43:19+00:00
249067814,jinan-telecom,wuhan-telecom,34.4847,0.0,icmp,1593290700,2020-06-27 20:45:00+00:00
249068001,jinan-telecom,wuhan-telecom,42.418,0.0,icmp,1593290820,2020-06-27 20:47:00+00:00
249068224,jinan-telecom,wuhan-telecom,46.5821,0.0,icmp,1593290940,2020-06-27 20:49:00+00:00
249068481,jinan-telecom,wuhan-telecom,39.3402,0.0,icmp,1593291079,2020-06-27 20:51:19+00:00
249068675,jinan-telecom,wuhan-telecom,45.472,0.0,icmp,1593291180,2020-06-27 20:53:00+00:00
249068883,jinan-telecom,wuhan-telecom,39.287,0.0,icmp,1593291319,2020-06-27 20:55:19+00:00
249069118,jinan-telecom,wuhan-telecom,42.913,0.0,icmp,1593291420,2020-06-27 20:57:00+00:00
249069358,jinan-telecom,wuhan-telecom,47.4428,0.0,icmp,1593291540,2020-06-27 20:59:00+00:00
249069571,jinan-telecom,wuhan-telecom,48.2257,0.0,icmp,1593291660,2020-06-27 21:01:00+00:00
249069791,jinan-telecom,wuhan-telecom,46.8258,0.0,icmp,1593291780,2020-06-27 21:03:00+00:00
249069991,jinan-telecom,wuhan-telecom,46.4517,0.0,icmp,1593291900,2020-06-27 21:05:00+00:00
249070239,jinan-telecom,wuhan-telecom,47.0514,0.0,icmp,1593292020,2020-06-27 21:07:00+00:00
249070478,jinan-telecom,wuhan-telecom,47.5784,0.0,icmp,1593292140,2020-06-27 21:09:00+00:00
249070697,jinan-telecom,wuhan-telecom,39.5773,0.0,icmp,1593292219,2020-06-27 21:10:19+00:00
249070928,jinan-telecom,wuhan-telecom,46.9121,0.0,icmp,1593292380,2020-06-27 21:13:00+00:00
249071154,jinan-telecom,wuhan-telecom,46.9539,0.0,icmp,1593292500,2020-06-27 21:15:00+00:00
249071365,jinan-telecom,wuhan-telecom,47.8516,0.0,icmp,1593292620,2020-06-27 21:17:00+00:00
249071621,jinan-telecom,wuhan-telecom,46.1696,0.0,icmp,1593292740,2020-06-27 21:19:00+00:00
249071813,jinan-telecom,wuhan-telecom,47.315,0.0,icmp,1593292860,2020-06-27 21:21:00+00:00
249072052,jinan-telecom,wuhan-telecom,39.6102,0.0,icmp,1593292999,2020-06-27 21:23:19+00:00
249072267,jinan-telecom,wuhan-telecom,45.6496,0.0,icmp,1593293100,2020-06-27 21:25:00+00:00
249072520,jinan-telecom,wuhan-telecom,46.9106,0.0,icmp,1593293220,2020-06-27 21:27:00+00:00
249072732,jinan-telecom,wuhan-telecom,39.4133,0.0,icmp,1593293299,2020-06-27 21:28:19+00:00
249072949,jinan-telecom,wuhan-telecom,39.3325,0.0,icmp,1593293419,2020-06-27 21:30:19+00:00
249073155,jinan-telecom,wuhan-telecom,47.2488,0.0,icmp,1593293580,2020-06-27 21:33:00+00:00
249073394,jinan-telecom,wuhan-telecom,47.9872,0.0,icmp,1593293700,2020-06-27 21:35:00+00:00
249073633,jinan-telecom,wuhan-telecom,39.4088,0.0,icmp,1593293839,2020-06-27 21:37:19+00:00
249073836,jinan-telecom,wuhan-telecom,48.0888,0.0,icmp,1593293940,2020-06-27 21:39:00+00:00
249074071,jinan-telecom,wuhan-telecom,46.1219,0.0,icmp,1593294060,2020-06-27 21:41:00+00:00
249074320,jinan-telecom,wuhan-telecom,47.7148,0.0,icmp,1593294180,2020-06-27 21:43:00+00:00
249074525,jinan-telecom,wuhan-telecom,47.9589,0.0,icmp,1593294300,2020-06-27 21:45:00+00:00
249074743,jinan-telecom,wuhan-telecom,48.4478,0.0,icmp,1593294420,2020-06-27 21:47:00+00:00
249074971,jinan-telecom,wuhan-telecom,39.3754,0.0,icmp,1593294559,2020-06-27 21:49:19+00:00
249075200,jinan-telecom,wuhan-telecom,46.5603,0.0,icmp,1593294660,2020-06-27 21:51:00+00:00
249075420,jinan-telecom,wuhan-telecom,44.5083,0.0,icmp,1593294780,2020-06-27 21:53:00+00:00
249075654,jinan-telecom,wuhan-telecom,47.2845,0.0,icmp,1593294900,2020-06-27 21:55:00+00:00
249075859,jinan-telecom,wuhan-telecom,46.2279,0.0,icmp,1593295020,2020-06-27 21:57:00+00:00
249076126,jinan-telecom,wuhan-telecom,45.7436,0.0,icmp,1593295140,2020-06-27 21:59:00+00:00
249076334,jinan-telecom,wuhan-telecom,39.5123,0.0,icmp,1593295204,2020-06-27 22:00:04+00:00
249076540,jinan-telecom,wuhan-telecom,39.3677,0.0,icmp,1593295399,2020-06-27 22:03:19+00:00
249076757,jinan-telecom,wuhan-telecom,39.3588,0.0,icmp,1593295519,2020-06-27 22:05:19+00:00
249077004,jinan-telecom,wuhan-telecom,48.537,0.0,icmp,1593295620,2020-06-27 22:07:00+00:00
249077221,jinan-telecom,wuhan-telecom,46.2611,0.0,icmp,1593295740,2020-06-27 22:09:00+00:00
249077448,jinan-telecom,wuhan-telecom,46.9174,0.0,icmp,1593295860,2020-06-27 22:11:00+00:00
249077671,jinan-telecom,wuhan-telecom,39.379,0.0,icmp,1593295999,2020-06-27 22:13:19+00:00
249077903,jinan-telecom,wuhan-telecom,48.0107,0.0,icmp,1593296100,2020-06-27 22:15:00+00:00
249078127,jinan-telecom,wuhan-telecom,39.5776,0.0,icmp,1593296239,2020-06-27 22:17:19+00:00
249078329,jinan-telecom,wuhan-telecom,39.6676,0.0,icmp,1593296359,2020-06-27 22:19:19+00:00
249078566,jinan-telecom,wuhan-telecom,44.8776,0.0,icmp,1593296460,2020-06-27 22:21:00+00:00
249078816,jinan-telecom,wuhan-telecom,39.3253,0.0,icmp,1593296539,2020-06-27 22:22:19+00:00
249079030,jinan-telecom,wuhan-telecom,40.3196,0.0,icmp,1593296700,2020-06-27 22:25:00+00:00
249079253,jinan-telecom,wuhan-telecom,47.9049,0.0,icmp,1593296820,2020-06-27 22:27:00+00:00
249079466,jinan-telecom,wuhan-telecom,48.4487,0.0,icmp,1593296940,2020-06-27 22:29:00+00:00
249079679,jinan-telecom,wuhan-telecom,40.0618,0.0,icmp,1593297060,2020-06-27 22:31:00+00:00
249079918,jinan-telecom,wuhan-telecom,47.1124,0.0,icmp,1593297180,2020-06-27 22:33:00+00:00
249080145,jinan-telecom,wuhan-telecom,39.3306,0.0,icmp,1593297259,2020-06-27 22:34:19+00:00
253307594,jinan-telecom,wuhan-telecom,45.0882,0.0,icmp,1592982960,2020-06-24 07:16:00+00:00
253307832,jinan-telecom,wuhan-telecom,46.9041,0.0,icmp,1592983080,2020-06-24 07:18:00+00:00
253308056,jinan-telecom,wuhan-telecom,46.9976,0.0,icmp,1592983200,2020-06-24 07:20:00+00:00
253308296,jinan-telecom,wuhan-telecom,39.3738,0.0,icmp,1592983279,2020-06-24 07:21:19+00:00
253308511,jinan-telecom,wuhan-telecom,46.5201,0.0,icmp,1592983440,2020-06-24 07:24:00+00:00
253308737,jinan-telecom,wuhan-telecom,39.3641,0.0,icmp,1592983519,2020-06-24 07:25:19+00:00
253308948,jinan-telecom,wuhan-telecom,45.8875,0.0,icmp,1592983680,2020-06-24 07:28:00+00:00
253309165,jinan-telecom,wuhan-telecom,47.2523,0.0,icmp,1592983800,2020-06-24 07:30:00+00:00
253309403,jinan-telecom,wuhan-telecom,47.0729,0.0,icmp,1592983920,2020-06-24 07:32:00+00:00
253309635,jinan-telecom,wuhan-telecom,48.1792,0.0,icmp,1592984040,2020-06-24 07:34:00+00:00
253309819,jinan-telecom,wuhan-telecom,45.1503,0.0,icmp,1592984160,2020-06-24 07:36:00+00:00
253310069,jinan-telecom,wuhan-telecom,39.3813,0.0,icmp,1592984239,2020-06-24 07:37:19+00:00
253310317,jinan-telecom,wuhan-telecom,39.4235,0.0,icmp,1592984359,2020-06-24 07:39:19+00:00
253310528,jinan-telecom,wuhan-telecom,47.7043,0.0,icmp,1592984520,2020-06-24 07:42:00+00:00
253310736,jinan-telecom,wuhan-telecom,49.2337,0.0,icmp,1592984640,2020-06-24 07:44:00+00:00
253310970,jinan-telecom,wuhan-telecom,39.3189,0.0,icmp,1592984719,2020-06-24 07:45:19+00:00
253311212,jinan-telecom,wuhan-telecom,47.2106,0.0,icmp,1592984880,2020-06-24 07:48:00+00:00
253311441,jinan-telecom,wuhan-telecom,48.2679,0.0,icmp,1592985000,2020-06-24 07:50:00+00:00
253311638,jinan-telecom,wuhan-telecom,46.8322,0.0,icmp,1592985120,2020-06-24 07:52:00+00:00
253311894,jinan-telecom,wuhan-telecom,39.5627,0.0,icmp,1592985184,2020-06-24 07:53:04+00:00
253312105,jinan-telecom,wuhan-telecom,46.3433,0.0,icmp,1592985360,2020-06-24 07:56:00+00:00
253312300,jinan-telecom,wuhan-telecom,47.1938,0.0,icmp,1592985480,2020-06-24 07:58:00+00:00
253312562,jinan-telecom,wuhan-telecom,47.2785,0.0,icmp,1592985600,2020-06-24 08:00:00+00:00
253312773,jinan-telecom,wuhan-telecom,47.7429,0.0,icmp,1592985720,2020-06-24 08:02:00+00:00
253312974,jinan-telecom,wuhan-telecom,46.9161,0.0,icmp,1592985840,2020-06-24 08:04:00+00:00
253313222,jinan-telecom,wuhan-telecom,39.4893,0.0,icmp,1592985979,2020-06-24 08:06:19+00:00
253313478,jinan-telecom,wuhan-telecom,47.9535,0.0,icmp,1592986080,2020-06-24 08:08:00+00:00
253313706,jinan-telecom,wuhan-telecom,47.0425,0.0,icmp,1592986200,2020-06-24 08:10:00+00:00
253313901,jinan-telecom,wuhan-telecom,46.4635,0.0,icmp,1592986320,2020-06-24 08:12:00+00:00
253314154,jinan-telecom,wuhan-telecom,47.2597,0.0,icmp,1592986440,2020-06-24 08:14:00+00:00
253314342,jinan-telecom,wuhan-telecom,47.7308,0.0,icmp,1592986560,2020-06-24 08:16:00+00:00
253314565,jinan-telecom,wuhan-telecom,46.0263,0.0,icmp,1592986680,2020-06-24 08:18:00+00:00
253314801,jinan-telecom,wuhan-telecom,41.0043,0.0,icmp,1592986800,2020-06-24 08:20:00+00:00
253315019,jinan-telecom,wuhan-telecom,49.3703,0.0,icmp,1592986920,2020-06-24 08:22:00+00:00
253315238,jinan-telecom,wuhan-telecom,49.5166,0.0,icmp,1592987040,2020-06-24 08:24:00+00:00
253315439,jinan-telecom,wuhan-telecom,46.8019,0.0,icmp,1592987160,2020-06-24 08:26:00+00:00
253315709,jinan-telecom,wuhan-telecom,50.3873,0.0,icmp,1592987280,2020-06-24 08:28:00+00:00
253315928,jinan-telecom,wuhan-telecom,47.497,0.0,icmp,1592987400,2020-06-24 08:30:00+00:00
253316154,jinan-telecom,wuhan-telecom,47.998,0.0,icmp,1592987520,2020-06-24 08:32:00+00:00
253316360,jinan-telecom,wuhan-telecom,41.7818,0.0,icmp,1592987640,2020-06-24 08:34:00+00:00
253316600,jinan-telecom,wuhan-telecom,46.3062,0.0,icmp,1592987760,2020-06-24 08:36:00+00:00
253316818,jinan-telecom,wuhan-telecom,39.5123,0.0,icmp,1592987839,2020-06-24 08:37:19+00:00
253317065,jinan-telecom,wuhan-telecom,45.8099,0.0,icmp,1592988000,2020-06-24 08:40:00+00:00
253317285,jinan-telecom,wuhan-telecom,47.8398,0.0,icmp,1592988120,2020-06-24 08:42:00+00:00
253317480,jinan-telecom,wuhan-telecom,42.4696,0.0,icmp,1592988240,2020-06-24 08:44:00+00:00
253317724,jinan-telecom,wuhan-telecom,46.8439,0.0,icmp,1592988360,2020-06-24 08:46:00+00:00
253317941,jinan-telecom,wuhan-telecom,47.6122,0.0,icmp,1592988480,2020-06-24 08:48:00+00:00
253318163,jinan-telecom,wuhan-telecom,48.0428,0.0,icmp,1592988600,2020-06-24 08:50:00+00:00
253318406,jinan-telecom,wuhan-telecom,46.4204,0.0,icmp,1592988720,2020-06-24 08:52:00+00:00
253318625,jinan-telecom,wuhan-telecom,39.3258,0.0,icmp,1592988799,2020-06-24 08:53:19+00:00
253318857,jinan-telecom,wuhan-telecom,48.1142,0.0,icmp,1592988960,2020-06-24 08:56:00+00:00
253319073,jinan-telecom,wuhan-telecom,45.3932,0.0,icmp,1592989080,2020-06-24 08:58:00+00:00
253319329,jinan-telecom,wuhan-telecom,48.2303,0.0,icmp,1592989200,2020-06-24 09:00:00+00:00
253319532,jinan-telecom,wuhan-telecom,48.0517,0.0,icmp,1592989320,2020-06-24 09:02:00+00:00
253319736,jinan-telecom,wuhan-telecom,47.3041,0.0,icmp,1592989440,2020-06-24 09:04:00+00:00
253319962,jinan-telecom,wuhan-telecom,49.2652,0.0,icmp,1592989560,2020-06-24 09:06:00+00:00
253320201,jinan-telecom,wuhan-telecom,39.5927,0.0,icmp,1592989639,2020-06-24 09:07:19+00:00
253320453,jinan-telecom,wuhan-telecom,39.9413,0.0,icmp,1592989819,2020-06-24 09:10:19+00:00
253320688,jinan-telecom,wuhan-telecom,46.8398,0.0,icmp,1592989920,2020-06-24 09:12:00+00:00
253320891,jinan-telecom,wuhan-telecom,48.3508,0.0,icmp,1592990040,2020-06-24 09:14:00+00:00
253321138,jinan-telecom,wuhan-telecom,46.2896,0.0,icmp,1592990160,2020-06-24 09:16:00+00:00
253321327,jinan-telecom,wuhan-telecom,48.3638,0.0,icmp,1592990280,2020-06-24 09:18:00+00:00
253321561,jinan-telecom,wuhan-telecom,46.1738,0.0,icmp,1592990400,2020-06-24 09:20:00+00:00
253321759,jinan-telecom,wuhan-telecom,39.3496,0.0,icmp,1592990539,2020-06-24 09:22:19+00:00
253321995,jinan-telecom,wuhan-telecom,46.7384,0.0,icmp,1592990640,2020-06-24 09:24:00+00:00
253322244,jinan-telecom,wuhan-telecom,45.0516,0.0,icmp,1592990760,2020-06-24 09:26:00+00:00
253322455,jinan-telecom,wuhan-telecom,48.6891,0.0,icmp,1592990880,2020-06-24 09:28:00+00:00
253322663,jinan-telecom,wuhan-telecom,46.1955,0.0,icmp,1592991000,2020-06-24 09:30:00+00:00
253322894,jinan-telecom,wuhan-telecom,39.3787,0.0,icmp,1592991139,2020-06-24 09:32:19+00:00
253323125,jinan-telecom,wuhan-telecom,46.9709,0.0,icmp,1592991240,2020-06-24 09:34:00+00:00
253323344,jinan-telecom,wuhan-telecom,45.812,0.0,icmp,1592991360,2020-06-24 09:36:00+00:00
253323568,jinan-telecom,wuhan-telecom,47.1332,0.0,icmp,1592991480,2020-06-24 09:38:00+00:00
253323778,jinan-telecom,wuhan-telecom,40.2757,0.0,icmp,1592991600,2020-06-24 09:40:00+00:00
253324017,jinan-telecom,wuhan-telecom,46.8824,0.0,icmp,1592991720,2020-06-24 09:42:00+00:00
253324261,jinan-telecom,wuhan-telecom,45.4023,0.0,icmp,1592991840,2020-06-24 09:44:00+00:00
253324466,jinan-telecom,wuhan-telecom,44.8991,0.0,icmp,1592991960,2020-06-24 09:46:00+00:00
253324698,jinan-telecom,wuhan-telecom,46.172,0.0,icmp,1592992080,2020-06-24 09:48:00+00:00
253324932,jinan-telecom,wuhan-telecom,47.4457,0.0,icmp,1592992200,2020-06-24 09:50:00+00:00
253325176,jinan-telecom,wuhan-telecom,46.2923,0.0,icmp,1592992320,2020-06-24 09:52:00+00:00
253325388,jinan-telecom,wuhan-telecom,47.1905,0.0,icmp,1592992440,2020-06-24 09:54:00+00:00
253325605,jinan-telecom,wuhan-telecom,47.967,0.0,icmp,1592992560,2020-06-24 09:56:00+00:00
253325820,jinan-telecom,wuhan-telecom,47.2256,0.0,icmp,1592992680,2020-06-24 09:58:00+00:00
253326048,jinan-telecom,wuhan-telecom,39.5544,0.0,icmp,1592992819,2020-06-24 10:00:19+00:00
253326274,jinan-telecom,wuhan-telecom,47.9108,0.0,icmp,1592992920,2020-06-24 10:02:00+00:00
253326489,jinan-telecom,wuhan-telecom,46.6134,0.0,icmp,1592993040,2020-06-24 10:04:00+00:00
253326721,jinan-telecom,wuhan-telecom,46.7166,0.0,icmp,1592993160,2020-06-24 10:06:00+00:00
253326956,jinan-telecom,wuhan-telecom,48.4937,0.0,icmp,1592993280,2020-06-24 10:08:00+00:00
253327160,jinan-telecom,wuhan-telecom,39.4337,0.0,icmp,1592993419,2020-06-24 10:10:19+00:00
253327408,jinan-telecom,wuhan-telecom,39.3721,0.0,icmp,1592993539,2020-06-24 10:12:19+00:00
253327619,jinan-telecom,wuhan-telecom,47.6731,0.0,icmp,1592993640,2020-06-24 10:14:00+00:00
253327861,jinan-telecom,wuhan-telecom,45.5765,0.0,icmp,1592993760,2020-06-24 10:16:00+00:00
253328074,jinan-telecom,wuhan-telecom,47.349,0.0,icmp,1592993880,2020-06-24 10:18:00+00:00
253328312,jinan-telecom,wuhan-telecom,51.9543,0.0,icmp,1592994000,2020-06-24 10:20:00+00:00
253328523,jinan-telecom,wuhan-telecom,39.7852,0.0,icmp,1592994079,2020-06-24 10:21:19+00:00
253328743,jinan-telecom,wuhan-telecom,39.354,0.0,icmp,1592994259,2020-06-24 10:24:19+00:00
253328987,jinan-telecom,wuhan-telecom,45.9127,0.0,icmp,1592994360,2020-06-24 10:26:00+00:00
253329188,jinan-telecom,wuhan-telecom,47.4447,0.0,icmp,1592994480,2020-06-24 10:28:00+00:00
253329418,jinan-telecom,wuhan-telecom,45.3892,0.0,icmp,1592994600,2020-06-24 10:30:00+00:00
253329656,jinan-telecom,wuhan-telecom,46.6722,0.0,icmp,1592994720,2020-06-24 10:32:00+00:00
253329842,jinan-telecom,wuhan-telecom,44.0111,0.0,icmp,1592994840,2020-06-24 10:34:00+00:00
253330109,jinan-telecom,wuhan-telecom,39.3506,0.0,icmp,1592994979,2020-06-24 10:36:19+00:00
253330320,jinan-telecom,wuhan-telecom,47.0966,0.0,icmp,1592995080,2020-06-24 10:38:00+00:00
253330580,jinan-telecom,wuhan-telecom,46.3155,0.0,icmp,1592995200,2020-06-24 10:40:00+00:00
253330763,jinan-telecom,wuhan-telecom,39.75,0.0,icmp,1592995279,2020-06-24 10:41:19+00:00
253330997,jinan-telecom,wuhan-telecom,46.3442,0.0,icmp,1592995440,2020-06-24 10:44:00+00:00
253331225,jinan-telecom,wuhan-telecom,45.2965,0.0,icmp,1592995560,2020-06-24 10:46:00+00:00
253331440,jinan-telecom,wuhan-telecom,46.5728,0.0,icmp,1592995680,2020-06-24 10:48:00+00:00
253331672,jinan-telecom,wuhan-telecom,45.2733,0.0,icmp,1592995800,2020-06-24 10:50:00+00:00
253331889,jinan-telecom,wuhan-telecom,45.2284,0.0,icmp,1592995920,2020-06-24 10:52:00+00:00
253332101,jinan-telecom,wuhan-telecom,47.1911,0.0,icmp,1592996040,2020-06-24 10:54:00+00:00
253332352,jinan-telecom,wuhan-telecom,46.2046,0.0,icmp,1592996160,2020-06-24 10:56:00+00:00
253332567,jinan-telecom,wuhan-telecom,48.8123,0.0,icmp,1592996280,2020-06-24 10:58:00+00:00
253332802,jinan-telecom,wuhan-telecom,39.8647,0.0,icmp,1592996359,2020-06-24 10:59:19+00:00
253333045,jinan-telecom,wuhan-telecom,47.1261,0.0,icmp,1592996520,2020-06-24 11:02:00+00:00
253333249,jinan-telecom,wuhan-telecom,40.6421,0.0,icmp,1592996640,2020-06-24 11:04:00+00:00
253333479,jinan-telecom,wuhan-telecom,39.3585,0.0,icmp,1592996779,2020-06-24 11:06:19+00:00
253333708,jinan-telecom,wuhan-telecom,46.1312,0.0,icmp,1592996880,2020-06-24 11:08:00+00:00
253333915,jinan-telecom,wuhan-telecom,46.89,0.0,icmp,1592997000,2020-06-24 11:10:00+00:00
253334146,jinan-telecom,wuhan-telecom,46.7949,0.0,icmp,1592997120,2020-06-24 11:12:00+00:00
253334359,jinan-telecom,wuhan-telecom,46.2807,0.0,icmp,1592997240,2020-06-24 11:14:00+00:00
253334598,jinan-telecom,wuhan-telecom,47.7248,0.0,icmp,1592997360,2020-06-24 11:16:00+00:00
253334829,jinan-telecom,wuhan-telecom,47.251,0.0,icmp,1592997480,2020-06-24 11:18:00+00:00
253335038,jinan-telecom,wuhan-telecom,39.3872,0.0,icmp,1592997619,2020-06-24 11:20:19+00:00
253335269,jinan-telecom,wuhan-telecom,45.0931,0.0,icmp,1592997720,2020-06-24 11:22:00+00:00
253335492,jinan-telecom,wuhan-telecom,46.9347,0.0,icmp,1592997840,2020-06-24 11:24:00+00:00
253335722,jinan-telecom,wuhan-telecom,39.3545,0.0,icmp,1592997979,2020-06-24 11:26:19+00:00
253335958,jinan-telecom,wuhan-telecom,39.3361,0.0,icmp,1592998099,2020-06-24 11:28:19+00:00
253336173,jinan-telecom,wuhan-telecom,45.326,0.0,icmp,1592998200,2020-06-24 11:30:00+00:00
253336389,jinan-telecom,wuhan-telecom,47.1432,0.0,icmp,1592998320,2020-06-24 11:32:00+00:00
253336614,jinan-telecom,wuhan-telecom,39.3356,0.0,icmp,1592998459,2020-06-24 11:34:19+00:00
253336844,jinan-telecom,wuhan-telecom,45.7851,0.0,icmp,1592998560,2020-06-24 11:36:00+00:00
253337101,jinan-telecom,wuhan-telecom,47.5937,0.0,icmp,1592998680,2020-06-24 11:38:00+00:00
253337288,jinan-telecom,wuhan-telecom,47.9309,0.0,icmp,1592998800,2020-06-24 11:40:00+00:00
253337527,jinan-telecom,wuhan-telecom,45.3217,0.0,icmp,1592998865,2020-06-24 11:41:05+00:00
253337768,jinan-telecom,wuhan-telecom,39.3738,0.0,icmp,1592999059,2020-06-24 11:44:19+00:00
253337988,jinan-telecom,wuhan-telecom,48.928,0.0,icmp,1592999160,2020-06-24 11:46:00+00:00
253338199,jinan-telecom,wuhan-telecom,50.4854,0.0,icmp,1592999280,2020-06-24 11:48:00+00:00
253338405,jinan-telecom,wuhan-telecom,45.6264,0.0,icmp,1592999400,2020-06-24 11:50:00+00:00
253338664,jinan-telecom,wuhan-telecom,47.1736,0.0,icmp,1592999520,2020-06-24 11:52:00+00:00
253338852,jinan-telecom,wuhan-telecom,47.7879,0.0,icmp,1592999640,2020-06-24 11:54:00+00:00
253339080,jinan-telecom,wuhan-telecom,46.3913,0.0,icmp,1592999760,2020-06-24 11:56:00+00:00
253339311,jinan-telecom,wuhan-telecom,39.6452,0.0,icmp,1592999839,2020-06-24 11:57:19+00:00
253339570,jinan-telecom,wuhan-telecom,39.3752,0.0,icmp,1593000019,2020-06-24 12:00:19+00:00
253339769,jinan-telecom,wuhan-telecom,45.7176,0.0,icmp,1593000120,2020-06-24 12:02:00+00:00
253339995,jinan-telecom,wuhan-telecom,39.4619,0.0,icmp,1593000259,2020-06-24 12:04:19+00:00
253340238,jinan-telecom,wuhan-telecom,48.8288,0.0,icmp,1593000360,2020-06-24 12:06:00+00:00
253340464,jinan-telecom,wuhan-telecom,47.2684,0.0,icmp,1593000480,2020-06-24 12:08:00+00:00
253340685,jinan-telecom,wuhan-telecom,49.2862,0.0,icmp,1593000600,2020-06-24 12:10:00+00:00
253340879,jinan-telecom,wuhan-telecom,47.7498,0.0,icmp,1593000720,2020-06-24 12:12:00+00:00
253341114,jinan-telecom,wuhan-telecom,42.5936,0.0,icmp,1593000840,2020-06-24 12:14:00+00:00
253341346,jinan-telecom,wuhan-telecom,46.3086,0.0,icmp,1593000960,2020-06-24 12:16:00+00:00
253341579,jinan-telecom,wuhan-telecom,47.453,0.0,icmp,1593001080,2020-06-24 12:18:00+00:00
253341809,jinan-telecom,wuhan-telecom,39.693,0.0,icmp,1593001219,2020-06-24 12:20:19+00:00
253342016,jinan-telecom,wuhan-telecom,47.8575,0.0,icmp,1593001320,2020-06-24 12:22:00+00:00
253342273,jinan-telecom,wuhan-telecom,39.4447,0.0,icmp,1593001445,2020-06-24 12:24:05+00:00
253342466,jinan-telecom,wuhan-telecom,39.4774,0.0,icmp,1593001579,2020-06-24 12:26:19+00:00
253342709,jinan-telecom,wuhan-telecom,47.2443,0.0,icmp,1593001680,2020-06-24 12:28:00+00:00
253342928,jinan-telecom,wuhan-telecom,39.5842,0.0,icmp,1593001819,2020-06-24 12:30:19+00:00
253343174,jinan-telecom,wuhan-telecom,46.6075,0.0,icmp,1593001920,2020-06-24 12:32:00+00:00
253343369,jinan-telecom,wuhan-telecom,39.3952,0.0,icmp,1593002059,2020-06-24 12:34:19+00:00
253343593,jinan-telecom,wuhan-telecom,46.0341,0.0,icmp,1593002160,2020-06-24 12:36:00+00:00
253343810,jinan-telecom,wuhan-telecom,39.3478,0.0,icmp,1593002299,2020-06-24 12:38:19+00:00
253344045,jinan-telecom,wuhan-telecom,47.034,0.0,icmp,1593002400,2020-06-24 12:40:00+00:00
253344268,jinan-telecom,wuhan-telecom,39.6151,0.0,icmp,1593002464,2020-06-24 12:41:04+00:00
253344500,jinan-telecom,wuhan-telecom,39.5879,0.0,icmp,1593002599,2020-06-24 12:43:19+00:00
253344696,jinan-telecom,wuhan-telecom,39.3861,0.0,icmp,1593002719,2020-06-24 12:45:19+00:00
253344953,jinan-telecom,wuhan-telecom,47.8915,0.0,icmp,1593002880,2020-06-24 12:48:00+00:00
253345174,jinan-telecom,wuhan-telecom,39.4493,0.0,icmp,1593003019,2020-06-24 12:50:19+00:00
253345374,jinan-telecom,wuhan-telecom,47.6102,0.0,icmp,1593003120,2020-06-24 12:52:00+00:00
253345613,jinan-telecom,wuhan-telecom,47.1944,0.0,icmp,1593003240,2020-06-24 12:54:00+00:00
253345850,jinan-telecom,wuhan-telecom,47.5092,0.0,icmp,1593003360,2020-06-24 12:56:00+00:00
253346072,jinan-telecom,wuhan-telecom,39.4916,0.0,icmp,1593003439,2020-06-24 12:57:19+00:00
253346315,jinan-telecom,wuhan-telecom,39.3603,0.0,icmp,1593003619,2020-06-24 13:00:19+00:00
253346505,jinan-telecom,wuhan-telecom,48.9246,0.0,icmp,1593003720,2020-06-24 13:02:00+00:00
253346748,jinan-telecom,wuhan-telecom,46.3107,0.0,icmp,1593003840,2020-06-24 13:04:00+00:00
253346985,jinan-telecom,wuhan-telecom,39.4372,0.0,icmp,1593003919,2020-06-24 13:05:19+00:00
253347187,jinan-telecom,wuhan-telecom,46.5137,0.0,icmp,1593004080,2020-06-24 13:08:00+00:00
253347413,jinan-telecom,wuhan-telecom,39.8028,0.0,icmp,1593004159,2020-06-24 13:09:19+00:00
253347657,jinan-telecom,wuhan-telecom,39.6657,0.0,icmp,1593004279,2020-06-24 13:11:19+00:00
253347883,jinan-telecom,wuhan-telecom,45.5955,0.0,icmp,1593004440,2020-06-24 13:14:00+00:00
253348109,jinan-telecom,wuhan-telecom,48.2582,0.0,icmp,1593004560,2020-06-24 13:16:00+00:00
253348319,jinan-telecom,wuhan-telecom,46.9257,0.0,icmp,1593004680,2020-06-24 13:18:00+00:00
253348555,jinan-telecom,wuhan-telecom,46.5189,0.0,icmp,1593004800,2020-06-24 13:20:00+00:00
253348773,jinan-telecom,wuhan-telecom,47.226,0.0,icmp,1593004920,2020-06-24 13:22:00+00:00
253349016,jinan-telecom,wuhan-telecom,46.9558,0.0,icmp,1593005040,2020-06-24 13:24:00+00:00
253349237,jinan-telecom,wuhan-telecom,47.8058,0.0,icmp,1593005160,2020-06-24 13:26:00+00:00
253349454,jinan-telecom,wuhan-telecom,39.3665,0.0,icmp,1593005299,2020-06-24 13:28:19+00:00
253349669,jinan-telecom,wuhan-telecom,49.5872,0.0,icmp,1593005400,2020-06-24 13:30:00+00:00
253349921,jinan-telecom,wuhan-telecom,47.5722,0.0,icmp,1593005520,2020-06-24 13:32:00+00:00
253350125,jinan-telecom,wuhan-telecom,45.5443,0.0,icmp,1593005640,2020-06-24 13:34:00+00:00
253350334,jinan-telecom,wuhan-telecom,39.9873,0.0,icmp,1593005760,2020-06-24 13:36:00+00:00
253350572,jinan-telecom,wuhan-telecom,45.8154,0.0,icmp,1593005880,2020-06-24 13:38:00+00:00
253350790,jinan-telecom,wuhan-telecom,39.4342,0.0,icmp,1593005944,2020-06-24 13:39:04+00:00
253351024,jinan-telecom,wuhan-telecom,39.3921,0.0,icmp,1593006079,2020-06-24 13:41:19+00:00
253351235,jinan-telecom,wuhan-telecom,39.433,0.0,icmp,1593006250,2020-06-24 13:44:10+00:00
253351475,jinan-telecom,wuhan-telecom,48.6065,0.0,icmp,1593006360,2020-06-24 13:46:00+00:00
253351701,jinan-telecom,wuhan-telecom,47.2579,0.0,icmp,1593006480,2020-06-24 13:48:00+00:00
253351931,jinan-telecom,wuhan-telecom,48.2084,0.0,icmp,1593006600,2020-06-24 13:50:00+00:00
253352156,jinan-telecom,wuhan-telecom,39.4962,0.0,icmp,1593006670,2020-06-24 13:51:10+00:00
253352378,jinan-telecom,wuhan-telecom,46.4124,0.0,icmp,1593006840,2020-06-24 13:54:00+00:00
253352626,jinan-telecom,wuhan-telecom,39.6571,0.0,icmp,1593006919,2020-06-24 13:55:19+00:00
253352819,jinan-telecom,wuhan-telecom,39.5707,0.0,icmp,1593007039,2020-06-24 13:57:19+00:00
253353041,jinan-telecom,wuhan-telecom,39.6847,0.0,icmp,1593007159,2020-06-24 13:59:19+00:00
253353274,jinan-telecom,wuhan-telecom,39.847,0.0,icmp,1593007325,2020-06-24 14:02:05+00:00
253353498,jinan-telecom,wuhan-telecom,49.0107,0.0,icmp,1593007440,2020-06-24 14:04:00+00:00
253353719,jinan-telecom,wuhan-telecom,49.1981,0.0,icmp,1593007560,2020-06-24 14:06:00+00:00
253353945,jinan-telecom,wuhan-telecom,46.1359,0.0,icmp,1593007680,2020-06-24 14:08:00+00:00
253354138,jinan-telecom,wuhan-telecom,47.4651,0.0,icmp,1593007800,2020-06-24 14:10:00+00:00
253354393,jinan-telecom,wuhan-telecom,47.7028,0.0,icmp,1593007920,2020-06-24 14:12:00+00:00
253354610,jinan-telecom,wuhan-telecom,45.2577,0.0,icmp,1593008040,2020-06-24 14:14:00+00:00
253354835,jinan-telecom,wuhan-telecom,39.5663,0.0,icmp,1593008179,2020-06-24 14:16:19+00:00
253355062,jinan-telecom,wuhan-telecom,46.1706,0.0,icmp,1593008280,2020-06-24 14:18:00+00:00
253355285,jinan-telecom,wuhan-telecom,45.4461,0.0,icmp,1593008400,2020-06-24 14:20:00+00:00
253355510,jinan-telecom,wuhan-telecom,45.3673,0.0,icmp,1593008520,2020-06-24 14:22:00+00:00
253355736,jinan-telecom,wuhan-telecom,39.5679,0.0,icmp,1593008599,2020-06-24 14:23:19+00:00
253355982,jinan-telecom,wuhan-telecom,46.3464,0.0,icmp,1593008760,2020-06-24 14:26:00+00:00
253356205,jinan-telecom,wuhan-telecom,46.795,0.0,icmp,1593008880,2020-06-24 14:28:00+00:00
253356419,jinan-telecom,wuhan-telecom,48.2845,0.0,icmp,1593009000,2020-06-24 14:30:00+00:00
253356658,jinan-telecom,wuhan-telecom,39.4507,0.0,icmp,1593009139,2020-06-24 14:32:19+00:00
253356866,jinan-telecom,wuhan-telecom,47.7857,0.0,icmp,1593009240,2020-06-24 14:34:00+00:00
253357082,jinan-telecom,wuhan-telecom,49.7382,0.0,icmp,1593009360,2020-06-24 14:36:00+00:00
253357301,jinan-telecom,wuhan-telecom,46.9637,0.0,icmp,1593009480,2020-06-24 14:38:00+00:00
253357546,jinan-telecom,wuhan-telecom,41.0517,0.0,icmp,1593009600,2020-06-24 14:40:00+00:00
253357769,jinan-telecom,wuhan-telecom,46.3556,0.0,icmp,1593009720,2020-06-24 14:42:00+00:00
253357995,jinan-telecom,wuhan-telecom,47.9204,0.0,icmp,1593009840,2020-06-24 14:44:00+00:00
253358211,jinan-telecom,wuhan-telecom,45.9964,0.0,icmp,1593009960,2020-06-24 14:46:00+00:00
253358463,jinan-telecom,wuhan-telecom,45.7373,0.0,icmp,1593010080,2020-06-24 14:48:00+00:00
253358673,jinan-telecom,wuhan-telecom,47.7589,0.0,icmp,1593010200,2020-06-24 14:50:00+00:00
253358900,jinan-telecom,wuhan-telecom,39.5622,0.0,icmp,1593010279,2020-06-24 14:51:19+00:00
253359124,jinan-telecom,wuhan-telecom,48.0907,0.0,icmp,1593010440,2020-06-24 14:54:00+00:00
253359345,jinan-telecom,wuhan-telecom,46.919,0.0,icmp,1593010560,2020-06-24 14:56:00+00:00
253359572,jinan-telecom,wuhan-telecom,39.3479,0.0,icmp,1593010699,2020-06-24 14:58:19+00:00
253359799,jinan-telecom,wuhan-telecom,45.32,0.0,icmp,1593010800,2020-06-24 15:00:00+00:00
253360010,jinan-telecom,wuhan-telecom,47.7583,0.0,icmp,1593010920,2020-06-24 15:02:00+00:00
253360247,jinan-telecom,wuhan-telecom,48.8308,0.0,icmp,1593011040,2020-06-24 15:04:00+00:00
253360472,jinan-telecom,wuhan-telecom,47.1452,0.0,icmp,1593011160,2020-06-24 15:06:00+00:00
253360692,jinan-telecom,wuhan-telecom,47.4888,0.0,icmp,1593011280,2020-06-24 15:08:00+00:00
253360913,jinan-telecom,wuhan-telecom,39.3492,0.0,icmp,1593011359,2020-06-24 15:09:19+00:00
253361152,jinan-telecom,wuhan-telecom,44.2387,0.0,icmp,1593011520,2020-06-24 15:12:00+00:00
253361365,jinan-telecom,wuhan-telecom,47.7288,0.0,icmp,1593011640,2020-06-24 15:14:00+00:00
253361606,jinan-telecom,wuhan-telecom,47.4897,0.0,icmp,1593011760,2020-06-24 15:16:00+00:00
253361804,jinan-telecom,wuhan-telecom,43.9206,0.0,icmp,1593011880,2020-06-24 15:18:00+00:00
253362025,jinan-telecom,wuhan-telecom,47.1731,0.0,icmp,1593012000,2020-06-24 15:20:00+00:00
253362278,jinan-telecom,wuhan-telecom,45.8386,0.0,icmp,1593012120,2020-06-24 15:22:00+00:00
253362492,jinan-telecom,wuhan-telecom,45.5645,0.0,icmp,1593012240,2020-06-24 15:24:00+00:00
253362714,jinan-telecom,wuhan-telecom,48.9834,0.0,icmp,1593012360,2020-06-24 15:26:00+00:00
253362957,jinan-telecom,wuhan-telecom,40.9075,0.0,icmp,1593012480,2020-06-24 15:28:00+00:00
253363169,jinan-telecom,wuhan-telecom,47.9681,0.0,icmp,1593012600,2020-06-24 15:30:00+00:00
253363417,jinan-telecom,wuhan-telecom,39.3547,0.0,icmp,1593012739,2020-06-24 15:32:19+00:00
253363609,jinan-telecom,wuhan-telecom,45.728,0.0,icmp,1593012840,2020-06-24 15:34:00+00:00
253363837,jinan-telecom,wuhan-telecom,39.5091,0.0,icmp,1593012979,2020-06-24 15:36:19+00:00
253364077,jinan-telecom,wuhan-telecom,46.4477,0.0,icmp,1593013080,2020-06-24 15:38:00+00:00
253364291,jinan-telecom,wuhan-telecom,45.8891,0.0,icmp,1593013200,2020-06-24 15:40:00+00:00
253364527,jinan-telecom,wuhan-telecom,39.3155,0.0,icmp,1593013279,2020-06-24 15:41:19+00:00
253364734,jinan-telecom,wuhan-telecom,45.5397,0.0,icmp,1593013440,2020-06-24 15:44:00+00:00
253364964,jinan-telecom,wuhan-telecom,46.4936,0.0,icmp,1593013560,2020-06-24 15:46:00+00:00
253365199,jinan-telecom,wuhan-telecom,39.5163,0.0,icmp,1593013639,2020-06-24 15:47:19+00:00
253365409,jinan-telecom,wuhan-telecom,49.7548,0.0,icmp,1593013800,2020-06-24 15:50:00+00:00
253365634,jinan-telecom,wuhan-telecom,48.0728,0.0,icmp,1593013920,2020-06-24 15:52:00+00:00
253365876,jinan-telecom,wuhan-telecom,48.5208,0.0,icmp,1593014040,2020-06-24 15:54:00+00:00
253366078,jinan-telecom,wuhan-telecom,39.6034,0.0,icmp,1593014179,2020-06-24 15:56:19+00:00
253366335,jinan-telecom,wuhan-telecom,46.3723,0.0,icmp,1593014280,2020-06-24 15:58:00+00:00
253366521,jinan-telecom,wuhan-telecom,47.4781,0.0,icmp,1593014400,2020-06-24 16:00:00+00:00
253366800,jinan-telecom,wuhan-telecom,46.2657,0.0,icmp,1593014520,2020-06-24 16:02:00+00:00
253366985,jinan-telecom,wuhan-telecom,49.1497,0.0,icmp,1593014640,2020-06-24 16:04:00+00:00
253367215,jinan-telecom,wuhan-telecom,47.3926,0.0,icmp,1593014760,2020-06-24 16:06:00+00:00
253367418,jinan-telecom,wuhan-telecom,39.4399,0.0,icmp,1593014899,2020-06-24 16:08:19+00:00
253367669,jinan-telecom,wuhan-telecom,47.5098,0.0,icmp,1593015000,2020-06-24 16:10:00+00:00
253367908,jinan-telecom,wuhan-telecom,48.1685,0.0,icmp,1593015120,2020-06-24 16:12:00+00:00
253368116,jinan-telecom,wuhan-telecom,48.5375,0.0,icmp,1593015240,2020-06-24 16:14:00+00:00
253368349,jinan-telecom,wuhan-telecom,46.9737,0.0,icmp,1593015360,2020-06-24 16:16:00+00:00
253368574,jinan-telecom,wuhan-telecom,44.46,0.0,icmp,1593015480,2020-06-24 16:18:00+00:00
253368811,jinan-telecom,wuhan-telecom,46.7395,0.0,icmp,1593015600,2020-06-24 16:20:00+00:00
253369015,jinan-telecom,wuhan-telecom,48.7421,0.0,icmp,1593015720,2020-06-24 16:22:00+00:00
253369237,jinan-telecom,wuhan-telecom,46.7455,0.0,icmp,1593015840,2020-06-24 16:24:00+00:00
253369455,jinan-telecom,wuhan-telecom,39.3756,0.0,icmp,1593015919,2020-06-24 16:25:19+00:00
253369682,jinan-telecom,wuhan-telecom,47.7126,0.0,icmp,1593016080,2020-06-24 16:28:00+00:00
253369918,jinan-telecom,wuhan-telecom,48.4933,0.0,icmp,1593016200,2020-06-24 16:30:00+00:00
253370177,jinan-telecom,wuhan-telecom,46.7729,0.0,icmp,1593016320,2020-06-24 16:32:00+00:00
253370362,jinan-telecom,wuhan-telecom,47.1187,0.0,icmp,1593016440,2020-06-24 16:34:00+00:00
253370588,jinan-telecom,wuhan-telecom,46.2971,0.0,icmp,1593016560,2020-06-24 16:36:00+00:00
253370822,jinan-telecom,wuhan-telecom,48.7044,0.0,icmp,1593016680,2020-06-24 16:38:00+00:00
253371056,jinan-telecom,wuhan-telecom,46.2294,0.0,icmp,1593016800,2020-06-24 16:40:00+00:00
253371268,jinan-telecom,wuhan-telecom,47.8058,0.0,icmp,1593016920,2020-06-24 16:42:00+00:00
253371501,jinan-telecom,wuhan-telecom,39.3668,0.0,icmp,1593017059,2020-06-24 16:44:19+00:00
253371731,jinan-telecom,wuhan-telecom,46.3252,0.0,icmp,1593017160,2020-06-24 16:46:00+00:00
253371942,jinan-telecom,wuhan-telecom,47.4228,0.0,icmp,1593017280,2020-06-24 16:48:00+00:00
253372185,jinan-telecom,wuhan-telecom,47.0276,0.0,icmp,1593017400,2020-06-24 16:50:00+00:00
253372399,jinan-telecom,wuhan-telecom,39.3861,0.0,icmp,1593017539,2020-06-24 16:52:19+00:00
253372621,jinan-telecom,wuhan-telecom,41.5366,0.0,icmp,1593017640,2020-06-24 16:54:00+00:00
253372833,jinan-telecom,wuhan-telecom,47.6941,0.0,icmp,1593017760,2020-06-24 16:56:00+00:00
253373087,jinan-telecom,wuhan-telecom,39.346,0.0,icmp,1593017899,2020-06-24 16:58:19+00:00
253373309,jinan-telecom,wuhan-telecom,49.0168,0.0,icmp,1593018000,2020-06-24 17:00:00+00:00
253373524,jinan-telecom,wuhan-telecom,39.3298,0.0,icmp,1593018139,2020-06-24 17:02:19+00:00
253373732,jinan-telecom,wuhan-telecom,47.8181,0.0,icmp,1593018240,2020-06-24 17:04:00+00:00
253373975,jinan-telecom,wuhan-telecom,47.6062,0.0,icmp,1593018360,2020-06-24 17:06:00+00:00
253374207,jinan-telecom,wuhan-telecom,41.094,0.0,icmp,1593018480,2020-06-24 17:08:00+00:00
253374414,jinan-telecom,wuhan-telecom,46.829,0.0,icmp,1593018600,2020-06-24 17:10:00+00:00
253374666,jinan-telecom,wuhan-telecom,47.1887,0.0,icmp,1593018720,2020-06-24 17:12:00+00:00
253374879,jinan-telecom,wuhan-telecom,42.3248,0.0,icmp,1593018840,2020-06-24 17:14:00+00:00
253375112,jinan-telecom,wuhan-telecom,39.5239,0.0,icmp,1593018919,2020-06-24 17:15:19+00:00
253375307,jinan-telecom,wuhan-telecom,46.6005,0.0,icmp,1593019080,2020-06-24 17:18:00+00:00
253375574,jinan-telecom,wuhan-telecom,46.6944,0.0,icmp,1593019200,2020-06-24 17:20:00+00:00
253375823,jinan-telecom,wuhan-telecom,45.7182,0.0,icmp,1593019320,2020-06-24 17:22:00+00:00
253376011,jinan-telecom,wuhan-telecom,42.9875,0.0,icmp,1593019440,2020-06-24 17:24:00+00:00
253376221,jinan-telecom,wuhan-telecom,45.651,0.0,icmp,1593019560,2020-06-24 17:26:00+00:00
253376419,jinan-telecom,wuhan-telecom,39.6363,0.0,icmp,1593019680,2020-06-24 17:28:00+00:00
253376661,jinan-telecom,wuhan-telecom,48.4362,0.0,icmp,1593019800,2020-06-24 17:30:00+00:00
253376906,jinan-telecom,wuhan-telecom,39.3285,0.0,icmp,1593019879,2020-06-24 17:31:19+00:00
253377117,jinan-telecom,wuhan-telecom,39.3631,0.0,icmp,1593019999,2020-06-24 17:33:19+00:00
253377341,jinan-telecom,wuhan-telecom,48.3704,0.0,icmp,1593020160,2020-06-24 17:36:00+00:00
253377559,jinan-telecom,wuhan-telecom,45.6664,0.0,icmp,1593020280,2020-06-24 17:38:00+00:00
253377803,jinan-telecom,wuhan-telecom,46.4226,0.0,icmp,1593020400,2020-06-24 17:40:00+00:00
253378017,jinan-telecom,wuhan-telecom,48.759,0.0,icmp,1593020520,2020-06-24 17:42:00+00:00
253378235,jinan-telecom,wuhan-telecom,47.5351,0.0,icmp,1593020640,2020-06-24 17:44:00+00:00
253378480,jinan-telecom,wuhan-telecom,49.021,0.0,icmp,1593020760,2020-06-24 17:46:00+00:00
253378690,jinan-telecom,wuhan-telecom,39.3385,0.0,icmp,1593020839,2020-06-24 17:47:19+00:00
253378905,jinan-telecom,wuhan-telecom,39.3302,0.0,icmp,1593020959,2020-06-24 17:49:19+00:00
253379144,jinan-telecom,wuhan-telecom,39.3281,0.0,icmp,1593021079,2020-06-24 17:51:19+00:00
253379377,jinan-telecom,wuhan-telecom,47.6057,0.0,icmp,1593021240,2020-06-24 17:54:00+00:00
253379605,jinan-telecom,wuhan-telecom,45.3553,0.0,icmp,1593021360,2020-06-24 17:56:00+00:00
253379837,jinan-telecom,wuhan-telecom,44.945,0.0,icmp,1593021480,2020-06-24 17:58:00+00:00
253380043,jinan-telecom,wuhan-telecom,39.6616,0.0,icmp,1593021559,2020-06-24 17:59:19+00:00
253380265,jinan-telecom,wuhan-telecom,47.0661,0.0,icmp,1593021720,2020-06-24 18:02:00+00:00
253380486,jinan-telecom,wuhan-telecom,47.8478,0.0,icmp,1593021840,2020-06-24 18:04:00+00:00
253380735,jinan-telecom,wuhan-telecom,45.6877,0.0,icmp,1593021960,2020-06-24 18:06:00+00:00
253380951,jinan-telecom,wuhan-telecom,46.6278,0.0,icmp,1593022080,2020-06-24 18:08:00+00:00
253381168,jinan-telecom,wuhan-telecom,47.6201,0.0,icmp,1593022200,2020-06-24 18:10:00+00:00
253381384,jinan-telecom,wuhan-telecom,49.7562,0.0,icmp,1593022320,2020-06-24 18:12:00+00:00
253381630,jinan-telecom,wuhan-telecom,39.4078,0.0,icmp,1593022459,2020-06-24 18:14:19+00:00
253381838,jinan-telecom,wuhan-telecom,46.3708,0.0,icmp,1593022560,2020-06-24 18:16:00+00:00
253382083,jinan-telecom,wuhan-telecom,45.3878,0.0,icmp,1593022680,2020-06-24 18:18:00+00:00
253382309,jinan-telecom,wuhan-telecom,47.8039,0.0,icmp,1593022800,2020-06-24 18:20:00+00:00
253382523,jinan-telecom,wuhan-telecom,46.9063,0.0,icmp,1593022920,2020-06-24 18:22:00+00:00
253382743,jinan-telecom,wuhan-telecom,47.4399,0.0,icmp,1593023040,2020-06-24 18:24:00+00:00
253382944,jinan-telecom,wuhan-telecom,49.668,0.0,icmp,1593023160,2020-06-24 18:26:00+00:00
253383189,jinan-telecom,wuhan-telecom,47.3378,0.0,icmp,1593023280,2020-06-24 18:28:00+00:00
253383428,jinan-telecom,wuhan-telecom,46.3631,0.0,icmp,1593023400,2020-06-24 18:30:00+00:00
253383653,jinan-telecom,wuhan-telecom,46.5526,0.0,icmp,1593023520,2020-06-24 18:32:00+00:00
253383869,jinan-telecom,wuhan-telecom,46.9191,0.0,icmp,1593023640,2020-06-24 18:34:00+00:00
253384090,jinan-telecom,wuhan-telecom,48.283,0.0,icmp,1593023760,2020-06-24 18:36:00+00:00
253384318,jinan-telecom,wuhan-telecom,45.4407,0.0,icmp,1593023880,2020-06-24 18:38:00+00:00
253384548,jinan-telecom,wuhan-telecom,47.3732,0.0,icmp,1593024000,2020-06-24 18:40:00+00:00
253384760,jinan-telecom,wuhan-telecom,49.1655,0.0,icmp,1593024120,2020-06-24 18:42:00+00:00
253385007,jinan-telecom,wuhan-telecom,44.0781,0.0,icmp,1593024184,2020-06-24 18:43:04+00:00
253385216,jinan-telecom,wuhan-telecom,47.0461,0.0,icmp,1593024360,2020-06-24 18:46:00+00:00
253385491,jinan-telecom,wuhan-telecom,48.3827,0.0,icmp,1593024480,2020-06-24 18:48:00+00:00
253385669,jinan-telecom,wuhan-telecom,46.6612,0.0,icmp,1593024600,2020-06-24 18:50:00+00:00
253385890,jinan-telecom,wuhan-telecom,42.0877,0.0,icmp,1593024720,2020-06-24 18:52:00+00:00
253386128,jinan-telecom,wuhan-telecom,39.3674,0.0,icmp,1593024799,2020-06-24 18:53:19+00:00
253386339,jinan-telecom,wuhan-telecom,39.3822,0.0,icmp,1593024919,2020-06-24 18:55:19+00:00
253386585,jinan-telecom,wuhan-telecom,39.4259,0.0,icmp,1593025039,2020-06-24 18:57:19+00:00
253386788,jinan-telecom,wuhan-telecom,47.0068,0.0,icmp,1593025200,2020-06-24 19:00:00+00:00
253387028,jinan-telecom,wuhan-telecom,46.1794,0.0,icmp,1593025320,2020-06-24 19:02:00+00:00
253387246,jinan-telecom,wuhan-telecom,39.3583,0.0,icmp,1593025399,2020-06-24 19:03:19+00:00
253387497,jinan-telecom,wuhan-telecom,39.3168,0.0,icmp,1593025579,2020-06-24 19:06:19+00:00
253387714,jinan-telecom,wuhan-telecom,47.0277,0.0,icmp,1593025680,2020-06-24 19:08:00+00:00
253387943,jinan-telecom,wuhan-telecom,46.9059,0.0,icmp,1593025800,2020-06-24 19:10:00+00:00
253388124,jinan-telecom,wuhan-telecom,47.6651,0.0,icmp,1593025920,2020-06-24 19:12:00+00:00
253388368,jinan-telecom,wuhan-telecom,43.5899,0.0,icmp,1593026040,2020-06-24 19:14:00+00:00
253388608,jinan-telecom,wuhan-telecom,39.42,0.0,icmp,1593026105,2020-06-24 19:15:05+00:00
253388852,jinan-telecom,wuhan-telecom,47.5886,0.0,icmp,1593026280,2020-06-24 19:18:00+00:00
253389051,jinan-telecom,wuhan-telecom,45.3146,0.0,icmp,1593026400,2020-06-24 19:20:00+00:00
253389260,jinan-telecom,wuhan-telecom,39.5435,0.0,icmp,1593026479,2020-06-24 19:21:19+00:00
253389487,jinan-telecom,wuhan-telecom,43.2031,0.0,icmp,1593026640,2020-06-24 19:24:00+00:00
253389731,jinan-telecom,wuhan-telecom,48.08,0.0,icmp,1593026760,2020-06-24 19:26:00+00:00
253389931,jinan-telecom,wuhan-telecom,39.3478,0.0,icmp,1593026899,2020-06-24 19:28:19+00:00
253390175,jinan-telecom,wuhan-telecom,46.8412,0.0,icmp,1593027000,2020-06-24 19:30:00+00:00
253390399,jinan-telecom,wuhan-telecom,45.5661,0.0,icmp,1593027120,2020-06-24 19:32:00+00:00
253390626,jinan-telecom,wuhan-telecom,39.3658,0.0,icmp,1593027199,2020-06-24 19:33:19+00:00
253390831,jinan-telecom,wuhan-telecom,47.3575,0.0,icmp,1593027360,2020-06-24 19:36:00+00:00
253391070,jinan-telecom,wuhan-telecom,46.4644,0.0,icmp,1593027480,2020-06-24 19:38:00+00:00
253391285,jinan-telecom,wuhan-telecom,46.7104,0.0,icmp,1593027600,2020-06-24 19:40:00+00:00
253391517,jinan-telecom,wuhan-telecom,46.0862,0.0,icmp,1593027720,2020-06-24 19:42:00+00:00
253391739,jinan-telecom,wuhan-telecom,48.1761,0.0,icmp,1593027840,2020-06-24 19:44:00+00:00
253391975,jinan-telecom,wuhan-telecom,47.4036,0.0,icmp,1593027960,2020-06-24 19:46:00+00:00
253392178,jinan-telecom,wuhan-telecom,39.4386,0.0,icmp,1593028084,2020-06-24 19:48:04+00:00
253392410,jinan-telecom,wuhan-telecom,46.2461,0.0,icmp,1593028200,2020-06-24 19:50:00+00:00
253392634,jinan-telecom,wuhan-telecom,46.2849,0.0,icmp,1593028320,2020-06-24 19:52:00+00:00
253392845,jinan-telecom,wuhan-telecom,39.5094,0.0,icmp,1593028459,2020-06-24 19:54:19+00:00
253393081,jinan-telecom,wuhan-telecom,46.2277,0.0,icmp,1593028560,2020-06-24 19:56:00+00:00
253393321,jinan-telecom,wuhan-telecom,48.2547,0.0,icmp,1593028680,2020-06-24 19:58:00+00:00
253393546,jinan-telecom,wuhan-telecom,51.5519,1.0,icmp,1593028800,2020-06-24 20:00:00+00:00
253393781,jinan-telecom,wuhan-telecom,46.6352,0.0,icmp,1593028920,2020-06-24 20:02:00+00:00
253394019,jinan-telecom,wuhan-telecom,39.5717,0.0,icmp,1593028999,2020-06-24 20:03:19+00:00
253394210,jinan-telecom,wuhan-telecom,39.5016,0.0,icmp,1593029119,2020-06-24 20:05:19+00:00
253394418,jinan-telecom,wuhan-telecom,45.6798,0.0,icmp,1593029280,2020-06-24 20:08:00+00:00
253394667,jinan-telecom,wuhan-telecom,48.9136,0.0,icmp,1593029400,2020-06-24 20:10:00+00:00
253394900,jinan-telecom,wuhan-telecom,48.6882,0.0,icmp,1593029520,2020-06-24 20:12:00+00:00
253395140,jinan-telecom,wuhan-telecom,49.103,0.0,icmp,1593029640,2020-06-24 20:14:00+00:00
253395339,jinan-telecom,wuhan-telecom,48.9116,0.0,icmp,1593029760,2020-06-24 20:16:00+00:00
253395559,jinan-telecom,wuhan-telecom,46.7023,0.0,icmp,1593029880,2020-06-24 20:18:00+00:00
253395788,jinan-telecom,wuhan-telecom,39.3481,0.0,icmp,1593030019,2020-06-24 20:20:19+00:00
253396035,jinan-telecom,wuhan-telecom,47.0341,0.0,icmp,1593030120,2020-06-24 20:22:00+00:00
253396258,jinan-telecom,wuhan-telecom,39.7256,0.0,icmp,1593030199,2020-06-24 20:23:19+00:00
253396474,jinan-telecom,wuhan-telecom,39.4557,0.0,icmp,1593030319,2020-06-24 20:25:19+00:00
253396669,jinan-telecom,wuhan-telecom,46.1574,0.0,icmp,1593030480,2020-06-24 20:28:00+00:00
253396900,jinan-telecom,wuhan-telecom,45.0522,0.0,icmp,1593030600,2020-06-24 20:30:00+00:00
253397146,jinan-telecom,wuhan-telecom,45.2582,0.0,icmp,1593030720,2020-06-24 20:32:00+00:00
253397351,jinan-telecom,wuhan-telecom,48.278,0.0,icmp,1593030840,2020-06-24 20:34:00+00:00
253397592,jinan-telecom,wuhan-telecom,46.0973,0.0,icmp,1593030960,2020-06-24 20:36:00+00:00
253397829,jinan-telecom,wuhan-telecom,48.6902,0.0,icmp,1593031080,2020-06-24 20:38:00+00:00
253398023,jinan-telecom,wuhan-telecom,39.3654,0.0,icmp,1593031219,2020-06-24 20:40:19+00:00
253398269,jinan-telecom,wuhan-telecom,49.2354,0.0,icmp,1593031320,2020-06-24 20:42:00+00:00
253398482,jinan-telecom,wuhan-telecom,48.3639,0.0,icmp,1593031440,2020-06-24 20:44:00+00:00
253398750,jinan-telecom,wuhan-telecom,46.9933,0.0,icmp,1593031560,2020-06-24 20:46:00+00:00
253398938,jinan-telecom,wuhan-telecom,45.6877,0.0,icmp,1593031680,2020-06-24 20:48:00+00:00
253399184,jinan-telecom,wuhan-telecom,47.2874,0.0,icmp,1593031800,2020-06-24 20:50:00+00:00
253399394,jinan-telecom,wuhan-telecom,40.6749,0.0,icmp,1593031920,2020-06-24 20:52:00+00:00
253399620,jinan-telecom,wuhan-telecom,47.8775,0.0,icmp,1593032040,2020-06-24 20:54:00+00:00
253399851,jinan-telecom,wuhan-telecom,44.5652,0.0,icmp,1593032160,2020-06-24 20:56:00+00:00
253400081,jinan-telecom,wuhan-telecom,40.8933,0.0,icmp,1593032280,2020-06-24 20:58:00+00:00
253400289,jinan-telecom,wuhan-telecom,45.7733,0.0,icmp,1593032400,2020-06-24 21:00:00+00:00
253400524,jinan-telecom,wuhan-telecom,51.1765,0.0,icmp,1593032520,2020-06-24 21:02:00+00:00
253400746,jinan-telecom,wuhan-telecom,50.8573,0.0,icmp,1593032640,2020-06-24 21:04:00+00:00
253400964,jinan-telecom,wuhan-telecom,51.6583,0.0,icmp,1593032760,2020-06-24 21:06:00+00:00
253401222,jinan-telecom,wuhan-telecom,51.114,0.0,icmp,1593032880,2020-06-24 21:08:00+00:00
253401422,jinan-telecom,wuhan-telecom,39.895,0.0,icmp,1593033000,2020-06-24 21:10:00+00:00
253401655,jinan-telecom,wuhan-telecom,47.2917,0.0,icmp,1593033120,2020-06-24 21:12:00+00:00
253401870,jinan-telecom,wuhan-telecom,42.7354,0.0,icmp,1593033240,2020-06-24 21:14:00+00:00
253402117,jinan-telecom,wuhan-telecom,47.6256,0.0,icmp,1593033360,2020-06-24 21:16:00+00:00
253402309,jinan-telecom,wuhan-telecom,45.0978,0.0,icmp,1593033480,2020-06-24 21:18:00+00:00
253402544,jinan-telecom,wuhan-telecom,46.8816,0.0,icmp,1593033600,2020-06-24 21:20:00+00:00
253402773,jinan-telecom,wuhan-telecom,46.871,0.0,icmp,1593033720,2020-06-24 21:22:00+00:00
253403002,jinan-telecom,wuhan-telecom,46.5418,0.0,icmp,1593033840,2020-06-24 21:24:00+00:00
253403209,jinan-telecom,wuhan-telecom,45.7618,0.0,icmp,1593033960,2020-06-24 21:26:00+00:00
253403434,jinan-telecom,wuhan-telecom,39.3475,0.0,icmp,1593034099,2020-06-24 21:28:19+00:00
253403660,jinan-telecom,wuhan-telecom,46.4816,0.0,icmp,1593034200,2020-06-24 21:30:00+00:00
253403881,jinan-telecom,wuhan-telecom,47.667,0.0,icmp,1593034320,2020-06-24 21:32:00+00:00
253404115,jinan-telecom,wuhan-telecom,39.6648,0.0,icmp,1593034399,2020-06-24 21:33:19+00:00
253404369,jinan-telecom,wuhan-telecom,50.1959,0.0,icmp,1593034560,2020-06-24 21:36:00+00:00
253404560,jinan-telecom,wuhan-telecom,47.159,0.0,icmp,1593034680,2020-06-24 21:38:00+00:00
253404807,jinan-telecom,wuhan-telecom,48.1916,0.0,icmp,1593034800,2020-06-24 21:40:00+00:00
253405021,jinan-telecom,wuhan-telecom,48.5108,0.0,icmp,1593034920,2020-06-24 21:42:00+00:00
253405235,jinan-telecom,wuhan-telecom,39.3054,0.0,icmp,1593034999,2020-06-24 21:43:19+00:00
253405462,jinan-telecom,wuhan-telecom,39.3629,0.0,icmp,1593035179,2020-06-24 21:46:19+00:00
253405724,jinan-telecom,wuhan-telecom,45.4373,0.0,icmp,1593035280,2020-06-24 21:48:00+00:00
253405933,jinan-telecom,wuhan-telecom,39.5837,0.0,icmp,1593035359,2020-06-24 21:49:19+00:00
253406171,jinan-telecom,wuhan-telecom,46.2566,0.0,icmp,1593035520,2020-06-24 21:52:00+00:00
253406379,jinan-telecom,wuhan-telecom,39.5501,0.0,icmp,1593035659,2020-06-24 21:54:19+00:00
253406606,jinan-telecom,wuhan-telecom,40.6029,0.0,icmp,1593035760,2020-06-24 21:56:00+00:00
253406820,jinan-telecom,wuhan-telecom,41.2706,0.0,icmp,1593035880,2020-06-24 21:58:00+00:00
253407045,jinan-telecom,wuhan-telecom,47.4295,0.0,icmp,1593036000,2020-06-24 22:00:00+00:00
253407266,jinan-telecom,wuhan-telecom,39.4034,0.0,icmp,1593036079,2020-06-24 22:01:19+00:00
253407484,jinan-telecom,wuhan-telecom,46.3234,0.0,icmp,1593036240,2020-06-24 22:04:00+00:00
253407721,jinan-telecom,wuhan-telecom,46.6357,0.0,icmp,1593036360,2020-06-24 22:06:00+00:00
253407954,jinan-telecom,wuhan-telecom,39.3611,0.0,icmp,1593036499,2020-06-24 22:08:19+00:00
253408154,jinan-telecom,wuhan-telecom,45.2801,0.0,icmp,1593036600,2020-06-24 22:10:00+00:00
253408405,jinan-telecom,wuhan-telecom,46.2659,0.0,icmp,1593036720,2020-06-24 22:12:00+00:00
253408633,jinan-telecom,wuhan-telecom,39.5218,0.0,icmp,1593036859,2020-06-24 22:14:19+00:00
253408835,jinan-telecom,wuhan-telecom,45.805,0.0,icmp,1593036960,2020-06-24 22:16:00+00:00
253409066,jinan-telecom,wuhan-telecom,39.4958,0.0,icmp,1593037099,2020-06-24 22:18:19+00:00
253409277,jinan-telecom,wuhan-telecom,46.1606,0.0,icmp,1593037200,2020-06-24 22:20:00+00:00
253409519,jinan-telecom,wuhan-telecom,44.9814,0.0,icmp,1593037320,2020-06-24 22:22:00+00:00
253409743,jinan-telecom,wuhan-telecom,43.4719,0.0,icmp,1593037440,2020-06-24 22:24:00+00:00
253409977,jinan-telecom,wuhan-telecom,39.5861,0.0,icmp,1593037519,2020-06-24 22:25:19+00:00
253410190,jinan-telecom,wuhan-telecom,42.0432,0.0,icmp,1593037680,2020-06-24 22:28:00+00:00
253410418,jinan-telecom,wuhan-telecom,39.4296,0.0,icmp,1593037804,2020-06-24 22:30:04+00:00
253410640,jinan-telecom,wuhan-telecom,44.9805,0.0,icmp,1593037920,2020-06-24 22:32:00+00:00
253410852,jinan-telecom,wuhan-telecom,39.3637,0.0,icmp,1593038059,2020-06-24 22:34:19+00:00
253411081,jinan-telecom,wuhan-telecom,46.3474,0.0,icmp,1593038160,2020-06-24 22:36:00+00:00
253411306,jinan-telecom,wuhan-telecom,45.7422,0.0,icmp,1593038280,2020-06-24 22:38:00+00:00
253411542,jinan-telecom,wuhan-telecom,39.427,0.0,icmp,1593038345,2020-06-24 22:39:05+00:00
253411775,jinan-telecom,wuhan-telecom,45.7675,0.0,icmp,1593038520,2020-06-24 22:42:00+00:00
253412000,jinan-telecom,wuhan-telecom,39.6009,0.0,icmp,1593038599,2020-06-24 22:43:19+00:00
253412241,jinan-telecom,wuhan-telecom,47.7782,0.0,icmp,1593038760,2020-06-24 22:46:00+00:00
253412437,jinan-telecom,wuhan-telecom,48.3322,0.0,icmp,1593038880,2020-06-24 22:48:00+00:00
253412666,jinan-telecom,wuhan-telecom,46.8683,0.0,icmp,1593039000,2020-06-24 22:50:00+00:00
253412904,jinan-telecom,wuhan-telecom,45.0801,0.0,icmp,1593039121,2020-06-24 22:52:01+00:00
253413106,jinan-telecom,wuhan-telecom,48.434,0.0,icmp,1593039240,2020-06-24 22:54:00+00:00
253413343,jinan-telecom,wuhan-telecom,45.9708,0.0,icmp,1593039360,2020-06-24 22:56:00+00:00
253413558,jinan-telecom,wuhan-telecom,47.703,0.0,icmp,1593039480,2020-06-24 22:58:00+00:00
253413780,jinan-telecom,wuhan-telecom,47.1174,0.0,icmp,1593039600,2020-06-24 23:00:00+00:00
253414021,jinan-telecom,wuhan-telecom,45.7502,0.0,icmp,1593039720,2020-06-24 23:02:00+00:00
253414255,jinan-telecom,wuhan-telecom,39.8441,0.0,icmp,1593039840,2020-06-24 23:04:00+00:00
253414458,jinan-telecom,wuhan-telecom,44.1209,0.0,icmp,1593039960,2020-06-24 23:06:00+00:00
253414692,jinan-telecom,wuhan-telecom,45.8449,0.0,icmp,1593040080,2020-06-24 23:08:00+00:00
253414916,jinan-telecom,wuhan-telecom,50.1639,0.0,icmp,1593040200,2020-06-24 23:10:00+00:00
253415137,jinan-telecom,wuhan-telecom,46.2183,0.0,icmp,1593040320,2020-06-24 23:12:00+00:00
253415357,jinan-telecom,wuhan-telecom,48.6803,0.0,icmp,1593040440,2020-06-24 23:14:00+00:00
253415603,jinan-telecom,wuhan-telecom,45.9773,0.0,icmp,1593040560,2020-06-24 23:16:00+00:00
253415812,jinan-telecom,wuhan-telecom,48.1497,0.0,icmp,1593040680,2020-06-24 23:18:00+00:00
253416058,jinan-telecom,wuhan-telecom,46.6358,0.0,icmp,1593040800,2020-06-24 23:20:00+00:00
253416260,jinan-telecom,wuhan-telecom,39.4409,0.0,icmp,1593040879,2020-06-24 23:21:19+00:00
253416480,jinan-telecom,wuhan-telecom,47.3939,0.0,icmp,1593041040,2020-06-24 23:24:00+00:00
253416706,jinan-telecom,wuhan-telecom,48.6856,0.0,icmp,1593041160,2020-06-24 23:26:00+00:00
253416934,jinan-telecom,wuhan-telecom,48.6674,0.0,icmp,1593041280,2020-06-24 23:28:00+00:00
253417165,jinan-telecom,wuhan-telecom,45.7491,0.0,icmp,1593041400,2020-06-24 23:30:00+00:00
253417386,jinan-telecom,wuhan-telecom,39.5315,0.0,icmp,1593041539,2020-06-24 23:32:19+00:00
253417604,jinan-telecom,wuhan-telecom,45.3017,0.0,icmp,1593041640,2020-06-24 23:34:00+00:00
253417857,jinan-telecom,wuhan-telecom,39.3004,0.0,icmp,1593041779,2020-06-24 23:36:19+00:00
253418062,jinan-telecom,wuhan-telecom,49.8384,0.0,icmp,1593041880,2020-06-24 23:38:00+00:00
253418291,jinan-telecom,wuhan-telecom,47.2226,0.0,icmp,1593042000,2020-06-24 23:40:00+00:00
253418528,jinan-telecom,wuhan-telecom,50.1964,0.0,icmp,1593042120,2020-06-24 23:42:00+00:00
253418731,jinan-telecom,wuhan-telecom,48.8678,0.0,icmp,1593042240,2020-06-24 23:44:00+00:00
253418988,jinan-telecom,wuhan-telecom,48.4192,0.0,icmp,1593042360,2020-06-24 23:46:00+00:00
253419188,jinan-telecom,wuhan-telecom,47.7293,0.0,icmp,1593042480,2020-06-24 23:48:00+00:00
253419410,jinan-telecom,wuhan-telecom,48.5661,0.0,icmp,1593042600,2020-06-24 23:50:00+00:00
253419649,jinan-telecom,wuhan-telecom,48.4006,0.0,icmp,1593042720,2020-06-24 23:52:00+00:00
253419871,jinan-telecom,wuhan-telecom,39.3268,0.0,icmp,1593042859,2020-06-24 23:54:19+00:00
253420107,jinan-telecom,wuhan-telecom,39.3249,0.0,icmp,1593042979,2020-06-24 23:56:19+00:00
253420309,jinan-telecom,wuhan-telecom,48.3446,0.0,icmp,1593043080,2020-06-24 23:58:00+00:00
253420534,jinan-telecom,wuhan-telecom,45.807,0.0,icmp,1593043200,2020-06-25 00:00:00+00:00
253420774,jinan-telecom,wuhan-telecom,44.8808,0.0,icmp,1593043320,2020-06-25 00:02:00+00:00
253420995,jinan-telecom,wuhan-telecom,44.8485,0.0,icmp,1593043440,2020-06-25 00:04:00+00:00
253421204,jinan-telecom,wuhan-telecom,39.3392,0.0,icmp,1593043519,2020-06-25 00:05:19+00:00
253421447,jinan-telecom,wuhan-telecom,40.5454,0.0,icmp,1593043680,2020-06-25 00:08:00+00:00
253421662,jinan-telecom,wuhan-telecom,48.1543,0.0,icmp,1593043800,2020-06-25 00:10:00+00:00
253421895,jinan-telecom,wuhan-telecom,47.5581,0.0,icmp,1593043920,2020-06-25 00:12:00+00:00
253422135,jinan-telecom,wuhan-telecom,45.5856,0.0,icmp,1593044040,2020-06-25 00:14:00+00:00
253422338,jinan-telecom,wuhan-telecom,47.7836,0.0,icmp,1593044160,2020-06-25 00:16:00+00:00
253422598,jinan-telecom,wuhan-telecom,46.0286,0.0,icmp,1593044280,2020-06-25 00:18:00+00:00
253422787,jinan-telecom,wuhan-telecom,47.6916,0.0,icmp,1593044400,2020-06-25 00:20:00+00:00
253423021,jinan-telecom,wuhan-telecom,46.0095,0.0,icmp,1593044520,2020-06-25 00:22:00+00:00
253423232,jinan-telecom,wuhan-telecom,47.008,0.0,icmp,1593044640,2020-06-25 00:24:00+00:00
253423482,jinan-telecom,wuhan-telecom,46.2007,0.0,icmp,1593044760,2020-06-25 00:26:00+00:00
253423685,jinan-telecom,wuhan-telecom,46.7704,0.0,icmp,1593044880,2020-06-25 00:28:00+00:00
253423934,jinan-telecom,wuhan-telecom,47.7715,0.0,icmp,1593045000,2020-06-25 00:30:00+00:00
253424138,jinan-telecom,wuhan-telecom,47.8126,0.0,icmp,1593045120,2020-06-25 00:32:00+00:00
253424390,jinan-telecom,wuhan-telecom,46.2962,0.0,icmp,1593045240,2020-06-25 00:34:00+00:00
253424598,jinan-telecom,wuhan-telecom,42.0613,0.0,icmp,1593045360,2020-06-25 00:36:00+00:00
253424809,jinan-telecom,wuhan-telecom,39.5164,0.0,icmp,1593045439,2020-06-25 00:37:19+00:00
253425046,jinan-telecom,wuhan-telecom,47.753,0.0,icmp,1593045600,2020-06-25 00:40:00+00:00
253425264,jinan-telecom,wuhan-telecom,39.64,0.0,icmp,1593045720,2020-06-25 00:42:00+00:00
256336086,jinan-telecom,wuhan-telecom,39.3448,0.0,icmp,1593297439,2020-06-27 22:37:19+00:00
256336304,jinan-telecom,wuhan-telecom,47.1088,0.0,icmp,1593297540,2020-06-27 22:39:00+00:00
256336535,jinan-telecom,wuhan-telecom,39.4704,0.0,icmp,1593297619,2020-06-27 22:40:19+00:00
256336726,jinan-telecom,wuhan-telecom,48.6018,0.0,icmp,1593297780,2020-06-27 22:43:00+00:00
256336994,jinan-telecom,wuhan-telecom,49.2132,0.0,icmp,1593297900,2020-06-27 22:45:00+00:00
256337216,jinan-telecom,wuhan-telecom,39.5011,0.0,icmp,1593297979,2020-06-27 22:46:19+00:00
256337435,jinan-telecom,wuhan-telecom,39.302,0.0,icmp,1593298159,2020-06-27 22:49:19+00:00
256337660,jinan-telecom,wuhan-telecom,49.5141,0.0,icmp,1593298260,2020-06-27 22:51:00+00:00
256337896,jinan-telecom,wuhan-telecom,45.2738,0.0,icmp,1593298380,2020-06-27 22:53:00+00:00
256338108,jinan-telecom,wuhan-telecom,48.5098,0.0,icmp,1593298500,2020-06-27 22:55:00+00:00
256338320,jinan-telecom,wuhan-telecom,48.549,0.0,icmp,1593298620,2020-06-27 22:57:00+00:00
256338560,jinan-telecom,wuhan-telecom,39.4278,0.0,icmp,1593298745,2020-06-27 22:59:05+00:00
256338768,jinan-telecom,wuhan-telecom,46.5473,0.0,icmp,1593298860,2020-06-27 23:01:00+00:00
256339019,jinan-telecom,wuhan-telecom,47.0399,0.0,icmp,1593298980,2020-06-27 23:03:00+00:00
256339228,jinan-telecom,wuhan-telecom,46.1733,0.0,icmp,1593299100,2020-06-27 23:05:00+00:00
256339475,jinan-telecom,wuhan-telecom,46.8306,0.0,icmp,1593299220,2020-06-27 23:07:00+00:00
256339669,jinan-telecom,wuhan-telecom,45.4282,0.0,icmp,1593299340,2020-06-27 23:09:00+00:00
256339917,jinan-telecom,wuhan-telecom,46.594,0.0,icmp,1593299460,2020-06-27 23:11:00+00:00
256340123,jinan-telecom,wuhan-telecom,39.3462,0.0,icmp,1593299539,2020-06-27 23:12:19+00:00
256340362,jinan-telecom,wuhan-telecom,48.6348,0.0,icmp,1593299700,2020-06-27 23:15:00+00:00
256340592,jinan-telecom,wuhan-telecom,39.349,0.0,icmp,1593299839,2020-06-27 23:17:19+00:00
256340793,jinan-telecom,wuhan-telecom,47.2979,0.0,icmp,1593299940,2020-06-27 23:19:00+00:00
256341039,jinan-telecom,wuhan-telecom,47.4313,0.0,icmp,1593300060,2020-06-27 23:21:00+00:00
256341271,jinan-telecom,wuhan-telecom,46.4003,0.0,icmp,1593300180,2020-06-27 23:23:00+00:00
256341479,jinan-telecom,wuhan-telecom,49.0001,0.0,icmp,1593300300,2020-06-27 23:25:00+00:00
256341698,jinan-telecom,wuhan-telecom,41.802,0.0,icmp,1593300420,2020-06-27 23:27:00+00:00
256341919,jinan-telecom,wuhan-telecom,46.1966,0.0,icmp,1593300540,2020-06-27 23:29:00+00:00
256342141,jinan-telecom,wuhan-telecom,47.345,0.0,icmp,1593300660,2020-06-27 23:31:00+00:00
256342377,jinan-telecom,wuhan-telecom,47.5262,0.0,icmp,1593300780,2020-06-27 23:33:00+00:00
256342602,jinan-telecom,wuhan-telecom,47.9278,0.0,icmp,1593300900,2020-06-27 23:35:00+00:00
256342835,jinan-telecom,wuhan-telecom,48.1999,0.0,icmp,1593301020,2020-06-27 23:37:00+00:00
256343066,jinan-telecom,wuhan-telecom,47.2532,0.0,icmp,1593301140,2020-06-27 23:39:00+00:00
256343294,jinan-telecom,wuhan-telecom,39.347,0.0,icmp,1593301219,2020-06-27 23:40:19+00:00
256343551,jinan-telecom,wuhan-telecom,39.3804,0.0,icmp,1593301339,2020-06-27 23:42:19+00:00
256343722,jinan-telecom,wuhan-telecom,39.3637,0.0,icmp,1593301519,2020-06-27 23:45:19+00:00
256343981,jinan-telecom,wuhan-telecom,47.2744,0.0,icmp,1593301620,2020-06-27 23:47:00+00:00
256344191,jinan-telecom,wuhan-telecom,49.3278,0.0,icmp,1593301740,2020-06-27 23:49:00+00:00
256344427,jinan-telecom,wuhan-telecom,47.0884,0.0,icmp,1593301860,2020-06-27 23:51:00+00:00
256344612,jinan-telecom,wuhan-telecom,39.524,0.0,icmp,1593301999,2020-06-27 23:53:19+00:00
256344842,jinan-telecom,wuhan-telecom,47.973,0.0,icmp,1593302100,2020-06-27 23:55:00+00:00
256345060,jinan-telecom,wuhan-telecom,46.9104,0.0,icmp,1593302220,2020-06-27 23:57:00+00:00
256345335,jinan-telecom,wuhan-telecom,39.3774,0.0,icmp,1593302299,2020-06-27 23:58:19+00:00
256345541,jinan-telecom,wuhan-telecom,46.7581,0.0,icmp,1593302460,2020-06-28 00:01:00+00:00
256345760,jinan-telecom,wuhan-telecom,47.9844,0.0,icmp,1593302580,2020-06-28 00:03:00+00:00
256345970,jinan-telecom,wuhan-telecom,39.3438,0.0,icmp,1593302719,2020-06-28 00:05:19+00:00
256346202,jinan-telecom,wuhan-telecom,46.3981,0.0,icmp,1593302820,2020-06-28 00:07:00+00:00
256346442,jinan-telecom,wuhan-telecom,47.432,0.0,icmp,1593302940,2020-06-28 00:09:00+00:00
256346702,jinan-telecom,wuhan-telecom,47.8093,0.0,icmp,1593303060,2020-06-28 00:11:00+00:00
256346874,jinan-telecom,wuhan-telecom,46.6474,0.0,icmp,1593303180,2020-06-28 00:13:00+00:00
256347124,jinan-telecom,wuhan-telecom,46.5508,0.0,icmp,1593303300,2020-06-28 00:15:00+00:00
256347333,jinan-telecom,wuhan-telecom,39.3578,0.0,icmp,1593303379,2020-06-28 00:16:19+00:00
256347577,jinan-telecom,wuhan-telecom,39.3325,0.0,icmp,1593303559,2020-06-28 00:19:19+00:00
256347777,jinan-telecom,wuhan-telecom,47.9121,0.0,icmp,1593303660,2020-06-28 00:21:00+00:00
256348007,jinan-telecom,wuhan-telecom,46.7691,0.0,icmp,1593303780,2020-06-28 00:23:00+00:00
256348231,jinan-telecom,wuhan-telecom,46.8268,0.0,icmp,1593303900,2020-06-28 00:25:00+00:00
256348463,jinan-telecom,wuhan-telecom,39.639,0.0,icmp,1593304039,2020-06-28 00:27:19+00:00
256348685,jinan-telecom,wuhan-telecom,48.9149,0.0,icmp,1593304140,2020-06-28 00:29:00+00:00
256348903,jinan-telecom,wuhan-telecom,39.4467,0.0,icmp,1593304204,2020-06-28 00:30:04+00:00
256349130,jinan-telecom,wuhan-telecom,48.0221,0.0,icmp,1593304380,2020-06-28 00:33:00+00:00
256349360,jinan-telecom,wuhan-telecom,39.4399,0.0,icmp,1593304459,2020-06-28 00:34:19+00:00
256349608,jinan-telecom,wuhan-telecom,46.5216,0.0,icmp,1593304620,2020-06-28 00:37:00+00:00
256349799,jinan-telecom,wuhan-telecom,47.0745,0.0,icmp,1593304740,2020-06-28 00:39:00+00:00
256350035,jinan-telecom,wuhan-telecom,45.666,0.0,icmp,1593304860,2020-06-28 00:41:00+00:00
256350259,jinan-telecom,wuhan-telecom,39.3823,0.0,icmp,1593304999,2020-06-28 00:43:19+00:00
256350482,jinan-telecom,wuhan-telecom,46.636,0.0,icmp,1593305100,2020-06-28 00:45:00+00:00
256350698,jinan-telecom,wuhan-telecom,47.0716,0.0,icmp,1593305220,2020-06-28 00:47:00+00:00
256350930,jinan-telecom,wuhan-telecom,45.9174,0.0,icmp,1593305340,2020-06-28 00:49:00+00:00
256351128,jinan-telecom,wuhan-telecom,39.4366,0.0,icmp,1593305404,2020-06-28 00:50:04+00:00
256351373,jinan-telecom,wuhan-telecom,46.5516,0.0,icmp,1593305580,2020-06-28 00:53:00+00:00
256351628,jinan-telecom,wuhan-telecom,49.0023,0.0,icmp,1593305700,2020-06-28 00:55:00+00:00
256351849,jinan-telecom,wuhan-telecom,47.8342,0.0,icmp,1593305820,2020-06-28 00:57:00+00:00
256352043,jinan-telecom,wuhan-telecom,47.1845,0.0,icmp,1593305940,2020-06-28 00:59:00+00:00
256352263,jinan-telecom,wuhan-telecom,46.0451,0.0,icmp,1593306060,2020-06-28 01:01:00+00:00
256352517,jinan-telecom,wuhan-telecom,39.3255,0.0,icmp,1593306199,2020-06-28 01:03:19+00:00
256352718,jinan-telecom,wuhan-telecom,47.226,0.0,icmp,1593306300,2020-06-28 01:05:00+00:00
256352986,jinan-telecom,wuhan-telecom,47.0631,0.0,icmp,1593306420,2020-06-28 01:07:00+00:00
256353178,jinan-telecom,wuhan-telecom,48.137,0.0,icmp,1593306540,2020-06-28 01:09:00+00:00
256353408,jinan-telecom,wuhan-telecom,44.9842,0.0,icmp,1593306660,2020-06-28 01:11:00+00:00
256353617,jinan-telecom,wuhan-telecom,46.0184,0.0,icmp,1593306780,2020-06-28 01:13:00+00:00
256353848,jinan-telecom,wuhan-telecom,49.2369,0.0,icmp,1593306900,2020-06-28 01:15:00+00:00
256354072,jinan-telecom,wuhan-telecom,39.5762,0.0,icmp,1593307039,2020-06-28 01:17:19+00:00
256354307,jinan-telecom,wuhan-telecom,47.8065,0.0,icmp,1593307140,2020-06-28 01:19:00+00:00
256354534,jinan-telecom,wuhan-telecom,47.7265,0.0,icmp,1593307260,2020-06-28 01:21:00+00:00
256354777,jinan-telecom,wuhan-telecom,44.681,0.0,icmp,1593307380,2020-06-28 01:23:00+00:00
256354993,jinan-telecom,wuhan-telecom,47.3402,0.0,icmp,1593307500,2020-06-28 01:25:00+00:00
256355218,jinan-telecom,wuhan-telecom,46.3843,0.0,icmp,1593307620,2020-06-28 01:27:00+00:00
256355439,jinan-telecom,wuhan-telecom,39.346,0.0,icmp,1593307759,2020-06-28 01:29:19+00:00
256355645,jinan-telecom,wuhan-telecom,42.1611,0.0,icmp,1593307860,2020-06-28 01:31:00+00:00
256355922,jinan-telecom,wuhan-telecom,46.321,0.0,icmp,1593307980,2020-06-28 01:33:00+00:00
256356112,jinan-telecom,wuhan-telecom,46.681,0.0,icmp,1593308100,2020-06-28 01:35:00+00:00
256356325,jinan-telecom,wuhan-telecom,39.6592,0.0,icmp,1593308239,2020-06-28 01:37:19+00:00
256356547,jinan-telecom,wuhan-telecom,49.5691,0.0,icmp,1593308340,2020-06-28 01:39:00+00:00
256356774,jinan-telecom,wuhan-telecom,46.7594,0.0,icmp,1593308460,2020-06-28 01:41:00+00:00
256357004,jinan-telecom,wuhan-telecom,46.9043,0.0,icmp,1593308580,2020-06-28 01:43:00+00:00
256357230,jinan-telecom,wuhan-telecom,40.6526,0.0,icmp,1593308700,2020-06-28 01:45:00+00:00
256357443,jinan-telecom,wuhan-telecom,49.1511,0.0,icmp,1593308820,2020-06-28 01:47:00+00:00
256357684,jinan-telecom,wuhan-telecom,49.986,0.0,icmp,1593308940,2020-06-28 01:49:00+00:00
256357908,jinan-telecom,wuhan-telecom,47.6341,0.0,icmp,1593309060,2020-06-28 01:51:00+00:00
256358103,jinan-telecom,wuhan-telecom,46.386,0.0,icmp,1593309180,2020-06-28 01:53:00+00:00
256358356,jinan-telecom,wuhan-telecom,47.227,0.0,icmp,1593309300,2020-06-28 01:55:00+00:00
256358576,jinan-telecom,wuhan-telecom,33.8266,2.0,icmp,1593309420,2020-06-28 01:57:00+00:00
256358793,jinan-telecom,wuhan-telecom,47.9246,0.0,icmp,1593309540,2020-06-28 01:59:00+00:00
256359039,jinan-telecom,wuhan-telecom,49.4547,0.0,icmp,1593309660,2020-06-28 02:01:00+00:00
256359285,jinan-telecom,wuhan-telecom,46.1415,0.0,icmp,1593309780,2020-06-28 02:03:00+00:00
256359457,jinan-telecom,wuhan-telecom,48.4739,0.0,icmp,1593309900,2020-06-28 02:05:00+00:00
256359703,jinan-telecom,wuhan-telecom,42.4952,8.0,icmp,1593310020,2020-06-28 02:07:00+00:00
256359928,jinan-telecom,wuhan-telecom,39.465,0.0,icmp,1593310099,2020-06-28 02:08:19+00:00
256360138,jinan-telecom,wuhan-telecom,48.641,0.0,icmp,1593310260,2020-06-28 02:11:00+00:00
256360395,jinan-telecom,wuhan-telecom,47.1826,0.0,icmp,1593310380,2020-06-28 02:13:00+00:00
256360596,jinan-telecom,wuhan-telecom,46.0074,0.0,icmp,1593310500,2020-06-28 02:15:00+00:00
256360845,jinan-telecom,wuhan-telecom,48.7586,0.0,icmp,1593310620,2020-06-28 02:17:00+00:00
256361085,jinan-telecom,wuhan-telecom,45.5485,0.0,icmp,1593310740,2020-06-28 02:19:00+00:00
256361301,jinan-telecom,wuhan-telecom,39.6629,0.0,icmp,1593310819,2020-06-28 02:20:19+00:00
256361499,jinan-telecom,wuhan-telecom,49.1203,0.0,icmp,1593310980,2020-06-28 02:23:00+00:00
256361735,jinan-telecom,wuhan-telecom,39.3528,0.0,icmp,1593311119,2020-06-28 02:25:19+00:00
256361945,jinan-telecom,wuhan-telecom,47.4827,0.0,icmp,1593311220,2020-06-28 02:27:00+00:00
256362192,jinan-telecom,wuhan-telecom,45.8954,0.0,icmp,1593311340,2020-06-28 02:29:00+00:00
256362394,jinan-telecom,wuhan-telecom,39.346,0.0,icmp,1593311419,2020-06-28 02:30:19+00:00
256362625,jinan-telecom,wuhan-telecom,39.4059,0.0,icmp,1593311539,2020-06-28 02:32:19+00:00
256362846,jinan-telecom,wuhan-telecom,48.2309,0.0,icmp,1593311700,2020-06-28 02:35:00+00:00
256363050,jinan-telecom,wuhan-telecom,43.9902,0.0,icmp,1593311820,2020-06-28 02:37:00+00:00
256363308,jinan-telecom,wuhan-telecom,45.7132,0.0,icmp,1593311940,2020-06-28 02:39:00+00:00
256363517,jinan-telecom,wuhan-telecom,48.397,0.0,icmp,1593312060,2020-06-28 02:41:00+00:00
256363772,jinan-telecom,wuhan-telecom,39.3172,0.0,icmp,1593312139,2020-06-28 02:42:19+00:00
256363953,jinan-telecom,wuhan-telecom,47.1529,0.0,icmp,1593312300,2020-06-28 02:45:00+00:00
256364185,jinan-telecom,wuhan-telecom,47.3777,0.0,icmp,1593312420,2020-06-28 02:47:00+00:00
256364468,jinan-telecom,wuhan-telecom,47.621,0.0,icmp,1593312540,2020-06-28 02:49:00+00:00
256364648,jinan-telecom,wuhan-telecom,48.1769,0.0,icmp,1593312660,2020-06-28 02:51:00+00:00
256364866,jinan-telecom,wuhan-telecom,39.6679,0.0,icmp,1593312799,2020-06-28 02:53:19+00:00
256365081,jinan-telecom,wuhan-telecom,39.3972,0.0,icmp,1593312919,2020-06-28 02:55:19+00:00
256365373,jinan-telecom,wuhan-telecom,49.126,0.0,icmp,1593313020,2020-06-28 02:57:00+00:00
256365561,jinan-telecom,wuhan-telecom,46.2889,0.0,icmp,1593313140,2020-06-28 02:59:00+00:00
256365780,jinan-telecom,wuhan-telecom,44.2476,0.0,icmp,1593313260,2020-06-28 03:01:00+00:00
256365998,jinan-telecom,wuhan-telecom,39.3152,0.0,icmp,1593313339,2020-06-28 03:02:19+00:00
256366241,jinan-telecom,wuhan-telecom,47.6282,0.0,icmp,1593313500,2020-06-28 03:05:00+00:00
256366441,jinan-telecom,wuhan-telecom,45.2808,0.0,icmp,1593313620,2020-06-28 03:07:00+00:00
256366695,jinan-telecom,wuhan-telecom,44.6802,0.0,icmp,1593313740,2020-06-28 03:09:00+00:00
256366893,jinan-telecom,wuhan-telecom,47.4305,0.0,icmp,1593313860,2020-06-28 03:11:00+00:00
256367138,jinan-telecom,wuhan-telecom,39.3413,0.0,icmp,1593313939,2020-06-28 03:12:19+00:00
256367367,jinan-telecom,wuhan-telecom,48.2367,0.0,icmp,1593314100,2020-06-28 03:15:00+00:00
256367602,jinan-telecom,wuhan-telecom,39.3163,0.0,icmp,1593314179,2020-06-28 03:16:19+00:00
256367817,jinan-telecom,wuhan-telecom,39.3949,0.0,icmp,1593314299,2020-06-28 03:18:19+00:00
256368024,jinan-telecom,wuhan-telecom,48.503,0.0,icmp,1593314460,2020-06-28 03:21:00+00:00
256368255,jinan-telecom,wuhan-telecom,39.3357,0.0,icmp,1593314539,2020-06-28 03:22:19+00:00
256368466,jinan-telecom,wuhan-telecom,46.1481,0.0,icmp,1593314700,2020-06-28 03:25:00+00:00
256368714,jinan-telecom,wuhan-telecom,49.8214,0.0,icmp,1593314820,2020-06-28 03:27:00+00:00
256368954,jinan-telecom,wuhan-telecom,45.6315,0.0,icmp,1593314940,2020-06-28 03:29:00+00:00
256369165,jinan-telecom,wuhan-telecom,47.3403,0.0,icmp,1593315060,2020-06-28 03:31:00+00:00
256369363,jinan-telecom,wuhan-telecom,46.2644,0.0,icmp,1593315180,2020-06-28 03:33:00+00:00
256369610,jinan-telecom,wuhan-telecom,39.3803,0.0,icmp,1593315319,2020-06-28 03:35:19+00:00
256369840,jinan-telecom,wuhan-telecom,46.6377,0.0,icmp,1593315420,2020-06-28 03:37:00+00:00
256370049,jinan-telecom,wuhan-telecom,47.0666,0.0,icmp,1593315540,2020-06-28 03:39:00+00:00
256370279,jinan-telecom,wuhan-telecom,46.8087,0.0,icmp,1593315660,2020-06-28 03:41:00+00:00
256370499,jinan-telecom,wuhan-telecom,46.1539,0.0,icmp,1593315780,2020-06-28 03:43:00+00:00
256370718,jinan-telecom,wuhan-telecom,50.7244,0.0,icmp,1593315900,2020-06-28 03:45:00+00:00
256370972,jinan-telecom,wuhan-telecom,39.4053,0.0,icmp,1593315979,2020-06-28 03:46:19+00:00
256371123,jinan-telecom,wuhan-telecom,50.465,0.0,icmp,1593316140,2020-06-28 03:49:00+00:00
256371386,jinan-telecom,wuhan-telecom,49.2735,0.0,icmp,1593316260,2020-06-28 03:51:00+00:00
256371631,jinan-telecom,wuhan-telecom,47.0897,0.0,icmp,1593316380,2020-06-28 03:53:00+00:00
256371837,jinan-telecom,wuhan-telecom,45.6453,0.0,icmp,1593316500,2020-06-28 03:55:00+00:00
256372069,jinan-telecom,wuhan-telecom,42.1787,0.0,icmp,1593316620,2020-06-28 03:57:00+00:00
256372298,jinan-telecom,wuhan-telecom,41.4341,0.0,icmp,1593316740,2020-06-28 03:59:00+00:00
256372530,jinan-telecom,wuhan-telecom,45.4711,0.0,icmp,1593316860,2020-06-28 04:01:00+00:00
256372732,jinan-telecom,wuhan-telecom,45.2813,0.0,icmp,1593316980,2020-06-28 04:03:00+00:00
256372971,jinan-telecom,wuhan-telecom,46.6676,0.0,icmp,1593317100,2020-06-28 04:05:00+00:00
256373223,jinan-telecom,wuhan-telecom,42.9471,0.0,icmp,1593317220,2020-06-28 04:07:00+00:00
256373438,jinan-telecom,wuhan-telecom,46.6459,0.0,icmp,1593317340,2020-06-28 04:09:00+00:00
256373639,jinan-telecom,wuhan-telecom,47.52,0.0,icmp,1593317460,2020-06-28 04:11:00+00:00
256373892,jinan-telecom,wuhan-telecom,46.1832,0.0,icmp,1593317580,2020-06-28 04:13:00+00:00
256374108,jinan-telecom,wuhan-telecom,39.3188,0.0,icmp,1593317659,2020-06-28 04:14:19+00:00
256374327,jinan-telecom,wuhan-telecom,48.2878,0.0,icmp,1593317820,2020-06-28 04:17:00+00:00
256374551,jinan-telecom,wuhan-telecom,45.8518,0.0,icmp,1593317940,2020-06-28 04:19:00+00:00
256374772,jinan-telecom,wuhan-telecom,47.8417,0.0,icmp,1593318060,2020-06-28 04:21:00+00:00
256374983,jinan-telecom,wuhan-telecom,41.8491,0.0,icmp,1593318180,2020-06-28 04:23:00+00:00
256375260,jinan-telecom,wuhan-telecom,39.6044,0.0,icmp,1593318319,2020-06-28 04:25:19+00:00
256375469,jinan-telecom,wuhan-telecom,45.7033,0.0,icmp,1593318420,2020-06-28 04:27:00+00:00
256375663,jinan-telecom,wuhan-telecom,47.2418,0.0,icmp,1593318540,2020-06-28 04:29:00+00:00
256375875,jinan-telecom,wuhan-telecom,39.5028,0.0,icmp,1593318619,2020-06-28 04:30:19+00:00
256376125,jinan-telecom,wuhan-telecom,39.5745,0.0,icmp,1593318799,2020-06-28 04:33:19+00:00
256376339,jinan-telecom,wuhan-telecom,48.6015,0.0,icmp,1593318900,2020-06-28 04:35:00+00:00
256376592,jinan-telecom,wuhan-telecom,46.0469,0.0,icmp,1593319020,2020-06-28 04:37:00+00:00
256376806,jinan-telecom,wuhan-telecom,45.7487,0.0,icmp,1593319140,2020-06-28 04:39:00+00:00
256377027,jinan-telecom,wuhan-telecom,39.3869,0.0,icmp,1593319219,2020-06-28 04:40:19+00:00
256377257,jinan-telecom,wuhan-telecom,49.5698,0.0,icmp,1593319380,2020-06-28 04:43:00+00:00
256377473,jinan-telecom,wuhan-telecom,39.3351,0.0,icmp,1593319459,2020-06-28 04:44:19+00:00
256377699,jinan-telecom,wuhan-telecom,47.5301,0.0,icmp,1593319620,2020-06-28 04:47:00+00:00
256377939,jinan-telecom,wuhan-telecom,47.7204,0.0,icmp,1593319740,2020-06-28 04:49:00+00:00
256378150,jinan-telecom,wuhan-telecom,48.3489,0.0,icmp,1593319860,2020-06-28 04:51:00+00:00
256378395,jinan-telecom,wuhan-telecom,43.7307,0.0,icmp,1593319980,2020-06-28 04:53:00+00:00
256378621,jinan-telecom,wuhan-telecom,52.7829,0.0,icmp,1593320100,2020-06-28 04:55:00+00:00
256378827,jinan-telecom,wuhan-telecom,46.2641,0.0,icmp,1593320220,2020-06-28 04:57:00+00:00
256379044,jinan-telecom,wuhan-telecom,39.3445,0.0,icmp,1593320299,2020-06-28 04:58:19+00:00
256379302,jinan-telecom,wuhan-telecom,39.3796,0.0,icmp,1593320479,2020-06-28 05:01:19+00:00
256379524,jinan-telecom,wuhan-telecom,45.9171,0.0,icmp,1593320580,2020-06-28 05:03:00+00:00
256379740,jinan-telecom,wuhan-telecom,48.8969,0.0,icmp,1593320700,2020-06-28 05:05:00+00:00
256379958,jinan-telecom,wuhan-telecom,45.4073,0.0,icmp,1593320820,2020-06-28 05:07:00+00:00
256380168,jinan-telecom,wuhan-telecom,47.482,0.0,icmp,1593320940,2020-06-28 05:09:00+00:00
256380448,jinan-telecom,wuhan-telecom,47.9226,0.0,icmp,1593321060,2020-06-28 05:11:00+00:00
256380619,jinan-telecom,wuhan-telecom,47.9082,0.0,icmp,1593321180,2020-06-28 05:13:00+00:00
256380847,jinan-telecom,wuhan-telecom,46.2409,0.0,icmp,1593321300,2020-06-28 05:15:00+00:00
256381066,jinan-telecom,wuhan-telecom,48.8653,0.0,icmp,1593321420,2020-06-28 05:17:00+00:00
256381297,jinan-telecom,wuhan-telecom,48.1668,0.0,icmp,1593321540,2020-06-28 05:19:00+00:00
256381552,jinan-telecom,wuhan-telecom,39.4139,0.0,icmp,1593321679,2020-06-28 05:21:19+00:00
256381772,jinan-telecom,wuhan-telecom,43.1062,0.0,icmp,1593321780,2020-06-28 05:23:00+00:00
256381970,jinan-telecom,wuhan-telecom,48.553,0.0,icmp,1593321900,2020-06-28 05:25:00+00:00
256382190,jinan-telecom,wuhan-telecom,46.4978,0.0,icmp,1593322020,2020-06-28 05:27:00+00:00
256382420,jinan-telecom,wuhan-telecom,47.8198,0.0,icmp,1593322140,2020-06-28 05:29:00+00:00
256382654,jinan-telecom,wuhan-telecom,39.477,0.0,icmp,1593322219,2020-06-28 05:30:19+00:00
256382892,jinan-telecom,wuhan-telecom,39.3416,0.0,icmp,1593322339,2020-06-28 05:32:19+00:00
256383112,jinan-telecom,wuhan-telecom,39.4637,0.0,icmp,1593322459,2020-06-28 05:34:19+00:00
256383321,jinan-telecom,wuhan-telecom,45.6448,0.0,icmp,1593322620,2020-06-28 05:37:00+00:00
256383553,jinan-telecom,wuhan-telecom,47.6382,0.0,icmp,1593322740,2020-06-28 05:39:00+00:00
256383778,jinan-telecom,wuhan-telecom,45.8023,0.0,icmp,1593322860,2020-06-28 05:41:00+00:00
256383985,jinan-telecom,wuhan-telecom,46.6057,0.0,icmp,1593322980,2020-06-28 05:43:00+00:00
256384232,jinan-telecom,wuhan-telecom,46.1656,0.0,icmp,1593323100,2020-06-28 05:45:00+00:00
256384407,jinan-telecom,wuhan-telecom,46.8216,0.0,icmp,1593323220,2020-06-28 05:47:00+00:00
256384670,jinan-telecom,wuhan-telecom,48.557,0.0,icmp,1593323340,2020-06-28 05:49:00+00:00
256384906,jinan-telecom,wuhan-telecom,41.2603,0.0,icmp,1593323460,2020-06-28 05:51:00+00:00
256385115,jinan-telecom,wuhan-telecom,39.4517,0.0,icmp,1593323599,2020-06-28 05:53:19+00:00
256385360,jinan-telecom,wuhan-telecom,46.2475,0.0,icmp,1593323700,2020-06-28 05:55:00+00:00
256385579,jinan-telecom,wuhan-telecom,48.7197,0.0,icmp,1593323820,2020-06-28 05:57:00+00:00
256385799,jinan-telecom,wuhan-telecom,49.2601,0.0,icmp,1593323940,2020-06-28 05:59:00+00:00
256386043,jinan-telecom,wuhan-telecom,47.3681,0.0,icmp,1593324060,2020-06-28 06:01:00+00:00
256386242,jinan-telecom,wuhan-telecom,49.8518,0.0,icmp,1593324180,2020-06-28 06:03:00+00:00
256386450,jinan-telecom,wuhan-telecom,45.4946,0.0,icmp,1593324300,2020-06-28 06:05:00+00:00
256386695,jinan-telecom,wuhan-telecom,45.7967,0.0,icmp,1593324420,2020-06-28 06:07:00+00:00
256386923,jinan-telecom,wuhan-telecom,49.3173,0.0,icmp,1593324540,2020-06-28 06:09:00+00:00
256387147,jinan-telecom,wuhan-telecom,39.3936,0.0,icmp,1593324619,2020-06-28 06:10:19+00:00
256387332,jinan-telecom,wuhan-telecom,39.4344,0.0,icmp,1593324739,2020-06-28 06:12:19+00:00
256387596,jinan-telecom,wuhan-telecom,47.3705,0.0,icmp,1593324900,2020-06-28 06:15:00+00:00
256387844,jinan-telecom,wuhan-telecom,46.374,0.0,icmp,1593325020,2020-06-28 06:17:00+00:00
256388075,jinan-telecom,wuhan-telecom,39.5069,0.0,icmp,1593325099,2020-06-28 06:18:19+00:00
256388289,jinan-telecom,wuhan-telecom,49.3804,0.0,icmp,1593325260,2020-06-28 06:21:00+00:00
256388497,jinan-telecom,wuhan-telecom,44.3155,0.0,icmp,1593325380,2020-06-28 06:23:00+00:00
256388724,jinan-telecom,wuhan-telecom,44.6557,0.0,icmp,1593325500,2020-06-28 06:25:00+00:00
256388951,jinan-telecom,wuhan-telecom,48.4288,0.0,icmp,1593325620,2020-06-28 06:27:00+00:00
256389182,jinan-telecom,wuhan-telecom,48.4094,0.0,icmp,1593325740,2020-06-28 06:29:00+00:00
256389415,jinan-telecom,wuhan-telecom,48.9963,0.0,icmp,1593325860,2020-06-28 06:31:00+00:00
256389642,jinan-telecom,wuhan-telecom,39.3408,0.0,icmp,1593325999,2020-06-28 06:33:19+00:00
256389882,jinan-telecom,wuhan-telecom,46.228,0.0,icmp,1593326100,2020-06-28 06:35:00+00:00
256390074,jinan-telecom,wuhan-telecom,39.3661,0.0,icmp,1593326179,2020-06-28 06:36:19+00:00
256390311,jinan-telecom,wuhan-telecom,51.7773,0.0,icmp,1593326340,2020-06-28 06:39:00+00:00
256390502,jinan-telecom,wuhan-telecom,48.8946,0.0,icmp,1593326460,2020-06-28 06:41:00+00:00
256390736,jinan-telecom,wuhan-telecom,46.3448,0.0,icmp,1593326580,2020-06-28 06:43:00+00:00
256390972,jinan-telecom,wuhan-telecom,48.0131,0.0,icmp,1593326700,2020-06-28 06:45:00+00:00
256391207,jinan-telecom,wuhan-telecom,42.604,0.0,icmp,1593326820,2020-06-28 06:47:00+00:00
256391453,jinan-telecom,wuhan-telecom,47.2233,0.0,icmp,1593326940,2020-06-28 06:49:00+00:00
256391666,jinan-telecom,wuhan-telecom,39.7061,0.0,icmp,1593327019,2020-06-28 06:50:19+00:00
256391882,jinan-telecom,wuhan-telecom,45.8386,0.0,icmp,1593327180,2020-06-28 06:53:00+00:00
256392103,jinan-telecom,wuhan-telecom,47.5545,0.0,icmp,1593327300,2020-06-28 06:55:00+00:00
256392336,jinan-telecom,wuhan-telecom,45.9588,0.0,icmp,1593327420,2020-06-28 06:57:00+00:00
256392546,jinan-telecom,wuhan-telecom,48.0611,0.0,icmp,1593327540,2020-06-28 06:59:00+00:00
256392801,jinan-telecom,wuhan-telecom,39.3563,0.0,icmp,1593327619,2020-06-28 07:00:19+00:00
256392994,jinan-telecom,wuhan-telecom,45.0619,0.0,icmp,1593327780,2020-06-28 07:03:00+00:00
256393250,jinan-telecom,wuhan-telecom,46.0262,0.0,icmp,1593327900,2020-06-28 07:05:00+00:00
256393464,jinan-telecom,wuhan-telecom,47.1846,0.0,icmp,1593328020,2020-06-28 07:07:00+00:00
256393697,jinan-telecom,wuhan-telecom,39.3565,0.0,icmp,1593328159,2020-06-28 07:09:19+00:00
256393910,jinan-telecom,wuhan-telecom,48.6521,0.0,icmp,1593328260,2020-06-28 07:11:00+00:00
256394122,jinan-telecom,wuhan-telecom,46.0142,0.0,icmp,1593328380,2020-06-28 07:13:00+00:00
256394358,jinan-telecom,wuhan-telecom,48.9189,0.0,icmp,1593328505,2020-06-28 07:15:05+00:00
256394580,jinan-telecom,wuhan-telecom,48.7467,0.0,icmp,1593328620,2020-06-28 07:17:00+00:00
256394788,jinan-telecom,wuhan-telecom,46.0433,0.0,icmp,1593328740,2020-06-28 07:19:00+00:00
256395019,jinan-telecom,wuhan-telecom,39.5303,0.0,icmp,1593328864,2020-06-28 07:21:04+00:00
256395268,jinan-telecom,wuhan-telecom,45.9822,0.0,icmp,1593328980,2020-06-28 07:23:00+00:00
256395472,jinan-telecom,wuhan-telecom,46.3557,0.0,icmp,1593329100,2020-06-28 07:25:00+00:00
256395720,jinan-telecom,wuhan-telecom,47.5575,0.0,icmp,1593329220,2020-06-28 07:27:00+00:00
256395929,jinan-telecom,wuhan-telecom,46.2158,0.0,icmp,1593329340,2020-06-28 07:29:00+00:00
256396147,jinan-telecom,wuhan-telecom,49.1633,0.0,icmp,1593329460,2020-06-28 07:31:00+00:00
256396391,jinan-telecom,wuhan-telecom,39.333,0.0,icmp,1593329599,2020-06-28 07:33:19+00:00
256396586,jinan-telecom,wuhan-telecom,48.05,0.0,icmp,1593329700,2020-06-28 07:35:00+00:00
256396824,jinan-telecom,wuhan-telecom,39.3505,0.0,icmp,1593329779,2020-06-28 07:36:19+00:00
256397059,jinan-telecom,wuhan-telecom,47.1832,0.0,icmp,1593329940,2020-06-28 07:39:00+00:00
256397291,jinan-telecom,wuhan-telecom,45.5288,0.0,icmp,1593330060,2020-06-28 07:41:00+00:00
256397507,jinan-telecom,wuhan-telecom,39.7079,0.0,icmp,1593330139,2020-06-28 07:42:19+00:00
256397731,jinan-telecom,wuhan-telecom,46.0864,0.0,icmp,1593330300,2020-06-28 07:45:00+00:00
256397925,jinan-telecom,wuhan-telecom,39.3511,0.0,icmp,1593330439,2020-06-28 07:47:19+00:00
256398188,jinan-telecom,wuhan-telecom,47.6948,0.0,icmp,1593330540,2020-06-28 07:49:00+00:00
256398405,jinan-telecom,wuhan-telecom,41.7168,0.0,icmp,1593330660,2020-06-28 07:51:00+00:00
256398619,jinan-telecom,wuhan-telecom,39.738,0.0,icmp,1593330739,2020-06-28 07:52:19+00:00
256398843,jinan-telecom,wuhan-telecom,49.787,0.0,icmp,1593330900,2020-06-28 07:55:00+00:00
256399060,jinan-telecom,wuhan-telecom,46.9406,0.0,icmp,1593331020,2020-06-28 07:57:00+00:00
256399327,jinan-telecom,wuhan-telecom,40.8561,0.0,icmp,1593331140,2020-06-28 07:59:00+00:00
256399536,jinan-telecom,wuhan-telecom,45.5808,0.0,icmp,1593331260,2020-06-28 08:01:00+00:00
256399771,jinan-telecom,wuhan-telecom,39.4557,0.0,icmp,1593331384,2020-06-28 08:03:04+00:00
256399981,jinan-telecom,wuhan-telecom,47.1417,0.0,icmp,1593331500,2020-06-28 08:05:00+00:00
256400190,jinan-telecom,wuhan-telecom,44.7379,0.0,icmp,1593331620,2020-06-28 08:07:00+00:00
256400457,jinan-telecom,wuhan-telecom,48.6935,0.0,icmp,1593331740,2020-06-28 08:09:00+00:00
256400615,jinan-telecom,wuhan-telecom,47.3158,0.0,icmp,1593331860,2020-06-28 08:11:00+00:00
256400869,jinan-telecom,wuhan-telecom,39.4114,0.0,icmp,1593331939,2020-06-28 08:12:19+00:00
256401093,jinan-telecom,wuhan-telecom,47.6593,0.0,icmp,1593332100,2020-06-28 08:15:00+00:00
256401334,jinan-telecom,wuhan-telecom,48.1203,0.0,icmp,1593332220,2020-06-28 08:17:00+00:00
256401556,jinan-telecom,wuhan-telecom,47.724,0.0,icmp,1593332340,2020-06-28 08:19:00+00:00
256401772,jinan-telecom,wuhan-telecom,39.4445,0.0,icmp,1593332465,2020-06-28 08:21:05+00:00
256402012,jinan-telecom,wuhan-telecom,42.2862,0.0,icmp,1593332580,2020-06-28 08:23:00+00:00
256402245,jinan-telecom,wuhan-telecom,47.0929,0.0,icmp,1593332700,2020-06-28 08:25:00+00:00
256402448,jinan-telecom,wuhan-telecom,46.6372,0.0,icmp,1593332820,2020-06-28 08:27:00+00:00
256402674,jinan-telecom,wuhan-telecom,48.1286,0.0,icmp,1593332940,2020-06-28 08:29:00+00:00
256402915,jinan-telecom,wuhan-telecom,45.0636,0.0,icmp,1593333004,2020-06-28 08:30:04+00:00
256403116,jinan-telecom,wuhan-telecom,46.1377,0.0,icmp,1593333180,2020-06-28 08:33:00+00:00
256403356,jinan-telecom,wuhan-telecom,47.7803,0.0,icmp,1593333300,2020-06-28 08:35:00+00:00
256403568,jinan-telecom,wuhan-telecom,47.1246,0.0,icmp,1593333420,2020-06-28 08:37:00+00:00
256403817,jinan-telecom,wuhan-telecom,39.3515,0.0,icmp,1593333499,2020-06-28 08:38:19+00:00
256404055,jinan-telecom,wuhan-telecom,47.6749,0.0,icmp,1593333660,2020-06-28 08:41:00+00:00
256404304,jinan-telecom,wuhan-telecom,45.3332,0.0,icmp,1593333780,2020-06-28 08:43:00+00:00
256404490,jinan-telecom,wuhan-telecom,39.4261,0.0,icmp,1593333859,2020-06-28 08:44:19+00:00
256404705,jinan-telecom,wuhan-telecom,49.2327,0.0,icmp,1593334020,2020-06-28 08:47:00+00:00
256404930,jinan-telecom,wuhan-telecom,46.6319,0.0,icmp,1593334140,2020-06-28 08:49:00+00:00
256405146,jinan-telecom,wuhan-telecom,39.4633,0.0,icmp,1593334279,2020-06-28 08:51:19+00:00
256405362,jinan-telecom,wuhan-telecom,46.6491,0.0,icmp,1593334380,2020-06-28 08:53:00+00:00
256405601,jinan-telecom,wuhan-telecom,39.3817,0.0,icmp,1593334459,2020-06-28 08:54:19+00:00
256405819,jinan-telecom,wuhan-telecom,48.4819,0.0,icmp,1593334620,2020-06-28 08:57:00+00:00
256406050,jinan-telecom,wuhan-telecom,39.4655,0.0,icmp,1593334745,2020-06-28 08:59:05+00:00
256406288,jinan-telecom,wuhan-telecom,48.3094,0.0,icmp,1593334860,2020-06-28 09:01:00+00:00
256406512,jinan-telecom,wuhan-telecom,43.5566,0.0,icmp,1593334980,2020-06-28 09:03:00+00:00
256406733,jinan-telecom,wuhan-telecom,44.7692,0.0,icmp,1593335100,2020-06-28 09:05:00+00:00
256406941,jinan-telecom,wuhan-telecom,46.5999,0.0,icmp,1593335220,2020-06-28 09:07:00+00:00
256407167,jinan-telecom,wuhan-telecom,39.4244,0.0,icmp,1593335359,2020-06-28 09:09:19+00:00
256407420,jinan-telecom,wuhan-telecom,39.6294,0.0,icmp,1593335479,2020-06-28 09:11:19+00:00
256407640,jinan-telecom,wuhan-telecom,47.7887,0.0,icmp,1593335580,2020-06-28 09:13:00+00:00
256407872,jinan-telecom,wuhan-telecom,50.5276,0.0,icmp,1593335700,2020-06-28 09:15:00+00:00
256408083,jinan-telecom,wuhan-telecom,46.9847,0.0,icmp,1593335820,2020-06-28 09:17:00+00:00
256408301,jinan-telecom,wuhan-telecom,46.1377,0.0,icmp,1593335940,2020-06-28 09:19:00+00:00
256408531,jinan-telecom,wuhan-telecom,46.872,0.0,icmp,1593336060,2020-06-28 09:21:00+00:00
256408745,jinan-telecom,wuhan-telecom,39.3707,0.0,icmp,1593336139,2020-06-28 09:22:19+00:00
256408970,jinan-telecom,wuhan-telecom,47.6915,0.0,icmp,1593336300,2020-06-28 09:25:00+00:00
256409192,jinan-telecom,wuhan-telecom,45.9813,0.0,icmp,1593336420,2020-06-28 09:27:00+00:00
256409428,jinan-telecom,wuhan-telecom,45.8437,0.0,icmp,1593336540,2020-06-28 09:29:00+00:00
256409642,jinan-telecom,wuhan-telecom,46.9797,0.0,icmp,1593336660,2020-06-28 09:31:00+00:00
256409867,jinan-telecom,wuhan-telecom,50.2678,0.0,icmp,1593336780,2020-06-28 09:33:00+00:00
256410114,jinan-telecom,wuhan-telecom,39.689,0.0,icmp,1593336919,2020-06-28 09:35:19+00:00
256410347,jinan-telecom,wuhan-telecom,47.331,0.0,icmp,1593337020,2020-06-28 09:37:00+00:00
256410563,jinan-telecom,wuhan-telecom,39.3202,0.0,icmp,1593337099,2020-06-28 09:38:19+00:00
256410768,jinan-telecom,wuhan-telecom,45.9123,0.0,icmp,1593337260,2020-06-28 09:41:00+00:00
256411020,jinan-telecom,wuhan-telecom,39.4205,0.0,icmp,1593337339,2020-06-28 09:42:19+00:00
256411210,jinan-telecom,wuhan-telecom,39.3686,0.0,icmp,1593337459,2020-06-28 09:44:19+00:00
256411462,jinan-telecom,wuhan-telecom,46.2224,0.0,icmp,1593337620,2020-06-28 09:47:00+00:00
256411677,jinan-telecom,wuhan-telecom,39.3934,0.0,icmp,1593337699,2020-06-28 09:48:19+00:00
256411914,jinan-telecom,wuhan-telecom,46.6374,0.0,icmp,1593337860,2020-06-28 09:51:00+00:00
256412132,jinan-telecom,wuhan-telecom,46.1065,0.0,icmp,1593337980,2020-06-28 09:53:00+00:00
256412367,jinan-telecom,wuhan-telecom,46.9179,0.0,icmp,1593338100,2020-06-28 09:55:00+00:00
256412576,jinan-telecom,wuhan-telecom,45.0545,0.0,icmp,1593338220,2020-06-28 09:57:00+00:00
256412803,jinan-telecom,wuhan-telecom,39.4098,0.0,icmp,1593338299,2020-06-28 09:58:19+00:00
256413015,jinan-telecom,wuhan-telecom,30.8681,0.0,icmp,1593338479,2020-06-28 10:01:19+00:00
256413245,jinan-telecom,wuhan-telecom,36.5599,0.0,icmp,1593338580,2020-06-28 10:03:00+00:00
256413436,jinan-telecom,wuhan-telecom,39.7359,0.0,icmp,1593338700,2020-06-28 10:05:00+00:00
256413706,jinan-telecom,wuhan-telecom,31.1957,0.0,icmp,1593338820,2020-06-28 10:07:00+00:00
256413955,jinan-telecom,wuhan-telecom,40.3203,0.0,icmp,1593338940,2020-06-28 10:09:00+00:00
256414156,jinan-telecom,wuhan-telecom,40.3767,0.0,icmp,1593339060,2020-06-28 10:11:00+00:00
256414384,jinan-telecom,wuhan-telecom,36.7263,0.0,icmp,1593339180,2020-06-28 10:13:00+00:00
256414595,jinan-telecom,wuhan-telecom,33.1076,0.0,icmp,1593339319,2020-06-28 10:15:19+00:00
256414820,jinan-telecom,wuhan-telecom,38.9761,0.0,icmp,1593339420,2020-06-28 10:17:00+00:00
256415051,jinan-telecom,wuhan-telecom,40.1108,0.0,icmp,1593339540,2020-06-28 10:19:00+00:00
256415291,jinan-telecom,wuhan-telecom,43.3413,0.0,icmp,1593339660,2020-06-28 10:21:00+00:00
256415518,jinan-telecom,wuhan-telecom,42.2021,0.0,icmp,1593339780,2020-06-28 10:23:00+00:00
256415725,jinan-telecom,wuhan-telecom,40.8454,0.0,icmp,1593339900,2020-06-28 10:25:00+00:00
256415955,jinan-telecom,wuhan-telecom,40.3365,0.0,icmp,1593340020,2020-06-28 10:27:00+00:00
256416178,jinan-telecom,wuhan-telecom,44.607,0.0,icmp,1593340140,2020-06-28 10:29:00+00:00
256416426,jinan-telecom,wuhan-telecom,44.1989,0.0,icmp,1593340260,2020-06-28 10:31:00+00:00
256416659,jinan-telecom,wuhan-telecom,43.3788,0.0,icmp,1593340380,2020-06-28 10:33:00+00:00
256416849,jinan-telecom,wuhan-telecom,41.9856,0.0,icmp,1593340500,2020-06-28 10:35:00+00:00
256417072,jinan-telecom,wuhan-telecom,36.8662,0.0,icmp,1593340620,2020-06-28 10:37:00+00:00
256417325,jinan-telecom,wuhan-telecom,43.6376,0.0,icmp,1593340740,2020-06-28 10:39:00+00:00
256417539,jinan-telecom,wuhan-telecom,33.1503,0.0,icmp,1593340819,2020-06-28 10:40:19+00:00
256417753,jinan-telecom,wuhan-telecom,34.5198,0.0,icmp,1593340980,2020-06-28 10:43:00+00:00
256417980,jinan-telecom,wuhan-telecom,41.6208,0.0,icmp,1593341100,2020-06-28 10:45:00+00:00
256418221,jinan-telecom,wuhan-telecom,42.41,0.0,icmp,1593341220,2020-06-28 10:47:00+00:00
256418431,jinan-telecom,wuhan-telecom,42.6268,0.0,icmp,1593341340,2020-06-28 10:49:00+00:00
256418693,jinan-telecom,wuhan-telecom,41.9194,0.0,icmp,1593341460,2020-06-28 10:51:00+00:00
256418832,jinan-telecom,wuhan-telecom,43.4664,0.0,icmp,1593341580,2020-06-28 10:53:00+00:00
256419097,jinan-telecom,wuhan-telecom,42.9796,0.0,icmp,1593341700,2020-06-28 10:55:00+00:00
256419338,jinan-telecom,wuhan-telecom,33.1628,0.0,icmp,1593341839,2020-06-28 10:57:19+00:00
256419583,jinan-telecom,wuhan-telecom,41.4626,0.0,icmp,1593341940,2020-06-28 10:59:00+00:00
256419797,jinan-telecom,wuhan-telecom,33.1067,0.0,icmp,1593342079,2020-06-28 11:01:19+00:00
256419994,jinan-telecom,wuhan-telecom,36.4878,0.0,icmp,1593342180,2020-06-28 11:03:00+00:00
256420222,jinan-telecom,wuhan-telecom,35.9103,0.0,icmp,1593342300,2020-06-28 11:05:00+00:00
256420423,jinan-telecom,wuhan-telecom,42.2596,0.0,icmp,1593342420,2020-06-28 11:07:00+00:00
256420670,jinan-telecom,wuhan-telecom,42.2518,0.0,icmp,1593342540,2020-06-28 11:09:00+00:00
256420911,jinan-telecom,wuhan-telecom,43.1673,0.0,icmp,1593342660,2020-06-28 11:11:00+00:00
256421118,jinan-telecom,wuhan-telecom,33.1518,0.0,icmp,1593342739,2020-06-28 11:12:19+00:00
256421372,jinan-telecom,wuhan-telecom,36.8452,0.0,icmp,1593342900,2020-06-28 11:15:00+00:00
256421589,jinan-telecom,wuhan-telecom,43.0232,0.0,icmp,1593343020,2020-06-28 11:17:00+00:00
256421805,jinan-telecom,wuhan-telecom,41.023,0.0,icmp,1593343140,2020-06-28 11:19:00+00:00
256422015,jinan-telecom,wuhan-telecom,33.2014,0.0,icmp,1593343219,2020-06-28 11:20:19+00:00
256422234,jinan-telecom,wuhan-telecom,40.9443,0.0,icmp,1593343380,2020-06-28 11:23:00+00:00
256422478,jinan-telecom,wuhan-telecom,41.1862,0.0,icmp,1593343500,2020-06-28 11:25:00+00:00
256422701,jinan-telecom,wuhan-telecom,33.1263,0.0,icmp,1593343639,2020-06-28 11:27:19+00:00
256422921,jinan-telecom,wuhan-telecom,43.8613,0.0,icmp,1593343740,2020-06-28 11:29:00+00:00
256423144,jinan-telecom,wuhan-telecom,42.2309,0.0,icmp,1593343860,2020-06-28 11:31:00+00:00
256423386,jinan-telecom,wuhan-telecom,43.9151,0.0,icmp,1593343980,2020-06-28 11:33:00+00:00
256423614,jinan-telecom,wuhan-telecom,41.3477,0.0,icmp,1593344100,2020-06-28 11:35:00+00:00
256423849,jinan-telecom,wuhan-telecom,36.9443,0.0,icmp,1593344220,2020-06-28 11:37:00+00:00
256424041,jinan-telecom,wuhan-telecom,46.2994,0.0,icmp,1593344340,2020-06-28 11:39:00+00:00
256424280,jinan-telecom,wuhan-telecom,33.1324,0.0,icmp,1593344479,2020-06-28 11:41:19+00:00
256424510,jinan-telecom,wuhan-telecom,41.0244,0.0,icmp,1593344580,2020-06-28 11:43:00+00:00
256424737,jinan-telecom,wuhan-telecom,41.4453,0.0,icmp,1593344700,2020-06-28 11:45:00+00:00
256424941,jinan-telecom,wuhan-telecom,33.1375,0.0,icmp,1593344839,2020-06-28 11:47:19+00:00
256425186,jinan-telecom,wuhan-telecom,35.8553,0.0,icmp,1593344940,2020-06-28 11:49:00+00:00
256425408,jinan-telecom,wuhan-telecom,42.8109,0.0,icmp,1593345060,2020-06-28 11:51:00+00:00
256425640,jinan-telecom,wuhan-telecom,43.092,0.0,icmp,1593345180,2020-06-28 11:53:00+00:00
256425858,jinan-telecom,wuhan-telecom,33.2572,0.0,icmp,1593345259,2020-06-28 11:54:19+00:00
256426101,jinan-telecom,wuhan-telecom,43.9088,0.0,icmp,1593345420,2020-06-28 11:57:00+00:00
256426310,jinan-telecom,wuhan-telecom,44.684,0.0,icmp,1593345540,2020-06-28 11:59:00+00:00
256426529,jinan-telecom,wuhan-telecom,38.2406,0.0,icmp,1593345660,2020-06-28 12:01:00+00:00
256426741,jinan-telecom,wuhan-telecom,43.495,0.0,icmp,1593345780,2020-06-28 12:03:00+00:00
256426969,jinan-telecom,wuhan-telecom,43.3176,0.0,icmp,1593345900,2020-06-28 12:05:00+00:00
256427206,jinan-telecom,wuhan-telecom,41.2069,0.0,icmp,1593346020,2020-06-28 12:07:00+00:00
256427422,jinan-telecom,wuhan-telecom,33.1739,0.0,icmp,1593346159,2020-06-28 12:09:19+00:00
256427650,jinan-telecom,wuhan-telecom,33.1138,0.0,icmp,1593346279,2020-06-28 12:11:19+00:00
256427902,jinan-telecom,wuhan-telecom,44.8729,0.0,icmp,1593346380,2020-06-28 12:13:00+00:00
256428131,jinan-telecom,wuhan-telecom,33.1694,0.0,icmp,1593346519,2020-06-28 12:15:19+00:00
256428320,jinan-telecom,wuhan-telecom,41.629,0.0,icmp,1593346620,2020-06-28 12:17:00+00:00
256428557,jinan-telecom,wuhan-telecom,42.5296,0.0,icmp,1593346740,2020-06-28 12:19:00+00:00
256428754,jinan-telecom,wuhan-telecom,33.1543,0.0,icmp,1593346819,2020-06-28 12:20:19+00:00
256428973,jinan-telecom,wuhan-telecom,33.1185,0.0,icmp,1593346999,2020-06-28 12:23:19+00:00
256429224,jinan-telecom,wuhan-telecom,39.903,0.0,icmp,1593347100,2020-06-28 12:25:00+00:00
256429452,jinan-telecom,wuhan-telecom,33.4979,0.0,icmp,1593347239,2020-06-28 12:27:19+00:00
256429684,jinan-telecom,wuhan-telecom,43.0801,0.0,icmp,1593347340,2020-06-28 12:29:00+00:00
256429904,jinan-telecom,wuhan-telecom,33.1072,0.0,icmp,1593347419,2020-06-28 12:30:19+00:00
256430118,jinan-telecom,wuhan-telecom,46.4611,0.0,icmp,1593347580,2020-06-28 12:33:00+00:00
256430370,jinan-telecom,wuhan-telecom,43.8953,0.0,icmp,1593347700,2020-06-28 12:35:00+00:00
256430573,jinan-telecom,wuhan-telecom,39.3246,0.0,icmp,1593347839,2020-06-28 12:37:19+00:00
256430798,jinan-telecom,wuhan-telecom,48.2703,0.0,icmp,1593347940,2020-06-28 12:39:00+00:00
256431044,jinan-telecom,wuhan-telecom,48.464,0.0,icmp,1593348060,2020-06-28 12:41:00+00:00
256431247,jinan-telecom,wuhan-telecom,39.4903,0.0,icmp,1593348199,2020-06-28 12:43:19+00:00
256431468,jinan-telecom,wuhan-telecom,48.2651,0.0,icmp,1593348300,2020-06-28 12:45:00+00:00
256431700,jinan-telecom,wuhan-telecom,46.3397,0.0,icmp,1593348420,2020-06-28 12:47:00+00:00
256431962,jinan-telecom,wuhan-telecom,45.477,0.0,icmp,1593348540,2020-06-28 12:49:00+00:00
256432168,jinan-telecom,wuhan-telecom,39.4391,0.0,icmp,1593348679,2020-06-28 12:51:19+00:00
256432364,jinan-telecom,wuhan-telecom,48.6908,0.0,icmp,1593348780,2020-06-28 12:53:00+00:00
256432584,jinan-telecom,wuhan-telecom,46.4633,0.0,icmp,1593348900,2020-06-28 12:55:00+00:00
256432844,jinan-telecom,wuhan-telecom,47.3086,0.0,icmp,1593349020,2020-06-28 12:57:00+00:00
256433051,jinan-telecom,wuhan-telecom,46.4041,0.0,icmp,1593349140,2020-06-28 12:59:00+00:00
256433246,jinan-telecom,wuhan-telecom,39.3841,0.0,icmp,1593349279,2020-06-28 13:01:19+00:00
256433526,jinan-telecom,wuhan-telecom,48.7046,0.0,icmp,1593349380,2020-06-28 13:03:00+00:00
256433738,jinan-telecom,wuhan-telecom,47.191,0.0,icmp,1593349500,2020-06-28 13:05:00+00:00
256433946,jinan-telecom,wuhan-telecom,46.073,0.0,icmp,1593349620,2020-06-28 13:07:00+00:00
256434195,jinan-telecom,wuhan-telecom,47.5904,0.0,icmp,1593349740,2020-06-28 13:09:00+00:00
256434403,jinan-telecom,wuhan-telecom,39.6093,0.0,icmp,1593349819,2020-06-28 13:10:19+00:00
256434646,jinan-telecom,wuhan-telecom,46.4491,0.0,icmp,1593349980,2020-06-28 13:13:00+00:00
256434870,jinan-telecom,wuhan-telecom,46.2033,0.0,icmp,1593350100,2020-06-28 13:15:00+00:00
256435075,jinan-telecom,wuhan-telecom,39.3591,0.0,icmp,1593350179,2020-06-28 13:16:19+00:00
256435308,jinan-telecom,wuhan-telecom,39.5117,0.0,icmp,1593350299,2020-06-28 13:18:19+00:00
256435545,jinan-telecom,wuhan-telecom,39.3559,0.0,icmp,1593350419,2020-06-28 13:20:19+00:00
256435764,jinan-telecom,wuhan-telecom,47.2975,0.0,icmp,1593350580,2020-06-28 13:23:00+00:00
256435998,jinan-telecom,wuhan-telecom,49.2396,0.0,icmp,1593350700,2020-06-28 13:25:00+00:00
256436210,jinan-telecom,wuhan-telecom,47.5947,0.0,icmp,1593350820,2020-06-28 13:27:00+00:00
256436440,jinan-telecom,wuhan-telecom,39.4162,0.0,icmp,1593350959,2020-06-28 13:29:19+00:00
256436638,jinan-telecom,wuhan-telecom,47.2412,0.0,icmp,1593351060,2020-06-28 13:31:00+00:00
256436868,jinan-telecom,wuhan-telecom,47.5323,0.0,icmp,1593351180,2020-06-28 13:33:00+00:00
256437079,jinan-telecom,wuhan-telecom,46.5689,0.0,icmp,1593351300,2020-06-28 13:35:00+00:00
256437229,jinan-telecom,wuhan-telecom,47.9801,0.0,icmp,1593351420,2020-06-28 13:37:00+00:00
256437548,jinan-telecom,wuhan-telecom,45.5,0.0,icmp,1593351540,2020-06-28 13:39:00+00:00
256437774,jinan-telecom,wuhan-telecom,46.5936,0.0,icmp,1593351660,2020-06-28 13:41:00+00:00
256437994,jinan-telecom,wuhan-telecom,46.964,0.0,icmp,1593351780,2020-06-28 13:43:00+00:00
256438214,jinan-telecom,wuhan-telecom,46.4226,0.0,icmp,1593351900,2020-06-28 13:45:00+00:00
256438458,jinan-telecom,wuhan-telecom,39.3737,0.0,icmp,1593351979,2020-06-28 13:46:19+00:00
256438706,jinan-telecom,wuhan-telecom,44.0278,0.0,icmp,1593352140,2020-06-28 13:49:00+00:00
256438904,jinan-telecom,wuhan-telecom,39.3306,0.0,icmp,1593352219,2020-06-28 13:50:19+00:00
256439144,jinan-telecom,wuhan-telecom,48.607,0.0,icmp,1593352380,2020-06-28 13:53:00+00:00
256439364,jinan-telecom,wuhan-telecom,47.7905,0.0,icmp,1593352500,2020-06-28 13:55:00+00:00
256439595,jinan-telecom,wuhan-telecom,48.4486,0.0,icmp,1593352620,2020-06-28 13:57:00+00:00
256439805,jinan-telecom,wuhan-telecom,39.4419,0.0,icmp,1593352699,2020-06-28 13:58:19+00:00
256440035,jinan-telecom,wuhan-telecom,46.3462,0.0,icmp,1593352860,2020-06-28 14:01:00+00:00
256440229,jinan-telecom,wuhan-telecom,49.3278,0.0,icmp,1593352980,2020-06-28 14:03:00+00:00
256440511,jinan-telecom,wuhan-telecom,39.431,0.0,icmp,1593353059,2020-06-28 14:04:19+00:00
256440695,jinan-telecom,wuhan-telecom,46.9912,0.0,icmp,1593353220,2020-06-28 14:07:00+00:00
256440914,jinan-telecom,wuhan-telecom,47.5754,0.0,icmp,1593353340,2020-06-28 14:09:00+00:00
256441138,jinan-telecom,wuhan-telecom,48.4207,0.0,icmp,1593353460,2020-06-28 14:11:00+00:00
256441374,jinan-telecom,wuhan-telecom,48.0215,0.0,icmp,1593353580,2020-06-28 14:13:00+00:00
256441619,jinan-telecom,wuhan-telecom,39.5784,0.0,icmp,1593353645,2020-06-28 14:14:05+00:00
256441808,jinan-telecom,wuhan-telecom,48.0391,0.0,icmp,1593353820,2020-06-28 14:17:00+00:00
256442051,jinan-telecom,wuhan-telecom,44.9702,0.0,icmp,1593353940,2020-06-28 14:19:00+00:00
256442266,jinan-telecom,wuhan-telecom,39.5042,0.0,icmp,1593354005,2020-06-28 14:20:05+00:00
256442491,jinan-telecom,wuhan-telecom,45.7782,0.0,icmp,1593354180,2020-06-28 14:23:00+00:00
256442730,jinan-telecom,wuhan-telecom,39.3386,0.0,icmp,1593354259,2020-06-28 14:24:19+00:00
256442955,jinan-telecom,wuhan-telecom,49.4421,0.0,icmp,1593354420,2020-06-28 14:27:00+00:00
256443159,jinan-telecom,wuhan-telecom,46.4304,0.0,icmp,1593354540,2020-06-28 14:29:00+00:00
256443410,jinan-telecom,wuhan-telecom,39.4909,0.0,icmp,1593354619,2020-06-28 14:30:19+00:00
256443628,jinan-telecom,wuhan-telecom,39.548,0.0,icmp,1593354799,2020-06-28 14:33:19+00:00
256443847,jinan-telecom,wuhan-telecom,49.5708,0.0,icmp,1593354900,2020-06-28 14:35:00+00:00
256444065,jinan-telecom,wuhan-telecom,39.4691,0.0,icmp,1593355024,2020-06-28 14:37:04+00:00
256444300,jinan-telecom,wuhan-telecom,49.1128,0.0,icmp,1593355140,2020-06-28 14:39:00+00:00
256444542,jinan-telecom,wuhan-telecom,45.3914,0.0,icmp,1593355260,2020-06-28 14:41:00+00:00
256444760,jinan-telecom,wuhan-telecom,39.6305,0.0,icmp,1593355339,2020-06-28 14:42:19+00:00
256444980,jinan-telecom,wuhan-telecom,46.8459,0.0,icmp,1593355500,2020-06-28 14:45:00+00:00
256445185,jinan-telecom,wuhan-telecom,46.404,0.0,icmp,1593355620,2020-06-28 14:47:00+00:00
256445428,jinan-telecom,wuhan-telecom,46.6059,0.0,icmp,1593355740,2020-06-28 14:49:00+00:00
256445636,jinan-telecom,wuhan-telecom,46.7894,0.0,icmp,1593355860,2020-06-28 14:51:00+00:00
256445890,jinan-telecom,wuhan-telecom,47.5117,0.0,icmp,1593355980,2020-06-28 14:53:00+00:00
256446125,jinan-telecom,wuhan-telecom,40.1511,0.0,icmp,1593356100,2020-06-28 14:55:00+00:00
256446358,jinan-telecom,wuhan-telecom,47.082,0.0,icmp,1593356220,2020-06-28 14:57:00+00:00
256446560,jinan-telecom,wuhan-telecom,47.7361,0.0,icmp,1593356340,2020-06-28 14:59:00+00:00
256446776,jinan-telecom,wuhan-telecom,46.7504,0.0,icmp,1593356460,2020-06-28 15:01:00+00:00
256446994,jinan-telecom,wuhan-telecom,50.0044,0.0,icmp,1593356580,2020-06-28 15:03:00+00:00
256447215,jinan-telecom,wuhan-telecom,45.9222,0.0,icmp,1593356700,2020-06-28 15:05:00+00:00
256447444,jinan-telecom,wuhan-telecom,50.9091,0.0,icmp,1593356820,2020-06-28 15:07:00+00:00
256447685,jinan-telecom,wuhan-telecom,48.1153,0.0,icmp,1593356940,2020-06-28 15:09:00+00:00
256447916,jinan-telecom,wuhan-telecom,39.4121,0.0,icmp,1593357019,2020-06-28 15:10:19+00:00
256448123,jinan-telecom,wuhan-telecom,48.9277,0.0,icmp,1593357180,2020-06-28 15:13:00+00:00
256448355,jinan-telecom,wuhan-telecom,39.3397,0.0,icmp,1593357319,2020-06-28 15:15:19+00:00
256448586,jinan-telecom,wuhan-telecom,46.7911,0.0,icmp,1593357420,2020-06-28 15:17:00+00:00
256448793,jinan-telecom,wuhan-telecom,42.0965,0.0,icmp,1593357540,2020-06-28 15:19:00+00:00
256449042,jinan-telecom,wuhan-telecom,44.5359,0.0,icmp,1593357660,2020-06-28 15:21:00+00:00
256449251,jinan-telecom,wuhan-telecom,48.1814,0.0,icmp,1593357780,2020-06-28 15:23:00+00:00
256449475,jinan-telecom,wuhan-telecom,46.9011,0.0,icmp,1593357900,2020-06-28 15:25:00+00:00
256449713,jinan-telecom,wuhan-telecom,39.3577,0.0,icmp,1593357979,2020-06-28 15:26:19+00:00
256449915,jinan-telecom,wuhan-telecom,47.7962,0.0,icmp,1593358140,2020-06-28 15:29:00+00:00
256450170,jinan-telecom,wuhan-telecom,48.4463,0.0,icmp,1593358260,2020-06-28 15:31:00+00:00
256450370,jinan-telecom,wuhan-telecom,39.4197,0.0,icmp,1593358339,2020-06-28 15:32:19+00:00
256450600,jinan-telecom,wuhan-telecom,49.7207,0.0,icmp,1593358500,2020-06-28 15:35:00+00:00
256450831,jinan-telecom,wuhan-telecom,47.6105,0.0,icmp,1593358620,2020-06-28 15:37:00+00:00
256451054,jinan-telecom,wuhan-telecom,39.4325,0.0,icmp,1593358759,2020-06-28 15:39:19+00:00
256451257,jinan-telecom,wuhan-telecom,47.7778,0.0,icmp,1593358860,2020-06-28 15:41:00+00:00
256451526,jinan-telecom,wuhan-telecom,47.4024,0.0,icmp,1593358980,2020-06-28 15:43:00+00:00
256451718,jinan-telecom,wuhan-telecom,45.235,0.0,icmp,1593359100,2020-06-28 15:45:00+00:00
256451955,jinan-telecom,wuhan-telecom,45.0774,0.0,icmp,1593359220,2020-06-28 15:47:00+00:00
256452173,jinan-telecom,wuhan-telecom,42.3922,0.0,icmp,1593359340,2020-06-28 15:49:00+00:00
256452414,jinan-telecom,wuhan-telecom,47.807,0.0,icmp,1593359460,2020-06-28 15:51:00+00:00
256452632,jinan-telecom,wuhan-telecom,41.3925,0.0,icmp,1593359580,2020-06-28 15:53:00+00:00
256452860,jinan-telecom,wuhan-telecom,39.37,0.0,icmp,1593359659,2020-06-28 15:54:19+00:00
256453087,jinan-telecom,wuhan-telecom,41.2133,0.0,icmp,1593359820,2020-06-28 15:57:00+00:00
256453308,jinan-telecom,wuhan-telecom,47.2537,0.0,icmp,1593359940,2020-06-28 15:59:00+00:00
256453528,jinan-telecom,wuhan-telecom,46.3268,0.0,icmp,1593360060,2020-06-28 16:01:00+00:00
256453754,jinan-telecom,wuhan-telecom,40.4512,0.0,icmp,1593360124,2020-06-28 16:02:04+00:00
256453977,jinan-telecom,wuhan-telecom,47.5453,0.0,icmp,1593360300,2020-06-28 16:05:00+00:00
257269282,jinan-telecom,wuhan-telecom,48.6427,0.0,icmp,1593432840,2020-06-29 12:14:00+00:00
257269497,jinan-telecom,wuhan-telecom,39.3987,0.0,icmp,1593432979,2020-06-29 12:16:19+00:00
257269696,jinan-telecom,wuhan-telecom,46.3087,0.0,icmp,1593433080,2020-06-29 12:18:00+00:00
257269964,jinan-telecom,wuhan-telecom,39.4833,0.0,icmp,1593433219,2020-06-29 12:20:19+00:00
257270182,jinan-telecom,wuhan-telecom,46.8462,0.0,icmp,1593433320,2020-06-29 12:22:00+00:00
257270399,jinan-telecom,wuhan-telecom,45.7177,0.0,icmp,1593433440,2020-06-29 12:24:00+00:00
257270616,jinan-telecom,wuhan-telecom,45.9191,0.0,icmp,1593433560,2020-06-29 12:26:00+00:00
257270843,jinan-telecom,wuhan-telecom,39.6527,0.0,icmp,1593433639,2020-06-29 12:27:19+00:00
257271105,jinan-telecom,wuhan-telecom,39.4063,0.0,icmp,1593433759,2020-06-29 12:29:19+00:00
257271295,jinan-telecom,wuhan-telecom,39.3195,0.0,icmp,1593433939,2020-06-29 12:32:19+00:00
257271529,jinan-telecom,wuhan-telecom,46.4007,0.0,icmp,1593434040,2020-06-29 12:34:00+00:00
257271733,jinan-telecom,wuhan-telecom,45.3425,0.0,icmp,1593434160,2020-06-29 12:36:00+00:00
257271968,jinan-telecom,wuhan-telecom,43.5829,0.0,icmp,1593434280,2020-06-29 12:38:00+00:00
257272227,jinan-telecom,wuhan-telecom,41.4088,0.0,icmp,1593434344,2020-06-29 12:39:04+00:00
257272445,jinan-telecom,wuhan-telecom,39.505,0.0,icmp,1593434479,2020-06-29 12:41:19+00:00
257272643,jinan-telecom,wuhan-telecom,49.568,0.0,icmp,1593434640,2020-06-29 12:44:00+00:00
257272873,jinan-telecom,wuhan-telecom,49.3079,0.0,icmp,1593434760,2020-06-29 12:46:00+00:00
257273111,jinan-telecom,wuhan-telecom,39.3573,0.0,icmp,1593434899,2020-06-29 12:48:19+00:00
257273330,jinan-telecom,wuhan-telecom,47.7202,0.0,icmp,1593435000,2020-06-29 12:50:00+00:00
257273542,jinan-telecom,wuhan-telecom,45.5878,0.0,icmp,1593435120,2020-06-29 12:52:00+00:00
257273785,jinan-telecom,wuhan-telecom,39.3538,0.0,icmp,1593435259,2020-06-29 12:54:19+00:00
257273994,jinan-telecom,wuhan-telecom,45.4726,0.0,icmp,1593435360,2020-06-29 12:56:00+00:00
257274234,jinan-telecom,wuhan-telecom,39.4619,0.0,icmp,1593435439,2020-06-29 12:57:19+00:00
257274437,jinan-telecom,wuhan-telecom,39.4,0.0,icmp,1593435619,2020-06-29 13:00:19+00:00
257274671,jinan-telecom,wuhan-telecom,49.0334,0.0,icmp,1593435720,2020-06-29 13:02:00+00:00
257274929,jinan-telecom,wuhan-telecom,44.6543,0.0,icmp,1593435840,2020-06-29 13:04:00+00:00
257275116,jinan-telecom,wuhan-telecom,49.5019,0.0,icmp,1593435960,2020-06-29 13:06:00+00:00
257275342,jinan-telecom,wuhan-telecom,50.387,0.0,icmp,1593436080,2020-06-29 13:08:00+00:00
257275590,jinan-telecom,wuhan-telecom,46.9421,0.0,icmp,1593436200,2020-06-29 13:10:00+00:00
257275791,jinan-telecom,wuhan-telecom,47.3591,0.0,icmp,1593436320,2020-06-29 13:12:00+00:00
257276029,jinan-telecom,wuhan-telecom,47.0521,0.0,icmp,1593436440,2020-06-29 13:14:00+00:00
257276263,jinan-telecom,wuhan-telecom,47.0618,0.0,icmp,1593436560,2020-06-29 13:16:00+00:00
257276470,jinan-telecom,wuhan-telecom,48.8348,0.0,icmp,1593436680,2020-06-29 13:18:00+00:00
260676623,jinan-telecom,wuhan-telecom,46.1262,0.0,icmp,1593045840,2020-06-25 00:44:00+00:00
260676845,jinan-telecom,wuhan-telecom,43.9255,0.0,icmp,1593045960,2020-06-25 00:46:00+00:00
260677066,jinan-telecom,wuhan-telecom,39.3728,0.0,icmp,1593046039,2020-06-25 00:47:19+00:00
260677292,jinan-telecom,wuhan-telecom,39.329,0.0,icmp,1593046219,2020-06-25 00:50:19+00:00
260677538,jinan-telecom,wuhan-telecom,49.3328,0.0,icmp,1593046320,2020-06-25 00:52:00+00:00
260677742,jinan-telecom,wuhan-telecom,45.0703,0.0,icmp,1593046440,2020-06-25 00:54:00+00:00
260677964,jinan-telecom,wuhan-telecom,47.3629,0.0,icmp,1593046560,2020-06-25 00:56:00+00:00
260678208,jinan-telecom,wuhan-telecom,39.3607,0.0,icmp,1593046699,2020-06-25 00:58:19+00:00
260678413,jinan-telecom,wuhan-telecom,49.2131,0.0,icmp,1593046800,2020-06-25 01:00:00+00:00
260678646,jinan-telecom,wuhan-telecom,39.3721,0.0,icmp,1593046879,2020-06-25 01:01:19+00:00
260678875,jinan-telecom,wuhan-telecom,46.192,0.0,icmp,1593047040,2020-06-25 01:04:00+00:00
260679091,jinan-telecom,wuhan-telecom,46.7013,0.0,icmp,1593047160,2020-06-25 01:06:00+00:00
260679322,jinan-telecom,wuhan-telecom,47.6151,0.0,icmp,1593047280,2020-06-25 01:08:00+00:00
260679559,jinan-telecom,wuhan-telecom,39.5052,0.0,icmp,1593047359,2020-06-25 01:09:19+00:00
260679822,jinan-telecom,wuhan-telecom,39.3429,0.0,icmp,1593047479,2020-06-25 01:11:19+00:00
260679993,jinan-telecom,wuhan-telecom,45.9682,0.0,icmp,1593047640,2020-06-25 01:14:00+00:00
260680224,jinan-telecom,wuhan-telecom,45.1129,0.0,icmp,1593047760,2020-06-25 01:16:00+00:00
260680462,jinan-telecom,wuhan-telecom,48.091,0.0,icmp,1593047880,2020-06-25 01:18:00+00:00
260680672,jinan-telecom,wuhan-telecom,48.3218,0.0,icmp,1593048000,2020-06-25 01:20:00+00:00
260680902,jinan-telecom,wuhan-telecom,39.4191,0.0,icmp,1593048139,2020-06-25 01:22:19+00:00
260681120,jinan-telecom,wuhan-telecom,47.1058,0.0,icmp,1593048240,2020-06-25 01:24:00+00:00
260681382,jinan-telecom,wuhan-telecom,41.705,0.0,icmp,1593048360,2020-06-25 01:26:00+00:00
260681562,jinan-telecom,wuhan-telecom,45.3771,0.0,icmp,1593048480,2020-06-25 01:28:00+00:00
260681793,jinan-telecom,wuhan-telecom,46.9954,0.0,icmp,1593048600,2020-06-25 01:30:00+00:00
260682027,jinan-telecom,wuhan-telecom,48.6539,0.0,icmp,1593048720,2020-06-25 01:32:00+00:00
260682237,jinan-telecom,wuhan-telecom,39.5968,0.0,icmp,1593048785,2020-06-25 01:33:05+00:00
260682481,jinan-telecom,wuhan-telecom,45.8494,0.0,icmp,1593048960,2020-06-25 01:36:00+00:00
260682707,jinan-telecom,wuhan-telecom,39.3323,0.0,icmp,1593049099,2020-06-25 01:38:19+00:00
260682938,jinan-telecom,wuhan-telecom,47.323,0.0,icmp,1593049200,2020-06-25 01:40:00+00:00
260683145,jinan-telecom,wuhan-telecom,46.7367,0.0,icmp,1593049320,2020-06-25 01:42:00+00:00
260683378,jinan-telecom,wuhan-telecom,48.5068,0.0,icmp,1593049440,2020-06-25 01:44:00+00:00
260683599,jinan-telecom,wuhan-telecom,39.5238,0.0,icmp,1593049565,2020-06-25 01:46:05+00:00
260683832,jinan-telecom,wuhan-telecom,44.8747,0.0,icmp,1593049680,2020-06-25 01:48:00+00:00
260684054,jinan-telecom,wuhan-telecom,39.5541,0.0,icmp,1593049759,2020-06-25 01:49:19+00:00
260684290,jinan-telecom,wuhan-telecom,49.3865,0.0,icmp,1593049920,2020-06-25 01:52:00+00:00
260684476,jinan-telecom,wuhan-telecom,49.0215,0.0,icmp,1593050040,2020-06-25 01:54:00+00:00
260684693,jinan-telecom,wuhan-telecom,50.5239,0.0,icmp,1593050160,2020-06-25 01:56:00+00:00
260684942,jinan-telecom,wuhan-telecom,47.2911,0.0,icmp,1593050280,2020-06-25 01:58:00+00:00
260685183,jinan-telecom,wuhan-telecom,39.4706,0.0,icmp,1593050345,2020-06-25 01:59:05+00:00
260685410,jinan-telecom,wuhan-telecom,49.1824,0.0,icmp,1593050520,2020-06-25 02:02:00+00:00
260685617,jinan-telecom,wuhan-telecom,39.5502,0.0,icmp,1593050659,2020-06-25 02:04:19+00:00
260685838,jinan-telecom,wuhan-telecom,49.1958,0.0,icmp,1593050760,2020-06-25 02:06:00+00:00
260686072,jinan-telecom,wuhan-telecom,47.437,0.0,icmp,1593050880,2020-06-25 02:08:00+00:00
260686295,jinan-telecom,wuhan-telecom,50.1711,0.0,icmp,1593051000,2020-06-25 02:10:00+00:00
260686522,jinan-telecom,wuhan-telecom,41.3937,0.0,icmp,1593051120,2020-06-25 02:12:00+00:00
260686744,jinan-telecom,wuhan-telecom,45.8502,0.0,icmp,1593051240,2020-06-25 02:14:00+00:00
260686973,jinan-telecom,wuhan-telecom,45.1312,0.0,icmp,1593051360,2020-06-25 02:16:00+00:00
260687192,jinan-telecom,wuhan-telecom,45.5144,0.0,icmp,1593051480,2020-06-25 02:18:00+00:00
260687437,jinan-telecom,wuhan-telecom,45.2791,0.0,icmp,1593051600,2020-06-25 02:20:00+00:00
260687664,jinan-telecom,wuhan-telecom,39.355,0.0,icmp,1593051739,2020-06-25 02:22:19+00:00
260687872,jinan-telecom,wuhan-telecom,46.5615,0.0,icmp,1593051840,2020-06-25 02:24:00+00:00
260688117,jinan-telecom,wuhan-telecom,39.3461,0.0,icmp,1593051919,2020-06-25 02:25:19+00:00
260688340,jinan-telecom,wuhan-telecom,45.8964,0.0,icmp,1593052080,2020-06-25 02:28:00+00:00
260688555,jinan-telecom,wuhan-telecom,46.0127,0.0,icmp,1593052200,2020-06-25 02:30:00+00:00
260688807,jinan-telecom,wuhan-telecom,48.3704,0.0,icmp,1593052320,2020-06-25 02:32:00+00:00
260689019,jinan-telecom,wuhan-telecom,47.9015,0.0,icmp,1593052440,2020-06-25 02:34:00+00:00
260689224,jinan-telecom,wuhan-telecom,44.5591,0.0,icmp,1593052560,2020-06-25 02:36:00+00:00
260689458,jinan-telecom,wuhan-telecom,39.4768,0.0,icmp,1593052639,2020-06-25 02:37:19+00:00
260689683,jinan-telecom,wuhan-telecom,43.3481,0.0,icmp,1593052800,2020-06-25 02:40:00+00:00
260689888,jinan-telecom,wuhan-telecom,39.4024,0.0,icmp,1593052879,2020-06-25 02:41:19+00:00
260690114,jinan-telecom,wuhan-telecom,39.3644,0.0,icmp,1593053059,2020-06-25 02:44:19+00:00
260690360,jinan-telecom,wuhan-telecom,48.2073,0.0,icmp,1593053160,2020-06-25 02:46:00+00:00
260690579,jinan-telecom,wuhan-telecom,46.4609,0.0,icmp,1593053280,2020-06-25 02:48:00+00:00
260690787,jinan-telecom,wuhan-telecom,45.1898,0.0,icmp,1593053400,2020-06-25 02:50:00+00:00
260691059,jinan-telecom,wuhan-telecom,44.523,0.0,icmp,1593053465,2020-06-25 02:51:05+00:00
260691251,jinan-telecom,wuhan-telecom,47.4675,0.0,icmp,1593053640,2020-06-25 02:54:00+00:00
260691487,jinan-telecom,wuhan-telecom,43.1641,0.0,icmp,1593053760,2020-06-25 02:56:00+00:00
260691695,jinan-telecom,wuhan-telecom,47.9289,0.0,icmp,1593053880,2020-06-25 02:58:00+00:00
260691921,jinan-telecom,wuhan-telecom,40.4674,0.0,icmp,1593054000,2020-06-25 03:00:00+00:00
260692138,jinan-telecom,wuhan-telecom,44.6025,0.0,icmp,1593054120,2020-06-25 03:02:00+00:00
260692362,jinan-telecom,wuhan-telecom,39.3466,0.0,icmp,1593054259,2020-06-25 03:04:19+00:00
260692623,jinan-telecom,wuhan-telecom,50.2163,0.0,icmp,1593054360,2020-06-25 03:06:00+00:00
260692817,jinan-telecom,wuhan-telecom,39.6981,0.0,icmp,1593054480,2020-06-25 03:08:00+00:00
260693064,jinan-telecom,wuhan-telecom,39.4237,0.0,icmp,1593054619,2020-06-25 03:10:19+00:00
260693277,jinan-telecom,wuhan-telecom,46.041,0.0,icmp,1593054720,2020-06-25 03:12:00+00:00
260693510,jinan-telecom,wuhan-telecom,46.0152,0.0,icmp,1593054840,2020-06-25 03:14:00+00:00
260693716,jinan-telecom,wuhan-telecom,49.5255,0.0,icmp,1593054960,2020-06-25 03:16:00+00:00
260693954,jinan-telecom,wuhan-telecom,47.9263,0.0,icmp,1593055080,2020-06-25 03:18:00+00:00
260694162,jinan-telecom,wuhan-telecom,39.3659,0.0,icmp,1593055159,2020-06-25 03:19:19+00:00
260694407,jinan-telecom,wuhan-telecom,39.4979,0.0,icmp,1593055339,2020-06-25 03:22:19+00:00
260694623,jinan-telecom,wuhan-telecom,49.3911,0.0,icmp,1593055440,2020-06-25 03:24:00+00:00
260694850,jinan-telecom,wuhan-telecom,40.2034,0.0,icmp,1593055560,2020-06-25 03:26:00+00:00
260695080,jinan-telecom,wuhan-telecom,39.712,0.0,icmp,1593055680,2020-06-25 03:28:00+00:00
260695273,jinan-telecom,wuhan-telecom,48.4864,0.0,icmp,1593055800,2020-06-25 03:30:00+00:00
260695525,jinan-telecom,wuhan-telecom,48.258,0.0,icmp,1593055920,2020-06-25 03:32:00+00:00
260695743,jinan-telecom,wuhan-telecom,39.3819,0.0,icmp,1593056059,2020-06-25 03:34:19+00:00
260695991,jinan-telecom,wuhan-telecom,47.1843,0.0,icmp,1593056160,2020-06-25 03:36:00+00:00
260696213,jinan-telecom,wuhan-telecom,49.0896,0.0,icmp,1593056280,2020-06-25 03:38:00+00:00
260696424,jinan-telecom,wuhan-telecom,47.3078,0.0,icmp,1593056400,2020-06-25 03:40:00+00:00
260696633,jinan-telecom,wuhan-telecom,46.9351,0.0,icmp,1593056520,2020-06-25 03:42:00+00:00
260696887,jinan-telecom,wuhan-telecom,48.4884,0.0,icmp,1593056640,2020-06-25 03:44:00+00:00
260697100,jinan-telecom,wuhan-telecom,47.1826,0.0,icmp,1593056760,2020-06-25 03:46:00+00:00
260697318,jinan-telecom,wuhan-telecom,45.4132,0.0,icmp,1593056880,2020-06-25 03:48:00+00:00
260697552,jinan-telecom,wuhan-telecom,39.4386,0.0,icmp,1593057019,2020-06-25 03:50:19+00:00
260697791,jinan-telecom,wuhan-telecom,41.2318,0.0,icmp,1593057120,2020-06-25 03:52:00+00:00
260698011,jinan-telecom,wuhan-telecom,47.3841,0.0,icmp,1593057240,2020-06-25 03:54:00+00:00
260698220,jinan-telecom,wuhan-telecom,46.2947,0.0,icmp,1593057360,2020-06-25 03:56:00+00:00
260698446,jinan-telecom,wuhan-telecom,47.6391,0.0,icmp,1593057480,2020-06-25 03:58:00+00:00
260698684,jinan-telecom,wuhan-telecom,45.2672,0.0,icmp,1593057600,2020-06-25 04:00:00+00:00
260698913,jinan-telecom,wuhan-telecom,50.1962,0.0,icmp,1593057720,2020-06-25 04:02:00+00:00
260699138,jinan-telecom,wuhan-telecom,45.6882,0.0,icmp,1593057840,2020-06-25 04:04:00+00:00
260699362,jinan-telecom,wuhan-telecom,47.8386,0.0,icmp,1593057960,2020-06-25 04:06:00+00:00
260699592,jinan-telecom,wuhan-telecom,47.1049,0.0,icmp,1593058080,2020-06-25 04:08:00+00:00
260699792,jinan-telecom,wuhan-telecom,39.3719,0.0,icmp,1593058219,2020-06-25 04:10:19+00:00
260700038,jinan-telecom,wuhan-telecom,39.6649,0.0,icmp,1593058320,2020-06-25 04:12:00+00:00
260700245,jinan-telecom,wuhan-telecom,45.8886,0.0,icmp,1593058440,2020-06-25 04:14:00+00:00
260700483,jinan-telecom,wuhan-telecom,47.7138,0.0,icmp,1593058560,2020-06-25 04:16:00+00:00
260700696,jinan-telecom,wuhan-telecom,45.2424,0.0,icmp,1593058680,2020-06-25 04:18:00+00:00
260700938,jinan-telecom,wuhan-telecom,39.3463,0.0,icmp,1593058819,2020-06-25 04:20:19+00:00
260701151,jinan-telecom,wuhan-telecom,48.2496,0.0,icmp,1593058920,2020-06-25 04:22:00+00:00
260701387,jinan-telecom,wuhan-telecom,39.3771,0.0,icmp,1593059059,2020-06-25 04:24:19+00:00
260701604,jinan-telecom,wuhan-telecom,44.9353,0.0,icmp,1593059160,2020-06-25 04:26:00+00:00
260701798,jinan-telecom,wuhan-telecom,46.0986,0.0,icmp,1593059280,2020-06-25 04:28:00+00:00
260702057,jinan-telecom,wuhan-telecom,39.3468,0.0,icmp,1593059419,2020-06-25 04:30:19+00:00
260702267,jinan-telecom,wuhan-telecom,46.0931,0.0,icmp,1593059520,2020-06-25 04:32:00+00:00
260702490,jinan-telecom,wuhan-telecom,47.6529,0.0,icmp,1593059640,2020-06-25 04:34:00+00:00
260702722,jinan-telecom,wuhan-telecom,46.5697,0.0,icmp,1593059760,2020-06-25 04:36:00+00:00
260702936,jinan-telecom,wuhan-telecom,40.6979,0.0,icmp,1593059880,2020-06-25 04:38:00+00:00
260703168,jinan-telecom,wuhan-telecom,50.2326,0.0,icmp,1593060000,2020-06-25 04:40:00+00:00
260703415,jinan-telecom,wuhan-telecom,46.5396,0.0,icmp,1593060120,2020-06-25 04:42:00+00:00
260703633,jinan-telecom,wuhan-telecom,47.1248,0.0,icmp,1593060240,2020-06-25 04:44:00+00:00
260703859,jinan-telecom,wuhan-telecom,46.0115,0.0,icmp,1593060360,2020-06-25 04:46:00+00:00
260704064,jinan-telecom,wuhan-telecom,39.356,0.0,icmp,1593060439,2020-06-25 04:47:19+00:00
260704322,jinan-telecom,wuhan-telecom,46.1154,0.0,icmp,1593060600,2020-06-25 04:50:00+00:00
260704522,jinan-telecom,wuhan-telecom,47.2115,0.0,icmp,1593060720,2020-06-25 04:52:00+00:00
260704744,jinan-telecom,wuhan-telecom,46.047,0.0,icmp,1593060840,2020-06-25 04:54:00+00:00
260704972,jinan-telecom,wuhan-telecom,48.8959,0.0,icmp,1593060960,2020-06-25 04:56:00+00:00
260705194,jinan-telecom,wuhan-telecom,48.1939,0.0,icmp,1593061080,2020-06-25 04:58:00+00:00
260705440,jinan-telecom,wuhan-telecom,46.992,0.0,icmp,1593061200,2020-06-25 05:00:00+00:00
260705686,jinan-telecom,wuhan-telecom,40.3637,0.0,icmp,1593061320,2020-06-25 05:02:00+00:00
260705862,jinan-telecom,wuhan-telecom,46.1367,0.0,icmp,1593061440,2020-06-25 05:04:00+00:00
260706082,jinan-telecom,wuhan-telecom,45.3741,0.0,icmp,1593061560,2020-06-25 05:06:00+00:00
260706332,jinan-telecom,wuhan-telecom,47.9377,0.0,icmp,1593061680,2020-06-25 05:08:00+00:00
260706561,jinan-telecom,wuhan-telecom,39.3637,0.0,icmp,1593061759,2020-06-25 05:09:19+00:00
260706781,jinan-telecom,wuhan-telecom,43.2136,0.0,icmp,1593061920,2020-06-25 05:12:00+00:00
260707001,jinan-telecom,wuhan-telecom,39.4159,0.0,icmp,1593062059,2020-06-25 05:14:19+00:00
260707239,jinan-telecom,wuhan-telecom,50.1341,0.0,icmp,1593062160,2020-06-25 05:16:00+00:00
260707460,jinan-telecom,wuhan-telecom,46.3275,0.0,icmp,1593062280,2020-06-25 05:18:00+00:00
260707661,jinan-telecom,wuhan-telecom,47.0737,0.0,icmp,1593062400,2020-06-25 05:20:00+00:00
260707906,jinan-telecom,wuhan-telecom,46.2484,0.0,icmp,1593062520,2020-06-25 05:22:00+00:00
260708108,jinan-telecom,wuhan-telecom,39.5727,0.0,icmp,1593062659,2020-06-25 05:24:19+00:00
260708374,jinan-telecom,wuhan-telecom,44.4617,0.0,icmp,1593062760,2020-06-25 05:26:00+00:00
260708601,jinan-telecom,wuhan-telecom,42.2125,0.0,icmp,1593062880,2020-06-25 05:28:00+00:00
260708808,jinan-telecom,wuhan-telecom,39.3558,0.0,icmp,1593062959,2020-06-25 05:29:19+00:00
260709015,jinan-telecom,wuhan-telecom,47.4681,0.0,icmp,1593063120,2020-06-25 05:32:00+00:00
260709260,jinan-telecom,wuhan-telecom,47.9828,0.0,icmp,1593063240,2020-06-25 05:34:00+00:00
260709465,jinan-telecom,wuhan-telecom,44.7781,0.0,icmp,1593063360,2020-06-25 05:36:00+00:00
260709686,jinan-telecom,wuhan-telecom,46.6205,0.0,icmp,1593063480,2020-06-25 05:38:00+00:00
260709921,jinan-telecom,wuhan-telecom,39.6286,0.0,icmp,1593063559,2020-06-25 05:39:19+00:00
260710154,jinan-telecom,wuhan-telecom,45.514,0.0,icmp,1593063720,2020-06-25 05:42:00+00:00
260710433,jinan-telecom,wuhan-telecom,45.8576,0.0,icmp,1593063840,2020-06-25 05:44:00+00:00
260710595,jinan-telecom,wuhan-telecom,48.6801,0.0,icmp,1593063960,2020-06-25 05:46:00+00:00
260710820,jinan-telecom,wuhan-telecom,49.1188,0.0,icmp,1593064080,2020-06-25 05:48:00+00:00
260711084,jinan-telecom,wuhan-telecom,48.6353,0.0,icmp,1593064200,2020-06-25 05:50:00+00:00
260711290,jinan-telecom,wuhan-telecom,43.3195,0.0,icmp,1593064320,2020-06-25 05:52:00+00:00
260711509,jinan-telecom,wuhan-telecom,39.3541,0.0,icmp,1593064399,2020-06-25 05:53:19+00:00
260711730,jinan-telecom,wuhan-telecom,39.5785,0.0,icmp,1593064579,2020-06-25 05:56:19+00:00
260711972,jinan-telecom,wuhan-telecom,46.3619,0.0,icmp,1593064680,2020-06-25 05:58:00+00:00
260712177,jinan-telecom,wuhan-telecom,40.2972,0.0,icmp,1593064800,2020-06-25 06:00:00+00:00
260712416,jinan-telecom,wuhan-telecom,45.4789,0.0,icmp,1593064920,2020-06-25 06:02:00+00:00
260712632,jinan-telecom,wuhan-telecom,44.9276,0.0,icmp,1593065040,2020-06-25 06:04:00+00:00
260712850,jinan-telecom,wuhan-telecom,47.8663,0.0,icmp,1593065160,2020-06-25 06:06:00+00:00
260713079,jinan-telecom,wuhan-telecom,45.5021,0.0,icmp,1593065280,2020-06-25 06:08:00+00:00
260713287,jinan-telecom,wuhan-telecom,39.668,0.0,icmp,1593065359,2020-06-25 06:09:19+00:00
260713525,jinan-telecom,wuhan-telecom,48.8728,0.0,icmp,1593065520,2020-06-25 06:12:00+00:00
260713751,jinan-telecom,wuhan-telecom,47.8689,0.0,icmp,1593065640,2020-06-25 06:14:00+00:00
260713960,jinan-telecom,wuhan-telecom,47.4529,0.0,icmp,1593065760,2020-06-25 06:16:00+00:00
260714208,jinan-telecom,wuhan-telecom,45.0171,0.0,icmp,1593065880,2020-06-25 06:18:00+00:00
260714407,jinan-telecom,wuhan-telecom,44.6717,0.0,icmp,1593066000,2020-06-25 06:20:00+00:00
260714632,jinan-telecom,wuhan-telecom,39.3631,0.0,icmp,1593066139,2020-06-25 06:22:19+00:00
260714885,jinan-telecom,wuhan-telecom,42.106,0.0,icmp,1593066240,2020-06-25 06:24:00+00:00
260715087,jinan-telecom,wuhan-telecom,45.9153,0.0,icmp,1593066360,2020-06-25 06:26:00+00:00
260715319,jinan-telecom,wuhan-telecom,46.5525,0.0,icmp,1593066480,2020-06-25 06:28:00+00:00
260715543,jinan-telecom,wuhan-telecom,46.3001,0.0,icmp,1593066600,2020-06-25 06:30:00+00:00
260715780,jinan-telecom,wuhan-telecom,39.519,0.0,icmp,1593066739,2020-06-25 06:32:19+00:00
260716014,jinan-telecom,wuhan-telecom,47.2718,0.0,icmp,1593066840,2020-06-25 06:34:00+00:00
260716224,jinan-telecom,wuhan-telecom,39.3761,0.0,icmp,1593066979,2020-06-25 06:36:19+00:00
260716469,jinan-telecom,wuhan-telecom,45.0328,0.0,icmp,1593067080,2020-06-25 06:38:00+00:00
260716663,jinan-telecom,wuhan-telecom,50.0515,0.0,icmp,1593067200,2020-06-25 06:40:00+00:00
260716898,jinan-telecom,wuhan-telecom,47.694,0.0,icmp,1593067320,2020-06-25 06:42:00+00:00
260717148,jinan-telecom,wuhan-telecom,39.4318,0.0,icmp,1593067459,2020-06-25 06:44:19+00:00
260717366,jinan-telecom,wuhan-telecom,45.7354,0.0,icmp,1593067560,2020-06-25 06:46:00+00:00
260717562,jinan-telecom,wuhan-telecom,47.3128,0.0,icmp,1593067680,2020-06-25 06:48:00+00:00
260717795,jinan-telecom,wuhan-telecom,46.9787,0.0,icmp,1593067800,2020-06-25 06:50:00+00:00
260718059,jinan-telecom,wuhan-telecom,39.3423,0.0,icmp,1593067879,2020-06-25 06:51:19+00:00
260718247,jinan-telecom,wuhan-telecom,39.357,0.0,icmp,1593067999,2020-06-25 06:53:19+00:00
260718471,jinan-telecom,wuhan-telecom,46.4642,0.0,icmp,1593068160,2020-06-25 06:56:00+00:00
260718699,jinan-telecom,wuhan-telecom,48.4433,0.0,icmp,1593068280,2020-06-25 06:58:00+00:00
260718931,jinan-telecom,wuhan-telecom,39.4213,0.0,icmp,1593068359,2020-06-25 06:59:19+00:00
260719143,jinan-telecom,wuhan-telecom,46.885,0.0,icmp,1593068520,2020-06-25 07:02:00+00:00
260719374,jinan-telecom,wuhan-telecom,48.53,0.0,icmp,1593068640,2020-06-25 07:04:00+00:00
260719603,jinan-telecom,wuhan-telecom,48.3066,0.0,icmp,1593068760,2020-06-25 07:06:00+00:00
260719823,jinan-telecom,wuhan-telecom,47.7826,0.0,icmp,1593068880,2020-06-25 07:08:00+00:00
260720047,jinan-telecom,wuhan-telecom,48.8263,0.0,icmp,1593069000,2020-06-25 07:10:00+00:00
260720289,jinan-telecom,wuhan-telecom,47.5397,0.0,icmp,1593069120,2020-06-25 07:12:00+00:00
260720494,jinan-telecom,wuhan-telecom,47.7816,0.0,icmp,1593069240,2020-06-25 07:14:00+00:00
260720720,jinan-telecom,wuhan-telecom,46.3729,0.0,icmp,1593069360,2020-06-25 07:16:00+00:00
260720941,jinan-telecom,wuhan-telecom,47.6437,0.0,icmp,1593069480,2020-06-25 07:18:00+00:00
260721150,jinan-telecom,wuhan-telecom,47.286,0.0,icmp,1593069600,2020-06-25 07:20:00+00:00
260721403,jinan-telecom,wuhan-telecom,39.4687,0.0,icmp,1593069679,2020-06-25 07:21:19+00:00
260721647,jinan-telecom,wuhan-telecom,49.5685,0.0,icmp,1593069840,2020-06-25 07:24:00+00:00
260721837,jinan-telecom,wuhan-telecom,39.6403,0.0,icmp,1593069979,2020-06-25 07:26:19+00:00
260722069,jinan-telecom,wuhan-telecom,46.7964,0.0,icmp,1593070080,2020-06-25 07:28:00+00:00
260722275,jinan-telecom,wuhan-telecom,46.6737,0.0,icmp,1593070200,2020-06-25 07:30:00+00:00
260722544,jinan-telecom,wuhan-telecom,47.3836,0.0,icmp,1593070320,2020-06-25 07:32:00+00:00
260722736,jinan-telecom,wuhan-telecom,46.1798,0.0,icmp,1593070440,2020-06-25 07:34:00+00:00
260722982,jinan-telecom,wuhan-telecom,48.4516,0.0,icmp,1593070560,2020-06-25 07:36:00+00:00
260723212,jinan-telecom,wuhan-telecom,46.1797,0.0,icmp,1593070680,2020-06-25 07:38:00+00:00
260723419,jinan-telecom,wuhan-telecom,40.5008,0.0,icmp,1593070800,2020-06-25 07:40:00+00:00
260723636,jinan-telecom,wuhan-telecom,47.5394,0.0,icmp,1593070920,2020-06-25 07:42:00+00:00
260723858,jinan-telecom,wuhan-telecom,49.551,0.0,icmp,1593071040,2020-06-25 07:44:00+00:00
260724106,jinan-telecom,wuhan-telecom,47.8216,0.0,icmp,1593071160,2020-06-25 07:46:00+00:00
260724327,jinan-telecom,wuhan-telecom,44.7674,0.0,icmp,1593071280,2020-06-25 07:48:00+00:00
260724561,jinan-telecom,wuhan-telecom,39.3752,0.0,icmp,1593071419,2020-06-25 07:50:19+00:00
260724767,jinan-telecom,wuhan-telecom,45.7182,0.0,icmp,1593071520,2020-06-25 07:52:00+00:00
260724998,jinan-telecom,wuhan-telecom,39.3579,0.0,icmp,1593071659,2020-06-25 07:54:19+00:00
260725216,jinan-telecom,wuhan-telecom,47.7599,0.0,icmp,1593071760,2020-06-25 07:56:00+00:00
260725423,jinan-telecom,wuhan-telecom,48.9549,0.0,icmp,1593071880,2020-06-25 07:58:00+00:00
260725665,jinan-telecom,wuhan-telecom,47.7538,0.0,icmp,1593072000,2020-06-25 08:00:00+00:00
260725890,jinan-telecom,wuhan-telecom,39.5578,0.0,icmp,1593072079,2020-06-25 08:01:19+00:00
260726118,jinan-telecom,wuhan-telecom,39.4499,0.0,icmp,1593072245,2020-06-25 08:04:05+00:00
260726351,jinan-telecom,wuhan-telecom,46.4135,0.0,icmp,1593072360,2020-06-25 08:06:00+00:00
260726577,jinan-telecom,wuhan-telecom,46.1774,0.0,icmp,1593072480,2020-06-25 08:08:00+00:00
260726809,jinan-telecom,wuhan-telecom,46.4918,0.0,icmp,1593072600,2020-06-25 08:10:00+00:00
260727025,jinan-telecom,wuhan-telecom,39.4941,0.0,icmp,1593072724,2020-06-25 08:12:04+00:00
260727245,jinan-telecom,wuhan-telecom,47.914,0.0,icmp,1593072840,2020-06-25 08:14:00+00:00
260727475,jinan-telecom,wuhan-telecom,39.4775,0.0,icmp,1593072905,2020-06-25 08:15:05+00:00
260727698,jinan-telecom,wuhan-telecom,44.8782,0.0,icmp,1593073080,2020-06-25 08:18:00+00:00
260727936,jinan-telecom,wuhan-telecom,49.2854,0.0,icmp,1593073200,2020-06-25 08:20:00+00:00
260728139,jinan-telecom,wuhan-telecom,47.3695,0.0,icmp,1593073320,2020-06-25 08:22:00+00:00
260728376,jinan-telecom,wuhan-telecom,49.8521,0.0,icmp,1593073440,2020-06-25 08:24:00+00:00
260728582,jinan-telecom,wuhan-telecom,48.6884,0.0,icmp,1593073560,2020-06-25 08:26:00+00:00
260728845,jinan-telecom,wuhan-telecom,39.353,0.0,icmp,1593073699,2020-06-25 08:28:19+00:00
260729051,jinan-telecom,wuhan-telecom,48.5886,0.0,icmp,1593073800,2020-06-25 08:30:00+00:00
260729285,jinan-telecom,wuhan-telecom,49.2923,0.0,icmp,1593073920,2020-06-25 08:32:00+00:00
260729523,jinan-telecom,wuhan-telecom,46.7471,0.0,icmp,1593074040,2020-06-25 08:34:00+00:00
260729714,jinan-telecom,wuhan-telecom,39.3775,0.0,icmp,1593074119,2020-06-25 08:35:19+00:00
260729968,jinan-telecom,wuhan-telecom,45.6274,0.0,icmp,1593074280,2020-06-25 08:38:00+00:00
260730156,jinan-telecom,wuhan-telecom,46.4841,0.0,icmp,1593074400,2020-06-25 08:40:00+00:00
260730399,jinan-telecom,wuhan-telecom,45.7828,0.0,icmp,1593074520,2020-06-25 08:42:00+00:00
260730632,jinan-telecom,wuhan-telecom,47.0925,0.0,icmp,1593074640,2020-06-25 08:44:00+00:00
260730861,jinan-telecom,wuhan-telecom,49.5703,0.0,icmp,1593074760,2020-06-25 08:46:00+00:00
260731087,jinan-telecom,wuhan-telecom,46.2974,0.0,icmp,1593074880,2020-06-25 08:48:00+00:00
260731305,jinan-telecom,wuhan-telecom,45.7399,0.0,icmp,1593075000,2020-06-25 08:50:00+00:00
260731521,jinan-telecom,wuhan-telecom,49.8536,0.0,icmp,1593075120,2020-06-25 08:52:00+00:00
260731749,jinan-telecom,wuhan-telecom,39.6622,0.0,icmp,1593075240,2020-06-25 08:54:00+00:00
260731959,jinan-telecom,wuhan-telecom,46.3636,0.0,icmp,1593075360,2020-06-25 08:56:00+00:00
260732209,jinan-telecom,wuhan-telecom,47.8027,0.0,icmp,1593075480,2020-06-25 08:58:00+00:00
260732425,jinan-telecom,wuhan-telecom,41.7095,0.0,icmp,1593075600,2020-06-25 09:00:00+00:00
260732637,jinan-telecom,wuhan-telecom,47.7715,0.0,icmp,1593075720,2020-06-25 09:02:00+00:00
260732867,jinan-telecom,wuhan-telecom,39.6813,0.0,icmp,1593075799,2020-06-25 09:03:19+00:00
260733101,jinan-telecom,wuhan-telecom,43.7662,0.0,icmp,1593075960,2020-06-25 09:06:00+00:00
260733315,jinan-telecom,wuhan-telecom,48.0984,0.0,icmp,1593076080,2020-06-25 09:08:00+00:00
260733537,jinan-telecom,wuhan-telecom,45.5368,0.0,icmp,1593076200,2020-06-25 09:10:00+00:00
260733790,jinan-telecom,wuhan-telecom,47.209,0.0,icmp,1593076320,2020-06-25 09:12:00+00:00
260734004,jinan-telecom,wuhan-telecom,40.9015,0.0,icmp,1593076440,2020-06-25 09:14:00+00:00
260734236,jinan-telecom,wuhan-telecom,41.8348,0.0,icmp,1593076560,2020-06-25 09:16:00+00:00
260734458,jinan-telecom,wuhan-telecom,48.3462,0.0,icmp,1593076680,2020-06-25 09:18:00+00:00
260734655,jinan-telecom,wuhan-telecom,47.9355,0.0,icmp,1593076800,2020-06-25 09:20:00+00:00
260734909,jinan-telecom,wuhan-telecom,49.2674,0.0,icmp,1593076920,2020-06-25 09:22:00+00:00
260735137,jinan-telecom,wuhan-telecom,48.2715,0.0,icmp,1593077040,2020-06-25 09:24:00+00:00
260735360,jinan-telecom,wuhan-telecom,40.6701,0.0,icmp,1593077160,2020-06-25 09:26:00+00:00
260735598,jinan-telecom,wuhan-telecom,46.5142,0.0,icmp,1593077280,2020-06-25 09:28:00+00:00
260735815,jinan-telecom,wuhan-telecom,39.4362,0.0,icmp,1593077419,2020-06-25 09:30:19+00:00
260736026,jinan-telecom,wuhan-telecom,49.0269,0.0,icmp,1593077520,2020-06-25 09:32:00+00:00
260736259,jinan-telecom,wuhan-telecom,39.5951,0.0,icmp,1593077659,2020-06-25 09:34:19+00:00
260736481,jinan-telecom,wuhan-telecom,46.3411,0.0,icmp,1593077760,2020-06-25 09:36:00+00:00
260736688,jinan-telecom,wuhan-telecom,45.5725,0.0,icmp,1593077880,2020-06-25 09:38:00+00:00
260736942,jinan-telecom,wuhan-telecom,46.4943,0.0,icmp,1593078000,2020-06-25 09:40:00+00:00
260737194,jinan-telecom,wuhan-telecom,48.9969,0.0,icmp,1593078120,2020-06-25 09:42:00+00:00
260737362,jinan-telecom,wuhan-telecom,47.4309,0.0,icmp,1593078240,2020-06-25 09:44:00+00:00
260737603,jinan-telecom,wuhan-telecom,39.3488,0.0,icmp,1593078379,2020-06-25 09:46:19+00:00
260737823,jinan-telecom,wuhan-telecom,39.6629,0.0,icmp,1593078499,2020-06-25 09:48:19+00:00
260738088,jinan-telecom,wuhan-telecom,47.8566,0.0,icmp,1593078600,2020-06-25 09:50:00+00:00
260738291,jinan-telecom,wuhan-telecom,39.4601,0.0,icmp,1593078679,2020-06-25 09:51:19+00:00
260738492,jinan-telecom,wuhan-telecom,47.2086,0.0,icmp,1593078840,2020-06-25 09:54:00+00:00
260738718,jinan-telecom,wuhan-telecom,39.6938,0.0,icmp,1593078919,2020-06-25 09:55:19+00:00
260738945,jinan-telecom,wuhan-telecom,39.3332,0.0,icmp,1593079039,2020-06-25 09:57:19+00:00
260739170,jinan-telecom,wuhan-telecom,50.1181,0.0,icmp,1593079200,2020-06-25 10:00:00+00:00
260739410,jinan-telecom,wuhan-telecom,39.773,0.0,icmp,1593079339,2020-06-25 10:02:19+00:00
260739618,jinan-telecom,wuhan-telecom,48.6128,0.0,icmp,1593079440,2020-06-25 10:04:00+00:00
260739837,jinan-telecom,wuhan-telecom,42.1794,0.0,icmp,1593079560,2020-06-25 10:06:00+00:00
260740061,jinan-telecom,wuhan-telecom,43.022,0.0,icmp,1593079680,2020-06-25 10:08:00+00:00
260740289,jinan-telecom,wuhan-telecom,48.1899,0.0,icmp,1593079800,2020-06-25 10:10:00+00:00
260740534,jinan-telecom,wuhan-telecom,47.4042,0.0,icmp,1593079920,2020-06-25 10:12:00+00:00
260740750,jinan-telecom,wuhan-telecom,39.324,0.0,icmp,1593079999,2020-06-25 10:13:19+00:00
260740962,jinan-telecom,wuhan-telecom,48.8033,0.0,icmp,1593080160,2020-06-25 10:16:00+00:00
260741197,jinan-telecom,wuhan-telecom,47.9524,0.0,icmp,1593080280,2020-06-25 10:18:00+00:00
260741414,jinan-telecom,wuhan-telecom,39.7652,0.0,icmp,1593080419,2020-06-25 10:20:19+00:00
260741666,jinan-telecom,wuhan-telecom,48.5275,0.0,icmp,1593080520,2020-06-25 10:22:00+00:00
260741872,jinan-telecom,wuhan-telecom,39.4546,0.0,icmp,1593080659,2020-06-25 10:24:19+00:00
260742090,jinan-telecom,wuhan-telecom,47.548,0.0,icmp,1593080760,2020-06-25 10:26:00+00:00
260742331,jinan-telecom,wuhan-telecom,39.5387,0.0,icmp,1593080839,2020-06-25 10:27:19+00:00
260742523,jinan-telecom,wuhan-telecom,39.4983,0.0,icmp,1593080959,2020-06-25 10:29:19+00:00
260742783,jinan-telecom,wuhan-telecom,39.3556,0.0,icmp,1593081079,2020-06-25 10:31:19+00:00
260742986,jinan-telecom,wuhan-telecom,47.2685,0.0,icmp,1593081240,2020-06-25 10:34:00+00:00
260743228,jinan-telecom,wuhan-telecom,46.7288,0.0,icmp,1593081360,2020-06-25 10:36:00+00:00
260743469,jinan-telecom,wuhan-telecom,45.9981,0.0,icmp,1593081480,2020-06-25 10:38:00+00:00
260743669,jinan-telecom,wuhan-telecom,45.4832,0.0,icmp,1593081600,2020-06-25 10:40:00+00:00
260743883,jinan-telecom,wuhan-telecom,47.3721,0.0,icmp,1593081720,2020-06-25 10:42:00+00:00
260744133,jinan-telecom,wuhan-telecom,47.3559,0.0,icmp,1593081840,2020-06-25 10:44:00+00:00
260744356,jinan-telecom,wuhan-telecom,46.4501,0.0,icmp,1593081964,2020-06-25 10:46:04+00:00
260744568,jinan-telecom,wuhan-telecom,49.9675,0.0,icmp,1593082080,2020-06-25 10:48:00+00:00
260744806,jinan-telecom,wuhan-telecom,39.3427,0.0,icmp,1593082159,2020-06-25 10:49:19+00:00
260745027,jinan-telecom,wuhan-telecom,39.3379,0.0,icmp,1593082339,2020-06-25 10:52:19+00:00
260745253,jinan-telecom,wuhan-telecom,39.3607,0.0,icmp,1593082459,2020-06-25 10:54:19+00:00
260745474,jinan-telecom,wuhan-telecom,46.2737,0.0,icmp,1593082560,2020-06-25 10:56:00+00:00
260745708,jinan-telecom,wuhan-telecom,46.3485,0.0,icmp,1593082680,2020-06-25 10:58:00+00:00
260745925,jinan-telecom,wuhan-telecom,39.4393,0.0,icmp,1593082746,2020-06-25 10:59:06+00:00
260746142,jinan-telecom,wuhan-telecom,46.1183,0.0,icmp,1593082920,2020-06-25 11:02:00+00:00
260746364,jinan-telecom,wuhan-telecom,39.3551,0.0,icmp,1593082999,2020-06-25 11:03:19+00:00
260746589,jinan-telecom,wuhan-telecom,46.8072,0.0,icmp,1593083160,2020-06-25 11:06:00+00:00
260746816,jinan-telecom,wuhan-telecom,48.0884,0.0,icmp,1593083280,2020-06-25 11:08:00+00:00
260747046,jinan-telecom,wuhan-telecom,39.3473,0.0,icmp,1593083419,2020-06-25 11:10:19+00:00
260747254,jinan-telecom,wuhan-telecom,39.3327,0.0,icmp,1593083539,2020-06-25 11:12:19+00:00
260747502,jinan-telecom,wuhan-telecom,45.7032,0.0,icmp,1593083640,2020-06-25 11:14:00+00:00
260747729,jinan-telecom,wuhan-telecom,39.4333,0.0,icmp,1593083719,2020-06-25 11:15:19+00:00
260747927,jinan-telecom,wuhan-telecom,47.5204,0.0,icmp,1593083880,2020-06-25 11:18:00+00:00
260748161,jinan-telecom,wuhan-telecom,46.1817,0.0,icmp,1593084000,2020-06-25 11:20:00+00:00
260748401,jinan-telecom,wuhan-telecom,48.0835,0.0,icmp,1593084120,2020-06-25 11:22:00+00:00
260748615,jinan-telecom,wuhan-telecom,39.6371,0.0,icmp,1593084259,2020-06-25 11:24:19+00:00
260748856,jinan-telecom,wuhan-telecom,39.3613,0.0,icmp,1593084379,2020-06-25 11:26:19+00:00
260749065,jinan-telecom,wuhan-telecom,44.4046,0.0,icmp,1593084480,2020-06-25 11:28:00+00:00
260749312,jinan-telecom,wuhan-telecom,45.5398,0.0,icmp,1593084600,2020-06-25 11:30:00+00:00
260749529,jinan-telecom,wuhan-telecom,45.3211,0.0,icmp,1593084720,2020-06-25 11:32:00+00:00
260749779,jinan-telecom,wuhan-telecom,39.5411,0.0,icmp,1593084799,2020-06-25 11:33:19+00:00
260749968,jinan-telecom,wuhan-telecom,40.6727,0.0,icmp,1593084965,2020-06-25 11:36:05+00:00
260750203,jinan-telecom,wuhan-telecom,45.8188,0.0,icmp,1593085080,2020-06-25 11:38:00+00:00
260750427,jinan-telecom,wuhan-telecom,46.4814,0.0,icmp,1593085200,2020-06-25 11:40:00+00:00
260750658,jinan-telecom,wuhan-telecom,46.3751,0.0,icmp,1593085320,2020-06-25 11:42:00+00:00
260750869,jinan-telecom,wuhan-telecom,46.3485,0.0,icmp,1593085440,2020-06-25 11:44:00+00:00
260751100,jinan-telecom,wuhan-telecom,41.6447,0.0,icmp,1593085560,2020-06-25 11:46:00+00:00
260751313,jinan-telecom,wuhan-telecom,45.692,0.0,icmp,1593085680,2020-06-25 11:48:00+00:00
260751563,jinan-telecom,wuhan-telecom,51.2496,0.0,icmp,1593085800,2020-06-25 11:50:00+00:00
260751788,jinan-telecom,wuhan-telecom,39.5477,0.0,icmp,1593085879,2020-06-25 11:51:19+00:00
260751982,jinan-telecom,wuhan-telecom,49.5358,0.0,icmp,1593086040,2020-06-25 11:54:00+00:00
260752226,jinan-telecom,wuhan-telecom,49.0926,0.0,icmp,1593086160,2020-06-25 11:56:00+00:00
260752456,jinan-telecom,wuhan-telecom,39.3737,0.0,icmp,1593086239,2020-06-25 11:57:19+00:00
260752673,jinan-telecom,wuhan-telecom,39.3822,0.0,icmp,1593086359,2020-06-25 11:59:19+00:00
260752895,jinan-telecom,wuhan-telecom,45.2798,0.0,icmp,1593086520,2020-06-25 12:02:00+00:00
260753130,jinan-telecom,wuhan-telecom,47.1454,0.0,icmp,1593086640,2020-06-25 12:04:00+00:00
260753374,jinan-telecom,wuhan-telecom,47.71,0.0,icmp,1593086760,2020-06-25 12:06:00+00:00
260753569,jinan-telecom,wuhan-telecom,39.3306,0.0,icmp,1593086839,2020-06-25 12:07:19+00:00
260753795,jinan-telecom,wuhan-telecom,45.7793,0.0,icmp,1593087004,2020-06-25 12:10:04+00:00
260754022,jinan-telecom,wuhan-telecom,46.8817,0.0,icmp,1593087120,2020-06-25 12:12:00+00:00
260754240,jinan-telecom,wuhan-telecom,39.3448,0.0,icmp,1593087259,2020-06-25 12:14:19+00:00
260754479,jinan-telecom,wuhan-telecom,47.15,0.0,icmp,1593087360,2020-06-25 12:16:00+00:00
260754717,jinan-telecom,wuhan-telecom,39.5781,0.0,icmp,1593087499,2020-06-25 12:18:19+00:00
260754917,jinan-telecom,wuhan-telecom,46.8459,0.0,icmp,1593087600,2020-06-25 12:20:00+00:00
260755138,jinan-telecom,wuhan-telecom,49.5301,0.0,icmp,1593087720,2020-06-25 12:22:00+00:00
260755364,jinan-telecom,wuhan-telecom,48.4145,0.0,icmp,1593087840,2020-06-25 12:24:00+00:00
260755609,jinan-telecom,wuhan-telecom,48.2969,0.0,icmp,1593087960,2020-06-25 12:26:00+00:00
260755829,jinan-telecom,wuhan-telecom,39.5751,0.0,icmp,1593088099,2020-06-25 12:28:19+00:00
260756037,jinan-telecom,wuhan-telecom,46.4665,0.0,icmp,1593088200,2020-06-25 12:30:00+00:00
260756271,jinan-telecom,wuhan-telecom,46.334,0.0,icmp,1593088320,2020-06-25 12:32:00+00:00
260756488,jinan-telecom,wuhan-telecom,44.4476,0.0,icmp,1593088440,2020-06-25 12:34:00+00:00
260756725,jinan-telecom,wuhan-telecom,39.6689,0.0,icmp,1593088519,2020-06-25 12:35:19+00:00
260756937,jinan-telecom,wuhan-telecom,45.7208,0.0,icmp,1593088680,2020-06-25 12:38:00+00:00
260757165,jinan-telecom,wuhan-telecom,47.0121,0.0,icmp,1593088800,2020-06-25 12:40:00+00:00
260757418,jinan-telecom,wuhan-telecom,47.4484,0.0,icmp,1593088920,2020-06-25 12:42:00+00:00
260757641,jinan-telecom,wuhan-telecom,47.9386,0.0,icmp,1593089040,2020-06-25 12:44:00+00:00
260757856,jinan-telecom,wuhan-telecom,48.3119,0.0,icmp,1593089160,2020-06-25 12:46:00+00:00
260758065,jinan-telecom,wuhan-telecom,47.9287,0.0,icmp,1593089280,2020-06-25 12:48:00+00:00
260758303,jinan-telecom,wuhan-telecom,48.716,0.0,icmp,1593089400,2020-06-25 12:50:00+00:00
260758513,jinan-telecom,wuhan-telecom,45.6161,0.0,icmp,1593089520,2020-06-25 12:52:00+00:00
260758752,jinan-telecom,wuhan-telecom,47.7288,0.0,icmp,1593089640,2020-06-25 12:54:00+00:00
260758965,jinan-telecom,wuhan-telecom,39.5325,0.0,icmp,1593089719,2020-06-25 12:55:19+00:00
260759213,jinan-telecom,wuhan-telecom,46.2488,0.0,icmp,1593089880,2020-06-25 12:58:00+00:00
260759428,jinan-telecom,wuhan-telecom,46.0954,0.0,icmp,1593090000,2020-06-25 13:00:00+00:00
260759678,jinan-telecom,wuhan-telecom,46.9233,0.0,icmp,1593090120,2020-06-25 13:02:00+00:00
260759866,jinan-telecom,wuhan-telecom,46.5968,0.0,icmp,1593090240,2020-06-25 13:04:00+00:00
260760109,jinan-telecom,wuhan-telecom,46.9603,0.0,icmp,1593090360,2020-06-25 13:06:00+00:00
260760326,jinan-telecom,wuhan-telecom,46.6207,0.0,icmp,1593090480,2020-06-25 13:08:00+00:00
260760547,jinan-telecom,wuhan-telecom,47.5434,0.0,icmp,1593090600,2020-06-25 13:10:00+00:00
260760775,jinan-telecom,wuhan-telecom,47.5277,0.0,icmp,1593090720,2020-06-25 13:12:00+00:00
260760989,jinan-telecom,wuhan-telecom,39.9114,0.0,icmp,1593090799,2020-06-25 13:13:19+00:00
260761212,jinan-telecom,wuhan-telecom,49.3054,0.0,icmp,1593090960,2020-06-25 13:16:00+00:00
260761439,jinan-telecom,wuhan-telecom,48.4986,0.0,icmp,1593091080,2020-06-25 13:18:00+00:00
260761666,jinan-telecom,wuhan-telecom,39.4053,0.0,icmp,1593091159,2020-06-25 13:19:19+00:00
260761881,jinan-telecom,wuhan-telecom,49.519,0.0,icmp,1593091320,2020-06-25 13:22:00+00:00
260762127,jinan-telecom,wuhan-telecom,47.1519,0.0,icmp,1593091440,2020-06-25 13:24:00+00:00
260762352,jinan-telecom,wuhan-telecom,48.8985,0.0,icmp,1593091560,2020-06-25 13:26:00+00:00
260762573,jinan-telecom,wuhan-telecom,39.6137,0.0,icmp,1593091699,2020-06-25 13:28:19+00:00
260762787,jinan-telecom,wuhan-telecom,46.3652,0.0,icmp,1593091800,2020-06-25 13:30:00+00:00
260763031,jinan-telecom,wuhan-telecom,39.4268,0.0,icmp,1593091939,2020-06-25 13:32:19+00:00
260763251,jinan-telecom,wuhan-telecom,41.2498,0.0,icmp,1593092040,2020-06-25 13:34:00+00:00
260763474,jinan-telecom,wuhan-telecom,47.0385,0.0,icmp,1593092160,2020-06-25 13:36:00+00:00
260763717,jinan-telecom,wuhan-telecom,39.3922,0.0,icmp,1593092239,2020-06-25 13:37:19+00:00
260763905,jinan-telecom,wuhan-telecom,39.3944,0.0,icmp,1593092359,2020-06-25 13:39:19+00:00
260764125,jinan-telecom,wuhan-telecom,49.712,0.0,icmp,1593092520,2020-06-25 13:42:00+00:00
260764356,jinan-telecom,wuhan-telecom,47.8429,0.0,icmp,1593092640,2020-06-25 13:44:00+00:00
260764593,jinan-telecom,wuhan-telecom,50.0639,0.0,icmp,1593092760,2020-06-25 13:46:00+00:00
260764839,jinan-telecom,wuhan-telecom,42.7357,0.0,icmp,1593092880,2020-06-25 13:48:00+00:00
260765046,jinan-telecom,wuhan-telecom,48.314,0.0,icmp,1593093000,2020-06-25 13:50:00+00:00
260765270,jinan-telecom,wuhan-telecom,46.7934,0.0,icmp,1593093120,2020-06-25 13:52:00+00:00
260765514,jinan-telecom,wuhan-telecom,43.1021,0.0,icmp,1593093240,2020-06-25 13:54:00+00:00
260765691,jinan-telecom,wuhan-telecom,43.1175,0.0,icmp,1593093360,2020-06-25 13:56:00+00:00
260765953,jinan-telecom,wuhan-telecom,39.6437,0.0,icmp,1593093499,2020-06-25 13:58:19+00:00
260766171,jinan-telecom,wuhan-telecom,50.1501,0.0,icmp,1593093600,2020-06-25 14:00:00+00:00
260766403,jinan-telecom,wuhan-telecom,39.3291,0.0,icmp,1593093739,2020-06-25 14:02:19+00:00
260766617,jinan-telecom,wuhan-telecom,39.4984,0.0,icmp,1593093859,2020-06-25 14:04:19+00:00
260766866,jinan-telecom,wuhan-telecom,45.9846,0.0,icmp,1593093960,2020-06-25 14:06:00+00:00
260767087,jinan-telecom,wuhan-telecom,49.7652,0.0,icmp,1593094080,2020-06-25 14:08:00+00:00
260767300,jinan-telecom,wuhan-telecom,50.3327,0.0,icmp,1593094200,2020-06-25 14:10:00+00:00
260767546,jinan-telecom,wuhan-telecom,47.1127,0.0,icmp,1593094324,2020-06-25 14:12:04+00:00
260767745,jinan-telecom,wuhan-telecom,48.3208,0.0,icmp,1593094440,2020-06-25 14:14:00+00:00
260767967,jinan-telecom,wuhan-telecom,42.3661,0.0,icmp,1593094560,2020-06-25 14:16:00+00:00
260768193,jinan-telecom,wuhan-telecom,46.8164,0.0,icmp,1593094680,2020-06-25 14:18:00+00:00
260768431,jinan-telecom,wuhan-telecom,39.413,0.0,icmp,1593094759,2020-06-25 14:19:19+00:00
260768647,jinan-telecom,wuhan-telecom,48.7103,0.0,icmp,1593094920,2020-06-25 14:22:00+00:00
260768871,jinan-telecom,wuhan-telecom,47.9736,0.0,icmp,1593095040,2020-06-25 14:24:00+00:00
260769101,jinan-telecom,wuhan-telecom,41.5792,0.0,icmp,1593095160,2020-06-25 14:26:00+00:00
260769327,jinan-telecom,wuhan-telecom,45.1916,0.0,icmp,1593095280,2020-06-25 14:28:00+00:00
260769570,jinan-telecom,wuhan-telecom,50.6523,0.0,icmp,1593095400,2020-06-25 14:30:00+00:00
260769792,jinan-telecom,wuhan-telecom,48.9339,0.0,icmp,1593095520,2020-06-25 14:32:00+00:00
260770000,jinan-telecom,wuhan-telecom,39.3734,0.0,icmp,1593095659,2020-06-25 14:34:19+00:00
260770235,jinan-telecom,wuhan-telecom,47.4751,0.0,icmp,1593095760,2020-06-25 14:36:00+00:00
260770456,jinan-telecom,wuhan-telecom,39.4335,0.0,icmp,1593095899,2020-06-25 14:38:19+00:00
260770698,jinan-telecom,wuhan-telecom,46.2321,0.0,icmp,1593096000,2020-06-25 14:40:00+00:00
260770914,jinan-telecom,wuhan-telecom,41.9816,0.0,icmp,1593096120,2020-06-25 14:42:00+00:00
260771115,jinan-telecom,wuhan-telecom,50.3156,0.0,icmp,1593096240,2020-06-25 14:44:00+00:00
260771325,jinan-telecom,wuhan-telecom,39.5104,0.0,icmp,1593096319,2020-06-25 14:45:19+00:00
260771582,jinan-telecom,wuhan-telecom,46.8226,0.0,icmp,1593096480,2020-06-25 14:48:00+00:00
260771790,jinan-telecom,wuhan-telecom,43.5038,0.0,icmp,1593096600,2020-06-25 14:50:00+00:00
260772018,jinan-telecom,wuhan-telecom,46.1976,0.0,icmp,1593096720,2020-06-25 14:52:00+00:00
260772241,jinan-telecom,wuhan-telecom,39.3512,0.0,icmp,1593096799,2020-06-25 14:53:19+00:00
260772476,jinan-telecom,wuhan-telecom,46.5362,0.0,icmp,1593096960,2020-06-25 14:56:00+00:00
260772709,jinan-telecom,wuhan-telecom,48.4604,0.0,icmp,1593097080,2020-06-25 14:58:00+00:00
260772926,jinan-telecom,wuhan-telecom,49.2232,0.0,icmp,1593097200,2020-06-25 15:00:00+00:00
260773164,jinan-telecom,wuhan-telecom,48.8892,0.0,icmp,1593097320,2020-06-25 15:02:00+00:00
260773368,jinan-telecom,wuhan-telecom,45.6921,0.0,icmp,1593097440,2020-06-25 15:04:00+00:00
260773602,jinan-telecom,wuhan-telecom,45.8047,0.0,icmp,1593097560,2020-06-25 15:06:00+00:00
260773816,jinan-telecom,wuhan-telecom,39.3624,0.0,icmp,1593097639,2020-06-25 15:07:19+00:00
260774065,jinan-telecom,wuhan-telecom,47.7572,0.0,icmp,1593097800,2020-06-25 15:10:00+00:00
260774280,jinan-telecom,wuhan-telecom,49.001,0.0,icmp,1593097920,2020-06-25 15:12:00+00:00
260774520,jinan-telecom,wuhan-telecom,45.8222,0.0,icmp,1593098040,2020-06-25 15:14:00+00:00
260774735,jinan-telecom,wuhan-telecom,49.6158,0.0,icmp,1593098160,2020-06-25 15:16:00+00:00
260774938,jinan-telecom,wuhan-telecom,48.6686,0.0,icmp,1593098280,2020-06-25 15:18:00+00:00
260775177,jinan-telecom,wuhan-telecom,46.4898,0.0,icmp,1593098400,2020-06-25 15:20:00+00:00
260775415,jinan-telecom,wuhan-telecom,47.6673,0.0,icmp,1593098520,2020-06-25 15:22:00+00:00
260775618,jinan-telecom,wuhan-telecom,40.0377,0.0,icmp,1593098644,2020-06-25 15:24:04+00:00
260775847,jinan-telecom,wuhan-telecom,47.7667,0.0,icmp,1593098760,2020-06-25 15:26:00+00:00
260776048,jinan-telecom,wuhan-telecom,48.0499,0.0,icmp,1593098880,2020-06-25 15:28:00+00:00
260776313,jinan-telecom,wuhan-telecom,39.3254,0.0,icmp,1593099019,2020-06-25 15:30:19+00:00
260776520,jinan-telecom,wuhan-telecom,47.1031,0.0,icmp,1593099120,2020-06-25 15:32:00+00:00
260776753,jinan-telecom,wuhan-telecom,46.6047,0.0,icmp,1593099240,2020-06-25 15:34:00+00:00
260776931,jinan-telecom,wuhan-telecom,46.3608,0.0,icmp,1593099360,2020-06-25 15:36:00+00:00
260777196,jinan-telecom,wuhan-telecom,48.7805,0.0,icmp,1593099480,2020-06-25 15:38:00+00:00
260777417,jinan-telecom,wuhan-telecom,46.087,0.0,icmp,1593099600,2020-06-25 15:40:00+00:00
260777663,jinan-telecom,wuhan-telecom,47.766,0.0,icmp,1593099720,2020-06-25 15:42:00+00:00
260777844,jinan-telecom,wuhan-telecom,39.3793,0.0,icmp,1593099799,2020-06-25 15:43:19+00:00
260778090,jinan-telecom,wuhan-telecom,48.0743,0.0,icmp,1593099960,2020-06-25 15:46:00+00:00
260778319,jinan-telecom,wuhan-telecom,39.4816,0.0,icmp,1593100024,2020-06-25 15:47:04+00:00
260778568,jinan-telecom,wuhan-telecom,49.7033,0.0,icmp,1593100200,2020-06-25 15:50:00+00:00
260778773,jinan-telecom,wuhan-telecom,47.4096,0.0,icmp,1593100320,2020-06-25 15:52:00+00:00
260779008,jinan-telecom,wuhan-telecom,46.7325,0.0,icmp,1593100440,2020-06-25 15:54:00+00:00
260779227,jinan-telecom,wuhan-telecom,39.4047,0.0,icmp,1593100579,2020-06-25 15:56:19+00:00
260779441,jinan-telecom,wuhan-telecom,46.3992,0.0,icmp,1593100680,2020-06-25 15:58:00+00:00
260779646,jinan-telecom,wuhan-telecom,39.8258,0.0,icmp,1593100819,2020-06-25 16:00:19+00:00
260779894,jinan-telecom,wuhan-telecom,44.7066,0.0,icmp,1593100920,2020-06-25 16:02:00+00:00
260780129,jinan-telecom,wuhan-telecom,49.4133,0.0,icmp,1593101040,2020-06-25 16:04:00+00:00
260780342,jinan-telecom,wuhan-telecom,48.4438,0.0,icmp,1593101160,2020-06-25 16:06:00+00:00
260780564,jinan-telecom,wuhan-telecom,44.0088,0.0,icmp,1593101280,2020-06-25 16:08:00+00:00
260780787,jinan-telecom,wuhan-telecom,47.4897,0.0,icmp,1593101400,2020-06-25 16:10:00+00:00
260781013,jinan-telecom,wuhan-telecom,39.3181,0.0,icmp,1593101539,2020-06-25 16:12:19+00:00
260781242,jinan-telecom,wuhan-telecom,46.2752,0.0,icmp,1593101640,2020-06-25 16:14:00+00:00
260781480,jinan-telecom,wuhan-telecom,48.1642,0.0,icmp,1593101760,2020-06-25 16:16:00+00:00
260781691,jinan-telecom,wuhan-telecom,44.0817,0.0,icmp,1593101880,2020-06-25 16:18:00+00:00
260781918,jinan-telecom,wuhan-telecom,43.4463,0.0,icmp,1593102000,2020-06-25 16:20:00+00:00
260782200,jinan-telecom,wuhan-telecom,47.4613,0.0,icmp,1593102120,2020-06-25 16:22:00+00:00
260782404,jinan-telecom,wuhan-telecom,39.5116,0.0,icmp,1593102259,2020-06-25 16:24:19+00:00
260782592,jinan-telecom,wuhan-telecom,47.8556,0.0,icmp,1593102360,2020-06-25 16:26:00+00:00
260782825,jinan-telecom,wuhan-telecom,39.5154,0.0,icmp,1593102424,2020-06-25 16:27:04+00:00
260783027,jinan-telecom,wuhan-telecom,49.1358,0.0,icmp,1593102600,2020-06-25 16:30:00+00:00
260783324,jinan-telecom,wuhan-telecom,39.3051,0.0,icmp,1593102679,2020-06-25 16:31:19+00:00
260783513,jinan-telecom,wuhan-telecom,39.4226,0.0,icmp,1593102859,2020-06-25 16:34:19+00:00
260783711,jinan-telecom,wuhan-telecom,45.5825,0.0,icmp,1593102960,2020-06-25 16:36:00+00:00
260783965,jinan-telecom,wuhan-telecom,48.8813,0.0,icmp,1593103080,2020-06-25 16:38:00+00:00
260784174,jinan-telecom,wuhan-telecom,46.4536,0.0,icmp,1593103200,2020-06-25 16:40:00+00:00
260784401,jinan-telecom,wuhan-telecom,39.3178,0.0,icmp,1593103339,2020-06-25 16:42:19+00:00
260784622,jinan-telecom,wuhan-telecom,47.0043,0.0,icmp,1593103440,2020-06-25 16:44:00+00:00
260784837,jinan-telecom,wuhan-telecom,39.7642,0.0,icmp,1593103560,2020-06-25 16:46:00+00:00
260785078,jinan-telecom,wuhan-telecom,39.6633,0.0,icmp,1593103639,2020-06-25 16:47:19+00:00
260785291,jinan-telecom,wuhan-telecom,45.972,0.0,icmp,1593103800,2020-06-25 16:50:00+00:00
260785543,jinan-telecom,wuhan-telecom,47.8821,0.0,icmp,1593103920,2020-06-25 16:52:00+00:00
260785752,jinan-telecom,wuhan-telecom,46.3823,0.0,icmp,1593104040,2020-06-25 16:54:00+00:00
260785991,jinan-telecom,wuhan-telecom,49.3687,0.0,icmp,1593104160,2020-06-25 16:56:00+00:00
260786209,jinan-telecom,wuhan-telecom,39.4359,0.0,icmp,1593104299,2020-06-25 16:58:19+00:00
260786423,jinan-telecom,wuhan-telecom,44.6447,0.0,icmp,1593104400,2020-06-25 17:00:00+00:00
260786652,jinan-telecom,wuhan-telecom,45.4038,0.0,icmp,1593104520,2020-06-25 17:02:00+00:00
260786863,jinan-telecom,wuhan-telecom,39.5109,0.0,icmp,1593104599,2020-06-25 17:03:19+00:00
260787095,jinan-telecom,wuhan-telecom,46.7754,0.0,icmp,1593104760,2020-06-25 17:06:00+00:00
260787315,jinan-telecom,wuhan-telecom,47.1868,0.0,icmp,1593104880,2020-06-25 17:08:00+00:00
260787556,jinan-telecom,wuhan-telecom,39.3788,0.0,icmp,1593104959,2020-06-25 17:09:19+00:00
260787768,jinan-telecom,wuhan-telecom,46.5567,0.0,icmp,1593105120,2020-06-25 17:12:00+00:00
260788002,jinan-telecom,wuhan-telecom,48.338,0.0,icmp,1593105240,2020-06-25 17:14:00+00:00
260788215,jinan-telecom,wuhan-telecom,45.0396,0.0,icmp,1593105360,2020-06-25 17:16:00+00:00
260788436,jinan-telecom,wuhan-telecom,46.6101,0.0,icmp,1593105480,2020-06-25 17:18:00+00:00
260788664,jinan-telecom,wuhan-telecom,47.7014,0.0,icmp,1593105600,2020-06-25 17:20:00+00:00
260788894,jinan-telecom,wuhan-telecom,48.1476,0.0,icmp,1593105720,2020-06-25 17:22:00+00:00
260789121,jinan-telecom,wuhan-telecom,47.8117,0.0,icmp,1593105840,2020-06-25 17:24:00+00:00
260789330,jinan-telecom,wuhan-telecom,46.8751,0.0,icmp,1593105960,2020-06-25 17:26:00+00:00
260789553,jinan-telecom,wuhan-telecom,43.8745,0.0,icmp,1593106080,2020-06-25 17:28:00+00:00
260789792,jinan-telecom,wuhan-telecom,39.3836,0.0,icmp,1593106219,2020-06-25 17:30:19+00:00
260790017,jinan-telecom,wuhan-telecom,47.2008,0.0,icmp,1593106320,2020-06-25 17:32:00+00:00
260790239,jinan-telecom,wuhan-telecom,46.3734,0.0,icmp,1593106440,2020-06-25 17:34:00+00:00
260790477,jinan-telecom,wuhan-telecom,39.3239,0.0,icmp,1593106579,2020-06-25 17:36:19+00:00
260790698,jinan-telecom,wuhan-telecom,47.0848,0.0,icmp,1593106680,2020-06-25 17:38:00+00:00
260790916,jinan-telecom,wuhan-telecom,47.2291,0.0,icmp,1593106800,2020-06-25 17:40:00+00:00
260791162,jinan-telecom,wuhan-telecom,49.0667,0.0,icmp,1593106920,2020-06-25 17:42:00+00:00
260791367,jinan-telecom,wuhan-telecom,45.8327,0.0,icmp,1593107040,2020-06-25 17:44:00+00:00
260791592,jinan-telecom,wuhan-telecom,39.6439,0.0,icmp,1593107179,2020-06-25 17:46:19+00:00
260791828,jinan-telecom,wuhan-telecom,43.2186,0.0,icmp,1593107280,2020-06-25 17:48:00+00:00
260792036,jinan-telecom,wuhan-telecom,48.3141,0.0,icmp,1593107400,2020-06-25 17:50:00+00:00
260792273,jinan-telecom,wuhan-telecom,47.7498,0.0,icmp,1593107520,2020-06-25 17:52:00+00:00
260792494,jinan-telecom,wuhan-telecom,39.6505,0.0,icmp,1593107659,2020-06-25 17:54:19+00:00
260792730,jinan-telecom,wuhan-telecom,45.8123,0.0,icmp,1593107760,2020-06-25 17:56:00+00:00
260792964,jinan-telecom,wuhan-telecom,47.9156,0.0,icmp,1593107880,2020-06-25 17:58:00+00:00
260793176,jinan-telecom,wuhan-telecom,45.253,0.0,icmp,1593108000,2020-06-25 18:00:00+00:00
260793386,jinan-telecom,wuhan-telecom,45.6493,0.0,icmp,1593108120,2020-06-25 18:02:00+00:00
260793632,jinan-telecom,wuhan-telecom,39.4524,0.0,icmp,1593108259,2020-06-25 18:04:19+00:00
260793848,jinan-telecom,wuhan-telecom,47.2123,0.0,icmp,1593108360,2020-06-25 18:06:00+00:00
260794081,jinan-telecom,wuhan-telecom,39.5474,0.0,icmp,1593108439,2020-06-25 18:07:19+00:00
260794302,jinan-telecom,wuhan-telecom,45.7215,0.0,icmp,1593108600,2020-06-25 18:10:00+00:00
260794504,jinan-telecom,wuhan-telecom,46.277,0.0,icmp,1593108720,2020-06-25 18:12:00+00:00
263495004,jinan-telecom,wuhan-telecom,46.1116,0.0,icmp,1593360420,2020-06-28 16:07:00+00:00
263495221,jinan-telecom,wuhan-telecom,39.3684,0.0,icmp,1593360499,2020-06-28 16:08:19+00:00
263495423,jinan-telecom,wuhan-telecom,45.7034,0.0,icmp,1593360660,2020-06-28 16:11:00+00:00
263495650,jinan-telecom,wuhan-telecom,45.6207,0.0,icmp,1593360780,2020-06-28 16:13:00+00:00
263495859,jinan-telecom,wuhan-telecom,39.4888,0.0,icmp,1593360859,2020-06-28 16:14:19+00:00
263496075,jinan-telecom,wuhan-telecom,43.317,0.0,icmp,1593361020,2020-06-28 16:17:00+00:00
263496288,jinan-telecom,wuhan-telecom,39.4608,0.0,icmp,1593361090,2020-06-28 16:18:10+00:00
263496526,jinan-telecom,wuhan-telecom,39.3839,0.0,icmp,1593361219,2020-06-28 16:20:19+00:00
263496725,jinan-telecom,wuhan-telecom,48.2084,0.0,icmp,1593361380,2020-06-28 16:23:00+00:00
263496954,jinan-telecom,wuhan-telecom,41.0454,0.0,icmp,1593361500,2020-06-28 16:25:00+00:00
263497163,jinan-telecom,wuhan-telecom,51.6041,0.0,icmp,1593361620,2020-06-28 16:27:00+00:00
263497381,jinan-telecom,wuhan-telecom,46.6118,0.0,icmp,1593361740,2020-06-28 16:29:00+00:00
263497604,jinan-telecom,wuhan-telecom,46.9827,0.0,icmp,1593361860,2020-06-28 16:31:00+00:00
263497795,jinan-telecom,wuhan-telecom,48.7282,0.0,icmp,1593361980,2020-06-28 16:33:00+00:00
263498038,jinan-telecom,wuhan-telecom,47.9404,0.0,icmp,1593362100,2020-06-28 16:35:00+00:00
263498245,jinan-telecom,wuhan-telecom,45.3512,0.0,icmp,1593362220,2020-06-28 16:37:00+00:00
263498430,jinan-telecom,wuhan-telecom,44.1753,0.0,icmp,1593362340,2020-06-28 16:39:00+00:00
263498708,jinan-telecom,wuhan-telecom,46.141,0.0,icmp,1593362460,2020-06-28 16:41:00+00:00
263498859,jinan-telecom,wuhan-telecom,39.3329,0.0,icmp,1593362599,2020-06-28 16:43:19+00:00
263499084,jinan-telecom,wuhan-telecom,43.6299,0.0,icmp,1593362700,2020-06-28 16:45:00+00:00
263499304,jinan-telecom,wuhan-telecom,45.8964,0.0,icmp,1593362820,2020-06-28 16:47:00+00:00
263499503,jinan-telecom,wuhan-telecom,39.3636,0.0,icmp,1593362899,2020-06-28 16:48:19+00:00
263499728,jinan-telecom,wuhan-telecom,47.725,0.0,icmp,1593363060,2020-06-28 16:51:00+00:00
263499948,jinan-telecom,wuhan-telecom,39.3697,0.0,icmp,1593363139,2020-06-28 16:52:19+00:00
263500198,jinan-telecom,wuhan-telecom,42.3573,0.0,icmp,1593363300,2020-06-28 16:55:00+00:00
263500355,jinan-telecom,wuhan-telecom,39.3627,0.0,icmp,1593363379,2020-06-28 16:56:19+00:00
263500555,jinan-telecom,wuhan-telecom,39.5399,0.0,icmp,1593363559,2020-06-28 16:59:19+00:00
263500785,jinan-telecom,wuhan-telecom,45.8536,0.0,icmp,1593363660,2020-06-28 17:01:00+00:00
263500993,jinan-telecom,wuhan-telecom,41.848,0.0,icmp,1593363780,2020-06-28 17:03:00+00:00
263501214,jinan-telecom,wuhan-telecom,47.9105,0.0,icmp,1593363900,2020-06-28 17:05:00+00:00
263501416,jinan-telecom,wuhan-telecom,45.0668,0.0,icmp,1593364020,2020-06-28 17:07:00+00:00
263501642,jinan-telecom,wuhan-telecom,45.2903,0.0,icmp,1593364140,2020-06-28 17:09:00+00:00
263501851,jinan-telecom,wuhan-telecom,48.2175,0.0,icmp,1593364260,2020-06-28 17:11:00+00:00
263502062,jinan-telecom,wuhan-telecom,46.4371,0.0,icmp,1593364380,2020-06-28 17:13:00+00:00
263502270,jinan-telecom,wuhan-telecom,45.1327,0.0,icmp,1593364500,2020-06-28 17:15:00+00:00
263502509,jinan-telecom,wuhan-telecom,49.3062,0.0,icmp,1593364620,2020-06-28 17:17:00+00:00
263502695,jinan-telecom,wuhan-telecom,39.416,0.0,icmp,1593364699,2020-06-28 17:18:19+00:00
263502916,jinan-telecom,wuhan-telecom,45.2805,0.0,icmp,1593364860,2020-06-28 17:21:00+00:00
263503133,jinan-telecom,wuhan-telecom,39.3254,0.0,icmp,1593364939,2020-06-28 17:22:19+00:00
263503331,jinan-telecom,wuhan-telecom,39.458,0.0,icmp,1593365119,2020-06-28 17:25:19+00:00
263503584,jinan-telecom,wuhan-telecom,45.3333,0.0,icmp,1593365220,2020-06-28 17:27:00+00:00
263503774,jinan-telecom,wuhan-telecom,44.5369,0.0,icmp,1593365340,2020-06-28 17:29:00+00:00
263504006,jinan-telecom,wuhan-telecom,39.4227,0.0,icmp,1593365419,2020-06-28 17:30:19+00:00
263504197,jinan-telecom,wuhan-telecom,39.3538,0.0,icmp,1593365539,2020-06-28 17:32:19+00:00
263504399,jinan-telecom,wuhan-telecom,39.4426,0.0,icmp,1593365659,2020-06-28 17:34:19+00:00
263504623,jinan-telecom,wuhan-telecom,45.8469,0.0,icmp,1593365820,2020-06-28 17:37:00+00:00
263504841,jinan-telecom,wuhan-telecom,46.4687,0.0,icmp,1593365940,2020-06-28 17:39:00+00:00
263505100,jinan-telecom,wuhan-telecom,44.411,0.0,icmp,1593366060,2020-06-28 17:41:00+00:00
263505275,jinan-telecom,wuhan-telecom,39.3036,0.0,icmp,1593366139,2020-06-28 17:42:19+00:00
263505457,jinan-telecom,wuhan-telecom,44.6227,0.0,icmp,1593366300,2020-06-28 17:45:00+00:00
263505703,jinan-telecom,wuhan-telecom,39.3725,0.0,icmp,1593366439,2020-06-28 17:47:19+00:00
263505895,jinan-telecom,wuhan-telecom,45.2888,0.0,icmp,1593366540,2020-06-28 17:49:00+00:00
263506119,jinan-telecom,wuhan-telecom,46.4537,0.0,icmp,1593366660,2020-06-28 17:51:00+00:00
263506331,jinan-telecom,wuhan-telecom,40.7145,0.0,icmp,1593366780,2020-06-28 17:53:00+00:00
263506532,jinan-telecom,wuhan-telecom,46.1894,0.0,icmp,1593366900,2020-06-28 17:55:00+00:00
263506770,jinan-telecom,wuhan-telecom,47.37,0.0,icmp,1593367020,2020-06-28 17:57:00+00:00
263506978,jinan-telecom,wuhan-telecom,45.3811,0.0,icmp,1593367140,2020-06-28 17:59:00+00:00
263507238,jinan-telecom,wuhan-telecom,48.923,0.0,icmp,1593367260,2020-06-28 18:01:00+00:00
263507442,jinan-telecom,wuhan-telecom,39.3576,0.0,icmp,1593367339,2020-06-28 18:02:19+00:00
263507650,jinan-telecom,wuhan-telecom,47.39,0.0,icmp,1593367500,2020-06-28 18:05:00+00:00
263507877,jinan-telecom,wuhan-telecom,47.0515,0.0,icmp,1593367620,2020-06-28 18:07:00+00:00
263508094,jinan-telecom,wuhan-telecom,48.5366,0.0,icmp,1593367740,2020-06-28 18:09:00+00:00
263508321,jinan-telecom,wuhan-telecom,46.2572,0.0,icmp,1593367860,2020-06-28 18:11:00+00:00
263508551,jinan-telecom,wuhan-telecom,45.2989,0.0,icmp,1593367980,2020-06-28 18:13:00+00:00
263508784,jinan-telecom,wuhan-telecom,47.3553,0.0,icmp,1593368100,2020-06-28 18:15:00+00:00
263509006,jinan-telecom,wuhan-telecom,39.4943,0.0,icmp,1593368239,2020-06-28 18:17:19+00:00
263509232,jinan-telecom,wuhan-telecom,46.822,0.0,icmp,1593368340,2020-06-28 18:19:00+00:00
263509439,jinan-telecom,wuhan-telecom,39.4013,0.0,icmp,1593368479,2020-06-28 18:21:19+00:00
263509668,jinan-telecom,wuhan-telecom,39.3127,0.0,icmp,1593368599,2020-06-28 18:23:19+00:00
263509888,jinan-telecom,wuhan-telecom,46.2258,0.0,icmp,1593368700,2020-06-28 18:25:00+00:00
263510104,jinan-telecom,wuhan-telecom,39.4702,0.0,icmp,1593368824,2020-06-28 18:27:04+00:00
263510329,jinan-telecom,wuhan-telecom,46.5408,0.0,icmp,1593368940,2020-06-28 18:29:00+00:00
263510561,jinan-telecom,wuhan-telecom,39.4546,0.0,icmp,1593369079,2020-06-28 18:31:19+00:00
263510834,jinan-telecom,wuhan-telecom,45.2458,0.0,icmp,1593369180,2020-06-28 18:33:00+00:00
263511004,jinan-telecom,wuhan-telecom,48.2925,0.0,icmp,1593369300,2020-06-28 18:35:00+00:00
263511251,jinan-telecom,wuhan-telecom,45.1706,0.0,icmp,1593369420,2020-06-28 18:37:00+00:00
263511455,jinan-telecom,wuhan-telecom,39.4376,0.0,icmp,1593369499,2020-06-28 18:38:19+00:00
263511697,jinan-telecom,wuhan-telecom,48.6641,0.0,icmp,1593369660,2020-06-28 18:41:00+00:00
263511898,jinan-telecom,wuhan-telecom,39.4264,0.0,icmp,1593369739,2020-06-28 18:42:19+00:00
263512158,jinan-telecom,wuhan-telecom,43.9468,0.0,icmp,1593369900,2020-06-28 18:45:00+00:00
263512325,jinan-telecom,wuhan-telecom,44.3631,0.0,icmp,1593370020,2020-06-28 18:47:00+00:00
263512592,jinan-telecom,wuhan-telecom,46.6,0.0,icmp,1593370140,2020-06-28 18:49:00+00:00
263512807,jinan-telecom,wuhan-telecom,47.4922,0.0,icmp,1593370260,2020-06-28 18:51:00+00:00
263513011,jinan-telecom,wuhan-telecom,46.6775,0.0,icmp,1593370380,2020-06-28 18:53:00+00:00
263513238,jinan-telecom,wuhan-telecom,42.9322,0.0,icmp,1593370500,2020-06-28 18:55:00+00:00
263513478,jinan-telecom,wuhan-telecom,39.5162,0.0,icmp,1593370639,2020-06-28 18:57:19+00:00
263513679,jinan-telecom,wuhan-telecom,48.4117,0.0,icmp,1593370740,2020-06-28 18:59:00+00:00
263513888,jinan-telecom,wuhan-telecom,46.4583,0.0,icmp,1593370860,2020-06-28 19:01:00+00:00
263514118,jinan-telecom,wuhan-telecom,45.9062,0.0,icmp,1593370980,2020-06-28 19:03:00+00:00
263514337,jinan-telecom,wuhan-telecom,47.6784,0.0,icmp,1593371100,2020-06-28 19:05:00+00:00
263514555,jinan-telecom,wuhan-telecom,45.4621,0.0,icmp,1593371220,2020-06-28 19:07:00+00:00
263514778,jinan-telecom,wuhan-telecom,46.5722,0.0,icmp,1593371340,2020-06-28 19:09:00+00:00
263515024,jinan-telecom,wuhan-telecom,42.8437,0.0,icmp,1593371460,2020-06-28 19:11:00+00:00
263515230,jinan-telecom,wuhan-telecom,43.506,0.0,icmp,1593371580,2020-06-28 19:13:00+00:00
263515440,jinan-telecom,wuhan-telecom,39.3571,0.0,icmp,1593371719,2020-06-28 19:15:19+00:00
263515688,jinan-telecom,wuhan-telecom,48.1726,0.0,icmp,1593371820,2020-06-28 19:17:00+00:00
263515915,jinan-telecom,wuhan-telecom,45.0098,0.0,icmp,1593371940,2020-06-28 19:19:00+00:00
263516128,jinan-telecom,wuhan-telecom,49.0589,0.0,icmp,1593372060,2020-06-28 19:21:00+00:00
263516356,jinan-telecom,wuhan-telecom,39.534,0.0,icmp,1593372199,2020-06-28 19:23:19+00:00
263516569,jinan-telecom,wuhan-telecom,45.8079,0.0,icmp,1593372300,2020-06-28 19:25:00+00:00
263516813,jinan-telecom,wuhan-telecom,43.9923,0.0,icmp,1593372420,2020-06-28 19:27:00+00:00
263517035,jinan-telecom,wuhan-telecom,47.3212,0.0,icmp,1593372540,2020-06-28 19:29:00+00:00
263517246,jinan-telecom,wuhan-telecom,45.863,0.0,icmp,1593372660,2020-06-28 19:31:00+00:00
263517467,jinan-telecom,wuhan-telecom,39.462,0.0,icmp,1593372739,2020-06-28 19:32:19+00:00
263517680,jinan-telecom,wuhan-telecom,48.5888,0.0,icmp,1593372900,2020-06-28 19:35:00+00:00
263517910,jinan-telecom,wuhan-telecom,45.6999,0.0,icmp,1593373020,2020-06-28 19:37:00+00:00
263518148,jinan-telecom,wuhan-telecom,46.8951,0.0,icmp,1593373140,2020-06-28 19:39:00+00:00
263518372,jinan-telecom,wuhan-telecom,39.3666,0.0,icmp,1593373219,2020-06-28 19:40:19+00:00
263518576,jinan-telecom,wuhan-telecom,47.7318,0.0,icmp,1593373380,2020-06-28 19:43:00+00:00
263518799,jinan-telecom,wuhan-telecom,48.6671,0.0,icmp,1593373500,2020-06-28 19:45:00+00:00
263519025,jinan-telecom,wuhan-telecom,44.5428,0.0,icmp,1593373620,2020-06-28 19:47:00+00:00
263519244,jinan-telecom,wuhan-telecom,39.3688,0.0,icmp,1593373699,2020-06-28 19:48:19+00:00
263519492,jinan-telecom,wuhan-telecom,47.9205,0.0,icmp,1593373860,2020-06-28 19:51:00+00:00
263519687,jinan-telecom,wuhan-telecom,42.1642,0.0,icmp,1593373980,2020-06-28 19:53:00+00:00
263519903,jinan-telecom,wuhan-telecom,45.5333,0.0,icmp,1593374100,2020-06-28 19:55:00+00:00
263520135,jinan-telecom,wuhan-telecom,39.6779,0.0,icmp,1593374179,2020-06-28 19:56:19+00:00
263520354,jinan-telecom,wuhan-telecom,39.4727,0.0,icmp,1593374345,2020-06-28 19:59:05+00:00
263520603,jinan-telecom,wuhan-telecom,48.8729,0.0,icmp,1593374460,2020-06-28 20:01:00+00:00
263520833,jinan-telecom,wuhan-telecom,45.2373,0.0,icmp,1593374580,2020-06-28 20:03:00+00:00
263521068,jinan-telecom,wuhan-telecom,46.2086,0.0,icmp,1593374700,2020-06-28 20:05:00+00:00
263521275,jinan-telecom,wuhan-telecom,39.3696,0.0,icmp,1593374779,2020-06-28 20:06:19+00:00
263521496,jinan-telecom,wuhan-telecom,45.6568,0.0,icmp,1593374940,2020-06-28 20:09:00+00:00
263521700,jinan-telecom,wuhan-telecom,44.2597,0.0,icmp,1593375060,2020-06-28 20:11:00+00:00
263521922,jinan-telecom,wuhan-telecom,46.5613,0.0,icmp,1593375180,2020-06-28 20:13:00+00:00
263522174,jinan-telecom,wuhan-telecom,46.7105,0.0,icmp,1593375300,2020-06-28 20:15:00+00:00
263522404,jinan-telecom,wuhan-telecom,39.8721,0.0,icmp,1593375439,2020-06-28 20:17:19+00:00
263522623,jinan-telecom,wuhan-telecom,39.335,0.0,icmp,1593375559,2020-06-28 20:19:19+00:00
263522834,jinan-telecom,wuhan-telecom,39.344,0.0,icmp,1593375679,2020-06-28 20:21:19+00:00
263523085,jinan-telecom,wuhan-telecom,45.713,0.0,icmp,1593375780,2020-06-28 20:23:00+00:00
263523292,jinan-telecom,wuhan-telecom,46.1212,0.0,icmp,1593375900,2020-06-28 20:25:00+00:00
263523540,jinan-telecom,wuhan-telecom,47.2017,0.0,icmp,1593376020,2020-06-28 20:27:00+00:00
263523739,jinan-telecom,wuhan-telecom,39.6317,0.0,icmp,1593376159,2020-06-28 20:29:19+00:00
263523956,jinan-telecom,wuhan-telecom,45.8718,0.0,icmp,1593376260,2020-06-28 20:31:00+00:00
263524188,jinan-telecom,wuhan-telecom,46.875,0.0,icmp,1593376380,2020-06-28 20:33:00+00:00
263524404,jinan-telecom,wuhan-telecom,39.3543,0.0,icmp,1593376459,2020-06-28 20:34:19+00:00
263524636,jinan-telecom,wuhan-telecom,46.1128,0.0,icmp,1593376620,2020-06-28 20:37:00+00:00
263524868,jinan-telecom,wuhan-telecom,48.3035,0.0,icmp,1593376740,2020-06-28 20:39:00+00:00
263525090,jinan-telecom,wuhan-telecom,39.3407,0.0,icmp,1593376879,2020-06-28 20:41:19+00:00
263525323,jinan-telecom,wuhan-telecom,45.7954,0.0,icmp,1593376980,2020-06-28 20:43:00+00:00
263525525,jinan-telecom,wuhan-telecom,48.192,0.0,icmp,1593377100,2020-06-28 20:45:00+00:00
263525764,jinan-telecom,wuhan-telecom,49.0234,0.0,icmp,1593377220,2020-06-28 20:47:00+00:00
263525999,jinan-telecom,wuhan-telecom,47.0676,0.0,icmp,1593377340,2020-06-28 20:49:00+00:00
263526182,jinan-telecom,wuhan-telecom,47.2465,0.0,icmp,1593377460,2020-06-28 20:51:00+00:00
263526453,jinan-telecom,wuhan-telecom,47.4787,0.0,icmp,1593377580,2020-06-28 20:53:00+00:00
263526682,jinan-telecom,wuhan-telecom,45.1556,0.0,icmp,1593377700,2020-06-28 20:55:00+00:00
263526876,jinan-telecom,wuhan-telecom,39.7865,0.0,icmp,1593377779,2020-06-28 20:56:19+00:00
263527109,jinan-telecom,wuhan-telecom,45.8596,0.0,icmp,1593377940,2020-06-28 20:59:00+00:00
263527332,jinan-telecom,wuhan-telecom,48.2276,0.0,icmp,1593378060,2020-06-28 21:01:00+00:00
263527574,jinan-telecom,wuhan-telecom,46.4448,0.0,icmp,1593378180,2020-06-28 21:03:00+00:00
263527799,jinan-telecom,wuhan-telecom,39.4682,0.0,icmp,1593378259,2020-06-28 21:04:19+00:00
263528029,jinan-telecom,wuhan-telecom,39.325,0.0,icmp,1593378439,2020-06-28 21:07:19+00:00
263528237,jinan-telecom,wuhan-telecom,47.5906,0.0,icmp,1593378540,2020-06-28 21:09:00+00:00
263528460,jinan-telecom,wuhan-telecom,39.5641,0.0,icmp,1593378679,2020-06-28 21:11:19+00:00
263528689,jinan-telecom,wuhan-telecom,44.7616,0.0,icmp,1593378780,2020-06-28 21:13:00+00:00
263528910,jinan-telecom,wuhan-telecom,39.4429,0.0,icmp,1593378919,2020-06-28 21:15:19+00:00
263529137,jinan-telecom,wuhan-telecom,48.6489,0.0,icmp,1593379020,2020-06-28 21:17:00+00:00
263529367,jinan-telecom,wuhan-telecom,46.3186,0.0,icmp,1593379140,2020-06-28 21:19:00+00:00
263529591,jinan-telecom,wuhan-telecom,39.3265,0.0,icmp,1593379279,2020-06-28 21:21:19+00:00
263529830,jinan-telecom,wuhan-telecom,39.6337,0.0,icmp,1593379399,2020-06-28 21:23:19+00:00
263530033,jinan-telecom,wuhan-telecom,39.4389,0.0,icmp,1593379519,2020-06-28 21:25:19+00:00
263530263,jinan-telecom,wuhan-telecom,46.7661,0.0,icmp,1593379620,2020-06-28 21:27:00+00:00
263530499,jinan-telecom,wuhan-telecom,39.4113,0.0,icmp,1593379684,2020-06-28 21:28:04+00:00
263530726,jinan-telecom,wuhan-telecom,46.6922,0.0,icmp,1593379860,2020-06-28 21:31:00+00:00
263530937,jinan-telecom,wuhan-telecom,47.24,0.0,icmp,1593379980,2020-06-28 21:33:00+00:00
263531163,jinan-telecom,wuhan-telecom,46.592,0.0,icmp,1593380100,2020-06-28 21:35:00+00:00
263531380,jinan-telecom,wuhan-telecom,41.9895,0.0,icmp,1593380220,2020-06-28 21:37:00+00:00
263531621,jinan-telecom,wuhan-telecom,47.7856,0.0,icmp,1593380340,2020-06-28 21:39:00+00:00
263531835,jinan-telecom,wuhan-telecom,47.6835,0.0,icmp,1593380460,2020-06-28 21:41:00+00:00
263532076,jinan-telecom,wuhan-telecom,39.3296,0.0,icmp,1593380599,2020-06-28 21:43:19+00:00
263532295,jinan-telecom,wuhan-telecom,46.1518,0.0,icmp,1593380700,2020-06-28 21:45:00+00:00
263532521,jinan-telecom,wuhan-telecom,43.6642,0.0,icmp,1593380820,2020-06-28 21:47:00+00:00
263532743,jinan-telecom,wuhan-telecom,47.2265,0.0,icmp,1593380940,2020-06-28 21:49:00+00:00
263532983,jinan-telecom,wuhan-telecom,46.2661,0.0,icmp,1593381060,2020-06-28 21:51:00+00:00
263533182,jinan-telecom,wuhan-telecom,46.1252,0.0,icmp,1593381180,2020-06-28 21:53:00+00:00
263533422,jinan-telecom,wuhan-telecom,46.3229,0.0,icmp,1593381300,2020-06-28 21:55:00+00:00
263533648,jinan-telecom,wuhan-telecom,39.5014,0.0,icmp,1593381364,2020-06-28 21:56:04+00:00
263533862,jinan-telecom,wuhan-telecom,39.4538,0.0,icmp,1593381499,2020-06-28 21:58:19+00:00
263534077,jinan-telecom,wuhan-telecom,46.8174,0.0,icmp,1593381660,2020-06-28 22:01:00+00:00
263534319,jinan-telecom,wuhan-telecom,47.7365,0.0,icmp,1593381780,2020-06-28 22:03:00+00:00
263534541,jinan-telecom,wuhan-telecom,39.3219,0.0,icmp,1593381859,2020-06-28 22:04:19+00:00
263534764,jinan-telecom,wuhan-telecom,46.7215,0.0,icmp,1593382020,2020-06-28 22:07:00+00:00
263534994,jinan-telecom,wuhan-telecom,48.8431,0.0,icmp,1593382140,2020-06-28 22:09:00+00:00
263535207,jinan-telecom,wuhan-telecom,48.7147,0.0,icmp,1593382260,2020-06-28 22:11:00+00:00
263535436,jinan-telecom,wuhan-telecom,48.8833,0.0,icmp,1593382380,2020-06-28 22:13:00+00:00
263535690,jinan-telecom,wuhan-telecom,48.6433,0.0,icmp,1593382500,2020-06-28 22:15:00+00:00
263535892,jinan-telecom,wuhan-telecom,45.564,0.0,icmp,1593382620,2020-06-28 22:17:00+00:00
263536106,jinan-telecom,wuhan-telecom,39.4269,0.0,icmp,1593382699,2020-06-28 22:18:19+00:00
263536332,jinan-telecom,wuhan-telecom,39.3725,0.0,icmp,1593382819,2020-06-28 22:20:19+00:00
263536556,jinan-telecom,wuhan-telecom,47.0843,0.0,icmp,1593382980,2020-06-28 22:23:00+00:00
263536805,jinan-telecom,wuhan-telecom,49.0966,0.0,icmp,1593383044,2020-06-28 22:24:04+00:00
263537030,jinan-telecom,wuhan-telecom,46.5917,0.0,icmp,1593383220,2020-06-28 22:27:00+00:00
263537274,jinan-telecom,wuhan-telecom,48.1017,0.0,icmp,1593383340,2020-06-28 22:29:00+00:00
263537458,jinan-telecom,wuhan-telecom,46.4735,0.0,icmp,1593383460,2020-06-28 22:31:00+00:00
263537668,jinan-telecom,wuhan-telecom,47.777,0.0,icmp,1593383580,2020-06-28 22:33:00+00:00
263537920,jinan-telecom,wuhan-telecom,49.2114,0.0,icmp,1593383700,2020-06-28 22:35:00+00:00
263538128,jinan-telecom,wuhan-telecom,47.6863,0.0,icmp,1593383820,2020-06-28 22:37:00+00:00
263538366,jinan-telecom,wuhan-telecom,47.2066,0.0,icmp,1593383940,2020-06-28 22:39:00+00:00
263538599,jinan-telecom,wuhan-telecom,45.2367,0.0,icmp,1593384060,2020-06-28 22:41:00+00:00
263538840,jinan-telecom,wuhan-telecom,45.5796,0.0,icmp,1593384180,2020-06-28 22:43:00+00:00
263539028,jinan-telecom,wuhan-telecom,49.5652,0.0,icmp,1593384300,2020-06-28 22:45:00+00:00
263539255,jinan-telecom,wuhan-telecom,46.5056,0.0,icmp,1593384420,2020-06-28 22:47:00+00:00
263539491,jinan-telecom,wuhan-telecom,48.3625,0.0,icmp,1593384540,2020-06-28 22:49:00+00:00
263539704,jinan-telecom,wuhan-telecom,49.7299,0.0,icmp,1593384660,2020-06-28 22:51:00+00:00
263539941,jinan-telecom,wuhan-telecom,40.7097,0.0,icmp,1593384780,2020-06-28 22:53:00+00:00
263540155,jinan-telecom,wuhan-telecom,45.0641,0.0,icmp,1593384900,2020-06-28 22:55:00+00:00
263540390,jinan-telecom,wuhan-telecom,39.3298,0.0,icmp,1593384979,2020-06-28 22:56:19+00:00
263540606,jinan-telecom,wuhan-telecom,48.4014,0.0,icmp,1593385140,2020-06-28 22:59:00+00:00
263540842,jinan-telecom,wuhan-telecom,48.7545,0.0,icmp,1593385260,2020-06-28 23:01:00+00:00
263541090,jinan-telecom,wuhan-telecom,42.84,0.0,icmp,1593385325,2020-06-28 23:02:05+00:00
263541285,jinan-telecom,wuhan-telecom,49.3224,0.0,icmp,1593385500,2020-06-28 23:05:00+00:00
263541508,jinan-telecom,wuhan-telecom,46.2942,0.0,icmp,1593385620,2020-06-28 23:07:00+00:00
263541760,jinan-telecom,wuhan-telecom,46.6662,0.0,icmp,1593385740,2020-06-28 23:09:00+00:00
263541969,jinan-telecom,wuhan-telecom,46.1755,0.0,icmp,1593385860,2020-06-28 23:11:00+00:00
263542183,jinan-telecom,wuhan-telecom,47.9591,0.0,icmp,1593385980,2020-06-28 23:13:00+00:00
263542391,jinan-telecom,wuhan-telecom,39.346,0.0,icmp,1593386059,2020-06-28 23:14:19+00:00
263542616,jinan-telecom,wuhan-telecom,45.5081,0.0,icmp,1593386220,2020-06-28 23:17:00+00:00
263542893,jinan-telecom,wuhan-telecom,45.6759,0.0,icmp,1593386340,2020-06-28 23:19:00+00:00
263543114,jinan-telecom,wuhan-telecom,46.9239,0.0,icmp,1593386460,2020-06-28 23:21:00+00:00
263543315,jinan-telecom,wuhan-telecom,48.0655,0.0,icmp,1593386580,2020-06-28 23:23:00+00:00
263543540,jinan-telecom,wuhan-telecom,48.6781,0.0,icmp,1593386700,2020-06-28 23:25:00+00:00
263543753,jinan-telecom,wuhan-telecom,46.0313,0.0,icmp,1593386820,2020-06-28 23:27:00+00:00
263543961,jinan-telecom,wuhan-telecom,45.6786,0.0,icmp,1593386940,2020-06-28 23:29:00+00:00
263544212,jinan-telecom,wuhan-telecom,46.2145,0.0,icmp,1593387060,2020-06-28 23:31:00+00:00
263544476,jinan-telecom,wuhan-telecom,39.3846,0.0,icmp,1593387139,2020-06-28 23:32:19+00:00
263544682,jinan-telecom,wuhan-telecom,48.7852,0.0,icmp,1593387300,2020-06-28 23:35:00+00:00
263544890,jinan-telecom,wuhan-telecom,47.3472,0.0,icmp,1593387420,2020-06-28 23:37:00+00:00
263545118,jinan-telecom,wuhan-telecom,46.0074,0.0,icmp,1593387540,2020-06-28 23:39:00+00:00
263545339,jinan-telecom,wuhan-telecom,39.3968,0.0,icmp,1593387619,2020-06-28 23:40:19+00:00
263545577,jinan-telecom,wuhan-telecom,39.3177,0.0,icmp,1593387799,2020-06-28 23:43:19+00:00
263545784,jinan-telecom,wuhan-telecom,47.3173,0.0,icmp,1593387900,2020-06-28 23:45:00+00:00
263546038,jinan-telecom,wuhan-telecom,39.457,0.0,icmp,1593387979,2020-06-28 23:46:19+00:00
263546228,jinan-telecom,wuhan-telecom,48.6339,0.0,icmp,1593388140,2020-06-28 23:49:00+00:00
263546475,jinan-telecom,wuhan-telecom,48.0787,0.0,icmp,1593388260,2020-06-28 23:51:00+00:00
263546701,jinan-telecom,wuhan-telecom,47.9056,0.0,icmp,1593388380,2020-06-28 23:53:00+00:00
263546910,jinan-telecom,wuhan-telecom,39.341,0.0,icmp,1593388459,2020-06-28 23:54:19+00:00
263547135,jinan-telecom,wuhan-telecom,39.4244,0.0,icmp,1593388579,2020-06-28 23:56:19+00:00
263547372,jinan-telecom,wuhan-telecom,39.3477,0.0,icmp,1593388759,2020-06-28 23:59:19+00:00
263547578,jinan-telecom,wuhan-telecom,45.0383,0.0,icmp,1593388860,2020-06-29 00:01:00+00:00
263547803,jinan-telecom,wuhan-telecom,46.131,0.0,icmp,1593388980,2020-06-29 00:03:00+00:00
263548044,jinan-telecom,wuhan-telecom,46.0862,0.0,icmp,1593389100,2020-06-29 00:05:00+00:00
263548259,jinan-telecom,wuhan-telecom,45.6263,0.0,icmp,1593389220,2020-06-29 00:07:00+00:00
263548503,jinan-telecom,wuhan-telecom,39.7558,0.0,icmp,1593389285,2020-06-29 00:08:05+00:00
263548696,jinan-telecom,wuhan-telecom,46.7685,0.0,icmp,1593389460,2020-06-29 00:11:00+00:00
263548945,jinan-telecom,wuhan-telecom,47.1606,0.0,icmp,1593389580,2020-06-29 00:13:00+00:00
263549172,jinan-telecom,wuhan-telecom,46.0375,0.0,icmp,1593389700,2020-06-29 00:15:00+00:00
263549397,jinan-telecom,wuhan-telecom,39.3054,0.0,icmp,1593389779,2020-06-29 00:16:19+00:00
263549624,jinan-telecom,wuhan-telecom,46.3692,0.0,icmp,1593389940,2020-06-29 00:19:00+00:00
263549833,jinan-telecom,wuhan-telecom,44.8315,0.0,icmp,1593390060,2020-06-29 00:21:00+00:00
263550041,jinan-telecom,wuhan-telecom,47.4887,0.0,icmp,1593390180,2020-06-29 00:23:00+00:00
263550296,jinan-telecom,wuhan-telecom,46.5651,0.0,icmp,1593390300,2020-06-29 00:25:00+00:00
263550509,jinan-telecom,wuhan-telecom,45.6512,0.0,icmp,1593390420,2020-06-29 00:27:00+00:00
263550730,jinan-telecom,wuhan-telecom,39.5161,0.0,icmp,1593390559,2020-06-29 00:29:19+00:00
263550960,jinan-telecom,wuhan-telecom,42.0147,0.0,icmp,1593390665,2020-06-29 00:31:05+00:00
263551197,jinan-telecom,wuhan-telecom,48.0533,0.0,icmp,1593390780,2020-06-29 00:33:00+00:00
263551420,jinan-telecom,wuhan-telecom,46.8711,0.0,icmp,1593390900,2020-06-29 00:35:00+00:00
263551644,jinan-telecom,wuhan-telecom,39.3541,0.0,icmp,1593391039,2020-06-29 00:37:19+00:00
263551871,jinan-telecom,wuhan-telecom,46.9492,0.0,icmp,1593391140,2020-06-29 00:39:00+00:00
263552090,jinan-telecom,wuhan-telecom,39.3222,0.0,icmp,1593391279,2020-06-29 00:41:19+00:00
263552370,jinan-telecom,wuhan-telecom,39.3093,0.0,icmp,1593391399,2020-06-29 00:43:19+00:00
263552541,jinan-telecom,wuhan-telecom,47.7706,0.0,icmp,1593391500,2020-06-29 00:45:00+00:00
263552772,jinan-telecom,wuhan-telecom,45.5271,0.0,icmp,1593391620,2020-06-29 00:47:00+00:00
263553015,jinan-telecom,wuhan-telecom,44.7383,0.0,icmp,1593391740,2020-06-29 00:49:00+00:00
263553248,jinan-telecom,wuhan-telecom,47.2895,0.0,icmp,1593391860,2020-06-29 00:51:00+00:00
263553436,jinan-telecom,wuhan-telecom,48.3163,0.0,icmp,1593391980,2020-06-29 00:53:00+00:00
263553672,jinan-telecom,wuhan-telecom,41.4718,0.0,icmp,1593392100,2020-06-29 00:55:00+00:00
263553883,jinan-telecom,wuhan-telecom,45.1336,0.0,icmp,1593392220,2020-06-29 00:57:00+00:00
263554117,jinan-telecom,wuhan-telecom,47.2256,0.0,icmp,1593392340,2020-06-29 00:59:00+00:00
263554328,jinan-telecom,wuhan-telecom,45.0191,0.0,icmp,1593392460,2020-06-29 01:01:00+00:00
263554540,jinan-telecom,wuhan-telecom,46.9474,0.0,icmp,1593392580,2020-06-29 01:03:00+00:00
263554796,jinan-telecom,wuhan-telecom,46.2937,0.0,icmp,1593392700,2020-06-29 01:05:00+00:00
263555018,jinan-telecom,wuhan-telecom,39.3724,0.0,icmp,1593392839,2020-06-29 01:07:19+00:00
263555233,jinan-telecom,wuhan-telecom,46.4323,0.0,icmp,1593392940,2020-06-29 01:09:00+00:00
263555473,jinan-telecom,wuhan-telecom,47.5851,0.0,icmp,1593393060,2020-06-29 01:11:00+00:00
263555745,jinan-telecom,wuhan-telecom,47.5073,0.0,icmp,1593393180,2020-06-29 01:13:00+00:00
263555918,jinan-telecom,wuhan-telecom,46.9417,0.0,icmp,1593393300,2020-06-29 01:15:00+00:00
263556131,jinan-telecom,wuhan-telecom,46.4091,0.0,icmp,1593393420,2020-06-29 01:17:00+00:00
263556360,jinan-telecom,wuhan-telecom,46.1957,0.0,icmp,1593393540,2020-06-29 01:19:00+00:00
263556604,jinan-telecom,wuhan-telecom,50.3935,0.0,icmp,1593393660,2020-06-29 01:21:00+00:00
263556823,jinan-telecom,wuhan-telecom,46.9234,0.0,icmp,1593393780,2020-06-29 01:23:00+00:00
263557038,jinan-telecom,wuhan-telecom,46.9529,0.0,icmp,1593393900,2020-06-29 01:25:00+00:00
263557259,jinan-telecom,wuhan-telecom,39.7438,0.0,icmp,1593394039,2020-06-29 01:27:19+00:00
263557493,jinan-telecom,wuhan-telecom,46.4802,0.0,icmp,1593394140,2020-06-29 01:29:00+00:00
263557683,jinan-telecom,wuhan-telecom,46.047,0.0,icmp,1593394260,2020-06-29 01:31:00+00:00
263557938,jinan-telecom,wuhan-telecom,45.9411,0.0,icmp,1593394380,2020-06-29 01:33:00+00:00
263558128,jinan-telecom,wuhan-telecom,47.7003,0.0,icmp,1593394500,2020-06-29 01:35:00+00:00
263558442,jinan-telecom,wuhan-telecom,39.4156,0.0,icmp,1593394624,2020-06-29 01:37:04+00:00
263558628,jinan-telecom,wuhan-telecom,48.1888,0.0,icmp,1593394740,2020-06-29 01:39:00+00:00
263558851,jinan-telecom,wuhan-telecom,39.7332,0.0,icmp,1593394879,2020-06-29 01:41:19+00:00
263559077,jinan-telecom,wuhan-telecom,42.9215,0.0,icmp,1593394980,2020-06-29 01:43:00+00:00
263559277,jinan-telecom,wuhan-telecom,39.3898,0.0,icmp,1593395059,2020-06-29 01:44:19+00:00
263559509,jinan-telecom,wuhan-telecom,44.7866,0.0,icmp,1593395220,2020-06-29 01:47:00+00:00
263559771,jinan-telecom,wuhan-telecom,48.1492,0.0,icmp,1593395340,2020-06-29 01:49:00+00:00
263559953,jinan-telecom,wuhan-telecom,43.1727,0.0,icmp,1593395460,2020-06-29 01:51:00+00:00
263560181,jinan-telecom,wuhan-telecom,39.3483,0.0,icmp,1593395599,2020-06-29 01:53:19+00:00
263560437,jinan-telecom,wuhan-telecom,47.51,0.0,icmp,1593395700,2020-06-29 01:55:00+00:00
263560647,jinan-telecom,wuhan-telecom,45.623,0.0,icmp,1593395820,2020-06-29 01:57:00+00:00
263560880,jinan-telecom,wuhan-telecom,46.25,0.0,icmp,1593395940,2020-06-29 01:59:00+00:00
263561070,jinan-telecom,wuhan-telecom,48.5555,0.0,icmp,1593396060,2020-06-29 02:01:00+00:00
263561323,jinan-telecom,wuhan-telecom,45.8802,0.0,icmp,1593396180,2020-06-29 02:03:00+00:00
263561538,jinan-telecom,wuhan-telecom,47.6267,0.0,icmp,1593396300,2020-06-29 02:05:00+00:00
263561768,jinan-telecom,wuhan-telecom,45.1202,0.0,icmp,1593396420,2020-06-29 02:07:00+00:00
263561984,jinan-telecom,wuhan-telecom,45.4927,0.0,icmp,1593396540,2020-06-29 02:09:00+00:00
263562229,jinan-telecom,wuhan-telecom,48.2255,0.0,icmp,1593396660,2020-06-29 02:11:00+00:00
263562419,jinan-telecom,wuhan-telecom,39.5877,0.0,icmp,1593396799,2020-06-29 02:13:19+00:00
263562642,jinan-telecom,wuhan-telecom,46.442,0.0,icmp,1593396900,2020-06-29 02:15:00+00:00
263562934,jinan-telecom,wuhan-telecom,46.2455,0.0,icmp,1593397020,2020-06-29 02:17:00+00:00
263563111,jinan-telecom,wuhan-telecom,39.5501,0.0,icmp,1593397159,2020-06-29 02:19:19+00:00
263563349,jinan-telecom,wuhan-telecom,47.386,0.0,icmp,1593397260,2020-06-29 02:21:00+00:00
263563565,jinan-telecom,wuhan-telecom,47.5794,0.0,icmp,1593397380,2020-06-29 02:23:00+00:00
263563775,jinan-telecom,wuhan-telecom,49.7014,0.0,icmp,1593397500,2020-06-29 02:25:00+00:00
263564061,jinan-telecom,wuhan-telecom,40.1931,0.0,icmp,1593397620,2020-06-29 02:27:00+00:00
263564228,jinan-telecom,wuhan-telecom,47.2119,0.0,icmp,1593397740,2020-06-29 02:29:00+00:00
263564466,jinan-telecom,wuhan-telecom,47.3771,0.0,icmp,1593397860,2020-06-29 02:31:00+00:00
263564679,jinan-telecom,wuhan-telecom,42.7013,0.0,icmp,1593397980,2020-06-29 02:33:00+00:00
263564909,jinan-telecom,wuhan-telecom,49.1429,0.0,icmp,1593398100,2020-06-29 02:35:00+00:00
263565135,jinan-telecom,wuhan-telecom,39.4981,0.0,icmp,1593398179,2020-06-29 02:36:19+00:00
263565373,jinan-telecom,wuhan-telecom,46.8963,0.0,icmp,1593398340,2020-06-29 02:39:00+00:00
263565611,jinan-telecom,wuhan-telecom,47.4199,0.0,icmp,1593398460,2020-06-29 02:41:00+00:00
263565793,jinan-telecom,wuhan-telecom,49.8011,0.0,icmp,1593398580,2020-06-29 02:43:00+00:00
263566165,jinan-telecom,wuhan-telecom,43.1494,0.0,icmp,1593398700,2020-06-29 02:45:00+00:00
263566258,jinan-telecom,wuhan-telecom,39.4569,0.0,icmp,1593398764,2020-06-29 02:46:04+00:00
263566459,jinan-telecom,wuhan-telecom,46.5443,0.0,icmp,1593398940,2020-06-29 02:49:00+00:00
263566730,jinan-telecom,wuhan-telecom,46.2037,0.0,icmp,1593399060,2020-06-29 02:51:00+00:00
263566931,jinan-telecom,wuhan-telecom,46.0733,0.0,icmp,1593399180,2020-06-29 02:53:00+00:00
263567174,jinan-telecom,wuhan-telecom,46.7668,0.0,icmp,1593399300,2020-06-29 02:55:00+00:00
263567359,jinan-telecom,wuhan-telecom,45.7648,0.0,icmp,1593399420,2020-06-29 02:57:00+00:00
263567647,jinan-telecom,wuhan-telecom,46.3237,0.0,icmp,1593399540,2020-06-29 02:59:00+00:00
263567843,jinan-telecom,wuhan-telecom,40.6008,0.0,icmp,1593399660,2020-06-29 03:01:00+00:00
263568009,jinan-telecom,wuhan-telecom,39.4692,0.0,icmp,1593399799,2020-06-29 03:03:19+00:00
263568207,jinan-telecom,wuhan-telecom,39.4708,0.0,icmp,1593399919,2020-06-29 03:05:19+00:00
263568526,jinan-telecom,wuhan-telecom,47.9274,0.0,icmp,1593400020,2020-06-29 03:07:00+00:00
263568727,jinan-telecom,wuhan-telecom,39.5101,0.0,icmp,1593400159,2020-06-29 03:09:19+00:00
263569005,jinan-telecom,wuhan-telecom,46.4844,0.0,icmp,1593400260,2020-06-29 03:11:00+00:00
263569239,jinan-telecom,wuhan-telecom,48.7265,0.0,icmp,1593400380,2020-06-29 03:13:00+00:00
263569322,jinan-telecom,wuhan-telecom,47.0874,0.0,icmp,1593400500,2020-06-29 03:15:00+00:00
263569520,jinan-telecom,wuhan-telecom,47.4968,0.0,icmp,1593400620,2020-06-29 03:17:00+00:00
263569846,jinan-telecom,wuhan-telecom,47.0302,0.0,icmp,1593400740,2020-06-29 03:19:00+00:00
263570127,jinan-telecom,wuhan-telecom,45.8155,0.0,icmp,1593400980,2020-06-29 03:23:00+00:00
263570150,jinan-telecom,wuhan-telecom,47.4179,0.0,icmp,1593400860,2020-06-29 03:21:00+00:00
263570481,jinan-telecom,wuhan-telecom,46.756,0.0,icmp,1593401100,2020-06-29 03:25:00+00:00
263570820,jinan-telecom,wuhan-telecom,46.1602,0.0,icmp,1593401220,2020-06-29 03:27:00+00:00
263570995,jinan-telecom,wuhan-telecom,39.3425,0.0,icmp,1593401299,2020-06-29 03:28:19+00:00
263571226,jinan-telecom,wuhan-telecom,39.3582,0.0,icmp,1593401479,2020-06-29 03:31:19+00:00
263571470,jinan-telecom,wuhan-telecom,46.1331,0.0,icmp,1593401580,2020-06-29 03:33:00+00:00
263571693,jinan-telecom,wuhan-telecom,48.2168,0.0,icmp,1593401700,2020-06-29 03:35:00+00:00
263571912,jinan-telecom,wuhan-telecom,40.0172,0.0,icmp,1593401765,2020-06-29 03:36:05+00:00
263572088,jinan-telecom,wuhan-telecom,46.0759,0.0,icmp,1593401940,2020-06-29 03:39:00+00:00
263572392,jinan-telecom,wuhan-telecom,46.2564,0.0,icmp,1593402060,2020-06-29 03:41:00+00:00
263572548,jinan-telecom,wuhan-telecom,41.9818,0.0,icmp,1593402180,2020-06-29 03:43:00+00:00
263572829,jinan-telecom,wuhan-telecom,45.4637,0.0,icmp,1593402300,2020-06-29 03:45:00+00:00
263573069,jinan-telecom,wuhan-telecom,49.1079,0.0,icmp,1593402420,2020-06-29 03:47:00+00:00
263573259,jinan-telecom,wuhan-telecom,47.1838,0.0,icmp,1593402540,2020-06-29 03:49:00+00:00
263573428,jinan-telecom,wuhan-telecom,48.0518,0.0,icmp,1593402660,2020-06-29 03:51:00+00:00
263573673,jinan-telecom,wuhan-telecom,48.3904,0.0,icmp,1593402780,2020-06-29 03:53:00+00:00
263573881,jinan-telecom,wuhan-telecom,48.3962,0.0,icmp,1593402900,2020-06-29 03:55:00+00:00
263574148,jinan-telecom,wuhan-telecom,45.169,0.0,icmp,1593403020,2020-06-29 03:57:00+00:00
263574358,jinan-telecom,wuhan-telecom,39.3405,0.0,icmp,1593403099,2020-06-29 03:58:19+00:00
263574581,jinan-telecom,wuhan-telecom,46.9952,0.0,icmp,1593403260,2020-06-29 04:01:00+00:00
263574817,jinan-telecom,wuhan-telecom,46.8039,0.0,icmp,1593403380,2020-06-29 04:03:00+00:00
263575051,jinan-telecom,wuhan-telecom,47.7544,0.0,icmp,1593403500,2020-06-29 04:05:00+00:00
263575284,jinan-telecom,wuhan-telecom,39.3638,0.0,icmp,1593403579,2020-06-29 04:06:19+00:00
263575502,jinan-telecom,wuhan-telecom,39.9932,0.0,icmp,1593403740,2020-06-29 04:09:00+00:00
263575709,jinan-telecom,wuhan-telecom,39.6089,0.0,icmp,1593403879,2020-06-29 04:11:19+00:00
263575953,jinan-telecom,wuhan-telecom,48.8006,0.0,icmp,1593403980,2020-06-29 04:13:00+00:00
263576168,jinan-telecom,wuhan-telecom,39.3587,0.0,icmp,1593404119,2020-06-29 04:15:19+00:00
263576367,jinan-telecom,wuhan-telecom,47.0312,0.0,icmp,1593404220,2020-06-29 04:17:00+00:00
263576631,jinan-telecom,wuhan-telecom,47.619,0.0,icmp,1593404340,2020-06-29 04:19:00+00:00
263576820,jinan-telecom,wuhan-telecom,39.3486,0.0,icmp,1593404479,2020-06-29 04:21:19+00:00
263577091,jinan-telecom,wuhan-telecom,39.7534,0.0,icmp,1593404580,2020-06-29 04:23:00+00:00
263577290,jinan-telecom,wuhan-telecom,48.7228,0.0,icmp,1593404700,2020-06-29 04:25:00+00:00
263577500,jinan-telecom,wuhan-telecom,47.1656,0.0,icmp,1593404820,2020-06-29 04:27:00+00:00
263577724,jinan-telecom,wuhan-telecom,48.7929,0.0,icmp,1593404940,2020-06-29 04:29:00+00:00
263577958,jinan-telecom,wuhan-telecom,48.08,0.0,icmp,1593405060,2020-06-29 04:31:00+00:00
263578190,jinan-telecom,wuhan-telecom,46.3624,0.0,icmp,1593405180,2020-06-29 04:33:00+00:00
263578425,jinan-telecom,wuhan-telecom,48.9863,0.0,icmp,1593405300,2020-06-29 04:35:00+00:00
263578668,jinan-telecom,wuhan-telecom,48.267,0.0,icmp,1593405420,2020-06-29 04:37:00+00:00
263578873,jinan-telecom,wuhan-telecom,39.3525,0.0,icmp,1593405559,2020-06-29 04:39:19+00:00
263579150,jinan-telecom,wuhan-telecom,45.5546,0.0,icmp,1593405660,2020-06-29 04:41:00+00:00
263579307,jinan-telecom,wuhan-telecom,47.4054,0.0,icmp,1593405780,2020-06-29 04:43:00+00:00
263579529,jinan-telecom,wuhan-telecom,46.9864,0.0,icmp,1593405900,2020-06-29 04:45:00+00:00
263579728,jinan-telecom,wuhan-telecom,43.1091,0.0,icmp,1593406020,2020-06-29 04:47:00+00:00
263579984,jinan-telecom,wuhan-telecom,45.5786,0.0,icmp,1593406140,2020-06-29 04:49:00+00:00
263580206,jinan-telecom,wuhan-telecom,45.6955,0.0,icmp,1593406260,2020-06-29 04:51:00+00:00
263580452,jinan-telecom,wuhan-telecom,45.9,0.0,icmp,1593406380,2020-06-29 04:53:00+00:00
263580678,jinan-telecom,wuhan-telecom,42.8195,0.0,icmp,1593406500,2020-06-29 04:55:00+00:00
263580882,jinan-telecom,wuhan-telecom,45.4761,0.0,icmp,1593406620,2020-06-29 04:57:00+00:00
263581108,jinan-telecom,wuhan-telecom,39.3317,0.0,icmp,1593406699,2020-06-29 04:58:19+00:00
263581332,jinan-telecom,wuhan-telecom,47.8386,0.0,icmp,1593406860,2020-06-29 05:01:00+00:00
263581577,jinan-telecom,wuhan-telecom,39.3458,0.0,icmp,1593406939,2020-06-29 05:02:19+00:00
263581770,jinan-telecom,wuhan-telecom,39.3371,0.0,icmp,1593407059,2020-06-29 05:04:19+00:00
263582032,jinan-telecom,wuhan-telecom,46.2894,0.0,icmp,1593407220,2020-06-29 05:07:00+00:00
263582270,jinan-telecom,wuhan-telecom,47.3891,0.0,icmp,1593407340,2020-06-29 05:09:00+00:00
263582473,jinan-telecom,wuhan-telecom,39.5009,0.0,icmp,1593407419,2020-06-29 05:10:19+00:00
263582689,jinan-telecom,wuhan-telecom,50.2338,0.0,icmp,1593407580,2020-06-29 05:13:00+00:00
263582904,jinan-telecom,wuhan-telecom,42.0596,0.0,icmp,1593407700,2020-06-29 05:15:00+00:00
263583156,jinan-telecom,wuhan-telecom,47.6199,0.0,icmp,1593407820,2020-06-29 05:17:00+00:00
263583385,jinan-telecom,wuhan-telecom,47.773,0.0,icmp,1593407940,2020-06-29 05:19:00+00:00
263583616,jinan-telecom,wuhan-telecom,47.2355,0.0,icmp,1593408060,2020-06-29 05:21:00+00:00
263583775,jinan-telecom,wuhan-telecom,47.1638,0.0,icmp,1593408180,2020-06-29 05:23:00+00:00
263584029,jinan-telecom,wuhan-telecom,46.2451,0.0,icmp,1593408300,2020-06-29 05:25:00+00:00
263584269,jinan-telecom,wuhan-telecom,47.1709,0.0,icmp,1593408420,2020-06-29 05:27:00+00:00
263584473,jinan-telecom,wuhan-telecom,48.1823,0.0,icmp,1593408540,2020-06-29 05:29:00+00:00
263584700,jinan-telecom,wuhan-telecom,48.5952,0.0,icmp,1593408660,2020-06-29 05:31:00+00:00
263584930,jinan-telecom,wuhan-telecom,39.3388,0.0,icmp,1593408739,2020-06-29 05:32:19+00:00
263585199,jinan-telecom,wuhan-telecom,39.5597,0.0,icmp,1593408859,2020-06-29 05:34:19+00:00
263585395,jinan-telecom,wuhan-telecom,39.4233,0.0,icmp,1593408979,2020-06-29 05:36:19+00:00
263585623,jinan-telecom,wuhan-telecom,40.4926,0.0,icmp,1593409140,2020-06-29 05:39:00+00:00
263585831,jinan-telecom,wuhan-telecom,39.3764,0.0,icmp,1593409279,2020-06-29 05:41:19+00:00
263586042,jinan-telecom,wuhan-telecom,44.4868,0.0,icmp,1593409380,2020-06-29 05:43:00+00:00
263586289,jinan-telecom,wuhan-telecom,50.819,0.0,icmp,1593409500,2020-06-29 05:45:00+00:00
263586483,jinan-telecom,wuhan-telecom,39.4302,0.0,icmp,1593409639,2020-06-29 05:47:19+00:00
263586740,jinan-telecom,wuhan-telecom,49.2412,0.0,icmp,1593409740,2020-06-29 05:49:00+00:00
263586967,jinan-telecom,wuhan-telecom,45.6722,0.0,icmp,1593409860,2020-06-29 05:51:00+00:00
263587198,jinan-telecom,wuhan-telecom,39.3752,0.0,icmp,1593409939,2020-06-29 05:52:19+00:00
263587427,jinan-telecom,wuhan-telecom,48.9065,0.0,icmp,1593410100,2020-06-29 05:55:00+00:00
263587671,jinan-telecom,wuhan-telecom,47.9256,0.0,icmp,1593410220,2020-06-29 05:57:00+00:00
263587864,jinan-telecom,wuhan-telecom,45.4449,0.0,icmp,1593410340,2020-06-29 05:59:00+00:00
263588076,jinan-telecom,wuhan-telecom,47.1863,0.0,icmp,1593410460,2020-06-29 06:01:00+00:00
263588319,jinan-telecom,wuhan-telecom,47.2895,0.0,icmp,1593410580,2020-06-29 06:03:00+00:00
263588554,jinan-telecom,wuhan-telecom,47.0077,0.0,icmp,1593410700,2020-06-29 06:05:00+00:00
263588776,jinan-telecom,wuhan-telecom,48.4823,0.0,icmp,1593410820,2020-06-29 06:07:00+00:00
263588981,jinan-telecom,wuhan-telecom,45.2769,0.0,icmp,1593410940,2020-06-29 06:09:00+00:00
263589206,jinan-telecom,wuhan-telecom,39.4985,0.0,icmp,1593411019,2020-06-29 06:10:19+00:00
263589444,jinan-telecom,wuhan-telecom,50.5143,0.0,icmp,1593411180,2020-06-29 06:13:00+00:00
263589682,jinan-telecom,wuhan-telecom,49.5975,0.0,icmp,1593411300,2020-06-29 06:15:00+00:00
263589896,jinan-telecom,wuhan-telecom,47.8534,0.0,icmp,1593411420,2020-06-29 06:17:00+00:00
263590130,jinan-telecom,wuhan-telecom,39.3868,0.0,icmp,1593411499,2020-06-29 06:18:19+00:00
263590332,jinan-telecom,wuhan-telecom,48.1446,0.0,icmp,1593411660,2020-06-29 06:21:00+00:00
263590563,jinan-telecom,wuhan-telecom,48.6059,0.0,icmp,1593411780,2020-06-29 06:23:00+00:00
263590799,jinan-telecom,wuhan-telecom,47.3592,0.0,icmp,1593411900,2020-06-29 06:25:00+00:00
263591009,jinan-telecom,wuhan-telecom,48.0843,0.0,icmp,1593412020,2020-06-29 06:27:00+00:00
263591265,jinan-telecom,wuhan-telecom,39.5751,0.0,icmp,1593412099,2020-06-29 06:28:19+00:00
263591468,jinan-telecom,wuhan-telecom,47.582,0.0,icmp,1593412260,2020-06-29 06:31:00+00:00
263591697,jinan-telecom,wuhan-telecom,39.4753,0.0,icmp,1593412325,2020-06-29 06:32:05+00:00
263591926,jinan-telecom,wuhan-telecom,39.3547,0.0,icmp,1593412459,2020-06-29 06:34:19+00:00
263592150,jinan-telecom,wuhan-telecom,48.9998,0.0,icmp,1593412620,2020-06-29 06:37:00+00:00
263592375,jinan-telecom,wuhan-telecom,46.4533,0.0,icmp,1593412740,2020-06-29 06:39:00+00:00
263592602,jinan-telecom,wuhan-telecom,48.179,0.0,icmp,1593412860,2020-06-29 06:41:00+00:00
263592797,jinan-telecom,wuhan-telecom,39.3739,0.0,icmp,1593412999,2020-06-29 06:43:19+00:00
263593022,jinan-telecom,wuhan-telecom,47.3359,0.0,icmp,1593413100,2020-06-29 06:45:00+00:00
263593294,jinan-telecom,wuhan-telecom,48.4984,0.0,icmp,1593413220,2020-06-29 06:47:00+00:00
263593485,jinan-telecom,wuhan-telecom,46.3916,0.0,icmp,1593413340,2020-06-29 06:49:00+00:00
263593699,jinan-telecom,wuhan-telecom,39.5575,0.0,icmp,1593413479,2020-06-29 06:51:19+00:00
263593927,jinan-telecom,wuhan-telecom,42.242,0.0,icmp,1593413580,2020-06-29 06:53:00+00:00
263594160,jinan-telecom,wuhan-telecom,39.4004,0.0,icmp,1593413659,2020-06-29 06:54:19+00:00
263594364,jinan-telecom,wuhan-telecom,39.6257,0.0,icmp,1593413779,2020-06-29 06:56:19+00:00
263594616,jinan-telecom,wuhan-telecom,39.3905,0.0,icmp,1593413959,2020-06-29 06:59:19+00:00
263594834,jinan-telecom,wuhan-telecom,39.3505,0.0,icmp,1593414079,2020-06-29 07:01:19+00:00
263595063,jinan-telecom,wuhan-telecom,48.77,0.0,icmp,1593414180,2020-06-29 07:03:00+00:00
263595281,jinan-telecom,wuhan-telecom,45.7171,0.0,icmp,1593414300,2020-06-29 07:05:00+00:00
263595511,jinan-telecom,wuhan-telecom,46.8133,0.0,icmp,1593414420,2020-06-29 07:07:00+00:00
263595762,jinan-telecom,wuhan-telecom,47.404,0.0,icmp,1593414540,2020-06-29 07:09:00+00:00
263595972,jinan-telecom,wuhan-telecom,47.1702,0.0,icmp,1593414660,2020-06-29 07:11:00+00:00
263596174,jinan-telecom,wuhan-telecom,39.3307,0.0,icmp,1593414739,2020-06-29 07:12:19+00:00
263596418,jinan-telecom,wuhan-telecom,46.2655,0.0,icmp,1593414900,2020-06-29 07:15:00+00:00
263596636,jinan-telecom,wuhan-telecom,39.3372,0.0,icmp,1593414979,2020-06-29 07:16:19+00:00
263596876,jinan-telecom,wuhan-telecom,45.1101,0.0,icmp,1593415140,2020-06-29 07:19:00+00:00
263597093,jinan-telecom,wuhan-telecom,47.1881,0.0,icmp,1593415260,2020-06-29 07:21:00+00:00
263597308,jinan-telecom,wuhan-telecom,47.9573,0.0,icmp,1593415380,2020-06-29 07:23:00+00:00
263597549,jinan-telecom,wuhan-telecom,49.1117,0.0,icmp,1593415500,2020-06-29 07:25:00+00:00
263597776,jinan-telecom,wuhan-telecom,46.6874,0.0,icmp,1593415620,2020-06-29 07:27:00+00:00
263598041,jinan-telecom,wuhan-telecom,39.3569,0.0,icmp,1593415699,2020-06-29 07:28:19+00:00
263598243,jinan-telecom,wuhan-telecom,47.5996,0.0,icmp,1593415860,2020-06-29 07:31:00+00:00
263598410,jinan-telecom,wuhan-telecom,39.5482,0.0,icmp,1593415939,2020-06-29 07:32:19+00:00
263598654,jinan-telecom,wuhan-telecom,44.6731,0.0,icmp,1593416100,2020-06-29 07:35:00+00:00
263598884,jinan-telecom,wuhan-telecom,48.5283,0.0,icmp,1593416220,2020-06-29 07:37:00+00:00
263599140,jinan-telecom,wuhan-telecom,48.608,0.0,icmp,1593416340,2020-06-29 07:39:00+00:00
263599380,jinan-telecom,wuhan-telecom,46.7679,0.0,icmp,1593416460,2020-06-29 07:41:00+00:00
263599586,jinan-telecom,wuhan-telecom,46.0315,0.0,icmp,1593416580,2020-06-29 07:43:00+00:00
263599783,jinan-telecom,wuhan-telecom,39.3599,0.0,icmp,1593416659,2020-06-29 07:44:19+00:00
263600031,jinan-telecom,wuhan-telecom,46.1575,0.0,icmp,1593416820,2020-06-29 07:47:00+00:00
263600247,jinan-telecom,wuhan-telecom,47.4335,0.0,icmp,1593416940,2020-06-29 07:49:00+00:00
263600479,jinan-telecom,wuhan-telecom,48.2549,0.0,icmp,1593417060,2020-06-29 07:51:00+00:00
263600692,jinan-telecom,wuhan-telecom,39.4959,0.0,icmp,1593417139,2020-06-29 07:52:19+00:00
263600927,jinan-telecom,wuhan-telecom,49.0455,0.0,icmp,1593417300,2020-06-29 07:55:00+00:00
263601151,jinan-telecom,wuhan-telecom,46.6554,0.0,icmp,1593417420,2020-06-29 07:57:00+00:00
263601361,jinan-telecom,wuhan-telecom,39.6807,0.0,icmp,1593417499,2020-06-29 07:58:19+00:00
263601592,jinan-telecom,wuhan-telecom,46.7221,0.0,icmp,1593417660,2020-06-29 08:01:00+00:00
263601818,jinan-telecom,wuhan-telecom,39.5441,0.0,icmp,1593417799,2020-06-29 08:03:19+00:00
263602032,jinan-telecom,wuhan-telecom,45.7335,0.0,icmp,1593417900,2020-06-29 08:05:00+00:00
263602276,jinan-telecom,wuhan-telecom,48.0411,0.0,icmp,1593418020,2020-06-29 08:07:00+00:00
263602469,jinan-telecom,wuhan-telecom,39.5868,0.0,icmp,1593418159,2020-06-29 08:09:19+00:00
263602743,jinan-telecom,wuhan-telecom,47.3639,0.0,icmp,1593418260,2020-06-29 08:11:00+00:00
263602940,jinan-telecom,wuhan-telecom,46.9701,0.0,icmp,1593418380,2020-06-29 08:13:00+00:00
263603129,jinan-telecom,wuhan-telecom,46.8299,0.0,icmp,1593418500,2020-06-29 08:15:00+00:00
263603437,jinan-telecom,wuhan-telecom,47.3256,0.0,icmp,1593418620,2020-06-29 08:17:00+00:00
263603596,jinan-telecom,wuhan-telecom,39.5666,0.0,icmp,1593418759,2020-06-29 08:19:19+00:00
263603835,jinan-telecom,wuhan-telecom,45.9734,0.0,icmp,1593418860,2020-06-29 08:21:00+00:00
263604099,jinan-telecom,wuhan-telecom,47.5272,0.0,icmp,1593418980,2020-06-29 08:23:00+00:00
263604295,jinan-telecom,wuhan-telecom,46.2749,0.0,icmp,1593419100,2020-06-29 08:25:00+00:00
263604513,jinan-telecom,wuhan-telecom,44.3054,0.0,icmp,1593419220,2020-06-29 08:27:00+00:00
263604754,jinan-telecom,wuhan-telecom,48.0313,0.0,icmp,1593419340,2020-06-29 08:29:00+00:00
263604925,jinan-telecom,wuhan-telecom,47.4701,0.0,icmp,1593419460,2020-06-29 08:31:00+00:00
263605197,jinan-telecom,wuhan-telecom,46.4421,0.0,icmp,1593419580,2020-06-29 08:33:00+00:00
263605443,jinan-telecom,wuhan-telecom,46.1263,0.0,icmp,1593419700,2020-06-29 08:35:00+00:00
263605660,jinan-telecom,wuhan-telecom,47.448,0.0,icmp,1593419820,2020-06-29 08:37:00+00:00
263605881,jinan-telecom,wuhan-telecom,49.2625,0.0,icmp,1593419940,2020-06-29 08:39:00+00:00
263606078,jinan-telecom,wuhan-telecom,49.0519,0.0,icmp,1593420060,2020-06-29 08:41:00+00:00
263606267,jinan-telecom,wuhan-telecom,46.7575,0.0,icmp,1593420180,2020-06-29 08:43:00+00:00
263606527,jinan-telecom,wuhan-telecom,46.7947,0.0,icmp,1593420300,2020-06-29 08:45:00+00:00
263606770,jinan-telecom,wuhan-telecom,39.3483,0.0,icmp,1593420379,2020-06-29 08:46:19+00:00
263606972,jinan-telecom,wuhan-telecom,39.3487,0.0,icmp,1593420499,2020-06-29 08:48:19+00:00
263607210,jinan-telecom,wuhan-telecom,39.4004,0.0,icmp,1593420619,2020-06-29 08:50:19+00:00
263607467,jinan-telecom,wuhan-telecom,47.1165,0.0,icmp,1593420780,2020-06-29 08:53:00+00:00
263607624,jinan-telecom,wuhan-telecom,39.365,0.0,icmp,1593420919,2020-06-29 08:55:19+00:00
263607876,jinan-telecom,wuhan-telecom,47.59,0.0,icmp,1593421020,2020-06-29 08:57:00+00:00
263608125,jinan-telecom,wuhan-telecom,47.8293,0.0,icmp,1593421140,2020-06-29 08:59:00+00:00
263608310,jinan-telecom,wuhan-telecom,46.7573,0.0,icmp,1593421260,2020-06-29 09:01:00+00:00
263608559,jinan-telecom,wuhan-telecom,48.9888,0.0,icmp,1593421380,2020-06-29 09:03:00+00:00
263608792,jinan-telecom,wuhan-telecom,47.1831,0.0,icmp,1593421500,2020-06-29 09:05:00+00:00
263609013,jinan-telecom,wuhan-telecom,45.8642,0.0,icmp,1593421620,2020-06-29 09:07:00+00:00
263609251,jinan-telecom,wuhan-telecom,39.4416,0.0,icmp,1593421759,2020-06-29 09:09:19+00:00
263609446,jinan-telecom,wuhan-telecom,48.1966,0.0,icmp,1593421860,2020-06-29 09:11:00+00:00
263609680,jinan-telecom,wuhan-telecom,48.5133,0.0,icmp,1593421980,2020-06-29 09:13:00+00:00
263609919,jinan-telecom,wuhan-telecom,45.996,0.0,icmp,1593422100,2020-06-29 09:15:00+00:00
263610120,jinan-telecom,wuhan-telecom,48.9924,0.0,icmp,1593422220,2020-06-29 09:17:00+00:00
263610349,jinan-telecom,wuhan-telecom,39.4256,0.0,icmp,1593422299,2020-06-29 09:18:19+00:00
263610627,jinan-telecom,wuhan-telecom,47.5622,0.0,icmp,1593422460,2020-06-29 09:21:00+00:00
263610804,jinan-telecom,wuhan-telecom,39.3593,0.0,icmp,1593422539,2020-06-29 09:22:19+00:00
263611043,jinan-telecom,wuhan-telecom,47.583,0.0,icmp,1593422700,2020-06-29 09:25:00+00:00
263611266,jinan-telecom,wuhan-telecom,48.4776,0.0,icmp,1593422820,2020-06-29 09:27:00+00:00
263611485,jinan-telecom,wuhan-telecom,48.7134,0.0,icmp,1593422940,2020-06-29 09:29:00+00:00
263611704,jinan-telecom,wuhan-telecom,47.2207,0.0,icmp,1593423060,2020-06-29 09:31:00+00:00
263611954,jinan-telecom,wuhan-telecom,44.6495,0.0,icmp,1593423180,2020-06-29 09:33:00+00:00
263612188,jinan-telecom,wuhan-telecom,47.1107,0.0,icmp,1593423300,2020-06-29 09:35:00+00:00
263612401,jinan-telecom,wuhan-telecom,48.5431,0.0,icmp,1593423420,2020-06-29 09:37:00+00:00
263612618,jinan-telecom,wuhan-telecom,47.2876,0.0,icmp,1593423540,2020-06-29 09:39:00+00:00
264786238,jinan-telecom,wuhan-telecom,48.1652,0.0,icmp,1593436800,2020-06-29 13:20:00+00:00
264786467,jinan-telecom,wuhan-telecom,46.2111,0.0,icmp,1593436920,2020-06-29 13:22:00+00:00
264786661,jinan-telecom,wuhan-telecom,47.8314,0.0,icmp,1593437040,2020-06-29 13:24:00+00:00
264786874,jinan-telecom,wuhan-telecom,39.3356,0.0,icmp,1593437179,2020-06-29 13:26:19+00:00
264787097,jinan-telecom,wuhan-telecom,45.7075,0.0,icmp,1593437280,2020-06-29 13:28:00+00:00
264787342,jinan-telecom,wuhan-telecom,44.9419,0.0,icmp,1593437400,2020-06-29 13:30:00+00:00
264787566,jinan-telecom,wuhan-telecom,46.0412,0.0,icmp,1593437520,2020-06-29 13:32:00+00:00
264787776,jinan-telecom,wuhan-telecom,39.6785,0.0,icmp,1593437599,2020-06-29 13:33:19+00:00
264788033,jinan-telecom,wuhan-telecom,48.8866,0.0,icmp,1593437760,2020-06-29 13:36:00+00:00
264788226,jinan-telecom,wuhan-telecom,44.3295,0.0,icmp,1593437880,2020-06-29 13:38:00+00:00
264788445,jinan-telecom,wuhan-telecom,47.8051,0.0,icmp,1593438000,2020-06-29 13:40:00+00:00
264788696,jinan-telecom,wuhan-telecom,46.251,0.0,icmp,1593438120,2020-06-29 13:42:00+00:00
264788938,jinan-telecom,wuhan-telecom,39.3982,0.0,icmp,1593438199,2020-06-29 13:43:19+00:00
264789133,jinan-telecom,wuhan-telecom,46.7525,0.0,icmp,1593438360,2020-06-29 13:46:00+00:00
264789340,jinan-telecom,wuhan-telecom,49.4428,0.0,icmp,1593438480,2020-06-29 13:48:00+00:00
264789605,jinan-telecom,wuhan-telecom,45.7988,0.0,icmp,1593438600,2020-06-29 13:50:00+00:00
264789847,jinan-telecom,wuhan-telecom,39.3406,0.0,icmp,1593438739,2020-06-29 13:52:19+00:00
264790012,jinan-telecom,wuhan-telecom,46.3709,0.0,icmp,1593438840,2020-06-29 13:54:00+00:00
264790264,jinan-telecom,wuhan-telecom,46.0159,0.0,icmp,1593438960,2020-06-29 13:56:00+00:00
264790470,jinan-telecom,wuhan-telecom,39.4995,0.0,icmp,1593439039,2020-06-29 13:57:19+00:00
264790674,jinan-telecom,wuhan-telecom,47.3509,0.0,icmp,1593439200,2020-06-29 14:00:00+00:00
264790902,jinan-telecom,wuhan-telecom,50.6547,0.0,icmp,1593439320,2020-06-29 14:02:00+00:00
264791162,jinan-telecom,wuhan-telecom,39.6185,0.0,icmp,1593439399,2020-06-29 14:03:19+00:00
264791384,jinan-telecom,wuhan-telecom,39.3721,0.0,icmp,1593439579,2020-06-29 14:06:19+00:00
264791616,jinan-telecom,wuhan-telecom,45.1494,0.0,icmp,1593439680,2020-06-29 14:08:00+00:00
264791818,jinan-telecom,wuhan-telecom,47.994,0.0,icmp,1593439800,2020-06-29 14:10:00+00:00
264792059,jinan-telecom,wuhan-telecom,46.7142,0.0,icmp,1593439920,2020-06-29 14:12:00+00:00
264792299,jinan-telecom,wuhan-telecom,46.8823,0.0,icmp,1593440040,2020-06-29 14:14:00+00:00
264792495,jinan-telecom,wuhan-telecom,46.6488,0.0,icmp,1593440160,2020-06-29 14:16:00+00:00
264792742,jinan-telecom,wuhan-telecom,46.3655,0.0,icmp,1593440280,2020-06-29 14:18:00+00:00
264792959,jinan-telecom,wuhan-telecom,47.2811,0.0,icmp,1593440400,2020-06-29 14:20:00+00:00
264793165,jinan-telecom,wuhan-telecom,39.4277,0.0,icmp,1593440539,2020-06-29 14:22:19+00:00
264793393,jinan-telecom,wuhan-telecom,41.8597,0.0,icmp,1593440640,2020-06-29 14:24:00+00:00
264793620,jinan-telecom,wuhan-telecom,47.1917,0.0,icmp,1593440760,2020-06-29 14:26:00+00:00
264793859,jinan-telecom,wuhan-telecom,46.2387,0.0,icmp,1593440880,2020-06-29 14:28:00+00:00
264794080,jinan-telecom,wuhan-telecom,48.1789,0.0,icmp,1593441000,2020-06-29 14:30:00+00:00
264794305,jinan-telecom,wuhan-telecom,46.3737,0.0,icmp,1593441120,2020-06-29 14:32:00+00:00
264794520,jinan-telecom,wuhan-telecom,48.6524,0.0,icmp,1593441240,2020-06-29 14:34:00+00:00
264794806,jinan-telecom,wuhan-telecom,48.0219,0.0,icmp,1593441360,2020-06-29 14:36:00+00:00
264794993,jinan-telecom,wuhan-telecom,46.7726,0.0,icmp,1593441480,2020-06-29 14:38:00+00:00
264795208,jinan-telecom,wuhan-telecom,49.7466,0.0,icmp,1593441600,2020-06-29 14:40:00+00:00
264795460,jinan-telecom,wuhan-telecom,46.37,0.0,icmp,1593441720,2020-06-29 14:42:00+00:00
264795644,jinan-telecom,wuhan-telecom,47.4057,0.0,icmp,1593441840,2020-06-29 14:44:00+00:00
264795913,jinan-telecom,wuhan-telecom,49.1225,0.0,icmp,1593441960,2020-06-29 14:46:00+00:00
264796100,jinan-telecom,wuhan-telecom,48.44,0.0,icmp,1593442080,2020-06-29 14:48:00+00:00
264796322,jinan-telecom,wuhan-telecom,44.6492,0.0,icmp,1593442200,2020-06-29 14:50:00+00:00
264796546,jinan-telecom,wuhan-telecom,39.5965,0.0,icmp,1593442339,2020-06-29 14:52:19+00:00
264796778,jinan-telecom,wuhan-telecom,49.0199,0.0,icmp,1593442440,2020-06-29 14:54:00+00:00
264797004,jinan-telecom,wuhan-telecom,46.3902,0.0,icmp,1593442560,2020-06-29 14:56:00+00:00
264797208,jinan-telecom,wuhan-telecom,47.1952,0.0,icmp,1593442680,2020-06-29 14:58:00+00:00
264797461,jinan-telecom,wuhan-telecom,41.3978,0.0,icmp,1593442800,2020-06-29 15:00:00+00:00
264797696,jinan-telecom,wuhan-telecom,39.3462,0.0,icmp,1593442879,2020-06-29 15:01:19+00:00
264797898,jinan-telecom,wuhan-telecom,43.186,0.0,icmp,1593443040,2020-06-29 15:04:00+00:00
264798116,jinan-telecom,wuhan-telecom,53.4887,0.0,icmp,1593443160,2020-06-29 15:06:00+00:00
264798362,jinan-telecom,wuhan-telecom,39.7473,0.0,icmp,1593443239,2020-06-29 15:07:19+00:00
264798598,jinan-telecom,wuhan-telecom,50.8088,0.0,icmp,1593443400,2020-06-29 15:10:00+00:00
264798858,jinan-telecom,wuhan-telecom,39.4113,0.0,icmp,1593443479,2020-06-29 15:11:19+00:00
264799042,jinan-telecom,wuhan-telecom,51.0679,0.0,icmp,1593443640,2020-06-29 15:14:00+00:00
264799245,jinan-telecom,wuhan-telecom,39.3228,0.0,icmp,1593443779,2020-06-29 15:16:19+00:00
264799497,jinan-telecom,wuhan-telecom,44.9936,0.0,icmp,1593443880,2020-06-29 15:18:00+00:00
264799670,jinan-telecom,wuhan-telecom,48.0014,0.0,icmp,1593444000,2020-06-29 15:20:00+00:00
264799937,jinan-telecom,wuhan-telecom,39.5546,0.0,icmp,1593444079,2020-06-29 15:21:19+00:00
264800130,jinan-telecom,wuhan-telecom,46.4834,0.0,icmp,1593444185,2020-06-29 15:23:05+00:00
264800408,jinan-telecom,wuhan-telecom,39.4006,0.0,icmp,1593444319,2020-06-29 15:25:19+00:00
264800589,jinan-telecom,wuhan-telecom,46.7321,0.0,icmp,1593444480,2020-06-29 15:28:00+00:00
264800819,jinan-telecom,wuhan-telecom,45.9353,0.0,icmp,1593444600,2020-06-29 15:30:00+00:00
264801058,jinan-telecom,wuhan-telecom,39.3954,0.0,icmp,1593444679,2020-06-29 15:31:19+00:00
264801292,jinan-telecom,wuhan-telecom,47.6889,0.0,icmp,1593444840,2020-06-29 15:34:00+00:00
264801488,jinan-telecom,wuhan-telecom,39.5912,0.0,icmp,1593444919,2020-06-29 15:35:19+00:00
264801763,jinan-telecom,wuhan-telecom,39.3849,0.0,icmp,1593445039,2020-06-29 15:37:19+00:00
264801954,jinan-telecom,wuhan-telecom,46.2733,0.0,icmp,1593445200,2020-06-29 15:40:00+00:00
264802200,jinan-telecom,wuhan-telecom,39.3617,0.0,icmp,1593445279,2020-06-29 15:41:19+00:00
264802426,jinan-telecom,wuhan-telecom,45.7663,0.0,icmp,1593445440,2020-06-29 15:44:00+00:00
264802664,jinan-telecom,wuhan-telecom,46.6492,0.0,icmp,1593445560,2020-06-29 15:46:00+00:00
264802846,jinan-telecom,wuhan-telecom,47.6334,0.0,icmp,1593445680,2020-06-29 15:48:00+00:00
264803071,jinan-telecom,wuhan-telecom,40.5772,0.0,icmp,1593445800,2020-06-29 15:50:00+00:00
264803270,jinan-telecom,wuhan-telecom,39.8255,0.0,icmp,1593445920,2020-06-29 15:52:00+00:00
264803541,jinan-telecom,wuhan-telecom,39.4179,0.0,icmp,1593445999,2020-06-29 15:53:19+00:00
264803755,jinan-telecom,wuhan-telecom,49.4291,0.0,icmp,1593446160,2020-06-29 15:56:00+00:00
264803981,jinan-telecom,wuhan-telecom,47.3215,0.0,icmp,1593446280,2020-06-29 15:58:00+00:00
264804212,jinan-telecom,wuhan-telecom,39.6286,0.0,icmp,1593446359,2020-06-29 15:59:19+00:00
264804426,jinan-telecom,wuhan-telecom,47.1124,0.0,icmp,1593446520,2020-06-29 16:02:00+00:00
264804633,jinan-telecom,wuhan-telecom,46.3177,0.0,icmp,1593446640,2020-06-29 16:04:00+00:00
264804875,jinan-telecom,wuhan-telecom,46.2688,0.0,icmp,1593446760,2020-06-29 16:06:00+00:00
264805088,jinan-telecom,wuhan-telecom,45.2817,0.0,icmp,1593446880,2020-06-29 16:08:00+00:00
264805309,jinan-telecom,wuhan-telecom,46.882,0.0,icmp,1593447000,2020-06-29 16:10:00+00:00
264805532,jinan-telecom,wuhan-telecom,45.6421,0.0,icmp,1593447120,2020-06-29 16:12:00+00:00
264805772,jinan-telecom,wuhan-telecom,47.5267,0.0,icmp,1593447240,2020-06-29 16:14:00+00:00
264805987,jinan-telecom,wuhan-telecom,45.7951,0.0,icmp,1593447360,2020-06-29 16:16:00+00:00
264806217,jinan-telecom,wuhan-telecom,39.3507,0.0,icmp,1593447499,2020-06-29 16:18:19+00:00
264806482,jinan-telecom,wuhan-telecom,48.7091,0.0,icmp,1593447600,2020-06-29 16:20:00+00:00
264806651,jinan-telecom,wuhan-telecom,39.3922,0.0,icmp,1593447679,2020-06-29 16:21:19+00:00
264806874,jinan-telecom,wuhan-telecom,48.2059,0.0,icmp,1593447840,2020-06-29 16:24:00+00:00
264807144,jinan-telecom,wuhan-telecom,46.9522,0.0,icmp,1593447960,2020-06-29 16:26:00+00:00
264807335,jinan-telecom,wuhan-telecom,45.6181,0.0,icmp,1593448080,2020-06-29 16:28:00+00:00
264807600,jinan-telecom,wuhan-telecom,39.6101,0.0,icmp,1593448219,2020-06-29 16:30:19+00:00
264807807,jinan-telecom,wuhan-telecom,49.1903,0.0,icmp,1593448320,2020-06-29 16:32:00+00:00
264807998,jinan-telecom,wuhan-telecom,41.2276,0.0,icmp,1593448440,2020-06-29 16:34:00+00:00
264808231,jinan-telecom,wuhan-telecom,46.7283,0.0,icmp,1593448560,2020-06-29 16:36:00+00:00
264808445,jinan-telecom,wuhan-telecom,48.4792,0.0,icmp,1593448680,2020-06-29 16:38:00+00:00
264808681,jinan-telecom,wuhan-telecom,47.8728,0.0,icmp,1593448800,2020-06-29 16:40:00+00:00
264808914,jinan-telecom,wuhan-telecom,46.3399,0.0,icmp,1593448920,2020-06-29 16:42:00+00:00
264809161,jinan-telecom,wuhan-telecom,39.3442,0.0,icmp,1593449059,2020-06-29 16:44:19+00:00
264809336,jinan-telecom,wuhan-telecom,48.1392,0.0,icmp,1593449160,2020-06-29 16:46:00+00:00
264809583,jinan-telecom,wuhan-telecom,48.2405,0.0,icmp,1593449280,2020-06-29 16:48:00+00:00
264809820,jinan-telecom,wuhan-telecom,47.1333,0.0,icmp,1593449400,2020-06-29 16:50:00+00:00
264810027,jinan-telecom,wuhan-telecom,45.4292,0.0,icmp,1593449520,2020-06-29 16:52:00+00:00
264810245,jinan-telecom,wuhan-telecom,47.5145,0.0,icmp,1593449640,2020-06-29 16:54:00+00:00
264810463,jinan-telecom,wuhan-telecom,39.3758,0.0,icmp,1593449719,2020-06-29 16:55:19+00:00
264810697,jinan-telecom,wuhan-telecom,48.7007,0.0,icmp,1593449880,2020-06-29 16:58:00+00:00
264810930,jinan-telecom,wuhan-telecom,42.278,0.0,icmp,1593450000,2020-06-29 17:00:00+00:00
264811175,jinan-telecom,wuhan-telecom,48.9917,0.0,icmp,1593450120,2020-06-29 17:02:00+00:00
264811364,jinan-telecom,wuhan-telecom,39.6641,0.0,icmp,1593450199,2020-06-29 17:03:19+00:00
264811642,jinan-telecom,wuhan-telecom,46.6364,0.0,icmp,1593450360,2020-06-29 17:06:00+00:00
264811766,jinan-telecom,wuhan-telecom,39.6193,0.0,icmp,1593450499,2020-06-29 17:08:19+00:00
264812030,jinan-telecom,wuhan-telecom,42.7429,0.0,icmp,1593450600,2020-06-29 17:10:00+00:00
264812294,jinan-telecom,wuhan-telecom,42.4994,0.0,icmp,1593450720,2020-06-29 17:12:00+00:00
264812493,jinan-telecom,wuhan-telecom,47.5813,0.0,icmp,1593450840,2020-06-29 17:14:00+00:00
264812717,jinan-telecom,wuhan-telecom,47.9065,0.0,icmp,1593450960,2020-06-29 17:16:00+00:00
264812932,jinan-telecom,wuhan-telecom,44.8252,0.0,icmp,1593451080,2020-06-29 17:18:00+00:00
264813158,jinan-telecom,wuhan-telecom,46.9483,0.0,icmp,1593451200,2020-06-29 17:20:00+00:00
264813392,jinan-telecom,wuhan-telecom,39.3351,0.0,icmp,1593451279,2020-06-29 17:21:19+00:00
264813636,jinan-telecom,wuhan-telecom,45.6906,0.0,icmp,1593451440,2020-06-29 17:24:00+00:00
264813832,jinan-telecom,wuhan-telecom,50.0808,0.0,icmp,1593451560,2020-06-29 17:26:00+00:00
264814068,jinan-telecom,wuhan-telecom,39.3862,0.0,icmp,1593451639,2020-06-29 17:27:19+00:00
264814295,jinan-telecom,wuhan-telecom,45.6853,0.0,icmp,1593451800,2020-06-29 17:30:00+00:00
264814505,jinan-telecom,wuhan-telecom,39.4217,0.0,icmp,1593451879,2020-06-29 17:31:19+00:00
264814741,jinan-telecom,wuhan-telecom,39.6114,0.0,icmp,1593451999,2020-06-29 17:33:19+00:00
264814984,jinan-telecom,wuhan-telecom,39.3284,0.0,icmp,1593452119,2020-06-29 17:35:19+00:00
264815192,jinan-telecom,wuhan-telecom,39.557,0.0,icmp,1593452299,2020-06-29 17:38:19+00:00
264815398,jinan-telecom,wuhan-telecom,46.1754,0.0,icmp,1593452400,2020-06-29 17:40:00+00:00
264815620,jinan-telecom,wuhan-telecom,46.9933,0.0,icmp,1593452520,2020-06-29 17:42:00+00:00
264815856,jinan-telecom,wuhan-telecom,39.9593,0.0,icmp,1593452640,2020-06-29 17:44:00+00:00
264816084,jinan-telecom,wuhan-telecom,39.4048,15.0,icmp,1593452719,2020-06-29 17:45:19+00:00
264816292,jinan-telecom,wuhan-telecom,49.6208,0.0,icmp,1593452880,2020-06-29 17:48:00+00:00
264816532,jinan-telecom,wuhan-telecom,46.1452,0.0,icmp,1593453000,2020-06-29 17:50:00+00:00
264816781,jinan-telecom,wuhan-telecom,46.3533,0.0,icmp,1593453120,2020-06-29 17:52:00+00:00
264816974,jinan-telecom,wuhan-telecom,48.5962,0.0,icmp,1593453244,2020-06-29 17:54:04+00:00
264817194,jinan-telecom,wuhan-telecom,39.7408,0.0,icmp,1593453379,2020-06-29 17:56:19+00:00
264817441,jinan-telecom,wuhan-telecom,48.9396,0.0,icmp,1593453480,2020-06-29 17:58:00+00:00
264817666,jinan-telecom,wuhan-telecom,39.4634,0.0,icmp,1593453559,2020-06-29 17:59:19+00:00
264817897,jinan-telecom,wuhan-telecom,39.4165,0.0,icmp,1593453739,2020-06-29 18:02:19+00:00
264818122,jinan-telecom,wuhan-telecom,45.2485,0.0,icmp,1593453840,2020-06-29 18:04:00+00:00
264818326,jinan-telecom,wuhan-telecom,47.1821,0.0,icmp,1593453960,2020-06-29 18:06:00+00:00
264818590,jinan-telecom,wuhan-telecom,46.7101,0.0,icmp,1593454080,2020-06-29 18:08:00+00:00
264818790,jinan-telecom,wuhan-telecom,46.4955,0.0,icmp,1593454200,2020-06-29 18:10:00+00:00
264819003,jinan-telecom,wuhan-telecom,50.46,0.0,icmp,1593454320,2020-06-29 18:12:00+00:00
264819233,jinan-telecom,wuhan-telecom,41.3758,0.0,icmp,1593454440,2020-06-29 18:14:00+00:00
264819458,jinan-telecom,wuhan-telecom,48.8198,0.0,icmp,1593454560,2020-06-29 18:16:00+00:00
264819671,jinan-telecom,wuhan-telecom,46.6627,0.0,icmp,1593454680,2020-06-29 18:18:00+00:00
264819899,jinan-telecom,wuhan-telecom,47.9302,0.0,icmp,1593454800,2020-06-29 18:20:00+00:00
264820131,jinan-telecom,wuhan-telecom,47.2707,0.0,icmp,1593454920,2020-06-29 18:22:00+00:00
264820334,jinan-telecom,wuhan-telecom,46.1038,0.0,icmp,1593455040,2020-06-29 18:24:00+00:00
264820626,jinan-telecom,wuhan-telecom,50.2462,0.0,icmp,1593455160,2020-06-29 18:26:00+00:00
264820792,jinan-telecom,wuhan-telecom,39.5549,0.0,icmp,1593455224,2020-06-29 18:27:04+00:00
264820999,jinan-telecom,wuhan-telecom,39.4687,0.0,icmp,1593455359,2020-06-29 18:29:19+00:00
264821280,jinan-telecom,wuhan-telecom,39.8649,0.0,icmp,1593455521,2020-06-29 18:32:01+00:00
264821521,jinan-telecom,wuhan-telecom,49.5008,0.0,icmp,1593455640,2020-06-29 18:34:00+00:00
264821701,jinan-telecom,wuhan-telecom,47.2943,0.0,icmp,1593455760,2020-06-29 18:36:00+00:00
264821942,jinan-telecom,wuhan-telecom,39.4395,0.0,icmp,1593455839,2020-06-29 18:37:19+00:00
264822157,jinan-telecom,wuhan-telecom,48.289,0.0,icmp,1593456000,2020-06-29 18:40:00+00:00
264822394,jinan-telecom,wuhan-telecom,49.6438,0.0,icmp,1593456120,2020-06-29 18:42:00+00:00
264822618,jinan-telecom,wuhan-telecom,45.7715,0.0,icmp,1593456240,2020-06-29 18:44:00+00:00
264822883,jinan-telecom,wuhan-telecom,45.2309,0.0,icmp,1593456360,2020-06-29 18:46:00+00:00
264823078,jinan-telecom,wuhan-telecom,39.6921,0.0,icmp,1593456439,2020-06-29 18:47:19+00:00
264823256,jinan-telecom,wuhan-telecom,39.4405,0.0,icmp,1593456559,2020-06-29 18:49:19+00:00
264823524,jinan-telecom,wuhan-telecom,48.0183,0.0,icmp,1593456720,2020-06-29 18:52:00+00:00
264823723,jinan-telecom,wuhan-telecom,46.8912,0.0,icmp,1593456840,2020-06-29 18:54:00+00:00
264823962,jinan-telecom,wuhan-telecom,48.8799,0.0,icmp,1593456960,2020-06-29 18:56:00+00:00
264824191,jinan-telecom,wuhan-telecom,47.2939,0.0,icmp,1593457080,2020-06-29 18:58:00+00:00
264824411,jinan-telecom,wuhan-telecom,39.4907,0.0,icmp,1593457219,2020-06-29 19:00:19+00:00
264824616,jinan-telecom,wuhan-telecom,48.7433,0.0,icmp,1593457320,2020-06-29 19:02:00+00:00
264824844,jinan-telecom,wuhan-telecom,39.5959,0.0,icmp,1593457399,2020-06-29 19:03:19+00:00
264825089,jinan-telecom,wuhan-telecom,50.5108,0.0,icmp,1593457560,2020-06-29 19:06:00+00:00
264825293,jinan-telecom,wuhan-telecom,48.8661,0.0,icmp,1593457680,2020-06-29 19:08:00+00:00
264825546,jinan-telecom,wuhan-telecom,48.9623,0.0,icmp,1593457800,2020-06-29 19:10:00+00:00
264825749,jinan-telecom,wuhan-telecom,41.2511,0.0,icmp,1593457920,2020-06-29 19:12:00+00:00
264825997,jinan-telecom,wuhan-telecom,46.6312,0.0,icmp,1593458040,2020-06-29 19:14:00+00:00
264826204,jinan-telecom,wuhan-telecom,47.6921,0.0,icmp,1593458160,2020-06-29 19:16:00+00:00
264826430,jinan-telecom,wuhan-telecom,47.289,0.0,icmp,1593458280,2020-06-29 19:18:00+00:00
264826656,jinan-telecom,wuhan-telecom,46.6922,0.0,icmp,1593458400,2020-06-29 19:20:00+00:00
264826882,jinan-telecom,wuhan-telecom,47.0255,0.0,icmp,1593458520,2020-06-29 19:22:00+00:00
264827104,jinan-telecom,wuhan-telecom,45.3749,0.0,icmp,1593458640,2020-06-29 19:24:00+00:00
264827342,jinan-telecom,wuhan-telecom,39.8037,0.0,icmp,1593458760,2020-06-29 19:26:00+00:00
264827575,jinan-telecom,wuhan-telecom,46.3279,0.0,icmp,1593458880,2020-06-29 19:28:00+00:00
264827782,jinan-telecom,wuhan-telecom,46.097,0.0,icmp,1593459000,2020-06-29 19:30:00+00:00
264828000,jinan-telecom,wuhan-telecom,39.6431,0.0,icmp,1593459079,2020-06-29 19:31:19+00:00
264828225,jinan-telecom,wuhan-telecom,50.0496,0.0,icmp,1593459240,2020-06-29 19:34:00+00:00
264828468,jinan-telecom,wuhan-telecom,39.6799,0.0,icmp,1593459379,2020-06-29 19:36:19+00:00
264828684,jinan-telecom,wuhan-telecom,46.2984,0.0,icmp,1593459480,2020-06-29 19:38:00+00:00
264828958,jinan-telecom,wuhan-telecom,47.0693,0.0,icmp,1593459600,2020-06-29 19:40:00+00:00
264829154,jinan-telecom,wuhan-telecom,39.4415,0.0,icmp,1593459739,2020-06-29 19:42:19+00:00
264829354,jinan-telecom,wuhan-telecom,43.3259,0.0,icmp,1593459840,2020-06-29 19:44:00+00:00
264829572,jinan-telecom,wuhan-telecom,39.5318,0.0,icmp,1593459979,2020-06-29 19:46:19+00:00
264829803,jinan-telecom,wuhan-telecom,46.5793,0.0,icmp,1593460080,2020-06-29 19:48:00+00:00
264830052,jinan-telecom,wuhan-telecom,44.0766,0.0,icmp,1593460200,2020-06-29 19:50:00+00:00
264830198,jinan-telecom,wuhan-telecom,39.903,0.0,icmp,1593460279,2020-06-29 19:51:19+00:00
264830498,jinan-telecom,wuhan-telecom,50.2462,0.0,icmp,1593460440,2020-06-29 19:54:00+00:00
264830727,jinan-telecom,wuhan-telecom,39.5059,0.0,icmp,1593460579,2020-06-29 19:56:19+00:00
264830920,jinan-telecom,wuhan-telecom,49.8236,0.0,icmp,1593460680,2020-06-29 19:58:00+00:00
264831164,jinan-telecom,wuhan-telecom,51.6096,0.0,icmp,1593460800,2020-06-29 20:00:00+00:00
264831368,jinan-telecom,wuhan-telecom,47.7382,0.0,icmp,1593460920,2020-06-29 20:02:00+00:00
264831625,jinan-telecom,wuhan-telecom,44.5484,0.0,icmp,1593461040,2020-06-29 20:04:00+00:00
264831836,jinan-telecom,wuhan-telecom,45.4931,0.0,icmp,1593461160,2020-06-29 20:06:00+00:00
264832076,jinan-telecom,wuhan-telecom,46.1212,0.0,icmp,1593461280,2020-06-29 20:08:00+00:00
264832274,jinan-telecom,wuhan-telecom,48.1675,0.0,icmp,1593461400,2020-06-29 20:10:00+00:00
264832548,jinan-telecom,wuhan-telecom,47.4813,0.0,icmp,1593461520,2020-06-29 20:12:00+00:00
264832741,jinan-telecom,wuhan-telecom,39.4185,0.0,icmp,1593461599,2020-06-29 20:13:19+00:00
264832940,jinan-telecom,wuhan-telecom,47.4244,0.0,icmp,1593461760,2020-06-29 20:16:00+00:00
264833161,jinan-telecom,wuhan-telecom,39.7429,0.0,icmp,1593461884,2020-06-29 20:18:04+00:00
264833433,jinan-telecom,wuhan-telecom,48.4801,0.0,icmp,1593462000,2020-06-29 20:20:00+00:00
264833686,jinan-telecom,wuhan-telecom,49.361,0.0,icmp,1593462120,2020-06-29 20:22:00+00:00
264833838,jinan-telecom,wuhan-telecom,45.9736,0.0,icmp,1593462240,2020-06-29 20:24:00+00:00
264834100,jinan-telecom,wuhan-telecom,47.1693,0.0,icmp,1593462360,2020-06-29 20:26:00+00:00
264834305,jinan-telecom,wuhan-telecom,39.452,0.0,icmp,1593462439,2020-06-29 20:27:19+00:00
264834521,jinan-telecom,wuhan-telecom,49.3213,0.0,icmp,1593462600,2020-06-29 20:30:00+00:00
264834756,jinan-telecom,wuhan-telecom,45.3371,0.0,icmp,1593462720,2020-06-29 20:32:00+00:00
264834989,jinan-telecom,wuhan-telecom,47.4252,0.0,icmp,1593462840,2020-06-29 20:34:00+00:00
264835213,jinan-telecom,wuhan-telecom,47.8563,0.0,icmp,1593462960,2020-06-29 20:36:00+00:00
264835478,jinan-telecom,wuhan-telecom,47.6358,0.0,icmp,1593463080,2020-06-29 20:38:00+00:00
264835638,jinan-telecom,wuhan-telecom,47.3296,0.0,icmp,1593463200,2020-06-29 20:40:00+00:00
264835893,jinan-telecom,wuhan-telecom,44.2964,0.0,icmp,1593463320,2020-06-29 20:42:00+00:00
264836114,jinan-telecom,wuhan-telecom,47.1987,0.0,icmp,1593463440,2020-06-29 20:44:00+00:00
264836334,jinan-telecom,wuhan-telecom,39.4406,0.0,icmp,1593463579,2020-06-29 20:46:19+00:00
264836557,jinan-telecom,wuhan-telecom,46.6002,0.0,icmp,1593463680,2020-06-29 20:48:00+00:00
264836833,jinan-telecom,wuhan-telecom,47.3429,0.0,icmp,1593463800,2020-06-29 20:50:00+00:00
264836995,jinan-telecom,wuhan-telecom,47.2869,0.0,icmp,1593463920,2020-06-29 20:52:00+00:00
264837251,jinan-telecom,wuhan-telecom,50.5385,0.0,icmp,1593464040,2020-06-29 20:54:00+00:00
264837459,jinan-telecom,wuhan-telecom,46.8312,0.0,icmp,1593464160,2020-06-29 20:56:00+00:00
264837689,jinan-telecom,wuhan-telecom,46.4493,0.0,icmp,1593464280,2020-06-29 20:58:00+00:00
264837903,jinan-telecom,wuhan-telecom,45.5606,0.0,icmp,1593464400,2020-06-29 21:00:00+00:00
264838130,jinan-telecom,wuhan-telecom,48.5823,0.0,icmp,1593464520,2020-06-29 21:02:00+00:00
264838350,jinan-telecom,wuhan-telecom,46.6707,0.0,icmp,1593464640,2020-06-29 21:04:00+00:00
264838588,jinan-telecom,wuhan-telecom,46.6312,0.0,icmp,1593464760,2020-06-29 21:06:00+00:00
264838793,jinan-telecom,wuhan-telecom,46.8187,0.0,icmp,1593464880,2020-06-29 21:08:00+00:00
264839037,jinan-telecom,wuhan-telecom,49.0352,0.0,icmp,1593465000,2020-06-29 21:10:00+00:00
264839260,jinan-telecom,wuhan-telecom,44.7007,0.0,icmp,1593465120,2020-06-29 21:12:00+00:00
264839470,jinan-telecom,wuhan-telecom,46.7478,0.0,icmp,1593465240,2020-06-29 21:14:00+00:00
264839732,jinan-telecom,wuhan-telecom,39.4704,0.0,icmp,1593465379,2020-06-29 21:16:19+00:00
264839940,jinan-telecom,wuhan-telecom,48.6294,0.0,icmp,1593465480,2020-06-29 21:18:00+00:00
264840154,jinan-telecom,wuhan-telecom,43.9956,0.0,icmp,1593465600,2020-06-29 21:20:00+00:00
264840376,jinan-telecom,wuhan-telecom,46.5462,0.0,icmp,1593465720,2020-06-29 21:22:00+00:00
264840592,jinan-telecom,wuhan-telecom,46.5778,0.0,icmp,1593465840,2020-06-29 21:24:00+00:00
264840829,jinan-telecom,wuhan-telecom,41.6846,0.0,icmp,1593465960,2020-06-29 21:26:00+00:00
264841097,jinan-telecom,wuhan-telecom,47.8584,0.0,icmp,1593466080,2020-06-29 21:28:00+00:00
264841273,jinan-telecom,wuhan-telecom,39.6655,0.0,icmp,1593466219,2020-06-29 21:30:19+00:00
264841510,jinan-telecom,wuhan-telecom,45.8039,0.0,icmp,1593466320,2020-06-29 21:32:00+00:00
264841726,jinan-telecom,wuhan-telecom,48.1172,0.0,icmp,1593466440,2020-06-29 21:34:00+00:00
264841948,jinan-telecom,wuhan-telecom,39.6575,0.0,icmp,1593466579,2020-06-29 21:36:19+00:00
264842192,jinan-telecom,wuhan-telecom,47.5728,0.0,icmp,1593466680,2020-06-29 21:38:00+00:00
264842381,jinan-telecom,wuhan-telecom,47.7313,0.0,icmp,1593466800,2020-06-29 21:40:00+00:00
264842617,jinan-telecom,wuhan-telecom,49.343,0.0,icmp,1593466920,2020-06-29 21:42:00+00:00
264842854,jinan-telecom,wuhan-telecom,39.4535,0.0,icmp,1593467059,2020-06-29 21:44:19+00:00
264843117,jinan-telecom,wuhan-telecom,39.423,0.0,icmp,1593467179,2020-06-29 21:46:19+00:00
264843336,jinan-telecom,wuhan-telecom,45.9802,0.0,icmp,1593467280,2020-06-29 21:48:00+00:00
264843539,jinan-telecom,wuhan-telecom,46.9841,0.0,icmp,1593467400,2020-06-29 21:50:00+00:00
264843754,jinan-telecom,wuhan-telecom,39.417,0.0,icmp,1593467539,2020-06-29 21:52:19+00:00
264844010,jinan-telecom,wuhan-telecom,47.8279,0.0,icmp,1593467640,2020-06-29 21:54:00+00:00
264844208,jinan-telecom,wuhan-telecom,39.5699,0.0,icmp,1593467779,2020-06-29 21:56:19+00:00
264844434,jinan-telecom,wuhan-telecom,46.1465,0.0,icmp,1593467880,2020-06-29 21:58:00+00:00
264844667,jinan-telecom,wuhan-telecom,48.4876,0.0,icmp,1593468000,2020-06-29 22:00:00+00:00
264844865,jinan-telecom,wuhan-telecom,45.3532,0.0,icmp,1593468120,2020-06-29 22:02:00+00:00
264845112,jinan-telecom,wuhan-telecom,39.4314,0.0,icmp,1593468259,2020-06-29 22:04:19+00:00
264845332,jinan-telecom,wuhan-telecom,49.0342,0.0,icmp,1593468360,2020-06-29 22:06:00+00:00
264845534,jinan-telecom,wuhan-telecom,48.0818,0.0,icmp,1593468480,2020-06-29 22:08:00+00:00
264845799,jinan-telecom,wuhan-telecom,49.6913,0.0,icmp,1593468600,2020-06-29 22:10:00+00:00
264846001,jinan-telecom,wuhan-telecom,46.3993,0.0,icmp,1593468720,2020-06-29 22:12:00+00:00
264846231,jinan-telecom,wuhan-telecom,47.5396,0.0,icmp,1593468840,2020-06-29 22:14:00+00:00
264846455,jinan-telecom,wuhan-telecom,47.2241,0.0,icmp,1593468960,2020-06-29 22:16:00+00:00
264846653,jinan-telecom,wuhan-telecom,46.9369,0.0,icmp,1593469080,2020-06-29 22:18:00+00:00
264846913,jinan-telecom,wuhan-telecom,46.7153,0.0,icmp,1593469200,2020-06-29 22:20:00+00:00
264847164,jinan-telecom,wuhan-telecom,39.6558,0.0,icmp,1593469339,2020-06-29 22:22:19+00:00
264847367,jinan-telecom,wuhan-telecom,48.2198,0.0,icmp,1593469440,2020-06-29 22:24:00+00:00
264847598,jinan-telecom,wuhan-telecom,48.4903,0.0,icmp,1593469560,2020-06-29 22:26:00+00:00
264847836,jinan-telecom,wuhan-telecom,39.4486,0.0,icmp,1593469639,2020-06-29 22:27:19+00:00
264848030,jinan-telecom,wuhan-telecom,45.7054,0.0,icmp,1593469800,2020-06-29 22:30:00+00:00
264848256,jinan-telecom,wuhan-telecom,48.8237,0.0,icmp,1593469920,2020-06-29 22:32:00+00:00
264848471,jinan-telecom,wuhan-telecom,42.2997,0.0,icmp,1593470040,2020-06-29 22:34:00+00:00
264848694,jinan-telecom,wuhan-telecom,46.4502,0.0,icmp,1593470160,2020-06-29 22:36:00+00:00
264848929,jinan-telecom,wuhan-telecom,45.7222,0.0,icmp,1593470280,2020-06-29 22:38:00+00:00
264849161,jinan-telecom,wuhan-telecom,49.4696,0.0,icmp,1593470400,2020-06-29 22:40:00+00:00
264849390,jinan-telecom,wuhan-telecom,45.8346,0.0,icmp,1593470520,2020-06-29 22:42:00+00:00
264849611,jinan-telecom,wuhan-telecom,44.6455,0.0,icmp,1593470640,2020-06-29 22:44:00+00:00
264849823,jinan-telecom,wuhan-telecom,39.708,0.0,icmp,1593470719,2020-06-29 22:45:19+00:00
264850068,jinan-telecom,wuhan-telecom,39.6578,0.0,icmp,1593470839,2020-06-29 22:47:19+00:00
264850263,jinan-telecom,wuhan-telecom,49.2545,0.0,icmp,1593471000,2020-06-29 22:50:00+00:00
264850501,jinan-telecom,wuhan-telecom,46.5705,0.0,icmp,1593471120,2020-06-29 22:52:00+00:00
264850725,jinan-telecom,wuhan-telecom,40.4782,0.0,icmp,1593471240,2020-06-29 22:54:00+00:00
264850949,jinan-telecom,wuhan-telecom,39.4135,0.0,icmp,1593471379,2020-06-29 22:56:19+00:00
264851178,jinan-telecom,wuhan-telecom,47.8689,0.0,icmp,1593471480,2020-06-29 22:58:00+00:00
264851395,jinan-telecom,wuhan-telecom,48.5423,0.0,icmp,1593471600,2020-06-29 23:00:00+00:00
264851628,jinan-telecom,wuhan-telecom,39.4063,0.0,icmp,1593471679,2020-06-29 23:01:19+00:00
264851868,jinan-telecom,wuhan-telecom,46.3148,0.0,icmp,1593471840,2020-06-29 23:04:00+00:00
264852065,jinan-telecom,wuhan-telecom,48.2206,0.0,icmp,1593471960,2020-06-29 23:06:00+00:00
264852314,jinan-telecom,wuhan-telecom,47.1289,0.0,icmp,1593472080,2020-06-29 23:08:00+00:00
264852504,jinan-telecom,wuhan-telecom,39.4624,0.0,icmp,1593472219,2020-06-29 23:10:19+00:00
264852783,jinan-telecom,wuhan-telecom,45.8506,0.0,icmp,1593472320,2020-06-29 23:12:00+00:00
264852980,jinan-telecom,wuhan-telecom,47.481,0.0,icmp,1593472440,2020-06-29 23:14:00+00:00
264853192,jinan-telecom,wuhan-telecom,39.4644,0.0,icmp,1593472519,2020-06-29 23:15:19+00:00
264853425,jinan-telecom,wuhan-telecom,39.833,0.0,icmp,1593472680,2020-06-29 23:18:00+00:00
264853653,jinan-telecom,wuhan-telecom,48.1522,0.0,icmp,1593472800,2020-06-29 23:20:00+00:00
264853896,jinan-telecom,wuhan-telecom,46.4426,0.0,icmp,1593472920,2020-06-29 23:22:00+00:00
264854069,jinan-telecom,wuhan-telecom,41.9263,0.0,icmp,1593473040,2020-06-29 23:24:00+00:00
264854340,jinan-telecom,wuhan-telecom,42.8986,0.0,icmp,1593473160,2020-06-29 23:26:00+00:00
264854546,jinan-telecom,wuhan-telecom,46.357,0.0,icmp,1593473280,2020-06-29 23:28:00+00:00
264854806,jinan-telecom,wuhan-telecom,40.4399,0.0,icmp,1593473400,2020-06-29 23:30:00+00:00
264855026,jinan-telecom,wuhan-telecom,47.1996,0.0,icmp,1593473520,2020-06-29 23:32:00+00:00
264855234,jinan-telecom,wuhan-telecom,39.5066,0.0,icmp,1593473659,2020-06-29 23:34:19+00:00
264855489,jinan-telecom,wuhan-telecom,48.3722,0.0,icmp,1593473760,2020-06-29 23:36:00+00:00
264855688,jinan-telecom,wuhan-telecom,48.6482,0.0,icmp,1593473880,2020-06-29 23:38:00+00:00
264855908,jinan-telecom,wuhan-telecom,39.6235,0.0,icmp,1593474019,2020-06-29 23:40:19+00:00
264856164,jinan-telecom,wuhan-telecom,45.6399,0.0,icmp,1593474120,2020-06-29 23:42:00+00:00
264856359,jinan-telecom,wuhan-telecom,46.8818,0.0,icmp,1593474240,2020-06-29 23:44:00+00:00
264856592,jinan-telecom,wuhan-telecom,47.0045,0.0,icmp,1593474360,2020-06-29 23:46:00+00:00
264856814,jinan-telecom,wuhan-telecom,48.1074,0.0,icmp,1593474480,2020-06-29 23:48:00+00:00
264857031,jinan-telecom,wuhan-telecom,47.6667,0.0,icmp,1593474600,2020-06-29 23:50:00+00:00
264857249,jinan-telecom,wuhan-telecom,39.4555,0.0,icmp,1593474739,2020-06-29 23:52:19+00:00
264857528,jinan-telecom,wuhan-telecom,45.4507,0.0,icmp,1593474840,2020-06-29 23:54:00+00:00
264857665,jinan-telecom,wuhan-telecom,39.4943,0.0,icmp,1593474919,2020-06-29 23:55:19+00:00
264857927,jinan-telecom,wuhan-telecom,39.7804,0.0,icmp,1593475039,2020-06-29 23:57:19+00:00
264858166,jinan-telecom,wuhan-telecom,48.6848,0.0,icmp,1593475200,2020-06-30 00:00:00+00:00
264858386,jinan-telecom,wuhan-telecom,46.8182,0.0,icmp,1593475320,2020-06-30 00:02:00+00:00
264858592,jinan-telecom,wuhan-telecom,47.1041,0.0,icmp,1593475440,2020-06-30 00:04:00+00:00
264858823,jinan-telecom,wuhan-telecom,48.3458,0.0,icmp,1593475560,2020-06-30 00:06:00+00:00
264859039,jinan-telecom,wuhan-telecom,40.9624,0.0,icmp,1593475680,2020-06-30 00:08:00+00:00
264859331,jinan-telecom,wuhan-telecom,41.8872,0.0,icmp,1593475800,2020-06-30 00:10:00+00:00
264859502,jinan-telecom,wuhan-telecom,47.479,0.0,icmp,1593475920,2020-06-30 00:12:00+00:00
264859717,jinan-telecom,wuhan-telecom,46.5767,0.0,icmp,1593476040,2020-06-30 00:14:00+00:00
264859938,jinan-telecom,wuhan-telecom,48.2295,0.0,icmp,1593476160,2020-06-30 00:16:00+00:00
264860199,jinan-telecom,wuhan-telecom,46.1784,0.0,icmp,1593476280,2020-06-30 00:18:00+00:00
264860434,jinan-telecom,wuhan-telecom,46.0833,0.0,icmp,1593476400,2020-06-30 00:20:00+00:00
264860618,jinan-telecom,wuhan-telecom,47.5177,0.0,icmp,1593476520,2020-06-30 00:22:00+00:00
264860877,jinan-telecom,wuhan-telecom,45.3544,0.0,icmp,1593476640,2020-06-30 00:24:00+00:00
264861095,jinan-telecom,wuhan-telecom,39.4874,0.0,icmp,1593476779,2020-06-30 00:26:19+00:00
264861317,jinan-telecom,wuhan-telecom,46.7788,0.0,icmp,1593476880,2020-06-30 00:28:00+00:00
264861514,jinan-telecom,wuhan-telecom,46.2893,0.0,icmp,1593477000,2020-06-30 00:30:00+00:00
264861761,jinan-telecom,wuhan-telecom,39.4945,0.0,icmp,1593477079,2020-06-30 00:31:19+00:00
264861972,jinan-telecom,wuhan-telecom,47.5586,0.0,icmp,1593477240,2020-06-30 00:34:00+00:00
264862221,jinan-telecom,wuhan-telecom,48.7647,0.0,icmp,1593477360,2020-06-30 00:36:00+00:00
264862458,jinan-telecom,wuhan-telecom,44.9141,0.0,icmp,1593477480,2020-06-30 00:38:00+00:00
264862657,jinan-telecom,wuhan-telecom,46.8524,0.0,icmp,1593477600,2020-06-30 00:40:00+00:00
264862896,jinan-telecom,wuhan-telecom,46.4121,0.0,icmp,1593477720,2020-06-30 00:42:00+00:00
264863100,jinan-telecom,wuhan-telecom,47.1533,0.0,icmp,1593477840,2020-06-30 00:44:00+00:00
264863318,jinan-telecom,wuhan-telecom,47.1045,0.0,icmp,1593477960,2020-06-30 00:46:00+00:00
264863558,jinan-telecom,wuhan-telecom,46.6368,0.0,icmp,1593478080,2020-06-30 00:48:00+00:00
264863791,jinan-telecom,wuhan-telecom,48.4561,0.0,icmp,1593478200,2020-06-30 00:50:00+00:00
264864002,jinan-telecom,wuhan-telecom,47.8911,0.0,icmp,1593478320,2020-06-30 00:52:00+00:00
264864230,jinan-telecom,wuhan-telecom,39.4329,0.0,icmp,1593478399,2020-06-30 00:53:19+00:00
264864449,jinan-telecom,wuhan-telecom,43.4097,0.0,icmp,1593478560,2020-06-30 00:56:00+00:00
264864686,jinan-telecom,wuhan-telecom,47.2197,0.0,icmp,1593478680,2020-06-30 00:58:00+00:00
264864893,jinan-telecom,wuhan-telecom,47.456,0.0,icmp,1593478800,2020-06-30 01:00:00+00:00
264865157,jinan-telecom,wuhan-telecom,43.9046,0.0,icmp,1593478920,2020-06-30 01:02:00+00:00
264865341,jinan-telecom,wuhan-telecom,48.9235,0.0,icmp,1593479040,2020-06-30 01:04:00+00:00
264865569,jinan-telecom,wuhan-telecom,47.0209,0.0,icmp,1593479160,2020-06-30 01:06:00+00:00
264865842,jinan-telecom,wuhan-telecom,40.6747,0.0,icmp,1593479280,2020-06-30 01:08:00+00:00
264866020,jinan-telecom,wuhan-telecom,45.5689,0.0,icmp,1593479400,2020-06-30 01:10:00+00:00
264866282,jinan-telecom,wuhan-telecom,48.2098,0.0,icmp,1593479520,2020-06-30 01:12:00+00:00
264866475,jinan-telecom,wuhan-telecom,45.8311,0.0,icmp,1593479640,2020-06-30 01:14:00+00:00
264866718,jinan-telecom,wuhan-telecom,48.2841,0.0,icmp,1593479760,2020-06-30 01:16:00+00:00
264866923,jinan-telecom,wuhan-telecom,46.2157,0.0,icmp,1593479880,2020-06-30 01:18:00+00:00
264867125,jinan-telecom,wuhan-telecom,47.2396,0.0,icmp,1593480000,2020-06-30 01:20:00+00:00
264867367,jinan-telecom,wuhan-telecom,46.7053,0.0,icmp,1593480120,2020-06-30 01:22:00+00:00
264867601,jinan-telecom,wuhan-telecom,47.1927,0.0,icmp,1593480240,2020-06-30 01:24:00+00:00
264867841,jinan-telecom,wuhan-telecom,39.5695,0.0,icmp,1593480319,2020-06-30 01:25:19+00:00
264868024,jinan-telecom,wuhan-telecom,47.7446,0.0,icmp,1593480480,2020-06-30 01:28:00+00:00
264868272,jinan-telecom,wuhan-telecom,46.4376,0.0,icmp,1593480600,2020-06-30 01:30:00+00:00
264868517,jinan-telecom,wuhan-telecom,39.4566,0.0,icmp,1593480679,2020-06-30 01:31:19+00:00
264868728,jinan-telecom,wuhan-telecom,39.4663,0.0,icmp,1593480799,2020-06-30 01:33:19+00:00
264868979,jinan-telecom,wuhan-telecom,45.2779,0.0,icmp,1593480960,2020-06-30 01:36:00+00:00
264869163,jinan-telecom,wuhan-telecom,39.7351,0.0,icmp,1593481039,2020-06-30 01:37:19+00:00
264869410,jinan-telecom,wuhan-telecom,46.1335,0.0,icmp,1593481200,2020-06-30 01:40:00+00:00
264869619,jinan-telecom,wuhan-telecom,48.2831,0.0,icmp,1593481320,2020-06-30 01:42:00+00:00
264869864,jinan-telecom,wuhan-telecom,39.5718,0.0,icmp,1593481459,2020-06-30 01:44:19+00:00
264870101,jinan-telecom,wuhan-telecom,49.3488,0.0,icmp,1593481560,2020-06-30 01:46:00+00:00
264870288,jinan-telecom,wuhan-telecom,43.2207,0.0,icmp,1593481680,2020-06-30 01:48:00+00:00
264870514,jinan-telecom,wuhan-telecom,48.8552,0.0,icmp,1593481800,2020-06-30 01:50:00+00:00
264870770,jinan-telecom,wuhan-telecom,45.2495,0.0,icmp,1593481920,2020-06-30 01:52:00+00:00
264870964,jinan-telecom,wuhan-telecom,39.5337,0.0,icmp,1593481999,2020-06-30 01:53:19+00:00
264871233,jinan-telecom,wuhan-telecom,47.2994,0.0,icmp,1593482160,2020-06-30 01:56:00+00:00
264871430,jinan-telecom,wuhan-telecom,48.564,0.0,icmp,1593482280,2020-06-30 01:58:00+00:00
264871662,jinan-telecom,wuhan-telecom,46.2272,0.0,icmp,1593482400,2020-06-30 02:00:00+00:00
264871866,jinan-telecom,wuhan-telecom,48.0579,0.0,icmp,1593482520,2020-06-30 02:02:00+00:00
264872189,jinan-telecom,wuhan-telecom,47.3223,0.0,icmp,1593482640,2020-06-30 02:04:00+00:00
264872303,jinan-telecom,wuhan-telecom,44.2804,0.0,icmp,1593482760,2020-06-30 02:06:00+00:00
264872560,jinan-telecom,wuhan-telecom,46.7319,0.0,icmp,1593482880,2020-06-30 02:08:00+00:00
264872764,jinan-telecom,wuhan-telecom,46.9736,0.0,icmp,1593483000,2020-06-30 02:10:00+00:00
264872904,jinan-telecom,wuhan-telecom,48.2262,0.0,icmp,1593483120,2020-06-30 02:12:00+00:00
264873190,jinan-telecom,wuhan-telecom,43.3274,0.0,icmp,1593483240,2020-06-30 02:14:00+00:00
264873463,jinan-telecom,wuhan-telecom,44.6548,0.0,icmp,1593483360,2020-06-30 02:16:00+00:00
264873664,jinan-telecom,wuhan-telecom,39.42,0.0,icmp,1593483439,2020-06-30 02:17:19+00:00
264873923,jinan-telecom,wuhan-telecom,46.9784,0.0,icmp,1593483600,2020-06-30 02:20:00+00:00
264874192,jinan-telecom,wuhan-telecom,46.1215,0.0,icmp,1593483720,2020-06-30 02:22:00+00:00
264874378,jinan-telecom,wuhan-telecom,47.618,0.0,icmp,1593483840,2020-06-30 02:24:00+00:00
264874616,jinan-telecom,wuhan-telecom,42.3966,0.0,icmp,1593483960,2020-06-30 02:26:00+00:00
264874759,jinan-telecom,wuhan-telecom,48.3105,0.0,icmp,1593484080,2020-06-30 02:28:00+00:00
264874994,jinan-telecom,wuhan-telecom,47.694,0.0,icmp,1593484200,2020-06-30 02:30:00+00:00
264875275,jinan-telecom,wuhan-telecom,46.7739,0.0,icmp,1593484320,2020-06-30 02:32:00+00:00
264875445,jinan-telecom,wuhan-telecom,50.6588,0.0,icmp,1593484440,2020-06-30 02:34:00+00:00
264875704,jinan-telecom,wuhan-telecom,50.6409,0.0,icmp,1593484560,2020-06-30 02:36:00+00:00
264875933,jinan-telecom,wuhan-telecom,43.9683,0.0,icmp,1593484680,2020-06-30 02:38:00+00:00
264876173,jinan-telecom,wuhan-telecom,46.8484,0.0,icmp,1593484800,2020-06-30 02:40:00+00:00
264876379,jinan-telecom,wuhan-telecom,47.4992,0.0,icmp,1593484920,2020-06-30 02:42:00+00:00
264876606,jinan-telecom,wuhan-telecom,48.0022,0.0,icmp,1593485040,2020-06-30 02:44:00+00:00
264876826,jinan-telecom,wuhan-telecom,46.6743,0.0,icmp,1593485160,2020-06-30 02:46:00+00:00
264877030,jinan-telecom,wuhan-telecom,46.5,0.0,icmp,1593485280,2020-06-30 02:48:00+00:00
264877281,jinan-telecom,wuhan-telecom,49.1961,0.0,icmp,1593485400,2020-06-30 02:50:00+00:00
264877520,jinan-telecom,wuhan-telecom,47.2267,0.0,icmp,1593485520,2020-06-30 02:52:00+00:00
264877714,jinan-telecom,wuhan-telecom,47.2097,0.0,icmp,1593485640,2020-06-30 02:54:00+00:00
264877958,jinan-telecom,wuhan-telecom,46.3788,0.0,icmp,1593485760,2020-06-30 02:56:00+00:00
264878201,jinan-telecom,wuhan-telecom,47.3064,0.0,icmp,1593485880,2020-06-30 02:58:00+00:00
264878433,jinan-telecom,wuhan-telecom,47.6492,0.0,icmp,1593486000,2020-06-30 03:00:00+00:00
264878641,jinan-telecom,wuhan-telecom,39.5394,0.0,icmp,1593486139,2020-06-30 03:02:19+00:00
264878829,jinan-telecom,wuhan-telecom,48.5967,0.0,icmp,1593486240,2020-06-30 03:04:00+00:00
264879075,jinan-telecom,wuhan-telecom,42.2716,0.0,icmp,1593486360,2020-06-30 03:06:00+00:00
264879281,jinan-telecom,wuhan-telecom,39.8444,0.0,icmp,1593486480,2020-06-30 03:08:00+00:00
264879538,jinan-telecom,wuhan-telecom,39.5974,0.0,icmp,1593486559,2020-06-30 03:09:19+00:00
264879761,jinan-telecom,wuhan-telecom,39.6255,0.0,icmp,1593486664,2020-06-30 03:11:04+00:00
264879969,jinan-telecom,wuhan-telecom,48.6864,0.0,icmp,1593486840,2020-06-30 03:14:00+00:00
264880207,jinan-telecom,wuhan-telecom,39.4616,0.0,icmp,1593486979,2020-06-30 03:16:19+00:00
264880357,jinan-telecom,wuhan-telecom,48.034,0.0,icmp,1593487080,2020-06-30 03:18:00+00:00
264880681,jinan-telecom,wuhan-telecom,47.0135,0.0,icmp,1593487200,2020-06-30 03:20:00+00:00
264880968,jinan-telecom,wuhan-telecom,46.791,0.0,icmp,1593487320,2020-06-30 03:22:00+00:00
264881103,jinan-telecom,wuhan-telecom,48.1252,0.0,icmp,1593487440,2020-06-30 03:24:00+00:00
264881271,jinan-telecom,wuhan-telecom,48.2414,0.0,icmp,1593487560,2020-06-30 03:26:00+00:00
264881553,jinan-telecom,wuhan-telecom,48.4961,0.0,icmp,1593487680,2020-06-30 03:28:00+00:00
264881871,jinan-telecom,wuhan-telecom,42.675,0.0,icmp,1593487800,2020-06-30 03:30:00+00:00
264881992,jinan-telecom,wuhan-telecom,44.4779,0.0,icmp,1593487920,2020-06-30 03:32:00+00:00
264882223,jinan-telecom,wuhan-telecom,48.2805,0.0,icmp,1593488040,2020-06-30 03:34:00+00:00
264882443,jinan-telecom,wuhan-telecom,42.1756,0.0,icmp,1593488160,2020-06-30 03:36:00+00:00
264882672,jinan-telecom,wuhan-telecom,47.7621,0.0,icmp,1593488280,2020-06-30 03:38:00+00:00
264882901,jinan-telecom,wuhan-telecom,41.8934,0.0,icmp,1593488400,2020-06-30 03:40:00+00:00
264883129,jinan-telecom,wuhan-telecom,45.7001,0.0,icmp,1593488520,2020-06-30 03:42:00+00:00
264883359,jinan-telecom,wuhan-telecom,47.4141,0.0,icmp,1593488640,2020-06-30 03:44:00+00:00
264883613,jinan-telecom,wuhan-telecom,47.6551,0.0,icmp,1593488760,2020-06-30 03:46:00+00:00
264883810,jinan-telecom,wuhan-telecom,39.4392,0.0,icmp,1593488899,2020-06-30 03:48:19+00:00
264884040,jinan-telecom,wuhan-telecom,43.3141,0.0,icmp,1593489000,2020-06-30 03:50:00+00:00
264884249,jinan-telecom,wuhan-telecom,39.5084,0.0,icmp,1593489139,2020-06-30 03:52:19+00:00
264884507,jinan-telecom,wuhan-telecom,47.793,0.0,icmp,1593489240,2020-06-30 03:54:00+00:00
264884647,jinan-telecom,wuhan-telecom,43.517,0.0,icmp,1593489360,2020-06-30 03:56:00+00:00
264884910,jinan-telecom,wuhan-telecom,39.4511,0.0,icmp,1593489439,2020-06-30 03:57:19+00:00
264885130,jinan-telecom,wuhan-telecom,49.5388,0.0,icmp,1593489600,2020-06-30 04:00:00+00:00
264885443,jinan-telecom,wuhan-telecom,47.6868,0.0,icmp,1593489720,2020-06-30 04:02:00+00:00
264885647,jinan-telecom,wuhan-telecom,39.6274,0.0,icmp,1593489799,2020-06-30 04:03:19+00:00
264885824,jinan-telecom,wuhan-telecom,39.4519,0.0,icmp,1593489979,2020-06-30 04:06:19+00:00
264886017,jinan-telecom,wuhan-telecom,49.2991,0.0,icmp,1593490080,2020-06-30 04:08:00+00:00
264886214,jinan-telecom,wuhan-telecom,47.077,0.0,icmp,1593490200,2020-06-30 04:10:00+00:00
264886555,jinan-telecom,wuhan-telecom,46.8909,0.0,icmp,1593490320,2020-06-30 04:12:00+00:00
264886709,jinan-telecom,wuhan-telecom,39.7649,0.0,icmp,1593490399,2020-06-30 04:13:19+00:00
264886964,jinan-telecom,wuhan-telecom,47.7548,0.0,icmp,1593490560,2020-06-30 04:16:00+00:00
264887137,jinan-telecom,wuhan-telecom,48.0814,0.0,icmp,1593490680,2020-06-30 04:18:00+00:00
264887401,jinan-telecom,wuhan-telecom,39.5582,0.0,icmp,1593490744,2020-06-30 04:19:04+00:00
264887681,jinan-telecom,wuhan-telecom,47.6296,0.0,icmp,1593490920,2020-06-30 04:22:00+00:00
264887876,jinan-telecom,wuhan-telecom,39.7185,0.0,icmp,1593490999,2020-06-30 04:23:19+00:00
264888084,jinan-telecom,wuhan-telecom,40.3679,0.0,icmp,1593491160,2020-06-30 04:26:00+00:00
264888294,jinan-telecom,wuhan-telecom,46.8169,0.0,icmp,1593491280,2020-06-30 04:28:00+00:00
264888578,jinan-telecom,wuhan-telecom,49.3049,0.0,icmp,1593491400,2020-06-30 04:30:00+00:00
264888796,jinan-telecom,wuhan-telecom,47.3121,0.0,icmp,1593491520,2020-06-30 04:32:00+00:00
264889001,jinan-telecom,wuhan-telecom,46.5414,0.0,icmp,1593491640,2020-06-30 04:34:00+00:00
264889180,jinan-telecom,wuhan-telecom,39.7828,0.0,icmp,1593491719,2020-06-30 04:35:19+00:00
264889437,jinan-telecom,wuhan-telecom,47.6812,0.0,icmp,1593491880,2020-06-30 04:38:00+00:00
264889646,jinan-telecom,wuhan-telecom,46.1158,0.0,icmp,1593492000,2020-06-30 04:40:00+00:00
264889884,jinan-telecom,wuhan-telecom,41.0206,0.0,icmp,1593492120,2020-06-30 04:42:00+00:00
264890102,jinan-telecom,wuhan-telecom,42.8366,0.0,icmp,1593492240,2020-06-30 04:44:00+00:00
264890317,jinan-telecom,wuhan-telecom,40.9699,0.0,icmp,1593492360,2020-06-30 04:46:00+00:00
264890555,jinan-telecom,wuhan-telecom,47.2179,0.0,icmp,1593492480,2020-06-30 04:48:00+00:00
264890800,jinan-telecom,wuhan-telecom,39.6384,0.0,icmp,1593492559,2020-06-30 04:49:19+00:00
264890997,jinan-telecom,wuhan-telecom,48.8247,0.0,icmp,1593492720,2020-06-30 04:52:00+00:00
264891250,jinan-telecom,wuhan-telecom,46.6181,0.0,icmp,1593492840,2020-06-30 04:54:00+00:00
264891461,jinan-telecom,wuhan-telecom,47.5499,0.0,icmp,1593492960,2020-06-30 04:56:00+00:00
264891681,jinan-telecom,wuhan-telecom,44.4013,0.0,icmp,1593493024,2020-06-30 04:57:04+00:00
264891905,jinan-telecom,wuhan-telecom,47.267,0.0,icmp,1593493200,2020-06-30 05:00:00+00:00
264892141,jinan-telecom,wuhan-telecom,39.4101,0.0,icmp,1593493279,2020-06-30 05:01:19+00:00
264892401,jinan-telecom,wuhan-telecom,46.0916,0.0,icmp,1593493440,2020-06-30 05:04:00+00:00
264892556,jinan-telecom,wuhan-telecom,39.5947,0.0,icmp,1593493505,2020-06-30 05:05:05+00:00
264892826,jinan-telecom,wuhan-telecom,39.4373,0.0,icmp,1593493699,2020-06-30 05:08:19+00:00
264893024,jinan-telecom,wuhan-telecom,46.1932,0.0,icmp,1593493800,2020-06-30 05:10:00+00:00
264893255,jinan-telecom,wuhan-telecom,39.4247,0.0,icmp,1593493879,2020-06-30 05:11:19+00:00
264893499,jinan-telecom,wuhan-telecom,39.4826,0.0,icmp,1593493999,2020-06-30 05:13:19+00:00
264893685,jinan-telecom,wuhan-telecom,48.0826,0.0,icmp,1593494160,2020-06-30 05:16:00+00:00
264893910,jinan-telecom,wuhan-telecom,39.437,0.0,icmp,1593494239,2020-06-30 05:17:19+00:00
264894183,jinan-telecom,wuhan-telecom,39.7407,0.0,icmp,1593494419,2020-06-30 05:20:19+00:00
264894381,jinan-telecom,wuhan-telecom,48.1069,0.0,icmp,1593494520,2020-06-30 05:22:00+00:00
264894584,jinan-telecom,wuhan-telecom,39.4954,0.0,icmp,1593494659,2020-06-30 05:24:19+00:00
264894836,jinan-telecom,wuhan-telecom,46.219,0.0,icmp,1593494760,2020-06-30 05:26:00+00:00
264895007,jinan-telecom,wuhan-telecom,46.3572,0.0,icmp,1593494880,2020-06-30 05:28:00+00:00
264895270,jinan-telecom,wuhan-telecom,46.6281,0.0,icmp,1593495000,2020-06-30 05:30:00+00:00
264895512,jinan-telecom,wuhan-telecom,46.619,0.0,icmp,1593495120,2020-06-30 05:32:00+00:00
264895761,jinan-telecom,wuhan-telecom,45.001,0.0,icmp,1593495244,2020-06-30 05:34:04+00:00
264895968,jinan-telecom,wuhan-telecom,48.4442,0.0,icmp,1593495360,2020-06-30 05:36:00+00:00
264896219,jinan-telecom,wuhan-telecom,47.3754,0.0,icmp,1593495480,2020-06-30 05:38:00+00:00
264896412,jinan-telecom,wuhan-telecom,47.1456,0.0,icmp,1593495600,2020-06-30 05:40:00+00:00
264896648,jinan-telecom,wuhan-telecom,45.5993,0.0,icmp,1593495720,2020-06-30 05:42:00+00:00
264896843,jinan-telecom,wuhan-telecom,46.1818,0.0,icmp,1593495840,2020-06-30 05:44:00+00:00
264897081,jinan-telecom,wuhan-telecom,47.7708,0.0,icmp,1593495960,2020-06-30 05:46:00+00:00
264897297,jinan-telecom,wuhan-telecom,45.3792,0.0,icmp,1593496080,2020-06-30 05:48:00+00:00
264897518,jinan-telecom,wuhan-telecom,46.2984,0.0,icmp,1593496200,2020-06-30 05:50:00+00:00
264897751,jinan-telecom,wuhan-telecom,49.0095,0.0,icmp,1593496320,2020-06-30 05:52:00+00:00
264898004,jinan-telecom,wuhan-telecom,47.3247,0.0,icmp,1593496440,2020-06-30 05:54:00+00:00
264898206,jinan-telecom,wuhan-telecom,48.0394,0.0,icmp,1593496560,2020-06-30 05:56:00+00:00
264898417,jinan-telecom,wuhan-telecom,39.5662,0.0,icmp,1593496699,2020-06-30 05:58:19+00:00
264898665,jinan-telecom,wuhan-telecom,44.7921,0.0,icmp,1593496800,2020-06-30 06:00:00+00:00
264898857,jinan-telecom,wuhan-telecom,46.4598,0.0,icmp,1593496920,2020-06-30 06:02:00+00:00
264899132,jinan-telecom,wuhan-telecom,40.341,0.0,icmp,1593497040,2020-06-30 06:04:00+00:00
264899366,jinan-telecom,wuhan-telecom,44.4859,0.0,icmp,1593497160,2020-06-30 06:06:00+00:00
264899539,jinan-telecom,wuhan-telecom,39.4961,0.0,icmp,1593497239,2020-06-30 06:07:19+00:00
264899747,jinan-telecom,wuhan-telecom,39.5346,0.0,icmp,1593497419,2020-06-30 06:10:19+00:00
264900004,jinan-telecom,wuhan-telecom,39.4446,0.0,icmp,1593497539,2020-06-30 06:12:19+00:00
264900223,jinan-telecom,wuhan-telecom,46.1821,0.0,icmp,1593497640,2020-06-30 06:14:00+00:00
264900477,jinan-telecom,wuhan-telecom,48.1996,0.0,icmp,1593497760,2020-06-30 06:16:00+00:00
264900684,jinan-telecom,wuhan-telecom,50.6129,0.0,icmp,1593497880,2020-06-30 06:18:00+00:00
264900886,jinan-telecom,wuhan-telecom,39.6304,0.0,icmp,1593497945,2020-06-30 06:19:05+00:00
264901123,jinan-telecom,wuhan-telecom,46.9353,0.0,icmp,1593498120,2020-06-30 06:22:00+00:00
264901373,jinan-telecom,wuhan-telecom,47.6838,0.0,icmp,1593498240,2020-06-30 06:24:00+00:00
264901587,jinan-telecom,wuhan-telecom,48.1047,0.0,icmp,1593498360,2020-06-30 06:26:00+00:00
264901823,jinan-telecom,wuhan-telecom,46.4437,0.0,icmp,1593498480,2020-06-30 06:28:00+00:00
264902039,jinan-telecom,wuhan-telecom,50.3137,0.0,icmp,1593498600,2020-06-30 06:30:00+00:00
264902264,jinan-telecom,wuhan-telecom,47.6099,0.0,icmp,1593498720,2020-06-30 06:32:00+00:00
264902495,jinan-telecom,wuhan-telecom,42.8171,0.0,icmp,1593498840,2020-06-30 06:34:00+00:00
264902690,jinan-telecom,wuhan-telecom,48.4372,0.0,icmp,1593498960,2020-06-30 06:36:00+00:00
264902934,jinan-telecom,wuhan-telecom,46.9796,0.0,icmp,1593499080,2020-06-30 06:38:00+00:00
264903160,jinan-telecom,wuhan-telecom,39.5336,0.0,icmp,1593499219,2020-06-30 06:40:19+00:00
264903398,jinan-telecom,wuhan-telecom,46.5347,0.0,icmp,1593499320,2020-06-30 06:42:00+00:00
264903605,jinan-telecom,wuhan-telecom,46.448,0.0,icmp,1593499440,2020-06-30 06:44:00+00:00
264903842,jinan-telecom,wuhan-telecom,47.2464,0.0,icmp,1593499560,2020-06-30 06:46:00+00:00
267018441,jinan-telecom,wuhan-telecom,39.3391,0.0,icmp,1593108799,2020-06-25 18:13:19+00:00
267018677,jinan-telecom,wuhan-telecom,39.6842,0.0,icmp,1593108919,2020-06-25 18:15:19+00:00
267018898,jinan-telecom,wuhan-telecom,47.5114,0.0,icmp,1593109080,2020-06-25 18:18:00+00:00
267019148,jinan-telecom,wuhan-telecom,39.3955,0.0,icmp,1593109159,2020-06-25 18:19:19+00:00
267019368,jinan-telecom,wuhan-telecom,39.387,0.0,icmp,1593109339,2020-06-25 18:22:19+00:00
267019580,jinan-telecom,wuhan-telecom,47.4691,0.0,icmp,1593109440,2020-06-25 18:24:00+00:00
267019809,jinan-telecom,wuhan-telecom,46.4163,0.0,icmp,1593109560,2020-06-25 18:26:00+00:00
267020020,jinan-telecom,wuhan-telecom,46.0553,0.0,icmp,1593109680,2020-06-25 18:28:00+00:00
267020253,jinan-telecom,wuhan-telecom,46.8901,0.0,icmp,1593109800,2020-06-25 18:30:00+00:00
267020463,jinan-telecom,wuhan-telecom,48.8391,0.0,icmp,1593109920,2020-06-25 18:32:00+00:00
267020691,jinan-telecom,wuhan-telecom,39.3725,0.0,icmp,1593110059,2020-06-25 18:34:19+00:00
267020937,jinan-telecom,wuhan-telecom,47.5262,0.0,icmp,1593110160,2020-06-25 18:36:00+00:00
267021155,jinan-telecom,wuhan-telecom,42.8088,0.0,icmp,1593110280,2020-06-25 18:38:00+00:00
267021379,jinan-telecom,wuhan-telecom,48.9517,0.0,icmp,1593110400,2020-06-25 18:40:00+00:00
267021587,jinan-telecom,wuhan-telecom,45.858,0.0,icmp,1593110520,2020-06-25 18:42:00+00:00
267021818,jinan-telecom,wuhan-telecom,46.948,0.0,icmp,1593110640,2020-06-25 18:44:00+00:00
267022034,jinan-telecom,wuhan-telecom,46.9018,0.0,icmp,1593110760,2020-06-25 18:46:00+00:00
267022258,jinan-telecom,wuhan-telecom,46.6694,0.0,icmp,1593110880,2020-06-25 18:48:00+00:00
267022488,jinan-telecom,wuhan-telecom,46.9771,0.0,icmp,1593111000,2020-06-25 18:50:00+00:00
267022719,jinan-telecom,wuhan-telecom,48.1925,0.0,icmp,1593111120,2020-06-25 18:52:00+00:00
267022919,jinan-telecom,wuhan-telecom,47.3158,0.0,icmp,1593111240,2020-06-25 18:54:00+00:00
267023181,jinan-telecom,wuhan-telecom,44.9392,0.0,icmp,1593111360,2020-06-25 18:56:00+00:00
267023389,jinan-telecom,wuhan-telecom,47.1659,0.0,icmp,1593111480,2020-06-25 18:58:00+00:00
267023634,jinan-telecom,wuhan-telecom,45.9806,0.0,icmp,1593111600,2020-06-25 19:00:00+00:00
267023832,jinan-telecom,wuhan-telecom,41.4015,0.0,icmp,1593111720,2020-06-25 19:02:00+00:00
267024077,jinan-telecom,wuhan-telecom,46.9946,0.0,icmp,1593111840,2020-06-25 19:04:00+00:00
267024306,jinan-telecom,wuhan-telecom,49.411,0.0,icmp,1593111960,2020-06-25 19:06:00+00:00
267024526,jinan-telecom,wuhan-telecom,45.6393,0.0,icmp,1593112080,2020-06-25 19:08:00+00:00
267024749,jinan-telecom,wuhan-telecom,46.1515,0.0,icmp,1593112200,2020-06-25 19:10:00+00:00
267024971,jinan-telecom,wuhan-telecom,48.3389,0.0,icmp,1593112320,2020-06-25 19:12:00+00:00
267025192,jinan-telecom,wuhan-telecom,46.4562,0.0,icmp,1593112440,2020-06-25 19:14:00+00:00
267025431,jinan-telecom,wuhan-telecom,46.7965,0.0,icmp,1593112560,2020-06-25 19:16:00+00:00
267025635,jinan-telecom,wuhan-telecom,47.056,0.0,icmp,1593112680,2020-06-25 19:18:00+00:00
267025869,jinan-telecom,wuhan-telecom,49.1774,0.0,icmp,1593112800,2020-06-25 19:20:00+00:00
267026096,jinan-telecom,wuhan-telecom,47.2482,0.0,icmp,1593112920,2020-06-25 19:22:00+00:00
267026305,jinan-telecom,wuhan-telecom,39.4444,0.0,icmp,1593112999,2020-06-25 19:23:19+00:00
267026529,jinan-telecom,wuhan-telecom,46.3198,0.0,icmp,1593113160,2020-06-25 19:26:00+00:00
267026753,jinan-telecom,wuhan-telecom,39.7896,0.0,icmp,1593113299,2020-06-25 19:28:19+00:00
267027001,jinan-telecom,wuhan-telecom,47.5872,0.0,icmp,1593113400,2020-06-25 19:30:00+00:00
267027227,jinan-telecom,wuhan-telecom,47.3063,0.0,icmp,1593113520,2020-06-25 19:32:00+00:00
267027429,jinan-telecom,wuhan-telecom,45.0879,0.0,icmp,1593113640,2020-06-25 19:34:00+00:00
267027664,jinan-telecom,wuhan-telecom,46.2882,0.0,icmp,1593113760,2020-06-25 19:36:00+00:00
267027880,jinan-telecom,wuhan-telecom,39.3584,0.0,icmp,1593113839,2020-06-25 19:37:19+00:00
267028119,jinan-telecom,wuhan-telecom,48.7721,0.0,icmp,1593114000,2020-06-25 19:40:00+00:00
267028364,jinan-telecom,wuhan-telecom,39.3488,0.0,icmp,1593114139,2020-06-25 19:42:19+00:00
267028570,jinan-telecom,wuhan-telecom,39.348,0.0,icmp,1593114259,2020-06-25 19:44:19+00:00
267028792,jinan-telecom,wuhan-telecom,46.4211,0.0,icmp,1593114360,2020-06-25 19:46:00+00:00
267029008,jinan-telecom,wuhan-telecom,39.4931,0.0,icmp,1593114485,2020-06-25 19:48:05+00:00
267029261,jinan-telecom,wuhan-telecom,49.887,0.0,icmp,1593114600,2020-06-25 19:50:00+00:00
267029470,jinan-telecom,wuhan-telecom,51.5528,0.0,icmp,1593114720,2020-06-25 19:52:00+00:00
267029685,jinan-telecom,wuhan-telecom,50.7941,0.0,icmp,1593114840,2020-06-25 19:54:00+00:00
267029912,jinan-telecom,wuhan-telecom,47.5165,0.0,icmp,1593114960,2020-06-25 19:56:00+00:00
267030133,jinan-telecom,wuhan-telecom,44.5783,0.0,icmp,1593115080,2020-06-25 19:58:00+00:00
267030361,jinan-telecom,wuhan-telecom,46.9567,0.0,icmp,1593115200,2020-06-25 20:00:00+00:00
267030581,jinan-telecom,wuhan-telecom,45.3898,0.0,icmp,1593115320,2020-06-25 20:02:00+00:00
267030805,jinan-telecom,wuhan-telecom,39.9079,0.0,icmp,1593115440,2020-06-25 20:04:00+00:00
267031047,jinan-telecom,wuhan-telecom,44.5225,0.0,icmp,1593115560,2020-06-25 20:06:00+00:00
267031274,jinan-telecom,wuhan-telecom,39.3575,0.0,icmp,1593115639,2020-06-25 20:07:19+00:00
267031487,jinan-telecom,wuhan-telecom,39.4424,0.0,icmp,1593115804,2020-06-25 20:10:04+00:00
267031707,jinan-telecom,wuhan-telecom,47.4442,0.0,icmp,1593115920,2020-06-25 20:12:00+00:00
267031935,jinan-telecom,wuhan-telecom,45.3219,0.0,icmp,1593116040,2020-06-25 20:14:00+00:00
267032152,jinan-telecom,wuhan-telecom,46.5096,0.0,icmp,1593116160,2020-06-25 20:16:00+00:00
267032388,jinan-telecom,wuhan-telecom,47.3368,0.0,icmp,1593116280,2020-06-25 20:18:00+00:00
267032602,jinan-telecom,wuhan-telecom,47.2568,0.0,icmp,1593116400,2020-06-25 20:20:00+00:00
267032837,jinan-telecom,wuhan-telecom,46.1609,0.0,icmp,1593116520,2020-06-25 20:22:00+00:00
267033083,jinan-telecom,wuhan-telecom,48.1126,0.0,icmp,1593116640,2020-06-25 20:24:00+00:00
267033292,jinan-telecom,wuhan-telecom,48.869,0.0,icmp,1593116760,2020-06-25 20:26:00+00:00
267033516,jinan-telecom,wuhan-telecom,39.4467,0.0,icmp,1593116839,2020-06-25 20:27:19+00:00
267033747,jinan-telecom,wuhan-telecom,49.3959,0.0,icmp,1593117000,2020-06-25 20:30:00+00:00
267033950,jinan-telecom,wuhan-telecom,45.5386,0.0,icmp,1593117064,2020-06-25 20:31:04+00:00
267034178,jinan-telecom,wuhan-telecom,45.5242,0.0,icmp,1593117240,2020-06-25 20:34:00+00:00
267034416,jinan-telecom,wuhan-telecom,41.489,0.0,icmp,1593117360,2020-06-25 20:36:00+00:00
267034630,jinan-telecom,wuhan-telecom,47.9731,0.0,icmp,1593117480,2020-06-25 20:38:00+00:00
267034853,jinan-telecom,wuhan-telecom,46.2698,0.0,icmp,1593117600,2020-06-25 20:40:00+00:00
267035071,jinan-telecom,wuhan-telecom,48.3188,0.0,icmp,1593117720,2020-06-25 20:42:00+00:00
267035326,jinan-telecom,wuhan-telecom,39.4468,0.0,icmp,1593117799,2020-06-25 20:43:19+00:00
267035544,jinan-telecom,wuhan-telecom,47.1974,0.0,icmp,1593117960,2020-06-25 20:46:00+00:00
267035775,jinan-telecom,wuhan-telecom,45.5029,0.0,icmp,1593118080,2020-06-25 20:48:00+00:00
267036011,jinan-telecom,wuhan-telecom,48.3171,0.0,icmp,1593118200,2020-06-25 20:50:00+00:00
267036231,jinan-telecom,wuhan-telecom,50.1568,0.0,icmp,1593118320,2020-06-25 20:52:00+00:00
267036433,jinan-telecom,wuhan-telecom,48.1788,0.0,icmp,1593118440,2020-06-25 20:54:00+00:00
267036660,jinan-telecom,wuhan-telecom,46.5532,0.0,icmp,1593118560,2020-06-25 20:56:00+00:00
267036879,jinan-telecom,wuhan-telecom,47.3537,0.0,icmp,1593118680,2020-06-25 20:58:00+00:00
267037111,jinan-telecom,wuhan-telecom,49.2601,0.0,icmp,1593118800,2020-06-25 21:00:00+00:00
267037345,jinan-telecom,wuhan-telecom,49.8663,0.0,icmp,1593118920,2020-06-25 21:02:00+00:00
267037566,jinan-telecom,wuhan-telecom,46.6133,0.0,icmp,1593119040,2020-06-25 21:04:00+00:00
267037792,jinan-telecom,wuhan-telecom,43.5833,0.0,icmp,1593119160,2020-06-25 21:06:00+00:00
267038007,jinan-telecom,wuhan-telecom,48.7688,0.0,icmp,1593119280,2020-06-25 21:08:00+00:00
267038227,jinan-telecom,wuhan-telecom,46.1139,0.0,icmp,1593119400,2020-06-25 21:10:00+00:00
267038474,jinan-telecom,wuhan-telecom,48.6716,0.0,icmp,1593119520,2020-06-25 21:12:00+00:00
267038702,jinan-telecom,wuhan-telecom,39.4227,0.0,icmp,1593119599,2020-06-25 21:13:19+00:00
267038919,jinan-telecom,wuhan-telecom,39.3301,0.0,icmp,1593119719,2020-06-25 21:15:19+00:00
267039132,jinan-telecom,wuhan-telecom,43.7865,0.0,icmp,1593119884,2020-06-25 21:18:04+00:00
267039372,jinan-telecom,wuhan-telecom,48.5118,0.0,icmp,1593120000,2020-06-25 21:20:00+00:00
267039605,jinan-telecom,wuhan-telecom,45.9601,0.0,icmp,1593120120,2020-06-25 21:22:00+00:00
267039808,jinan-telecom,wuhan-telecom,39.3977,0.0,icmp,1593120259,2020-06-25 21:24:19+00:00
267040076,jinan-telecom,wuhan-telecom,49.2393,0.0,icmp,1593120360,2020-06-25 21:26:00+00:00
267040280,jinan-telecom,wuhan-telecom,39.4612,0.0,icmp,1593120439,2020-06-25 21:27:19+00:00
267040490,jinan-telecom,wuhan-telecom,44.8486,0.0,icmp,1593120600,2020-06-25 21:30:00+00:00
267040729,jinan-telecom,wuhan-telecom,49.3487,0.0,icmp,1593120720,2020-06-25 21:32:00+00:00
267040938,jinan-telecom,wuhan-telecom,39.2998,0.0,icmp,1593120859,2020-06-25 21:34:19+00:00
267041155,jinan-telecom,wuhan-telecom,46.8136,0.0,icmp,1593120960,2020-06-25 21:36:00+00:00
267041384,jinan-telecom,wuhan-telecom,39.3446,0.0,icmp,1593121099,2020-06-25 21:38:19+00:00
267041609,jinan-telecom,wuhan-telecom,48.5773,0.0,icmp,1593121200,2020-06-25 21:40:00+00:00
267041826,jinan-telecom,wuhan-telecom,46.7313,0.0,icmp,1593121320,2020-06-25 21:42:00+00:00
267042060,jinan-telecom,wuhan-telecom,45.9507,0.0,icmp,1593121440,2020-06-25 21:44:00+00:00
267042289,jinan-telecom,wuhan-telecom,39.7274,0.0,icmp,1593121579,2020-06-25 21:46:19+00:00
267042516,jinan-telecom,wuhan-telecom,46.0406,0.0,icmp,1593121680,2020-06-25 21:48:00+00:00
267042734,jinan-telecom,wuhan-telecom,39.2861,0.0,icmp,1593121759,2020-06-25 21:49:19+00:00
267042975,jinan-telecom,wuhan-telecom,41.4054,0.0,icmp,1593121920,2020-06-25 21:52:00+00:00
267043180,jinan-telecom,wuhan-telecom,39.3359,0.0,icmp,1593122059,2020-06-25 21:54:19+00:00
267043399,jinan-telecom,wuhan-telecom,39.3798,0.0,icmp,1593122179,2020-06-25 21:56:19+00:00
267043639,jinan-telecom,wuhan-telecom,41.0622,0.0,icmp,1593122280,2020-06-25 21:58:00+00:00
267043859,jinan-telecom,wuhan-telecom,39.3354,0.0,icmp,1593122359,2020-06-25 21:59:19+00:00
267044105,jinan-telecom,wuhan-telecom,45.2244,0.0,icmp,1593122520,2020-06-25 22:02:00+00:00
267044309,jinan-telecom,wuhan-telecom,48.1692,0.0,icmp,1593122640,2020-06-25 22:04:00+00:00
267044532,jinan-telecom,wuhan-telecom,48.224,0.0,icmp,1593122760,2020-06-25 22:06:00+00:00
267044759,jinan-telecom,wuhan-telecom,47.3839,0.0,icmp,1593122880,2020-06-25 22:08:00+00:00
267044984,jinan-telecom,wuhan-telecom,47.6866,0.0,icmp,1593123000,2020-06-25 22:10:00+00:00
267045209,jinan-telecom,wuhan-telecom,39.5371,0.0,icmp,1593123079,2020-06-25 22:11:19+00:00
267045470,jinan-telecom,wuhan-telecom,46.9123,0.0,icmp,1593123240,2020-06-25 22:14:00+00:00
267045668,jinan-telecom,wuhan-telecom,47.2767,0.0,icmp,1593123360,2020-06-25 22:16:00+00:00
267045866,jinan-telecom,wuhan-telecom,39.5347,0.0,icmp,1593123439,2020-06-25 22:17:19+00:00
267046114,jinan-telecom,wuhan-telecom,39.4823,0.0,icmp,1593123604,2020-06-25 22:20:04+00:00
267046327,jinan-telecom,wuhan-telecom,47.2168,0.0,icmp,1593123720,2020-06-25 22:22:00+00:00
267046557,jinan-telecom,wuhan-telecom,47.3529,0.0,icmp,1593123840,2020-06-25 22:24:00+00:00
267046759,jinan-telecom,wuhan-telecom,45.0612,0.0,icmp,1593123960,2020-06-25 22:26:00+00:00
267047019,jinan-telecom,wuhan-telecom,46.49,0.0,icmp,1593124080,2020-06-25 22:28:00+00:00
267047250,jinan-telecom,wuhan-telecom,39.3852,0.0,icmp,1593124159,2020-06-25 22:29:19+00:00
267047451,jinan-telecom,wuhan-telecom,49.6697,0.0,icmp,1593124320,2020-06-25 22:32:00+00:00
267047689,jinan-telecom,wuhan-telecom,40.0864,0.0,icmp,1593124440,2020-06-25 22:34:00+00:00
267047916,jinan-telecom,wuhan-telecom,45.8094,0.0,icmp,1593124560,2020-06-25 22:36:00+00:00
267048162,jinan-telecom,wuhan-telecom,39.5555,0.0,icmp,1593124639,2020-06-25 22:37:19+00:00
267048356,jinan-telecom,wuhan-telecom,39.3458,0.0,icmp,1593124759,2020-06-25 22:39:19+00:00
267048594,jinan-telecom,wuhan-telecom,39.3211,0.0,icmp,1593124879,2020-06-25 22:41:19+00:00
267048811,jinan-telecom,wuhan-telecom,39.3246,0.0,icmp,1593125059,2020-06-25 22:44:19+00:00
267049030,jinan-telecom,wuhan-telecom,46.0509,0.0,icmp,1593125160,2020-06-25 22:46:00+00:00
267049269,jinan-telecom,wuhan-telecom,47.6861,0.0,icmp,1593125280,2020-06-25 22:48:00+00:00
267049485,jinan-telecom,wuhan-telecom,39.3508,0.0,icmp,1593125419,2020-06-25 22:50:19+00:00
267049701,jinan-telecom,wuhan-telecom,46.5957,0.0,icmp,1593125520,2020-06-25 22:52:00+00:00
267049952,jinan-telecom,wuhan-telecom,48.6278,0.0,icmp,1593125640,2020-06-25 22:54:00+00:00
267050157,jinan-telecom,wuhan-telecom,39.3138,0.0,icmp,1593125719,2020-06-25 22:55:19+00:00
267050382,jinan-telecom,wuhan-telecom,39.3692,0.0,icmp,1593125899,2020-06-25 22:58:19+00:00
267050598,jinan-telecom,wuhan-telecom,39.3354,0.0,icmp,1593126019,2020-06-25 23:00:19+00:00
267050849,jinan-telecom,wuhan-telecom,46.9656,0.0,icmp,1593126120,2020-06-25 23:02:00+00:00
267051062,jinan-telecom,wuhan-telecom,46.4899,0.0,icmp,1593126240,2020-06-25 23:04:00+00:00
267051287,jinan-telecom,wuhan-telecom,39.5123,0.0,icmp,1593126379,2020-06-25 23:06:19+00:00
267051520,jinan-telecom,wuhan-telecom,48.4471,0.0,icmp,1593126480,2020-06-25 23:08:00+00:00
267051744,jinan-telecom,wuhan-telecom,47.91,0.0,icmp,1593126600,2020-06-25 23:10:00+00:00
267051952,jinan-telecom,wuhan-telecom,39.6414,0.0,icmp,1593126739,2020-06-25 23:12:19+00:00
267052193,jinan-telecom,wuhan-telecom,46.5828,0.0,icmp,1593126840,2020-06-25 23:14:00+00:00
267052394,jinan-telecom,wuhan-telecom,46.4817,0.0,icmp,1593126960,2020-06-25 23:16:00+00:00
267052642,jinan-telecom,wuhan-telecom,46.5918,0.0,icmp,1593127080,2020-06-25 23:18:00+00:00
267052861,jinan-telecom,wuhan-telecom,48.6401,0.0,icmp,1593127200,2020-06-25 23:20:00+00:00
267053085,jinan-telecom,wuhan-telecom,39.3309,0.0,icmp,1593127339,2020-06-25 23:22:19+00:00
267053308,jinan-telecom,wuhan-telecom,39.3902,0.0,icmp,1593127459,2020-06-25 23:24:19+00:00
267053522,jinan-telecom,wuhan-telecom,47.0359,0.0,icmp,1593127560,2020-06-25 23:26:00+00:00
267053767,jinan-telecom,wuhan-telecom,47.3497,0.0,icmp,1593127680,2020-06-25 23:28:00+00:00
267053984,jinan-telecom,wuhan-telecom,46.5575,0.0,icmp,1593127800,2020-06-25 23:30:00+00:00
267054220,jinan-telecom,wuhan-telecom,47.3833,0.0,icmp,1593127920,2020-06-25 23:32:00+00:00
267054431,jinan-telecom,wuhan-telecom,39.3194,0.0,icmp,1593127999,2020-06-25 23:33:19+00:00
267054680,jinan-telecom,wuhan-telecom,40.8374,0.0,icmp,1593128160,2020-06-25 23:36:00+00:00
267054902,jinan-telecom,wuhan-telecom,47.6872,0.0,icmp,1593128280,2020-06-25 23:38:00+00:00
267055140,jinan-telecom,wuhan-telecom,39.498,0.0,icmp,1593128359,2020-06-25 23:39:19+00:00
267055323,jinan-telecom,wuhan-telecom,39.3627,0.0,icmp,1593128479,2020-06-25 23:41:19+00:00
267055563,jinan-telecom,wuhan-telecom,47.153,0.0,icmp,1593128640,2020-06-25 23:44:00+00:00
267055776,jinan-telecom,wuhan-telecom,51.9719,0.0,icmp,1593128760,2020-06-25 23:46:00+00:00
267056008,jinan-telecom,wuhan-telecom,48.1509,0.0,icmp,1593128880,2020-06-25 23:48:00+00:00
267056227,jinan-telecom,wuhan-telecom,46.2429,0.0,icmp,1593129000,2020-06-25 23:50:00+00:00
267056482,jinan-telecom,wuhan-telecom,47.0272,0.0,icmp,1593129120,2020-06-25 23:52:00+00:00
267056690,jinan-telecom,wuhan-telecom,47.5596,0.0,icmp,1593129240,2020-06-25 23:54:00+00:00
267056919,jinan-telecom,wuhan-telecom,46.6533,0.0,icmp,1593129360,2020-06-25 23:56:00+00:00
267057134,jinan-telecom,wuhan-telecom,46.7133,0.0,icmp,1593129480,2020-06-25 23:58:00+00:00
267057361,jinan-telecom,wuhan-telecom,45.0054,0.0,icmp,1593129600,2020-06-26 00:00:00+00:00
267057589,jinan-telecom,wuhan-telecom,48.8185,0.0,icmp,1593129720,2020-06-26 00:02:00+00:00
267057805,jinan-telecom,wuhan-telecom,39.4944,0.0,icmp,1593129799,2020-06-26 00:03:19+00:00
267058040,jinan-telecom,wuhan-telecom,47.0376,0.0,icmp,1593129960,2020-06-26 00:06:00+00:00
267058278,jinan-telecom,wuhan-telecom,42.0197,0.0,icmp,1593130080,2020-06-26 00:08:00+00:00
267058477,jinan-telecom,wuhan-telecom,39.4642,0.0,icmp,1593130159,2020-06-26 00:09:19+00:00
267058728,jinan-telecom,wuhan-telecom,39.4697,0.0,icmp,1593130279,2020-06-26 00:11:19+00:00
267058938,jinan-telecom,wuhan-telecom,39.5899,0.0,icmp,1593130459,2020-06-26 00:14:19+00:00
267059168,jinan-telecom,wuhan-telecom,47.3028,0.0,icmp,1593130560,2020-06-26 00:16:00+00:00
267059373,jinan-telecom,wuhan-telecom,48.6621,0.0,icmp,1593130680,2020-06-26 00:18:00+00:00
267059614,jinan-telecom,wuhan-telecom,48.9229,0.0,icmp,1593130800,2020-06-26 00:20:00+00:00
267059836,jinan-telecom,wuhan-telecom,39.366,0.0,icmp,1593130879,2020-06-26 00:21:19+00:00
267060072,jinan-telecom,wuhan-telecom,47.639,0.0,icmp,1593131040,2020-06-26 00:24:00+00:00
267060301,jinan-telecom,wuhan-telecom,46.7214,0.0,icmp,1593131160,2020-06-26 00:26:00+00:00
267060514,jinan-telecom,wuhan-telecom,41.4468,0.0,icmp,1593131280,2020-06-26 00:28:00+00:00
267060739,jinan-telecom,wuhan-telecom,49.2456,0.0,icmp,1593131400,2020-06-26 00:30:00+00:00
267060997,jinan-telecom,wuhan-telecom,50.0515,0.0,icmp,1593131520,2020-06-26 00:32:00+00:00
267061182,jinan-telecom,wuhan-telecom,39.4611,0.0,icmp,1593131599,2020-06-26 00:33:19+00:00
267061411,jinan-telecom,wuhan-telecom,40.8223,0.0,icmp,1593131760,2020-06-26 00:36:00+00:00
267061640,jinan-telecom,wuhan-telecom,48.8929,0.0,icmp,1593131880,2020-06-26 00:38:00+00:00
267061876,jinan-telecom,wuhan-telecom,48.5733,0.0,icmp,1593132000,2020-06-26 00:40:00+00:00
267062103,jinan-telecom,wuhan-telecom,39.5097,0.0,icmp,1593132139,2020-06-26 00:42:19+00:00
267062331,jinan-telecom,wuhan-telecom,43.8614,0.0,icmp,1593132240,2020-06-26 00:44:00+00:00
267062560,jinan-telecom,wuhan-telecom,47.3264,0.0,icmp,1593132360,2020-06-26 00:46:00+00:00
267062753,jinan-telecom,wuhan-telecom,47.9003,0.0,icmp,1593132480,2020-06-26 00:48:00+00:00
267063000,jinan-telecom,wuhan-telecom,48.0863,0.0,icmp,1593132600,2020-06-26 00:50:00+00:00
267063207,jinan-telecom,wuhan-telecom,48.2821,0.0,icmp,1593132720,2020-06-26 00:52:00+00:00
267063451,jinan-telecom,wuhan-telecom,47.8672,0.0,icmp,1593132840,2020-06-26 00:54:00+00:00
267063654,jinan-telecom,wuhan-telecom,39.4252,0.0,icmp,1593132979,2020-06-26 00:56:19+00:00
267063892,jinan-telecom,wuhan-telecom,46.3802,0.0,icmp,1593133080,2020-06-26 00:58:00+00:00
267064117,jinan-telecom,wuhan-telecom,46.5446,0.0,icmp,1593133200,2020-06-26 01:00:00+00:00
267064331,jinan-telecom,wuhan-telecom,47.3989,0.0,icmp,1593133320,2020-06-26 01:02:00+00:00
267064574,jinan-telecom,wuhan-telecom,39.3236,0.0,icmp,1593133399,2020-06-26 01:03:19+00:00
267064779,jinan-telecom,wuhan-telecom,46.0219,0.0,icmp,1593133560,2020-06-26 01:06:00+00:00
267065024,jinan-telecom,wuhan-telecom,42.5417,0.0,icmp,1593133680,2020-06-26 01:08:00+00:00
267065233,jinan-telecom,wuhan-telecom,39.3896,0.0,icmp,1593133759,2020-06-26 01:09:19+00:00
267065464,jinan-telecom,wuhan-telecom,39.7097,0.0,icmp,1593133939,2020-06-26 01:12:19+00:00
267065689,jinan-telecom,wuhan-telecom,48.9905,0.0,icmp,1593134040,2020-06-26 01:14:00+00:00
267065901,jinan-telecom,wuhan-telecom,49.0821,0.0,icmp,1593134160,2020-06-26 01:16:00+00:00
267066139,jinan-telecom,wuhan-telecom,47.2055,0.0,icmp,1593134280,2020-06-26 01:18:00+00:00
267066353,jinan-telecom,wuhan-telecom,46.7867,0.0,icmp,1593134400,2020-06-26 01:20:00+00:00
267066603,jinan-telecom,wuhan-telecom,39.844,0.0,icmp,1593134479,2020-06-26 01:21:19+00:00
267066795,jinan-telecom,wuhan-telecom,48.6892,0.0,icmp,1593134640,2020-06-26 01:24:00+00:00
267067048,jinan-telecom,wuhan-telecom,39.4096,0.0,icmp,1593134779,2020-06-26 01:26:19+00:00
267067252,jinan-telecom,wuhan-telecom,47.2199,0.0,icmp,1593134880,2020-06-26 01:28:00+00:00
267067488,jinan-telecom,wuhan-telecom,46.9736,0.0,icmp,1593135000,2020-06-26 01:30:00+00:00
267067714,jinan-telecom,wuhan-telecom,46.7951,0.0,icmp,1593135120,2020-06-26 01:32:00+00:00
267067939,jinan-telecom,wuhan-telecom,46.3738,0.0,icmp,1593135240,2020-06-26 01:34:00+00:00
267068145,jinan-telecom,wuhan-telecom,39.3225,0.0,icmp,1593135319,2020-06-26 01:35:19+00:00
267068399,jinan-telecom,wuhan-telecom,39.324,0.0,icmp,1593135439,2020-06-26 01:37:19+00:00
267068608,jinan-telecom,wuhan-telecom,48.0035,0.0,icmp,1593135600,2020-06-26 01:40:00+00:00
267068851,jinan-telecom,wuhan-telecom,49.8707,0.0,icmp,1593135720,2020-06-26 01:42:00+00:00
267069053,jinan-telecom,wuhan-telecom,46.2267,0.0,icmp,1593135840,2020-06-26 01:44:00+00:00
267069282,jinan-telecom,wuhan-telecom,48.0397,0.0,icmp,1593135960,2020-06-26 01:46:00+00:00
267069504,jinan-telecom,wuhan-telecom,47.802,0.0,icmp,1593136080,2020-06-26 01:48:00+00:00
267069726,jinan-telecom,wuhan-telecom,39.5907,0.0,icmp,1593136159,2020-06-26 01:49:19+00:00
267069964,jinan-telecom,wuhan-telecom,47.862,0.0,icmp,1593136320,2020-06-26 01:52:00+00:00
267070184,jinan-telecom,wuhan-telecom,39.3525,0.0,icmp,1593136399,2020-06-26 01:53:19+00:00
267070409,jinan-telecom,wuhan-telecom,39.4976,0.0,icmp,1593136504,2020-06-26 01:55:04+00:00
267070656,jinan-telecom,wuhan-telecom,47.3293,0.0,icmp,1593136680,2020-06-26 01:58:00+00:00
267070857,jinan-telecom,wuhan-telecom,46.6611,0.0,icmp,1593136800,2020-06-26 02:00:00+00:00
267071094,jinan-telecom,wuhan-telecom,39.4876,0.0,icmp,1593136864,2020-06-26 02:01:04+00:00
267071298,jinan-telecom,wuhan-telecom,39.4825,0.0,icmp,1593136999,2020-06-26 02:03:19+00:00
267071520,jinan-telecom,wuhan-telecom,46.2293,0.0,icmp,1593137160,2020-06-26 02:06:00+00:00
267071754,jinan-telecom,wuhan-telecom,47.3787,0.0,icmp,1593137280,2020-06-26 02:08:00+00:00
267071996,jinan-telecom,wuhan-telecom,43.8598,0.0,icmp,1593137400,2020-06-26 02:10:00+00:00
267072200,jinan-telecom,wuhan-telecom,48.0977,0.0,icmp,1593137520,2020-06-26 02:12:00+00:00
267072444,jinan-telecom,wuhan-telecom,39.5077,0.0,icmp,1593137599,2020-06-26 02:13:19+00:00
267072657,jinan-telecom,wuhan-telecom,47.2899,0.0,icmp,1593137760,2020-06-26 02:16:00+00:00
267072874,jinan-telecom,wuhan-telecom,46.859,0.0,icmp,1593137880,2020-06-26 02:18:00+00:00
267073137,jinan-telecom,wuhan-telecom,48.8038,0.0,icmp,1593138000,2020-06-26 02:20:00+00:00
267073326,jinan-telecom,wuhan-telecom,39.3561,0.0,icmp,1593138139,2020-06-26 02:22:19+00:00
267073578,jinan-telecom,wuhan-telecom,46.1459,0.0,icmp,1593138240,2020-06-26 02:24:00+00:00
267073779,jinan-telecom,wuhan-telecom,47.5307,0.0,icmp,1593138360,2020-06-26 02:26:00+00:00
267074030,jinan-telecom,wuhan-telecom,45.9487,0.0,icmp,1593138480,2020-06-26 02:28:00+00:00
267074229,jinan-telecom,wuhan-telecom,46.8849,0.0,icmp,1593138600,2020-06-26 02:30:00+00:00
267074451,jinan-telecom,wuhan-telecom,46.7045,0.0,icmp,1593138720,2020-06-26 02:32:00+00:00
267074677,jinan-telecom,wuhan-telecom,44.3943,0.0,icmp,1593138840,2020-06-26 02:34:00+00:00
267074925,jinan-telecom,wuhan-telecom,47.6959,0.0,icmp,1593138960,2020-06-26 02:36:00+00:00
267075149,jinan-telecom,wuhan-telecom,39.6562,0.0,icmp,1593139099,2020-06-26 02:38:19+00:00
267075362,jinan-telecom,wuhan-telecom,42.9493,0.0,icmp,1593139200,2020-06-26 02:40:00+00:00
267075578,jinan-telecom,wuhan-telecom,47.3411,0.0,icmp,1593139320,2020-06-26 02:42:00+00:00
267075827,jinan-telecom,wuhan-telecom,46.6467,0.0,icmp,1593139440,2020-06-26 02:44:00+00:00
267076034,jinan-telecom,wuhan-telecom,39.3331,0.0,icmp,1593139519,2020-06-26 02:45:19+00:00
267076254,jinan-telecom,wuhan-telecom,48.5441,0.0,icmp,1593139680,2020-06-26 02:48:00+00:00
267076493,jinan-telecom,wuhan-telecom,45.9796,0.0,icmp,1593139800,2020-06-26 02:50:00+00:00
267076755,jinan-telecom,wuhan-telecom,47.9035,0.0,icmp,1593139920,2020-06-26 02:52:00+00:00
267076951,jinan-telecom,wuhan-telecom,39.4071,0.0,icmp,1593140059,2020-06-26 02:54:19+00:00
267077180,jinan-telecom,wuhan-telecom,47.1405,0.0,icmp,1593140160,2020-06-26 02:56:00+00:00
267077386,jinan-telecom,wuhan-telecom,46.4597,0.0,icmp,1593140280,2020-06-26 02:58:00+00:00
267077600,jinan-telecom,wuhan-telecom,47.2922,0.0,icmp,1593140400,2020-06-26 03:00:00+00:00
267077824,jinan-telecom,wuhan-telecom,39.4251,0.0,icmp,1593140479,2020-06-26 03:01:19+00:00
267078066,jinan-telecom,wuhan-telecom,39.8866,0.0,icmp,1593140640,2020-06-26 03:04:00+00:00
267078278,jinan-telecom,wuhan-telecom,46.7086,0.0,icmp,1593140760,2020-06-26 03:06:00+00:00
267078504,jinan-telecom,wuhan-telecom,46.1573,0.0,icmp,1593140880,2020-06-26 03:08:00+00:00
267078742,jinan-telecom,wuhan-telecom,44.9325,0.0,icmp,1593141000,2020-06-26 03:10:00+00:00
267078961,jinan-telecom,wuhan-telecom,39.3562,0.0,icmp,1593141139,2020-06-26 03:12:19+00:00
267079192,jinan-telecom,wuhan-telecom,48.3146,0.0,icmp,1593141240,2020-06-26 03:14:00+00:00
267079413,jinan-telecom,wuhan-telecom,48.7123,0.0,icmp,1593141360,2020-06-26 03:16:00+00:00
267079651,jinan-telecom,wuhan-telecom,48.933,0.0,icmp,1593141480,2020-06-26 03:18:00+00:00
267079902,jinan-telecom,wuhan-telecom,47.3066,0.0,icmp,1593141600,2020-06-26 03:20:00+00:00
267080102,jinan-telecom,wuhan-telecom,49.8357,0.0,icmp,1593141720,2020-06-26 03:22:00+00:00
267080324,jinan-telecom,wuhan-telecom,47.2246,0.0,icmp,1593141840,2020-06-26 03:24:00+00:00
267080542,jinan-telecom,wuhan-telecom,41.8423,0.0,icmp,1593141960,2020-06-26 03:26:00+00:00
267080750,jinan-telecom,wuhan-telecom,49.1069,0.0,icmp,1593142080,2020-06-26 03:28:00+00:00
267080980,jinan-telecom,wuhan-telecom,47.3682,0.0,icmp,1593142200,2020-06-26 03:30:00+00:00
267081217,jinan-telecom,wuhan-telecom,46.3257,0.0,icmp,1593142320,2020-06-26 03:32:00+00:00
267081432,jinan-telecom,wuhan-telecom,48.1781,0.0,icmp,1593142440,2020-06-26 03:34:00+00:00
267081660,jinan-telecom,wuhan-telecom,48.8187,0.0,icmp,1593142560,2020-06-26 03:36:00+00:00
267081885,jinan-telecom,wuhan-telecom,48.8065,0.0,icmp,1593142680,2020-06-26 03:38:00+00:00
267082117,jinan-telecom,wuhan-telecom,47.212,0.0,icmp,1593142800,2020-06-26 03:40:00+00:00
267082332,jinan-telecom,wuhan-telecom,39.4501,0.0,icmp,1593142879,2020-06-26 03:41:19+00:00
267082550,jinan-telecom,wuhan-telecom,46.4316,0.0,icmp,1593143040,2020-06-26 03:44:00+00:00
267082795,jinan-telecom,wuhan-telecom,39.4214,0.0,icmp,1593143179,2020-06-26 03:46:19+00:00
267083016,jinan-telecom,wuhan-telecom,47.4969,0.0,icmp,1593143280,2020-06-26 03:48:00+00:00
267083233,jinan-telecom,wuhan-telecom,47.5993,0.0,icmp,1593143400,2020-06-26 03:50:00+00:00
267083468,jinan-telecom,wuhan-telecom,47.2551,0.0,icmp,1593143520,2020-06-26 03:52:00+00:00
267083697,jinan-telecom,wuhan-telecom,39.3518,0.0,icmp,1593143659,2020-06-26 03:54:19+00:00
267083896,jinan-telecom,wuhan-telecom,45.6701,0.0,icmp,1593143760,2020-06-26 03:56:00+00:00
267084131,jinan-telecom,wuhan-telecom,46.8589,0.0,icmp,1593143880,2020-06-26 03:58:00+00:00
267084363,jinan-telecom,wuhan-telecom,49.4434,0.0,icmp,1593144000,2020-06-26 04:00:00+00:00
267084587,jinan-telecom,wuhan-telecom,47.943,0.0,icmp,1593144120,2020-06-26 04:02:00+00:00
267084796,jinan-telecom,wuhan-telecom,45.0122,0.0,icmp,1593144240,2020-06-26 04:04:00+00:00
267085045,jinan-telecom,wuhan-telecom,47.4018,0.0,icmp,1593144360,2020-06-26 04:06:00+00:00
267085250,jinan-telecom,wuhan-telecom,48.4753,0.0,icmp,1593144480,2020-06-26 04:08:00+00:00
267085492,jinan-telecom,wuhan-telecom,43.3897,0.0,icmp,1593144600,2020-06-26 04:10:00+00:00
267085697,jinan-telecom,wuhan-telecom,48.3779,0.0,icmp,1593144720,2020-06-26 04:12:00+00:00
267085932,jinan-telecom,wuhan-telecom,39.3362,0.0,icmp,1593144859,2020-06-26 04:14:19+00:00
267086148,jinan-telecom,wuhan-telecom,45.7605,0.0,icmp,1593144960,2020-06-26 04:16:00+00:00
267086406,jinan-telecom,wuhan-telecom,46.9707,0.0,icmp,1593145080,2020-06-26 04:18:00+00:00
267086603,jinan-telecom,wuhan-telecom,39.9173,0.0,icmp,1593145200,2020-06-26 04:20:00+00:00
267086828,jinan-telecom,wuhan-telecom,39.4984,0.0,icmp,1593145264,2020-06-26 04:21:04+00:00
267087072,jinan-telecom,wuhan-telecom,43.0692,0.0,icmp,1593145440,2020-06-26 04:24:00+00:00
267087289,jinan-telecom,wuhan-telecom,48.6477,0.0,icmp,1593145560,2020-06-26 04:26:00+00:00
267087516,jinan-telecom,wuhan-telecom,39.3488,0.0,icmp,1593145639,2020-06-26 04:27:19+00:00
267087724,jinan-telecom,wuhan-telecom,39.4255,0.0,icmp,1593145759,2020-06-26 04:29:19+00:00
267087961,jinan-telecom,wuhan-telecom,39.4125,0.0,icmp,1593145939,2020-06-26 04:32:19+00:00
267088178,jinan-telecom,wuhan-telecom,46.0114,0.0,icmp,1593146040,2020-06-26 04:34:00+00:00
267088409,jinan-telecom,wuhan-telecom,48.6913,0.0,icmp,1593146160,2020-06-26 04:36:00+00:00
267088627,jinan-telecom,wuhan-telecom,39.3616,0.0,icmp,1593146299,2020-06-26 04:38:19+00:00
267088869,jinan-telecom,wuhan-telecom,39.3532,0.0,icmp,1593146419,2020-06-26 04:40:19+00:00
267089089,jinan-telecom,wuhan-telecom,46.1424,0.0,icmp,1593146520,2020-06-26 04:42:00+00:00
267089317,jinan-telecom,wuhan-telecom,47.0238,0.0,icmp,1593146640,2020-06-26 04:44:00+00:00
267089532,jinan-telecom,wuhan-telecom,49.1514,0.0,icmp,1593146760,2020-06-26 04:46:00+00:00
267089765,jinan-telecom,wuhan-telecom,47.3606,0.0,icmp,1593146880,2020-06-26 04:48:00+00:00
267089992,jinan-telecom,wuhan-telecom,49.6605,0.0,icmp,1593147000,2020-06-26 04:50:00+00:00
267090262,jinan-telecom,wuhan-telecom,39.4447,0.0,icmp,1593147139,2020-06-26 04:52:19+00:00
267090443,jinan-telecom,wuhan-telecom,47.922,0.0,icmp,1593147240,2020-06-26 04:54:00+00:00
267090653,jinan-telecom,wuhan-telecom,39.3378,0.0,icmp,1593147379,2020-06-26 04:56:19+00:00
267090895,jinan-telecom,wuhan-telecom,49.4044,0.0,icmp,1593147480,2020-06-26 04:58:00+00:00
267091103,jinan-telecom,wuhan-telecom,49.8593,0.0,icmp,1593147600,2020-06-26 05:00:00+00:00
267091336,jinan-telecom,wuhan-telecom,39.556,0.0,icmp,1593147739,2020-06-26 05:02:19+00:00
267091568,jinan-telecom,wuhan-telecom,47.8947,0.0,icmp,1593147840,2020-06-26 05:04:00+00:00
267091792,jinan-telecom,wuhan-telecom,50.4301,0.0,icmp,1593147960,2020-06-26 05:06:00+00:00
267092029,jinan-telecom,wuhan-telecom,47.1501,0.0,icmp,1593148080,2020-06-26 05:08:00+00:00
267092225,jinan-telecom,wuhan-telecom,39.4215,0.0,icmp,1593148159,2020-06-26 05:09:19+00:00
267092464,jinan-telecom,wuhan-telecom,48.869,0.0,icmp,1593148320,2020-06-26 05:12:00+00:00
267092683,jinan-telecom,wuhan-telecom,43.0649,0.0,icmp,1593148440,2020-06-26 05:14:00+00:00
267092902,jinan-telecom,wuhan-telecom,46.8113,0.0,icmp,1593148560,2020-06-26 05:16:00+00:00
267093134,jinan-telecom,wuhan-telecom,39.4707,0.0,icmp,1593148684,2020-06-26 05:18:04+00:00
267093361,jinan-telecom,wuhan-telecom,39.3552,0.0,icmp,1593148819,2020-06-26 05:20:19+00:00
267093576,jinan-telecom,wuhan-telecom,39.8156,0.0,icmp,1593148939,2020-06-26 05:22:19+00:00
267093816,jinan-telecom,wuhan-telecom,49.4367,0.0,icmp,1593149040,2020-06-26 05:24:00+00:00
267094039,jinan-telecom,wuhan-telecom,41.0007,0.0,icmp,1593149160,2020-06-26 05:26:00+00:00
267094266,jinan-telecom,wuhan-telecom,48.1031,0.0,icmp,1593149280,2020-06-26 05:28:00+00:00
267094506,jinan-telecom,wuhan-telecom,45.0407,0.0,icmp,1593149400,2020-06-26 05:30:00+00:00
267094712,jinan-telecom,wuhan-telecom,48.2639,0.0,icmp,1593149520,2020-06-26 05:32:00+00:00
267094938,jinan-telecom,wuhan-telecom,47.9671,0.0,icmp,1593149640,2020-06-26 05:34:00+00:00
267095161,jinan-telecom,wuhan-telecom,47.1385,0.0,icmp,1593149760,2020-06-26 05:36:00+00:00
267095415,jinan-telecom,wuhan-telecom,39.392,0.0,icmp,1593149839,2020-06-26 05:37:19+00:00
267095632,jinan-telecom,wuhan-telecom,39.3458,0.0,icmp,1593149959,2020-06-26 05:39:19+00:00
267095887,jinan-telecom,wuhan-telecom,46.6783,0.0,icmp,1593150120,2020-06-26 05:42:00+00:00
267096052,jinan-telecom,wuhan-telecom,46.7203,0.0,icmp,1593150240,2020-06-26 05:44:00+00:00
267096286,jinan-telecom,wuhan-telecom,39.3977,0.0,icmp,1593150379,2020-06-26 05:46:19+00:00
267096504,jinan-telecom,wuhan-telecom,42.3946,0.0,icmp,1593150480,2020-06-26 05:48:00+00:00
267096772,jinan-telecom,wuhan-telecom,47.7853,0.0,icmp,1593150600,2020-06-26 05:50:00+00:00
267096966,jinan-telecom,wuhan-telecom,48.4329,0.0,icmp,1593150720,2020-06-26 05:52:00+00:00
267097195,jinan-telecom,wuhan-telecom,48.7648,0.0,icmp,1593150840,2020-06-26 05:54:00+00:00
267097439,jinan-telecom,wuhan-telecom,46.593,0.0,icmp,1593150960,2020-06-26 05:56:00+00:00
267097607,jinan-telecom,wuhan-telecom,39.5683,0.0,icmp,1593151099,2020-06-26 05:58:19+00:00
267097867,jinan-telecom,wuhan-telecom,42.5395,0.0,icmp,1593151200,2020-06-26 06:00:00+00:00
267098094,jinan-telecom,wuhan-telecom,48.1542,0.0,icmp,1593151320,2020-06-26 06:02:00+00:00
267098304,jinan-telecom,wuhan-telecom,39.4994,0.0,icmp,1593151459,2020-06-26 06:04:19+00:00
267098551,jinan-telecom,wuhan-telecom,46.0678,0.0,icmp,1593151560,2020-06-26 06:06:00+00:00
267098771,jinan-telecom,wuhan-telecom,45.4675,0.0,icmp,1593151680,2020-06-26 06:08:00+00:00
267098976,jinan-telecom,wuhan-telecom,39.4423,0.0,icmp,1593151759,2020-06-26 06:09:19+00:00
267099220,jinan-telecom,wuhan-telecom,47.8189,0.0,icmp,1593151920,2020-06-26 06:12:00+00:00
267099428,jinan-telecom,wuhan-telecom,46.9253,0.0,icmp,1593152040,2020-06-26 06:14:00+00:00
267099678,jinan-telecom,wuhan-telecom,39.5005,0.0,icmp,1593152179,2020-06-26 06:16:19+00:00
267099882,jinan-telecom,wuhan-telecom,39.38,0.0,icmp,1593152299,2020-06-26 06:18:19+00:00
267100109,jinan-telecom,wuhan-telecom,47.4131,0.0,icmp,1593152400,2020-06-26 06:20:00+00:00
267100366,jinan-telecom,wuhan-telecom,48.518,0.0,icmp,1593152520,2020-06-26 06:22:00+00:00
267100572,jinan-telecom,wuhan-telecom,48.2152,0.0,icmp,1593152640,2020-06-26 06:24:00+00:00
267100768,jinan-telecom,wuhan-telecom,39.518,0.0,icmp,1593152719,2020-06-26 06:25:19+00:00
267101024,jinan-telecom,wuhan-telecom,39.3522,0.0,icmp,1593152839,2020-06-26 06:27:19+00:00
267101230,jinan-telecom,wuhan-telecom,47.8139,0.0,icmp,1593153000,2020-06-26 06:30:00+00:00
267101471,jinan-telecom,wuhan-telecom,44.3913,0.0,icmp,1593153120,2020-06-26 06:32:00+00:00
267101694,jinan-telecom,wuhan-telecom,46.048,0.0,icmp,1593153240,2020-06-26 06:34:00+00:00
267101913,jinan-telecom,wuhan-telecom,45.886,0.0,icmp,1593153360,2020-06-26 06:36:00+00:00
267102135,jinan-telecom,wuhan-telecom,39.6465,0.0,icmp,1593153439,2020-06-26 06:37:19+00:00
267102365,jinan-telecom,wuhan-telecom,39.387,0.0,icmp,1593153559,2020-06-26 06:39:19+00:00
267102581,jinan-telecom,wuhan-telecom,48.8296,0.0,icmp,1593153720,2020-06-26 06:42:00+00:00
267102806,jinan-telecom,wuhan-telecom,48.1317,0.0,icmp,1593153840,2020-06-26 06:44:00+00:00
267103038,jinan-telecom,wuhan-telecom,39.3787,0.0,icmp,1593153979,2020-06-26 06:46:19+00:00
267103269,jinan-telecom,wuhan-telecom,48.6438,0.0,icmp,1593154080,2020-06-26 06:48:00+00:00
267103480,jinan-telecom,wuhan-telecom,47.0526,0.0,icmp,1593154200,2020-06-26 06:50:00+00:00
267103689,jinan-telecom,wuhan-telecom,39.3775,0.0,icmp,1593154339,2020-06-26 06:52:19+00:00
267103926,jinan-telecom,wuhan-telecom,45.438,0.0,icmp,1593154440,2020-06-26 06:54:00+00:00
267104160,jinan-telecom,wuhan-telecom,39.3483,0.0,icmp,1593154519,2020-06-26 06:55:19+00:00
267104430,jinan-telecom,wuhan-telecom,47.6998,0.0,icmp,1593154680,2020-06-26 06:58:00+00:00
267104622,jinan-telecom,wuhan-telecom,47.9782,0.0,icmp,1593154800,2020-06-26 07:00:00+00:00
267104839,jinan-telecom,wuhan-telecom,47.3945,0.0,icmp,1593154920,2020-06-26 07:02:00+00:00
267105075,jinan-telecom,wuhan-telecom,47.3785,0.0,icmp,1593155040,2020-06-26 07:04:00+00:00
267105292,jinan-telecom,wuhan-telecom,47.6265,0.0,icmp,1593155160,2020-06-26 07:06:00+00:00
267105506,jinan-telecom,wuhan-telecom,47.5054,0.0,icmp,1593155280,2020-06-26 07:08:00+00:00
267105742,jinan-telecom,wuhan-telecom,39.378,0.0,icmp,1593155359,2020-06-26 07:09:19+00:00
267105956,jinan-telecom,wuhan-telecom,47.3932,0.0,icmp,1593155520,2020-06-26 07:12:00+00:00
267106189,jinan-telecom,wuhan-telecom,46.5637,0.0,icmp,1593155640,2020-06-26 07:14:00+00:00
267106420,jinan-telecom,wuhan-telecom,46.1039,0.0,icmp,1593155760,2020-06-26 07:16:00+00:00
267106631,jinan-telecom,wuhan-telecom,46.8945,0.0,icmp,1593155880,2020-06-26 07:18:00+00:00
267106861,jinan-telecom,wuhan-telecom,47.2477,0.0,icmp,1593156000,2020-06-26 07:20:00+00:00
267107092,jinan-telecom,wuhan-telecom,39.4576,0.0,icmp,1593156126,2020-06-26 07:22:06+00:00
267107325,jinan-telecom,wuhan-telecom,48.3305,0.0,icmp,1593156240,2020-06-26 07:24:00+00:00
267107529,jinan-telecom,wuhan-telecom,48.326,0.0,icmp,1593156360,2020-06-26 07:26:00+00:00
267107771,jinan-telecom,wuhan-telecom,49.1287,0.0,icmp,1593156480,2020-06-26 07:28:00+00:00
267107971,jinan-telecom,wuhan-telecom,47.9183,0.0,icmp,1593156600,2020-06-26 07:30:00+00:00
267108200,jinan-telecom,wuhan-telecom,47.7873,0.0,icmp,1593156720,2020-06-26 07:32:00+00:00
267108446,jinan-telecom,wuhan-telecom,39.445,0.0,icmp,1593156844,2020-06-26 07:34:04+00:00
267108677,jinan-telecom,wuhan-telecom,47.3437,0.0,icmp,1593156960,2020-06-26 07:36:00+00:00
267108891,jinan-telecom,wuhan-telecom,39.5972,0.0,icmp,1593157099,2020-06-26 07:38:19+00:00
267109087,jinan-telecom,wuhan-telecom,39.6572,0.0,icmp,1593157219,2020-06-26 07:40:19+00:00
267109319,jinan-telecom,wuhan-telecom,46.1245,0.0,icmp,1593157320,2020-06-26 07:42:00+00:00
267109545,jinan-telecom,wuhan-telecom,47.3079,0.0,icmp,1593157440,2020-06-26 07:44:00+00:00
267109770,jinan-telecom,wuhan-telecom,49.5642,0.0,icmp,1593157560,2020-06-26 07:46:00+00:00
267110004,jinan-telecom,wuhan-telecom,48.319,0.0,icmp,1593157680,2020-06-26 07:48:00+00:00
267110242,jinan-telecom,wuhan-telecom,39.5172,0.0,icmp,1593157744,2020-06-26 07:49:04+00:00
267110461,jinan-telecom,wuhan-telecom,39.3319,0.0,icmp,1593157939,2020-06-26 07:52:19+00:00
267110675,jinan-telecom,wuhan-telecom,48.2781,0.0,icmp,1593158040,2020-06-26 07:54:00+00:00
267110927,jinan-telecom,wuhan-telecom,50.273,0.0,icmp,1593158160,2020-06-26 07:56:00+00:00
267111126,jinan-telecom,wuhan-telecom,40.8222,0.0,icmp,1593158280,2020-06-26 07:58:00+00:00
267111369,jinan-telecom,wuhan-telecom,48.7394,0.0,icmp,1593158400,2020-06-26 08:00:00+00:00
267111587,jinan-telecom,wuhan-telecom,49.3822,0.0,icmp,1593158520,2020-06-26 08:02:00+00:00
267111806,jinan-telecom,wuhan-telecom,43.1962,0.0,icmp,1593158640,2020-06-26 08:04:00+00:00
267112022,jinan-telecom,wuhan-telecom,47.6511,0.0,icmp,1593158760,2020-06-26 08:06:00+00:00
267112273,jinan-telecom,wuhan-telecom,48.1018,0.0,icmp,1593158880,2020-06-26 08:08:00+00:00
267112503,jinan-telecom,wuhan-telecom,39.3633,0.0,icmp,1593159019,2020-06-26 08:10:19+00:00
267112710,jinan-telecom,wuhan-telecom,39.5286,0.0,icmp,1593159139,2020-06-26 08:12:19+00:00
267112967,jinan-telecom,wuhan-telecom,39.3747,0.0,icmp,1593159259,2020-06-26 08:14:19+00:00
267113170,jinan-telecom,wuhan-telecom,47.5589,0.0,icmp,1593159360,2020-06-26 08:16:00+00:00
267113379,jinan-telecom,wuhan-telecom,51.1043,0.0,icmp,1593159480,2020-06-26 08:18:00+00:00
267113625,jinan-telecom,wuhan-telecom,47.857,0.0,icmp,1593159600,2020-06-26 08:20:00+00:00
267113833,jinan-telecom,wuhan-telecom,43.4797,0.0,icmp,1593159720,2020-06-26 08:22:00+00:00
267114076,jinan-telecom,wuhan-telecom,39.7655,0.0,icmp,1593159799,2020-06-26 08:23:19+00:00
267114298,jinan-telecom,wuhan-telecom,47.287,0.0,icmp,1593159960,2020-06-26 08:26:00+00:00
267114513,jinan-telecom,wuhan-telecom,50.3709,0.0,icmp,1593160080,2020-06-26 08:28:00+00:00
267114721,jinan-telecom,wuhan-telecom,45.7626,0.0,icmp,1593160200,2020-06-26 08:30:00+00:00
267114967,jinan-telecom,wuhan-telecom,39.4183,0.0,icmp,1593160339,2020-06-26 08:32:19+00:00
267115204,jinan-telecom,wuhan-telecom,46.4033,0.0,icmp,1593160440,2020-06-26 08:34:00+00:00
267115407,jinan-telecom,wuhan-telecom,48.8857,0.0,icmp,1593160560,2020-06-26 08:36:00+00:00
267115608,jinan-telecom,wuhan-telecom,46.6094,0.0,icmp,1593160680,2020-06-26 08:38:00+00:00
267115854,jinan-telecom,wuhan-telecom,47.4811,0.0,icmp,1593160800,2020-06-26 08:40:00+00:00
267116077,jinan-telecom,wuhan-telecom,39.3663,0.0,icmp,1593160939,2020-06-26 08:42:19+00:00
267116304,jinan-telecom,wuhan-telecom,47.0629,0.0,icmp,1593161040,2020-06-26 08:44:00+00:00
267116527,jinan-telecom,wuhan-telecom,50.0356,0.0,icmp,1593161160,2020-06-26 08:46:00+00:00
267116765,jinan-telecom,wuhan-telecom,42.5066,0.0,icmp,1593161280,2020-06-26 08:48:00+00:00
267116977,jinan-telecom,wuhan-telecom,46.6265,0.0,icmp,1593161400,2020-06-26 08:50:00+00:00
267117202,jinan-telecom,wuhan-telecom,39.4498,0.0,icmp,1593161539,2020-06-26 08:52:19+00:00
267117437,jinan-telecom,wuhan-telecom,39.3529,0.0,icmp,1593161659,2020-06-26 08:54:19+00:00
267117656,jinan-telecom,wuhan-telecom,45.7449,0.0,icmp,1593161760,2020-06-26 08:56:00+00:00
267117889,jinan-telecom,wuhan-telecom,39.3619,0.0,icmp,1593161839,2020-06-26 08:57:19+00:00
267118122,jinan-telecom,wuhan-telecom,46.2258,0.0,icmp,1593162000,2020-06-26 09:00:00+00:00
267118335,jinan-telecom,wuhan-telecom,47.5414,0.0,icmp,1593162120,2020-06-26 09:02:00+00:00
267118567,jinan-telecom,wuhan-telecom,47.6044,0.0,icmp,1593162240,2020-06-26 09:04:00+00:00
267118831,jinan-telecom,wuhan-telecom,44.2627,0.0,icmp,1593162360,2020-06-26 09:06:00+00:00
267119009,jinan-telecom,wuhan-telecom,50.453,0.0,icmp,1593162480,2020-06-26 09:08:00+00:00
267119253,jinan-telecom,wuhan-telecom,39.3377,0.0,icmp,1593162559,2020-06-26 09:09:19+00:00
267119458,jinan-telecom,wuhan-telecom,45.6365,0.0,icmp,1593162720,2020-06-26 09:12:00+00:00
267119689,jinan-telecom,wuhan-telecom,40.0695,0.0,icmp,1593162840,2020-06-26 09:14:00+00:00
267119917,jinan-telecom,wuhan-telecom,39.3599,0.0,icmp,1593162919,2020-06-26 09:15:19+00:00
267120143,jinan-telecom,wuhan-telecom,48.1065,0.0,icmp,1593163080,2020-06-26 09:18:00+00:00
267120355,jinan-telecom,wuhan-telecom,39.6524,0.0,icmp,1593163159,2020-06-26 09:19:19+00:00
267120570,jinan-telecom,wuhan-telecom,48.8236,0.0,icmp,1593163320,2020-06-26 09:22:00+00:00
267120810,jinan-telecom,wuhan-telecom,46.673,0.0,icmp,1593163440,2020-06-26 09:24:00+00:00
267121030,jinan-telecom,wuhan-telecom,45.877,0.0,icmp,1593163560,2020-06-26 09:26:00+00:00
267121255,jinan-telecom,wuhan-telecom,46.5091,0.0,icmp,1593163680,2020-06-26 09:28:00+00:00
267121518,jinan-telecom,wuhan-telecom,40.1496,0.0,icmp,1593163800,2020-06-26 09:30:00+00:00
267121700,jinan-telecom,wuhan-telecom,46.515,0.0,icmp,1593163920,2020-06-26 09:32:00+00:00
267121935,jinan-telecom,wuhan-telecom,39.6401,0.0,icmp,1593164059,2020-06-26 09:34:19+00:00
267122148,jinan-telecom,wuhan-telecom,41.3082,0.0,icmp,1593164160,2020-06-26 09:36:00+00:00
267122385,jinan-telecom,wuhan-telecom,46.4981,0.0,icmp,1593164280,2020-06-26 09:38:00+00:00
267122643,jinan-telecom,wuhan-telecom,47.2363,0.0,icmp,1593164400,2020-06-26 09:40:00+00:00
267122822,jinan-telecom,wuhan-telecom,39.395,0.0,icmp,1593164479,2020-06-26 09:41:19+00:00
267123049,jinan-telecom,wuhan-telecom,48.0088,0.0,icmp,1593164640,2020-06-26 09:44:00+00:00
267123275,jinan-telecom,wuhan-telecom,47.9262,0.0,icmp,1593164760,2020-06-26 09:46:00+00:00
267123517,jinan-telecom,wuhan-telecom,51.1514,0.0,icmp,1593164880,2020-06-26 09:48:00+00:00
267123747,jinan-telecom,wuhan-telecom,49.2661,0.0,icmp,1593165000,2020-06-26 09:50:00+00:00
267123970,jinan-telecom,wuhan-telecom,48.7637,0.0,icmp,1593165120,2020-06-26 09:52:00+00:00
267124200,jinan-telecom,wuhan-telecom,50.5888,0.0,icmp,1593165240,2020-06-26 09:54:00+00:00
267124407,jinan-telecom,wuhan-telecom,39.404,0.0,icmp,1593165319,2020-06-26 09:55:19+00:00
267124654,jinan-telecom,wuhan-telecom,47.0189,0.0,icmp,1593165480,2020-06-26 09:58:00+00:00
267124860,jinan-telecom,wuhan-telecom,47.8497,0.0,icmp,1593165600,2020-06-26 10:00:00+00:00
267125093,jinan-telecom,wuhan-telecom,47.0548,0.0,icmp,1593165720,2020-06-26 10:02:00+00:00
267125300,jinan-telecom,wuhan-telecom,47.8224,0.0,icmp,1593165840,2020-06-26 10:04:00+00:00
267125545,jinan-telecom,wuhan-telecom,46.3522,0.0,icmp,1593165960,2020-06-26 10:06:00+00:00
267125766,jinan-telecom,wuhan-telecom,39.3372,0.0,icmp,1593166039,2020-06-26 10:07:19+00:00
267125977,jinan-telecom,wuhan-telecom,39.4011,0.0,icmp,1593166219,2020-06-26 10:10:19+00:00
267126174,jinan-telecom,wuhan-telecom,42.5987,0.0,icmp,1593166320,2020-06-26 10:12:00+00:00
267126425,jinan-telecom,wuhan-telecom,39.5973,0.0,icmp,1593166399,2020-06-26 10:13:19+00:00
267126656,jinan-telecom,wuhan-telecom,39.5525,0.0,icmp,1593166579,2020-06-26 10:16:19+00:00
267126880,jinan-telecom,wuhan-telecom,46.4051,0.0,icmp,1593166680,2020-06-26 10:18:00+00:00
267127131,jinan-telecom,wuhan-telecom,39.3964,0.0,icmp,1593166759,2020-06-26 10:19:19+00:00
267127331,jinan-telecom,wuhan-telecom,47.7096,0.0,icmp,1593166920,2020-06-26 10:22:00+00:00
267127548,jinan-telecom,wuhan-telecom,46.9707,0.0,icmp,1593167040,2020-06-26 10:24:00+00:00
267127805,jinan-telecom,wuhan-telecom,47.9081,0.0,icmp,1593167160,2020-06-26 10:26:00+00:00
267128021,jinan-telecom,wuhan-telecom,39.3191,0.0,icmp,1593167239,2020-06-26 10:27:19+00:00
267128254,jinan-telecom,wuhan-telecom,47.827,0.0,icmp,1593167400,2020-06-26 10:30:00+00:00
267128466,jinan-telecom,wuhan-telecom,45.6667,0.0,icmp,1593167520,2020-06-26 10:32:00+00:00
267128696,jinan-telecom,wuhan-telecom,47.8968,0.0,icmp,1593167640,2020-06-26 10:34:00+00:00
267128905,jinan-telecom,wuhan-telecom,40.2551,0.0,icmp,1593167760,2020-06-26 10:36:00+00:00
267129152,jinan-telecom,wuhan-telecom,47.4048,0.0,icmp,1593167880,2020-06-26 10:38:00+00:00
267129362,jinan-telecom,wuhan-telecom,45.1708,0.0,icmp,1593168000,2020-06-26 10:40:00+00:00
267129581,jinan-telecom,wuhan-telecom,48.7247,0.0,icmp,1593168120,2020-06-26 10:42:00+00:00
267129811,jinan-telecom,wuhan-telecom,48.5004,0.0,icmp,1593168240,2020-06-26 10:44:00+00:00
267130062,jinan-telecom,wuhan-telecom,47.8004,0.0,icmp,1593168360,2020-06-26 10:46:00+00:00
267130280,jinan-telecom,wuhan-telecom,39.5484,0.0,icmp,1593168499,2020-06-26 10:48:19+00:00
267130493,jinan-telecom,wuhan-telecom,42.32,0.0,icmp,1593168604,2020-06-26 10:50:04+00:00
267130716,jinan-telecom,wuhan-telecom,43.7221,0.0,icmp,1593168720,2020-06-26 10:52:00+00:00
267130930,jinan-telecom,wuhan-telecom,47.3909,0.0,icmp,1593168840,2020-06-26 10:54:00+00:00
267131160,jinan-telecom,wuhan-telecom,39.4213,0.0,icmp,1593168979,2020-06-26 10:56:19+00:00
267131398,jinan-telecom,wuhan-telecom,39.3548,0.0,icmp,1593169099,2020-06-26 10:58:19+00:00
267131613,jinan-telecom,wuhan-telecom,39.5337,0.0,icmp,1593169219,2020-06-26 11:00:19+00:00
267131843,jinan-telecom,wuhan-telecom,47.5631,0.0,icmp,1593169320,2020-06-26 11:02:00+00:00
267132074,jinan-telecom,wuhan-telecom,48.5868,0.0,icmp,1593169440,2020-06-26 11:04:00+00:00
267132274,jinan-telecom,wuhan-telecom,47.2334,0.0,icmp,1593169560,2020-06-26 11:06:00+00:00
267132513,jinan-telecom,wuhan-telecom,46.2931,0.0,icmp,1593169680,2020-06-26 11:08:00+00:00
267132732,jinan-telecom,wuhan-telecom,43.3794,0.0,icmp,1593169800,2020-06-26 11:10:00+00:00
267132949,jinan-telecom,wuhan-telecom,41.3721,0.0,icmp,1593169920,2020-06-26 11:12:00+00:00
267133181,jinan-telecom,wuhan-telecom,46.3245,0.0,icmp,1593170040,2020-06-26 11:14:00+00:00
267133420,jinan-telecom,wuhan-telecom,39.3352,0.0,icmp,1593170119,2020-06-26 11:15:19+00:00
267133653,jinan-telecom,wuhan-telecom,48.7238,0.0,icmp,1593170280,2020-06-26 11:18:00+00:00
267133837,jinan-telecom,wuhan-telecom,39.405,0.0,icmp,1593170359,2020-06-26 11:19:19+00:00
267134056,jinan-telecom,wuhan-telecom,47.7516,0.0,icmp,1593170520,2020-06-26 11:22:00+00:00
267134322,jinan-telecom,wuhan-telecom,39.4616,0.0,icmp,1593170659,2020-06-26 11:24:19+00:00
267134528,jinan-telecom,wuhan-telecom,47.4325,0.0,icmp,1593170760,2020-06-26 11:26:00+00:00
267134749,jinan-telecom,wuhan-telecom,49.1508,0.0,icmp,1593170880,2020-06-26 11:28:00+00:00
267134985,jinan-telecom,wuhan-telecom,45.4269,0.0,icmp,1593171000,2020-06-26 11:30:00+00:00
267135218,jinan-telecom,wuhan-telecom,48.7172,0.0,icmp,1593171120,2020-06-26 11:32:00+00:00
267135427,jinan-telecom,wuhan-telecom,48.3046,0.0,icmp,1593171240,2020-06-26 11:34:00+00:00
267135654,jinan-telecom,wuhan-telecom,49.1999,0.0,icmp,1593171360,2020-06-26 11:36:00+00:00
267135873,jinan-telecom,wuhan-telecom,46.1882,0.0,icmp,1593171480,2020-06-26 11:38:00+00:00
267136114,jinan-telecom,wuhan-telecom,50.0854,0.0,icmp,1593171600,2020-06-26 11:40:00+00:00
269017084,jinan-telecom,wuhan-telecom,39.585,0.0,icmp,1593499684,2020-06-30 06:48:04+00:00
269017314,jinan-telecom,wuhan-telecom,50.0489,0.0,icmp,1593499800,2020-06-30 06:50:00+00:00
269017565,jinan-telecom,wuhan-telecom,46.7501,0.0,icmp,1593499920,2020-06-30 06:52:00+00:00
269017777,jinan-telecom,wuhan-telecom,43.5757,0.0,icmp,1593500040,2020-06-30 06:54:00+00:00
269017988,jinan-telecom,wuhan-telecom,47.6241,0.0,icmp,1593500160,2020-06-30 06:56:00+00:00
269018225,jinan-telecom,wuhan-telecom,39.4396,0.0,icmp,1593500299,2020-06-30 06:58:19+00:00
269018447,jinan-telecom,wuhan-telecom,46.7148,0.0,icmp,1593500400,2020-06-30 07:00:00+00:00
269018655,jinan-telecom,wuhan-telecom,44.2532,0.0,icmp,1593500520,2020-06-30 07:02:00+00:00
269018967,jinan-telecom,wuhan-telecom,39.45,0.0,icmp,1593500599,2020-06-30 07:03:19+00:00
269019130,jinan-telecom,wuhan-telecom,39.611,0.0,icmp,1593500779,2020-06-30 07:06:19+00:00
269019328,jinan-telecom,wuhan-telecom,42.1556,0.0,icmp,1593500884,2020-06-30 07:08:04+00:00
269019606,jinan-telecom,wuhan-telecom,41.9054,0.0,icmp,1593501000,2020-06-30 07:10:00+00:00
269019792,jinan-telecom,wuhan-telecom,47.9007,0.0,icmp,1593501120,2020-06-30 07:12:00+00:00
269020048,jinan-telecom,wuhan-telecom,47.9358,0.0,icmp,1593501240,2020-06-30 07:14:00+00:00
269020253,jinan-telecom,wuhan-telecom,39.5035,0.0,icmp,1593501379,2020-06-30 07:16:19+00:00
269020474,jinan-telecom,wuhan-telecom,46.9981,0.0,icmp,1593501480,2020-06-30 07:18:00+00:00
269020706,jinan-telecom,wuhan-telecom,47.6679,0.0,icmp,1593501600,2020-06-30 07:20:00+00:00
269020910,jinan-telecom,wuhan-telecom,39.6219,0.0,icmp,1593501739,2020-06-30 07:22:19+00:00
269021166,jinan-telecom,wuhan-telecom,45.6242,0.0,icmp,1593501840,2020-06-30 07:24:00+00:00
269021397,jinan-telecom,wuhan-telecom,49.6414,0.0,icmp,1593501960,2020-06-30 07:26:00+00:00
269021584,jinan-telecom,wuhan-telecom,39.5499,0.0,icmp,1593502084,2020-06-30 07:28:04+00:00
269021790,jinan-telecom,wuhan-telecom,48.5305,0.0,icmp,1593502200,2020-06-30 07:30:00+00:00
269022039,jinan-telecom,wuhan-telecom,45.2506,0.0,icmp,1593502320,2020-06-30 07:32:00+00:00
269022274,jinan-telecom,wuhan-telecom,39.4366,0.0,icmp,1593502459,2020-06-30 07:34:19+00:00
269022526,jinan-telecom,wuhan-telecom,45.2796,0.0,icmp,1593502560,2020-06-30 07:36:00+00:00
269022734,jinan-telecom,wuhan-telecom,48.5225,0.0,icmp,1593502680,2020-06-30 07:38:00+00:00
269022942,jinan-telecom,wuhan-telecom,39.4703,0.0,icmp,1593502819,2020-06-30 07:40:19+00:00
269023161,jinan-telecom,wuhan-telecom,44.3779,0.0,icmp,1593502920,2020-06-30 07:42:00+00:00
269023411,jinan-telecom,wuhan-telecom,39.5137,0.0,icmp,1593502999,2020-06-30 07:43:19+00:00
269023622,jinan-telecom,wuhan-telecom,39.5199,0.0,icmp,1593503119,2020-06-30 07:45:19+00:00
269023829,jinan-telecom,wuhan-telecom,39.4679,0.0,icmp,1593503239,2020-06-30 07:47:19+00:00
269024098,jinan-telecom,wuhan-telecom,39.7048,0.0,icmp,1593503400,2020-06-30 07:50:00+00:00
269024308,jinan-telecom,wuhan-telecom,48.6922,0.0,icmp,1593503520,2020-06-30 07:52:00+00:00
269024521,jinan-telecom,wuhan-telecom,45.8819,0.0,icmp,1593503640,2020-06-30 07:54:00+00:00
269024780,jinan-telecom,wuhan-telecom,49.3256,0.0,icmp,1593503760,2020-06-30 07:56:00+00:00
269024945,jinan-telecom,wuhan-telecom,47.6634,0.0,icmp,1593503880,2020-06-30 07:58:00+00:00
269025170,jinan-telecom,wuhan-telecom,47.654,0.0,icmp,1593504000,2020-06-30 08:00:00+00:00
269025432,jinan-telecom,wuhan-telecom,39.4738,0.0,icmp,1593504139,2020-06-30 08:02:19+00:00
269025662,jinan-telecom,wuhan-telecom,39.5444,0.0,icmp,1593504259,2020-06-30 08:04:19+00:00
269025852,jinan-telecom,wuhan-telecom,39.4815,0.0,icmp,1593504379,2020-06-30 08:06:19+00:00
269026212,jinan-telecom,wuhan-telecom,45.2713,0.0,icmp,1593504480,2020-06-30 08:08:00+00:00
269026318,jinan-telecom,wuhan-telecom,39.4706,0.0,icmp,1593504559,2020-06-30 08:09:19+00:00
269026535,jinan-telecom,wuhan-telecom,46.1526,0.0,icmp,1593504720,2020-06-30 08:12:00+00:00
269026818,jinan-telecom,wuhan-telecom,39.4716,0.0,icmp,1593504859,2020-06-30 08:14:19+00:00
269026910,jinan-telecom,wuhan-telecom,46.917,0.0,icmp,1593504960,2020-06-30 08:16:00+00:00
269027217,jinan-telecom,wuhan-telecom,48.0084,0.0,icmp,1593505080,2020-06-30 08:18:00+00:00
269027427,jinan-telecom,wuhan-telecom,39.4494,0.0,icmp,1593505159,2020-06-30 08:19:19+00:00
269027578,jinan-telecom,wuhan-telecom,46.3215,0.0,icmp,1593505320,2020-06-30 08:22:00+00:00
269027889,jinan-telecom,wuhan-telecom,47.2913,0.0,icmp,1593505440,2020-06-30 08:24:00+00:00
269028172,jinan-telecom,wuhan-telecom,39.4583,0.0,icmp,1593505519,2020-06-30 08:25:19+00:00
269028450,jinan-telecom,wuhan-telecom,48.5181,0.0,icmp,1593505680,2020-06-30 08:28:00+00:00
269028569,jinan-telecom,wuhan-telecom,39.5372,0.0,icmp,1593505819,2020-06-30 08:30:19+00:00
269028883,jinan-telecom,wuhan-telecom,48.251,0.0,icmp,1593505920,2020-06-30 08:32:00+00:00
269029050,jinan-telecom,wuhan-telecom,46.4145,0.0,icmp,1593506040,2020-06-30 08:34:00+00:00
269029163,jinan-telecom,wuhan-telecom,45.8699,0.0,icmp,1593506160,2020-06-30 08:36:00+00:00
269029467,jinan-telecom,wuhan-telecom,47.9414,0.0,icmp,1593506280,2020-06-30 08:38:00+00:00
269029656,jinan-telecom,wuhan-telecom,39.431,0.0,icmp,1593506419,2020-06-30 08:40:19+00:00
269029999,jinan-telecom,wuhan-telecom,39.7605,0.0,icmp,1593506539,2020-06-30 08:42:19+00:00
269030168,jinan-telecom,wuhan-telecom,42.6312,0.0,icmp,1593506640,2020-06-30 08:44:00+00:00
269030378,jinan-telecom,wuhan-telecom,39.4926,0.0,icmp,1593506719,2020-06-30 08:45:19+00:00
269030596,jinan-telecom,wuhan-telecom,45.8732,0.0,icmp,1593506880,2020-06-30 08:48:00+00:00
269030840,jinan-telecom,wuhan-telecom,47.7274,0.0,icmp,1593507000,2020-06-30 08:50:00+00:00
269031065,jinan-telecom,wuhan-telecom,45.6535,0.0,icmp,1593507120,2020-06-30 08:52:00+00:00
269031309,jinan-telecom,wuhan-telecom,39.466,0.0,icmp,1593507259,2020-06-30 08:54:19+00:00
269031551,jinan-telecom,wuhan-telecom,47.5084,0.0,icmp,1593507360,2020-06-30 08:56:00+00:00
269031742,jinan-telecom,wuhan-telecom,47.1876,0.0,icmp,1593507480,2020-06-30 08:58:00+00:00
269031948,jinan-telecom,wuhan-telecom,42.1448,0.0,icmp,1593507600,2020-06-30 09:00:00+00:00
269032184,jinan-telecom,wuhan-telecom,39.6329,0.0,icmp,1593507679,2020-06-30 09:01:19+00:00
269032411,jinan-telecom,wuhan-telecom,30.8419,0.0,icmp,1593507799,2020-06-30 09:03:19+00:00
269032643,jinan-telecom,wuhan-telecom,49.2704,0.0,icmp,1593507960,2020-06-30 09:06:00+00:00
269032853,jinan-telecom,wuhan-telecom,39.6688,0.0,icmp,1593508039,2020-06-30 09:07:19+00:00
269033087,jinan-telecom,wuhan-telecom,47.7468,0.0,icmp,1593508200,2020-06-30 09:10:00+00:00
269033301,jinan-telecom,wuhan-telecom,48.6494,0.0,icmp,1593508320,2020-06-30 09:12:00+00:00
269033520,jinan-telecom,wuhan-telecom,46.9025,0.0,icmp,1593508440,2020-06-30 09:14:00+00:00
269033745,jinan-telecom,wuhan-telecom,46.8846,0.0,icmp,1593508560,2020-06-30 09:16:00+00:00
269033983,jinan-telecom,wuhan-telecom,47.6961,0.0,icmp,1593508680,2020-06-30 09:18:00+00:00
269034227,jinan-telecom,wuhan-telecom,39.7574,0.0,icmp,1593508804,2020-06-30 09:20:04+00:00
269034440,jinan-telecom,wuhan-telecom,49.5395,0.0,icmp,1593508920,2020-06-30 09:22:00+00:00
269034630,jinan-telecom,wuhan-telecom,46.1484,0.0,icmp,1593509040,2020-06-30 09:24:00+00:00
269034882,jinan-telecom,wuhan-telecom,46.1596,0.0,icmp,1593509160,2020-06-30 09:26:00+00:00
269035116,jinan-telecom,wuhan-telecom,47.3313,0.0,icmp,1593509280,2020-06-30 09:28:00+00:00
269035295,jinan-telecom,wuhan-telecom,39.7268,0.0,icmp,1593509359,2020-06-30 09:29:19+00:00
269035546,jinan-telecom,wuhan-telecom,47.2067,0.0,icmp,1593509520,2020-06-30 09:32:00+00:00
269035782,jinan-telecom,wuhan-telecom,39.5956,0.0,icmp,1593509599,2020-06-30 09:33:19+00:00
269036026,jinan-telecom,wuhan-telecom,46.642,0.0,icmp,1593509760,2020-06-30 09:36:00+00:00
269036235,jinan-telecom,wuhan-telecom,49.141,0.0,icmp,1593509880,2020-06-30 09:38:00+00:00
269036351,jinan-telecom,wuhan-telecom,39.7406,0.0,icmp,1593510019,2020-06-30 09:40:19+00:00
269036725,jinan-telecom,wuhan-telecom,46.9568,0.0,icmp,1593510120,2020-06-30 09:42:00+00:00
269036886,jinan-telecom,wuhan-telecom,48.0812,0.0,icmp,1593510240,2020-06-30 09:44:00+00:00
269037086,jinan-telecom,wuhan-telecom,47.3585,0.0,icmp,1593510360,2020-06-30 09:46:00+00:00
269037334,jinan-telecom,wuhan-telecom,49.8536,0.0,icmp,1593510480,2020-06-30 09:48:00+00:00
269037594,jinan-telecom,wuhan-telecom,46.9241,0.0,icmp,1593510600,2020-06-30 09:50:00+00:00
269037811,jinan-telecom,wuhan-telecom,46.9192,0.0,icmp,1593510720,2020-06-30 09:52:00+00:00
269038072,jinan-telecom,wuhan-telecom,48.2788,0.0,icmp,1593510840,2020-06-30 09:54:00+00:00
269038259,jinan-telecom,wuhan-telecom,49.8233,0.0,icmp,1593510960,2020-06-30 09:56:00+00:00
269038469,jinan-telecom,wuhan-telecom,46.823,0.0,icmp,1593511080,2020-06-30 09:58:00+00:00
269038699,jinan-telecom,wuhan-telecom,46.269,0.0,icmp,1593511200,2020-06-30 10:00:00+00:00
269038920,jinan-telecom,wuhan-telecom,39.6095,0.0,icmp,1593511339,2020-06-30 10:02:19+00:00
269039147,jinan-telecom,wuhan-telecom,39.6242,0.0,icmp,1593511459,2020-06-30 10:04:19+00:00
269039382,jinan-telecom,wuhan-telecom,48.7422,0.0,icmp,1593511560,2020-06-30 10:06:00+00:00
269039591,jinan-telecom,wuhan-telecom,46.6656,0.0,icmp,1593511680,2020-06-30 10:08:00+00:00
269039832,jinan-telecom,wuhan-telecom,39.5539,0.0,icmp,1593511804,2020-06-30 10:10:04+00:00
269040049,jinan-telecom,wuhan-telecom,46.8534,0.0,icmp,1593511920,2020-06-30 10:12:00+00:00
269040267,jinan-telecom,wuhan-telecom,39.4446,0.0,icmp,1593511999,2020-06-30 10:13:19+00:00
269040503,jinan-telecom,wuhan-telecom,39.5197,0.0,icmp,1593512179,2020-06-30 10:16:19+00:00
269040716,jinan-telecom,wuhan-telecom,45.4569,0.0,icmp,1593512280,2020-06-30 10:18:00+00:00
269040958,jinan-telecom,wuhan-telecom,43.0571,0.0,icmp,1593512400,2020-06-30 10:20:00+00:00
269041177,jinan-telecom,wuhan-telecom,50.503,0.0,icmp,1593512520,2020-06-30 10:22:00+00:00
269041399,jinan-telecom,wuhan-telecom,39.4839,0.0,icmp,1593512599,2020-06-30 10:23:19+00:00
269041615,jinan-telecom,wuhan-telecom,42.3192,0.0,icmp,1593512760,2020-06-30 10:26:00+00:00
269041865,jinan-telecom,wuhan-telecom,45.5347,0.0,icmp,1593512880,2020-06-30 10:28:00+00:00
269042080,jinan-telecom,wuhan-telecom,41.3353,0.0,icmp,1593513000,2020-06-30 10:30:00+00:00
269042288,jinan-telecom,wuhan-telecom,47.5698,0.0,icmp,1593513120,2020-06-30 10:32:00+00:00
269042535,jinan-telecom,wuhan-telecom,48.5855,0.0,icmp,1593513240,2020-06-30 10:34:00+00:00
269042745,jinan-telecom,wuhan-telecom,46.5571,0.0,icmp,1593513360,2020-06-30 10:36:00+00:00
269042973,jinan-telecom,wuhan-telecom,39.4743,0.0,icmp,1593513499,2020-06-30 10:38:19+00:00
269043197,jinan-telecom,wuhan-telecom,43.301,0.0,icmp,1593513600,2020-06-30 10:40:00+00:00
269043426,jinan-telecom,wuhan-telecom,45.5426,0.0,icmp,1593513720,2020-06-30 10:42:00+00:00
269043665,jinan-telecom,wuhan-telecom,47.5868,0.0,icmp,1593513840,2020-06-30 10:44:00+00:00
269043869,jinan-telecom,wuhan-telecom,47.9567,0.0,icmp,1593513960,2020-06-30 10:46:00+00:00
269044116,jinan-telecom,wuhan-telecom,48.8083,0.0,icmp,1593514080,2020-06-30 10:48:00+00:00
269044332,jinan-telecom,wuhan-telecom,39.487,0.0,icmp,1593514219,2020-06-30 10:50:19+00:00
269044546,jinan-telecom,wuhan-telecom,47.3918,0.0,icmp,1593514320,2020-06-30 10:52:00+00:00
269044768,jinan-telecom,wuhan-telecom,39.5043,0.0,icmp,1593514399,2020-06-30 10:53:19+00:00
269045007,jinan-telecom,wuhan-telecom,39.5554,0.0,icmp,1593514564,2020-06-30 10:56:04+00:00
269045236,jinan-telecom,wuhan-telecom,46.4104,0.0,icmp,1593514680,2020-06-30 10:58:00+00:00
269045438,jinan-telecom,wuhan-telecom,39.6317,0.0,icmp,1593514819,2020-06-30 11:00:19+00:00
269045675,jinan-telecom,wuhan-telecom,39.4391,0.0,icmp,1593514939,2020-06-30 11:02:19+00:00
269045898,jinan-telecom,wuhan-telecom,39.5141,0.0,icmp,1593515059,2020-06-30 11:04:19+00:00
269046122,jinan-telecom,wuhan-telecom,47.3297,0.0,icmp,1593515160,2020-06-30 11:06:00+00:00
269046343,jinan-telecom,wuhan-telecom,48.5965,0.0,icmp,1593515280,2020-06-30 11:08:00+00:00
269046573,jinan-telecom,wuhan-telecom,47.2066,0.0,icmp,1593515400,2020-06-30 11:10:00+00:00
269046837,jinan-telecom,wuhan-telecom,47.8672,0.0,icmp,1593515520,2020-06-30 11:12:00+00:00
269047035,jinan-telecom,wuhan-telecom,49.7782,0.0,icmp,1593515640,2020-06-30 11:14:00+00:00
269047257,jinan-telecom,wuhan-telecom,49.2266,0.0,icmp,1593515760,2020-06-30 11:16:00+00:00
269047490,jinan-telecom,wuhan-telecom,43.531,0.0,icmp,1593515880,2020-06-30 11:18:00+00:00
269047686,jinan-telecom,wuhan-telecom,39.4635,0.0,icmp,1593516019,2020-06-30 11:20:19+00:00
269047917,jinan-telecom,wuhan-telecom,47.1061,0.0,icmp,1593516120,2020-06-30 11:22:00+00:00
269048156,jinan-telecom,wuhan-telecom,39.6536,0.0,icmp,1593516199,2020-06-30 11:23:19+00:00
269048373,jinan-telecom,wuhan-telecom,47.8236,0.0,icmp,1593516360,2020-06-30 11:26:00+00:00
269048607,jinan-telecom,wuhan-telecom,45.8365,0.0,icmp,1593516480,2020-06-30 11:28:00+00:00
269048816,jinan-telecom,wuhan-telecom,47.7721,0.0,icmp,1593516600,2020-06-30 11:30:00+00:00
269049063,jinan-telecom,wuhan-telecom,47.383,0.0,icmp,1593516720,2020-06-30 11:32:00+00:00
269049280,jinan-telecom,wuhan-telecom,47.1216,0.0,icmp,1593516840,2020-06-30 11:34:00+00:00
269049499,jinan-telecom,wuhan-telecom,46.1022,0.0,icmp,1593516960,2020-06-30 11:36:00+00:00
269049728,jinan-telecom,wuhan-telecom,46.1533,0.0,icmp,1593517080,2020-06-30 11:38:00+00:00
269049956,jinan-telecom,wuhan-telecom,48.3751,0.0,icmp,1593517200,2020-06-30 11:40:00+00:00
269050195,jinan-telecom,wuhan-telecom,49.0782,0.0,icmp,1593517320,2020-06-30 11:42:00+00:00
269050405,jinan-telecom,wuhan-telecom,45.2292,0.0,icmp,1593517440,2020-06-30 11:44:00+00:00
269050617,jinan-telecom,wuhan-telecom,45.5848,0.0,icmp,1593517560,2020-06-30 11:46:00+00:00
269050852,jinan-telecom,wuhan-telecom,39.4371,0.0,icmp,1593517699,2020-06-30 11:48:19+00:00
269051080,jinan-telecom,wuhan-telecom,46.6885,0.0,icmp,1593517800,2020-06-30 11:50:00+00:00
269051309,jinan-telecom,wuhan-telecom,46.136,0.0,icmp,1593517920,2020-06-30 11:52:00+00:00
269051556,jinan-telecom,wuhan-telecom,42.1972,0.0,icmp,1593518044,2020-06-30 11:54:04+00:00
269051769,jinan-telecom,wuhan-telecom,46.1169,0.0,icmp,1593518160,2020-06-30 11:56:00+00:00
269051966,jinan-telecom,wuhan-telecom,45.1981,0.0,icmp,1593518280,2020-06-30 11:58:00+00:00
269052213,jinan-telecom,wuhan-telecom,46.3603,0.0,icmp,1593518400,2020-06-30 12:00:00+00:00
269052426,jinan-telecom,wuhan-telecom,45.558,0.0,icmp,1593518520,2020-06-30 12:02:00+00:00
269052656,jinan-telecom,wuhan-telecom,46.5541,0.0,icmp,1593518640,2020-06-30 12:04:00+00:00
269052879,jinan-telecom,wuhan-telecom,46.1416,0.0,icmp,1593518760,2020-06-30 12:06:00+00:00
269053118,jinan-telecom,wuhan-telecom,39.5116,0.0,icmp,1593518899,2020-06-30 12:08:19+00:00
269053333,jinan-telecom,wuhan-telecom,42.0845,0.0,icmp,1593519000,2020-06-30 12:10:00+00:00
269053548,jinan-telecom,wuhan-telecom,48.9859,0.0,icmp,1593519120,2020-06-30 12:12:00+00:00
269053779,jinan-telecom,wuhan-telecom,45.6452,0.0,icmp,1593519240,2020-06-30 12:14:00+00:00
269053998,jinan-telecom,wuhan-telecom,39.5245,0.0,icmp,1593519379,2020-06-30 12:16:19+00:00
269054232,jinan-telecom,wuhan-telecom,46.8952,0.0,icmp,1593519480,2020-06-30 12:18:00+00:00
269054443,jinan-telecom,wuhan-telecom,47.473,0.0,icmp,1593519600,2020-06-30 12:20:00+00:00
269054672,jinan-telecom,wuhan-telecom,46.1826,0.0,icmp,1593519720,2020-06-30 12:22:00+00:00
269054906,jinan-telecom,wuhan-telecom,48.2759,0.0,icmp,1593519840,2020-06-30 12:24:00+00:00
269055132,jinan-telecom,wuhan-telecom,44.5412,0.0,icmp,1593519960,2020-06-30 12:26:00+00:00
269055340,jinan-telecom,wuhan-telecom,39.4764,0.0,icmp,1593520099,2020-06-30 12:28:19+00:00
269055578,jinan-telecom,wuhan-telecom,47.3266,0.0,icmp,1593520200,2020-06-30 12:30:00+00:00
269055795,jinan-telecom,wuhan-telecom,47.3638,0.0,icmp,1593520320,2020-06-30 12:32:00+00:00
269056030,jinan-telecom,wuhan-telecom,48.4288,0.0,icmp,1593520440,2020-06-30 12:34:00+00:00
269056253,jinan-telecom,wuhan-telecom,46.9939,0.0,icmp,1593520560,2020-06-30 12:36:00+00:00
269056480,jinan-telecom,wuhan-telecom,39.592,0.0,icmp,1593520639,2020-06-30 12:37:19+00:00
269056717,jinan-telecom,wuhan-telecom,47.2728,0.0,icmp,1593520800,2020-06-30 12:40:00+00:00
269056923,jinan-telecom,wuhan-telecom,47.805,0.0,icmp,1593520920,2020-06-30 12:42:00+00:00
269057146,jinan-telecom,wuhan-telecom,48.2707,0.0,icmp,1593521040,2020-06-30 12:44:00+00:00
269057366,jinan-telecom,wuhan-telecom,48.49,0.0,icmp,1593521160,2020-06-30 12:46:00+00:00
269057593,jinan-telecom,wuhan-telecom,47.7225,0.0,icmp,1593521280,2020-06-30 12:48:00+00:00
269057820,jinan-telecom,wuhan-telecom,47.8381,0.0,icmp,1593521400,2020-06-30 12:50:00+00:00
269058064,jinan-telecom,wuhan-telecom,44.0385,0.0,icmp,1593521520,2020-06-30 12:52:00+00:00
269058266,jinan-telecom,wuhan-telecom,46.3569,0.0,icmp,1593521640,2020-06-30 12:54:00+00:00
269058497,jinan-telecom,wuhan-telecom,49.7699,0.0,icmp,1593521760,2020-06-30 12:56:00+00:00
269058721,jinan-telecom,wuhan-telecom,46.752,0.0,icmp,1593521880,2020-06-30 12:58:00+00:00
269058967,jinan-telecom,wuhan-telecom,47.1147,0.0,icmp,1593522000,2020-06-30 13:00:00+00:00
269059180,jinan-telecom,wuhan-telecom,47.3532,0.0,icmp,1593522120,2020-06-30 13:02:00+00:00
269059402,jinan-telecom,wuhan-telecom,50.0163,0.0,icmp,1593522240,2020-06-30 13:04:00+00:00
269059617,jinan-telecom,wuhan-telecom,48.9717,0.0,icmp,1593522360,2020-06-30 13:06:00+00:00
269059843,jinan-telecom,wuhan-telecom,46.4146,0.0,icmp,1593522480,2020-06-30 13:08:00+00:00
269060094,jinan-telecom,wuhan-telecom,45.8124,0.0,icmp,1593522600,2020-06-30 13:10:00+00:00
269060299,jinan-telecom,wuhan-telecom,48.3908,0.0,icmp,1593522720,2020-06-30 13:12:00+00:00
269060525,jinan-telecom,wuhan-telecom,43.7973,0.0,icmp,1593522840,2020-06-30 13:14:00+00:00
269060743,jinan-telecom,wuhan-telecom,46.765,0.0,icmp,1593522960,2020-06-30 13:16:00+00:00
269060990,jinan-telecom,wuhan-telecom,39.6661,0.0,icmp,1593523039,2020-06-30 13:17:19+00:00
269061207,jinan-telecom,wuhan-telecom,39.5609,0.0,icmp,1593523159,2020-06-30 13:19:19+00:00
269061435,jinan-telecom,wuhan-telecom,39.4966,0.0,icmp,1593523339,2020-06-30 13:22:19+00:00
269061646,jinan-telecom,wuhan-telecom,48.9833,0.0,icmp,1593523440,2020-06-30 13:24:00+00:00
269061865,jinan-telecom,wuhan-telecom,47.3302,0.0,icmp,1593523560,2020-06-30 13:26:00+00:00
269062111,jinan-telecom,wuhan-telecom,39.8279,0.0,icmp,1593523639,2020-06-30 13:27:19+00:00
269062319,jinan-telecom,wuhan-telecom,39.607,0.0,icmp,1593523805,2020-06-30 13:30:05+00:00
269062607,jinan-telecom,wuhan-telecom,49.9352,0.0,icmp,1593523920,2020-06-30 13:32:00+00:00
269062789,jinan-telecom,wuhan-telecom,48.3593,0.0,icmp,1593524040,2020-06-30 13:34:00+00:00
269063007,jinan-telecom,wuhan-telecom,49.921,0.0,icmp,1593524160,2020-06-30 13:36:00+00:00
269063237,jinan-telecom,wuhan-telecom,39.568,0.0,icmp,1593524239,2020-06-30 13:37:19+00:00
269063462,jinan-telecom,wuhan-telecom,39.5364,0.0,icmp,1593524419,2020-06-30 13:40:19+00:00
269063674,jinan-telecom,wuhan-telecom,46.1175,0.0,icmp,1593524520,2020-06-30 13:42:00+00:00
269063894,jinan-telecom,wuhan-telecom,48.0894,0.0,icmp,1593524640,2020-06-30 13:44:00+00:00
269064127,jinan-telecom,wuhan-telecom,47.4299,0.0,icmp,1593524760,2020-06-30 13:46:00+00:00
269064369,jinan-telecom,wuhan-telecom,47.1903,0.0,icmp,1593524880,2020-06-30 13:48:00+00:00
269064593,jinan-telecom,wuhan-telecom,47.4236,0.0,icmp,1593525000,2020-06-30 13:50:00+00:00
269064804,jinan-telecom,wuhan-telecom,39.5785,0.0,icmp,1593525139,2020-06-30 13:52:19+00:00
269065021,jinan-telecom,wuhan-telecom,48.8065,0.0,icmp,1593525240,2020-06-30 13:54:00+00:00
269065236,jinan-telecom,wuhan-telecom,53.5821,0.0,icmp,1593525360,2020-06-30 13:56:00+00:00
269065465,jinan-telecom,wuhan-telecom,39.6539,0.0,icmp,1593525439,2020-06-30 13:57:19+00:00
269065721,jinan-telecom,wuhan-telecom,51.5955,0.0,icmp,1593525600,2020-06-30 14:00:00+00:00
269065943,jinan-telecom,wuhan-telecom,51.0664,0.0,icmp,1593525720,2020-06-30 14:02:00+00:00
269066150,jinan-telecom,wuhan-telecom,48.9206,0.0,icmp,1593525840,2020-06-30 14:04:00+00:00
269066378,jinan-telecom,wuhan-telecom,39.4452,0.0,icmp,1593525979,2020-06-30 14:06:19+00:00
269066620,jinan-telecom,wuhan-telecom,46.8398,0.0,icmp,1593526080,2020-06-30 14:08:00+00:00
269066824,jinan-telecom,wuhan-telecom,45.963,0.0,icmp,1593526200,2020-06-30 14:10:00+00:00
269067050,jinan-telecom,wuhan-telecom,47.079,0.0,icmp,1593526320,2020-06-30 14:12:00+00:00
269067269,jinan-telecom,wuhan-telecom,45.659,0.0,icmp,1593526440,2020-06-30 14:14:00+00:00
269067511,jinan-telecom,wuhan-telecom,46.9938,0.0,icmp,1593526560,2020-06-30 14:16:00+00:00
269067734,jinan-telecom,wuhan-telecom,46.1939,0.0,icmp,1593526680,2020-06-30 14:18:00+00:00
269067951,jinan-telecom,wuhan-telecom,46.7998,0.0,icmp,1593526800,2020-06-30 14:20:00+00:00
269068168,jinan-telecom,wuhan-telecom,46.2348,0.0,icmp,1593526920,2020-06-30 14:22:00+00:00
269068397,jinan-telecom,wuhan-telecom,49.2497,0.0,icmp,1593527040,2020-06-30 14:24:00+00:00
269068642,jinan-telecom,wuhan-telecom,45.3553,0.0,icmp,1593527160,2020-06-30 14:26:00+00:00
269068856,jinan-telecom,wuhan-telecom,45.5206,0.0,icmp,1593527280,2020-06-30 14:28:00+00:00
269069075,jinan-telecom,wuhan-telecom,39.7284,0.0,icmp,1593527359,2020-06-30 14:29:19+00:00
269069319,jinan-telecom,wuhan-telecom,46.4299,0.0,icmp,1593527520,2020-06-30 14:32:00+00:00
269069543,jinan-telecom,wuhan-telecom,46.3195,0.0,icmp,1593527640,2020-06-30 14:34:00+00:00
269069755,jinan-telecom,wuhan-telecom,46.549,0.0,icmp,1593527760,2020-06-30 14:36:00+00:00
269069977,jinan-telecom,wuhan-telecom,46.581,0.0,icmp,1593527880,2020-06-30 14:38:00+00:00
269070206,jinan-telecom,wuhan-telecom,42.445,0.0,icmp,1593528000,2020-06-30 14:40:00+00:00
269070438,jinan-telecom,wuhan-telecom,39.4599,0.0,icmp,1593528079,2020-06-30 14:41:19+00:00
269070647,jinan-telecom,wuhan-telecom,48.1387,0.0,icmp,1593528240,2020-06-30 14:44:00+00:00
269070876,jinan-telecom,wuhan-telecom,39.4563,0.0,icmp,1593528379,2020-06-30 14:46:19+00:00
269071123,jinan-telecom,wuhan-telecom,45.3224,0.0,icmp,1593528480,2020-06-30 14:48:00+00:00
269071322,jinan-telecom,wuhan-telecom,39.7681,0.0,icmp,1593528559,2020-06-30 14:49:19+00:00
269071552,jinan-telecom,wuhan-telecom,44.6383,0.0,icmp,1593528720,2020-06-30 14:52:00+00:00
269071780,jinan-telecom,wuhan-telecom,46.7387,0.0,icmp,1593528840,2020-06-30 14:54:00+00:00
269072011,jinan-telecom,wuhan-telecom,39.6113,0.0,icmp,1593528919,2020-06-30 14:55:19+00:00
269072222,jinan-telecom,wuhan-telecom,47.5676,0.0,icmp,1593529080,2020-06-30 14:58:00+00:00
269072453,jinan-telecom,wuhan-telecom,47.5346,0.0,icmp,1593529200,2020-06-30 15:00:00+00:00
269072690,jinan-telecom,wuhan-telecom,47.9271,0.0,icmp,1593529320,2020-06-30 15:02:00+00:00
269072899,jinan-telecom,wuhan-telecom,45.9332,0.0,icmp,1593529440,2020-06-30 15:04:00+00:00
269073123,jinan-telecom,wuhan-telecom,46.1311,0.0,icmp,1593529560,2020-06-30 15:06:00+00:00
269073352,jinan-telecom,wuhan-telecom,39.5563,0.0,icmp,1593529699,2020-06-30 15:08:19+00:00
269073580,jinan-telecom,wuhan-telecom,48.5562,0.0,icmp,1593529800,2020-06-30 15:10:00+00:00
269073823,jinan-telecom,wuhan-telecom,39.6442,0.0,icmp,1593529924,2020-06-30 15:12:04+00:00
269074031,jinan-telecom,wuhan-telecom,48.1644,0.0,icmp,1593530040,2020-06-30 15:14:00+00:00
269074249,jinan-telecom,wuhan-telecom,46.6977,0.0,icmp,1593530160,2020-06-30 15:16:00+00:00
269074488,jinan-telecom,wuhan-telecom,39.4881,0.0,icmp,1593530239,2020-06-30 15:17:19+00:00
269074716,jinan-telecom,wuhan-telecom,46.8349,0.0,icmp,1593530400,2020-06-30 15:20:00+00:00
269074934,jinan-telecom,wuhan-telecom,46.9987,0.0,icmp,1593530520,2020-06-30 15:22:00+00:00
269075148,jinan-telecom,wuhan-telecom,44.6777,0.0,icmp,1593530640,2020-06-30 15:24:00+00:00
269075378,jinan-telecom,wuhan-telecom,47.7041,0.0,icmp,1593530760,2020-06-30 15:26:00+00:00
269075592,jinan-telecom,wuhan-telecom,48.3718,0.0,icmp,1593530880,2020-06-30 15:28:00+00:00
269075824,jinan-telecom,wuhan-telecom,48.9864,0.0,icmp,1593531000,2020-06-30 15:30:00+00:00
269076055,jinan-telecom,wuhan-telecom,47.1075,0.0,icmp,1593531120,2020-06-30 15:32:00+00:00
269076280,jinan-telecom,wuhan-telecom,46.9151,0.0,icmp,1593531240,2020-06-30 15:34:00+00:00
269076510,jinan-telecom,wuhan-telecom,47.1783,0.0,icmp,1593531360,2020-06-30 15:36:00+00:00
269076738,jinan-telecom,wuhan-telecom,49.179,0.0,icmp,1593531480,2020-06-30 15:38:00+00:00
269076948,jinan-telecom,wuhan-telecom,39.6461,0.0,icmp,1593531559,2020-06-30 15:39:19+00:00
269077182,jinan-telecom,wuhan-telecom,39.5995,0.0,icmp,1593531679,2020-06-30 15:41:19+00:00
269077389,jinan-telecom,wuhan-telecom,47.8293,0.0,icmp,1593531840,2020-06-30 15:44:00+00:00
269077615,jinan-telecom,wuhan-telecom,48.0997,0.0,icmp,1593531960,2020-06-30 15:46:00+00:00
269077862,jinan-telecom,wuhan-telecom,44.4377,0.0,icmp,1593532024,2020-06-30 15:47:04+00:00
269078077,jinan-telecom,wuhan-telecom,39.5473,0.0,icmp,1593532159,2020-06-30 15:49:19+00:00
269078298,jinan-telecom,wuhan-telecom,39.4334,0.0,icmp,1593532279,2020-06-30 15:51:19+00:00
269078542,jinan-telecom,wuhan-telecom,39.5618,0.0,icmp,1593532399,2020-06-30 15:53:19+00:00
269078755,jinan-telecom,wuhan-telecom,47.4967,0.0,icmp,1593532560,2020-06-30 15:56:00+00:00
269078982,jinan-telecom,wuhan-telecom,45.7889,0.0,icmp,1593532680,2020-06-30 15:58:00+00:00
271542344,jinan-telecom,wuhan-telecom,48.4496,0.0,icmp,1593423660,2020-06-29 09:41:00+00:00
271542592,jinan-telecom,wuhan-telecom,46.5702,0.0,icmp,1593423780,2020-06-29 09:43:00+00:00
271542780,jinan-telecom,wuhan-telecom,45.1995,0.0,icmp,1593423900,2020-06-29 09:45:00+00:00
271543053,jinan-telecom,wuhan-telecom,39.3396,0.0,icmp,1593424039,2020-06-29 09:47:19+00:00
271543271,jinan-telecom,wuhan-telecom,46.5585,0.0,icmp,1593424140,2020-06-29 09:49:00+00:00
271543496,jinan-telecom,wuhan-telecom,39.404,0.0,icmp,1593424219,2020-06-29 09:50:19+00:00
271543687,jinan-telecom,wuhan-telecom,46.967,0.0,icmp,1593424380,2020-06-29 09:53:00+00:00
271543950,jinan-telecom,wuhan-telecom,45.6693,0.0,icmp,1593424500,2020-06-29 09:55:00+00:00
271544179,jinan-telecom,wuhan-telecom,47.0321,0.0,icmp,1593424620,2020-06-29 09:57:00+00:00
271544366,jinan-telecom,wuhan-telecom,39.3461,0.0,icmp,1593424699,2020-06-29 09:58:19+00:00
271544680,jinan-telecom,wuhan-telecom,39.648,0.0,icmp,1593424819,2020-06-29 10:00:19+00:00
271544811,jinan-telecom,wuhan-telecom,48.8707,0.0,icmp,1593424980,2020-06-29 10:03:00+00:00
271545091,jinan-telecom,wuhan-telecom,41.9592,0.0,icmp,1593425100,2020-06-29 10:05:00+00:00
271545274,jinan-telecom,wuhan-telecom,48.6209,0.0,icmp,1593425220,2020-06-29 10:07:00+00:00
271545582,jinan-telecom,wuhan-telecom,45.8914,0.0,icmp,1593425340,2020-06-29 10:09:00+00:00
271545704,jinan-telecom,wuhan-telecom,47.2516,0.0,icmp,1593425460,2020-06-29 10:11:00+00:00
271545932,jinan-telecom,wuhan-telecom,46.3622,0.0,icmp,1593425580,2020-06-29 10:13:00+00:00
271546222,jinan-telecom,wuhan-telecom,39.3654,0.0,icmp,1593425659,2020-06-29 10:14:19+00:00
271546426,jinan-telecom,wuhan-telecom,47.8597,0.0,icmp,1593425820,2020-06-29 10:17:00+00:00
271546633,jinan-telecom,wuhan-telecom,46.1559,0.0,icmp,1593425940,2020-06-29 10:19:00+00:00
271546874,jinan-telecom,wuhan-telecom,48.737,0.0,icmp,1593426060,2020-06-29 10:21:00+00:00
271547060,jinan-telecom,wuhan-telecom,47.7193,0.0,icmp,1593426180,2020-06-29 10:23:00+00:00
271547293,jinan-telecom,wuhan-telecom,46.264,0.0,icmp,1593426300,2020-06-29 10:25:00+00:00
271547534,jinan-telecom,wuhan-telecom,46.5213,0.0,icmp,1593426420,2020-06-29 10:27:00+00:00
271547762,jinan-telecom,wuhan-telecom,47.7716,0.0,icmp,1593426540,2020-06-29 10:29:00+00:00
271547978,jinan-telecom,wuhan-telecom,46.8608,0.0,icmp,1593426660,2020-06-29 10:31:00+00:00
271548202,jinan-telecom,wuhan-telecom,41.3456,0.0,icmp,1593426780,2020-06-29 10:33:00+00:00
271548443,jinan-telecom,wuhan-telecom,47.6613,0.0,icmp,1593426900,2020-06-29 10:35:00+00:00
271548689,jinan-telecom,wuhan-telecom,43.9227,0.0,icmp,1593427020,2020-06-29 10:37:00+00:00
271548898,jinan-telecom,wuhan-telecom,39.3865,0.0,icmp,1593427099,2020-06-29 10:38:19+00:00
271549096,jinan-telecom,wuhan-telecom,47.298,0.0,icmp,1593427260,2020-06-29 10:41:00+00:00
271549353,jinan-telecom,wuhan-telecom,48.5756,0.0,icmp,1593427380,2020-06-29 10:43:00+00:00
271549562,jinan-telecom,wuhan-telecom,45.6646,0.0,icmp,1593427500,2020-06-29 10:45:00+00:00
271549775,jinan-telecom,wuhan-telecom,48.5263,0.0,icmp,1593427620,2020-06-29 10:47:00+00:00
271550049,jinan-telecom,wuhan-telecom,45.2394,0.0,icmp,1593427740,2020-06-29 10:49:00+00:00
271550247,jinan-telecom,wuhan-telecom,48.4274,0.0,icmp,1593427860,2020-06-29 10:51:00+00:00
271550430,jinan-telecom,wuhan-telecom,46.8549,0.0,icmp,1593427980,2020-06-29 10:53:00+00:00
271550678,jinan-telecom,wuhan-telecom,46.7227,0.0,icmp,1593428100,2020-06-29 10:55:00+00:00
271550914,jinan-telecom,wuhan-telecom,47.0841,0.0,icmp,1593428220,2020-06-29 10:57:00+00:00
271551145,jinan-telecom,wuhan-telecom,39.3541,0.0,icmp,1593428299,2020-06-29 10:58:19+00:00
271551326,jinan-telecom,wuhan-telecom,46.6496,0.0,icmp,1593428460,2020-06-29 11:01:00+00:00
271551572,jinan-telecom,wuhan-telecom,47.9485,0.0,icmp,1593428580,2020-06-29 11:03:00+00:00
271551802,jinan-telecom,wuhan-telecom,48.6612,0.0,icmp,1593428700,2020-06-29 11:05:00+00:00
271552037,jinan-telecom,wuhan-telecom,45.5175,0.0,icmp,1593428820,2020-06-29 11:07:00+00:00
271552268,jinan-telecom,wuhan-telecom,49.7388,0.0,icmp,1593428940,2020-06-29 11:09:00+00:00
271552493,jinan-telecom,wuhan-telecom,39.4933,0.0,icmp,1593429079,2020-06-29 11:11:19+00:00
271552730,jinan-telecom,wuhan-telecom,47.3309,0.0,icmp,1593429180,2020-06-29 11:13:00+00:00
271552949,jinan-telecom,wuhan-telecom,39.5977,0.0,icmp,1593429319,2020-06-29 11:15:19+00:00
271553151,jinan-telecom,wuhan-telecom,46.0367,0.0,icmp,1593429420,2020-06-29 11:17:00+00:00
271553392,jinan-telecom,wuhan-telecom,39.4852,0.0,icmp,1593429559,2020-06-29 11:19:19+00:00
271553602,jinan-telecom,wuhan-telecom,43.8409,0.0,icmp,1593429660,2020-06-29 11:21:00+00:00
271553845,jinan-telecom,wuhan-telecom,47.7774,0.0,icmp,1593429780,2020-06-29 11:23:00+00:00
271554057,jinan-telecom,wuhan-telecom,48.1366,0.0,icmp,1593429900,2020-06-29 11:25:00+00:00
271554281,jinan-telecom,wuhan-telecom,45.9475,0.0,icmp,1593430020,2020-06-29 11:27:00+00:00
271554523,jinan-telecom,wuhan-telecom,39.3645,0.0,icmp,1593430099,2020-06-29 11:28:19+00:00
271554737,jinan-telecom,wuhan-telecom,48.073,0.0,icmp,1593430260,2020-06-29 11:31:00+00:00
271554952,jinan-telecom,wuhan-telecom,47.9594,0.0,icmp,1593430380,2020-06-29 11:33:00+00:00
271555197,jinan-telecom,wuhan-telecom,39.4123,0.0,icmp,1593430459,2020-06-29 11:34:19+00:00
271555402,jinan-telecom,wuhan-telecom,39.5672,0.0,icmp,1593430639,2020-06-29 11:37:19+00:00
271555635,jinan-telecom,wuhan-telecom,46.7332,0.0,icmp,1593430740,2020-06-29 11:39:00+00:00
271555849,jinan-telecom,wuhan-telecom,39.5444,0.0,icmp,1593430819,2020-06-29 11:40:19+00:00
271556088,jinan-telecom,wuhan-telecom,47.6509,0.0,icmp,1593430980,2020-06-29 11:43:00+00:00
271556322,jinan-telecom,wuhan-telecom,46.3934,0.0,icmp,1593431100,2020-06-29 11:45:00+00:00
271556553,jinan-telecom,wuhan-telecom,45.0452,0.0,icmp,1593431225,2020-06-29 11:47:05+00:00
271556773,jinan-telecom,wuhan-telecom,39.4782,0.0,icmp,1593431359,2020-06-29 11:49:19+00:00
271556979,jinan-telecom,wuhan-telecom,45.4222,0.0,icmp,1593431460,2020-06-29 11:51:00+00:00
271557234,jinan-telecom,wuhan-telecom,49.5749,0.0,icmp,1593431580,2020-06-29 11:53:00+00:00
271557464,jinan-telecom,wuhan-telecom,47.0355,0.0,icmp,1593431700,2020-06-29 11:55:00+00:00
271557651,jinan-telecom,wuhan-telecom,39.3797,0.0,icmp,1593431779,2020-06-29 11:56:19+00:00
271557881,jinan-telecom,wuhan-telecom,47.4065,0.0,icmp,1593431940,2020-06-29 11:59:00+00:00
271558110,jinan-telecom,wuhan-telecom,48.1771,0.0,icmp,1593432060,2020-06-29 12:01:00+00:00
271558368,jinan-telecom,wuhan-telecom,47.8757,0.0,icmp,1593432180,2020-06-29 12:03:00+00:00
271558552,jinan-telecom,wuhan-telecom,39.3601,0.0,icmp,1593432319,2020-06-29 12:05:19+00:00
271558798,jinan-telecom,wuhan-telecom,48.9104,0.0,icmp,1593432420,2020-06-29 12:07:00+00:00
271559029,jinan-telecom,wuhan-telecom,50.635,0.0,icmp,1593432540,2020-06-29 12:09:00+00:00
271559252,jinan-telecom,wuhan-telecom,46.8525,0.0,icmp,1593432660,2020-06-29 12:11:00+00:00
271559442,jinan-telecom,wuhan-telecom,46.8614,0.0,icmp,1593432780,2020-06-29 12:13:00+00:00
274117515,jinan-telecom,wuhan-telecom,47.9444,0.0,icmp,1593432900,2020-06-29 12:15:00+00:00
274117717,jinan-telecom,wuhan-telecom,39.3987,0.0,icmp,1593432979,2020-06-29 12:16:19+00:00
274117954,jinan-telecom,wuhan-telecom,47.5201,0.0,icmp,1593433140,2020-06-29 12:19:00+00:00
274118173,jinan-telecom,wuhan-telecom,39.4833,0.0,icmp,1593433219,2020-06-29 12:20:19+00:00
274118380,jinan-telecom,wuhan-telecom,43.615,0.0,icmp,1593433380,2020-06-29 12:23:00+00:00
274118607,jinan-telecom,wuhan-telecom,46.4916,0.0,icmp,1593433500,2020-06-29 12:25:00+00:00
274118849,jinan-telecom,wuhan-telecom,39.6527,0.0,icmp,1593433639,2020-06-29 12:27:19+00:00
274119068,jinan-telecom,wuhan-telecom,39.4063,0.0,icmp,1593433759,2020-06-29 12:29:19+00:00
274119302,jinan-telecom,wuhan-telecom,46.1454,0.0,icmp,1593433860,2020-06-29 12:31:00+00:00
274119518,jinan-telecom,wuhan-telecom,39.3195,0.0,icmp,1593433939,2020-06-29 12:32:19+00:00
274119737,jinan-telecom,wuhan-telecom,47.8267,0.0,icmp,1593434100,2020-06-29 12:35:00+00:00
274119957,jinan-telecom,wuhan-telecom,45.9036,0.0,icmp,1593434220,2020-06-29 12:37:00+00:00
274120223,jinan-telecom,wuhan-telecom,41.4088,0.0,icmp,1593434344,2020-06-29 12:39:04+00:00
274120408,jinan-telecom,wuhan-telecom,39.505,0.0,icmp,1593434479,2020-06-29 12:41:19+00:00
274120641,jinan-telecom,wuhan-telecom,47.1848,0.0,icmp,1593434580,2020-06-29 12:43:00+00:00
274120862,jinan-telecom,wuhan-telecom,46.3208,0.0,icmp,1593434700,2020-06-29 12:45:00+00:00
274121085,jinan-telecom,wuhan-telecom,48.3911,0.0,icmp,1593434820,2020-06-29 12:47:00+00:00
274121303,jinan-telecom,wuhan-telecom,39.3573,0.0,icmp,1593434899,2020-06-29 12:48:19+00:00
274121521,jinan-telecom,wuhan-telecom,45.2131,0.0,icmp,1593435060,2020-06-29 12:51:00+00:00
274121767,jinan-telecom,wuhan-telecom,45.339,0.0,icmp,1593435180,2020-06-29 12:53:00+00:00
274121988,jinan-telecom,wuhan-telecom,39.3538,0.0,icmp,1593435259,2020-06-29 12:54:19+00:00
274122224,jinan-telecom,wuhan-telecom,39.4619,0.0,icmp,1593435439,2020-06-29 12:57:19+00:00
274122440,jinan-telecom,wuhan-telecom,43.2715,0.0,icmp,1593435540,2020-06-29 12:59:00+00:00
274122679,jinan-telecom,wuhan-telecom,39.4,0.0,icmp,1593435619,2020-06-29 13:00:19+00:00
274122926,jinan-telecom,wuhan-telecom,47.4247,0.0,icmp,1593435780,2020-06-29 13:03:00+00:00
274123122,jinan-telecom,wuhan-telecom,46.2469,0.0,icmp,1593435900,2020-06-29 13:05:00+00:00
274123353,jinan-telecom,wuhan-telecom,49.0859,0.0,icmp,1593436020,2020-06-29 13:07:00+00:00
274123566,jinan-telecom,wuhan-telecom,46.353,0.0,icmp,1593436140,2020-06-29 13:09:00+00:00
274123800,jinan-telecom,wuhan-telecom,49.4965,0.0,icmp,1593436260,2020-06-29 13:11:00+00:00
274124028,jinan-telecom,wuhan-telecom,47.1793,0.0,icmp,1593436380,2020-06-29 13:13:00+00:00
274124259,jinan-telecom,wuhan-telecom,49.042,0.0,icmp,1593436500,2020-06-29 13:15:00+00:00
274124462,jinan-telecom,wuhan-telecom,48.3876,0.0,icmp,1593436620,2020-06-29 13:17:00+00:00
274712444,jinan-telecom,wuhan-telecom,45.8066,0.0,icmp,1593171720,2020-06-26 11:42:00+00:00
274712700,jinan-telecom,wuhan-telecom,47.5794,0.0,icmp,1593171840,2020-06-26 11:44:00+00:00
274712893,jinan-telecom,wuhan-telecom,39.359,0.0,icmp,1593171919,2020-06-26 11:45:19+00:00
274713127,jinan-telecom,wuhan-telecom,43.703,0.0,icmp,1593172080,2020-06-26 11:48:00+00:00
274713365,jinan-telecom,wuhan-telecom,46.8797,0.0,icmp,1593172200,2020-06-26 11:50:00+00:00
274713602,jinan-telecom,wuhan-telecom,44.8916,0.0,icmp,1593172320,2020-06-26 11:52:00+00:00
274713802,jinan-telecom,wuhan-telecom,48.0379,0.0,icmp,1593172440,2020-06-26 11:54:00+00:00
274714024,jinan-telecom,wuhan-telecom,47.7087,0.0,icmp,1593172560,2020-06-26 11:56:00+00:00
274714258,jinan-telecom,wuhan-telecom,48.5036,0.0,icmp,1593172680,2020-06-26 11:58:00+00:00
274714506,jinan-telecom,wuhan-telecom,39.4987,0.0,icmp,1593172819,2020-06-26 12:00:19+00:00
274714716,jinan-telecom,wuhan-telecom,46.8431,0.0,icmp,1593172920,2020-06-26 12:02:00+00:00
274714933,jinan-telecom,wuhan-telecom,48.3332,0.0,icmp,1593173040,2020-06-26 12:04:00+00:00
274715148,jinan-telecom,wuhan-telecom,46.3727,0.0,icmp,1593173160,2020-06-26 12:06:00+00:00
274715372,jinan-telecom,wuhan-telecom,49.3289,0.0,icmp,1593173280,2020-06-26 12:08:00+00:00
274715605,jinan-telecom,wuhan-telecom,46.3971,0.0,icmp,1593173400,2020-06-26 12:10:00+00:00
274715846,jinan-telecom,wuhan-telecom,45.3329,0.0,icmp,1593173520,2020-06-26 12:12:00+00:00
274716075,jinan-telecom,wuhan-telecom,48.7422,0.0,icmp,1593173640,2020-06-26 12:14:00+00:00
274716271,jinan-telecom,wuhan-telecom,46.2261,0.0,icmp,1593173760,2020-06-26 12:16:00+00:00
274716508,jinan-telecom,wuhan-telecom,45.3816,0.0,icmp,1593173880,2020-06-26 12:18:00+00:00
274716722,jinan-telecom,wuhan-telecom,39.3723,0.0,icmp,1593174019,2020-06-26 12:20:19+00:00
274716953,jinan-telecom,wuhan-telecom,47.5818,0.0,icmp,1593174120,2020-06-26 12:22:00+00:00
274717171,jinan-telecom,wuhan-telecom,45.9031,0.0,icmp,1593174240,2020-06-26 12:24:00+00:00
274717376,jinan-telecom,wuhan-telecom,46.0967,0.0,icmp,1593174360,2020-06-26 12:26:00+00:00
274717617,jinan-telecom,wuhan-telecom,39.4751,0.0,icmp,1593174499,2020-06-26 12:28:19+00:00
274717867,jinan-telecom,wuhan-telecom,51.186,0.0,icmp,1593174600,2020-06-26 12:30:00+00:00
274718079,jinan-telecom,wuhan-telecom,48.7271,0.0,icmp,1593174720,2020-06-26 12:32:00+00:00
274718309,jinan-telecom,wuhan-telecom,47.1746,0.0,icmp,1593174840,2020-06-26 12:34:00+00:00
274718509,jinan-telecom,wuhan-telecom,39.3375,0.0,icmp,1593174919,2020-06-26 12:35:19+00:00
274718768,jinan-telecom,wuhan-telecom,47.2914,0.0,icmp,1593175080,2020-06-26 12:38:00+00:00
274718960,jinan-telecom,wuhan-telecom,46.9328,0.0,icmp,1593175200,2020-06-26 12:40:00+00:00
274719235,jinan-telecom,wuhan-telecom,47.0516,0.0,icmp,1593175320,2020-06-26 12:42:00+00:00
274719444,jinan-telecom,wuhan-telecom,48.294,0.0,icmp,1593175440,2020-06-26 12:44:00+00:00
274719674,jinan-telecom,wuhan-telecom,47.1197,0.0,icmp,1593175560,2020-06-26 12:46:00+00:00
274719879,jinan-telecom,wuhan-telecom,50.416,0.0,icmp,1593175680,2020-06-26 12:48:00+00:00
274720100,jinan-telecom,wuhan-telecom,42.6184,0.0,icmp,1593175800,2020-06-26 12:50:00+00:00
274720335,jinan-telecom,wuhan-telecom,39.4929,0.0,icmp,1593175939,2020-06-26 12:52:19+00:00
274720564,jinan-telecom,wuhan-telecom,46.0658,0.0,icmp,1593176040,2020-06-26 12:54:00+00:00
274720812,jinan-telecom,wuhan-telecom,46.5537,0.0,icmp,1593176160,2020-06-26 12:56:00+00:00
274721017,jinan-telecom,wuhan-telecom,39.343,0.0,icmp,1593176239,2020-06-26 12:57:19+00:00
274721218,jinan-telecom,wuhan-telecom,46.3868,0.0,icmp,1593176400,2020-06-26 13:00:00+00:00
274721454,jinan-telecom,wuhan-telecom,39.3818,0.0,icmp,1593176539,2020-06-26 13:02:19+00:00
274721665,jinan-telecom,wuhan-telecom,49.8489,0.0,icmp,1593176640,2020-06-26 13:04:00+00:00
274721878,jinan-telecom,wuhan-telecom,48.3698,0.0,icmp,1593176760,2020-06-26 13:06:00+00:00
274722130,jinan-telecom,wuhan-telecom,46.5041,0.0,icmp,1593176880,2020-06-26 13:08:00+00:00
274722370,jinan-telecom,wuhan-telecom,47.4464,0.0,icmp,1593177000,2020-06-26 13:10:00+00:00
274722553,jinan-telecom,wuhan-telecom,48.0321,0.0,icmp,1593177120,2020-06-26 13:12:00+00:00
274722790,jinan-telecom,wuhan-telecom,45.2442,0.0,icmp,1593177240,2020-06-26 13:14:00+00:00
274723024,jinan-telecom,wuhan-telecom,47.4422,0.0,icmp,1593177360,2020-06-26 13:16:00+00:00
274723243,jinan-telecom,wuhan-telecom,41.7752,0.0,icmp,1593177480,2020-06-26 13:18:00+00:00
274723464,jinan-telecom,wuhan-telecom,39.3825,0.0,icmp,1593177619,2020-06-26 13:20:19+00:00
274723691,jinan-telecom,wuhan-telecom,44.2527,0.0,icmp,1593177720,2020-06-26 13:22:00+00:00
274723919,jinan-telecom,wuhan-telecom,39.6311,0.0,icmp,1593177799,2020-06-26 13:23:19+00:00
274724164,jinan-telecom,wuhan-telecom,45.7878,0.0,icmp,1593177960,2020-06-26 13:26:00+00:00
274724388,jinan-telecom,wuhan-telecom,48.3616,0.0,icmp,1593178080,2020-06-26 13:28:00+00:00
274724608,jinan-telecom,wuhan-telecom,47.9759,0.0,icmp,1593178200,2020-06-26 13:30:00+00:00
274724827,jinan-telecom,wuhan-telecom,46.3881,0.0,icmp,1593178320,2020-06-26 13:32:00+00:00
274725044,jinan-telecom,wuhan-telecom,47.6739,0.0,icmp,1593178440,2020-06-26 13:34:00+00:00
274725238,jinan-telecom,wuhan-telecom,45.0205,0.0,icmp,1593178560,2020-06-26 13:36:00+00:00
274725502,jinan-telecom,wuhan-telecom,39.3637,0.0,icmp,1593178639,2020-06-26 13:37:19+00:00
274725731,jinan-telecom,wuhan-telecom,39.4204,0.0,icmp,1593178759,2020-06-26 13:39:19+00:00
274725995,jinan-telecom,wuhan-telecom,46.9855,0.0,icmp,1593178920,2020-06-26 13:42:00+00:00
274726189,jinan-telecom,wuhan-telecom,46.7843,0.0,icmp,1593179040,2020-06-26 13:44:00+00:00
274726414,jinan-telecom,wuhan-telecom,41.5386,0.0,icmp,1593179164,2020-06-26 13:46:04+00:00
274726638,jinan-telecom,wuhan-telecom,48.1641,0.0,icmp,1593179280,2020-06-26 13:48:00+00:00
274726875,jinan-telecom,wuhan-telecom,45.7721,0.0,icmp,1593179400,2020-06-26 13:50:00+00:00
274727072,jinan-telecom,wuhan-telecom,49.2892,0.0,icmp,1593179520,2020-06-26 13:52:00+00:00
274727305,jinan-telecom,wuhan-telecom,39.4733,0.0,icmp,1593179645,2020-06-26 13:54:05+00:00
274727530,jinan-telecom,wuhan-telecom,39.3563,0.0,icmp,1593179779,2020-06-26 13:56:19+00:00
274727740,jinan-telecom,wuhan-telecom,46.2967,0.0,icmp,1593179880,2020-06-26 13:58:00+00:00
274727968,jinan-telecom,wuhan-telecom,43.4653,0.0,icmp,1593180004,2020-06-26 14:00:04+00:00
274728201,jinan-telecom,wuhan-telecom,39.3777,0.0,icmp,1593180139,2020-06-26 14:02:19+00:00
274728416,jinan-telecom,wuhan-telecom,47.6473,0.0,icmp,1593180240,2020-06-26 14:04:00+00:00
274728658,jinan-telecom,wuhan-telecom,45.2744,0.0,icmp,1593180360,2020-06-26 14:06:00+00:00
274728883,jinan-telecom,wuhan-telecom,45.5448,0.0,icmp,1593180480,2020-06-26 14:08:00+00:00
274729100,jinan-telecom,wuhan-telecom,45.7446,0.0,icmp,1593180600,2020-06-26 14:10:00+00:00
274729329,jinan-telecom,wuhan-telecom,39.3553,0.0,icmp,1593180739,2020-06-26 14:12:19+00:00
274729566,jinan-telecom,wuhan-telecom,47.493,0.0,icmp,1593180840,2020-06-26 14:14:00+00:00
274729780,jinan-telecom,wuhan-telecom,39.4556,0.0,icmp,1593180919,2020-06-26 14:15:19+00:00
274730001,jinan-telecom,wuhan-telecom,40.7359,0.0,icmp,1593181024,2020-06-26 14:17:04+00:00
274730251,jinan-telecom,wuhan-telecom,39.3399,0.0,icmp,1593181219,2020-06-26 14:20:19+00:00
274730454,jinan-telecom,wuhan-telecom,46.5525,0.0,icmp,1593181320,2020-06-26 14:22:00+00:00
274730680,jinan-telecom,wuhan-telecom,39.3579,0.0,icmp,1593181399,2020-06-26 14:23:19+00:00
274730889,jinan-telecom,wuhan-telecom,46.4346,0.0,icmp,1593181560,2020-06-26 14:26:00+00:00
274731139,jinan-telecom,wuhan-telecom,39.3611,0.0,icmp,1593181639,2020-06-26 14:27:19+00:00
274731355,jinan-telecom,wuhan-telecom,46.8185,0.0,icmp,1593181800,2020-06-26 14:30:00+00:00
274731579,jinan-telecom,wuhan-telecom,46.5808,0.0,icmp,1593181920,2020-06-26 14:32:00+00:00
274731792,jinan-telecom,wuhan-telecom,47.5288,0.0,icmp,1593182040,2020-06-26 14:34:00+00:00
274732014,jinan-telecom,wuhan-telecom,46.9735,0.0,icmp,1593182160,2020-06-26 14:36:00+00:00
274732244,jinan-telecom,wuhan-telecom,47.4726,0.0,icmp,1593182280,2020-06-26 14:38:00+00:00
274732491,jinan-telecom,wuhan-telecom,45.9239,0.0,icmp,1593182400,2020-06-26 14:40:00+00:00
274732724,jinan-telecom,wuhan-telecom,47.1045,0.0,icmp,1593182520,2020-06-26 14:42:00+00:00
274732916,jinan-telecom,wuhan-telecom,46.899,0.0,icmp,1593182640,2020-06-26 14:44:00+00:00
274733130,jinan-telecom,wuhan-telecom,45.3601,0.0,icmp,1593182760,2020-06-26 14:46:00+00:00
274733346,jinan-telecom,wuhan-telecom,48.0503,0.0,icmp,1593182880,2020-06-26 14:48:00+00:00
274733602,jinan-telecom,wuhan-telecom,39.4661,0.0,icmp,1593182959,2020-06-26 14:49:19+00:00
274733806,jinan-telecom,wuhan-telecom,47.6492,0.0,icmp,1593183120,2020-06-26 14:52:00+00:00
274734064,jinan-telecom,wuhan-telecom,47.8349,0.0,icmp,1593183240,2020-06-26 14:54:00+00:00
274734272,jinan-telecom,wuhan-telecom,46.9591,0.0,icmp,1593183360,2020-06-26 14:56:00+00:00
274734514,jinan-telecom,wuhan-telecom,49.9769,0.0,icmp,1593183480,2020-06-26 14:58:00+00:00
274734726,jinan-telecom,wuhan-telecom,45.5057,0.0,icmp,1593183600,2020-06-26 15:00:00+00:00
274734988,jinan-telecom,wuhan-telecom,40.1455,0.0,icmp,1593183739,2020-06-26 15:02:19+00:00
274735172,jinan-telecom,wuhan-telecom,43.5979,0.0,icmp,1593183844,2020-06-26 15:04:04+00:00
274735370,jinan-telecom,wuhan-telecom,46.2187,0.0,icmp,1593183960,2020-06-26 15:06:00+00:00
274735623,jinan-telecom,wuhan-telecom,45.6036,0.0,icmp,1593184080,2020-06-26 15:08:00+00:00
274735863,jinan-telecom,wuhan-telecom,46.4396,0.0,icmp,1593184200,2020-06-26 15:10:00+00:00
274736080,jinan-telecom,wuhan-telecom,50.2161,0.0,icmp,1593184320,2020-06-26 15:12:00+00:00
274736327,jinan-telecom,wuhan-telecom,39.9819,0.0,icmp,1593184459,2020-06-26 15:14:19+00:00
274736528,jinan-telecom,wuhan-telecom,39.6183,0.0,icmp,1593184579,2020-06-26 15:16:19+00:00
274736745,jinan-telecom,wuhan-telecom,44.1412,0.0,icmp,1593184680,2020-06-26 15:18:00+00:00
274736966,jinan-telecom,wuhan-telecom,39.3472,0.0,icmp,1593184759,2020-06-26 15:19:19+00:00
274737198,jinan-telecom,wuhan-telecom,39.5747,0.0,icmp,1593184939,2020-06-26 15:22:19+00:00
274737424,jinan-telecom,wuhan-telecom,46.9018,0.0,icmp,1593185040,2020-06-26 15:24:00+00:00
274737657,jinan-telecom,wuhan-telecom,39.4154,0.0,icmp,1593185119,2020-06-26 15:25:19+00:00
274737863,jinan-telecom,wuhan-telecom,47.7542,0.0,icmp,1593185280,2020-06-26 15:28:00+00:00
274738120,jinan-telecom,wuhan-telecom,45.6985,0.0,icmp,1593185400,2020-06-26 15:30:00+00:00
274738310,jinan-telecom,wuhan-telecom,47.1986,0.0,icmp,1593185520,2020-06-26 15:32:00+00:00
274738556,jinan-telecom,wuhan-telecom,41.3308,0.0,icmp,1593185640,2020-06-26 15:34:00+00:00
274738791,jinan-telecom,wuhan-telecom,47.6553,0.0,icmp,1593185760,2020-06-26 15:36:00+00:00
274739013,jinan-telecom,wuhan-telecom,47.2685,0.0,icmp,1593185880,2020-06-26 15:38:00+00:00
274739186,jinan-telecom,wuhan-telecom,46.7016,0.0,icmp,1593186000,2020-06-26 15:40:00+00:00
274739452,jinan-telecom,wuhan-telecom,47.7763,0.0,icmp,1593186120,2020-06-26 15:42:00+00:00
274739689,jinan-telecom,wuhan-telecom,47.496,0.0,icmp,1593186240,2020-06-26 15:44:00+00:00
274739921,jinan-telecom,wuhan-telecom,44.75,0.0,icmp,1593186360,2020-06-26 15:46:00+00:00
274740121,jinan-telecom,wuhan-telecom,47.4354,0.0,icmp,1593186480,2020-06-26 15:48:00+00:00
274740342,jinan-telecom,wuhan-telecom,39.3692,0.0,icmp,1593186619,2020-06-26 15:50:19+00:00
274740594,jinan-telecom,wuhan-telecom,46.618,0.0,icmp,1593186720,2020-06-26 15:52:00+00:00
274740827,jinan-telecom,wuhan-telecom,49.0668,0.0,icmp,1593186840,2020-06-26 15:54:00+00:00
274741014,jinan-telecom,wuhan-telecom,46.6582,0.0,icmp,1593186960,2020-06-26 15:56:00+00:00
274741266,jinan-telecom,wuhan-telecom,46.4964,0.0,icmp,1593187080,2020-06-26 15:58:00+00:00
274741482,jinan-telecom,wuhan-telecom,47.7173,0.0,icmp,1593187200,2020-06-26 16:00:00+00:00
274741749,jinan-telecom,wuhan-telecom,47.0057,0.0,icmp,1593187320,2020-06-26 16:02:00+00:00
274741923,jinan-telecom,wuhan-telecom,46.3172,0.0,icmp,1593187440,2020-06-26 16:04:00+00:00
274742153,jinan-telecom,wuhan-telecom,46.1952,0.0,icmp,1593187560,2020-06-26 16:06:00+00:00
274742368,jinan-telecom,wuhan-telecom,47.8143,0.0,icmp,1593187680,2020-06-26 16:08:00+00:00
274742610,jinan-telecom,wuhan-telecom,44.5263,0.0,icmp,1593187800,2020-06-26 16:10:00+00:00
274742819,jinan-telecom,wuhan-telecom,39.4017,0.0,icmp,1593187939,2020-06-26 16:12:19+00:00
274743053,jinan-telecom,wuhan-telecom,47.4436,0.0,icmp,1593188040,2020-06-26 16:14:00+00:00
274743275,jinan-telecom,wuhan-telecom,48.6498,0.0,icmp,1593188160,2020-06-26 16:16:00+00:00
274743498,jinan-telecom,wuhan-telecom,39.4392,0.0,icmp,1593188239,2020-06-26 16:17:19+00:00
274743739,jinan-telecom,wuhan-telecom,47.2978,0.0,icmp,1593188400,2020-06-26 16:20:00+00:00
274743952,jinan-telecom,wuhan-telecom,48.017,0.0,icmp,1593188520,2020-06-26 16:22:00+00:00
274744168,jinan-telecom,wuhan-telecom,42.2353,0.0,icmp,1593188640,2020-06-26 16:24:00+00:00
274744388,jinan-telecom,wuhan-telecom,46.9988,0.0,icmp,1593188760,2020-06-26 16:26:00+00:00
274744615,jinan-telecom,wuhan-telecom,39.4812,0.0,icmp,1593188884,2020-06-26 16:28:04+00:00
274744868,jinan-telecom,wuhan-telecom,48.1036,0.0,icmp,1593189000,2020-06-26 16:30:00+00:00
274745068,jinan-telecom,wuhan-telecom,48.0751,0.0,icmp,1593189120,2020-06-26 16:32:00+00:00
274745291,jinan-telecom,wuhan-telecom,39.4038,0.0,icmp,1593189199,2020-06-26 16:33:19+00:00
274745516,jinan-telecom,wuhan-telecom,46.2841,0.0,icmp,1593189360,2020-06-26 16:36:00+00:00
274745755,jinan-telecom,wuhan-telecom,42.0013,0.0,icmp,1593189480,2020-06-26 16:38:00+00:00
274745978,jinan-telecom,wuhan-telecom,41.0911,0.0,icmp,1593189600,2020-06-26 16:40:00+00:00
274746190,jinan-telecom,wuhan-telecom,46.7159,0.0,icmp,1593189720,2020-06-26 16:42:00+00:00
274746429,jinan-telecom,wuhan-telecom,46.6808,0.0,icmp,1593189840,2020-06-26 16:44:00+00:00
274746650,jinan-telecom,wuhan-telecom,49.0761,0.0,icmp,1593189960,2020-06-26 16:46:00+00:00
274746891,jinan-telecom,wuhan-telecom,47.924,0.0,icmp,1593190080,2020-06-26 16:48:00+00:00
274747110,jinan-telecom,wuhan-telecom,39.4519,0.0,icmp,1593190159,2020-06-26 16:49:19+00:00
274747328,jinan-telecom,wuhan-telecom,45.2032,0.0,icmp,1593190320,2020-06-26 16:52:00+00:00
274747557,jinan-telecom,wuhan-telecom,39.4508,0.0,icmp,1593190459,2020-06-26 16:54:19+00:00
274747777,jinan-telecom,wuhan-telecom,49.0036,0.0,icmp,1593190560,2020-06-26 16:56:00+00:00
274748022,jinan-telecom,wuhan-telecom,47.2481,0.0,icmp,1593190680,2020-06-26 16:58:00+00:00
274748230,jinan-telecom,wuhan-telecom,46.7728,0.0,icmp,1593190800,2020-06-26 17:00:00+00:00
274748463,jinan-telecom,wuhan-telecom,48.1125,0.0,icmp,1593190920,2020-06-26 17:02:00+00:00
274748675,jinan-telecom,wuhan-telecom,46.8873,0.0,icmp,1593191040,2020-06-26 17:04:00+00:00
274748893,jinan-telecom,wuhan-telecom,50.4943,0.0,icmp,1593191160,2020-06-26 17:06:00+00:00
274749118,jinan-telecom,wuhan-telecom,39.3829,0.0,icmp,1593191299,2020-06-26 17:08:19+00:00
274749344,jinan-telecom,wuhan-telecom,39.3745,0.0,icmp,1593191419,2020-06-26 17:10:19+00:00
274749594,jinan-telecom,wuhan-telecom,45.7368,0.0,icmp,1593191520,2020-06-26 17:12:00+00:00
274749788,jinan-telecom,wuhan-telecom,45.3925,0.0,icmp,1593191640,2020-06-26 17:14:00+00:00
274750031,jinan-telecom,wuhan-telecom,47.3201,0.0,icmp,1593191760,2020-06-26 17:16:00+00:00
274750266,jinan-telecom,wuhan-telecom,45.7774,0.0,icmp,1593191880,2020-06-26 17:18:00+00:00
274750463,jinan-telecom,wuhan-telecom,46.4056,0.0,icmp,1593192000,2020-06-26 17:20:00+00:00
274750705,jinan-telecom,wuhan-telecom,46.5768,0.0,icmp,1593192120,2020-06-26 17:22:00+00:00
274750941,jinan-telecom,wuhan-telecom,39.3592,0.0,icmp,1593192199,2020-06-26 17:23:19+00:00
274751147,jinan-telecom,wuhan-telecom,49.953,0.0,icmp,1593192360,2020-06-26 17:26:00+00:00
274751386,jinan-telecom,wuhan-telecom,48.1271,0.0,icmp,1593192480,2020-06-26 17:28:00+00:00
274751608,jinan-telecom,wuhan-telecom,45.6069,0.0,icmp,1593192600,2020-06-26 17:30:00+00:00
274751811,jinan-telecom,wuhan-telecom,49.7712,0.0,icmp,1593192720,2020-06-26 17:32:00+00:00
274752045,jinan-telecom,wuhan-telecom,48.661,0.0,icmp,1593192840,2020-06-26 17:34:00+00:00
274752293,jinan-telecom,wuhan-telecom,39.436,0.0,icmp,1593192979,2020-06-26 17:36:19+00:00
274752516,jinan-telecom,wuhan-telecom,47.1989,0.0,icmp,1593193080,2020-06-26 17:38:00+00:00
274752736,jinan-telecom,wuhan-telecom,46.9387,0.0,icmp,1593193200,2020-06-26 17:40:00+00:00
274752950,jinan-telecom,wuhan-telecom,46.764,0.0,icmp,1593193320,2020-06-26 17:42:00+00:00
274753169,jinan-telecom,wuhan-telecom,39.325,0.0,icmp,1593193459,2020-06-26 17:44:19+00:00
274753400,jinan-telecom,wuhan-telecom,39.3339,0.0,icmp,1593193579,2020-06-26 17:46:19+00:00
274753637,jinan-telecom,wuhan-telecom,49.0343,0.0,icmp,1593193680,2020-06-26 17:48:00+00:00
274753852,jinan-telecom,wuhan-telecom,45.6337,0.0,icmp,1593193800,2020-06-26 17:50:00+00:00
274754069,jinan-telecom,wuhan-telecom,39.3713,0.0,icmp,1593193879,2020-06-26 17:51:19+00:00
274754304,jinan-telecom,wuhan-telecom,48.1648,0.0,icmp,1593194040,2020-06-26 17:54:00+00:00
274754531,jinan-telecom,wuhan-telecom,46.9973,0.0,icmp,1593194160,2020-06-26 17:56:00+00:00
274754740,jinan-telecom,wuhan-telecom,46.673,0.0,icmp,1593194280,2020-06-26 17:58:00+00:00
274754993,jinan-telecom,wuhan-telecom,49.7647,0.0,icmp,1593194400,2020-06-26 18:00:00+00:00
274755212,jinan-telecom,wuhan-telecom,47.028,0.0,icmp,1593194520,2020-06-26 18:02:00+00:00
274755430,jinan-telecom,wuhan-telecom,47.7187,0.0,icmp,1593194640,2020-06-26 18:04:00+00:00
274755653,jinan-telecom,wuhan-telecom,48.0157,0.0,icmp,1593194760,2020-06-26 18:06:00+00:00
274755891,jinan-telecom,wuhan-telecom,48.2095,0.0,icmp,1593194880,2020-06-26 18:08:00+00:00
274756102,jinan-telecom,wuhan-telecom,45.9567,0.0,icmp,1593195000,2020-06-26 18:10:00+00:00
274756319,jinan-telecom,wuhan-telecom,47.797,0.0,icmp,1593195120,2020-06-26 18:12:00+00:00
274756551,jinan-telecom,wuhan-telecom,45.9922,0.0,icmp,1593195240,2020-06-26 18:14:00+00:00
274756794,jinan-telecom,wuhan-telecom,39.5313,0.0,icmp,1593195379,2020-06-26 18:16:19+00:00
274756993,jinan-telecom,wuhan-telecom,47.4123,0.0,icmp,1593195480,2020-06-26 18:18:00+00:00
274757225,jinan-telecom,wuhan-telecom,39.4498,0.0,icmp,1593195545,2020-06-26 18:19:05+00:00
274757452,jinan-telecom,wuhan-telecom,48.1761,0.0,icmp,1593195720,2020-06-26 18:22:00+00:00
274757693,jinan-telecom,wuhan-telecom,39.5478,0.0,icmp,1593195859,2020-06-26 18:24:19+00:00
274757890,jinan-telecom,wuhan-telecom,39.3764,0.0,icmp,1593195979,2020-06-26 18:26:19+00:00
274758104,jinan-telecom,wuhan-telecom,46.5099,0.0,icmp,1593196080,2020-06-26 18:28:00+00:00
274758352,jinan-telecom,wuhan-telecom,47.8271,0.0,icmp,1593196200,2020-06-26 18:30:00+00:00
274758581,jinan-telecom,wuhan-telecom,49.1223,0.0,icmp,1593196320,2020-06-26 18:32:00+00:00
274758795,jinan-telecom,wuhan-telecom,47.8553,0.0,icmp,1593196440,2020-06-26 18:34:00+00:00
274759043,jinan-telecom,wuhan-telecom,47.3854,0.0,icmp,1593196560,2020-06-26 18:36:00+00:00
274759233,jinan-telecom,wuhan-telecom,51.9721,0.0,icmp,1593196680,2020-06-26 18:38:00+00:00
274759457,jinan-telecom,wuhan-telecom,48.383,0.0,icmp,1593196800,2020-06-26 18:40:00+00:00
274759693,jinan-telecom,wuhan-telecom,50.7457,0.0,icmp,1593196920,2020-06-26 18:42:00+00:00
274759930,jinan-telecom,wuhan-telecom,39.4692,0.0,icmp,1593196999,2020-06-26 18:43:19+00:00
274760155,jinan-telecom,wuhan-telecom,39.3295,0.0,icmp,1593197179,2020-06-26 18:46:19+00:00
274760382,jinan-telecom,wuhan-telecom,48.4057,0.0,icmp,1593197280,2020-06-26 18:48:00+00:00
274760605,jinan-telecom,wuhan-telecom,39.4827,0.0,icmp,1593197344,2020-06-26 18:49:04+00:00
274760826,jinan-telecom,wuhan-telecom,39.82,0.0,icmp,1593197520,2020-06-26 18:52:00+00:00
274761060,jinan-telecom,wuhan-telecom,39.6722,0.0,icmp,1593197599,2020-06-26 18:53:19+00:00
274761271,jinan-telecom,wuhan-telecom,45.3494,0.0,icmp,1593197760,2020-06-26 18:56:00+00:00
274761518,jinan-telecom,wuhan-telecom,46.606,0.0,icmp,1593197880,2020-06-26 18:58:00+00:00
274761732,jinan-telecom,wuhan-telecom,46.8529,0.0,icmp,1593198000,2020-06-26 19:00:00+00:00
274761952,jinan-telecom,wuhan-telecom,39.4815,0.0,icmp,1593198139,2020-06-26 19:02:19+00:00
274762173,jinan-telecom,wuhan-telecom,45.4085,0.0,icmp,1593198240,2020-06-26 19:04:00+00:00
274762391,jinan-telecom,wuhan-telecom,39.352,0.0,icmp,1593198379,2020-06-26 19:06:19+00:00
274762623,jinan-telecom,wuhan-telecom,39.7844,0.0,icmp,1593198499,2020-06-26 19:08:19+00:00
274762845,jinan-telecom,wuhan-telecom,46.8996,0.0,icmp,1593198600,2020-06-26 19:10:00+00:00
274763063,jinan-telecom,wuhan-telecom,47.3933,0.0,icmp,1593198720,2020-06-26 19:12:00+00:00
274763295,jinan-telecom,wuhan-telecom,39.365,0.0,icmp,1593198859,2020-06-26 19:14:19+00:00
274763528,jinan-telecom,wuhan-telecom,46.6517,0.0,icmp,1593198960,2020-06-26 19:16:00+00:00
274763737,jinan-telecom,wuhan-telecom,47.6638,0.0,icmp,1593199080,2020-06-26 19:18:00+00:00
274763970,jinan-telecom,wuhan-telecom,39.3033,0.0,icmp,1593199159,2020-06-26 19:19:19+00:00
274764202,jinan-telecom,wuhan-telecom,47.6105,0.0,icmp,1593199320,2020-06-26 19:22:00+00:00
274764432,jinan-telecom,wuhan-telecom,48.5469,0.0,icmp,1593199440,2020-06-26 19:24:00+00:00
274764651,jinan-telecom,wuhan-telecom,42.2368,0.0,icmp,1593199560,2020-06-26 19:26:00+00:00
274764868,jinan-telecom,wuhan-telecom,39.4039,0.0,icmp,1593199639,2020-06-26 19:27:19+00:00
274765103,jinan-telecom,wuhan-telecom,47.3889,0.0,icmp,1593199800,2020-06-26 19:30:00+00:00
274765318,jinan-telecom,wuhan-telecom,46.3073,0.0,icmp,1593199920,2020-06-26 19:32:00+00:00
274765540,jinan-telecom,wuhan-telecom,46.7601,0.0,icmp,1593200040,2020-06-26 19:34:00+00:00
274765766,jinan-telecom,wuhan-telecom,48.4533,0.0,icmp,1593200160,2020-06-26 19:36:00+00:00
274765999,jinan-telecom,wuhan-telecom,48.5828,0.0,icmp,1593200280,2020-06-26 19:38:00+00:00
274766215,jinan-telecom,wuhan-telecom,48.925,0.0,icmp,1593200400,2020-06-26 19:40:00+00:00
274766428,jinan-telecom,wuhan-telecom,46.78,0.0,icmp,1593200520,2020-06-26 19:42:00+00:00
274766681,jinan-telecom,wuhan-telecom,46.7909,0.0,icmp,1593200640,2020-06-26 19:44:00+00:00
274766920,jinan-telecom,wuhan-telecom,49.0799,0.0,icmp,1593200760,2020-06-26 19:46:00+00:00
274767139,jinan-telecom,wuhan-telecom,47.4486,0.0,icmp,1593200880,2020-06-26 19:48:00+00:00
274767375,jinan-telecom,wuhan-telecom,49.1619,0.0,icmp,1593201000,2020-06-26 19:50:00+00:00
274767582,jinan-telecom,wuhan-telecom,47.6294,0.0,icmp,1593201120,2020-06-26 19:52:00+00:00
274767792,jinan-telecom,wuhan-telecom,48.5961,0.0,icmp,1593201240,2020-06-26 19:54:00+00:00
274768012,jinan-telecom,wuhan-telecom,48.6826,0.0,icmp,1593201360,2020-06-26 19:56:00+00:00
274768243,jinan-telecom,wuhan-telecom,39.3724,0.0,icmp,1593201499,2020-06-26 19:58:19+00:00
274768462,jinan-telecom,wuhan-telecom,49.3052,0.0,icmp,1593201600,2020-06-26 20:00:00+00:00
274768685,jinan-telecom,wuhan-telecom,49.6627,0.0,icmp,1593201720,2020-06-26 20:02:00+00:00
274768926,jinan-telecom,wuhan-telecom,47.3258,0.0,icmp,1593201840,2020-06-26 20:04:00+00:00
274769145,jinan-telecom,wuhan-telecom,48.1579,0.0,icmp,1593201960,2020-06-26 20:06:00+00:00
274769371,jinan-telecom,wuhan-telecom,39.6402,0.0,icmp,1593202039,2020-06-26 20:07:19+00:00
274769596,jinan-telecom,wuhan-telecom,47.207,0.0,icmp,1593202200,2020-06-26 20:10:00+00:00
274769810,jinan-telecom,wuhan-telecom,39.5718,0.0,icmp,1593202279,2020-06-26 20:11:19+00:00
274770055,jinan-telecom,wuhan-telecom,47.4871,0.0,icmp,1593202440,2020-06-26 20:14:00+00:00
274770256,jinan-telecom,wuhan-telecom,39.4201,0.0,icmp,1593202519,2020-06-26 20:15:19+00:00
274770504,jinan-telecom,wuhan-telecom,47.485,0.0,icmp,1593202680,2020-06-26 20:18:00+00:00
274770708,jinan-telecom,wuhan-telecom,48.077,0.0,icmp,1593202800,2020-06-26 20:20:00+00:00
274770948,jinan-telecom,wuhan-telecom,46.752,0.0,icmp,1593202920,2020-06-26 20:22:00+00:00
274771166,jinan-telecom,wuhan-telecom,44.9018,0.0,icmp,1593203040,2020-06-26 20:24:00+00:00
274771391,jinan-telecom,wuhan-telecom,49.4307,0.0,icmp,1593203160,2020-06-26 20:26:00+00:00
274771627,jinan-telecom,wuhan-telecom,39.396,0.0,icmp,1593203239,2020-06-26 20:27:19+00:00
274771841,jinan-telecom,wuhan-telecom,47.242,0.0,icmp,1593203400,2020-06-26 20:30:00+00:00
274772079,jinan-telecom,wuhan-telecom,47.0017,0.0,icmp,1593203520,2020-06-26 20:32:00+00:00
274772301,jinan-telecom,wuhan-telecom,48.071,0.0,icmp,1593203640,2020-06-26 20:34:00+00:00
274772524,jinan-telecom,wuhan-telecom,47.0404,0.0,icmp,1593203760,2020-06-26 20:36:00+00:00
274772740,jinan-telecom,wuhan-telecom,48.9003,0.0,icmp,1593203880,2020-06-26 20:38:00+00:00
274772958,jinan-telecom,wuhan-telecom,39.6548,0.0,icmp,1593203959,2020-06-26 20:39:19+00:00
274773211,jinan-telecom,wuhan-telecom,44.3076,0.0,icmp,1593204120,2020-06-26 20:42:00+00:00
274773416,jinan-telecom,wuhan-telecom,39.6831,0.0,icmp,1593204259,2020-06-26 20:44:19+00:00
274773655,jinan-telecom,wuhan-telecom,48.8793,0.0,icmp,1593204360,2020-06-26 20:46:00+00:00
274773856,jinan-telecom,wuhan-telecom,43.3338,0.0,icmp,1593204480,2020-06-26 20:48:00+00:00
274774099,jinan-telecom,wuhan-telecom,39.3712,0.0,icmp,1593204559,2020-06-26 20:49:19+00:00
274774316,jinan-telecom,wuhan-telecom,45.4948,0.0,icmp,1593204720,2020-06-26 20:52:00+00:00
274774555,jinan-telecom,wuhan-telecom,39.5172,0.0,icmp,1593204799,2020-06-26 20:53:19+00:00
274774762,jinan-telecom,wuhan-telecom,39.7521,0.0,icmp,1593204919,2020-06-26 20:55:19+00:00
274774985,jinan-telecom,wuhan-telecom,49.7227,0.0,icmp,1593205080,2020-06-26 20:58:00+00:00
274775211,jinan-telecom,wuhan-telecom,46.7566,0.0,icmp,1593205200,2020-06-26 21:00:00+00:00
274775449,jinan-telecom,wuhan-telecom,47.9065,0.0,icmp,1593205320,2020-06-26 21:02:00+00:00
274775682,jinan-telecom,wuhan-telecom,47.2134,0.0,icmp,1593205440,2020-06-26 21:04:00+00:00
274775889,jinan-telecom,wuhan-telecom,45.4013,0.0,icmp,1593205560,2020-06-26 21:06:00+00:00
274776138,jinan-telecom,wuhan-telecom,39.6607,0.0,icmp,1593205681,2020-06-26 21:08:01+00:00
274776364,jinan-telecom,wuhan-telecom,47.1789,0.0,icmp,1593205800,2020-06-26 21:10:00+00:00
274776574,jinan-telecom,wuhan-telecom,43.5695,0.0,icmp,1593205920,2020-06-26 21:12:00+00:00
274776801,jinan-telecom,wuhan-telecom,39.3193,0.0,icmp,1593205999,2020-06-26 21:13:19+00:00
274777043,jinan-telecom,wuhan-telecom,46.294,0.0,icmp,1593206160,2020-06-26 21:16:00+00:00
274777243,jinan-telecom,wuhan-telecom,47.9677,0.0,icmp,1593206280,2020-06-26 21:18:00+00:00
274777488,jinan-telecom,wuhan-telecom,39.3252,0.0,icmp,1593206359,2020-06-26 21:19:19+00:00
274777692,jinan-telecom,wuhan-telecom,44.5516,0.0,icmp,1593206520,2020-06-26 21:22:00+00:00
274777941,jinan-telecom,wuhan-telecom,39.3087,0.0,icmp,1593206599,2020-06-26 21:23:19+00:00
274778171,jinan-telecom,wuhan-telecom,45.4446,0.0,icmp,1593206760,2020-06-26 21:26:00+00:00
274778364,jinan-telecom,wuhan-telecom,39.3398,0.0,icmp,1593206839,2020-06-26 21:27:19+00:00
274778586,jinan-telecom,wuhan-telecom,46.0642,0.0,icmp,1593207000,2020-06-26 21:30:00+00:00
274778832,jinan-telecom,wuhan-telecom,48.0358,0.0,icmp,1593207120,2020-06-26 21:32:00+00:00
274779039,jinan-telecom,wuhan-telecom,39.4985,0.0,icmp,1593207259,2020-06-26 21:34:19+00:00
274779264,jinan-telecom,wuhan-telecom,47.5668,0.0,icmp,1593207360,2020-06-26 21:36:00+00:00
274779496,jinan-telecom,wuhan-telecom,47.2463,0.0,icmp,1593207480,2020-06-26 21:38:00+00:00
274779708,jinan-telecom,wuhan-telecom,47.642,0.0,icmp,1593207544,2020-06-26 21:39:04+00:00
274779927,jinan-telecom,wuhan-telecom,47.4992,0.0,icmp,1593207720,2020-06-26 21:42:00+00:00
274780158,jinan-telecom,wuhan-telecom,46.252,0.0,icmp,1593207840,2020-06-26 21:44:00+00:00
274780399,jinan-telecom,wuhan-telecom,39.3328,0.0,icmp,1593207919,2020-06-26 21:45:19+00:00
274780632,jinan-telecom,wuhan-telecom,39.6054,0.0,icmp,1593208099,2020-06-26 21:48:19+00:00
274780836,jinan-telecom,wuhan-telecom,47.0404,0.0,icmp,1593208200,2020-06-26 21:50:00+00:00
274781068,jinan-telecom,wuhan-telecom,39.3431,0.0,icmp,1593208339,2020-06-26 21:52:19+00:00
274781310,jinan-telecom,wuhan-telecom,46.0072,0.0,icmp,1593208440,2020-06-26 21:54:00+00:00
274781510,jinan-telecom,wuhan-telecom,39.5558,0.0,icmp,1593208560,2020-06-26 21:56:00+00:00
274781759,jinan-telecom,wuhan-telecom,40.4381,0.0,icmp,1593208680,2020-06-26 21:58:00+00:00
274781981,jinan-telecom,wuhan-telecom,46.9506,0.0,icmp,1593208800,2020-06-26 22:00:00+00:00
274782198,jinan-telecom,wuhan-telecom,39.4664,0.0,icmp,1593208879,2020-06-26 22:01:19+00:00
274782410,jinan-telecom,wuhan-telecom,39.4475,0.0,icmp,1593208999,2020-06-26 22:03:19+00:00
274782642,jinan-telecom,wuhan-telecom,39.541,0.0,icmp,1593209160,2020-06-26 22:06:00+00:00
274782859,jinan-telecom,wuhan-telecom,39.6678,0.0,icmp,1593209299,2020-06-26 22:08:19+00:00
274783093,jinan-telecom,wuhan-telecom,51.4724,0.0,icmp,1593209400,2020-06-26 22:10:00+00:00
274783329,jinan-telecom,wuhan-telecom,46.242,0.0,icmp,1593209520,2020-06-26 22:12:00+00:00
274783551,jinan-telecom,wuhan-telecom,45.8227,0.0,icmp,1593209640,2020-06-26 22:14:00+00:00
274783770,jinan-telecom,wuhan-telecom,39.4818,0.0,icmp,1593209779,2020-06-26 22:16:19+00:00
274784010,jinan-telecom,wuhan-telecom,49.1723,0.0,icmp,1593209880,2020-06-26 22:18:00+00:00
274784211,jinan-telecom,wuhan-telecom,39.3616,0.0,icmp,1593209959,2020-06-26 22:19:19+00:00
274784449,jinan-telecom,wuhan-telecom,44.3,0.0,icmp,1593210120,2020-06-26 22:22:00+00:00
274784680,jinan-telecom,wuhan-telecom,47.0867,0.0,icmp,1593210240,2020-06-26 22:24:00+00:00
274784905,jinan-telecom,wuhan-telecom,46.4808,0.0,icmp,1593210360,2020-06-26 22:26:00+00:00
274785117,jinan-telecom,wuhan-telecom,45.2733,0.0,icmp,1593210480,2020-06-26 22:28:00+00:00
274785342,jinan-telecom,wuhan-telecom,47.4943,0.0,icmp,1593210600,2020-06-26 22:30:00+00:00
274785575,jinan-telecom,wuhan-telecom,47.9632,0.0,icmp,1593210720,2020-06-26 22:32:00+00:00
274785798,jinan-telecom,wuhan-telecom,47.5224,0.0,icmp,1593210840,2020-06-26 22:34:00+00:00
274786021,jinan-telecom,wuhan-telecom,46.0181,0.0,icmp,1593210960,2020-06-26 22:36:00+00:00
274786271,jinan-telecom,wuhan-telecom,48.9622,0.0,icmp,1593211080,2020-06-26 22:38:00+00:00
274786486,jinan-telecom,wuhan-telecom,47.6903,0.0,icmp,1593211200,2020-06-26 22:40:00+00:00
274786704,jinan-telecom,wuhan-telecom,46.4632,0.0,icmp,1593211320,2020-06-26 22:42:00+00:00
274786916,jinan-telecom,wuhan-telecom,39.3199,0.0,icmp,1593211399,2020-06-26 22:43:19+00:00
274787158,jinan-telecom,wuhan-telecom,41.0708,0.0,icmp,1593211560,2020-06-26 22:46:00+00:00
274787372,jinan-telecom,wuhan-telecom,46.6601,0.0,icmp,1593211680,2020-06-26 22:48:00+00:00
274787589,jinan-telecom,wuhan-telecom,45.8607,0.0,icmp,1593211800,2020-06-26 22:50:00+00:00
274787826,jinan-telecom,wuhan-telecom,48.1217,0.0,icmp,1593211920,2020-06-26 22:52:00+00:00
274788037,jinan-telecom,wuhan-telecom,39.699,0.0,icmp,1593211999,2020-06-26 22:53:19+00:00
274788280,jinan-telecom,wuhan-telecom,46.9397,0.0,icmp,1593212160,2020-06-26 22:56:00+00:00
274788509,jinan-telecom,wuhan-telecom,47.5697,0.0,icmp,1593212280,2020-06-26 22:58:00+00:00
274788732,jinan-telecom,wuhan-telecom,46.6886,0.0,icmp,1593212400,2020-06-26 23:00:00+00:00
274788947,jinan-telecom,wuhan-telecom,39.3353,0.0,icmp,1593212479,2020-06-26 23:01:19+00:00
274789165,jinan-telecom,wuhan-telecom,46.1121,0.0,icmp,1593212640,2020-06-26 23:04:00+00:00
274789394,jinan-telecom,wuhan-telecom,46.8651,0.0,icmp,1593212760,2020-06-26 23:06:00+00:00
274789633,jinan-telecom,wuhan-telecom,47.045,0.0,icmp,1593212880,2020-06-26 23:08:00+00:00
274789848,jinan-telecom,wuhan-telecom,49.6219,0.0,icmp,1593213000,2020-06-26 23:10:00+00:00
274790068,jinan-telecom,wuhan-telecom,47.0317,0.0,icmp,1593213120,2020-06-26 23:12:00+00:00
274790277,jinan-telecom,wuhan-telecom,46.2607,0.0,icmp,1593213240,2020-06-26 23:14:00+00:00
274790532,jinan-telecom,wuhan-telecom,45.5937,0.0,icmp,1593213360,2020-06-26 23:16:00+00:00
274790765,jinan-telecom,wuhan-telecom,46.3018,0.0,icmp,1593213480,2020-06-26 23:18:00+00:00
274790961,jinan-telecom,wuhan-telecom,42.3618,0.0,icmp,1593213600,2020-06-26 23:20:00+00:00
274791189,jinan-telecom,wuhan-telecom,47.7006,0.0,icmp,1593213720,2020-06-26 23:22:00+00:00
274791433,jinan-telecom,wuhan-telecom,47.5601,0.0,icmp,1593213840,2020-06-26 23:24:00+00:00
274791652,jinan-telecom,wuhan-telecom,39.4931,0.0,icmp,1593213919,2020-06-26 23:25:19+00:00
274791861,jinan-telecom,wuhan-telecom,48.1799,0.0,icmp,1593214080,2020-06-26 23:28:00+00:00
274792088,jinan-telecom,wuhan-telecom,39.484,0.0,icmp,1593214219,2020-06-26 23:30:19+00:00
274792321,jinan-telecom,wuhan-telecom,46.0281,0.0,icmp,1593214320,2020-06-26 23:32:00+00:00
274792548,jinan-telecom,wuhan-telecom,45.2093,0.0,icmp,1593214440,2020-06-26 23:34:00+00:00
274792779,jinan-telecom,wuhan-telecom,46.6466,0.0,icmp,1593214560,2020-06-26 23:36:00+00:00
274792998,jinan-telecom,wuhan-telecom,46.4277,0.0,icmp,1593214680,2020-06-26 23:38:00+00:00
274793199,jinan-telecom,wuhan-telecom,49.2975,0.0,icmp,1593214800,2020-06-26 23:40:00+00:00
274793463,jinan-telecom,wuhan-telecom,46.68,0.0,icmp,1593214920,2020-06-26 23:42:00+00:00
274793666,jinan-telecom,wuhan-telecom,45.8452,0.0,icmp,1593215040,2020-06-26 23:44:00+00:00
274793882,jinan-telecom,wuhan-telecom,48.7918,0.0,icmp,1593215160,2020-06-26 23:46:00+00:00
274794104,jinan-telecom,wuhan-telecom,45.2578,0.0,icmp,1593215280,2020-06-26 23:48:00+00:00
274794352,jinan-telecom,wuhan-telecom,39.3933,0.0,icmp,1593215359,2020-06-26 23:49:19+00:00
274794577,jinan-telecom,wuhan-telecom,45.0888,0.0,icmp,1593215520,2020-06-26 23:52:00+00:00
274794804,jinan-telecom,wuhan-telecom,47.0895,0.0,icmp,1593215640,2020-06-26 23:54:00+00:00
274795028,jinan-telecom,wuhan-telecom,46.6444,0.0,icmp,1593215760,2020-06-26 23:56:00+00:00
274795242,jinan-telecom,wuhan-telecom,47.7567,0.0,icmp,1593215880,2020-06-26 23:58:00+00:00
274795460,jinan-telecom,wuhan-telecom,44.9562,0.0,icmp,1593216000,2020-06-27 00:00:00+00:00
274795692,jinan-telecom,wuhan-telecom,45.6607,0.0,icmp,1593216120,2020-06-27 00:02:00+00:00
274795936,jinan-telecom,wuhan-telecom,40.6015,0.0,icmp,1593216240,2020-06-27 00:04:00+00:00
274796151,jinan-telecom,wuhan-telecom,47.5729,0.0,icmp,1593216360,2020-06-27 00:06:00+00:00
274796361,jinan-telecom,wuhan-telecom,39.3367,0.0,icmp,1593216499,2020-06-27 00:08:19+00:00
274796614,jinan-telecom,wuhan-telecom,45.8891,0.0,icmp,1593216600,2020-06-27 00:10:00+00:00
274796826,jinan-telecom,wuhan-telecom,49.4371,0.0,icmp,1593216720,2020-06-27 00:12:00+00:00
274797052,jinan-telecom,wuhan-telecom,49.0948,0.0,icmp,1593216840,2020-06-27 00:14:00+00:00
274797280,jinan-telecom,wuhan-telecom,47.3027,0.0,icmp,1593216960,2020-06-27 00:16:00+00:00
274797503,jinan-telecom,wuhan-telecom,44.3488,0.0,icmp,1593217080,2020-06-27 00:18:00+00:00
274797712,jinan-telecom,wuhan-telecom,47.3479,0.0,icmp,1593217200,2020-06-27 00:20:00+00:00
274797955,jinan-telecom,wuhan-telecom,47.826,0.0,icmp,1593217320,2020-06-27 00:22:00+00:00
274798153,jinan-telecom,wuhan-telecom,39.5023,0.0,icmp,1593217384,2020-06-27 00:23:04+00:00
274798331,jinan-telecom,wuhan-telecom,48.4684,0.0,icmp,1593217560,2020-06-27 00:26:00+00:00
274798617,jinan-telecom,wuhan-telecom,46.0762,0.0,icmp,1593217680,2020-06-27 00:28:00+00:00
274798879,jinan-telecom,wuhan-telecom,48.4324,0.0,icmp,1593217800,2020-06-27 00:30:00+00:00
274799084,jinan-telecom,wuhan-telecom,46.6798,0.0,icmp,1593217920,2020-06-27 00:32:00+00:00
274799278,jinan-telecom,wuhan-telecom,45.3214,0.0,icmp,1593218040,2020-06-27 00:34:00+00:00
274799512,jinan-telecom,wuhan-telecom,47.5489,0.0,icmp,1593218160,2020-06-27 00:36:00+00:00
274799742,jinan-telecom,wuhan-telecom,46.586,0.0,icmp,1593218280,2020-06-27 00:38:00+00:00
274800008,jinan-telecom,wuhan-telecom,39.669,0.0,icmp,1593218359,2020-06-27 00:39:19+00:00
274800194,jinan-telecom,wuhan-telecom,47.5125,0.0,icmp,1593218520,2020-06-27 00:42:00+00:00
274800416,jinan-telecom,wuhan-telecom,39.3758,0.0,icmp,1593218659,2020-06-27 00:44:19+00:00
274800653,jinan-telecom,wuhan-telecom,46.7458,0.0,icmp,1593218760,2020-06-27 00:46:00+00:00
274800885,jinan-telecom,wuhan-telecom,48.0363,0.0,icmp,1593218880,2020-06-27 00:48:00+00:00
274801097,jinan-telecom,wuhan-telecom,47.4323,0.0,icmp,1593219000,2020-06-27 00:50:00+00:00
274801329,jinan-telecom,wuhan-telecom,50.4489,0.0,icmp,1593219120,2020-06-27 00:52:00+00:00
274801547,jinan-telecom,wuhan-telecom,44.4175,0.0,icmp,1593219240,2020-06-27 00:54:00+00:00
274801760,jinan-telecom,wuhan-telecom,46.9114,0.0,icmp,1593219360,2020-06-27 00:56:00+00:00
274801991,jinan-telecom,wuhan-telecom,46.7454,0.0,icmp,1593219480,2020-06-27 00:58:00+00:00
274802216,jinan-telecom,wuhan-telecom,46.4105,0.0,icmp,1593219600,2020-06-27 01:00:00+00:00
274802439,jinan-telecom,wuhan-telecom,39.4286,0.0,icmp,1593219679,2020-06-27 01:01:19+00:00
274802671,jinan-telecom,wuhan-telecom,49.1706,0.0,icmp,1593219840,2020-06-27 01:04:00+00:00
274802891,jinan-telecom,wuhan-telecom,48.1176,0.0,icmp,1593219960,2020-06-27 01:06:00+00:00
274803110,jinan-telecom,wuhan-telecom,47.3266,0.0,icmp,1593220080,2020-06-27 01:08:00+00:00
274803357,jinan-telecom,wuhan-telecom,48.1076,0.0,icmp,1593220200,2020-06-27 01:10:00+00:00
274803553,jinan-telecom,wuhan-telecom,46.4448,0.0,icmp,1593220320,2020-06-27 01:12:00+00:00
274803805,jinan-telecom,wuhan-telecom,48.2373,0.0,icmp,1593220440,2020-06-27 01:14:00+00:00
274804007,jinan-telecom,wuhan-telecom,48.8576,0.0,icmp,1593220560,2020-06-27 01:16:00+00:00
274804257,jinan-telecom,wuhan-telecom,46.6569,0.0,icmp,1593220680,2020-06-27 01:18:00+00:00
274804512,jinan-telecom,wuhan-telecom,39.3635,0.0,icmp,1593220759,2020-06-27 01:19:19+00:00
274804700,jinan-telecom,wuhan-telecom,39.5634,0.0,icmp,1593220879,2020-06-27 01:21:19+00:00
274804912,jinan-telecom,wuhan-telecom,46.8981,0.0,icmp,1593221040,2020-06-27 01:24:00+00:00
274805134,jinan-telecom,wuhan-telecom,44.0552,0.0,icmp,1593221160,2020-06-27 01:26:00+00:00
274805364,jinan-telecom,wuhan-telecom,46.2861,0.0,icmp,1593221280,2020-06-27 01:28:00+00:00
274805617,jinan-telecom,wuhan-telecom,42.9295,0.0,icmp,1593221400,2020-06-27 01:30:00+00:00
274805819,jinan-telecom,wuhan-telecom,39.4963,0.0,icmp,1593221539,2020-06-27 01:32:19+00:00
274806048,jinan-telecom,wuhan-telecom,49.2246,0.0,icmp,1593221640,2020-06-27 01:34:00+00:00
274806283,jinan-telecom,wuhan-telecom,39.9104,0.0,icmp,1593221760,2020-06-27 01:36:00+00:00
274806503,jinan-telecom,wuhan-telecom,47.676,0.0,icmp,1593221880,2020-06-27 01:38:00+00:00
274806712,jinan-telecom,wuhan-telecom,47.3931,0.0,icmp,1593222000,2020-06-27 01:40:00+00:00
274806971,jinan-telecom,wuhan-telecom,45.7395,0.0,icmp,1593222120,2020-06-27 01:42:00+00:00
274807190,jinan-telecom,wuhan-telecom,46.7239,0.0,icmp,1593222240,2020-06-27 01:44:00+00:00
274807389,jinan-telecom,wuhan-telecom,45.7785,0.0,icmp,1593222360,2020-06-27 01:46:00+00:00
274807575,jinan-telecom,wuhan-telecom,47.8232,0.0,icmp,1593222480,2020-06-27 01:48:00+00:00
274807850,jinan-telecom,wuhan-telecom,47.876,0.0,icmp,1593222600,2020-06-27 01:50:00+00:00
274808067,jinan-telecom,wuhan-telecom,39.5146,0.0,icmp,1593222679,2020-06-27 01:51:19+00:00
274808298,jinan-telecom,wuhan-telecom,44.737,0.0,icmp,1593222840,2020-06-27 01:54:00+00:00
274808531,jinan-telecom,wuhan-telecom,48.188,0.0,icmp,1593222960,2020-06-27 01:56:00+00:00
274808716,jinan-telecom,wuhan-telecom,47.7553,0.0,icmp,1593223080,2020-06-27 01:58:00+00:00
274808979,jinan-telecom,wuhan-telecom,45.8608,0.0,icmp,1593223200,2020-06-27 02:00:00+00:00
274809198,jinan-telecom,wuhan-telecom,40.9956,0.0,icmp,1593223320,2020-06-27 02:02:00+00:00
274809418,jinan-telecom,wuhan-telecom,48.5971,0.0,icmp,1593223440,2020-06-27 02:04:00+00:00
274809644,jinan-telecom,wuhan-telecom,45.9841,0.0,icmp,1593223560,2020-06-27 02:06:00+00:00
274809865,jinan-telecom,wuhan-telecom,46.1201,0.0,icmp,1593223680,2020-06-27 02:08:00+00:00
274810091,jinan-telecom,wuhan-telecom,40.2604,0.0,icmp,1593223800,2020-06-27 02:10:00+00:00
274810316,jinan-telecom,wuhan-telecom,39.42,0.0,icmp,1593223879,2020-06-27 02:11:19+00:00
274810538,jinan-telecom,wuhan-telecom,45.0752,0.0,icmp,1593224040,2020-06-27 02:14:00+00:00
274810761,jinan-telecom,wuhan-telecom,49.6182,0.0,icmp,1593224160,2020-06-27 02:16:00+00:00
274810994,jinan-telecom,wuhan-telecom,48.4972,0.0,icmp,1593224280,2020-06-27 02:18:00+00:00
274811209,jinan-telecom,wuhan-telecom,42.0616,0.0,icmp,1593224400,2020-06-27 02:20:00+00:00
274811428,jinan-telecom,wuhan-telecom,45.9435,0.0,icmp,1593224520,2020-06-27 02:22:00+00:00
274811663,jinan-telecom,wuhan-telecom,44.9988,0.0,icmp,1593224640,2020-06-27 02:24:00+00:00
274811907,jinan-telecom,wuhan-telecom,47.9353,0.0,icmp,1593224760,2020-06-27 02:26:00+00:00
274812136,jinan-telecom,wuhan-telecom,41.6849,0.0,icmp,1593224880,2020-06-27 02:28:00+00:00
274812348,jinan-telecom,wuhan-telecom,47.2822,0.0,icmp,1593225000,2020-06-27 02:30:00+00:00
274812551,jinan-telecom,wuhan-telecom,45.7235,0.0,icmp,1593225120,2020-06-27 02:32:00+00:00
274812808,jinan-telecom,wuhan-telecom,45.8583,0.0,icmp,1593225240,2020-06-27 02:34:00+00:00
274813022,jinan-telecom,wuhan-telecom,48.1163,0.0,icmp,1593225360,2020-06-27 02:36:00+00:00
274813239,jinan-telecom,wuhan-telecom,47.719,0.0,icmp,1593225480,2020-06-27 02:38:00+00:00
274813476,jinan-telecom,wuhan-telecom,39.5129,0.0,icmp,1593225559,2020-06-27 02:39:19+00:00
274813723,jinan-telecom,wuhan-telecom,47.0991,0.0,icmp,1593225720,2020-06-27 02:42:00+00:00
274813921,jinan-telecom,wuhan-telecom,44.98,0.0,icmp,1593225840,2020-06-27 02:44:00+00:00
274814155,jinan-telecom,wuhan-telecom,44.976,0.0,icmp,1593225960,2020-06-27 02:46:00+00:00
274814385,jinan-telecom,wuhan-telecom,44.7693,0.0,icmp,1593226080,2020-06-27 02:48:00+00:00
274814608,jinan-telecom,wuhan-telecom,46.1411,0.0,icmp,1593226200,2020-06-27 02:50:00+00:00
274814813,jinan-telecom,wuhan-telecom,48.731,0.0,icmp,1593226320,2020-06-27 02:52:00+00:00
274815055,jinan-telecom,wuhan-telecom,47.6583,0.0,icmp,1593226440,2020-06-27 02:54:00+00:00
274815267,jinan-telecom,wuhan-telecom,47.1189,0.0,icmp,1593226560,2020-06-27 02:56:00+00:00
274815493,jinan-telecom,wuhan-telecom,47.1767,0.0,icmp,1593226680,2020-06-27 02:58:00+00:00
274815733,jinan-telecom,wuhan-telecom,39.6583,0.0,icmp,1593226819,2020-06-27 03:00:19+00:00
274815928,jinan-telecom,wuhan-telecom,43.2997,0.0,icmp,1593226920,2020-06-27 03:02:00+00:00
274816166,jinan-telecom,wuhan-telecom,46.5486,0.0,icmp,1593227040,2020-06-27 03:04:00+00:00
274816408,jinan-telecom,wuhan-telecom,39.4037,0.0,icmp,1593227179,2020-06-27 03:06:19+00:00
274816623,jinan-telecom,wuhan-telecom,46.1327,0.0,icmp,1593227280,2020-06-27 03:08:00+00:00
274816842,jinan-telecom,wuhan-telecom,39.3927,0.0,icmp,1593227359,2020-06-27 03:09:19+00:00
274817091,jinan-telecom,wuhan-telecom,46.2561,0.0,icmp,1593227520,2020-06-27 03:12:00+00:00
274817304,jinan-telecom,wuhan-telecom,48.7245,0.0,icmp,1593227640,2020-06-27 03:14:00+00:00
274817513,jinan-telecom,wuhan-telecom,47.0863,0.0,icmp,1593227760,2020-06-27 03:16:00+00:00
274817754,jinan-telecom,wuhan-telecom,47.2676,0.0,icmp,1593227880,2020-06-27 03:18:00+00:00
274817967,jinan-telecom,wuhan-telecom,46.6305,0.0,icmp,1593228000,2020-06-27 03:20:00+00:00
274818205,jinan-telecom,wuhan-telecom,50.3156,0.0,icmp,1593228120,2020-06-27 03:22:00+00:00
274818430,jinan-telecom,wuhan-telecom,48.0312,0.0,icmp,1593228240,2020-06-27 03:24:00+00:00
274818645,jinan-telecom,wuhan-telecom,39.4242,0.0,icmp,1593228319,2020-06-27 03:25:19+00:00
274818862,jinan-telecom,wuhan-telecom,46.0176,0.0,icmp,1593228480,2020-06-27 03:28:00+00:00
274819091,jinan-telecom,wuhan-telecom,41.9394,0.0,icmp,1593228600,2020-06-27 03:30:00+00:00
274819341,jinan-telecom,wuhan-telecom,46.7091,0.0,icmp,1593228720,2020-06-27 03:32:00+00:00
274819541,jinan-telecom,wuhan-telecom,46.8698,0.0,icmp,1593228840,2020-06-27 03:34:00+00:00
274819752,jinan-telecom,wuhan-telecom,46.4519,0.0,icmp,1593228960,2020-06-27 03:36:00+00:00
274819996,jinan-telecom,wuhan-telecom,49.3291,0.0,icmp,1593229080,2020-06-27 03:38:00+00:00
274820212,jinan-telecom,wuhan-telecom,47.6198,0.0,icmp,1593229200,2020-06-27 03:40:00+00:00
274820456,jinan-telecom,wuhan-telecom,39.4301,0.0,icmp,1593229339,2020-06-27 03:42:19+00:00
274820670,jinan-telecom,wuhan-telecom,45.7359,0.0,icmp,1593229440,2020-06-27 03:44:00+00:00
274820889,jinan-telecom,wuhan-telecom,42.8081,0.0,icmp,1593229560,2020-06-27 03:46:00+00:00
274821137,jinan-telecom,wuhan-telecom,45.2485,0.0,icmp,1593229680,2020-06-27 03:48:00+00:00
274821345,jinan-telecom,wuhan-telecom,39.3599,0.0,icmp,1593229759,2020-06-27 03:49:19+00:00
274821574,jinan-telecom,wuhan-telecom,45.5202,0.0,icmp,1593229920,2020-06-27 03:52:00+00:00
274821786,jinan-telecom,wuhan-telecom,39.3649,0.0,icmp,1593230059,2020-06-27 03:54:19+00:00
274822008,jinan-telecom,wuhan-telecom,48.5858,0.0,icmp,1593230160,2020-06-27 03:56:00+00:00
274822227,jinan-telecom,wuhan-telecom,47.9073,0.0,icmp,1593230280,2020-06-27 03:58:00+00:00
274822481,jinan-telecom,wuhan-telecom,48.6369,0.0,icmp,1593230400,2020-06-27 04:00:00+00:00
274822704,jinan-telecom,wuhan-telecom,39.4338,0.0,icmp,1593230479,2020-06-27 04:01:19+00:00
274822931,jinan-telecom,wuhan-telecom,47.1671,0.0,icmp,1593230640,2020-06-27 04:04:00+00:00
274823137,jinan-telecom,wuhan-telecom,46.7232,0.0,icmp,1593230760,2020-06-27 04:06:00+00:00
274823365,jinan-telecom,wuhan-telecom,44.9568,0.0,icmp,1593230880,2020-06-27 04:08:00+00:00
274823630,jinan-telecom,wuhan-telecom,45.5011,0.0,icmp,1593231000,2020-06-27 04:10:00+00:00
274823839,jinan-telecom,wuhan-telecom,39.3311,0.0,icmp,1593231139,2020-06-27 04:12:19+00:00
274824054,jinan-telecom,wuhan-telecom,44.5193,0.0,icmp,1593231240,2020-06-27 04:14:00+00:00
274824282,jinan-telecom,wuhan-telecom,46.9462,0.0,icmp,1593231360,2020-06-27 04:16:00+00:00
274824512,jinan-telecom,wuhan-telecom,46.3471,0.0,icmp,1593231480,2020-06-27 04:18:00+00:00
274824706,jinan-telecom,wuhan-telecom,45.8532,0.0,icmp,1593231600,2020-06-27 04:20:00+00:00
274824941,jinan-telecom,wuhan-telecom,39.6296,0.0,icmp,1593231739,2020-06-27 04:22:19+00:00
274825190,jinan-telecom,wuhan-telecom,39.4412,0.0,icmp,1593231859,2020-06-27 04:24:19+00:00
274825412,jinan-telecom,wuhan-telecom,47.3915,0.0,icmp,1593231960,2020-06-27 04:26:00+00:00
274825623,jinan-telecom,wuhan-telecom,39.3819,0.0,icmp,1593232039,2020-06-27 04:27:19+00:00
274825849,jinan-telecom,wuhan-telecom,46.129,0.0,icmp,1593232200,2020-06-27 04:30:00+00:00
274826063,jinan-telecom,wuhan-telecom,42.3448,0.0,icmp,1593232264,2020-06-27 04:31:04+00:00
274826282,jinan-telecom,wuhan-telecom,44.0385,0.0,icmp,1593232440,2020-06-27 04:34:00+00:00
274826512,jinan-telecom,wuhan-telecom,39.5904,0.0,icmp,1593232519,2020-06-27 04:35:19+00:00
274826751,jinan-telecom,wuhan-telecom,46.996,0.0,icmp,1593232680,2020-06-27 04:38:00+00:00
274826952,jinan-telecom,wuhan-telecom,48.7337,0.0,icmp,1593232800,2020-06-27 04:40:00+00:00
274827203,jinan-telecom,wuhan-telecom,44.3328,0.0,icmp,1593232864,2020-06-27 04:41:04+00:00
274827419,jinan-telecom,wuhan-telecom,47.7748,0.0,icmp,1593233040,2020-06-27 04:44:00+00:00
274827647,jinan-telecom,wuhan-telecom,49.3836,0.0,icmp,1593233160,2020-06-27 04:46:00+00:00
274827873,jinan-telecom,wuhan-telecom,46.2334,0.0,icmp,1593233280,2020-06-27 04:48:00+00:00
274828092,jinan-telecom,wuhan-telecom,39.3166,0.0,icmp,1593233359,2020-06-27 04:49:19+00:00
274828337,jinan-telecom,wuhan-telecom,40.2136,0.0,icmp,1593233520,2020-06-27 04:52:00+00:00
274828560,jinan-telecom,wuhan-telecom,48.8187,0.0,icmp,1593233640,2020-06-27 04:54:00+00:00
274828766,jinan-telecom,wuhan-telecom,39.5132,0.0,icmp,1593233719,2020-06-27 04:55:19+00:00
274828971,jinan-telecom,wuhan-telecom,46.4782,0.0,icmp,1593233880,2020-06-27 04:58:00+00:00
274829204,jinan-telecom,wuhan-telecom,43.6565,0.0,icmp,1593234000,2020-06-27 05:00:00+00:00
274829477,jinan-telecom,wuhan-telecom,48.1961,0.0,icmp,1593234120,2020-06-27 05:02:00+00:00
274829673,jinan-telecom,wuhan-telecom,47.1774,0.0,icmp,1593234240,2020-06-27 05:04:00+00:00
274829911,jinan-telecom,wuhan-telecom,39.3434,0.0,icmp,1593234319,2020-06-27 05:05:19+00:00
274830126,jinan-telecom,wuhan-telecom,47.1866,0.0,icmp,1593234480,2020-06-27 05:08:00+00:00
280496508,jinan-telecom,wuhan-telecom,46.7205,0.0,icmp,1593436740,2020-06-29 13:19:00+00:00
280496733,jinan-telecom,wuhan-telecom,46.1309,0.0,icmp,1593436860,2020-06-29 13:21:00+00:00
280496980,jinan-telecom,wuhan-telecom,46.4131,0.0,icmp,1593436980,2020-06-29 13:23:00+00:00
280497198,jinan-telecom,wuhan-telecom,48.2024,0.0,icmp,1593437100,2020-06-29 13:25:00+00:00
280497363,jinan-telecom,wuhan-telecom,39.3356,0.0,icmp,1593437179,2020-06-29 13:26:19+00:00
280497643,jinan-telecom,wuhan-telecom,47.2096,0.0,icmp,1593437340,2020-06-29 13:29:00+00:00
280497895,jinan-telecom,wuhan-telecom,45.3628,0.0,icmp,1593437460,2020-06-29 13:31:00+00:00
280498077,jinan-telecom,wuhan-telecom,39.6785,0.0,icmp,1593437599,2020-06-29 13:33:19+00:00
280498308,jinan-telecom,wuhan-telecom,47.715,0.0,icmp,1593437700,2020-06-29 13:35:00+00:00
280498548,jinan-telecom,wuhan-telecom,47.3818,0.0,icmp,1593437820,2020-06-29 13:37:00+00:00
280498772,jinan-telecom,wuhan-telecom,47.2886,0.0,icmp,1593437940,2020-06-29 13:39:00+00:00
280498984,jinan-telecom,wuhan-telecom,44.9319,0.0,icmp,1593438060,2020-06-29 13:41:00+00:00
280499203,jinan-telecom,wuhan-telecom,39.3982,0.0,icmp,1593438199,2020-06-29 13:43:19+00:00
280499439,jinan-telecom,wuhan-telecom,48.5243,0.0,icmp,1593438300,2020-06-29 13:45:00+00:00
280499717,jinan-telecom,wuhan-telecom,46.4816,0.0,icmp,1593438420,2020-06-29 13:47:00+00:00
280499881,jinan-telecom,wuhan-telecom,45.9457,0.0,icmp,1593438540,2020-06-29 13:49:00+00:00
280500132,jinan-telecom,wuhan-telecom,49.8642,0.0,icmp,1593438660,2020-06-29 13:51:00+00:00
280500326,jinan-telecom,wuhan-telecom,39.3406,0.0,icmp,1593438739,2020-06-29 13:52:19+00:00
280500572,jinan-telecom,wuhan-telecom,46.7498,0.0,icmp,1593438900,2020-06-29 13:55:00+00:00
280500814,jinan-telecom,wuhan-telecom,39.4995,0.0,icmp,1593439039,2020-06-29 13:57:19+00:00
280501012,jinan-telecom,wuhan-telecom,49.3347,0.0,icmp,1593439140,2020-06-29 13:59:00+00:00
280501243,jinan-telecom,wuhan-telecom,48.2453,0.0,icmp,1593439260,2020-06-29 14:01:00+00:00
280501463,jinan-telecom,wuhan-telecom,39.6185,0.0,icmp,1593439399,2020-06-29 14:03:19+00:00
280501682,jinan-telecom,wuhan-telecom,47.6168,0.0,icmp,1593439500,2020-06-29 14:05:00+00:00
280501904,jinan-telecom,wuhan-telecom,39.3721,0.0,icmp,1593439579,2020-06-29 14:06:19+00:00
280502138,jinan-telecom,wuhan-telecom,48.5371,0.0,icmp,1593439740,2020-06-29 14:09:00+00:00
280502353,jinan-telecom,wuhan-telecom,41.46,0.0,icmp,1593439860,2020-06-29 14:11:00+00:00
280502584,jinan-telecom,wuhan-telecom,45.9966,0.0,icmp,1593439980,2020-06-29 14:13:00+00:00
280502837,jinan-telecom,wuhan-telecom,46.9863,0.0,icmp,1593440100,2020-06-29 14:15:00+00:00
280503049,jinan-telecom,wuhan-telecom,47.9175,0.0,icmp,1593440220,2020-06-29 14:17:00+00:00
280503254,jinan-telecom,wuhan-telecom,49.4377,0.0,icmp,1593440340,2020-06-29 14:19:00+00:00
280503462,jinan-telecom,wuhan-telecom,47.1767,0.0,icmp,1593440460,2020-06-29 14:21:00+00:00
280503724,jinan-telecom,wuhan-telecom,39.4277,0.0,icmp,1593440539,2020-06-29 14:22:19+00:00
280503932,jinan-telecom,wuhan-telecom,48.2759,0.0,icmp,1593440700,2020-06-29 14:25:00+00:00
280504163,jinan-telecom,wuhan-telecom,46.5935,0.0,icmp,1593440820,2020-06-29 14:27:00+00:00
280504368,jinan-telecom,wuhan-telecom,48.5468,0.0,icmp,1593440940,2020-06-29 14:29:00+00:00
280504645,jinan-telecom,wuhan-telecom,47.7464,0.0,icmp,1593441060,2020-06-29 14:31:00+00:00
280504832,jinan-telecom,wuhan-telecom,45.1201,0.0,icmp,1593441180,2020-06-29 14:33:00+00:00
280505109,jinan-telecom,wuhan-telecom,47.1557,0.0,icmp,1593441300,2020-06-29 14:35:00+00:00
280505305,jinan-telecom,wuhan-telecom,44.8219,0.0,icmp,1593441420,2020-06-29 14:37:00+00:00
280505483,jinan-telecom,wuhan-telecom,47.1746,0.0,icmp,1593441540,2020-06-29 14:39:00+00:00
280505764,jinan-telecom,wuhan-telecom,44.3042,0.0,icmp,1593441660,2020-06-29 14:41:00+00:00
280505970,jinan-telecom,wuhan-telecom,47.2986,0.0,icmp,1593441780,2020-06-29 14:43:00+00:00
280506187,jinan-telecom,wuhan-telecom,42.2509,0.0,icmp,1593441900,2020-06-29 14:45:00+00:00
280506410,jinan-telecom,wuhan-telecom,48.5764,0.0,icmp,1593442020,2020-06-29 14:47:00+00:00
280506642,jinan-telecom,wuhan-telecom,42.4447,0.0,icmp,1593442140,2020-06-29 14:49:00+00:00
280506857,jinan-telecom,wuhan-telecom,45.2696,0.0,icmp,1593442260,2020-06-29 14:51:00+00:00
280507083,jinan-telecom,wuhan-telecom,39.5965,0.0,icmp,1593442339,2020-06-29 14:52:19+00:00
280507303,jinan-telecom,wuhan-telecom,48.185,0.0,icmp,1593442500,2020-06-29 14:55:00+00:00
280507516,jinan-telecom,wuhan-telecom,47.4856,0.0,icmp,1593442620,2020-06-29 14:57:00+00:00
280507760,jinan-telecom,wuhan-telecom,50.6272,0.0,icmp,1593442740,2020-06-29 14:59:00+00:00
280507987,jinan-telecom,wuhan-telecom,39.3462,0.0,icmp,1593442879,2020-06-29 15:01:19+00:00
280508217,jinan-telecom,wuhan-telecom,45.0574,0.0,icmp,1593442980,2020-06-29 15:03:00+00:00
280508461,jinan-telecom,wuhan-telecom,49.6209,0.0,icmp,1593443100,2020-06-29 15:05:00+00:00
280508649,jinan-telecom,wuhan-telecom,39.7473,0.0,icmp,1593443239,2020-06-29 15:07:19+00:00
280508908,jinan-telecom,wuhan-telecom,49.9417,0.0,icmp,1593443340,2020-06-29 15:09:00+00:00
280509106,jinan-telecom,wuhan-telecom,39.4113,0.0,icmp,1593443479,2020-06-29 15:11:19+00:00
280509343,jinan-telecom,wuhan-telecom,50.2971,0.0,icmp,1593443580,2020-06-29 15:13:00+00:00
280509581,jinan-telecom,wuhan-telecom,48.7957,0.0,icmp,1593443700,2020-06-29 15:15:00+00:00
280509793,jinan-telecom,wuhan-telecom,39.3228,0.0,icmp,1593443779,2020-06-29 15:16:19+00:00
280510044,jinan-telecom,wuhan-telecom,47.2835,0.0,icmp,1593443940,2020-06-29 15:19:00+00:00
280510242,jinan-telecom,wuhan-telecom,39.5546,0.0,icmp,1593444079,2020-06-29 15:21:19+00:00
280510464,jinan-telecom,wuhan-telecom,46.4834,0.0,icmp,1593444185,2020-06-29 15:23:05+00:00
280510693,jinan-telecom,wuhan-telecom,39.4006,0.0,icmp,1593444319,2020-06-29 15:25:19+00:00
280510921,jinan-telecom,wuhan-telecom,47.2423,0.0,icmp,1593444420,2020-06-29 15:27:00+00:00
280511154,jinan-telecom,wuhan-telecom,46.0447,0.0,icmp,1593444540,2020-06-29 15:29:00+00:00
280511370,jinan-telecom,wuhan-telecom,39.3954,0.0,icmp,1593444679,2020-06-29 15:31:19+00:00
280511635,jinan-telecom,wuhan-telecom,45.9139,0.0,icmp,1593444780,2020-06-29 15:33:00+00:00
280511808,jinan-telecom,wuhan-telecom,39.5912,0.0,icmp,1593444919,2020-06-29 15:35:19+00:00
280512078,jinan-telecom,wuhan-telecom,39.3849,0.0,icmp,1593445039,2020-06-29 15:37:19+00:00
280512256,jinan-telecom,wuhan-telecom,46.7251,0.0,icmp,1593445140,2020-06-29 15:39:00+00:00
280512474,jinan-telecom,wuhan-telecom,39.3617,0.0,icmp,1593445279,2020-06-29 15:41:19+00:00
280512696,jinan-telecom,wuhan-telecom,45.9066,0.0,icmp,1593445380,2020-06-29 15:43:00+00:00
280512933,jinan-telecom,wuhan-telecom,48.9722,0.0,icmp,1593445500,2020-06-29 15:45:00+00:00
280513149,jinan-telecom,wuhan-telecom,46.5938,0.0,icmp,1593445620,2020-06-29 15:47:00+00:00
280513385,jinan-telecom,wuhan-telecom,48.0727,0.0,icmp,1593445740,2020-06-29 15:49:00+00:00
280513653,jinan-telecom,wuhan-telecom,47.3947,0.0,icmp,1593445860,2020-06-29 15:51:00+00:00
280513888,jinan-telecom,wuhan-telecom,39.4179,0.0,icmp,1593445999,2020-06-29 15:53:19+00:00
280514076,jinan-telecom,wuhan-telecom,46.3478,0.0,icmp,1593446100,2020-06-29 15:55:00+00:00
280514291,jinan-telecom,wuhan-telecom,47.9128,0.0,icmp,1593446220,2020-06-29 15:57:00+00:00
280514528,jinan-telecom,wuhan-telecom,39.6286,0.0,icmp,1593446359,2020-06-29 15:59:19+00:00
280514772,jinan-telecom,wuhan-telecom,45.5018,0.0,icmp,1593446460,2020-06-29 16:01:00+00:00
280514992,jinan-telecom,wuhan-telecom,47.6718,0.0,icmp,1593446580,2020-06-29 16:03:00+00:00
280515146,jinan-telecom,wuhan-telecom,45.3837,0.0,icmp,1593446700,2020-06-29 16:05:00+00:00
280515330,jinan-telecom,wuhan-telecom,41.776,0.0,icmp,1593446820,2020-06-29 16:07:00+00:00
280515612,jinan-telecom,wuhan-telecom,45.8069,0.0,icmp,1593446940,2020-06-29 16:09:00+00:00
280515865,jinan-telecom,wuhan-telecom,47.9294,0.0,icmp,1593447060,2020-06-29 16:11:00+00:00
280516097,jinan-telecom,wuhan-telecom,45.8856,0.0,icmp,1593447180,2020-06-29 16:13:00+00:00
280516308,jinan-telecom,wuhan-telecom,46.6497,0.0,icmp,1593447300,2020-06-29 16:15:00+00:00
280516547,jinan-telecom,wuhan-telecom,40.0179,0.0,icmp,1593447420,2020-06-29 16:17:00+00:00
280516749,jinan-telecom,wuhan-telecom,39.3507,0.0,icmp,1593447499,2020-06-29 16:18:19+00:00
280516959,jinan-telecom,wuhan-telecom,39.3922,0.0,icmp,1593447679,2020-06-29 16:21:19+00:00
280517188,jinan-telecom,wuhan-telecom,45.6243,0.0,icmp,1593447780,2020-06-29 16:23:00+00:00
280517460,jinan-telecom,wuhan-telecom,47.0626,0.0,icmp,1593447900,2020-06-29 16:25:00+00:00
280517658,jinan-telecom,wuhan-telecom,47.0962,0.0,icmp,1593448020,2020-06-29 16:27:00+00:00
280517865,jinan-telecom,wuhan-telecom,47.7184,0.0,icmp,1593448140,2020-06-29 16:29:00+00:00
280518138,jinan-telecom,wuhan-telecom,39.6101,0.0,icmp,1593448219,2020-06-29 16:30:19+00:00
280518296,jinan-telecom,wuhan-telecom,47.7626,0.0,icmp,1593448380,2020-06-29 16:33:00+00:00
280518553,jinan-telecom,wuhan-telecom,47.5779,0.0,icmp,1593448500,2020-06-29 16:35:00+00:00
280518807,jinan-telecom,wuhan-telecom,47.7486,0.0,icmp,1593448620,2020-06-29 16:37:00+00:00
280518995,jinan-telecom,wuhan-telecom,48.2282,0.0,icmp,1593448740,2020-06-29 16:39:00+00:00
280519246,jinan-telecom,wuhan-telecom,48.1291,0.0,icmp,1593448860,2020-06-29 16:41:00+00:00
280519465,jinan-telecom,wuhan-telecom,46.4683,0.0,icmp,1593448980,2020-06-29 16:43:00+00:00
280519660,jinan-telecom,wuhan-telecom,39.3442,0.0,icmp,1593449059,2020-06-29 16:44:19+00:00
280519897,jinan-telecom,wuhan-telecom,45.9266,0.0,icmp,1593449220,2020-06-29 16:47:00+00:00
280520104,jinan-telecom,wuhan-telecom,47.5853,0.0,icmp,1593449340,2020-06-29 16:49:00+00:00
280520386,jinan-telecom,wuhan-telecom,48.3858,0.0,icmp,1593449460,2020-06-29 16:51:00+00:00
280520642,jinan-telecom,wuhan-telecom,48.4899,0.0,icmp,1593449580,2020-06-29 16:53:00+00:00
280520784,jinan-telecom,wuhan-telecom,39.3758,0.0,icmp,1593449719,2020-06-29 16:55:19+00:00
280521022,jinan-telecom,wuhan-telecom,47.4304,0.0,icmp,1593449820,2020-06-29 16:57:00+00:00
280521211,jinan-telecom,wuhan-telecom,47.4428,0.0,icmp,1593449940,2020-06-29 16:59:00+00:00
280521443,jinan-telecom,wuhan-telecom,44.4927,0.0,icmp,1593450060,2020-06-29 17:01:00+00:00
280521705,jinan-telecom,wuhan-telecom,39.6641,0.0,icmp,1593450199,2020-06-29 17:03:19+00:00
280521916,jinan-telecom,wuhan-telecom,47.4272,0.0,icmp,1593450300,2020-06-29 17:05:00+00:00
280522186,jinan-telecom,wuhan-telecom,47.7044,0.0,icmp,1593450420,2020-06-29 17:07:00+00:00
280522370,jinan-telecom,wuhan-telecom,39.6193,0.0,icmp,1593450499,2020-06-29 17:08:19+00:00
280522584,jinan-telecom,wuhan-telecom,45.1855,0.0,icmp,1593450660,2020-06-29 17:11:00+00:00
280522790,jinan-telecom,wuhan-telecom,46.2363,0.0,icmp,1593450780,2020-06-29 17:13:00+00:00
280523036,jinan-telecom,wuhan-telecom,47.1276,0.0,icmp,1593450900,2020-06-29 17:15:00+00:00
280523247,jinan-telecom,wuhan-telecom,46.6335,0.0,icmp,1593451020,2020-06-29 17:17:00+00:00
280523473,jinan-telecom,wuhan-telecom,40.4919,0.0,icmp,1593451140,2020-06-29 17:19:00+00:00
280523692,jinan-telecom,wuhan-telecom,39.3351,0.0,icmp,1593451279,2020-06-29 17:21:19+00:00
280523919,jinan-telecom,wuhan-telecom,45.7285,0.0,icmp,1593451380,2020-06-29 17:23:00+00:00
280524166,jinan-telecom,wuhan-telecom,46.5392,0.0,icmp,1593451500,2020-06-29 17:25:00+00:00
280524367,jinan-telecom,wuhan-telecom,39.3862,0.0,icmp,1593451639,2020-06-29 17:27:19+00:00
280524609,jinan-telecom,wuhan-telecom,46.8047,0.0,icmp,1593451740,2020-06-29 17:29:00+00:00
280524857,jinan-telecom,wuhan-telecom,39.4217,0.0,icmp,1593451879,2020-06-29 17:31:19+00:00
280525027,jinan-telecom,wuhan-telecom,39.6114,0.0,icmp,1593451999,2020-06-29 17:33:19+00:00
280525302,jinan-telecom,wuhan-telecom,39.3284,0.0,icmp,1593452119,2020-06-29 17:35:19+00:00
280525473,jinan-telecom,wuhan-telecom,47.4638,0.0,icmp,1593452220,2020-06-29 17:37:00+00:00
280525747,jinan-telecom,wuhan-telecom,39.557,0.0,icmp,1593452299,2020-06-29 17:38:19+00:00
280525935,jinan-telecom,wuhan-telecom,41.2218,0.0,icmp,1593452460,2020-06-29 17:41:00+00:00
280526161,jinan-telecom,wuhan-telecom,47.6059,0.0,icmp,1593452580,2020-06-29 17:43:00+00:00
280526383,jinan-telecom,wuhan-telecom,39.4048,15.0,icmp,1593452719,2020-06-29 17:45:19+00:00
280526620,jinan-telecom,wuhan-telecom,49.4311,0.0,icmp,1593452820,2020-06-29 17:47:00+00:00
280526857,jinan-telecom,wuhan-telecom,45.8819,0.0,icmp,1593452940,2020-06-29 17:49:00+00:00
280527066,jinan-telecom,wuhan-telecom,48.0544,0.0,icmp,1593453060,2020-06-29 17:51:00+00:00
280527298,jinan-telecom,wuhan-telecom,46.8731,0.0,icmp,1593453180,2020-06-29 17:53:00+00:00
280527477,jinan-telecom,wuhan-telecom,48.5962,0.0,icmp,1593453244,2020-06-29 17:54:04+00:00
280527747,jinan-telecom,wuhan-telecom,39.7408,0.0,icmp,1593453379,2020-06-29 17:56:19+00:00
280527968,jinan-telecom,wuhan-telecom,39.4634,0.0,icmp,1593453559,2020-06-29 17:59:19+00:00
280528199,jinan-telecom,wuhan-telecom,48.5217,0.0,icmp,1593453660,2020-06-29 18:01:00+00:00
280528411,jinan-telecom,wuhan-telecom,39.4165,0.0,icmp,1593453739,2020-06-29 18:02:19+00:00
280528660,jinan-telecom,wuhan-telecom,47.1118,0.0,icmp,1593453900,2020-06-29 18:05:00+00:00
280528872,jinan-telecom,wuhan-telecom,46.2271,0.0,icmp,1593454020,2020-06-29 18:07:00+00:00
280529085,jinan-telecom,wuhan-telecom,46.6262,0.0,icmp,1593454140,2020-06-29 18:09:00+00:00
280529338,jinan-telecom,wuhan-telecom,48.0174,0.0,icmp,1593454260,2020-06-29 18:11:00+00:00
280529524,jinan-telecom,wuhan-telecom,45.1629,0.0,icmp,1593454380,2020-06-29 18:13:00+00:00
280529795,jinan-telecom,wuhan-telecom,48.2782,0.0,icmp,1593454500,2020-06-29 18:15:00+00:00
280529967,jinan-telecom,wuhan-telecom,47.3646,0.0,icmp,1593454620,2020-06-29 18:17:00+00:00
280530224,jinan-telecom,wuhan-telecom,49.3641,0.0,icmp,1593454740,2020-06-29 18:19:00+00:00
280530438,jinan-telecom,wuhan-telecom,46.3688,0.0,icmp,1593454860,2020-06-29 18:21:00+00:00
280530649,jinan-telecom,wuhan-telecom,46.0718,0.0,icmp,1593454980,2020-06-29 18:23:00+00:00
280530887,jinan-telecom,wuhan-telecom,47.6315,0.0,icmp,1593455100,2020-06-29 18:25:00+00:00
280531109,jinan-telecom,wuhan-telecom,39.5549,0.0,icmp,1593455224,2020-06-29 18:27:04+00:00
280531344,jinan-telecom,wuhan-telecom,39.4687,0.0,icmp,1593455359,2020-06-29 18:29:19+00:00
280531588,jinan-telecom,wuhan-telecom,47.9466,0.0,icmp,1593455460,2020-06-29 18:31:00+00:00
280531794,jinan-telecom,wuhan-telecom,46.6167,0.0,icmp,1593455580,2020-06-29 18:33:00+00:00
280532013,jinan-telecom,wuhan-telecom,47.3015,0.0,icmp,1593455700,2020-06-29 18:35:00+00:00
280532265,jinan-telecom,wuhan-telecom,39.4395,0.0,icmp,1593455839,2020-06-29 18:37:19+00:00
280532458,jinan-telecom,wuhan-telecom,48.4915,0.0,icmp,1593455940,2020-06-29 18:39:00+00:00
280532685,jinan-telecom,wuhan-telecom,46.4341,0.0,icmp,1593456060,2020-06-29 18:41:00+00:00
280532918,jinan-telecom,wuhan-telecom,47.5752,0.0,icmp,1593456180,2020-06-29 18:43:00+00:00
280533147,jinan-telecom,wuhan-telecom,45.6548,0.0,icmp,1593456300,2020-06-29 18:45:00+00:00
280533379,jinan-telecom,wuhan-telecom,39.6921,0.0,icmp,1593456439,2020-06-29 18:47:19+00:00
280533572,jinan-telecom,wuhan-telecom,39.4405,0.0,icmp,1593456559,2020-06-29 18:49:19+00:00
280533817,jinan-telecom,wuhan-telecom,46.8909,0.0,icmp,1593456660,2020-06-29 18:51:00+00:00
280534022,jinan-telecom,wuhan-telecom,45.7739,0.0,icmp,1593456780,2020-06-29 18:53:00+00:00
280534258,jinan-telecom,wuhan-telecom,45.3127,0.0,icmp,1593456900,2020-06-29 18:55:00+00:00
280534509,jinan-telecom,wuhan-telecom,40.2695,0.0,icmp,1593457020,2020-06-29 18:57:00+00:00
280534731,jinan-telecom,wuhan-telecom,48.135,0.0,icmp,1593457140,2020-06-29 18:59:00+00:00
280534936,jinan-telecom,wuhan-telecom,39.4907,0.0,icmp,1593457219,2020-06-29 19:00:19+00:00
280535169,jinan-telecom,wuhan-telecom,39.5959,0.0,icmp,1593457399,2020-06-29 19:03:19+00:00
280535389,jinan-telecom,wuhan-telecom,44.3839,0.0,icmp,1593457500,2020-06-29 19:05:00+00:00
280535602,jinan-telecom,wuhan-telecom,46.6674,0.0,icmp,1593457620,2020-06-29 19:07:00+00:00
280535848,jinan-telecom,wuhan-telecom,49.5284,0.0,icmp,1593457740,2020-06-29 19:09:00+00:00
280536054,jinan-telecom,wuhan-telecom,46.4765,0.0,icmp,1593457860,2020-06-29 19:11:00+00:00
280536285,jinan-telecom,wuhan-telecom,43.3339,0.0,icmp,1593457980,2020-06-29 19:13:00+00:00
280536542,jinan-telecom,wuhan-telecom,47.9986,0.0,icmp,1593458100,2020-06-29 19:15:00+00:00
280536759,jinan-telecom,wuhan-telecom,46.3115,0.0,icmp,1593458220,2020-06-29 19:17:00+00:00
280536942,jinan-telecom,wuhan-telecom,47.0349,0.0,icmp,1593458340,2020-06-29 19:19:00+00:00
280537201,jinan-telecom,wuhan-telecom,47.4398,0.0,icmp,1593458460,2020-06-29 19:21:00+00:00
280537427,jinan-telecom,wuhan-telecom,39.9221,0.0,icmp,1593458580,2020-06-29 19:23:00+00:00
280537667,jinan-telecom,wuhan-telecom,47.4489,0.0,icmp,1593458700,2020-06-29 19:25:00+00:00
280537887,jinan-telecom,wuhan-telecom,46.3628,0.0,icmp,1593458820,2020-06-29 19:27:00+00:00
280538103,jinan-telecom,wuhan-telecom,44.9983,0.0,icmp,1593458940,2020-06-29 19:29:00+00:00
280538350,jinan-telecom,wuhan-telecom,39.6431,0.0,icmp,1593459079,2020-06-29 19:31:19+00:00
280538528,jinan-telecom,wuhan-telecom,43.1236,0.0,icmp,1593459180,2020-06-29 19:33:00+00:00
280538782,jinan-telecom,wuhan-telecom,47.0367,0.0,icmp,1593459300,2020-06-29 19:35:00+00:00
280538984,jinan-telecom,wuhan-telecom,39.6799,0.0,icmp,1593459379,2020-06-29 19:36:19+00:00
280539229,jinan-telecom,wuhan-telecom,47.8526,0.0,icmp,1593459540,2020-06-29 19:39:00+00:00
280539420,jinan-telecom,wuhan-telecom,46.1468,0.0,icmp,1593459660,2020-06-29 19:41:00+00:00
280539661,jinan-telecom,wuhan-telecom,39.4415,0.0,icmp,1593459739,2020-06-29 19:42:19+00:00
280539903,jinan-telecom,wuhan-telecom,47.3703,0.0,icmp,1593459900,2020-06-29 19:45:00+00:00
280540114,jinan-telecom,wuhan-telecom,39.5318,0.0,icmp,1593459979,2020-06-29 19:46:19+00:00
280540347,jinan-telecom,wuhan-telecom,46.43,0.0,icmp,1593460140,2020-06-29 19:49:00+00:00
280540596,jinan-telecom,wuhan-telecom,39.903,0.0,icmp,1593460279,2020-06-29 19:51:19+00:00
280540786,jinan-telecom,wuhan-telecom,46.6321,0.0,icmp,1593460380,2020-06-29 19:53:00+00:00
280540999,jinan-telecom,wuhan-telecom,48.3831,0.0,icmp,1593460500,2020-06-29 19:55:00+00:00
280541278,jinan-telecom,wuhan-telecom,39.5059,0.0,icmp,1593460579,2020-06-29 19:56:19+00:00
280541438,jinan-telecom,wuhan-telecom,47.4397,0.0,icmp,1593460740,2020-06-29 19:59:00+00:00
280541674,jinan-telecom,wuhan-telecom,45.6849,0.0,icmp,1593460860,2020-06-29 20:01:00+00:00
280541923,jinan-telecom,wuhan-telecom,45.5447,0.0,icmp,1593460980,2020-06-29 20:03:00+00:00
280542129,jinan-telecom,wuhan-telecom,48.7774,0.0,icmp,1593461100,2020-06-29 20:05:00+00:00
280542426,jinan-telecom,wuhan-telecom,48.3244,0.0,icmp,1593461220,2020-06-29 20:07:00+00:00
280542605,jinan-telecom,wuhan-telecom,46.181,0.0,icmp,1593461340,2020-06-29 20:09:00+00:00
280542806,jinan-telecom,wuhan-telecom,46.7342,0.0,icmp,1593461460,2020-06-29 20:11:00+00:00
280543036,jinan-telecom,wuhan-telecom,39.4185,0.0,icmp,1593461599,2020-06-29 20:13:19+00:00
280543240,jinan-telecom,wuhan-telecom,46.4079,0.0,icmp,1593461700,2020-06-29 20:15:00+00:00
280543495,jinan-telecom,wuhan-telecom,43.9832,0.0,icmp,1593461820,2020-06-29 20:17:00+00:00
280543735,jinan-telecom,wuhan-telecom,39.7429,0.0,icmp,1593461884,2020-06-29 20:18:04+00:00
280543968,jinan-telecom,wuhan-telecom,46.0338,0.0,icmp,1593462060,2020-06-29 20:21:00+00:00
280544172,jinan-telecom,wuhan-telecom,48.274,0.0,icmp,1593462180,2020-06-29 20:23:00+00:00
280544382,jinan-telecom,wuhan-telecom,46.883,0.0,icmp,1593462300,2020-06-29 20:25:00+00:00
280544613,jinan-telecom,wuhan-telecom,39.452,0.0,icmp,1593462439,2020-06-29 20:27:19+00:00
280544842,jinan-telecom,wuhan-telecom,42.1635,0.0,icmp,1593462540,2020-06-29 20:29:00+00:00
280545074,jinan-telecom,wuhan-telecom,46.356,0.0,icmp,1593462660,2020-06-29 20:31:00+00:00
280545299,jinan-telecom,wuhan-telecom,47.5829,0.0,icmp,1593462780,2020-06-29 20:33:00+00:00
280545514,jinan-telecom,wuhan-telecom,48.4535,0.0,icmp,1593462900,2020-06-29 20:35:00+00:00
280545734,jinan-telecom,wuhan-telecom,51.9982,0.0,icmp,1593463020,2020-06-29 20:37:00+00:00
280545985,jinan-telecom,wuhan-telecom,46.9703,0.0,icmp,1593463140,2020-06-29 20:39:00+00:00
280546231,jinan-telecom,wuhan-telecom,46.6254,0.0,icmp,1593463260,2020-06-29 20:41:00+00:00
280546407,jinan-telecom,wuhan-telecom,46.0962,0.0,icmp,1593463380,2020-06-29 20:43:00+00:00
280546641,jinan-telecom,wuhan-telecom,45.8844,0.0,icmp,1593463500,2020-06-29 20:45:00+00:00
280546830,jinan-telecom,wuhan-telecom,39.4406,0.0,icmp,1593463579,2020-06-29 20:46:19+00:00
280547104,jinan-telecom,wuhan-telecom,47.8149,0.0,icmp,1593463740,2020-06-29 20:49:00+00:00
280547331,jinan-telecom,wuhan-telecom,48.3043,0.0,icmp,1593463860,2020-06-29 20:51:00+00:00
280547538,jinan-telecom,wuhan-telecom,47.0854,0.0,icmp,1593463980,2020-06-29 20:53:00+00:00
280547778,jinan-telecom,wuhan-telecom,40.0056,0.0,icmp,1593464100,2020-06-29 20:55:00+00:00
280547991,jinan-telecom,wuhan-telecom,45.1819,0.0,icmp,1593464220,2020-06-29 20:57:00+00:00
280548231,jinan-telecom,wuhan-telecom,42.313,0.0,icmp,1593464340,2020-06-29 20:59:00+00:00
280548434,jinan-telecom,wuhan-telecom,47.9706,0.0,icmp,1593464460,2020-06-29 21:01:00+00:00
280548671,jinan-telecom,wuhan-telecom,47.6463,0.0,icmp,1593464580,2020-06-29 21:03:00+00:00
280548897,jinan-telecom,wuhan-telecom,48.2579,0.0,icmp,1593464700,2020-06-29 21:05:00+00:00
280549119,jinan-telecom,wuhan-telecom,50.2505,0.0,icmp,1593464820,2020-06-29 21:07:00+00:00
280549332,jinan-telecom,wuhan-telecom,46.7121,0.0,icmp,1593464940,2020-06-29 21:09:00+00:00
280549577,jinan-telecom,wuhan-telecom,43.9815,0.0,icmp,1593465060,2020-06-29 21:11:00+00:00
280549780,jinan-telecom,wuhan-telecom,50.3064,0.0,icmp,1593465180,2020-06-29 21:13:00+00:00
280549999,jinan-telecom,wuhan-telecom,47.9952,0.0,icmp,1593465300,2020-06-29 21:15:00+00:00
280550235,jinan-telecom,wuhan-telecom,39.4704,0.0,icmp,1593465379,2020-06-29 21:16:19+00:00
280550457,jinan-telecom,wuhan-telecom,47.6032,0.0,icmp,1593465540,2020-06-29 21:19:00+00:00
280550679,jinan-telecom,wuhan-telecom,47.2235,0.0,icmp,1593465660,2020-06-29 21:21:00+00:00
280550916,jinan-telecom,wuhan-telecom,48.4605,0.0,icmp,1593465780,2020-06-29 21:23:00+00:00
280551117,jinan-telecom,wuhan-telecom,45.946,0.0,icmp,1593465900,2020-06-29 21:25:00+00:00
280551360,jinan-telecom,wuhan-telecom,46.435,0.0,icmp,1593466020,2020-06-29 21:27:00+00:00
280551610,jinan-telecom,wuhan-telecom,47.7224,0.0,icmp,1593466140,2020-06-29 21:29:00+00:00
280551820,jinan-telecom,wuhan-telecom,39.6655,0.0,icmp,1593466219,2020-06-29 21:30:19+00:00
280552037,jinan-telecom,wuhan-telecom,48.7861,0.0,icmp,1593466380,2020-06-29 21:33:00+00:00
280552275,jinan-telecom,wuhan-telecom,48.8575,0.0,icmp,1593466500,2020-06-29 21:35:00+00:00
280552483,jinan-telecom,wuhan-telecom,39.6575,0.0,icmp,1593466579,2020-06-29 21:36:19+00:00
280552707,jinan-telecom,wuhan-telecom,46.2985,0.0,icmp,1593466740,2020-06-29 21:39:00+00:00
280552973,jinan-telecom,wuhan-telecom,49.3981,0.0,icmp,1593466860,2020-06-29 21:41:00+00:00
280553178,jinan-telecom,wuhan-telecom,46.7624,0.0,icmp,1593466980,2020-06-29 21:43:00+00:00
280553395,jinan-telecom,wuhan-telecom,39.4535,0.0,icmp,1593467059,2020-06-29 21:44:19+00:00
280553637,jinan-telecom,wuhan-telecom,39.423,0.0,icmp,1593467179,2020-06-29 21:46:19+00:00
280553838,jinan-telecom,wuhan-telecom,41.1979,0.0,icmp,1593467340,2020-06-29 21:49:00+00:00
280553952,jinan-telecom,wuhan-telecom,47.7334,0.0,icmp,1593467460,2020-06-29 21:51:00+00:00
280554289,jinan-telecom,wuhan-telecom,39.417,0.0,icmp,1593467539,2020-06-29 21:52:19+00:00
280554535,jinan-telecom,wuhan-telecom,45.0061,0.0,icmp,1593467700,2020-06-29 21:55:00+00:00
280554722,jinan-telecom,wuhan-telecom,39.5699,0.0,icmp,1593467779,2020-06-29 21:56:19+00:00
280554965,jinan-telecom,wuhan-telecom,48.629,0.0,icmp,1593467940,2020-06-29 21:59:00+00:00
280555213,jinan-telecom,wuhan-telecom,41.0193,0.0,icmp,1593468060,2020-06-29 22:01:00+00:00
280555405,jinan-telecom,wuhan-telecom,45.1699,0.0,icmp,1593468180,2020-06-29 22:03:00+00:00
280555634,jinan-telecom,wuhan-telecom,39.4314,0.0,icmp,1593468259,2020-06-29 22:04:19+00:00
280555863,jinan-telecom,wuhan-telecom,47.0174,0.0,icmp,1593468420,2020-06-29 22:07:00+00:00
280556089,jinan-telecom,wuhan-telecom,47.5295,0.0,icmp,1593468540,2020-06-29 22:09:00+00:00
280556331,jinan-telecom,wuhan-telecom,49.0073,0.0,icmp,1593468660,2020-06-29 22:11:00+00:00
280556552,jinan-telecom,wuhan-telecom,48.4061,0.0,icmp,1593468780,2020-06-29 22:13:00+00:00
280556759,jinan-telecom,wuhan-telecom,46.3921,0.0,icmp,1593468900,2020-06-29 22:15:00+00:00
280556981,jinan-telecom,wuhan-telecom,45.6193,0.0,icmp,1593469020,2020-06-29 22:17:00+00:00
280557216,jinan-telecom,wuhan-telecom,41.508,0.0,icmp,1593469140,2020-06-29 22:19:00+00:00
280557447,jinan-telecom,wuhan-telecom,49.1336,0.0,icmp,1593469260,2020-06-29 22:21:00+00:00
280557653,jinan-telecom,wuhan-telecom,39.6558,0.0,icmp,1593469339,2020-06-29 22:22:19+00:00
280557908,jinan-telecom,wuhan-telecom,47.763,0.0,icmp,1593469500,2020-06-29 22:25:00+00:00
280558123,jinan-telecom,wuhan-telecom,39.4486,0.0,icmp,1593469639,2020-06-29 22:27:19+00:00
280558342,jinan-telecom,wuhan-telecom,39.8851,0.0,icmp,1593469740,2020-06-29 22:29:00+00:00
280558562,jinan-telecom,wuhan-telecom,47.8405,0.0,icmp,1593469860,2020-06-29 22:31:00+00:00
280558785,jinan-telecom,wuhan-telecom,46.9178,0.0,icmp,1593469980,2020-06-29 22:33:00+00:00
280559040,jinan-telecom,wuhan-telecom,47.616,0.0,icmp,1593470100,2020-06-29 22:35:00+00:00
280559231,jinan-telecom,wuhan-telecom,47.278,0.0,icmp,1593470220,2020-06-29 22:37:00+00:00
280559475,jinan-telecom,wuhan-telecom,46.7806,0.0,icmp,1593470340,2020-06-29 22:39:00+00:00
280559690,jinan-telecom,wuhan-telecom,47.0346,0.0,icmp,1593470460,2020-06-29 22:41:00+00:00
280559914,jinan-telecom,wuhan-telecom,45.6301,0.0,icmp,1593470580,2020-06-29 22:43:00+00:00
280560119,jinan-telecom,wuhan-telecom,39.708,0.0,icmp,1593470719,2020-06-29 22:45:19+00:00
280560365,jinan-telecom,wuhan-telecom,39.6578,0.0,icmp,1593470839,2020-06-29 22:47:19+00:00
280560594,jinan-telecom,wuhan-telecom,40.8415,0.0,icmp,1593470940,2020-06-29 22:49:00+00:00
280560822,jinan-telecom,wuhan-telecom,48.3757,0.0,icmp,1593471060,2020-06-29 22:51:00+00:00
280561035,jinan-telecom,wuhan-telecom,45.8208,0.0,icmp,1593471180,2020-06-29 22:53:00+00:00
280561254,jinan-telecom,wuhan-telecom,43.7681,0.0,icmp,1593471300,2020-06-29 22:55:00+00:00
280561470,jinan-telecom,wuhan-telecom,39.4135,0.0,icmp,1593471379,2020-06-29 22:56:19+00:00
280561736,jinan-telecom,wuhan-telecom,44.6005,0.0,icmp,1593471540,2020-06-29 22:59:00+00:00
280561959,jinan-telecom,wuhan-telecom,39.4063,0.0,icmp,1593471679,2020-06-29 23:01:19+00:00
280562171,jinan-telecom,wuhan-telecom,47.7476,0.0,icmp,1593471780,2020-06-29 23:03:00+00:00
280562386,jinan-telecom,wuhan-telecom,41.5094,0.0,icmp,1593471900,2020-06-29 23:05:00+00:00
280562614,jinan-telecom,wuhan-telecom,47.3316,0.0,icmp,1593472020,2020-06-29 23:07:00+00:00
280562853,jinan-telecom,wuhan-telecom,43.9988,0.0,icmp,1593472140,2020-06-29 23:09:00+00:00
280563076,jinan-telecom,wuhan-telecom,39.4624,0.0,icmp,1593472219,2020-06-29 23:10:19+00:00
280563293,jinan-telecom,wuhan-telecom,46.5537,0.0,icmp,1593472380,2020-06-29 23:13:00+00:00
280563524,jinan-telecom,wuhan-telecom,39.4644,0.0,icmp,1593472519,2020-06-29 23:15:19+00:00
280563738,jinan-telecom,wuhan-telecom,46.7968,0.0,icmp,1593472620,2020-06-29 23:17:00+00:00
280563983,jinan-telecom,wuhan-telecom,50.5769,0.0,icmp,1593472740,2020-06-29 23:19:00+00:00
280564198,jinan-telecom,wuhan-telecom,44.6897,0.0,icmp,1593472860,2020-06-29 23:21:00+00:00
280564403,jinan-telecom,wuhan-telecom,46.6143,0.0,icmp,1593472980,2020-06-29 23:23:00+00:00
280564631,jinan-telecom,wuhan-telecom,47.8711,0.0,icmp,1593473100,2020-06-29 23:25:00+00:00
280564868,jinan-telecom,wuhan-telecom,46.9553,0.0,icmp,1593473220,2020-06-29 23:27:00+00:00
280565121,jinan-telecom,wuhan-telecom,46.5078,0.0,icmp,1593473340,2020-06-29 23:29:00+00:00
280565317,jinan-telecom,wuhan-telecom,45.7045,0.0,icmp,1593473460,2020-06-29 23:31:00+00:00
280565535,jinan-telecom,wuhan-telecom,47.0569,0.0,icmp,1593473580,2020-06-29 23:33:00+00:00
280565778,jinan-telecom,wuhan-telecom,39.5066,0.0,icmp,1593473659,2020-06-29 23:34:19+00:00
280565986,jinan-telecom,wuhan-telecom,48.9928,0.0,icmp,1593473820,2020-06-29 23:37:00+00:00
280566211,jinan-telecom,wuhan-telecom,46.0277,0.0,icmp,1593473940,2020-06-29 23:39:00+00:00
280566409,jinan-telecom,wuhan-telecom,39.6235,0.0,icmp,1593474019,2020-06-29 23:40:19+00:00
280566675,jinan-telecom,wuhan-telecom,40.2279,0.0,icmp,1593474180,2020-06-29 23:43:00+00:00
280566888,jinan-telecom,wuhan-telecom,46.2058,0.0,icmp,1593474300,2020-06-29 23:45:00+00:00
280567091,jinan-telecom,wuhan-telecom,48.2727,0.0,icmp,1593474420,2020-06-29 23:47:00+00:00
280567358,jinan-telecom,wuhan-telecom,44.7869,0.0,icmp,1593474540,2020-06-29 23:49:00+00:00
280567552,jinan-telecom,wuhan-telecom,46.691,0.0,icmp,1593474660,2020-06-29 23:51:00+00:00
280567766,jinan-telecom,wuhan-telecom,39.4555,0.0,icmp,1593474739,2020-06-29 23:52:19+00:00
280568000,jinan-telecom,wuhan-telecom,39.4943,0.0,icmp,1593474919,2020-06-29 23:55:19+00:00
280568249,jinan-telecom,wuhan-telecom,39.7804,0.0,icmp,1593475039,2020-06-29 23:57:19+00:00
280568470,jinan-telecom,wuhan-telecom,46.3292,0.0,icmp,1593475140,2020-06-29 23:59:00+00:00
280568686,jinan-telecom,wuhan-telecom,47.112,0.0,icmp,1593475260,2020-06-30 00:01:00+00:00
280568914,jinan-telecom,wuhan-telecom,45.837,0.0,icmp,1593475380,2020-06-30 00:03:00+00:00
280569146,jinan-telecom,wuhan-telecom,48.0343,0.0,icmp,1593475500,2020-06-30 00:05:00+00:00
280569349,jinan-telecom,wuhan-telecom,47.2491,0.0,icmp,1593475620,2020-06-30 00:07:00+00:00
280569617,jinan-telecom,wuhan-telecom,47.5322,0.0,icmp,1593475740,2020-06-30 00:09:00+00:00
280569778,jinan-telecom,wuhan-telecom,47.1474,0.0,icmp,1593475860,2020-06-30 00:11:00+00:00
280570038,jinan-telecom,wuhan-telecom,47.528,0.0,icmp,1593475980,2020-06-30 00:13:00+00:00
280570268,jinan-telecom,wuhan-telecom,46.4933,0.0,icmp,1593476100,2020-06-30 00:15:00+00:00
280570499,jinan-telecom,wuhan-telecom,49.4607,0.0,icmp,1593476220,2020-06-30 00:17:00+00:00
280570707,jinan-telecom,wuhan-telecom,47.2088,0.0,icmp,1593476340,2020-06-30 00:19:00+00:00
280570933,jinan-telecom,wuhan-telecom,46.452,0.0,icmp,1593476460,2020-06-30 00:21:00+00:00
280571166,jinan-telecom,wuhan-telecom,40.5034,0.0,icmp,1593476580,2020-06-30 00:23:00+00:00
280571387,jinan-telecom,wuhan-telecom,47.7693,0.0,icmp,1593476700,2020-06-30 00:25:00+00:00
280571628,jinan-telecom,wuhan-telecom,39.4874,0.0,icmp,1593476779,2020-06-30 00:26:19+00:00
280571817,jinan-telecom,wuhan-telecom,46.1273,0.0,icmp,1593476940,2020-06-30 00:29:00+00:00
280572071,jinan-telecom,wuhan-telecom,39.4945,0.0,icmp,1593477079,2020-06-30 00:31:19+00:00
280572279,jinan-telecom,wuhan-telecom,45.0478,0.0,icmp,1593477180,2020-06-30 00:33:00+00:00
280572510,jinan-telecom,wuhan-telecom,48.0819,0.0,icmp,1593477300,2020-06-30 00:35:00+00:00
280572731,jinan-telecom,wuhan-telecom,48.3915,0.0,icmp,1593477420,2020-06-30 00:37:00+00:00
280572955,jinan-telecom,wuhan-telecom,48.6633,0.0,icmp,1593477540,2020-06-30 00:39:00+00:00
280573182,jinan-telecom,wuhan-telecom,47.1944,0.0,icmp,1593477660,2020-06-30 00:41:00+00:00
280573418,jinan-telecom,wuhan-telecom,49.0293,0.0,icmp,1593477780,2020-06-30 00:43:00+00:00
280573634,jinan-telecom,wuhan-telecom,46.813,0.0,icmp,1593477900,2020-06-30 00:45:00+00:00
280573854,jinan-telecom,wuhan-telecom,46.5131,0.0,icmp,1593478020,2020-06-30 00:47:00+00:00
280574090,jinan-telecom,wuhan-telecom,48.8501,0.0,icmp,1593478140,2020-06-30 00:49:00+00:00
280574327,jinan-telecom,wuhan-telecom,47.459,0.0,icmp,1593478260,2020-06-30 00:51:00+00:00
280574536,jinan-telecom,wuhan-telecom,39.4329,0.0,icmp,1593478399,2020-06-30 00:53:19+00:00
280574781,jinan-telecom,wuhan-telecom,45.9033,0.0,icmp,1593478500,2020-06-30 00:55:00+00:00
280575004,jinan-telecom,wuhan-telecom,47.4457,0.0,icmp,1593478620,2020-06-30 00:57:00+00:00
280575223,jinan-telecom,wuhan-telecom,45.9441,0.0,icmp,1593478740,2020-06-30 00:59:00+00:00
280575455,jinan-telecom,wuhan-telecom,47.0592,0.0,icmp,1593478860,2020-06-30 01:01:00+00:00
280575660,jinan-telecom,wuhan-telecom,49.1938,0.0,icmp,1593478980,2020-06-30 01:03:00+00:00
280575879,jinan-telecom,wuhan-telecom,47.0706,0.0,icmp,1593479100,2020-06-30 01:05:00+00:00
280576118,jinan-telecom,wuhan-telecom,48.5108,0.0,icmp,1593479220,2020-06-30 01:07:00+00:00
280576328,jinan-telecom,wuhan-telecom,46.3567,0.0,icmp,1593479340,2020-06-30 01:09:00+00:00
280576568,jinan-telecom,wuhan-telecom,46.3528,0.0,icmp,1593479460,2020-06-30 01:11:00+00:00
280576773,jinan-telecom,wuhan-telecom,47.6529,0.0,icmp,1593479580,2020-06-30 01:13:00+00:00
280577007,jinan-telecom,wuhan-telecom,47.0785,0.0,icmp,1593479700,2020-06-30 01:15:00+00:00
280577236,jinan-telecom,wuhan-telecom,45.7804,0.0,icmp,1593479820,2020-06-30 01:17:00+00:00
280577493,jinan-telecom,wuhan-telecom,49.4224,0.0,icmp,1593479940,2020-06-30 01:19:00+00:00
280577680,jinan-telecom,wuhan-telecom,48.0561,0.0,icmp,1593480060,2020-06-30 01:21:00+00:00
280577919,jinan-telecom,wuhan-telecom,47.8578,0.0,icmp,1593480180,2020-06-30 01:23:00+00:00
280578166,jinan-telecom,wuhan-telecom,39.5695,0.0,icmp,1593480319,2020-06-30 01:25:19+00:00
280578302,jinan-telecom,wuhan-telecom,42.5498,0.0,icmp,1593480420,2020-06-30 01:27:00+00:00
280578572,jinan-telecom,wuhan-telecom,45.6573,0.0,icmp,1593480540,2020-06-30 01:29:00+00:00
280578809,jinan-telecom,wuhan-telecom,39.4566,0.0,icmp,1593480679,2020-06-30 01:31:19+00:00
280579036,jinan-telecom,wuhan-telecom,39.4663,0.0,icmp,1593480799,2020-06-30 01:33:19+00:00
280579262,jinan-telecom,wuhan-telecom,48.4462,0.0,icmp,1593480900,2020-06-30 01:35:00+00:00
280579542,jinan-telecom,wuhan-telecom,39.7351,0.0,icmp,1593481039,2020-06-30 01:37:19+00:00
280579732,jinan-telecom,wuhan-telecom,46.1241,0.0,icmp,1593481140,2020-06-30 01:39:00+00:00
280579926,jinan-telecom,wuhan-telecom,48.6213,0.0,icmp,1593481260,2020-06-30 01:41:00+00:00
280580166,jinan-telecom,wuhan-telecom,41.1836,0.0,icmp,1593481380,2020-06-30 01:43:00+00:00
280580426,jinan-telecom,wuhan-telecom,39.5718,0.0,icmp,1593481459,2020-06-30 01:44:19+00:00
280580643,jinan-telecom,wuhan-telecom,43.0162,0.0,icmp,1593481620,2020-06-30 01:47:00+00:00
280580791,jinan-telecom,wuhan-telecom,47.8995,0.0,icmp,1593481740,2020-06-30 01:49:00+00:00
280581055,jinan-telecom,wuhan-telecom,45.2492,0.0,icmp,1593481860,2020-06-30 01:51:00+00:00
280581273,jinan-telecom,wuhan-telecom,39.5337,0.0,icmp,1593481999,2020-06-30 01:53:19+00:00
280581529,jinan-telecom,wuhan-telecom,46.9336,0.0,icmp,1593482100,2020-06-30 01:55:00+00:00
280581729,jinan-telecom,wuhan-telecom,46.8513,0.0,icmp,1593482220,2020-06-30 01:57:00+00:00
280582009,jinan-telecom,wuhan-telecom,45.6775,0.0,icmp,1593482340,2020-06-30 01:59:00+00:00
280582140,jinan-telecom,wuhan-telecom,49.6575,0.0,icmp,1593482460,2020-06-30 02:01:00+00:00
280582395,jinan-telecom,wuhan-telecom,45.4011,0.0,icmp,1593482580,2020-06-30 02:03:00+00:00
280582602,jinan-telecom,wuhan-telecom,48.1623,0.0,icmp,1593482700,2020-06-30 02:05:00+00:00
280582794,jinan-telecom,wuhan-telecom,47.1059,0.0,icmp,1593482820,2020-06-30 02:07:00+00:00
280583060,jinan-telecom,wuhan-telecom,46.4113,0.0,icmp,1593482940,2020-06-30 02:09:00+00:00
280583351,jinan-telecom,wuhan-telecom,47.6632,0.0,icmp,1593483060,2020-06-30 02:11:00+00:00
280583569,jinan-telecom,wuhan-telecom,45.9744,0.0,icmp,1593483180,2020-06-30 02:13:00+00:00
280583777,jinan-telecom,wuhan-telecom,44.6607,0.0,icmp,1593483300,2020-06-30 02:15:00+00:00
280584023,jinan-telecom,wuhan-telecom,39.42,0.0,icmp,1593483439,2020-06-30 02:17:19+00:00
280584183,jinan-telecom,wuhan-telecom,48.0902,0.0,icmp,1593483540,2020-06-30 02:19:00+00:00
280584475,jinan-telecom,wuhan-telecom,46.2612,0.0,icmp,1593483660,2020-06-30 02:21:00+00:00
280584636,jinan-telecom,wuhan-telecom,48.0532,0.0,icmp,1593483780,2020-06-30 02:23:00+00:00
280584918,jinan-telecom,wuhan-telecom,47.2711,0.0,icmp,1593483900,2020-06-30 02:25:00+00:00
280585106,jinan-telecom,wuhan-telecom,46.1309,0.0,icmp,1593484020,2020-06-30 02:27:00+00:00
280585343,jinan-telecom,wuhan-telecom,46.2578,0.0,icmp,1593484140,2020-06-30 02:29:00+00:00
280585544,jinan-telecom,wuhan-telecom,43.3692,0.0,icmp,1593484260,2020-06-30 02:31:00+00:00
280585786,jinan-telecom,wuhan-telecom,47.3492,0.0,icmp,1593484380,2020-06-30 02:33:00+00:00
280586039,jinan-telecom,wuhan-telecom,47.957,0.0,icmp,1593484500,2020-06-30 02:35:00+00:00
280586258,jinan-telecom,wuhan-telecom,46.9875,0.0,icmp,1593484620,2020-06-30 02:37:00+00:00
280586472,jinan-telecom,wuhan-telecom,45.5221,0.0,icmp,1593484740,2020-06-30 02:39:00+00:00
280586678,jinan-telecom,wuhan-telecom,46.5369,0.0,icmp,1593484860,2020-06-30 02:41:00+00:00
280586904,jinan-telecom,wuhan-telecom,46.4274,0.0,icmp,1593484980,2020-06-30 02:43:00+00:00
280587145,jinan-telecom,wuhan-telecom,47.5606,0.0,icmp,1593485100,2020-06-30 02:45:00+00:00
280587343,jinan-telecom,wuhan-telecom,46.8357,0.0,icmp,1593485220,2020-06-30 02:47:00+00:00
280587589,jinan-telecom,wuhan-telecom,47.3141,0.0,icmp,1593485340,2020-06-30 02:49:00+00:00
280587811,jinan-telecom,wuhan-telecom,45.9505,0.0,icmp,1593485460,2020-06-30 02:51:00+00:00
280588026,jinan-telecom,wuhan-telecom,46.9312,0.0,icmp,1593485580,2020-06-30 02:53:00+00:00
280588282,jinan-telecom,wuhan-telecom,48.9719,0.0,icmp,1593485700,2020-06-30 02:55:00+00:00
280588494,jinan-telecom,wuhan-telecom,47.4262,0.0,icmp,1593485820,2020-06-30 02:57:00+00:00
280588712,jinan-telecom,wuhan-telecom,46.0235,0.0,icmp,1593485940,2020-06-30 02:59:00+00:00
280588971,jinan-telecom,wuhan-telecom,49.0439,0.0,icmp,1593486060,2020-06-30 03:01:00+00:00
280589157,jinan-telecom,wuhan-telecom,39.5394,0.0,icmp,1593486139,2020-06-30 03:02:19+00:00
280589383,jinan-telecom,wuhan-telecom,47.486,0.0,icmp,1593486300,2020-06-30 03:05:00+00:00
280589618,jinan-telecom,wuhan-telecom,45.6877,0.0,icmp,1593486420,2020-06-30 03:07:00+00:00
280589852,jinan-telecom,wuhan-telecom,39.5974,0.0,icmp,1593486559,2020-06-30 03:09:19+00:00
280590050,jinan-telecom,wuhan-telecom,39.6255,0.0,icmp,1593486664,2020-06-30 03:11:04+00:00
280590327,jinan-telecom,wuhan-telecom,44.4479,0.0,icmp,1593486780,2020-06-30 03:13:00+00:00
280590536,jinan-telecom,wuhan-telecom,47.2337,0.0,icmp,1593486900,2020-06-30 03:15:00+00:00
280590737,jinan-telecom,wuhan-telecom,39.4616,0.0,icmp,1593486979,2020-06-30 03:16:19+00:00
280591032,jinan-telecom,wuhan-telecom,45.1072,0.0,icmp,1593487140,2020-06-30 03:19:00+00:00
280591186,jinan-telecom,wuhan-telecom,48.3984,0.0,icmp,1593487260,2020-06-30 03:21:00+00:00
280591325,jinan-telecom,wuhan-telecom,49.7722,0.0,icmp,1593487380,2020-06-30 03:23:00+00:00
280591653,jinan-telecom,wuhan-telecom,47.7397,0.0,icmp,1593487500,2020-06-30 03:25:00+00:00
280591917,jinan-telecom,wuhan-telecom,45.3754,0.0,icmp,1593487620,2020-06-30 03:27:00+00:00
280592106,jinan-telecom,wuhan-telecom,46.2077,0.0,icmp,1593487740,2020-06-30 03:29:00+00:00
280592262,jinan-telecom,wuhan-telecom,45.83,0.0,icmp,1593487860,2020-06-30 03:31:00+00:00
280592560,jinan-telecom,wuhan-telecom,41.0156,0.0,icmp,1593487980,2020-06-30 03:33:00+00:00
280592759,jinan-telecom,wuhan-telecom,47.5839,0.0,icmp,1593488100,2020-06-30 03:35:00+00:00
280592983,jinan-telecom,wuhan-telecom,46.6846,0.0,icmp,1593488220,2020-06-30 03:37:00+00:00
280593212,jinan-telecom,wuhan-telecom,43.5139,0.0,icmp,1593488340,2020-06-30 03:39:00+00:00
280593459,jinan-telecom,wuhan-telecom,47.2311,0.0,icmp,1593488460,2020-06-30 03:41:00+00:00
280593683,jinan-telecom,wuhan-telecom,48.0615,0.0,icmp,1593488580,2020-06-30 03:43:00+00:00
280593885,jinan-telecom,wuhan-telecom,48.2464,0.0,icmp,1593488700,2020-06-30 03:45:00+00:00
280594116,jinan-telecom,wuhan-telecom,49.3544,0.0,icmp,1593488820,2020-06-30 03:47:00+00:00
280594379,jinan-telecom,wuhan-telecom,39.4392,0.0,icmp,1593488899,2020-06-30 03:48:19+00:00
280594612,jinan-telecom,wuhan-telecom,47.674,0.0,icmp,1593489060,2020-06-30 03:51:00+00:00
280594809,jinan-telecom,wuhan-telecom,39.5084,0.0,icmp,1593489139,2020-06-30 03:52:19+00:00
280595018,jinan-telecom,wuhan-telecom,47.4741,0.0,icmp,1593489300,2020-06-30 03:55:00+00:00
280595275,jinan-telecom,wuhan-telecom,39.4511,0.0,icmp,1593489439,2020-06-30 03:57:19+00:00
280595468,jinan-telecom,wuhan-telecom,47.2319,0.0,icmp,1593489540,2020-06-30 03:59:00+00:00
280595603,jinan-telecom,wuhan-telecom,46.1966,0.0,icmp,1593489660,2020-06-30 04:01:00+00:00
280595945,jinan-telecom,wuhan-telecom,39.6274,0.0,icmp,1593489799,2020-06-30 04:03:19+00:00
280596135,jinan-telecom,wuhan-telecom,44.2071,0.0,icmp,1593489900,2020-06-30 04:05:00+00:00
280596365,jinan-telecom,wuhan-telecom,39.4519,0.0,icmp,1593489979,2020-06-30 04:06:19+00:00
280596544,jinan-telecom,wuhan-telecom,47.6787,0.0,icmp,1593490140,2020-06-30 04:09:00+00:00
280596769,jinan-telecom,wuhan-telecom,47.1213,0.0,icmp,1593490260,2020-06-30 04:11:00+00:00
280597006,jinan-telecom,wuhan-telecom,39.7649,0.0,icmp,1593490399,2020-06-30 04:13:19+00:00
280597243,jinan-telecom,wuhan-telecom,46.1169,0.0,icmp,1593490500,2020-06-30 04:15:00+00:00
280597479,jinan-telecom,wuhan-telecom,47.9724,0.0,icmp,1593490620,2020-06-30 04:17:00+00:00
280597784,jinan-telecom,wuhan-telecom,39.5582,0.0,icmp,1593490744,2020-06-30 04:19:04+00:00
280597951,jinan-telecom,wuhan-telecom,46.9459,0.0,icmp,1593490860,2020-06-30 04:21:00+00:00
280598160,jinan-telecom,wuhan-telecom,39.7185,0.0,icmp,1593490999,2020-06-30 04:23:19+00:00
280598402,jinan-telecom,wuhan-telecom,45.1736,0.0,icmp,1593491100,2020-06-30 04:25:00+00:00
280598599,jinan-telecom,wuhan-telecom,46.8936,0.0,icmp,1593491220,2020-06-30 04:27:00+00:00
280598812,jinan-telecom,wuhan-telecom,49.311,0.0,icmp,1593491340,2020-06-30 04:29:00+00:00
280599050,jinan-telecom,wuhan-telecom,47.3822,0.0,icmp,1593491460,2020-06-30 04:31:00+00:00
280599247,jinan-telecom,wuhan-telecom,41.0575,0.0,icmp,1593491580,2020-06-30 04:33:00+00:00
280599603,jinan-telecom,wuhan-telecom,39.7828,0.0,icmp,1593491719,2020-06-30 04:35:19+00:00
280599768,jinan-telecom,wuhan-telecom,47.4623,0.0,icmp,1593491820,2020-06-30 04:37:00+00:00
280599952,jinan-telecom,wuhan-telecom,45.5042,0.0,icmp,1593491940,2020-06-30 04:39:00+00:00
280600173,jinan-telecom,wuhan-telecom,48.8646,0.0,icmp,1593492060,2020-06-30 04:41:00+00:00
280600414,jinan-telecom,wuhan-telecom,48.8138,0.0,icmp,1593492180,2020-06-30 04:43:00+00:00
280600619,jinan-telecom,wuhan-telecom,47.8683,0.0,icmp,1593492300,2020-06-30 04:45:00+00:00
280600868,jinan-telecom,wuhan-telecom,49.361,0.0,icmp,1593492420,2020-06-30 04:47:00+00:00
280601075,jinan-telecom,wuhan-telecom,39.6384,0.0,icmp,1593492559,2020-06-30 04:49:19+00:00
280601331,jinan-telecom,wuhan-telecom,47.5066,0.0,icmp,1593492660,2020-06-30 04:51:00+00:00
280601547,jinan-telecom,wuhan-telecom,48.093,0.0,icmp,1593492780,2020-06-30 04:53:00+00:00
280601748,jinan-telecom,wuhan-telecom,47.5215,0.0,icmp,1593492900,2020-06-30 04:55:00+00:00
280602011,jinan-telecom,wuhan-telecom,44.4013,0.0,icmp,1593493024,2020-06-30 04:57:04+00:00
280602226,jinan-telecom,wuhan-telecom,41.3943,0.0,icmp,1593493140,2020-06-30 04:59:00+00:00
280602459,jinan-telecom,wuhan-telecom,39.4101,0.0,icmp,1593493279,2020-06-30 05:01:19+00:00
280602654,jinan-telecom,wuhan-telecom,45.7725,0.0,icmp,1593493380,2020-06-30 05:03:00+00:00
280602875,jinan-telecom,wuhan-telecom,39.5947,0.0,icmp,1593493505,2020-06-30 05:05:05+00:00
280603111,jinan-telecom,wuhan-telecom,49.1384,0.0,icmp,1593493620,2020-06-30 05:07:00+00:00
280603323,jinan-telecom,wuhan-telecom,39.4373,0.0,icmp,1593493699,2020-06-30 05:08:19+00:00
280603572,jinan-telecom,wuhan-telecom,39.4247,0.0,icmp,1593493879,2020-06-30 05:11:19+00:00
280603820,jinan-telecom,wuhan-telecom,39.4826,0.0,icmp,1593493999,2020-06-30 05:13:19+00:00
280604056,jinan-telecom,wuhan-telecom,45.1631,0.0,icmp,1593494100,2020-06-30 05:15:00+00:00
280604282,jinan-telecom,wuhan-telecom,39.437,0.0,icmp,1593494239,2020-06-30 05:17:19+00:00
280604525,jinan-telecom,wuhan-telecom,46.8328,0.0,icmp,1593494340,2020-06-30 05:19:00+00:00
280604654,jinan-telecom,wuhan-telecom,39.7407,0.0,icmp,1593494419,2020-06-30 05:20:19+00:00
280604916,jinan-telecom,wuhan-telecom,46.1771,0.0,icmp,1593494580,2020-06-30 05:23:00+00:00
280605173,jinan-telecom,wuhan-telecom,39.4954,0.0,icmp,1593494659,2020-06-30 05:24:19+00:00
280605507,jinan-telecom,wuhan-telecom,45.6662,0.0,icmp,1593494820,2020-06-30 05:27:00+00:00
280605633,jinan-telecom,wuhan-telecom,48.7724,0.0,icmp,1593494940,2020-06-30 05:29:00+00:00
280605872,jinan-telecom,wuhan-telecom,45.9022,0.0,icmp,1593495060,2020-06-30 05:31:00+00:00
280606004,jinan-telecom,wuhan-telecom,43.9258,0.0,icmp,1593495180,2020-06-30 05:33:00+00:00
280606233,jinan-telecom,wuhan-telecom,45.001,0.0,icmp,1593495244,2020-06-30 05:34:04+00:00
280606483,jinan-telecom,wuhan-telecom,48.3738,0.0,icmp,1593495420,2020-06-30 05:37:00+00:00
280606704,jinan-telecom,wuhan-telecom,48.4942,0.0,icmp,1593495540,2020-06-30 05:39:00+00:00
280606973,jinan-telecom,wuhan-telecom,46.2965,0.0,icmp,1593495660,2020-06-30 05:41:00+00:00
280607182,jinan-telecom,wuhan-telecom,47.4153,0.0,icmp,1593495780,2020-06-30 05:43:00+00:00
280607380,jinan-telecom,wuhan-telecom,47.5148,0.0,icmp,1593495900,2020-06-30 05:45:00+00:00
280607610,jinan-telecom,wuhan-telecom,46.237,0.0,icmp,1593496020,2020-06-30 05:47:00+00:00
280607851,jinan-telecom,wuhan-telecom,46.8675,0.0,icmp,1593496140,2020-06-30 05:49:00+00:00
280608086,jinan-telecom,wuhan-telecom,47.2456,0.0,icmp,1593496260,2020-06-30 05:51:00+00:00
280608327,jinan-telecom,wuhan-telecom,48.9809,0.0,icmp,1593496380,2020-06-30 05:53:00+00:00
280608506,jinan-telecom,wuhan-telecom,44.1389,0.0,icmp,1593496500,2020-06-30 05:55:00+00:00
280608772,jinan-telecom,wuhan-telecom,48.3264,0.0,icmp,1593496620,2020-06-30 05:57:00+00:00
280608972,jinan-telecom,wuhan-telecom,39.5662,0.0,icmp,1593496699,2020-06-30 05:58:19+00:00
280609178,jinan-telecom,wuhan-telecom,47.6109,0.0,icmp,1593496860,2020-06-30 06:01:00+00:00
280609404,jinan-telecom,wuhan-telecom,47.258,0.0,icmp,1593496980,2020-06-30 06:03:00+00:00
280609629,jinan-telecom,wuhan-telecom,46.2154,0.0,icmp,1593497100,2020-06-30 06:05:00+00:00
280609917,jinan-telecom,wuhan-telecom,39.4961,0.0,icmp,1593497239,2020-06-30 06:07:19+00:00
280610084,jinan-telecom,wuhan-telecom,46.1041,0.0,icmp,1593497340,2020-06-30 06:09:00+00:00
280610342,jinan-telecom,wuhan-telecom,39.5346,0.0,icmp,1593497419,2020-06-30 06:10:19+00:00
280610562,jinan-telecom,wuhan-telecom,39.4446,0.0,icmp,1593497539,2020-06-30 06:12:19+00:00
280610778,jinan-telecom,wuhan-telecom,46.7047,0.0,icmp,1593497700,2020-06-30 06:15:00+00:00
280611022,jinan-telecom,wuhan-telecom,50.0283,0.0,icmp,1593497820,2020-06-30 06:17:00+00:00
280611215,jinan-telecom,wuhan-telecom,39.6304,0.0,icmp,1593497945,2020-06-30 06:19:05+00:00
280611425,jinan-telecom,wuhan-telecom,40.2301,0.0,icmp,1593498060,2020-06-30 06:21:00+00:00
280611688,jinan-telecom,wuhan-telecom,48.5364,0.0,icmp,1593498180,2020-06-30 06:23:00+00:00
280611880,jinan-telecom,wuhan-telecom,50.299,0.0,icmp,1593498300,2020-06-30 06:25:00+00:00
280612126,jinan-telecom,wuhan-telecom,48.7355,0.0,icmp,1593498420,2020-06-30 06:27:00+00:00
280612359,jinan-telecom,wuhan-telecom,49.1231,0.0,icmp,1593498540,2020-06-30 06:29:00+00:00
280612607,jinan-telecom,wuhan-telecom,43.7907,0.0,icmp,1593498660,2020-06-30 06:31:00+00:00
280612786,jinan-telecom,wuhan-telecom,49.4146,0.0,icmp,1593498780,2020-06-30 06:33:00+00:00
280613014,jinan-telecom,wuhan-telecom,47.7765,0.0,icmp,1593498900,2020-06-30 06:35:00+00:00
280613268,jinan-telecom,wuhan-telecom,45.9227,0.0,icmp,1593499020,2020-06-30 06:37:00+00:00
280613445,jinan-telecom,wuhan-telecom,45.8719,0.0,icmp,1593499140,2020-06-30 06:39:00+00:00
280613693,jinan-telecom,wuhan-telecom,39.5336,0.0,icmp,1593499219,2020-06-30 06:40:19+00:00
280613901,jinan-telecom,wuhan-telecom,46.0441,0.0,icmp,1593499380,2020-06-30 06:43:00+00:00
280614138,jinan-telecom,wuhan-telecom,48.0016,0.0,icmp,1593499500,2020-06-30 06:45:00+00:00
280733143,jinan-telecom,wuhan-telecom,48.756,0.0,icmp,1593234600,2020-06-27 05:10:00+00:00
280733378,jinan-telecom,wuhan-telecom,39.5729,0.0,icmp,1593234679,2020-06-27 05:11:19+00:00
280733588,jinan-telecom,wuhan-telecom,51.032,0.0,icmp,1593234840,2020-06-27 05:14:00+00:00
280733814,jinan-telecom,wuhan-telecom,46.1359,0.0,icmp,1593234960,2020-06-27 05:16:00+00:00
280734039,jinan-telecom,wuhan-telecom,48.4449,0.0,icmp,1593235080,2020-06-27 05:18:00+00:00
280734287,jinan-telecom,wuhan-telecom,43.3486,0.0,icmp,1593235200,2020-06-27 05:20:00+00:00
280734503,jinan-telecom,wuhan-telecom,47.0373,0.0,icmp,1593235320,2020-06-27 05:22:00+00:00
280734713,jinan-telecom,wuhan-telecom,47.7133,0.0,icmp,1593235440,2020-06-27 05:24:00+00:00
280734950,jinan-telecom,wuhan-telecom,48.1255,0.0,icmp,1593235560,2020-06-27 05:26:00+00:00
280735171,jinan-telecom,wuhan-telecom,47.2366,0.0,icmp,1593235680,2020-06-27 05:28:00+00:00
280735408,jinan-telecom,wuhan-telecom,39.9416,0.0,icmp,1593235819,2020-06-27 05:30:19+00:00
280735604,jinan-telecom,wuhan-telecom,46.709,0.0,icmp,1593235920,2020-06-27 05:32:00+00:00
280735847,jinan-telecom,wuhan-telecom,47.803,0.0,icmp,1593236040,2020-06-27 05:34:00+00:00
280736087,jinan-telecom,wuhan-telecom,41.2467,0.0,icmp,1593236160,2020-06-27 05:36:00+00:00
280736312,jinan-telecom,wuhan-telecom,47.2144,0.0,icmp,1593236280,2020-06-27 05:38:00+00:00
280736519,jinan-telecom,wuhan-telecom,42.5585,0.0,icmp,1593236400,2020-06-27 05:40:00+00:00
280736742,jinan-telecom,wuhan-telecom,39.5047,0.0,icmp,1593236539,2020-06-27 05:42:19+00:00
280736964,jinan-telecom,wuhan-telecom,49.5635,0.0,icmp,1593236640,2020-06-27 05:44:00+00:00
280737191,jinan-telecom,wuhan-telecom,47.4521,0.0,icmp,1593236760,2020-06-27 05:46:00+00:00
280737436,jinan-telecom,wuhan-telecom,39.7071,0.0,icmp,1593236839,2020-06-27 05:47:19+00:00
280737640,jinan-telecom,wuhan-telecom,39.7183,0.0,icmp,1593236959,2020-06-27 05:49:19+00:00
280737866,jinan-telecom,wuhan-telecom,46.8374,0.0,icmp,1593237120,2020-06-27 05:52:00+00:00
280738099,jinan-telecom,wuhan-telecom,47.3894,0.0,icmp,1593237240,2020-06-27 05:54:00+00:00
280738312,jinan-telecom,wuhan-telecom,47.1652,0.0,icmp,1593237360,2020-06-27 05:56:00+00:00
280738522,jinan-telecom,wuhan-telecom,39.5093,0.0,icmp,1593237439,2020-06-27 05:57:19+00:00
280738797,jinan-telecom,wuhan-telecom,49.4766,0.0,icmp,1593237600,2020-06-27 06:00:00+00:00
280738991,jinan-telecom,wuhan-telecom,44.2739,0.0,icmp,1593237720,2020-06-27 06:02:00+00:00
280739218,jinan-telecom,wuhan-telecom,45.1899,0.0,icmp,1593237840,2020-06-27 06:04:00+00:00
280739452,jinan-telecom,wuhan-telecom,48.7321,0.0,icmp,1593237960,2020-06-27 06:06:00+00:00
280739656,jinan-telecom,wuhan-telecom,47.558,0.0,icmp,1593238080,2020-06-27 06:08:00+00:00
280739868,jinan-telecom,wuhan-telecom,41.7073,0.0,icmp,1593238200,2020-06-27 06:10:00+00:00
280740129,jinan-telecom,wuhan-telecom,39.3305,0.0,icmp,1593238279,2020-06-27 06:11:19+00:00
280740361,jinan-telecom,wuhan-telecom,44.9871,0.0,icmp,1593238440,2020-06-27 06:14:00+00:00
280740573,jinan-telecom,wuhan-telecom,49.3496,0.0,icmp,1593238560,2020-06-27 06:16:00+00:00
280740797,jinan-telecom,wuhan-telecom,47.6069,0.0,icmp,1593238680,2020-06-27 06:18:00+00:00
280741035,jinan-telecom,wuhan-telecom,41.1754,0.0,icmp,1593238750,2020-06-27 06:19:10+00:00
280741245,jinan-telecom,wuhan-telecom,45.9311,0.0,icmp,1593238920,2020-06-27 06:22:00+00:00
280741452,jinan-telecom,wuhan-telecom,39.433,0.0,icmp,1593238999,2020-06-27 06:23:19+00:00
280741674,jinan-telecom,wuhan-telecom,44.7961,0.0,icmp,1593239160,2020-06-27 06:26:00+00:00
280741923,jinan-telecom,wuhan-telecom,41.61,0.0,icmp,1593239280,2020-06-27 06:28:00+00:00
280742147,jinan-telecom,wuhan-telecom,47.1441,0.0,icmp,1593239400,2020-06-27 06:30:00+00:00
280742371,jinan-telecom,wuhan-telecom,49.0606,0.0,icmp,1593239520,2020-06-27 06:32:00+00:00
280742602,jinan-telecom,wuhan-telecom,39.5048,0.0,icmp,1593239599,2020-06-27 06:33:19+00:00
280742828,jinan-telecom,wuhan-telecom,39.5624,0.0,icmp,1593239719,2020-06-27 06:35:19+00:00
280743032,jinan-telecom,wuhan-telecom,45.2659,0.0,icmp,1593239880,2020-06-27 06:38:00+00:00
280743271,jinan-telecom,wuhan-telecom,47.5339,0.0,icmp,1593240000,2020-06-27 06:40:00+00:00
280743515,jinan-telecom,wuhan-telecom,49.3238,0.0,icmp,1593240120,2020-06-27 06:42:00+00:00
280743739,jinan-telecom,wuhan-telecom,44.378,0.0,icmp,1593240240,2020-06-27 06:44:00+00:00
280743945,jinan-telecom,wuhan-telecom,46.8894,0.0,icmp,1593240360,2020-06-27 06:46:00+00:00
280744175,jinan-telecom,wuhan-telecom,46.786,0.0,icmp,1593240480,2020-06-27 06:48:00+00:00
280744390,jinan-telecom,wuhan-telecom,46.6706,0.0,icmp,1593240600,2020-06-27 06:50:00+00:00
280744608,jinan-telecom,wuhan-telecom,47.2383,0.0,icmp,1593240720,2020-06-27 06:52:00+00:00
280744860,jinan-telecom,wuhan-telecom,45.2873,0.0,icmp,1593240840,2020-06-27 06:54:00+00:00
280745074,jinan-telecom,wuhan-telecom,46.3583,0.0,icmp,1593240960,2020-06-27 06:56:00+00:00
280745289,jinan-telecom,wuhan-telecom,46.336,0.0,icmp,1593241080,2020-06-27 06:58:00+00:00
280745520,jinan-telecom,wuhan-telecom,39.363,0.0,icmp,1593241219,2020-06-27 07:00:19+00:00
280745753,jinan-telecom,wuhan-telecom,45.7169,0.0,icmp,1593241320,2020-06-27 07:02:00+00:00
280745948,jinan-telecom,wuhan-telecom,47.7758,0.0,icmp,1593241440,2020-06-27 07:04:00+00:00
280746205,jinan-telecom,wuhan-telecom,45.1968,0.0,icmp,1593241560,2020-06-27 07:06:00+00:00
280746436,jinan-telecom,wuhan-telecom,47.7272,0.0,icmp,1593241680,2020-06-27 07:08:00+00:00
280746630,jinan-telecom,wuhan-telecom,47.5617,0.0,icmp,1593241800,2020-06-27 07:10:00+00:00
280746861,jinan-telecom,wuhan-telecom,49.3965,0.0,icmp,1593241920,2020-06-27 07:12:00+00:00
280747098,jinan-telecom,wuhan-telecom,47.5026,0.0,icmp,1593242040,2020-06-27 07:14:00+00:00
280747329,jinan-telecom,wuhan-telecom,45.8398,0.0,icmp,1593242160,2020-06-27 07:16:00+00:00
280747560,jinan-telecom,wuhan-telecom,39.4502,0.0,icmp,1593242299,2020-06-27 07:18:19+00:00
280747771,jinan-telecom,wuhan-telecom,48.8563,0.0,icmp,1593242400,2020-06-27 07:20:00+00:00
280748024,jinan-telecom,wuhan-telecom,39.556,0.0,icmp,1593242479,2020-06-27 07:21:19+00:00
280748220,jinan-telecom,wuhan-telecom,48.9204,0.0,icmp,1593242640,2020-06-27 07:24:00+00:00
280748440,jinan-telecom,wuhan-telecom,47.4144,0.0,icmp,1593242760,2020-06-27 07:26:00+00:00
280748670,jinan-telecom,wuhan-telecom,39.5414,0.0,icmp,1593242839,2020-06-27 07:27:19+00:00
280748899,jinan-telecom,wuhan-telecom,49.21,0.0,icmp,1593243000,2020-06-27 07:30:00+00:00
280749151,jinan-telecom,wuhan-telecom,46.5063,0.0,icmp,1593243120,2020-06-27 07:32:00+00:00
280749350,jinan-telecom,wuhan-telecom,48.4078,0.0,icmp,1593243240,2020-06-27 07:34:00+00:00
280749560,jinan-telecom,wuhan-telecom,45.3186,0.0,icmp,1593243360,2020-06-27 07:36:00+00:00
280749789,jinan-telecom,wuhan-telecom,39.704,0.0,icmp,1593243439,2020-06-27 07:37:19+00:00
280750038,jinan-telecom,wuhan-telecom,45.4812,0.0,icmp,1593243600,2020-06-27 07:40:00+00:00
280750236,jinan-telecom,wuhan-telecom,47.5099,0.0,icmp,1593243720,2020-06-27 07:42:00+00:00
280750479,jinan-telecom,wuhan-telecom,48.1163,0.0,icmp,1593243840,2020-06-27 07:44:00+00:00
280750695,jinan-telecom,wuhan-telecom,39.3472,0.0,icmp,1593243979,2020-06-27 07:46:19+00:00
280750913,jinan-telecom,wuhan-telecom,47.5025,0.0,icmp,1593244080,2020-06-27 07:48:00+00:00
280751175,jinan-telecom,wuhan-telecom,48.2718,0.0,icmp,1593244200,2020-06-27 07:50:00+00:00
280751376,jinan-telecom,wuhan-telecom,39.3382,0.0,icmp,1593244339,2020-06-27 07:52:19+00:00
280751616,jinan-telecom,wuhan-telecom,49.1033,0.0,icmp,1593244440,2020-06-27 07:54:00+00:00
280751810,jinan-telecom,wuhan-telecom,46.8627,0.0,icmp,1593244560,2020-06-27 07:56:00+00:00
280752009,jinan-telecom,wuhan-telecom,39.388,0.0,icmp,1593244639,2020-06-27 07:57:19+00:00
280752280,jinan-telecom,wuhan-telecom,39.6381,0.0,icmp,1593244759,2020-06-27 07:59:19+00:00
280752511,jinan-telecom,wuhan-telecom,39.4269,0.0,icmp,1593244866,2020-06-27 08:01:06+00:00
280752717,jinan-telecom,wuhan-telecom,45.5302,0.0,icmp,1593245040,2020-06-27 08:04:00+00:00
280752961,jinan-telecom,wuhan-telecom,39.3594,0.0,icmp,1593245179,2020-06-27 08:06:19+00:00
280753153,jinan-telecom,wuhan-telecom,49.9965,0.0,icmp,1593245280,2020-06-27 08:08:00+00:00
280753400,jinan-telecom,wuhan-telecom,39.3778,0.0,icmp,1593245419,2020-06-27 08:10:19+00:00
280753612,jinan-telecom,wuhan-telecom,47.797,0.0,icmp,1593245520,2020-06-27 08:12:00+00:00
280753851,jinan-telecom,wuhan-telecom,44.3642,0.0,icmp,1593245640,2020-06-27 08:14:00+00:00
280754079,jinan-telecom,wuhan-telecom,46.7192,0.0,icmp,1593245760,2020-06-27 08:16:00+00:00
280754315,jinan-telecom,wuhan-telecom,39.5724,0.0,icmp,1593245839,2020-06-27 08:17:19+00:00
280754514,jinan-telecom,wuhan-telecom,41.7191,0.0,icmp,1593246000,2020-06-27 08:20:00+00:00
280754746,jinan-telecom,wuhan-telecom,47.2177,0.0,icmp,1593246120,2020-06-27 08:22:00+00:00
280754971,jinan-telecom,wuhan-telecom,46.8551,0.0,icmp,1593246240,2020-06-27 08:24:00+00:00
280755207,jinan-telecom,wuhan-telecom,39.3578,0.0,icmp,1593246319,2020-06-27 08:25:19+00:00
280755420,jinan-telecom,wuhan-telecom,39.3466,0.0,icmp,1593246439,2020-06-27 08:27:19+00:00
280755687,jinan-telecom,wuhan-telecom,40.7407,0.0,icmp,1593246604,2020-06-27 08:30:04+00:00
280755874,jinan-telecom,wuhan-telecom,48.2479,0.0,icmp,1593246720,2020-06-27 08:32:00+00:00
280756097,jinan-telecom,wuhan-telecom,47.5084,0.0,icmp,1593246840,2020-06-27 08:34:00+00:00
280756333,jinan-telecom,wuhan-telecom,48.9501,0.0,icmp,1593246960,2020-06-27 08:36:00+00:00
280756534,jinan-telecom,wuhan-telecom,43.1395,0.0,icmp,1593247080,2020-06-27 08:38:00+00:00
280756786,jinan-telecom,wuhan-telecom,46.6786,0.0,icmp,1593247200,2020-06-27 08:40:00+00:00
280757004,jinan-telecom,wuhan-telecom,45.4774,0.0,icmp,1593247320,2020-06-27 08:42:00+00:00
280757227,jinan-telecom,wuhan-telecom,46.9405,0.0,icmp,1593247440,2020-06-27 08:44:00+00:00
280757452,jinan-telecom,wuhan-telecom,39.3328,0.0,icmp,1593247579,2020-06-27 08:46:19+00:00
280757667,jinan-telecom,wuhan-telecom,40.8614,0.0,icmp,1593247680,2020-06-27 08:48:00+00:00
280757892,jinan-telecom,wuhan-telecom,39.3426,0.0,icmp,1593247819,2020-06-27 08:50:19+00:00
280758129,jinan-telecom,wuhan-telecom,46.1927,0.0,icmp,1593247920,2020-06-27 08:52:00+00:00
280758345,jinan-telecom,wuhan-telecom,45.3907,0.0,icmp,1593248040,2020-06-27 08:54:00+00:00
280758576,jinan-telecom,wuhan-telecom,46.493,0.0,icmp,1593248160,2020-06-27 08:56:00+00:00
280758812,jinan-telecom,wuhan-telecom,45.3894,0.0,icmp,1593248280,2020-06-27 08:58:00+00:00
280759030,jinan-telecom,wuhan-telecom,39.7604,0.0,icmp,1593248359,2020-06-27 08:59:19+00:00
280759250,jinan-telecom,wuhan-telecom,39.4087,0.0,icmp,1593248539,2020-06-27 09:02:19+00:00
280759455,jinan-telecom,wuhan-telecom,48.3198,0.0,icmp,1593248640,2020-06-27 09:04:00+00:00
280759705,jinan-telecom,wuhan-telecom,45.2431,0.0,icmp,1593248760,2020-06-27 09:06:00+00:00
280759927,jinan-telecom,wuhan-telecom,39.3371,0.0,icmp,1593248839,2020-06-27 09:07:19+00:00
280760164,jinan-telecom,wuhan-telecom,41.5801,0.0,icmp,1593249000,2020-06-27 09:10:00+00:00
280760382,jinan-telecom,wuhan-telecom,47.2111,0.0,icmp,1593249120,2020-06-27 09:12:00+00:00
280760607,jinan-telecom,wuhan-telecom,46.9756,0.0,icmp,1593249240,2020-06-27 09:14:00+00:00
280760811,jinan-telecom,wuhan-telecom,45.593,0.0,icmp,1593249360,2020-06-27 09:16:00+00:00
280761052,jinan-telecom,wuhan-telecom,46.0266,0.0,icmp,1593249480,2020-06-27 09:18:00+00:00
280761261,jinan-telecom,wuhan-telecom,47.0378,0.0,icmp,1593249600,2020-06-27 09:20:00+00:00
280761493,jinan-telecom,wuhan-telecom,45.021,0.0,icmp,1593249720,2020-06-27 09:22:00+00:00
280761715,jinan-telecom,wuhan-telecom,50.323,0.0,icmp,1593249840,2020-06-27 09:24:00+00:00
280761993,jinan-telecom,wuhan-telecom,46.4677,0.0,icmp,1593249960,2020-06-27 09:26:00+00:00
280762187,jinan-telecom,wuhan-telecom,47.107,0.0,icmp,1593250080,2020-06-27 09:28:00+00:00
280762397,jinan-telecom,wuhan-telecom,44.7819,0.0,icmp,1593250200,2020-06-27 09:30:00+00:00
280762613,jinan-telecom,wuhan-telecom,47.0813,0.0,icmp,1593250320,2020-06-27 09:32:00+00:00
280762857,jinan-telecom,wuhan-telecom,51.101,0.0,icmp,1593250440,2020-06-27 09:34:00+00:00
280763066,jinan-telecom,wuhan-telecom,46.727,0.0,icmp,1593250560,2020-06-27 09:36:00+00:00
280763300,jinan-telecom,wuhan-telecom,39.3238,0.0,icmp,1593250699,2020-06-27 09:38:19+00:00
280763494,jinan-telecom,wuhan-telecom,45.5111,0.0,icmp,1593250800,2020-06-27 09:40:00+00:00
280763728,jinan-telecom,wuhan-telecom,46.7746,0.0,icmp,1593250920,2020-06-27 09:42:00+00:00
280763976,jinan-telecom,wuhan-telecom,48.4085,0.0,icmp,1593251040,2020-06-27 09:44:00+00:00
280764182,jinan-telecom,wuhan-telecom,46.7582,0.0,icmp,1593251160,2020-06-27 09:46:00+00:00
280764428,jinan-telecom,wuhan-telecom,46.1468,0.0,icmp,1593251280,2020-06-27 09:48:00+00:00
280764650,jinan-telecom,wuhan-telecom,39.3873,0.0,icmp,1593251419,2020-06-27 09:50:19+00:00
280764885,jinan-telecom,wuhan-telecom,48.2298,0.0,icmp,1593251520,2020-06-27 09:52:00+00:00
280765106,jinan-telecom,wuhan-telecom,39.3548,0.0,icmp,1593251599,2020-06-27 09:53:19+00:00
280765334,jinan-telecom,wuhan-telecom,48.7105,0.0,icmp,1593251760,2020-06-27 09:56:00+00:00
280765574,jinan-telecom,wuhan-telecom,39.546,0.0,icmp,1593251899,2020-06-27 09:58:19+00:00
280765770,jinan-telecom,wuhan-telecom,48.4201,0.0,icmp,1593252000,2020-06-27 10:00:00+00:00
280765972,jinan-telecom,wuhan-telecom,46.6126,0.0,icmp,1593252120,2020-06-27 10:02:00+00:00
280766218,jinan-telecom,wuhan-telecom,47.3095,0.0,icmp,1593252240,2020-06-27 10:04:00+00:00
280766445,jinan-telecom,wuhan-telecom,41.1417,0.0,icmp,1593252304,2020-06-27 10:05:04+00:00
280766682,jinan-telecom,wuhan-telecom,48.6843,0.0,icmp,1593252480,2020-06-27 10:08:00+00:00
280766874,jinan-telecom,wuhan-telecom,39.3362,0.0,icmp,1593252559,2020-06-27 10:09:19+00:00
280767134,jinan-telecom,wuhan-telecom,46.6274,0.0,icmp,1593252720,2020-06-27 10:12:00+00:00
280767324,jinan-telecom,wuhan-telecom,50.4262,0.0,icmp,1593252840,2020-06-27 10:14:00+00:00
280767540,jinan-telecom,wuhan-telecom,47.6778,0.0,icmp,1593252960,2020-06-27 10:16:00+00:00
280767816,jinan-telecom,wuhan-telecom,47.3007,0.0,icmp,1593253080,2020-06-27 10:18:00+00:00
280768039,jinan-telecom,wuhan-telecom,45.9435,0.0,icmp,1593253200,2020-06-27 10:20:00+00:00
280768245,jinan-telecom,wuhan-telecom,39.5535,0.0,icmp,1593253339,2020-06-27 10:22:19+00:00
280768465,jinan-telecom,wuhan-telecom,39.376,0.0,icmp,1593253459,2020-06-27 10:24:19+00:00
280768701,jinan-telecom,wuhan-telecom,48.2555,0.0,icmp,1593253560,2020-06-27 10:26:00+00:00
280768910,jinan-telecom,wuhan-telecom,45.4615,0.0,icmp,1593253680,2020-06-27 10:28:00+00:00
280769164,jinan-telecom,wuhan-telecom,47.3378,0.0,icmp,1593253800,2020-06-27 10:30:00+00:00
280769364,jinan-telecom,wuhan-telecom,41.2913,0.0,icmp,1593253920,2020-06-27 10:32:00+00:00
280769591,jinan-telecom,wuhan-telecom,48.3272,0.0,icmp,1593254040,2020-06-27 10:34:00+00:00
280769840,jinan-telecom,wuhan-telecom,48.4781,0.0,icmp,1593254160,2020-06-27 10:36:00+00:00
280770048,jinan-telecom,wuhan-telecom,39.7456,0.0,icmp,1593254299,2020-06-27 10:38:19+00:00
280770270,jinan-telecom,wuhan-telecom,39.5714,0.0,icmp,1593254419,2020-06-27 10:40:19+00:00
280770488,jinan-telecom,wuhan-telecom,39.3514,0.0,icmp,1593254539,2020-06-27 10:42:19+00:00
280770718,jinan-telecom,wuhan-telecom,46.4318,0.0,icmp,1593254640,2020-06-27 10:44:00+00:00
280770946,jinan-telecom,wuhan-telecom,46.4428,0.0,icmp,1593254760,2020-06-27 10:46:00+00:00
280771164,jinan-telecom,wuhan-telecom,45.4112,0.0,icmp,1593254880,2020-06-27 10:48:00+00:00
280771388,jinan-telecom,wuhan-telecom,45.0767,0.0,icmp,1593255000,2020-06-27 10:50:00+00:00
280771624,jinan-telecom,wuhan-telecom,41.2573,0.0,icmp,1593255120,2020-06-27 10:52:00+00:00
280771823,jinan-telecom,wuhan-telecom,48.8163,0.0,icmp,1593255240,2020-06-27 10:54:00+00:00
280772065,jinan-telecom,wuhan-telecom,46.7698,0.0,icmp,1593255360,2020-06-27 10:56:00+00:00
280772319,jinan-telecom,wuhan-telecom,45.9139,0.0,icmp,1593255480,2020-06-27 10:58:00+00:00
280772532,jinan-telecom,wuhan-telecom,46.5975,0.0,icmp,1593255600,2020-06-27 11:00:00+00:00
280772755,jinan-telecom,wuhan-telecom,50.146,0.0,icmp,1593255720,2020-06-27 11:02:00+00:00
280772963,jinan-telecom,wuhan-telecom,47.1957,0.0,icmp,1593255840,2020-06-27 11:04:00+00:00
280773191,jinan-telecom,wuhan-telecom,44.661,0.0,icmp,1593255960,2020-06-27 11:06:00+00:00
280773436,jinan-telecom,wuhan-telecom,48.1488,0.0,icmp,1593256080,2020-06-27 11:08:00+00:00
280773644,jinan-telecom,wuhan-telecom,39.4389,0.0,icmp,1593256204,2020-06-27 11:10:04+00:00
280773878,jinan-telecom,wuhan-telecom,48.145,0.0,icmp,1593256320,2020-06-27 11:12:00+00:00
280774102,jinan-telecom,wuhan-telecom,44.0572,0.0,icmp,1593256440,2020-06-27 11:14:00+00:00
280774316,jinan-telecom,wuhan-telecom,39.4978,0.0,icmp,1593256579,2020-06-27 11:16:19+00:00
280774539,jinan-telecom,wuhan-telecom,46.3407,0.0,icmp,1593256680,2020-06-27 11:18:00+00:00
280774764,jinan-telecom,wuhan-telecom,47.0907,0.0,icmp,1593256800,2020-06-27 11:20:00+00:00
280775003,jinan-telecom,wuhan-telecom,41.3514,0.0,icmp,1593256920,2020-06-27 11:22:00+00:00
280775209,jinan-telecom,wuhan-telecom,39.4132,0.0,icmp,1593256999,2020-06-27 11:23:19+00:00
280775450,jinan-telecom,wuhan-telecom,43.7026,0.0,icmp,1593257160,2020-06-27 11:26:00+00:00
280775665,jinan-telecom,wuhan-telecom,47.1877,0.0,icmp,1593257280,2020-06-27 11:28:00+00:00
280775898,jinan-telecom,wuhan-telecom,48.1682,0.0,icmp,1593257400,2020-06-27 11:30:00+00:00
280776149,jinan-telecom,wuhan-telecom,48.0263,0.0,icmp,1593257520,2020-06-27 11:32:00+00:00
280776340,jinan-telecom,wuhan-telecom,39.4168,0.0,icmp,1593257659,2020-06-27 11:34:19+00:00
280776552,jinan-telecom,wuhan-telecom,44.649,0.0,icmp,1593257760,2020-06-27 11:36:00+00:00
280776816,jinan-telecom,wuhan-telecom,46.8064,0.0,icmp,1593257880,2020-06-27 11:38:00+00:00
280777062,jinan-telecom,wuhan-telecom,39.5449,0.0,icmp,1593257944,2020-06-27 11:39:04+00:00
280777230,jinan-telecom,wuhan-telecom,39.3958,0.0,icmp,1593258079,2020-06-27 11:41:19+00:00
280777479,jinan-telecom,wuhan-telecom,46.0325,0.0,icmp,1593258240,2020-06-27 11:44:00+00:00
280777655,jinan-telecom,wuhan-telecom,39.4328,0.0,icmp,1593258319,2020-06-27 11:45:19+00:00
280777947,jinan-telecom,wuhan-telecom,39.3911,0.0,icmp,1593258439,2020-06-27 11:47:19+00:00
280778149,jinan-telecom,wuhan-telecom,49.0797,0.0,icmp,1593258600,2020-06-27 11:50:00+00:00
280778381,jinan-telecom,wuhan-telecom,39.3463,0.0,icmp,1593258679,2020-06-27 11:51:19+00:00
280778602,jinan-telecom,wuhan-telecom,46.9161,0.0,icmp,1593258840,2020-06-27 11:54:00+00:00
280778822,jinan-telecom,wuhan-telecom,48.0354,0.0,icmp,1593258960,2020-06-27 11:56:00+00:00
280779049,jinan-telecom,wuhan-telecom,48.0065,0.0,icmp,1593259080,2020-06-27 11:58:00+00:00
280779268,jinan-telecom,wuhan-telecom,47.1859,0.0,icmp,1593259200,2020-06-27 12:00:00+00:00
280779521,jinan-telecom,wuhan-telecom,47.346,0.0,icmp,1593259320,2020-06-27 12:02:00+00:00
280779723,jinan-telecom,wuhan-telecom,48.6075,0.0,icmp,1593259440,2020-06-27 12:04:00+00:00
280779947,jinan-telecom,wuhan-telecom,39.3757,0.0,icmp,1593259519,2020-06-27 12:05:19+00:00
280780167,jinan-telecom,wuhan-telecom,44.0176,0.0,icmp,1593259680,2020-06-27 12:08:00+00:00
280780387,jinan-telecom,wuhan-telecom,47.5084,0.0,icmp,1593259800,2020-06-27 12:10:00+00:00
280780622,jinan-telecom,wuhan-telecom,45.8793,0.0,icmp,1593259920,2020-06-27 12:12:00+00:00
280780851,jinan-telecom,wuhan-telecom,46.2911,0.0,icmp,1593260040,2020-06-27 12:14:00+00:00
280781078,jinan-telecom,wuhan-telecom,42.1727,0.0,icmp,1593260164,2020-06-27 12:16:04+00:00
280781292,jinan-telecom,wuhan-telecom,49.1192,0.0,icmp,1593260280,2020-06-27 12:18:00+00:00
280781512,jinan-telecom,wuhan-telecom,47.7229,0.0,icmp,1593260400,2020-06-27 12:20:00+00:00
280781776,jinan-telecom,wuhan-telecom,48.0468,0.0,icmp,1593260520,2020-06-27 12:22:00+00:00
280781984,jinan-telecom,wuhan-telecom,39.526,0.0,icmp,1593260659,2020-06-27 12:24:19+00:00
280782217,jinan-telecom,wuhan-telecom,48.5348,0.0,icmp,1593260760,2020-06-27 12:26:00+00:00
280782469,jinan-telecom,wuhan-telecom,48.6149,0.0,icmp,1593260880,2020-06-27 12:28:00+00:00
280782635,jinan-telecom,wuhan-telecom,47.1434,0.0,icmp,1593261000,2020-06-27 12:30:00+00:00
280782865,jinan-telecom,wuhan-telecom,39.4079,0.0,icmp,1593261139,2020-06-27 12:32:19+00:00
280783095,jinan-telecom,wuhan-telecom,48.322,0.0,icmp,1593261240,2020-06-27 12:34:00+00:00
280783319,jinan-telecom,wuhan-telecom,45.4589,0.0,icmp,1593261360,2020-06-27 12:36:00+00:00
280783554,jinan-telecom,wuhan-telecom,48.937,0.0,icmp,1593261480,2020-06-27 12:38:00+00:00
280783753,jinan-telecom,wuhan-telecom,49.6761,0.0,icmp,1593261600,2020-06-27 12:40:00+00:00
280784007,jinan-telecom,wuhan-telecom,41.1332,0.0,icmp,1593261720,2020-06-27 12:42:00+00:00
280784233,jinan-telecom,wuhan-telecom,46.9292,0.0,icmp,1593261840,2020-06-27 12:44:00+00:00
280784433,jinan-telecom,wuhan-telecom,39.4101,0.0,icmp,1593261919,2020-06-27 12:45:19+00:00
280784708,jinan-telecom,wuhan-telecom,47.8741,0.0,icmp,1593262080,2020-06-27 12:48:00+00:00
280784924,jinan-telecom,wuhan-telecom,39.3569,0.0,icmp,1593262159,2020-06-27 12:49:19+00:00
280785155,jinan-telecom,wuhan-telecom,48.5095,0.0,icmp,1593262320,2020-06-27 12:52:00+00:00
280785374,jinan-telecom,wuhan-telecom,49.9078,0.0,icmp,1593262440,2020-06-27 12:54:00+00:00
280785600,jinan-telecom,wuhan-telecom,46.218,0.0,icmp,1593262560,2020-06-27 12:56:00+00:00
280785819,jinan-telecom,wuhan-telecom,39.3987,0.0,icmp,1593262699,2020-06-27 12:58:19+00:00
280786009,jinan-telecom,wuhan-telecom,42.8105,0.0,icmp,1593262800,2020-06-27 13:00:00+00:00
280786215,jinan-telecom,wuhan-telecom,46.9527,0.0,icmp,1593262920,2020-06-27 13:02:00+00:00
280786459,jinan-telecom,wuhan-telecom,47.785,0.0,icmp,1593263040,2020-06-27 13:04:00+00:00
280786683,jinan-telecom,wuhan-telecom,45.207,0.0,icmp,1593263160,2020-06-27 13:06:00+00:00
280786909,jinan-telecom,wuhan-telecom,47.5207,0.0,icmp,1593263280,2020-06-27 13:08:00+00:00
280787136,jinan-telecom,wuhan-telecom,47.1441,0.0,icmp,1593263400,2020-06-27 13:10:00+00:00
280787374,jinan-telecom,wuhan-telecom,48.4057,0.0,icmp,1593263520,2020-06-27 13:12:00+00:00
280787605,jinan-telecom,wuhan-telecom,39.7887,0.0,icmp,1593263584,2020-06-27 13:13:04+00:00
280787826,jinan-telecom,wuhan-telecom,45.6398,0.0,icmp,1593263760,2020-06-27 13:16:00+00:00
280788049,jinan-telecom,wuhan-telecom,50.0263,0.0,icmp,1593263880,2020-06-27 13:18:00+00:00
280788242,jinan-telecom,wuhan-telecom,47.2539,0.0,icmp,1593264000,2020-06-27 13:20:00+00:00
280788497,jinan-telecom,wuhan-telecom,46.5697,0.0,icmp,1593264120,2020-06-27 13:22:00+00:00
280788712,jinan-telecom,wuhan-telecom,39.4227,0.0,icmp,1593264199,2020-06-27 13:23:19+00:00
280788977,jinan-telecom,wuhan-telecom,47.7998,0.0,icmp,1593264360,2020-06-27 13:26:00+00:00
280789154,jinan-telecom,wuhan-telecom,45.8294,0.0,icmp,1593264480,2020-06-27 13:28:00+00:00
280789389,jinan-telecom,wuhan-telecom,45.3992,0.0,icmp,1593264600,2020-06-27 13:30:00+00:00
280789614,jinan-telecom,wuhan-telecom,39.3775,0.0,icmp,1593264679,2020-06-27 13:31:19+00:00
280789867,jinan-telecom,wuhan-telecom,39.5632,0.0,icmp,1593264799,2020-06-27 13:33:19+00:00
280790109,jinan-telecom,wuhan-telecom,49.3678,0.0,icmp,1593264960,2020-06-27 13:36:00+00:00
280790289,jinan-telecom,wuhan-telecom,47.0792,0.0,icmp,1593265080,2020-06-27 13:38:00+00:00
280790526,jinan-telecom,wuhan-telecom,43.4354,0.0,icmp,1593265200,2020-06-27 13:40:00+00:00
280790757,jinan-telecom,wuhan-telecom,39.616,0.0,icmp,1593265279,2020-06-27 13:41:19+00:00
280790971,jinan-telecom,wuhan-telecom,44.1839,0.0,icmp,1593265440,2020-06-27 13:44:00+00:00
280791198,jinan-telecom,wuhan-telecom,46.7748,0.0,icmp,1593265560,2020-06-27 13:46:00+00:00
280791402,jinan-telecom,wuhan-telecom,46.3233,0.0,icmp,1593265680,2020-06-27 13:48:00+00:00
280791669,jinan-telecom,wuhan-telecom,49.8993,0.0,icmp,1593265800,2020-06-27 13:50:00+00:00
280791859,jinan-telecom,wuhan-telecom,49.1664,0.0,icmp,1593265920,2020-06-27 13:52:00+00:00
280792098,jinan-telecom,wuhan-telecom,47.3379,0.0,icmp,1593266040,2020-06-27 13:54:00+00:00
280792330,jinan-telecom,wuhan-telecom,46.391,0.0,icmp,1593266160,2020-06-27 13:56:00+00:00
280792542,jinan-telecom,wuhan-telecom,48.4312,0.0,icmp,1593266280,2020-06-27 13:58:00+00:00
280792784,jinan-telecom,wuhan-telecom,45.6252,0.0,icmp,1593266400,2020-06-27 14:00:00+00:00
280793022,jinan-telecom,wuhan-telecom,48.8121,0.0,icmp,1593266520,2020-06-27 14:02:00+00:00
280793214,jinan-telecom,wuhan-telecom,39.3651,0.0,icmp,1593266659,2020-06-27 14:04:19+00:00
280793441,jinan-telecom,wuhan-telecom,47.6006,0.0,icmp,1593266760,2020-06-27 14:06:00+00:00
280793661,jinan-telecom,wuhan-telecom,45.8006,0.0,icmp,1593266880,2020-06-27 14:08:00+00:00
280793926,jinan-telecom,wuhan-telecom,47.3416,0.0,icmp,1593267000,2020-06-27 14:10:00+00:00
280794133,jinan-telecom,wuhan-telecom,48.8178,0.0,icmp,1593267120,2020-06-27 14:12:00+00:00
280794333,jinan-telecom,wuhan-telecom,39.4386,0.0,icmp,1593267259,2020-06-27 14:14:19+00:00
280794573,jinan-telecom,wuhan-telecom,46.8572,0.0,icmp,1593267360,2020-06-27 14:16:00+00:00
280794797,jinan-telecom,wuhan-telecom,47.6328,0.0,icmp,1593267480,2020-06-27 14:18:00+00:00
280795014,jinan-telecom,wuhan-telecom,46.5602,0.0,icmp,1593267600,2020-06-27 14:20:00+00:00
280795237,jinan-telecom,wuhan-telecom,39.377,0.0,icmp,1593267739,2020-06-27 14:22:19+00:00
280795447,jinan-telecom,wuhan-telecom,46.2601,0.0,icmp,1593267840,2020-06-27 14:24:00+00:00
280795662,jinan-telecom,wuhan-telecom,47.1373,0.0,icmp,1593267960,2020-06-27 14:26:00+00:00
280795920,jinan-telecom,wuhan-telecom,47.7136,0.0,icmp,1593268080,2020-06-27 14:28:00+00:00
280796139,jinan-telecom,wuhan-telecom,47.2651,0.0,icmp,1593268200,2020-06-27 14:30:00+00:00
280796387,jinan-telecom,wuhan-telecom,45.0433,0.0,icmp,1593268320,2020-06-27 14:32:00+00:00
280796601,jinan-telecom,wuhan-telecom,47.6587,0.0,icmp,1593268440,2020-06-27 14:34:00+00:00
280796852,jinan-telecom,wuhan-telecom,39.5712,0.0,icmp,1593268519,2020-06-27 14:35:19+00:00
280797027,jinan-telecom,wuhan-telecom,46.9077,0.0,icmp,1593268680,2020-06-27 14:38:00+00:00
280797295,jinan-telecom,wuhan-telecom,39.608,0.0,icmp,1593268819,2020-06-27 14:40:19+00:00
280797496,jinan-telecom,wuhan-telecom,47.7855,0.0,icmp,1593268920,2020-06-27 14:42:00+00:00
280797679,jinan-telecom,wuhan-telecom,39.547,0.0,icmp,1593268999,2020-06-27 14:43:19+00:00
280797967,jinan-telecom,wuhan-telecom,39.4529,0.0,icmp,1593269119,2020-06-27 14:45:19+00:00
280798166,jinan-telecom,wuhan-telecom,45.283,0.0,icmp,1593269280,2020-06-27 14:48:00+00:00
280798404,jinan-telecom,wuhan-telecom,47.8567,0.0,icmp,1593269400,2020-06-27 14:50:00+00:00
280798596,jinan-telecom,wuhan-telecom,48.0821,0.0,icmp,1593269520,2020-06-27 14:52:00+00:00
280798825,jinan-telecom,wuhan-telecom,47.3592,0.0,icmp,1593269640,2020-06-27 14:54:00+00:00
280799080,jinan-telecom,wuhan-telecom,47.674,0.0,icmp,1593269760,2020-06-27 14:56:00+00:00
280799283,jinan-telecom,wuhan-telecom,39.3465,0.0,icmp,1593269839,2020-06-27 14:57:19+00:00
280799542,jinan-telecom,wuhan-telecom,49.6686,0.0,icmp,1593270000,2020-06-27 15:00:00+00:00
280799755,jinan-telecom,wuhan-telecom,48.5056,0.0,icmp,1593270120,2020-06-27 15:02:00+00:00
280799977,jinan-telecom,wuhan-telecom,47.7961,0.0,icmp,1593270240,2020-06-27 15:04:00+00:00
280800176,jinan-telecom,wuhan-telecom,47.839,0.0,icmp,1593270360,2020-06-27 15:06:00+00:00
280800410,jinan-telecom,wuhan-telecom,48.0408,0.0,icmp,1593270480,2020-06-27 15:08:00+00:00
280800630,jinan-telecom,wuhan-telecom,48.5757,0.0,icmp,1593270600,2020-06-27 15:10:00+00:00
280800862,jinan-telecom,wuhan-telecom,46.1022,0.0,icmp,1593270720,2020-06-27 15:12:00+00:00
280801132,jinan-telecom,wuhan-telecom,39.4893,0.0,icmp,1593270859,2020-06-27 15:14:19+00:00
280801337,jinan-telecom,wuhan-telecom,45.2324,0.0,icmp,1593270960,2020-06-27 15:16:00+00:00
280801537,jinan-telecom,wuhan-telecom,47.7978,0.0,icmp,1593271080,2020-06-27 15:18:00+00:00
280801760,jinan-telecom,wuhan-telecom,49.6659,0.0,icmp,1593271200,2020-06-27 15:20:00+00:00
280801992,jinan-telecom,wuhan-telecom,49.3566,0.0,icmp,1593271320,2020-06-27 15:22:00+00:00
280802222,jinan-telecom,wuhan-telecom,46.0644,0.0,icmp,1593271440,2020-06-27 15:24:00+00:00
280802435,jinan-telecom,wuhan-telecom,47.8365,0.0,icmp,1593271560,2020-06-27 15:26:00+00:00
280802685,jinan-telecom,wuhan-telecom,48.6427,0.0,icmp,1593271680,2020-06-27 15:28:00+00:00
280802897,jinan-telecom,wuhan-telecom,47.1153,0.0,icmp,1593271800,2020-06-27 15:30:00+00:00
280803104,jinan-telecom,wuhan-telecom,39.5321,0.0,icmp,1593271864,2020-06-27 15:31:04+00:00
280803345,jinan-telecom,wuhan-telecom,47.1155,0.0,icmp,1593272040,2020-06-27 15:34:00+00:00
280803584,jinan-telecom,wuhan-telecom,46.598,0.0,icmp,1593272160,2020-06-27 15:36:00+00:00
280803786,jinan-telecom,wuhan-telecom,42.1879,0.0,icmp,1593272280,2020-06-27 15:38:00+00:00
280804014,jinan-telecom,wuhan-telecom,39.3349,0.0,icmp,1593272359,2020-06-27 15:39:19+00:00
280804260,jinan-telecom,wuhan-telecom,39.6872,0.0,icmp,1593272479,2020-06-27 15:41:19+00:00
280804483,jinan-telecom,wuhan-telecom,39.3138,0.0,icmp,1593272659,2020-06-27 15:44:19+00:00
280804703,jinan-telecom,wuhan-telecom,46.9482,0.0,icmp,1593272760,2020-06-27 15:46:00+00:00
280804912,jinan-telecom,wuhan-telecom,46.6276,0.0,icmp,1593272880,2020-06-27 15:48:00+00:00
280805166,jinan-telecom,wuhan-telecom,39.3404,0.0,icmp,1593272959,2020-06-27 15:49:19+00:00
280805409,jinan-telecom,wuhan-telecom,48.5451,0.0,icmp,1593273120,2020-06-27 15:52:00+00:00
280805597,jinan-telecom,wuhan-telecom,46.8455,0.0,icmp,1593273240,2020-06-27 15:54:00+00:00
280805809,jinan-telecom,wuhan-telecom,39.6434,0.0,icmp,1593273379,2020-06-27 15:56:19+00:00
280806031,jinan-telecom,wuhan-telecom,39.3701,0.0,icmp,1593273499,2020-06-27 15:58:19+00:00
280806281,jinan-telecom,wuhan-telecom,46.6713,0.0,icmp,1593273600,2020-06-27 16:00:00+00:00
280806546,jinan-telecom,wuhan-telecom,40.6568,0.0,icmp,1593273720,2020-06-27 16:02:00+00:00
280806735,jinan-telecom,wuhan-telecom,41.3329,0.0,icmp,1593273840,2020-06-27 16:04:00+00:00
280806957,jinan-telecom,wuhan-telecom,37.538,0.0,icmp,1593273960,2020-06-27 16:06:00+00:00
280807167,jinan-telecom,wuhan-telecom,32.1969,0.0,icmp,1593274080,2020-06-27 16:08:00+00:00
280807376,jinan-telecom,wuhan-telecom,42.611,0.0,icmp,1593274200,2020-06-27 16:10:00+00:00
280807663,jinan-telecom,wuhan-telecom,41.8304,0.0,icmp,1593274320,2020-06-27 16:12:00+00:00
280807832,jinan-telecom,wuhan-telecom,40.2042,0.0,icmp,1593274440,2020-06-27 16:14:00+00:00
280808077,jinan-telecom,wuhan-telecom,42.1489,0.0,icmp,1593274560,2020-06-27 16:16:00+00:00
280808310,jinan-telecom,wuhan-telecom,42.5602,0.0,icmp,1593274680,2020-06-27 16:18:00+00:00
280808501,jinan-telecom,wuhan-telecom,42.4939,0.0,icmp,1593274800,2020-06-27 16:20:00+00:00
280808732,jinan-telecom,wuhan-telecom,33.4898,0.0,icmp,1593274879,2020-06-27 16:21:19+00:00
280808960,jinan-telecom,wuhan-telecom,33.3226,0.0,icmp,1593275059,2020-06-27 16:24:19+00:00
280809193,jinan-telecom,wuhan-telecom,39.3146,0.0,icmp,1593275160,2020-06-27 16:26:00+00:00
280809417,jinan-telecom,wuhan-telecom,42.5642,0.0,icmp,1593275280,2020-06-27 16:28:00+00:00
280809642,jinan-telecom,wuhan-telecom,40.8923,0.0,icmp,1593275400,2020-06-27 16:30:00+00:00
280809887,jinan-telecom,wuhan-telecom,38.9123,0.0,icmp,1593275520,2020-06-27 16:32:00+00:00
280810132,jinan-telecom,wuhan-telecom,33.1049,0.0,icmp,1593275659,2020-06-27 16:34:19+00:00
280810343,jinan-telecom,wuhan-telecom,36.6725,0.0,icmp,1593275760,2020-06-27 16:36:00+00:00
280810540,jinan-telecom,wuhan-telecom,41.3784,0.0,icmp,1593275880,2020-06-27 16:38:00+00:00
280810767,jinan-telecom,wuhan-telecom,33.0915,0.0,icmp,1593275959,2020-06-27 16:39:19+00:00
280810977,jinan-telecom,wuhan-telecom,35.2953,0.0,icmp,1593276120,2020-06-27 16:42:00+00:00
280811211,jinan-telecom,wuhan-telecom,44.6946,0.0,icmp,1593276240,2020-06-27 16:44:00+00:00
280811449,jinan-telecom,wuhan-telecom,39.7462,0.0,icmp,1593276360,2020-06-27 16:46:00+00:00
280811676,jinan-telecom,wuhan-telecom,33.093,0.0,icmp,1593276499,2020-06-27 16:48:19+00:00
280811876,jinan-telecom,wuhan-telecom,43.0223,0.0,icmp,1593276600,2020-06-27 16:50:00+00:00
280812108,jinan-telecom,wuhan-telecom,33.2387,0.0,icmp,1593276679,2020-06-27 16:51:19+00:00
280812363,jinan-telecom,wuhan-telecom,33.1678,0.0,icmp,1593276799,2020-06-27 16:53:19+00:00
280812542,jinan-telecom,wuhan-telecom,41.9379,0.0,icmp,1593276960,2020-06-27 16:56:00+00:00
280812806,jinan-telecom,wuhan-telecom,33.1495,0.0,icmp,1593277099,2020-06-27 16:58:19+00:00
280813025,jinan-telecom,wuhan-telecom,33.2652,0.0,icmp,1593277219,2020-06-27 17:00:19+00:00
280813250,jinan-telecom,wuhan-telecom,44.2529,0.0,icmp,1593277320,2020-06-27 17:02:00+00:00
280813457,jinan-telecom,wuhan-telecom,43.3338,0.0,icmp,1593277440,2020-06-27 17:04:00+00:00
280813674,jinan-telecom,wuhan-telecom,41.6188,0.0,icmp,1593277560,2020-06-27 17:06:00+00:00
280813926,jinan-telecom,wuhan-telecom,33.3383,0.0,icmp,1593277639,2020-06-27 17:07:19+00:00
280814130,jinan-telecom,wuhan-telecom,44.5431,0.0,icmp,1593277800,2020-06-27 17:10:00+00:00
280814415,jinan-telecom,wuhan-telecom,41.3259,0.0,icmp,1593277920,2020-06-27 17:12:00+00:00
280814589,jinan-telecom,wuhan-telecom,33.1296,0.0,icmp,1593277999,2020-06-27 17:13:19+00:00
280814822,jinan-telecom,wuhan-telecom,43.7032,0.0,icmp,1593278160,2020-06-27 17:16:00+00:00
280815056,jinan-telecom,wuhan-telecom,43.8747,0.0,icmp,1593278280,2020-06-27 17:18:00+00:00
280815266,jinan-telecom,wuhan-telecom,38.1977,0.0,icmp,1593278400,2020-06-27 17:20:00+00:00
280815499,jinan-telecom,wuhan-telecom,43.4446,0.0,icmp,1593278520,2020-06-27 17:22:00+00:00
280815720,jinan-telecom,wuhan-telecom,33.4392,0.0,icmp,1593278599,2020-06-27 17:23:19+00:00
280815944,jinan-telecom,wuhan-telecom,47.0925,0.0,icmp,1593278760,2020-06-27 17:26:00+00:00
280816184,jinan-telecom,wuhan-telecom,34.7452,0.0,icmp,1593278880,2020-06-27 17:28:00+00:00
280816406,jinan-telecom,wuhan-telecom,46.161,0.0,icmp,1593279000,2020-06-27 17:30:00+00:00
280816634,jinan-telecom,wuhan-telecom,41.5285,0.0,icmp,1593279120,2020-06-27 17:32:00+00:00
280816834,jinan-telecom,wuhan-telecom,49.2326,0.0,icmp,1593279240,2020-06-27 17:34:00+00:00
280817083,jinan-telecom,wuhan-telecom,33.2273,0.0,icmp,1593279305,2020-06-27 17:35:05+00:00
280817295,jinan-telecom,wuhan-telecom,40.1342,0.0,icmp,1593279480,2020-06-27 17:38:00+00:00
280817510,jinan-telecom,wuhan-telecom,35.1909,0.0,icmp,1593279600,2020-06-27 17:40:00+00:00
280817750,jinan-telecom,wuhan-telecom,39.9855,0.0,icmp,1593279720,2020-06-27 17:42:00+00:00
280817959,jinan-telecom,wuhan-telecom,33.1574,0.0,icmp,1593279799,2020-06-27 17:43:19+00:00
280818181,jinan-telecom,wuhan-telecom,41.9813,0.0,icmp,1593279960,2020-06-27 17:46:00+00:00
280818414,jinan-telecom,wuhan-telecom,41.5018,0.0,icmp,1593280080,2020-06-27 17:48:00+00:00
280818659,jinan-telecom,wuhan-telecom,45.0949,0.0,icmp,1593280200,2020-06-27 17:50:00+00:00
280818880,jinan-telecom,wuhan-telecom,40.8387,0.0,icmp,1593280320,2020-06-27 17:52:00+00:00
280819099,jinan-telecom,wuhan-telecom,35.3519,0.0,icmp,1593280440,2020-06-27 17:54:00+00:00
280819322,jinan-telecom,wuhan-telecom,40.0561,0.0,icmp,1593280560,2020-06-27 17:56:00+00:00
280819542,jinan-telecom,wuhan-telecom,45.6811,0.0,icmp,1593280680,2020-06-27 17:58:00+00:00
280819773,jinan-telecom,wuhan-telecom,43.2901,0.0,icmp,1593280800,2020-06-27 18:00:00+00:00
280820003,jinan-telecom,wuhan-telecom,43.5097,0.0,icmp,1593280920,2020-06-27 18:02:00+00:00
280820230,jinan-telecom,wuhan-telecom,34.0391,0.0,icmp,1593281040,2020-06-27 18:04:00+00:00
280820448,jinan-telecom,wuhan-telecom,40.5628,0.0,icmp,1593281160,2020-06-27 18:06:00+00:00
280820675,jinan-telecom,wuhan-telecom,33.2036,0.0,icmp,1593281284,2020-06-27 18:08:04+00:00
280820883,jinan-telecom,wuhan-telecom,43.7738,0.0,icmp,1593281400,2020-06-27 18:10:00+00:00
280821123,jinan-telecom,wuhan-telecom,39.9601,0.0,icmp,1593281520,2020-06-27 18:12:00+00:00
280821342,jinan-telecom,wuhan-telecom,42.3929,0.0,icmp,1593281640,2020-06-27 18:14:00+00:00
280821585,jinan-telecom,wuhan-telecom,41.0872,0.0,icmp,1593281760,2020-06-27 18:16:00+00:00
280821780,jinan-telecom,wuhan-telecom,45.2459,0.0,icmp,1593281880,2020-06-27 18:18:00+00:00
280822020,jinan-telecom,wuhan-telecom,33.291,0.0,icmp,1593282019,2020-06-27 18:20:19+00:00
280822294,jinan-telecom,wuhan-telecom,41.4181,0.0,icmp,1593282120,2020-06-27 18:22:00+00:00
280822479,jinan-telecom,wuhan-telecom,36.5495,0.0,icmp,1593282240,2020-06-27 18:24:00+00:00
280822690,jinan-telecom,wuhan-telecom,41.3527,0.0,icmp,1593282360,2020-06-27 18:26:00+00:00
280822928,jinan-telecom,wuhan-telecom,43.7119,0.0,icmp,1593282480,2020-06-27 18:28:00+00:00
280823157,jinan-telecom,wuhan-telecom,34.811,0.0,icmp,1593282600,2020-06-27 18:30:00+00:00
280823381,jinan-telecom,wuhan-telecom,40.9003,0.0,icmp,1593282720,2020-06-27 18:32:00+00:00
280823581,jinan-telecom,wuhan-telecom,43.3512,0.0,icmp,1593282840,2020-06-27 18:34:00+00:00
280823821,jinan-telecom,wuhan-telecom,36.3086,0.0,icmp,1593282960,2020-06-27 18:36:00+00:00
280824045,jinan-telecom,wuhan-telecom,33.3979,0.0,icmp,1593283039,2020-06-27 18:37:19+00:00
280824286,jinan-telecom,wuhan-telecom,43.3486,0.0,icmp,1593283200,2020-06-27 18:40:00+00:00
280824484,jinan-telecom,wuhan-telecom,33.2182,0.0,icmp,1593283279,2020-06-27 18:41:19+00:00
280824712,jinan-telecom,wuhan-telecom,34.3155,0.0,icmp,1593283440,2020-06-27 18:44:00+00:00
280824943,jinan-telecom,wuhan-telecom,42.0685,0.0,icmp,1593283560,2020-06-27 18:46:00+00:00
280825163,jinan-telecom,wuhan-telecom,42.2389,0.0,icmp,1593283680,2020-06-27 18:48:00+00:00
280825388,jinan-telecom,wuhan-telecom,43.6741,0.0,icmp,1593283800,2020-06-27 18:50:00+00:00
280825611,jinan-telecom,wuhan-telecom,33.4699,0.0,icmp,1593283939,2020-06-27 18:52:19+00:00
280825859,jinan-telecom,wuhan-telecom,39.625,0.0,icmp,1593284040,2020-06-27 18:54:00+00:00
280826070,jinan-telecom,wuhan-telecom,33.2283,0.0,icmp,1593284119,2020-06-27 18:55:19+00:00
280826292,jinan-telecom,wuhan-telecom,43.1347,0.0,icmp,1593284280,2020-06-27 18:58:00+00:00
280826536,jinan-telecom,wuhan-telecom,41.5764,0.0,icmp,1593284400,2020-06-27 19:00:00+00:00
280826746,jinan-telecom,wuhan-telecom,42.228,0.0,icmp,1593284520,2020-06-27 19:02:00+00:00
280826947,jinan-telecom,wuhan-telecom,42.2498,0.0,icmp,1593284640,2020-06-27 19:04:00+00:00
280827175,jinan-telecom,wuhan-telecom,42.5908,0.0,icmp,1593284760,2020-06-27 19:06:00+00:00
280827402,jinan-telecom,wuhan-telecom,40.16,0.0,icmp,1593284880,2020-06-27 19:08:00+00:00
280827639,jinan-telecom,wuhan-telecom,42.9391,0.0,icmp,1593285000,2020-06-27 19:10:00+00:00
280827868,jinan-telecom,wuhan-telecom,41.8855,0.0,icmp,1593285120,2020-06-27 19:12:00+00:00
280828105,jinan-telecom,wuhan-telecom,44.1608,0.0,icmp,1593285240,2020-06-27 19:14:00+00:00
280828314,jinan-telecom,wuhan-telecom,42.4791,0.0,icmp,1593285360,2020-06-27 19:16:00+00:00
280828530,jinan-telecom,wuhan-telecom,33.1738,0.0,icmp,1593285499,2020-06-27 19:18:19+00:00
280828762,jinan-telecom,wuhan-telecom,43.3633,0.0,icmp,1593285600,2020-06-27 19:20:00+00:00
280828999,jinan-telecom,wuhan-telecom,41.3689,0.0,icmp,1593285720,2020-06-27 19:22:00+00:00
280829212,jinan-telecom,wuhan-telecom,35.4876,0.0,icmp,1593285784,2020-06-27 19:23:04+00:00
280829439,jinan-telecom,wuhan-telecom,33.2145,0.0,icmp,1593285964,2020-06-27 19:26:04+00:00
280829656,jinan-telecom,wuhan-telecom,44.2213,0.0,icmp,1593286080,2020-06-27 19:28:00+00:00
280829876,jinan-telecom,wuhan-telecom,43.3794,0.0,icmp,1593286200,2020-06-27 19:30:00+00:00
280830100,jinan-telecom,wuhan-telecom,40.371,0.0,icmp,1593286320,2020-06-27 19:32:00+00:00
280830330,jinan-telecom,wuhan-telecom,42.4313,0.0,icmp,1593286440,2020-06-27 19:34:00+00:00
280830546,jinan-telecom,wuhan-telecom,36.5606,0.0,icmp,1593286560,2020-06-27 19:36:00+00:00
280830805,jinan-telecom,wuhan-telecom,41.6547,0.0,icmp,1593286680,2020-06-27 19:38:00+00:00
280830999,jinan-telecom,wuhan-telecom,35.1057,0.0,icmp,1593286800,2020-06-27 19:40:00+00:00
280831233,jinan-telecom,wuhan-telecom,43.1991,0.0,icmp,1593286920,2020-06-27 19:42:00+00:00
280831454,jinan-telecom,wuhan-telecom,42.7785,0.0,icmp,1593287040,2020-06-27 19:44:00+00:00
280831699,jinan-telecom,wuhan-telecom,33.2302,0.0,icmp,1593287179,2020-06-27 19:46:19+00:00
280831901,jinan-telecom,wuhan-telecom,43.8079,0.0,icmp,1593287280,2020-06-27 19:48:00+00:00
280832135,jinan-telecom,wuhan-telecom,43.3516,0.0,icmp,1593287400,2020-06-27 19:50:00+00:00
280832361,jinan-telecom,wuhan-telecom,34.2093,0.0,icmp,1593287520,2020-06-27 19:52:00+00:00
280832583,jinan-telecom,wuhan-telecom,33.3603,0.0,icmp,1593287599,2020-06-27 19:53:19+00:00
280832801,jinan-telecom,wuhan-telecom,33.0917,0.0,icmp,1593287779,2020-06-27 19:56:19+00:00
280833028,jinan-telecom,wuhan-telecom,33.4129,0.0,icmp,1593287899,2020-06-27 19:58:19+00:00
280833248,jinan-telecom,wuhan-telecom,33.1217,0.0,icmp,1593288019,2020-06-27 20:00:19+00:00
280833499,jinan-telecom,wuhan-telecom,43.2104,0.0,icmp,1593288120,2020-06-27 20:02:00+00:00
280833737,jinan-telecom,wuhan-telecom,33.1037,0.0,icmp,1593288199,2020-06-27 20:03:19+00:00
280833958,jinan-telecom,wuhan-telecom,43.3612,0.0,icmp,1593288360,2020-06-27 20:06:00+00:00
280834171,jinan-telecom,wuhan-telecom,41.0253,0.0,icmp,1593288480,2020-06-27 20:08:00+00:00
280834362,jinan-telecom,wuhan-telecom,43.2407,0.0,icmp,1593288600,2020-06-27 20:10:00+00:00
280834591,jinan-telecom,wuhan-telecom,33.3737,0.0,icmp,1593288725,2020-06-27 20:12:05+00:00
280834846,jinan-telecom,wuhan-telecom,43.4736,0.0,icmp,1593288840,2020-06-27 20:14:00+00:00
280835056,jinan-telecom,wuhan-telecom,33.5366,0.0,icmp,1593288960,2020-06-27 20:16:00+00:00
280835277,jinan-telecom,wuhan-telecom,43.5119,0.0,icmp,1593289080,2020-06-27 20:18:00+00:00
280835532,jinan-telecom,wuhan-telecom,33.9286,0.0,icmp,1593289200,2020-06-27 20:20:00+00:00
280835731,jinan-telecom,wuhan-telecom,33.2892,0.0,icmp,1593289325,2020-06-27 20:22:05+00:00
280835970,jinan-telecom,wuhan-telecom,45.5848,0.0,icmp,1593289440,2020-06-27 20:24:00+00:00
280836176,jinan-telecom,wuhan-telecom,33.4825,0.0,icmp,1593289519,2020-06-27 20:25:19+00:00
280836410,jinan-telecom,wuhan-telecom,43.0595,0.0,icmp,1593289680,2020-06-27 20:28:00+00:00
280836637,jinan-telecom,wuhan-telecom,33.0991,0.0,icmp,1593289759,2020-06-27 20:29:19+00:00
280836861,jinan-telecom,wuhan-telecom,40.6567,0.0,icmp,1593289920,2020-06-27 20:32:00+00:00
280837103,jinan-telecom,wuhan-telecom,40.8959,0.0,icmp,1593290040,2020-06-27 20:34:00+00:00
280837306,jinan-telecom,wuhan-telecom,33.0991,0.0,icmp,1593290119,2020-06-27 20:35:19+00:00
280837534,jinan-telecom,wuhan-telecom,40.4018,0.0,icmp,1593290280,2020-06-27 20:38:00+00:00
280837772,jinan-telecom,wuhan-telecom,41.1971,0.0,icmp,1593290400,2020-06-27 20:40:00+00:00
280837998,jinan-telecom,wuhan-telecom,37.4633,0.0,icmp,1593290520,2020-06-27 20:42:00+00:00
280838185,jinan-telecom,wuhan-telecom,33.1235,0.0,icmp,1593290599,2020-06-27 20:43:19+00:00
280838410,jinan-telecom,wuhan-telecom,39.8241,0.0,icmp,1593290760,2020-06-27 20:46:00+00:00
280838660,jinan-telecom,wuhan-telecom,43.9919,0.0,icmp,1593290880,2020-06-27 20:48:00+00:00
280838882,jinan-telecom,wuhan-telecom,41.6694,0.0,icmp,1593291000,2020-06-27 20:50:00+00:00
280839118,jinan-telecom,wuhan-telecom,39.3402,0.0,icmp,1593291079,2020-06-27 20:51:19+00:00
280839327,jinan-telecom,wuhan-telecom,46.4563,0.0,icmp,1593291240,2020-06-27 20:54:00+00:00
280839560,jinan-telecom,wuhan-telecom,39.287,0.0,icmp,1593291319,2020-06-27 20:55:19+00:00
280839791,jinan-telecom,wuhan-telecom,45.3699,0.0,icmp,1593291480,2020-06-27 20:58:00+00:00
280840014,jinan-telecom,wuhan-telecom,45.9749,0.0,icmp,1593291600,2020-06-27 21:00:00+00:00
280840236,jinan-telecom,wuhan-telecom,47.9499,0.0,icmp,1593291720,2020-06-27 21:02:00+00:00
280840479,jinan-telecom,wuhan-telecom,47.1371,0.0,icmp,1593291840,2020-06-27 21:04:00+00:00
280840701,jinan-telecom,wuhan-telecom,47.2677,0.0,icmp,1593291960,2020-06-27 21:06:00+00:00
280840911,jinan-telecom,wuhan-telecom,47.5469,0.0,icmp,1593292080,2020-06-27 21:08:00+00:00
280841139,jinan-telecom,wuhan-telecom,39.5773,0.0,icmp,1593292219,2020-06-27 21:10:19+00:00
280841341,jinan-telecom,wuhan-telecom,48.0521,0.0,icmp,1593292320,2020-06-27 21:12:00+00:00
280841568,jinan-telecom,wuhan-telecom,46.5303,0.0,icmp,1593292440,2020-06-27 21:14:00+00:00
280841807,jinan-telecom,wuhan-telecom,44.9907,0.0,icmp,1593292560,2020-06-27 21:16:00+00:00
280842029,jinan-telecom,wuhan-telecom,47.9728,0.0,icmp,1593292680,2020-06-27 21:18:00+00:00
280842279,jinan-telecom,wuhan-telecom,47.1147,0.0,icmp,1593292800,2020-06-27 21:20:00+00:00
280842477,jinan-telecom,wuhan-telecom,46.1585,0.0,icmp,1593292920,2020-06-27 21:22:00+00:00
280842715,jinan-telecom,wuhan-telecom,39.6102,0.0,icmp,1593292999,2020-06-27 21:23:19+00:00
280842930,jinan-telecom,wuhan-telecom,47.4321,0.0,icmp,1593293160,2020-06-27 21:26:00+00:00
280843163,jinan-telecom,wuhan-telecom,39.4133,0.0,icmp,1593293299,2020-06-27 21:28:19+00:00
280843393,jinan-telecom,wuhan-telecom,39.3325,0.0,icmp,1593293419,2020-06-27 21:30:19+00:00
280843633,jinan-telecom,wuhan-telecom,41.7248,0.0,icmp,1593293520,2020-06-27 21:32:00+00:00
280843844,jinan-telecom,wuhan-telecom,49.1924,0.0,icmp,1593293640,2020-06-27 21:34:00+00:00
280844055,jinan-telecom,wuhan-telecom,47.616,0.0,icmp,1593293760,2020-06-27 21:36:00+00:00
280844269,jinan-telecom,wuhan-telecom,39.4088,0.0,icmp,1593293839,2020-06-27 21:37:19+00:00
280844506,jinan-telecom,wuhan-telecom,46.9194,0.0,icmp,1593294000,2020-06-27 21:40:00+00:00
280844743,jinan-telecom,wuhan-telecom,45.9118,0.0,icmp,1593294120,2020-06-27 21:42:00+00:00
280844965,jinan-telecom,wuhan-telecom,47.6107,0.0,icmp,1593294240,2020-06-27 21:44:00+00:00
280845182,jinan-telecom,wuhan-telecom,47.1421,0.0,icmp,1593294360,2020-06-27 21:46:00+00:00
280845392,jinan-telecom,wuhan-telecom,48.0179,0.0,icmp,1593294480,2020-06-27 21:48:00+00:00
280845637,jinan-telecom,wuhan-telecom,39.3754,0.0,icmp,1593294559,2020-06-27 21:49:19+00:00
280845850,jinan-telecom,wuhan-telecom,46.4763,0.0,icmp,1593294720,2020-06-27 21:52:00+00:00
280846088,jinan-telecom,wuhan-telecom,44.1938,0.0,icmp,1593294840,2020-06-27 21:54:00+00:00
280846301,jinan-telecom,wuhan-telecom,47.4627,0.0,icmp,1593294960,2020-06-27 21:56:00+00:00
280846546,jinan-telecom,wuhan-telecom,45.6394,0.0,icmp,1593295080,2020-06-27 21:58:00+00:00
280846762,jinan-telecom,wuhan-telecom,39.5123,0.0,icmp,1593295204,2020-06-27 22:00:04+00:00
280846986,jinan-telecom,wuhan-telecom,46.4736,0.0,icmp,1593295320,2020-06-27 22:02:00+00:00
280847200,jinan-telecom,wuhan-telecom,39.3677,0.0,icmp,1593295399,2020-06-27 22:03:19+00:00
280847448,jinan-telecom,wuhan-telecom,39.3588,0.0,icmp,1593295519,2020-06-27 22:05:19+00:00
280847666,jinan-telecom,wuhan-telecom,47.3435,0.0,icmp,1593295680,2020-06-27 22:08:00+00:00
280847906,jinan-telecom,wuhan-telecom,48.4028,0.0,icmp,1593295800,2020-06-27 22:10:00+00:00
280848123,jinan-telecom,wuhan-telecom,46.1935,0.0,icmp,1593295920,2020-06-27 22:12:00+00:00
280848339,jinan-telecom,wuhan-telecom,39.379,0.0,icmp,1593295999,2020-06-27 22:13:19+00:00
280848566,jinan-telecom,wuhan-telecom,46.4972,0.0,icmp,1593296160,2020-06-27 22:16:00+00:00
280848796,jinan-telecom,wuhan-telecom,39.5776,0.0,icmp,1593296239,2020-06-27 22:17:19+00:00
280849021,jinan-telecom,wuhan-telecom,39.6676,0.0,icmp,1593296359,2020-06-27 22:19:19+00:00
280849252,jinan-telecom,wuhan-telecom,39.3253,0.0,icmp,1593296539,2020-06-27 22:22:19+00:00
280849457,jinan-telecom,wuhan-telecom,48.3556,0.0,icmp,1593296640,2020-06-27 22:24:00+00:00
280849702,jinan-telecom,wuhan-telecom,48.7538,0.0,icmp,1593296760,2020-06-27 22:26:00+00:00
280849921,jinan-telecom,wuhan-telecom,50.2718,0.0,icmp,1593296880,2020-06-27 22:28:00+00:00
280850127,jinan-telecom,wuhan-telecom,40.4292,0.0,icmp,1593297000,2020-06-27 22:30:00+00:00
280850351,jinan-telecom,wuhan-telecom,45.4403,0.0,icmp,1593297120,2020-06-27 22:32:00+00:00
280850582,jinan-telecom,wuhan-telecom,39.3306,0.0,icmp,1593297259,2020-06-27 22:34:19+00:00
280850829,jinan-telecom,wuhan-telecom,47.3115,0.0,icmp,1593297360,2020-06-27 22:36:00+00:00
285075352,jinan-telecom,wuhan-telecom,45.2612,0.0,icmp,1593499620,2020-06-30 06:47:00+00:00
285075602,jinan-telecom,wuhan-telecom,39.585,0.0,icmp,1593499684,2020-06-30 06:48:04+00:00
285075844,jinan-telecom,wuhan-telecom,46.5972,0.0,icmp,1593499860,2020-06-30 06:51:00+00:00
285076029,jinan-telecom,wuhan-telecom,42.7294,0.0,icmp,1593499980,2020-06-30 06:53:00+00:00
285076252,jinan-telecom,wuhan-telecom,47.1857,0.0,icmp,1593500100,2020-06-30 06:55:00+00:00
285076483,jinan-telecom,wuhan-telecom,41.7804,0.0,icmp,1593500220,2020-06-30 06:57:00+00:00
285076718,jinan-telecom,wuhan-telecom,39.4396,0.0,icmp,1593500299,2020-06-30 06:58:19+00:00
285076945,jinan-telecom,wuhan-telecom,47.473,0.0,icmp,1593500460,2020-06-30 07:01:00+00:00
285077188,jinan-telecom,wuhan-telecom,39.45,0.0,icmp,1593500599,2020-06-30 07:03:19+00:00
285077384,jinan-telecom,wuhan-telecom,50.1427,0.0,icmp,1593500700,2020-06-30 07:05:00+00:00
285077619,jinan-telecom,wuhan-telecom,39.611,0.0,icmp,1593500779,2020-06-30 07:06:19+00:00
285077838,jinan-telecom,wuhan-telecom,42.1556,0.0,icmp,1593500884,2020-06-30 07:08:04+00:00
285078092,jinan-telecom,wuhan-telecom,46.4914,0.0,icmp,1593501060,2020-06-30 07:11:00+00:00
285078319,jinan-telecom,wuhan-telecom,48.2183,0.0,icmp,1593501180,2020-06-30 07:13:00+00:00
285078531,jinan-telecom,wuhan-telecom,48.5396,0.0,icmp,1593501300,2020-06-30 07:15:00+00:00
285078738,jinan-telecom,wuhan-telecom,39.5035,0.0,icmp,1593501379,2020-06-30 07:16:19+00:00
285078968,jinan-telecom,wuhan-telecom,46.1801,0.0,icmp,1593501540,2020-06-30 07:19:00+00:00
285079213,jinan-telecom,wuhan-telecom,47.5035,0.0,icmp,1593501660,2020-06-30 07:21:00+00:00
285079417,jinan-telecom,wuhan-telecom,39.6219,0.0,icmp,1593501739,2020-06-30 07:22:19+00:00
285079655,jinan-telecom,wuhan-telecom,46.6415,0.0,icmp,1593501900,2020-06-30 07:25:00+00:00
285079850,jinan-telecom,wuhan-telecom,48.3956,0.0,icmp,1593502020,2020-06-30 07:27:00+00:00
285080071,jinan-telecom,wuhan-telecom,39.5499,0.0,icmp,1593502084,2020-06-30 07:28:04+00:00
285080305,jinan-telecom,wuhan-telecom,46.5535,0.0,icmp,1593502260,2020-06-30 07:31:00+00:00
285080547,jinan-telecom,wuhan-telecom,40.2677,0.0,icmp,1593502380,2020-06-30 07:33:00+00:00
285080745,jinan-telecom,wuhan-telecom,39.4366,0.0,icmp,1593502459,2020-06-30 07:34:19+00:00
285080991,jinan-telecom,wuhan-telecom,45.3347,0.0,icmp,1593502620,2020-06-30 07:37:00+00:00
285081204,jinan-telecom,wuhan-telecom,48.0057,0.0,icmp,1593502740,2020-06-30 07:39:00+00:00
285081427,jinan-telecom,wuhan-telecom,39.4703,0.0,icmp,1593502819,2020-06-30 07:40:19+00:00
285081685,jinan-telecom,wuhan-telecom,39.5137,0.0,icmp,1593502999,2020-06-30 07:43:19+00:00
285081934,jinan-telecom,wuhan-telecom,39.5199,0.0,icmp,1593503119,2020-06-30 07:45:19+00:00
285082130,jinan-telecom,wuhan-telecom,39.4679,0.0,icmp,1593503239,2020-06-30 07:47:19+00:00
285082340,jinan-telecom,wuhan-telecom,43.984,0.0,icmp,1593503340,2020-06-30 07:49:00+00:00
285082551,jinan-telecom,wuhan-telecom,46.3985,0.0,icmp,1593503460,2020-06-30 07:51:00+00:00
285082790,jinan-telecom,wuhan-telecom,46.6969,0.0,icmp,1593503580,2020-06-30 07:53:00+00:00
285082993,jinan-telecom,wuhan-telecom,47.4585,0.0,icmp,1593503700,2020-06-30 07:55:00+00:00
285083131,jinan-telecom,wuhan-telecom,47.781,0.0,icmp,1593503820,2020-06-30 07:57:00+00:00
285083524,jinan-telecom,wuhan-telecom,45.4432,0.0,icmp,1593503940,2020-06-30 07:59:00+00:00
285083630,jinan-telecom,wuhan-telecom,42.415,0.0,icmp,1593504060,2020-06-30 08:01:00+00:00
285083909,jinan-telecom,wuhan-telecom,39.4738,0.0,icmp,1593504139,2020-06-30 08:02:19+00:00
285084179,jinan-telecom,wuhan-telecom,39.5444,0.0,icmp,1593504259,2020-06-30 08:04:19+00:00
285084365,jinan-telecom,wuhan-telecom,39.4815,0.0,icmp,1593504379,2020-06-30 08:06:19+00:00
285084610,jinan-telecom,wuhan-telecom,39.4706,0.0,icmp,1593504559,2020-06-30 08:09:19+00:00
285084684,jinan-telecom,wuhan-telecom,43.9684,0.0,icmp,1593504660,2020-06-30 08:11:00+00:00
285085083,jinan-telecom,wuhan-telecom,47.5328,0.0,icmp,1593504780,2020-06-30 08:13:00+00:00
285085305,jinan-telecom,wuhan-telecom,39.4716,0.0,icmp,1593504859,2020-06-30 08:14:19+00:00
285085550,jinan-telecom,wuhan-telecom,43.7651,0.0,icmp,1593505020,2020-06-30 08:17:00+00:00
285085748,jinan-telecom,wuhan-telecom,39.4494,0.0,icmp,1593505159,2020-06-30 08:19:19+00:00
285085921,jinan-telecom,wuhan-telecom,46.1335,0.0,icmp,1593505260,2020-06-30 08:21:00+00:00
285086222,jinan-telecom,wuhan-telecom,45.6368,0.0,icmp,1593505380,2020-06-30 08:23:00+00:00
285086462,jinan-telecom,wuhan-telecom,39.4583,0.0,icmp,1593505519,2020-06-30 08:25:19+00:00
285086544,jinan-telecom,wuhan-telecom,47.3714,0.0,icmp,1593505620,2020-06-30 08:27:00+00:00
285086791,jinan-telecom,wuhan-telecom,46.7428,0.0,icmp,1593505740,2020-06-30 08:29:00+00:00
285087087,jinan-telecom,wuhan-telecom,39.5372,0.0,icmp,1593505819,2020-06-30 08:30:19+00:00
285087236,jinan-telecom,wuhan-telecom,39.8313,0.0,icmp,1593505980,2020-06-30 08:33:00+00:00
285087461,jinan-telecom,wuhan-telecom,47.299,0.0,icmp,1593506100,2020-06-30 08:35:00+00:00
285087724,jinan-telecom,wuhan-telecom,48.224,0.0,icmp,1593506220,2020-06-30 08:37:00+00:00
285087945,jinan-telecom,wuhan-telecom,47.7049,0.0,icmp,1593506340,2020-06-30 08:39:00+00:00
285088197,jinan-telecom,wuhan-telecom,39.431,0.0,icmp,1593506419,2020-06-30 08:40:19+00:00
285088462,jinan-telecom,wuhan-telecom,39.7605,0.0,icmp,1593506539,2020-06-30 08:42:19+00:00
285088686,jinan-telecom,wuhan-telecom,39.4926,0.0,icmp,1593506719,2020-06-30 08:45:19+00:00
285088859,jinan-telecom,wuhan-telecom,48.1754,0.0,icmp,1593506820,2020-06-30 08:47:00+00:00
285089081,jinan-telecom,wuhan-telecom,46.5096,0.0,icmp,1593506940,2020-06-30 08:49:00+00:00
285089336,jinan-telecom,wuhan-telecom,46.0003,0.0,icmp,1593507060,2020-06-30 08:51:00+00:00
285089522,jinan-telecom,wuhan-telecom,47.4323,0.0,icmp,1593507180,2020-06-30 08:53:00+00:00
285089769,jinan-telecom,wuhan-telecom,39.466,0.0,icmp,1593507259,2020-06-30 08:54:19+00:00
285090014,jinan-telecom,wuhan-telecom,46.988,0.0,icmp,1593507420,2020-06-30 08:57:00+00:00
285090221,jinan-telecom,wuhan-telecom,46.8291,0.0,icmp,1593507540,2020-06-30 08:59:00+00:00
285090428,jinan-telecom,wuhan-telecom,39.6329,0.0,icmp,1593507679,2020-06-30 09:01:19+00:00
285090654,jinan-telecom,wuhan-telecom,30.8419,0.0,icmp,1593507799,2020-06-30 09:03:19+00:00
285090869,jinan-telecom,wuhan-telecom,46.9242,0.0,icmp,1593507900,2020-06-30 09:05:00+00:00
285091104,jinan-telecom,wuhan-telecom,39.6688,0.0,icmp,1593508039,2020-06-30 09:07:19+00:00
285091325,jinan-telecom,wuhan-telecom,47.9459,0.0,icmp,1593508140,2020-06-30 09:09:00+00:00
285091585,jinan-telecom,wuhan-telecom,47.4059,0.0,icmp,1593508260,2020-06-30 09:11:00+00:00
285091810,jinan-telecom,wuhan-telecom,47.5569,0.0,icmp,1593508380,2020-06-30 09:13:00+00:00
285092011,jinan-telecom,wuhan-telecom,47.3622,0.0,icmp,1593508500,2020-06-30 09:15:00+00:00
285092243,jinan-telecom,wuhan-telecom,46.1042,0.0,icmp,1593508620,2020-06-30 09:17:00+00:00
285092483,jinan-telecom,wuhan-telecom,47.2088,0.0,icmp,1593508740,2020-06-30 09:19:00+00:00
285092681,jinan-telecom,wuhan-telecom,39.7574,0.0,icmp,1593508804,2020-06-30 09:20:04+00:00
285092921,jinan-telecom,wuhan-telecom,48.3938,0.0,icmp,1593508980,2020-06-30 09:23:00+00:00
285093139,jinan-telecom,wuhan-telecom,45.8151,0.0,icmp,1593509100,2020-06-30 09:25:00+00:00
285093404,jinan-telecom,wuhan-telecom,46.8241,0.0,icmp,1593509220,2020-06-30 09:27:00+00:00
285093601,jinan-telecom,wuhan-telecom,39.7268,0.0,icmp,1593509359,2020-06-30 09:29:19+00:00
285093820,jinan-telecom,wuhan-telecom,47.0075,0.0,icmp,1593509460,2020-06-30 09:31:00+00:00
285094048,jinan-telecom,wuhan-telecom,39.5956,0.0,icmp,1593509599,2020-06-30 09:33:19+00:00
285094244,jinan-telecom,wuhan-telecom,45.2018,0.0,icmp,1593509700,2020-06-30 09:35:00+00:00
285094635,jinan-telecom,wuhan-telecom,48.6745,0.0,icmp,1593509820,2020-06-30 09:37:00+00:00
285094819,jinan-telecom,wuhan-telecom,47.8886,0.0,icmp,1593509940,2020-06-30 09:39:00+00:00
285094893,jinan-telecom,wuhan-telecom,39.7406,0.0,icmp,1593510019,2020-06-30 09:40:19+00:00
285095219,jinan-telecom,wuhan-telecom,47.2904,0.0,icmp,1593510180,2020-06-30 09:43:00+00:00
285095425,jinan-telecom,wuhan-telecom,47.3278,0.0,icmp,1593510300,2020-06-30 09:45:00+00:00
285095531,jinan-telecom,wuhan-telecom,47.12,0.0,icmp,1593510420,2020-06-30 09:47:00+00:00
285095893,jinan-telecom,wuhan-telecom,48.6509,0.0,icmp,1593510540,2020-06-30 09:49:00+00:00
285096083,jinan-telecom,wuhan-telecom,47.167,0.0,icmp,1593510660,2020-06-30 09:51:00+00:00
285096325,jinan-telecom,wuhan-telecom,47.5543,0.0,icmp,1593510780,2020-06-30 09:53:00+00:00
285096543,jinan-telecom,wuhan-telecom,49.7299,0.0,icmp,1593510900,2020-06-30 09:55:00+00:00
285096748,jinan-telecom,wuhan-telecom,47.8636,0.0,icmp,1593511020,2020-06-30 09:57:00+00:00
285096965,jinan-telecom,wuhan-telecom,47.2213,0.0,icmp,1593511140,2020-06-30 09:59:00+00:00
285097188,jinan-telecom,wuhan-telecom,46.7591,0.0,icmp,1593511260,2020-06-30 10:01:00+00:00
285097430,jinan-telecom,wuhan-telecom,39.6095,0.0,icmp,1593511339,2020-06-30 10:02:19+00:00
285097635,jinan-telecom,wuhan-telecom,39.6242,0.0,icmp,1593511459,2020-06-30 10:04:19+00:00
285097883,jinan-telecom,wuhan-telecom,48.5956,0.0,icmp,1593511620,2020-06-30 10:07:00+00:00
285098091,jinan-telecom,wuhan-telecom,41.635,0.0,icmp,1593511740,2020-06-30 10:09:00+00:00
285098310,jinan-telecom,wuhan-telecom,39.5539,0.0,icmp,1593511804,2020-06-30 10:10:04+00:00
285098530,jinan-telecom,wuhan-telecom,39.4446,0.0,icmp,1593511999,2020-06-30 10:13:19+00:00
285098770,jinan-telecom,wuhan-telecom,47.4403,0.0,icmp,1593512100,2020-06-30 10:15:00+00:00
285098984,jinan-telecom,wuhan-telecom,39.5197,0.0,icmp,1593512179,2020-06-30 10:16:19+00:00
285099212,jinan-telecom,wuhan-telecom,42.6468,0.0,icmp,1593512340,2020-06-30 10:19:00+00:00
285099453,jinan-telecom,wuhan-telecom,46.7509,0.0,icmp,1593512460,2020-06-30 10:21:00+00:00
285099661,jinan-telecom,wuhan-telecom,39.4839,0.0,icmp,1593512599,2020-06-30 10:23:19+00:00
285099899,jinan-telecom,wuhan-telecom,45.5413,0.0,icmp,1593512700,2020-06-30 10:25:00+00:00
285100121,jinan-telecom,wuhan-telecom,46.2241,0.0,icmp,1593512820,2020-06-30 10:27:00+00:00
285100343,jinan-telecom,wuhan-telecom,46.6306,0.0,icmp,1593512940,2020-06-30 10:29:00+00:00
285100555,jinan-telecom,wuhan-telecom,48.5361,0.0,icmp,1593513060,2020-06-30 10:31:00+00:00
285100784,jinan-telecom,wuhan-telecom,47.9535,0.0,icmp,1593513180,2020-06-30 10:33:00+00:00
285101005,jinan-telecom,wuhan-telecom,43.387,0.0,icmp,1593513300,2020-06-30 10:35:00+00:00
285101244,jinan-telecom,wuhan-telecom,47.3271,0.0,icmp,1593513420,2020-06-30 10:37:00+00:00
285101464,jinan-telecom,wuhan-telecom,39.4743,0.0,icmp,1593513499,2020-06-30 10:38:19+00:00
285101688,jinan-telecom,wuhan-telecom,49.2113,0.0,icmp,1593513660,2020-06-30 10:41:00+00:00
285101909,jinan-telecom,wuhan-telecom,45.8922,0.0,icmp,1593513780,2020-06-30 10:43:00+00:00
285102138,jinan-telecom,wuhan-telecom,41.1057,0.0,icmp,1593513900,2020-06-30 10:45:00+00:00
285102356,jinan-telecom,wuhan-telecom,46.2386,0.0,icmp,1593514020,2020-06-30 10:47:00+00:00
285102583,jinan-telecom,wuhan-telecom,46.4452,0.0,icmp,1593514140,2020-06-30 10:49:00+00:00
285102823,jinan-telecom,wuhan-telecom,39.487,0.0,icmp,1593514219,2020-06-30 10:50:19+00:00
285103043,jinan-telecom,wuhan-telecom,39.5043,0.0,icmp,1593514399,2020-06-30 10:53:19+00:00
285103250,jinan-telecom,wuhan-telecom,48.0341,0.0,icmp,1593514500,2020-06-30 10:55:00+00:00
285103492,jinan-telecom,wuhan-telecom,39.5554,0.0,icmp,1593514564,2020-06-30 10:56:04+00:00
285103718,jinan-telecom,wuhan-telecom,47.7375,0.0,icmp,1593514740,2020-06-30 10:59:00+00:00
285103940,jinan-telecom,wuhan-telecom,39.6317,0.0,icmp,1593514819,2020-06-30 11:00:19+00:00
285104155,jinan-telecom,wuhan-telecom,39.4391,0.0,icmp,1593514939,2020-06-30 11:02:19+00:00
285104377,jinan-telecom,wuhan-telecom,39.5141,0.0,icmp,1593515059,2020-06-30 11:04:19+00:00
285104616,jinan-telecom,wuhan-telecom,46.7798,0.0,icmp,1593515220,2020-06-30 11:07:00+00:00
285104847,jinan-telecom,wuhan-telecom,49.2236,0.0,icmp,1593515340,2020-06-30 11:09:00+00:00
285105057,jinan-telecom,wuhan-telecom,48.3712,0.0,icmp,1593515460,2020-06-30 11:11:00+00:00
285105293,jinan-telecom,wuhan-telecom,47.7349,0.0,icmp,1593515580,2020-06-30 11:13:00+00:00
285105533,jinan-telecom,wuhan-telecom,48.6837,0.0,icmp,1593515700,2020-06-30 11:15:00+00:00
285105726,jinan-telecom,wuhan-telecom,47.1153,0.0,icmp,1593515820,2020-06-30 11:17:00+00:00
285105962,jinan-telecom,wuhan-telecom,47.0594,0.0,icmp,1593515940,2020-06-30 11:19:00+00:00
285106187,jinan-telecom,wuhan-telecom,39.4635,0.0,icmp,1593516019,2020-06-30 11:20:19+00:00
285106414,jinan-telecom,wuhan-telecom,39.6536,0.0,icmp,1593516199,2020-06-30 11:23:19+00:00
285106641,jinan-telecom,wuhan-telecom,42.7835,0.0,icmp,1593516300,2020-06-30 11:25:00+00:00
285106853,jinan-telecom,wuhan-telecom,49.7979,0.0,icmp,1593516420,2020-06-30 11:27:00+00:00
285107078,jinan-telecom,wuhan-telecom,46.1404,0.0,icmp,1593516540,2020-06-30 11:29:00+00:00
285107325,jinan-telecom,wuhan-telecom,46.2472,0.0,icmp,1593516660,2020-06-30 11:31:00+00:00
285107538,jinan-telecom,wuhan-telecom,46.976,0.0,icmp,1593516780,2020-06-30 11:33:00+00:00
285107766,jinan-telecom,wuhan-telecom,47.9661,0.0,icmp,1593516900,2020-06-30 11:35:00+00:00
285107997,jinan-telecom,wuhan-telecom,46.942,0.0,icmp,1593517020,2020-06-30 11:37:00+00:00
285108216,jinan-telecom,wuhan-telecom,42.6232,0.0,icmp,1593517140,2020-06-30 11:39:00+00:00
285108432,jinan-telecom,wuhan-telecom,50.3551,0.0,icmp,1593517260,2020-06-30 11:41:00+00:00
285108673,jinan-telecom,wuhan-telecom,48.7306,0.0,icmp,1593517380,2020-06-30 11:43:00+00:00
285108890,jinan-telecom,wuhan-telecom,43.1942,0.0,icmp,1593517500,2020-06-30 11:45:00+00:00
285109123,jinan-telecom,wuhan-telecom,46.3694,0.0,icmp,1593517620,2020-06-30 11:47:00+00:00
285109350,jinan-telecom,wuhan-telecom,39.4371,0.0,icmp,1593517699,2020-06-30 11:48:19+00:00
285109559,jinan-telecom,wuhan-telecom,39.6789,0.0,icmp,1593517860,2020-06-30 11:51:00+00:00
285109770,jinan-telecom,wuhan-telecom,46.4158,0.0,icmp,1593517980,2020-06-30 11:53:00+00:00
285110016,jinan-telecom,wuhan-telecom,42.1972,0.0,icmp,1593518044,2020-06-30 11:54:04+00:00
285110256,jinan-telecom,wuhan-telecom,46.928,0.0,icmp,1593518220,2020-06-30 11:57:00+00:00
285110450,jinan-telecom,wuhan-telecom,44.1289,0.0,icmp,1593518340,2020-06-30 11:59:00+00:00
285110703,jinan-telecom,wuhan-telecom,46.2523,0.0,icmp,1593518460,2020-06-30 12:01:00+00:00
285110920,jinan-telecom,wuhan-telecom,48.1596,0.0,icmp,1593518580,2020-06-30 12:03:00+00:00
285111137,jinan-telecom,wuhan-telecom,46.8859,0.0,icmp,1593518700,2020-06-30 12:05:00+00:00
285111374,jinan-telecom,wuhan-telecom,48.2006,0.0,icmp,1593518820,2020-06-30 12:07:00+00:00
285111584,jinan-telecom,wuhan-telecom,39.5116,0.0,icmp,1593518899,2020-06-30 12:08:19+00:00
285111800,jinan-telecom,wuhan-telecom,48.0927,0.0,icmp,1593519060,2020-06-30 12:11:00+00:00
285112030,jinan-telecom,wuhan-telecom,46.6899,0.0,icmp,1593519180,2020-06-30 12:13:00+00:00
285112254,jinan-telecom,wuhan-telecom,45.9517,0.0,icmp,1593519300,2020-06-30 12:15:00+00:00
285112494,jinan-telecom,wuhan-telecom,39.5245,0.0,icmp,1593519379,2020-06-30 12:16:19+00:00
285112715,jinan-telecom,wuhan-telecom,39.8639,0.0,icmp,1593519540,2020-06-30 12:19:00+00:00
285112929,jinan-telecom,wuhan-telecom,42.7793,0.0,icmp,1593519660,2020-06-30 12:21:00+00:00
285113174,jinan-telecom,wuhan-telecom,46.0443,0.0,icmp,1593519780,2020-06-30 12:23:00+00:00
285113381,jinan-telecom,wuhan-telecom,47.5322,0.0,icmp,1593519900,2020-06-30 12:25:00+00:00
285113616,jinan-telecom,wuhan-telecom,46.9637,0.0,icmp,1593520020,2020-06-30 12:27:00+00:00
285113831,jinan-telecom,wuhan-telecom,39.4764,0.0,icmp,1593520099,2020-06-30 12:28:19+00:00
285114054,jinan-telecom,wuhan-telecom,46.8554,0.0,icmp,1593520260,2020-06-30 12:31:00+00:00
285114290,jinan-telecom,wuhan-telecom,42.9206,0.0,icmp,1593520380,2020-06-30 12:33:00+00:00
285114510,jinan-telecom,wuhan-telecom,47.2659,0.0,icmp,1593520500,2020-06-30 12:35:00+00:00
285114728,jinan-telecom,wuhan-telecom,39.592,0.0,icmp,1593520639,2020-06-30 12:37:19+00:00
285114979,jinan-telecom,wuhan-telecom,49.0953,0.0,icmp,1593520740,2020-06-30 12:39:00+00:00
285115181,jinan-telecom,wuhan-telecom,40.8418,0.0,icmp,1593520860,2020-06-30 12:41:00+00:00
285115415,jinan-telecom,wuhan-telecom,43.3306,0.0,icmp,1593520980,2020-06-30 12:43:00+00:00
285115625,jinan-telecom,wuhan-telecom,48.1369,0.0,icmp,1593521100,2020-06-30 12:45:00+00:00
285115858,jinan-telecom,wuhan-telecom,48.7156,0.0,icmp,1593521220,2020-06-30 12:47:00+00:00
285116069,jinan-telecom,wuhan-telecom,48.5607,0.0,icmp,1593521340,2020-06-30 12:49:00+00:00
285116302,jinan-telecom,wuhan-telecom,46.9666,0.0,icmp,1593521460,2020-06-30 12:51:00+00:00
285116534,jinan-telecom,wuhan-telecom,47.0057,0.0,icmp,1593521580,2020-06-30 12:53:00+00:00
285116770,jinan-telecom,wuhan-telecom,47.7534,0.0,icmp,1593521700,2020-06-30 12:55:00+00:00
285116981,jinan-telecom,wuhan-telecom,47.9336,0.0,icmp,1593521820,2020-06-30 12:57:00+00:00
285117202,jinan-telecom,wuhan-telecom,47.0647,0.0,icmp,1593521940,2020-06-30 12:59:00+00:00
285117439,jinan-telecom,wuhan-telecom,46.9213,0.0,icmp,1593522060,2020-06-30 13:01:00+00:00
285117669,jinan-telecom,wuhan-telecom,47.6141,0.0,icmp,1593522180,2020-06-30 13:03:00+00:00
285117886,jinan-telecom,wuhan-telecom,48.2946,0.0,icmp,1593522300,2020-06-30 13:05:00+00:00
285118111,jinan-telecom,wuhan-telecom,47.2462,0.0,icmp,1593522420,2020-06-30 13:07:00+00:00
285118350,jinan-telecom,wuhan-telecom,46.5502,0.0,icmp,1593522540,2020-06-30 13:09:00+00:00
285118554,jinan-telecom,wuhan-telecom,48.3361,0.0,icmp,1593522660,2020-06-30 13:11:00+00:00
285118791,jinan-telecom,wuhan-telecom,45.8354,0.0,icmp,1593522780,2020-06-30 13:13:00+00:00
285119023,jinan-telecom,wuhan-telecom,47.8643,0.0,icmp,1593522900,2020-06-30 13:15:00+00:00
285119237,jinan-telecom,wuhan-telecom,39.6661,0.0,icmp,1593523039,2020-06-30 13:17:19+00:00
285119477,jinan-telecom,wuhan-telecom,39.5609,0.0,icmp,1593523159,2020-06-30 13:19:19+00:00
285119703,jinan-telecom,wuhan-telecom,45.6988,0.0,icmp,1593523260,2020-06-30 13:21:00+00:00
285119897,jinan-telecom,wuhan-telecom,39.4966,0.0,icmp,1593523339,2020-06-30 13:22:19+00:00
285120145,jinan-telecom,wuhan-telecom,42.6596,0.0,icmp,1593523500,2020-06-30 13:25:00+00:00
285120372,jinan-telecom,wuhan-telecom,39.8279,0.0,icmp,1593523639,2020-06-30 13:27:19+00:00
285120582,jinan-telecom,wuhan-telecom,48.7465,0.0,icmp,1593523740,2020-06-30 13:29:00+00:00
285120807,jinan-telecom,wuhan-telecom,39.607,0.0,icmp,1593523805,2020-06-30 13:30:05+00:00
285121036,jinan-telecom,wuhan-telecom,48.2486,0.0,icmp,1593523980,2020-06-30 13:33:00+00:00
285121266,jinan-telecom,wuhan-telecom,47.6544,0.0,icmp,1593524100,2020-06-30 13:35:00+00:00
285121469,jinan-telecom,wuhan-telecom,39.568,0.0,icmp,1593524239,2020-06-30 13:37:19+00:00
285121720,jinan-telecom,wuhan-telecom,41.5316,0.0,icmp,1593524340,2020-06-30 13:39:00+00:00
285121925,jinan-telecom,wuhan-telecom,39.5364,0.0,icmp,1593524419,2020-06-30 13:40:19+00:00
285122152,jinan-telecom,wuhan-telecom,44.3488,0.0,icmp,1593524580,2020-06-30 13:43:00+00:00
285122377,jinan-telecom,wuhan-telecom,42.5848,0.0,icmp,1593524700,2020-06-30 13:45:00+00:00
285122627,jinan-telecom,wuhan-telecom,47.1867,0.0,icmp,1593524820,2020-06-30 13:47:00+00:00
285122834,jinan-telecom,wuhan-telecom,47.1551,0.0,icmp,1593524940,2020-06-30 13:49:00+00:00
285123060,jinan-telecom,wuhan-telecom,44.8867,0.0,icmp,1593525060,2020-06-30 13:51:00+00:00
285123279,jinan-telecom,wuhan-telecom,39.5785,0.0,icmp,1593525139,2020-06-30 13:52:19+00:00
285123506,jinan-telecom,wuhan-telecom,44.9753,0.0,icmp,1593525300,2020-06-30 13:55:00+00:00
285123739,jinan-telecom,wuhan-telecom,39.6539,0.0,icmp,1593525439,2020-06-30 13:57:19+00:00
285123953,jinan-telecom,wuhan-telecom,50.674,0.0,icmp,1593525540,2020-06-30 13:59:00+00:00
285124202,jinan-telecom,wuhan-telecom,40.8733,0.0,icmp,1593525660,2020-06-30 14:01:00+00:00
285124400,jinan-telecom,wuhan-telecom,52.754,0.0,icmp,1593525780,2020-06-30 14:03:00+00:00
285124635,jinan-telecom,wuhan-telecom,51.0571,0.0,icmp,1593525900,2020-06-30 14:05:00+00:00
285124865,jinan-telecom,wuhan-telecom,39.4452,0.0,icmp,1593525979,2020-06-30 14:06:19+00:00
285125080,jinan-telecom,wuhan-telecom,46.7081,0.0,icmp,1593526140,2020-06-30 14:09:00+00:00
285125317,jinan-telecom,wuhan-telecom,47.538,0.0,icmp,1593526260,2020-06-30 14:11:00+00:00
285125537,jinan-telecom,wuhan-telecom,46.0403,0.0,icmp,1593526380,2020-06-30 14:13:00+00:00
285125777,jinan-telecom,wuhan-telecom,45.8555,0.0,icmp,1593526500,2020-06-30 14:15:00+00:00
285125981,jinan-telecom,wuhan-telecom,47.7117,0.0,icmp,1593526620,2020-06-30 14:17:00+00:00
285126199,jinan-telecom,wuhan-telecom,46.3613,0.0,icmp,1593526740,2020-06-30 14:19:00+00:00
285126432,jinan-telecom,wuhan-telecom,43.306,0.0,icmp,1593526860,2020-06-30 14:21:00+00:00
285126674,jinan-telecom,wuhan-telecom,48.4718,0.0,icmp,1593526980,2020-06-30 14:23:00+00:00
285126877,jinan-telecom,wuhan-telecom,46.3831,0.0,icmp,1593527100,2020-06-30 14:25:00+00:00
285127127,jinan-telecom,wuhan-telecom,47.8135,0.0,icmp,1593527220,2020-06-30 14:27:00+00:00
285127327,jinan-telecom,wuhan-telecom,39.7284,0.0,icmp,1593527359,2020-06-30 14:29:19+00:00
285127554,jinan-telecom,wuhan-telecom,45.5972,0.0,icmp,1593527460,2020-06-30 14:31:00+00:00
285127794,jinan-telecom,wuhan-telecom,42.5008,0.0,icmp,1593527580,2020-06-30 14:33:00+00:00
285128007,jinan-telecom,wuhan-telecom,41.9714,0.0,icmp,1593527700,2020-06-30 14:35:00+00:00
285128239,jinan-telecom,wuhan-telecom,45.1051,0.0,icmp,1593527820,2020-06-30 14:37:00+00:00
285128450,jinan-telecom,wuhan-telecom,46.0951,0.0,icmp,1593527940,2020-06-30 14:39:00+00:00
285128679,jinan-telecom,wuhan-telecom,39.4599,0.0,icmp,1593528079,2020-06-30 14:41:19+00:00
285128929,jinan-telecom,wuhan-telecom,46.1824,0.0,icmp,1593528180,2020-06-30 14:43:00+00:00
285129131,jinan-telecom,wuhan-telecom,42.2184,0.0,icmp,1593528300,2020-06-30 14:45:00+00:00
285129357,jinan-telecom,wuhan-telecom,39.4563,0.0,icmp,1593528379,2020-06-30 14:46:19+00:00
285129568,jinan-telecom,wuhan-telecom,39.7681,0.0,icmp,1593528559,2020-06-30 14:49:19+00:00
285129804,jinan-telecom,wuhan-telecom,45.6097,1.0,icmp,1593528660,2020-06-30 14:51:00+00:00
285130027,jinan-telecom,wuhan-telecom,46.9629,0.0,icmp,1593528780,2020-06-30 14:53:00+00:00
285130266,jinan-telecom,wuhan-telecom,39.6113,0.0,icmp,1593528919,2020-06-30 14:55:19+00:00
285130493,jinan-telecom,wuhan-telecom,46.452,0.0,icmp,1593529020,2020-06-30 14:57:00+00:00
285130700,jinan-telecom,wuhan-telecom,49.3747,0.0,icmp,1593529140,2020-06-30 14:59:00+00:00
285130931,jinan-telecom,wuhan-telecom,48.75,0.0,icmp,1593529260,2020-06-30 15:01:00+00:00
285131154,jinan-telecom,wuhan-telecom,40.3314,0.0,icmp,1593529380,2020-06-30 15:03:00+00:00
285131378,jinan-telecom,wuhan-telecom,45.8341,0.0,icmp,1593529500,2020-06-30 15:05:00+00:00
285131613,jinan-telecom,wuhan-telecom,45.1043,0.0,icmp,1593529620,2020-06-30 15:07:00+00:00
285131844,jinan-telecom,wuhan-telecom,39.5563,0.0,icmp,1593529699,2020-06-30 15:08:19+00:00
285132069,jinan-telecom,wuhan-telecom,47.2069,0.0,icmp,1593529860,2020-06-30 15:11:00+00:00
285132288,jinan-telecom,wuhan-telecom,39.6442,0.0,icmp,1593529924,2020-06-30 15:12:04+00:00
285132526,jinan-telecom,wuhan-telecom,48.0205,0.0,icmp,1593530100,2020-06-30 15:15:00+00:00
285132726,jinan-telecom,wuhan-telecom,39.4881,0.0,icmp,1593530239,2020-06-30 15:17:19+00:00
285132956,jinan-telecom,wuhan-telecom,47.7887,0.0,icmp,1593530340,2020-06-30 15:19:00+00:00
285133205,jinan-telecom,wuhan-telecom,45.8888,0.0,icmp,1593530460,2020-06-30 15:21:00+00:00
285133407,jinan-telecom,wuhan-telecom,47.9382,0.0,icmp,1593530580,2020-06-30 15:23:00+00:00
285133630,jinan-telecom,wuhan-telecom,47.5133,0.0,icmp,1593530700,2020-06-30 15:25:00+00:00
285133863,jinan-telecom,wuhan-telecom,47.9946,0.0,icmp,1593530820,2020-06-30 15:27:00+00:00
285134089,jinan-telecom,wuhan-telecom,46.1141,0.0,icmp,1593530940,2020-06-30 15:29:00+00:00
285134322,jinan-telecom,wuhan-telecom,46.2875,0.0,icmp,1593531060,2020-06-30 15:31:00+00:00
285134527,jinan-telecom,wuhan-telecom,49.1731,0.0,icmp,1593531180,2020-06-30 15:33:00+00:00
285134760,jinan-telecom,wuhan-telecom,47.643,0.0,icmp,1593531300,2020-06-30 15:35:00+00:00
285134991,jinan-telecom,wuhan-telecom,51.3812,0.0,icmp,1593531420,2020-06-30 15:37:00+00:00
285135206,jinan-telecom,wuhan-telecom,39.6461,0.0,icmp,1593531559,2020-06-30 15:39:19+00:00
285135451,jinan-telecom,wuhan-telecom,39.5995,0.0,icmp,1593531679,2020-06-30 15:41:19+00:00
285135659,jinan-telecom,wuhan-telecom,47.9548,0.0,icmp,1593531780,2020-06-30 15:43:00+00:00
285135884,jinan-telecom,wuhan-telecom,47.3095,0.0,icmp,1593531900,2020-06-30 15:45:00+00:00
285136110,jinan-telecom,wuhan-telecom,44.4377,0.0,icmp,1593532024,2020-06-30 15:47:04+00:00
285136338,jinan-telecom,wuhan-telecom,39.5473,0.0,icmp,1593532159,2020-06-30 15:49:19+00:00
285136582,jinan-telecom,wuhan-telecom,39.4334,0.0,icmp,1593532279,2020-06-30 15:51:19+00:00
285136784,jinan-telecom,wuhan-telecom,39.5618,0.0,icmp,1593532399,2020-06-30 15:53:19+00:00
285137018,jinan-telecom,wuhan-telecom,45.3825,0.0,icmp,1593532500,2020-06-30 15:55:00+00:00
285137273,jinan-telecom,wuhan-telecom,44.9192,0.0,icmp,1593532620,2020-06-30 15:57:00+00:00
286580366,jinan-telecom,wuhan-telecom,39.3448,0.0,icmp,1593297439,2020-06-27 22:37:19+00:00
286580598,jinan-telecom,wuhan-telecom,39.4704,0.0,icmp,1593297619,2020-06-27 22:40:19+00:00
286580803,jinan-telecom,wuhan-telecom,48.4492,0.0,icmp,1593297720,2020-06-27 22:42:00+00:00
286580965,jinan-telecom,wuhan-telecom,49.0169,0.0,icmp,1593297840,2020-06-27 22:44:00+00:00
286581264,jinan-telecom,wuhan-telecom,39.5011,0.0,icmp,1593297979,2020-06-27 22:46:19+00:00
286581466,jinan-telecom,wuhan-telecom,45.8196,0.0,icmp,1593298080,2020-06-27 22:48:00+00:00
286581705,jinan-telecom,wuhan-telecom,39.302,0.0,icmp,1593298159,2020-06-27 22:49:19+00:00
286581926,jinan-telecom,wuhan-telecom,47.7227,0.0,icmp,1593298320,2020-06-27 22:52:00+00:00
286582160,jinan-telecom,wuhan-telecom,48.8528,0.0,icmp,1593298440,2020-06-27 22:54:00+00:00
286582373,jinan-telecom,wuhan-telecom,48.4994,0.0,icmp,1593298560,2020-06-27 22:56:00+00:00
286582580,jinan-telecom,wuhan-telecom,46.1433,0.0,icmp,1593298680,2020-06-27 22:58:00+00:00
286582827,jinan-telecom,wuhan-telecom,39.4278,0.0,icmp,1593298745,2020-06-27 22:59:05+00:00
286583076,jinan-telecom,wuhan-telecom,46.9686,0.0,icmp,1593298920,2020-06-27 23:02:00+00:00
286583292,jinan-telecom,wuhan-telecom,48.4511,0.0,icmp,1593299040,2020-06-27 23:04:00+00:00
286583520,jinan-telecom,wuhan-telecom,48.9646,0.0,icmp,1593299160,2020-06-27 23:06:00+00:00
286583728,jinan-telecom,wuhan-telecom,46.1088,0.0,icmp,1593299280,2020-06-27 23:08:00+00:00
286583950,jinan-telecom,wuhan-telecom,45.4725,0.0,icmp,1593299400,2020-06-27 23:10:00+00:00
286584188,jinan-telecom,wuhan-telecom,39.3462,0.0,icmp,1593299539,2020-06-27 23:12:19+00:00
286584418,jinan-telecom,wuhan-telecom,47.095,0.0,icmp,1593299640,2020-06-27 23:14:00+00:00
286584636,jinan-telecom,wuhan-telecom,47.654,0.0,icmp,1593299760,2020-06-27 23:16:00+00:00
286584853,jinan-telecom,wuhan-telecom,39.349,0.0,icmp,1593299839,2020-06-27 23:17:19+00:00
286585106,jinan-telecom,wuhan-telecom,47.1357,0.0,icmp,1593300000,2020-06-27 23:20:00+00:00
286585347,jinan-telecom,wuhan-telecom,47.4568,0.0,icmp,1593300120,2020-06-27 23:22:00+00:00
286585528,jinan-telecom,wuhan-telecom,47.2438,0.0,icmp,1593300240,2020-06-27 23:24:00+00:00
286585748,jinan-telecom,wuhan-telecom,43.3876,0.0,icmp,1593300360,2020-06-27 23:26:00+00:00
286585978,jinan-telecom,wuhan-telecom,48.2999,0.0,icmp,1593300480,2020-06-27 23:28:00+00:00
286586204,jinan-telecom,wuhan-telecom,44.7652,0.0,icmp,1593300600,2020-06-27 23:30:00+00:00
286586444,jinan-telecom,wuhan-telecom,47.9963,0.0,icmp,1593300720,2020-06-27 23:32:00+00:00
286586670,jinan-telecom,wuhan-telecom,46.8052,0.0,icmp,1593300840,2020-06-27 23:34:00+00:00
286586873,jinan-telecom,wuhan-telecom,41.6905,0.0,icmp,1593300960,2020-06-27 23:36:00+00:00
286587118,jinan-telecom,wuhan-telecom,49.5716,0.0,icmp,1593301080,2020-06-27 23:38:00+00:00
286587326,jinan-telecom,wuhan-telecom,39.347,0.0,icmp,1593301219,2020-06-27 23:40:19+00:00
286587606,jinan-telecom,wuhan-telecom,39.3804,0.0,icmp,1593301339,2020-06-27 23:42:19+00:00
286587728,jinan-telecom,wuhan-telecom,46.38,0.0,icmp,1593301440,2020-06-27 23:44:00+00:00
286587999,jinan-telecom,wuhan-telecom,39.3637,0.0,icmp,1593301519,2020-06-27 23:45:19+00:00
286588226,jinan-telecom,wuhan-telecom,47.4318,0.0,icmp,1593301680,2020-06-27 23:48:00+00:00
286588437,jinan-telecom,wuhan-telecom,47.3869,0.0,icmp,1593301800,2020-06-27 23:50:00+00:00
286588676,jinan-telecom,wuhan-telecom,48.7499,0.0,icmp,1593301920,2020-06-27 23:52:00+00:00
286588912,jinan-telecom,wuhan-telecom,39.524,0.0,icmp,1593301999,2020-06-27 23:53:19+00:00
286589121,jinan-telecom,wuhan-telecom,46.8367,0.0,icmp,1593302160,2020-06-27 23:56:00+00:00
286589362,jinan-telecom,wuhan-telecom,39.3774,0.0,icmp,1593302299,2020-06-27 23:58:19+00:00
286589611,jinan-telecom,wuhan-telecom,43.0554,0.0,icmp,1593302400,2020-06-28 00:00:00+00:00
286589819,jinan-telecom,wuhan-telecom,47.6674,0.0,icmp,1593302520,2020-06-28 00:02:00+00:00
286590055,jinan-telecom,wuhan-telecom,41.8126,0.0,icmp,1593302640,2020-06-28 00:04:00+00:00
286590247,jinan-telecom,wuhan-telecom,39.3438,0.0,icmp,1593302719,2020-06-28 00:05:19+00:00
286590495,jinan-telecom,wuhan-telecom,48.0868,0.0,icmp,1593302880,2020-06-28 00:08:00+00:00
286590699,jinan-telecom,wuhan-telecom,48.4634,0.0,icmp,1593303000,2020-06-28 00:10:00+00:00
286590950,jinan-telecom,wuhan-telecom,47.6879,0.0,icmp,1593303120,2020-06-28 00:12:00+00:00
286591210,jinan-telecom,wuhan-telecom,47.6362,0.0,icmp,1593303240,2020-06-28 00:14:00+00:00
286591392,jinan-telecom,wuhan-telecom,39.3578,0.0,icmp,1593303379,2020-06-28 00:16:19+00:00
286591637,jinan-telecom,wuhan-telecom,46.7655,0.0,icmp,1593303480,2020-06-28 00:18:00+00:00
286591819,jinan-telecom,wuhan-telecom,39.3325,0.0,icmp,1593303559,2020-06-28 00:19:19+00:00
286592068,jinan-telecom,wuhan-telecom,47.0428,0.0,icmp,1593303720,2020-06-28 00:22:00+00:00
286592273,jinan-telecom,wuhan-telecom,48.1559,0.0,icmp,1593303840,2020-06-28 00:24:00+00:00
286592521,jinan-telecom,wuhan-telecom,45.2611,0.0,icmp,1593303960,2020-06-28 00:26:00+00:00
286592731,jinan-telecom,wuhan-telecom,39.639,0.0,icmp,1593304039,2020-06-28 00:27:19+00:00
286592941,jinan-telecom,wuhan-telecom,39.4467,0.0,icmp,1593304204,2020-06-28 00:30:04+00:00
286593190,jinan-telecom,wuhan-telecom,45.8469,0.0,icmp,1593304320,2020-06-28 00:32:00+00:00
286593405,jinan-telecom,wuhan-telecom,39.4399,0.0,icmp,1593304459,2020-06-28 00:34:19+00:00
286593622,jinan-telecom,wuhan-telecom,46.492,0.0,icmp,1593304560,2020-06-28 00:36:00+00:00
286593880,jinan-telecom,wuhan-telecom,46.6193,0.0,icmp,1593304680,2020-06-28 00:38:00+00:00
286594077,jinan-telecom,wuhan-telecom,46.4356,0.0,icmp,1593304800,2020-06-28 00:40:00+00:00
286594325,jinan-telecom,wuhan-telecom,47.4423,0.0,icmp,1593304920,2020-06-28 00:42:00+00:00
286594538,jinan-telecom,wuhan-telecom,39.3823,0.0,icmp,1593304999,2020-06-28 00:43:19+00:00
286594766,jinan-telecom,wuhan-telecom,45.4046,0.0,icmp,1593305160,2020-06-28 00:46:00+00:00
286594978,jinan-telecom,wuhan-telecom,46.9076,0.0,icmp,1593305280,2020-06-28 00:48:00+00:00
286595218,jinan-telecom,wuhan-telecom,39.4366,0.0,icmp,1593305404,2020-06-28 00:50:04+00:00
286595413,jinan-telecom,wuhan-telecom,48.3324,0.0,icmp,1593305520,2020-06-28 00:52:00+00:00
286595671,jinan-telecom,wuhan-telecom,48.1223,0.0,icmp,1593305640,2020-06-28 00:54:00+00:00
286595890,jinan-telecom,wuhan-telecom,47.0396,0.0,icmp,1593305760,2020-06-28 00:56:00+00:00
286596166,jinan-telecom,wuhan-telecom,47.2697,0.0,icmp,1593305880,2020-06-28 00:58:00+00:00
286596332,jinan-telecom,wuhan-telecom,46.8386,0.0,icmp,1593306000,2020-06-28 01:00:00+00:00
286596562,jinan-telecom,wuhan-telecom,46.7551,0.0,icmp,1593306120,2020-06-28 01:02:00+00:00
286596794,jinan-telecom,wuhan-telecom,39.3255,0.0,icmp,1593306199,2020-06-28 01:03:19+00:00
286596984,jinan-telecom,wuhan-telecom,47.8264,0.0,icmp,1593306360,2020-06-28 01:06:00+00:00
286597202,jinan-telecom,wuhan-telecom,46.868,0.0,icmp,1593306480,2020-06-28 01:08:00+00:00
286597447,jinan-telecom,wuhan-telecom,45.2742,0.0,icmp,1593306600,2020-06-28 01:10:00+00:00
286597692,jinan-telecom,wuhan-telecom,46.8808,0.0,icmp,1593306720,2020-06-28 01:12:00+00:00
286597900,jinan-telecom,wuhan-telecom,48.7865,0.0,icmp,1593306840,2020-06-28 01:14:00+00:00
286598135,jinan-telecom,wuhan-telecom,47.91,0.0,icmp,1593306960,2020-06-28 01:16:00+00:00
286598372,jinan-telecom,wuhan-telecom,39.5762,0.0,icmp,1593307039,2020-06-28 01:17:19+00:00
286598589,jinan-telecom,wuhan-telecom,48.4754,0.0,icmp,1593307200,2020-06-28 01:20:00+00:00
286598825,jinan-telecom,wuhan-telecom,46.2852,0.0,icmp,1593307320,2020-06-28 01:22:00+00:00
286599018,jinan-telecom,wuhan-telecom,46.1635,0.0,icmp,1593307440,2020-06-28 01:24:00+00:00
286599274,jinan-telecom,wuhan-telecom,47.6878,0.0,icmp,1593307560,2020-06-28 01:26:00+00:00
286599500,jinan-telecom,wuhan-telecom,47.3608,0.0,icmp,1593307680,2020-06-28 01:28:00+00:00
286599714,jinan-telecom,wuhan-telecom,39.346,0.0,icmp,1593307759,2020-06-28 01:29:19+00:00
286599966,jinan-telecom,wuhan-telecom,48.3595,0.0,icmp,1593307920,2020-06-28 01:32:00+00:00
286600156,jinan-telecom,wuhan-telecom,45.7881,0.0,icmp,1593308040,2020-06-28 01:34:00+00:00
286600377,jinan-telecom,wuhan-telecom,47.8643,0.0,icmp,1593308160,2020-06-28 01:36:00+00:00
286600613,jinan-telecom,wuhan-telecom,39.6592,0.0,icmp,1593308239,2020-06-28 01:37:19+00:00
286600849,jinan-telecom,wuhan-telecom,47.6443,0.0,icmp,1593308400,2020-06-28 01:40:00+00:00
286601083,jinan-telecom,wuhan-telecom,46.5655,0.0,icmp,1593308520,2020-06-28 01:42:00+00:00
286601306,jinan-telecom,wuhan-telecom,48.7185,0.0,icmp,1593308640,2020-06-28 01:44:00+00:00
286601516,jinan-telecom,wuhan-telecom,47.7081,0.0,icmp,1593308760,2020-06-28 01:46:00+00:00
286601736,jinan-telecom,wuhan-telecom,46.8266,0.0,icmp,1593308880,2020-06-28 01:48:00+00:00
286601973,jinan-telecom,wuhan-telecom,46.3754,0.0,icmp,1593309000,2020-06-28 01:50:00+00:00
286602189,jinan-telecom,wuhan-telecom,46.2046,0.0,icmp,1593309120,2020-06-28 01:52:00+00:00
286602392,jinan-telecom,wuhan-telecom,47.5647,0.0,icmp,1593309240,2020-06-28 01:54:00+00:00
286602613,jinan-telecom,wuhan-telecom,46.2644,0.0,icmp,1593309360,2020-06-28 01:56:00+00:00
286602849,jinan-telecom,wuhan-telecom,45.2682,0.0,icmp,1593309480,2020-06-28 01:58:00+00:00
286603088,jinan-telecom,wuhan-telecom,48.8666,0.0,icmp,1593309600,2020-06-28 02:00:00+00:00
286603308,jinan-telecom,wuhan-telecom,47.823,0.0,icmp,1593309720,2020-06-28 02:02:00+00:00
286603555,jinan-telecom,wuhan-telecom,49.3384,0.0,icmp,1593309840,2020-06-28 02:04:00+00:00
286603751,jinan-telecom,wuhan-telecom,47.5772,0.0,icmp,1593309960,2020-06-28 02:06:00+00:00
286603979,jinan-telecom,wuhan-telecom,39.465,0.0,icmp,1593310099,2020-06-28 02:08:19+00:00
286604204,jinan-telecom,wuhan-telecom,47.8995,0.0,icmp,1593310200,2020-06-28 02:10:00+00:00
286604430,jinan-telecom,wuhan-telecom,46.2777,0.0,icmp,1593310320,2020-06-28 02:12:00+00:00
286604646,jinan-telecom,wuhan-telecom,45.1207,0.0,icmp,1593310440,2020-06-28 02:14:00+00:00
286604887,jinan-telecom,wuhan-telecom,47.4095,0.0,icmp,1593310560,2020-06-28 02:16:00+00:00
286605124,jinan-telecom,wuhan-telecom,46.9429,0.0,icmp,1593310680,2020-06-28 02:18:00+00:00
286605328,jinan-telecom,wuhan-telecom,39.6629,0.0,icmp,1593310819,2020-06-28 02:20:19+00:00
286605578,jinan-telecom,wuhan-telecom,43.9389,0.0,icmp,1593310920,2020-06-28 02:22:00+00:00
286605767,jinan-telecom,wuhan-telecom,45.7759,0.0,icmp,1593311040,2020-06-28 02:24:00+00:00
286606014,jinan-telecom,wuhan-telecom,39.3528,0.0,icmp,1593311119,2020-06-28 02:25:19+00:00
286606237,jinan-telecom,wuhan-telecom,48.3525,0.0,icmp,1593311280,2020-06-28 02:28:00+00:00
286606503,jinan-telecom,wuhan-telecom,39.346,0.0,icmp,1593311419,2020-06-28 02:30:19+00:00
286606682,jinan-telecom,wuhan-telecom,39.4059,0.0,icmp,1593311539,2020-06-28 02:32:19+00:00
286606905,jinan-telecom,wuhan-telecom,47.9723,0.0,icmp,1593311640,2020-06-28 02:34:00+00:00
286607092,jinan-telecom,wuhan-telecom,49.4117,0.0,icmp,1593311760,2020-06-28 02:36:00+00:00
286607369,jinan-telecom,wuhan-telecom,47.4196,0.0,icmp,1593311880,2020-06-28 02:38:00+00:00
286607598,jinan-telecom,wuhan-telecom,47.4116,0.0,icmp,1593312000,2020-06-28 02:40:00+00:00
286607795,jinan-telecom,wuhan-telecom,39.3172,0.0,icmp,1593312139,2020-06-28 02:42:19+00:00
286608042,jinan-telecom,wuhan-telecom,44.5874,0.0,icmp,1593312240,2020-06-28 02:44:00+00:00
286608258,jinan-telecom,wuhan-telecom,46.4942,0.0,icmp,1593312360,2020-06-28 02:46:00+00:00
286608493,jinan-telecom,wuhan-telecom,48.7943,0.0,icmp,1593312480,2020-06-28 02:48:00+00:00
286608721,jinan-telecom,wuhan-telecom,48.0691,0.0,icmp,1593312600,2020-06-28 02:50:00+00:00
286608924,jinan-telecom,wuhan-telecom,48.4781,0.0,icmp,1593312720,2020-06-28 02:52:00+00:00
286609163,jinan-telecom,wuhan-telecom,39.6679,0.0,icmp,1593312799,2020-06-28 02:53:19+00:00
286609398,jinan-telecom,wuhan-telecom,39.3972,0.0,icmp,1593312919,2020-06-28 02:55:19+00:00
286609609,jinan-telecom,wuhan-telecom,46.6521,0.0,icmp,1593313080,2020-06-28 02:58:00+00:00
286609835,jinan-telecom,wuhan-telecom,39.7444,0.0,icmp,1593313200,2020-06-28 03:00:00+00:00
286610085,jinan-telecom,wuhan-telecom,39.3152,0.0,icmp,1593313339,2020-06-28 03:02:19+00:00
286610293,jinan-telecom,wuhan-telecom,46.5428,0.0,icmp,1593313440,2020-06-28 03:04:00+00:00
286610509,jinan-telecom,wuhan-telecom,46.6807,0.0,icmp,1593313560,2020-06-28 03:06:00+00:00
286610731,jinan-telecom,wuhan-telecom,48.3055,0.0,icmp,1593313680,2020-06-28 03:08:00+00:00
286610947,jinan-telecom,wuhan-telecom,45.0481,0.0,icmp,1593313800,2020-06-28 03:10:00+00:00
286611172,jinan-telecom,wuhan-telecom,39.3413,0.0,icmp,1593313939,2020-06-28 03:12:19+00:00
286611427,jinan-telecom,wuhan-telecom,49.0975,0.0,icmp,1593314040,2020-06-28 03:14:00+00:00
286611642,jinan-telecom,wuhan-telecom,39.3163,0.0,icmp,1593314179,2020-06-28 03:16:19+00:00
286611862,jinan-telecom,wuhan-telecom,39.3949,0.0,icmp,1593314299,2020-06-28 03:18:19+00:00
286612082,jinan-telecom,wuhan-telecom,47.8377,0.0,icmp,1593314400,2020-06-28 03:20:00+00:00
286612299,jinan-telecom,wuhan-telecom,39.3357,0.0,icmp,1593314539,2020-06-28 03:22:19+00:00
286612538,jinan-telecom,wuhan-telecom,42.5668,0.0,icmp,1593314640,2020-06-28 03:24:00+00:00
286612770,jinan-telecom,wuhan-telecom,49.7948,0.0,icmp,1593314760,2020-06-28 03:26:00+00:00
286612982,jinan-telecom,wuhan-telecom,47.5328,0.0,icmp,1593314880,2020-06-28 03:28:00+00:00
286613240,jinan-telecom,wuhan-telecom,47.3917,0.0,icmp,1593315000,2020-06-28 03:30:00+00:00
286613426,jinan-telecom,wuhan-telecom,48.4112,0.0,icmp,1593315120,2020-06-28 03:32:00+00:00
286613649,jinan-telecom,wuhan-telecom,50.7339,0.0,icmp,1593315240,2020-06-28 03:34:00+00:00
286613925,jinan-telecom,wuhan-telecom,39.3803,0.0,icmp,1593315319,2020-06-28 03:35:19+00:00
286614106,jinan-telecom,wuhan-telecom,46.6644,0.0,icmp,1593315480,2020-06-28 03:38:00+00:00
286614335,jinan-telecom,wuhan-telecom,44.0351,0.0,icmp,1593315600,2020-06-28 03:40:00+00:00
286614567,jinan-telecom,wuhan-telecom,48.7127,0.0,icmp,1593315720,2020-06-28 03:42:00+00:00
286614765,jinan-telecom,wuhan-telecom,48.4115,0.0,icmp,1593315840,2020-06-28 03:44:00+00:00
286614989,jinan-telecom,wuhan-telecom,39.4053,0.0,icmp,1593315979,2020-06-28 03:46:19+00:00
286615265,jinan-telecom,wuhan-telecom,46.1388,0.0,icmp,1593316080,2020-06-28 03:48:00+00:00
286615465,jinan-telecom,wuhan-telecom,48.1339,0.0,icmp,1593316200,2020-06-28 03:50:00+00:00
286615703,jinan-telecom,wuhan-telecom,47.9206,0.0,icmp,1593316320,2020-06-28 03:52:00+00:00
286615934,jinan-telecom,wuhan-telecom,39.9859,0.0,icmp,1593316440,2020-06-28 03:54:00+00:00
286616149,jinan-telecom,wuhan-telecom,46.7757,0.0,icmp,1593316560,2020-06-28 03:56:00+00:00
286616345,jinan-telecom,wuhan-telecom,45.8753,0.0,icmp,1593316680,2020-06-28 03:58:00+00:00
286616581,jinan-telecom,wuhan-telecom,44.9419,0.0,icmp,1593316800,2020-06-28 04:00:00+00:00
286616819,jinan-telecom,wuhan-telecom,45.781,0.0,icmp,1593316920,2020-06-28 04:02:00+00:00
286617022,jinan-telecom,wuhan-telecom,46.6324,0.0,icmp,1593317040,2020-06-28 04:04:00+00:00
286617241,jinan-telecom,wuhan-telecom,46.1033,0.0,icmp,1593317160,2020-06-28 04:06:00+00:00
286617461,jinan-telecom,wuhan-telecom,45.0713,0.0,icmp,1593317280,2020-06-28 04:08:00+00:00
286617720,jinan-telecom,wuhan-telecom,48.7133,0.0,icmp,1593317400,2020-06-28 04:10:00+00:00
286617949,jinan-telecom,wuhan-telecom,47.5792,0.0,icmp,1593317520,2020-06-28 04:12:00+00:00
286618155,jinan-telecom,wuhan-telecom,39.3188,0.0,icmp,1593317659,2020-06-28 04:14:19+00:00
286618390,jinan-telecom,wuhan-telecom,48.5939,0.0,icmp,1593317760,2020-06-28 04:16:00+00:00
286618610,jinan-telecom,wuhan-telecom,48.2591,0.0,icmp,1593317880,2020-06-28 04:18:00+00:00
286618822,jinan-telecom,wuhan-telecom,49.1551,0.0,icmp,1593318000,2020-06-28 04:20:00+00:00
286619031,jinan-telecom,wuhan-telecom,44.2892,0.0,icmp,1593318120,2020-06-28 04:22:00+00:00
286619287,jinan-telecom,wuhan-telecom,46.3989,0.0,icmp,1593318240,2020-06-28 04:24:00+00:00
286619525,jinan-telecom,wuhan-telecom,39.6044,0.0,icmp,1593318319,2020-06-28 04:25:19+00:00
286619731,jinan-telecom,wuhan-telecom,48.7194,0.0,icmp,1593318480,2020-06-28 04:28:00+00:00
286620001,jinan-telecom,wuhan-telecom,39.5028,0.0,icmp,1593318619,2020-06-28 04:30:19+00:00
286620176,jinan-telecom,wuhan-telecom,46.5471,0.0,icmp,1593318720,2020-06-28 04:32:00+00:00
286620403,jinan-telecom,wuhan-telecom,39.5745,0.0,icmp,1593318799,2020-06-28 04:33:19+00:00
286620643,jinan-telecom,wuhan-telecom,45.9766,0.0,icmp,1593318960,2020-06-28 04:36:00+00:00
286620863,jinan-telecom,wuhan-telecom,48.7597,0.0,icmp,1593319080,2020-06-28 04:38:00+00:00
286621080,jinan-telecom,wuhan-telecom,39.3869,0.0,icmp,1593319219,2020-06-28 04:40:19+00:00
286621325,jinan-telecom,wuhan-telecom,46.5062,0.0,icmp,1593319320,2020-06-28 04:42:00+00:00
286621545,jinan-telecom,wuhan-telecom,39.3351,0.0,icmp,1593319459,2020-06-28 04:44:19+00:00
286621745,jinan-telecom,wuhan-telecom,47.7307,0.0,icmp,1593319560,2020-06-28 04:46:00+00:00
286621990,jinan-telecom,wuhan-telecom,50.5032,0.0,icmp,1593319680,2020-06-28 04:48:00+00:00
286622211,jinan-telecom,wuhan-telecom,48.7428,0.0,icmp,1593319800,2020-06-28 04:50:00+00:00
286622444,jinan-telecom,wuhan-telecom,47.4569,0.0,icmp,1593319920,2020-06-28 04:52:00+00:00
286622655,jinan-telecom,wuhan-telecom,48.0808,0.0,icmp,1593320040,2020-06-28 04:54:00+00:00
286622919,jinan-telecom,wuhan-telecom,46.998,0.0,icmp,1593320160,2020-06-28 04:56:00+00:00
286623105,jinan-telecom,wuhan-telecom,39.3445,0.0,icmp,1593320299,2020-06-28 04:58:19+00:00
286623316,jinan-telecom,wuhan-telecom,46.7151,0.0,icmp,1593320400,2020-06-28 05:00:00+00:00
286623614,jinan-telecom,wuhan-telecom,39.3796,0.0,icmp,1593320479,2020-06-28 05:01:19+00:00
286623775,jinan-telecom,wuhan-telecom,46.3645,0.0,icmp,1593320640,2020-06-28 05:04:00+00:00
286624019,jinan-telecom,wuhan-telecom,47.1964,0.0,icmp,1593320760,2020-06-28 05:06:00+00:00
286624228,jinan-telecom,wuhan-telecom,45.2697,0.0,icmp,1593320880,2020-06-28 05:08:00+00:00
286624461,jinan-telecom,wuhan-telecom,51.2754,0.0,icmp,1593321000,2020-06-28 05:10:00+00:00
286624673,jinan-telecom,wuhan-telecom,49.737,0.0,icmp,1593321120,2020-06-28 05:12:00+00:00
286624922,jinan-telecom,wuhan-telecom,47.3698,0.0,icmp,1593321240,2020-06-28 05:14:00+00:00
286625119,jinan-telecom,wuhan-telecom,46.6878,0.0,icmp,1593321360,2020-06-28 05:16:00+00:00
286625357,jinan-telecom,wuhan-telecom,45.03,0.0,icmp,1593321480,2020-06-28 05:18:00+00:00
286625580,jinan-telecom,wuhan-telecom,44.9394,0.0,icmp,1593321600,2020-06-28 05:20:00+00:00
286625804,jinan-telecom,wuhan-telecom,39.4139,0.0,icmp,1593321679,2020-06-28 05:21:19+00:00
286626007,jinan-telecom,wuhan-telecom,46.7239,0.0,icmp,1593321840,2020-06-28 05:24:00+00:00
286626248,jinan-telecom,wuhan-telecom,46.0441,0.0,icmp,1593321960,2020-06-28 05:26:00+00:00
286626508,jinan-telecom,wuhan-telecom,47.3551,0.0,icmp,1593322080,2020-06-28 05:28:00+00:00
286626705,jinan-telecom,wuhan-telecom,39.477,0.0,icmp,1593322219,2020-06-28 05:30:19+00:00
286626939,jinan-telecom,wuhan-telecom,39.3416,0.0,icmp,1593322339,2020-06-28 05:32:19+00:00
286627170,jinan-telecom,wuhan-telecom,39.4637,0.0,icmp,1593322459,2020-06-28 05:34:19+00:00
286627391,jinan-telecom,wuhan-telecom,47.1673,0.0,icmp,1593322560,2020-06-28 05:36:00+00:00
286627621,jinan-telecom,wuhan-telecom,45.8729,0.0,icmp,1593322680,2020-06-28 05:38:00+00:00
286627838,jinan-telecom,wuhan-telecom,48.5754,0.0,icmp,1593322800,2020-06-28 05:40:00+00:00
286628037,jinan-telecom,wuhan-telecom,47.5363,0.0,icmp,1593322920,2020-06-28 05:42:00+00:00
286628263,jinan-telecom,wuhan-telecom,47.0515,0.0,icmp,1593323040,2020-06-28 05:44:00+00:00
286628538,jinan-telecom,wuhan-telecom,50.2706,0.0,icmp,1593323160,2020-06-28 05:46:00+00:00
286628722,jinan-telecom,wuhan-telecom,46.7269,0.0,icmp,1593323280,2020-06-28 05:48:00+00:00
286628956,jinan-telecom,wuhan-telecom,47.8467,0.0,icmp,1593323400,2020-06-28 05:50:00+00:00
286629154,jinan-telecom,wuhan-telecom,48.4937,0.0,icmp,1593323520,2020-06-28 05:52:00+00:00
286629415,jinan-telecom,wuhan-telecom,39.4517,0.0,icmp,1593323599,2020-06-28 05:53:19+00:00
286629626,jinan-telecom,wuhan-telecom,47.0424,0.0,icmp,1593323760,2020-06-28 05:56:00+00:00
286629848,jinan-telecom,wuhan-telecom,48.2991,0.0,icmp,1593323880,2020-06-28 05:58:00+00:00
286630089,jinan-telecom,wuhan-telecom,46.9101,0.0,icmp,1593324000,2020-06-28 06:00:00+00:00
286630320,jinan-telecom,wuhan-telecom,45.5434,0.0,icmp,1593324120,2020-06-28 06:02:00+00:00
286630530,jinan-telecom,wuhan-telecom,47.4156,0.0,icmp,1593324240,2020-06-28 06:04:00+00:00
286630750,jinan-telecom,wuhan-telecom,40.5108,0.0,icmp,1593324360,2020-06-28 06:06:00+00:00
286630987,jinan-telecom,wuhan-telecom,49.1285,0.0,icmp,1593324480,2020-06-28 06:08:00+00:00
286631207,jinan-telecom,wuhan-telecom,39.3936,0.0,icmp,1593324619,2020-06-28 06:10:19+00:00
286631419,jinan-telecom,wuhan-telecom,39.4344,0.0,icmp,1593324739,2020-06-28 06:12:19+00:00
286631679,jinan-telecom,wuhan-telecom,46.6374,0.0,icmp,1593324840,2020-06-28 06:14:00+00:00
286631905,jinan-telecom,wuhan-telecom,46.3656,0.0,icmp,1593324960,2020-06-28 06:16:00+00:00
286632098,jinan-telecom,wuhan-telecom,39.5069,0.0,icmp,1593325099,2020-06-28 06:18:19+00:00
286632320,jinan-telecom,wuhan-telecom,47.7869,0.0,icmp,1593325200,2020-06-28 06:20:00+00:00
286632564,jinan-telecom,wuhan-telecom,46.7398,0.0,icmp,1593325320,2020-06-28 06:22:00+00:00
286632785,jinan-telecom,wuhan-telecom,45.4378,0.0,icmp,1593325440,2020-06-28 06:24:00+00:00
286633009,jinan-telecom,wuhan-telecom,47.6633,0.0,icmp,1593325560,2020-06-28 06:26:00+00:00
286633212,jinan-telecom,wuhan-telecom,46.2366,0.0,icmp,1593325680,2020-06-28 06:28:00+00:00
286633445,jinan-telecom,wuhan-telecom,45.9496,0.0,icmp,1593325800,2020-06-28 06:30:00+00:00
286633699,jinan-telecom,wuhan-telecom,46.1485,0.0,icmp,1593325920,2020-06-28 06:32:00+00:00
286633922,jinan-telecom,wuhan-telecom,39.3408,0.0,icmp,1593325999,2020-06-28 06:33:19+00:00
286634150,jinan-telecom,wuhan-telecom,39.3661,0.0,icmp,1593326179,2020-06-28 06:36:19+00:00
286634348,jinan-telecom,wuhan-telecom,48.4387,0.0,icmp,1593326280,2020-06-28 06:38:00+00:00
286634616,jinan-telecom,wuhan-telecom,49.4983,0.0,icmp,1593326400,2020-06-28 06:40:00+00:00
286634764,jinan-telecom,wuhan-telecom,43.9136,0.0,icmp,1593326520,2020-06-28 06:42:00+00:00
286635037,jinan-telecom,wuhan-telecom,48.7707,0.0,icmp,1593326640,2020-06-28 06:44:00+00:00
286635265,jinan-telecom,wuhan-telecom,48.8372,0.0,icmp,1593326760,2020-06-28 06:46:00+00:00
286635480,jinan-telecom,wuhan-telecom,50.1967,0.0,icmp,1593326880,2020-06-28 06:48:00+00:00
286635714,jinan-telecom,wuhan-telecom,39.7061,0.0,icmp,1593327019,2020-06-28 06:50:19+00:00
286635930,jinan-telecom,wuhan-telecom,44.1473,0.0,icmp,1593327120,2020-06-28 06:52:00+00:00
286636159,jinan-telecom,wuhan-telecom,47.6935,0.0,icmp,1593327240,2020-06-28 06:54:00+00:00
286636411,jinan-telecom,wuhan-telecom,47.7959,0.0,icmp,1593327360,2020-06-28 06:56:00+00:00
286636593,jinan-telecom,wuhan-telecom,47.136,0.0,icmp,1593327480,2020-06-28 06:58:00+00:00
286636825,jinan-telecom,wuhan-telecom,39.3563,0.0,icmp,1593327619,2020-06-28 07:00:19+00:00
286637079,jinan-telecom,wuhan-telecom,47.1201,0.0,icmp,1593327720,2020-06-28 07:02:00+00:00
286637268,jinan-telecom,wuhan-telecom,47.9753,0.0,icmp,1593327840,2020-06-28 07:04:00+00:00
286637511,jinan-telecom,wuhan-telecom,47.6953,0.0,icmp,1593327960,2020-06-28 07:06:00+00:00
286637762,jinan-telecom,wuhan-telecom,40.0323,0.0,icmp,1593328080,2020-06-28 07:08:00+00:00
286637940,jinan-telecom,wuhan-telecom,39.3565,0.0,icmp,1593328159,2020-06-28 07:09:19+00:00
286638189,jinan-telecom,wuhan-telecom,46.4474,0.0,icmp,1593328320,2020-06-28 07:12:00+00:00
286638411,jinan-telecom,wuhan-telecom,48.1584,0.0,icmp,1593328440,2020-06-28 07:14:00+00:00
286638639,jinan-telecom,wuhan-telecom,48.9189,0.0,icmp,1593328505,2020-06-28 07:15:05+00:00
286638840,jinan-telecom,wuhan-telecom,49.2564,0.0,icmp,1593328680,2020-06-28 07:18:00+00:00
286639090,jinan-telecom,wuhan-telecom,47.844,0.0,icmp,1593328800,2020-06-28 07:20:00+00:00
286639301,jinan-telecom,wuhan-telecom,39.5303,0.0,icmp,1593328864,2020-06-28 07:21:04+00:00
286639573,jinan-telecom,wuhan-telecom,46.585,0.0,icmp,1593329040,2020-06-28 07:24:00+00:00
286639765,jinan-telecom,wuhan-telecom,47.0836,0.0,icmp,1593329160,2020-06-28 07:26:00+00:00
286639971,jinan-telecom,wuhan-telecom,46.5614,0.0,icmp,1593329280,2020-06-28 07:28:00+00:00
286640199,jinan-telecom,wuhan-telecom,47.8428,0.0,icmp,1593329400,2020-06-28 07:30:00+00:00
286640436,jinan-telecom,wuhan-telecom,47.6698,0.0,icmp,1593329520,2020-06-28 07:32:00+00:00
286640668,jinan-telecom,wuhan-telecom,39.333,0.0,icmp,1593329599,2020-06-28 07:33:19+00:00
286640873,jinan-telecom,wuhan-telecom,39.3505,0.0,icmp,1593329779,2020-06-28 07:36:19+00:00
286641096,jinan-telecom,wuhan-telecom,44.7079,0.0,icmp,1593329880,2020-06-28 07:38:00+00:00
286641332,jinan-telecom,wuhan-telecom,45.7578,0.0,icmp,1593330000,2020-06-28 07:40:00+00:00
286641559,jinan-telecom,wuhan-telecom,39.7079,0.0,icmp,1593330139,2020-06-28 07:42:19+00:00
286641780,jinan-telecom,wuhan-telecom,47.1842,0.0,icmp,1593330240,2020-06-28 07:44:00+00:00
286642027,jinan-telecom,wuhan-telecom,40.9969,0.0,icmp,1593330360,2020-06-28 07:46:00+00:00
286642258,jinan-telecom,wuhan-telecom,39.3511,0.0,icmp,1593330439,2020-06-28 07:47:19+00:00
286642456,jinan-telecom,wuhan-telecom,45.9497,0.0,icmp,1593330600,2020-06-28 07:50:00+00:00
286642677,jinan-telecom,wuhan-telecom,39.738,0.0,icmp,1593330739,2020-06-28 07:52:19+00:00
286642932,jinan-telecom,wuhan-telecom,47.1915,0.0,icmp,1593330840,2020-06-28 07:54:00+00:00
286643132,jinan-telecom,wuhan-telecom,45.7757,0.0,icmp,1593330960,2020-06-28 07:56:00+00:00
286643366,jinan-telecom,wuhan-telecom,48.3607,0.0,icmp,1593331080,2020-06-28 07:58:00+00:00
286643590,jinan-telecom,wuhan-telecom,47.4833,0.0,icmp,1593331200,2020-06-28 08:00:00+00:00
286643820,jinan-telecom,wuhan-telecom,46.5263,0.0,icmp,1593331320,2020-06-28 08:02:00+00:00
286644033,jinan-telecom,wuhan-telecom,39.4557,0.0,icmp,1593331384,2020-06-28 08:03:04+00:00
286644260,jinan-telecom,wuhan-telecom,45.7874,0.0,icmp,1593331560,2020-06-28 08:06:00+00:00
286644495,jinan-telecom,wuhan-telecom,46.389,0.0,icmp,1593331680,2020-06-28 08:08:00+00:00
286644722,jinan-telecom,wuhan-telecom,47.233,0.0,icmp,1593331800,2020-06-28 08:10:00+00:00
286644968,jinan-telecom,wuhan-telecom,39.4114,0.0,icmp,1593331939,2020-06-28 08:12:19+00:00
286645152,jinan-telecom,wuhan-telecom,47.906,0.0,icmp,1593332040,2020-06-28 08:14:00+00:00
286645374,jinan-telecom,wuhan-telecom,48.0553,0.0,icmp,1593332160,2020-06-28 08:16:00+00:00
286645609,jinan-telecom,wuhan-telecom,48.4522,0.0,icmp,1593332280,2020-06-28 08:18:00+00:00
286645830,jinan-telecom,wuhan-telecom,48.4882,0.0,icmp,1593332400,2020-06-28 08:20:00+00:00
286646049,jinan-telecom,wuhan-telecom,39.4445,0.0,icmp,1593332465,2020-06-28 08:21:05+00:00
286646288,jinan-telecom,wuhan-telecom,48.1893,0.0,icmp,1593332640,2020-06-28 08:24:00+00:00
286646553,jinan-telecom,wuhan-telecom,49.0002,0.0,icmp,1593332760,2020-06-28 08:26:00+00:00
286646730,jinan-telecom,wuhan-telecom,47.8838,0.0,icmp,1593332880,2020-06-28 08:28:00+00:00
286646950,jinan-telecom,wuhan-telecom,45.0636,0.0,icmp,1593333004,2020-06-28 08:30:04+00:00
286647192,jinan-telecom,wuhan-telecom,49.2043,0.0,icmp,1593333120,2020-06-28 08:32:00+00:00
286647415,jinan-telecom,wuhan-telecom,46.6484,0.0,icmp,1593333240,2020-06-28 08:34:00+00:00
286647648,jinan-telecom,wuhan-telecom,46.7812,0.0,icmp,1593333360,2020-06-28 08:36:00+00:00
286647869,jinan-telecom,wuhan-telecom,39.3515,0.0,icmp,1593333499,2020-06-28 08:38:19+00:00
286648062,jinan-telecom,wuhan-telecom,46.673,0.0,icmp,1593333600,2020-06-28 08:40:00+00:00
286648298,jinan-telecom,wuhan-telecom,48.7292,0.0,icmp,1593333720,2020-06-28 08:42:00+00:00
286648535,jinan-telecom,wuhan-telecom,39.4261,0.0,icmp,1593333859,2020-06-28 08:44:19+00:00
286648746,jinan-telecom,wuhan-telecom,46.8994,0.0,icmp,1593333960,2020-06-28 08:46:00+00:00
286649006,jinan-telecom,wuhan-telecom,46.2085,0.0,icmp,1593334080,2020-06-28 08:48:00+00:00
286649208,jinan-telecom,wuhan-telecom,46.1926,0.0,icmp,1593334200,2020-06-28 08:50:00+00:00
286649442,jinan-telecom,wuhan-telecom,39.4633,0.0,icmp,1593334279,2020-06-28 08:51:19+00:00
286649673,jinan-telecom,wuhan-telecom,39.3817,0.0,icmp,1593334459,2020-06-28 08:54:19+00:00
286649895,jinan-telecom,wuhan-telecom,48.9642,0.0,icmp,1593334560,2020-06-28 08:56:00+00:00
286650103,jinan-telecom,wuhan-telecom,46.6225,0.0,icmp,1593334680,2020-06-28 08:58:00+00:00
286650341,jinan-telecom,wuhan-telecom,39.4655,0.0,icmp,1593334745,2020-06-28 08:59:05+00:00
286650545,jinan-telecom,wuhan-telecom,48.5852,0.0,icmp,1593334920,2020-06-28 09:02:00+00:00
286650785,jinan-telecom,wuhan-telecom,46.7191,0.0,icmp,1593335040,2020-06-28 09:04:00+00:00
286651022,jinan-telecom,wuhan-telecom,47.3236,0.0,icmp,1593335160,2020-06-28 09:06:00+00:00
286651223,jinan-telecom,wuhan-telecom,51.4475,0.0,icmp,1593335280,2020-06-28 09:08:00+00:00
286651459,jinan-telecom,wuhan-telecom,39.4244,0.0,icmp,1593335359,2020-06-28 09:09:19+00:00
286651703,jinan-telecom,wuhan-telecom,39.6294,0.0,icmp,1593335479,2020-06-28 09:11:19+00:00
286651903,jinan-telecom,wuhan-telecom,46.78,0.0,icmp,1593335640,2020-06-28 09:14:00+00:00
286652129,jinan-telecom,wuhan-telecom,46.7378,0.0,icmp,1593335760,2020-06-28 09:16:00+00:00
286652377,jinan-telecom,wuhan-telecom,48.3468,0.0,icmp,1593335880,2020-06-28 09:18:00+00:00
286652586,jinan-telecom,wuhan-telecom,39.91,0.0,icmp,1593336000,2020-06-28 09:20:00+00:00
286652821,jinan-telecom,wuhan-telecom,39.3707,0.0,icmp,1593336139,2020-06-28 09:22:19+00:00
286653017,jinan-telecom,wuhan-telecom,49.8016,0.0,icmp,1593336240,2020-06-28 09:24:00+00:00
286653232,jinan-telecom,wuhan-telecom,45.6899,0.0,icmp,1593336360,2020-06-28 09:26:00+00:00
286653488,jinan-telecom,wuhan-telecom,46.1782,0.0,icmp,1593336480,2020-06-28 09:28:00+00:00
286653731,jinan-telecom,wuhan-telecom,46.0135,0.0,icmp,1593336600,2020-06-28 09:30:00+00:00
286653928,jinan-telecom,wuhan-telecom,48.5673,0.0,icmp,1593336720,2020-06-28 09:32:00+00:00
286654147,jinan-telecom,wuhan-telecom,46.1411,0.0,icmp,1593336840,2020-06-28 09:34:00+00:00
286654376,jinan-telecom,wuhan-telecom,39.689,0.0,icmp,1593336919,2020-06-28 09:35:19+00:00
286654620,jinan-telecom,wuhan-telecom,39.3202,0.0,icmp,1593337099,2020-06-28 09:38:19+00:00
286654836,jinan-telecom,wuhan-telecom,46.3992,0.0,icmp,1593337200,2020-06-28 09:40:00+00:00
286655071,jinan-telecom,wuhan-telecom,39.4205,0.0,icmp,1593337339,2020-06-28 09:42:19+00:00
286655301,jinan-telecom,wuhan-telecom,39.3686,0.0,icmp,1593337459,2020-06-28 09:44:19+00:00
286655502,jinan-telecom,wuhan-telecom,46.9008,0.0,icmp,1593337560,2020-06-28 09:46:00+00:00
286655747,jinan-telecom,wuhan-telecom,39.3934,0.0,icmp,1593337699,2020-06-28 09:48:19+00:00
286656000,jinan-telecom,wuhan-telecom,45.5571,0.0,icmp,1593337800,2020-06-28 09:50:00+00:00
286656192,jinan-telecom,wuhan-telecom,46.1565,0.0,icmp,1593337920,2020-06-28 09:52:00+00:00
286656408,jinan-telecom,wuhan-telecom,48.2007,0.0,icmp,1593338040,2020-06-28 09:54:00+00:00
286656627,jinan-telecom,wuhan-telecom,45.5353,0.0,icmp,1593338160,2020-06-28 09:56:00+00:00
286656833,jinan-telecom,wuhan-telecom,39.4098,0.0,icmp,1593338299,2020-06-28 09:58:19+00:00
286657080,jinan-telecom,wuhan-telecom,43.4273,16.0,icmp,1593338400,2020-06-28 10:00:00+00:00
286657301,jinan-telecom,wuhan-telecom,30.8681,0.0,icmp,1593338479,2020-06-28 10:01:19+00:00
286657522,jinan-telecom,wuhan-telecom,35.9173,0.0,icmp,1593338640,2020-06-28 10:04:00+00:00
286657772,jinan-telecom,wuhan-telecom,38.7139,0.0,icmp,1593338760,2020-06-28 10:06:00+00:00
286657997,jinan-telecom,wuhan-telecom,38.9557,0.0,icmp,1593338880,2020-06-28 10:08:00+00:00
286658244,jinan-telecom,wuhan-telecom,33.9507,0.0,icmp,1593339000,2020-06-28 10:10:00+00:00
286658448,jinan-telecom,wuhan-telecom,42.2257,0.0,icmp,1593339120,2020-06-28 10:12:00+00:00
286658673,jinan-telecom,wuhan-telecom,43.5049,0.0,icmp,1593339240,2020-06-28 10:14:00+00:00
286658869,jinan-telecom,wuhan-telecom,33.1076,0.0,icmp,1593339319,2020-06-28 10:15:19+00:00
286659077,jinan-telecom,wuhan-telecom,41.9865,0.0,icmp,1593339480,2020-06-28 10:18:00+00:00
286659324,jinan-telecom,wuhan-telecom,45.2107,0.0,icmp,1593339600,2020-06-28 10:20:00+00:00
286659556,jinan-telecom,wuhan-telecom,41.4714,0.0,icmp,1593339720,2020-06-28 10:22:00+00:00
286659770,jinan-telecom,wuhan-telecom,42.7844,0.0,icmp,1593339840,2020-06-28 10:24:00+00:00
286659999,jinan-telecom,wuhan-telecom,46.0124,0.0,icmp,1593339960,2020-06-28 10:26:00+00:00
286660241,jinan-telecom,wuhan-telecom,35.6274,0.0,icmp,1593340080,2020-06-28 10:28:00+00:00
286660460,jinan-telecom,wuhan-telecom,41.2205,0.0,icmp,1593340200,2020-06-28 10:30:00+00:00
286660696,jinan-telecom,wuhan-telecom,43.8997,0.0,icmp,1593340320,2020-06-28 10:32:00+00:00
286660919,jinan-telecom,wuhan-telecom,43.0183,0.0,icmp,1593340440,2020-06-28 10:34:00+00:00
286661132,jinan-telecom,wuhan-telecom,42.5204,0.0,icmp,1593340560,2020-06-28 10:36:00+00:00
286661341,jinan-telecom,wuhan-telecom,41.2044,0.0,icmp,1593340680,2020-06-28 10:38:00+00:00
286661587,jinan-telecom,wuhan-telecom,33.1503,0.0,icmp,1593340819,2020-06-28 10:40:19+00:00
286661801,jinan-telecom,wuhan-telecom,35.5259,0.0,icmp,1593340920,2020-06-28 10:42:00+00:00
286662038,jinan-telecom,wuhan-telecom,41.9877,0.0,icmp,1593341040,2020-06-28 10:44:00+00:00
286662261,jinan-telecom,wuhan-telecom,43.4825,0.0,icmp,1593341160,2020-06-28 10:46:00+00:00
286662456,jinan-telecom,wuhan-telecom,43.4953,0.0,icmp,1593341280,2020-06-28 10:48:00+00:00
286662727,jinan-telecom,wuhan-telecom,42.8398,0.0,icmp,1593341400,2020-06-28 10:50:00+00:00
286662943,jinan-telecom,wuhan-telecom,40.7214,0.0,icmp,1593341520,2020-06-28 10:52:00+00:00
286663161,jinan-telecom,wuhan-telecom,40.2819,0.0,icmp,1593341640,2020-06-28 10:54:00+00:00
286663374,jinan-telecom,wuhan-telecom,38.6083,0.0,icmp,1593341760,2020-06-28 10:56:00+00:00
286663606,jinan-telecom,wuhan-telecom,33.1628,0.0,icmp,1593341839,2020-06-28 10:57:19+00:00
286663824,jinan-telecom,wuhan-telecom,40.9566,0.0,icmp,1593342000,2020-06-28 11:00:00+00:00
286664083,jinan-telecom,wuhan-telecom,33.1067,0.0,icmp,1593342079,2020-06-28 11:01:19+00:00
286664281,jinan-telecom,wuhan-telecom,40.7293,0.0,icmp,1593342240,2020-06-28 11:04:00+00:00
286664525,jinan-telecom,wuhan-telecom,41.2155,0.0,icmp,1593342360,2020-06-28 11:06:00+00:00
286664732,jinan-telecom,wuhan-telecom,41.7293,0.0,icmp,1593342480,2020-06-28 11:08:00+00:00
286664978,jinan-telecom,wuhan-telecom,41.7286,0.0,icmp,1593342600,2020-06-28 11:10:00+00:00
286665172,jinan-telecom,wuhan-telecom,33.1518,0.0,icmp,1593342739,2020-06-28 11:12:19+00:00
286665446,jinan-telecom,wuhan-telecom,41.1343,0.0,icmp,1593342840,2020-06-28 11:14:00+00:00
286665640,jinan-telecom,wuhan-telecom,42.3278,0.0,icmp,1593342960,2020-06-28 11:16:00+00:00
286665865,jinan-telecom,wuhan-telecom,42.1785,0.0,icmp,1593343080,2020-06-28 11:18:00+00:00
286666062,jinan-telecom,wuhan-telecom,33.2014,0.0,icmp,1593343219,2020-06-28 11:20:19+00:00
286666296,jinan-telecom,wuhan-telecom,38.2868,0.0,icmp,1593343320,2020-06-28 11:22:00+00:00
286666512,jinan-telecom,wuhan-telecom,43.1493,0.0,icmp,1593343440,2020-06-28 11:24:00+00:00
286666754,jinan-telecom,wuhan-telecom,35.8623,0.0,icmp,1593343560,2020-06-28 11:26:00+00:00
286666955,jinan-telecom,wuhan-telecom,33.1263,0.0,icmp,1593343639,2020-06-28 11:27:19+00:00
286667209,jinan-telecom,wuhan-telecom,42.621,0.0,icmp,1593343800,2020-06-28 11:30:00+00:00
286667420,jinan-telecom,wuhan-telecom,43.0281,0.0,icmp,1593343920,2020-06-28 11:32:00+00:00
286667680,jinan-telecom,wuhan-telecom,44.2659,0.0,icmp,1593344040,2020-06-28 11:34:00+00:00
286667895,jinan-telecom,wuhan-telecom,42.1149,0.0,icmp,1593344160,2020-06-28 11:36:00+00:00
286668140,jinan-telecom,wuhan-telecom,41.5978,0.0,icmp,1593344280,2020-06-28 11:38:00+00:00
286668325,jinan-telecom,wuhan-telecom,42.7578,0.0,icmp,1593344400,2020-06-28 11:40:00+00:00
286668578,jinan-telecom,wuhan-telecom,33.1324,0.0,icmp,1593344479,2020-06-28 11:41:19+00:00
286668776,jinan-telecom,wuhan-telecom,41.8855,0.0,icmp,1593344640,2020-06-28 11:44:00+00:00
286669019,jinan-telecom,wuhan-telecom,41.2372,0.0,icmp,1593344760,2020-06-28 11:46:00+00:00
286669235,jinan-telecom,wuhan-telecom,33.1375,0.0,icmp,1593344839,2020-06-28 11:47:19+00:00
286669468,jinan-telecom,wuhan-telecom,36.9693,0.0,icmp,1593345000,2020-06-28 11:50:00+00:00
286669686,jinan-telecom,wuhan-telecom,40.2013,0.0,icmp,1593345120,2020-06-28 11:52:00+00:00
286669914,jinan-telecom,wuhan-telecom,33.2572,0.0,icmp,1593345259,2020-06-28 11:54:19+00:00
286670146,jinan-telecom,wuhan-telecom,43.8178,0.0,icmp,1593345360,2020-06-28 11:56:00+00:00
286670368,jinan-telecom,wuhan-telecom,41.7157,0.0,icmp,1593345480,2020-06-28 11:58:00+00:00
286670556,jinan-telecom,wuhan-telecom,42.5084,0.0,icmp,1593345600,2020-06-28 12:00:00+00:00
286670802,jinan-telecom,wuhan-telecom,41.7812,0.0,icmp,1593345720,2020-06-28 12:02:00+00:00
286671043,jinan-telecom,wuhan-telecom,44.4901,0.0,icmp,1593345840,2020-06-28 12:04:00+00:00
286671264,jinan-telecom,wuhan-telecom,41.5452,0.0,icmp,1593345960,2020-06-28 12:06:00+00:00
286671465,jinan-telecom,wuhan-telecom,40.4078,0.0,icmp,1593346080,2020-06-28 12:08:00+00:00
286671708,jinan-telecom,wuhan-telecom,33.1739,0.0,icmp,1593346159,2020-06-28 12:09:19+00:00
286671922,jinan-telecom,wuhan-telecom,33.1138,0.0,icmp,1593346279,2020-06-28 12:11:19+00:00
286672153,jinan-telecom,wuhan-telecom,40.2662,0.0,icmp,1593346440,2020-06-28 12:14:00+00:00
286672384,jinan-telecom,wuhan-telecom,33.1694,0.0,icmp,1593346519,2020-06-28 12:15:19+00:00
286672596,jinan-telecom,wuhan-telecom,41.9935,0.0,icmp,1593346680,2020-06-28 12:18:00+00:00
286672820,jinan-telecom,wuhan-telecom,33.1543,0.0,icmp,1593346819,2020-06-28 12:20:19+00:00
286673047,jinan-telecom,wuhan-telecom,42.0769,0.0,icmp,1593346920,2020-06-28 12:22:00+00:00
286673262,jinan-telecom,wuhan-telecom,33.1185,0.0,icmp,1593346999,2020-06-28 12:23:19+00:00
286673503,jinan-telecom,wuhan-telecom,43.5625,0.0,icmp,1593347160,2020-06-28 12:26:00+00:00
286673738,jinan-telecom,wuhan-telecom,33.4979,0.0,icmp,1593347239,2020-06-28 12:27:19+00:00
286673952,jinan-telecom,wuhan-telecom,33.1072,0.0,icmp,1593347419,2020-06-28 12:30:19+00:00
286674178,jinan-telecom,wuhan-telecom,42.738,0.0,icmp,1593347520,2020-06-28 12:32:00+00:00
286674404,jinan-telecom,wuhan-telecom,40.9907,0.0,icmp,1593347640,2020-06-28 12:34:00+00:00
286674641,jinan-telecom,wuhan-telecom,46.514,0.0,icmp,1593347760,2020-06-28 12:36:00+00:00
286674864,jinan-telecom,wuhan-telecom,39.3246,0.0,icmp,1593347839,2020-06-28 12:37:19+00:00
286675092,jinan-telecom,wuhan-telecom,47.1541,0.0,icmp,1593348000,2020-06-28 12:40:00+00:00
286675306,jinan-telecom,wuhan-telecom,47.2864,0.0,icmp,1593348120,2020-06-28 12:42:00+00:00
286675530,jinan-telecom,wuhan-telecom,39.4903,0.0,icmp,1593348199,2020-06-28 12:43:19+00:00
286675771,jinan-telecom,wuhan-telecom,45.2938,0.0,icmp,1593348360,2020-06-28 12:46:00+00:00
286676014,jinan-telecom,wuhan-telecom,46.7806,0.0,icmp,1593348480,2020-06-28 12:48:00+00:00
286676211,jinan-telecom,wuhan-telecom,47.8369,0.0,icmp,1593348600,2020-06-28 12:50:00+00:00
286676445,jinan-telecom,wuhan-telecom,39.4391,0.0,icmp,1593348679,2020-06-28 12:51:19+00:00
286676629,jinan-telecom,wuhan-telecom,46.7796,0.0,icmp,1593348840,2020-06-28 12:54:00+00:00
286676862,jinan-telecom,wuhan-telecom,45.8759,0.0,icmp,1593348960,2020-06-28 12:56:00+00:00
286677136,jinan-telecom,wuhan-telecom,48.0621,0.0,icmp,1593349080,2020-06-28 12:58:00+00:00
286677330,jinan-telecom,wuhan-telecom,45.235,0.0,icmp,1593349200,2020-06-28 13:00:00+00:00
286677538,jinan-telecom,wuhan-telecom,39.3841,0.0,icmp,1593349279,2020-06-28 13:01:19+00:00
286677782,jinan-telecom,wuhan-telecom,46.2218,0.0,icmp,1593349440,2020-06-28 13:04:00+00:00
286678017,jinan-telecom,wuhan-telecom,42.0863,0.0,icmp,1593349560,2020-06-28 13:06:00+00:00
286678249,jinan-telecom,wuhan-telecom,44.9847,0.0,icmp,1593349680,2020-06-28 13:08:00+00:00
286678483,jinan-telecom,wuhan-telecom,39.6093,0.0,icmp,1593349819,2020-06-28 13:10:19+00:00
286678685,jinan-telecom,wuhan-telecom,46.6621,0.0,icmp,1593349920,2020-06-28 13:12:00+00:00
286678903,jinan-telecom,wuhan-telecom,46.8292,0.0,icmp,1593350040,2020-06-28 13:14:00+00:00
286679141,jinan-telecom,wuhan-telecom,39.3591,0.0,icmp,1593350179,2020-06-28 13:16:19+00:00
286679322,jinan-telecom,wuhan-telecom,39.5117,0.0,icmp,1593350299,2020-06-28 13:18:19+00:00
286679574,jinan-telecom,wuhan-telecom,39.3559,0.0,icmp,1593350419,2020-06-28 13:20:19+00:00
286679811,jinan-telecom,wuhan-telecom,47.5044,0.0,icmp,1593350520,2020-06-28 13:22:00+00:00
286680019,jinan-telecom,wuhan-telecom,47.5677,0.0,icmp,1593350640,2020-06-28 13:24:00+00:00
286680274,jinan-telecom,wuhan-telecom,45.7598,0.0,icmp,1593350760,2020-06-28 13:26:00+00:00
286680485,jinan-telecom,wuhan-telecom,46.0202,0.0,icmp,1593350880,2020-06-28 13:28:00+00:00
286680707,jinan-telecom,wuhan-telecom,39.4162,0.0,icmp,1593350959,2020-06-28 13:29:19+00:00
286680944,jinan-telecom,wuhan-telecom,47.7269,0.0,icmp,1593351120,2020-06-28 13:32:00+00:00
286681134,jinan-telecom,wuhan-telecom,47.4623,0.0,icmp,1593351240,2020-06-28 13:34:00+00:00
286681394,jinan-telecom,wuhan-telecom,49.3993,0.0,icmp,1593351360,2020-06-28 13:36:00+00:00
286681628,jinan-telecom,wuhan-telecom,47.5747,0.0,icmp,1593351480,2020-06-28 13:38:00+00:00
286681841,jinan-telecom,wuhan-telecom,46.4258,0.0,icmp,1593351600,2020-06-28 13:40:00+00:00
286682044,jinan-telecom,wuhan-telecom,47.582,0.0,icmp,1593351720,2020-06-28 13:42:00+00:00
286682308,jinan-telecom,wuhan-telecom,47.8222,0.0,icmp,1593351840,2020-06-28 13:44:00+00:00
286682504,jinan-telecom,wuhan-telecom,39.3737,0.0,icmp,1593351979,2020-06-28 13:46:19+00:00
286682725,jinan-telecom,wuhan-telecom,46.7771,0.0,icmp,1593352080,2020-06-28 13:48:00+00:00
286682933,jinan-telecom,wuhan-telecom,39.3306,0.0,icmp,1593352219,2020-06-28 13:50:19+00:00
286683196,jinan-telecom,wuhan-telecom,46.8702,0.0,icmp,1593352320,2020-06-28 13:52:00+00:00
286683431,jinan-telecom,wuhan-telecom,47.7895,0.0,icmp,1593352440,2020-06-28 13:54:00+00:00
286683626,jinan-telecom,wuhan-telecom,50.4636,0.0,icmp,1593352560,2020-06-28 13:56:00+00:00
286683883,jinan-telecom,wuhan-telecom,39.4419,0.0,icmp,1593352699,2020-06-28 13:58:19+00:00
286684078,jinan-telecom,wuhan-telecom,48.2993,0.0,icmp,1593352800,2020-06-28 14:00:00+00:00
286684288,jinan-telecom,wuhan-telecom,45.642,0.0,icmp,1593352920,2020-06-28 14:02:00+00:00
286684519,jinan-telecom,wuhan-telecom,39.431,0.0,icmp,1593353059,2020-06-28 14:04:19+00:00
286684734,jinan-telecom,wuhan-telecom,42.8179,0.0,icmp,1593353160,2020-06-28 14:06:00+00:00
286684958,jinan-telecom,wuhan-telecom,45.9568,0.0,icmp,1593353280,2020-06-28 14:08:00+00:00
286685251,jinan-telecom,wuhan-telecom,47.6656,0.0,icmp,1593353400,2020-06-28 14:10:00+00:00
286685430,jinan-telecom,wuhan-telecom,47.7372,0.0,icmp,1593353520,2020-06-28 14:12:00+00:00
286685700,jinan-telecom,wuhan-telecom,39.5784,0.0,icmp,1593353645,2020-06-28 14:14:05+00:00
286685834,jinan-telecom,wuhan-telecom,48.7563,0.0,icmp,1593353760,2020-06-28 14:16:00+00:00
286686101,jinan-telecom,wuhan-telecom,47.4411,0.0,icmp,1593353880,2020-06-28 14:18:00+00:00
286686319,jinan-telecom,wuhan-telecom,39.5042,0.0,icmp,1593354005,2020-06-28 14:20:05+00:00
286686543,jinan-telecom,wuhan-telecom,46.9099,0.0,icmp,1593354120,2020-06-28 14:22:00+00:00
286686787,jinan-telecom,wuhan-telecom,39.3386,0.0,icmp,1593354259,2020-06-28 14:24:19+00:00
286686996,jinan-telecom,wuhan-telecom,48.5463,0.0,icmp,1593354360,2020-06-28 14:26:00+00:00
286687229,jinan-telecom,wuhan-telecom,46.093,0.0,icmp,1593354480,2020-06-28 14:28:00+00:00
286687443,jinan-telecom,wuhan-telecom,39.4909,0.0,icmp,1593354619,2020-06-28 14:30:19+00:00
286687704,jinan-telecom,wuhan-telecom,49.6561,0.0,icmp,1593354720,2020-06-28 14:32:00+00:00
286687924,jinan-telecom,wuhan-telecom,39.548,0.0,icmp,1593354799,2020-06-28 14:33:19+00:00
286688133,jinan-telecom,wuhan-telecom,47.4075,0.0,icmp,1593354960,2020-06-28 14:36:00+00:00
286688365,jinan-telecom,wuhan-telecom,39.4691,0.0,icmp,1593355024,2020-06-28 14:37:04+00:00
286688590,jinan-telecom,wuhan-telecom,47.0787,0.0,icmp,1593355200,2020-06-28 14:40:00+00:00
286688797,jinan-telecom,wuhan-telecom,39.6305,0.0,icmp,1593355339,2020-06-28 14:42:19+00:00
286689022,jinan-telecom,wuhan-telecom,48.4041,0.0,icmp,1593355440,2020-06-28 14:44:00+00:00
286689263,jinan-telecom,wuhan-telecom,47.2695,0.0,icmp,1593355560,2020-06-28 14:46:00+00:00
286689470,jinan-telecom,wuhan-telecom,49.0791,0.0,icmp,1593355680,2020-06-28 14:48:00+00:00
286689717,jinan-telecom,wuhan-telecom,46.0529,0.0,icmp,1593355800,2020-06-28 14:50:00+00:00
286689940,jinan-telecom,wuhan-telecom,48.8486,0.0,icmp,1593355920,2020-06-28 14:52:00+00:00
286690155,jinan-telecom,wuhan-telecom,47.8902,0.0,icmp,1593356040,2020-06-28 14:54:00+00:00
286690393,jinan-telecom,wuhan-telecom,47.6705,0.0,icmp,1593356160,2020-06-28 14:56:00+00:00
286690607,jinan-telecom,wuhan-telecom,46.3423,0.0,icmp,1593356280,2020-06-28 14:58:00+00:00
286690828,jinan-telecom,wuhan-telecom,47.8244,0.0,icmp,1593356400,2020-06-28 15:00:00+00:00
286691068,jinan-telecom,wuhan-telecom,48.7704,0.0,icmp,1593356520,2020-06-28 15:02:00+00:00
286691272,jinan-telecom,wuhan-telecom,48.5591,0.0,icmp,1593356640,2020-06-28 15:04:00+00:00
286691511,jinan-telecom,wuhan-telecom,45.8633,0.0,icmp,1593356760,2020-06-28 15:06:00+00:00
286691731,jinan-telecom,wuhan-telecom,47.42,0.0,icmp,1593356880,2020-06-28 15:08:00+00:00
286691969,jinan-telecom,wuhan-telecom,39.4121,0.0,icmp,1593357019,2020-06-28 15:10:19+00:00
286692184,jinan-telecom,wuhan-telecom,47.9785,0.0,icmp,1593357120,2020-06-28 15:12:00+00:00
286692426,jinan-telecom,wuhan-telecom,47.5868,0.0,icmp,1593357240,2020-06-28 15:14:00+00:00
286692622,jinan-telecom,wuhan-telecom,39.3397,0.0,icmp,1593357319,2020-06-28 15:15:19+00:00
286692858,jinan-telecom,wuhan-telecom,47.4449,0.0,icmp,1593357480,2020-06-28 15:18:00+00:00
286693072,jinan-telecom,wuhan-telecom,44.8807,0.0,icmp,1593357600,2020-06-28 15:20:00+00:00
286693287,jinan-telecom,wuhan-telecom,47.3945,0.0,icmp,1593357720,2020-06-28 15:22:00+00:00
286693536,jinan-telecom,wuhan-telecom,42.4163,0.0,icmp,1593357840,2020-06-28 15:24:00+00:00
286693766,jinan-telecom,wuhan-telecom,39.3577,0.0,icmp,1593357979,2020-06-28 15:26:19+00:00
286693983,jinan-telecom,wuhan-telecom,48.5945,0.0,icmp,1593358080,2020-06-28 15:28:00+00:00
286694180,jinan-telecom,wuhan-telecom,40.7051,0.0,icmp,1593358200,2020-06-28 15:30:00+00:00
286694403,jinan-telecom,wuhan-telecom,39.4197,0.0,icmp,1593358339,2020-06-28 15:32:19+00:00
286694670,jinan-telecom,wuhan-telecom,47.4009,0.0,icmp,1593358440,2020-06-28 15:34:00+00:00
286694861,jinan-telecom,wuhan-telecom,46.4229,0.0,icmp,1593358560,2020-06-28 15:36:00+00:00
286695101,jinan-telecom,wuhan-telecom,46.807,0.0,icmp,1593358680,2020-06-28 15:38:00+00:00
286695367,jinan-telecom,wuhan-telecom,39.4325,0.0,icmp,1593358759,2020-06-28 15:39:19+00:00
286695591,jinan-telecom,wuhan-telecom,44.2011,0.0,icmp,1593358920,2020-06-28 15:42:00+00:00
286695773,jinan-telecom,wuhan-telecom,45.9957,0.0,icmp,1593359040,2020-06-28 15:44:00+00:00
286696003,jinan-telecom,wuhan-telecom,44.3284,0.0,icmp,1593359160,2020-06-28 15:46:00+00:00
286696234,jinan-telecom,wuhan-telecom,46.1217,0.0,icmp,1593359280,2020-06-28 15:48:00+00:00
286696495,jinan-telecom,wuhan-telecom,48.0318,0.0,icmp,1593359400,2020-06-28 15:50:00+00:00
286696691,jinan-telecom,wuhan-telecom,47.5801,0.0,icmp,1593359520,2020-06-28 15:52:00+00:00
286696914,jinan-telecom,wuhan-telecom,39.37,0.0,icmp,1593359659,2020-06-28 15:54:19+00:00
286697134,jinan-telecom,wuhan-telecom,47.2716,0.0,icmp,1593359760,2020-06-28 15:56:00+00:00
286697355,jinan-telecom,wuhan-telecom,48.1363,0.0,icmp,1593359880,2020-06-28 15:58:00+00:00
286697581,jinan-telecom,wuhan-telecom,44.5629,0.0,icmp,1593360000,2020-06-28 16:00:00+00:00
286697824,jinan-telecom,wuhan-telecom,40.4512,0.0,icmp,1593360124,2020-06-28 16:02:04+00:00
286698043,jinan-telecom,wuhan-telecom,46.1052,0.0,icmp,1593360240,2020-06-28 16:04:00+00:00
292239370,jinan-telecom,wuhan-telecom,51.4363,0.0,icmp,1593360360,2020-06-28 16:06:00+00:00
292239614,jinan-telecom,wuhan-telecom,39.3684,0.0,icmp,1593360499,2020-06-28 16:08:19+00:00
292239845,jinan-telecom,wuhan-telecom,47.7038,0.0,icmp,1593360600,2020-06-28 16:10:00+00:00
292240025,jinan-telecom,wuhan-telecom,46.0891,0.0,icmp,1593360720,2020-06-28 16:12:00+00:00
292240271,jinan-telecom,wuhan-telecom,39.4888,0.0,icmp,1593360859,2020-06-28 16:14:19+00:00
292240488,jinan-telecom,wuhan-telecom,48.6421,0.0,icmp,1593360960,2020-06-28 16:16:00+00:00
292240700,jinan-telecom,wuhan-telecom,39.4608,0.0,icmp,1593361090,2020-06-28 16:18:10+00:00
292240892,jinan-telecom,wuhan-telecom,39.3839,0.0,icmp,1593361219,2020-06-28 16:20:19+00:00
292241130,jinan-telecom,wuhan-telecom,52.6258,0.0,icmp,1593361320,2020-06-28 16:22:00+00:00
292241329,jinan-telecom,wuhan-telecom,51.2869,0.0,icmp,1593361440,2020-06-28 16:24:00+00:00
292241573,jinan-telecom,wuhan-telecom,50.1486,0.0,icmp,1593361560,2020-06-28 16:26:00+00:00
292241774,jinan-telecom,wuhan-telecom,45.652,0.0,icmp,1593361680,2020-06-28 16:28:00+00:00
292241978,jinan-telecom,wuhan-telecom,47.5728,0.0,icmp,1593361800,2020-06-28 16:30:00+00:00
292242226,jinan-telecom,wuhan-telecom,41.8641,0.0,icmp,1593361920,2020-06-28 16:32:00+00:00
292242394,jinan-telecom,wuhan-telecom,47.4772,0.0,icmp,1593362040,2020-06-28 16:34:00+00:00
292242614,jinan-telecom,wuhan-telecom,48.0119,0.0,icmp,1593362160,2020-06-28 16:36:00+00:00
292242863,jinan-telecom,wuhan-telecom,46.9511,0.0,icmp,1593362280,2020-06-28 16:38:00+00:00
292243053,jinan-telecom,wuhan-telecom,41.3411,0.0,icmp,1593362400,2020-06-28 16:40:00+00:00
292243259,jinan-telecom,wuhan-telecom,45.1212,0.0,icmp,1593362520,2020-06-28 16:42:00+00:00
292243470,jinan-telecom,wuhan-telecom,39.3329,0.0,icmp,1593362599,2020-06-28 16:43:19+00:00
292243700,jinan-telecom,wuhan-telecom,46.326,0.0,icmp,1593362760,2020-06-28 16:46:00+00:00
292243905,jinan-telecom,wuhan-telecom,39.3636,0.0,icmp,1593362899,2020-06-28 16:48:19+00:00
292244098,jinan-telecom,wuhan-telecom,50.848,0.0,icmp,1593363000,2020-06-28 16:50:00+00:00
292244330,jinan-telecom,wuhan-telecom,39.3697,0.0,icmp,1593363139,2020-06-28 16:52:19+00:00
292244526,jinan-telecom,wuhan-telecom,46.0776,0.0,icmp,1593363240,2020-06-28 16:54:00+00:00
292244755,jinan-telecom,wuhan-telecom,39.3627,0.0,icmp,1593363379,2020-06-28 16:56:19+00:00
292244965,jinan-telecom,wuhan-telecom,46.8811,0.0,icmp,1593363480,2020-06-28 16:58:00+00:00
292245220,jinan-telecom,wuhan-telecom,39.5399,0.0,icmp,1593363559,2020-06-28 16:59:19+00:00
292245407,jinan-telecom,wuhan-telecom,47.331,0.0,icmp,1593363720,2020-06-28 17:02:00+00:00
292245604,jinan-telecom,wuhan-telecom,46.0462,0.0,icmp,1593363840,2020-06-28 17:04:00+00:00
292245833,jinan-telecom,wuhan-telecom,47.4995,0.0,icmp,1593363960,2020-06-28 17:06:00+00:00
292246026,jinan-telecom,wuhan-telecom,44.5435,0.0,icmp,1593364080,2020-06-28 17:08:00+00:00
292246234,jinan-telecom,wuhan-telecom,42.2152,0.0,icmp,1593364200,2020-06-28 17:10:00+00:00
292246439,jinan-telecom,wuhan-telecom,45.5174,0.0,icmp,1593364320,2020-06-28 17:12:00+00:00
292246667,jinan-telecom,wuhan-telecom,40.4647,0.0,icmp,1593364440,2020-06-28 17:14:00+00:00
292246921,jinan-telecom,wuhan-telecom,42.4103,0.0,icmp,1593364560,2020-06-28 17:16:00+00:00
292247122,jinan-telecom,wuhan-telecom,39.416,0.0,icmp,1593364699,2020-06-28 17:18:19+00:00
292247332,jinan-telecom,wuhan-telecom,46.7644,0.0,icmp,1593364800,2020-06-28 17:20:00+00:00
292247521,jinan-telecom,wuhan-telecom,39.3254,0.0,icmp,1593364939,2020-06-28 17:22:19+00:00
292247734,jinan-telecom,wuhan-telecom,45.339,0.0,icmp,1593365040,2020-06-28 17:24:00+00:00
292247950,jinan-telecom,wuhan-telecom,39.458,0.0,icmp,1593365119,2020-06-28 17:25:19+00:00
292248183,jinan-telecom,wuhan-telecom,45.4943,0.0,icmp,1593365280,2020-06-28 17:28:00+00:00
292248372,jinan-telecom,wuhan-telecom,39.4227,0.0,icmp,1593365419,2020-06-28 17:30:19+00:00
292248575,jinan-telecom,wuhan-telecom,39.3538,0.0,icmp,1593365539,2020-06-28 17:32:19+00:00
292248803,jinan-telecom,wuhan-telecom,39.4426,0.0,icmp,1593365659,2020-06-28 17:34:19+00:00
292248996,jinan-telecom,wuhan-telecom,44.9183,0.0,icmp,1593365760,2020-06-28 17:36:00+00:00
292249231,jinan-telecom,wuhan-telecom,45.2516,0.0,icmp,1593365880,2020-06-28 17:38:00+00:00
292249417,jinan-telecom,wuhan-telecom,47.6043,0.0,icmp,1593366000,2020-06-28 17:40:00+00:00
292249611,jinan-telecom,wuhan-telecom,39.3036,0.0,icmp,1593366139,2020-06-28 17:42:19+00:00
292249876,jinan-telecom,wuhan-telecom,45.1396,0.0,icmp,1593366240,2020-06-28 17:44:00+00:00
292250071,jinan-telecom,wuhan-telecom,39.8682,0.0,icmp,1593366360,2020-06-28 17:46:00+00:00
292250291,jinan-telecom,wuhan-telecom,39.3725,0.0,icmp,1593366439,2020-06-28 17:47:19+00:00
292250491,jinan-telecom,wuhan-telecom,47.6222,0.0,icmp,1593366600,2020-06-28 17:50:00+00:00
292250711,jinan-telecom,wuhan-telecom,42.4988,0.0,icmp,1593366720,2020-06-28 17:52:00+00:00
292250920,jinan-telecom,wuhan-telecom,48.4135,0.0,icmp,1593366840,2020-06-28 17:54:00+00:00
292251151,jinan-telecom,wuhan-telecom,46.6282,0.0,icmp,1593366960,2020-06-28 17:56:00+00:00
292251373,jinan-telecom,wuhan-telecom,47.4849,0.0,icmp,1593367080,2020-06-28 17:58:00+00:00
292251587,jinan-telecom,wuhan-telecom,41.7535,0.0,icmp,1593367200,2020-06-28 18:00:00+00:00
292251834,jinan-telecom,wuhan-telecom,39.3576,0.0,icmp,1593367339,2020-06-28 18:02:19+00:00
292252036,jinan-telecom,wuhan-telecom,43.7036,0.0,icmp,1593367440,2020-06-28 18:04:00+00:00
292252290,jinan-telecom,wuhan-telecom,40.9898,0.0,icmp,1593367560,2020-06-28 18:06:00+00:00
292252458,jinan-telecom,wuhan-telecom,47.1136,0.0,icmp,1593367680,2020-06-28 18:08:00+00:00
292252696,jinan-telecom,wuhan-telecom,46.2135,0.0,icmp,1593367800,2020-06-28 18:10:00+00:00
292252922,jinan-telecom,wuhan-telecom,43.5426,0.0,icmp,1593367920,2020-06-28 18:12:00+00:00
292253136,jinan-telecom,wuhan-telecom,46.5677,0.0,icmp,1593368040,2020-06-28 18:14:00+00:00
292253396,jinan-telecom,wuhan-telecom,45.9431,0.0,icmp,1593368160,2020-06-28 18:16:00+00:00
292253611,jinan-telecom,wuhan-telecom,39.4943,0.0,icmp,1593368239,2020-06-28 18:17:19+00:00
292253852,jinan-telecom,wuhan-telecom,46.4474,0.0,icmp,1593368400,2020-06-28 18:20:00+00:00
292254037,jinan-telecom,wuhan-telecom,39.4013,0.0,icmp,1593368479,2020-06-28 18:21:19+00:00
292254266,jinan-telecom,wuhan-telecom,39.3127,0.0,icmp,1593368599,2020-06-28 18:23:19+00:00
292254483,jinan-telecom,wuhan-telecom,42.3898,0.0,icmp,1593368760,2020-06-28 18:26:00+00:00
292254726,jinan-telecom,wuhan-telecom,39.4702,0.0,icmp,1593368824,2020-06-28 18:27:04+00:00
292254936,jinan-telecom,wuhan-telecom,48.3474,0.0,icmp,1593369000,2020-06-28 18:30:00+00:00
292255174,jinan-telecom,wuhan-telecom,39.4546,0.0,icmp,1593369079,2020-06-28 18:31:19+00:00
292255394,jinan-telecom,wuhan-telecom,44.6709,0.0,icmp,1593369240,2020-06-28 18:34:00+00:00
292255635,jinan-telecom,wuhan-telecom,48.4755,0.0,icmp,1593369360,2020-06-28 18:36:00+00:00
292255846,jinan-telecom,wuhan-telecom,39.4376,0.0,icmp,1593369499,2020-06-28 18:38:19+00:00
292256063,jinan-telecom,wuhan-telecom,47.5894,0.0,icmp,1593369600,2020-06-28 18:40:00+00:00
292256294,jinan-telecom,wuhan-telecom,39.4264,0.0,icmp,1593369739,2020-06-28 18:42:19+00:00
292256520,jinan-telecom,wuhan-telecom,39.9604,0.0,icmp,1593369840,2020-06-28 18:44:00+00:00
292256722,jinan-telecom,wuhan-telecom,45.1086,0.0,icmp,1593369960,2020-06-28 18:46:00+00:00
292256963,jinan-telecom,wuhan-telecom,46.506,0.0,icmp,1593370080,2020-06-28 18:48:00+00:00
292257190,jinan-telecom,wuhan-telecom,45.7762,0.0,icmp,1593370200,2020-06-28 18:50:00+00:00
292257406,jinan-telecom,wuhan-telecom,44.9062,0.0,icmp,1593370320,2020-06-28 18:52:00+00:00
292257637,jinan-telecom,wuhan-telecom,47.4053,0.0,icmp,1593370440,2020-06-28 18:54:00+00:00
292257821,jinan-telecom,wuhan-telecom,46.2728,0.0,icmp,1593370560,2020-06-28 18:56:00+00:00
292258055,jinan-telecom,wuhan-telecom,39.5162,0.0,icmp,1593370639,2020-06-28 18:57:19+00:00
292258277,jinan-telecom,wuhan-telecom,47.0974,0.0,icmp,1593370800,2020-06-28 19:00:00+00:00
292258500,jinan-telecom,wuhan-telecom,47.1148,0.0,icmp,1593370920,2020-06-28 19:02:00+00:00
292258732,jinan-telecom,wuhan-telecom,46.3839,0.0,icmp,1593371040,2020-06-28 19:04:00+00:00
292258960,jinan-telecom,wuhan-telecom,48.9435,0.0,icmp,1593371160,2020-06-28 19:06:00+00:00
292259173,jinan-telecom,wuhan-telecom,47.4455,0.0,icmp,1593371280,2020-06-28 19:08:00+00:00
292259403,jinan-telecom,wuhan-telecom,46.4485,0.0,icmp,1593371400,2020-06-28 19:10:00+00:00
292259627,jinan-telecom,wuhan-telecom,40.4496,0.0,icmp,1593371520,2020-06-28 19:12:00+00:00
292259862,jinan-telecom,wuhan-telecom,46.1596,0.0,icmp,1593371640,2020-06-28 19:14:00+00:00
292260060,jinan-telecom,wuhan-telecom,39.3571,0.0,icmp,1593371719,2020-06-28 19:15:19+00:00
292260292,jinan-telecom,wuhan-telecom,45.9765,0.0,icmp,1593371880,2020-06-28 19:18:00+00:00
292260519,jinan-telecom,wuhan-telecom,48.1139,0.0,icmp,1593372000,2020-06-28 19:20:00+00:00
292260735,jinan-telecom,wuhan-telecom,45.2033,0.0,icmp,1593372120,2020-06-28 19:22:00+00:00
292260963,jinan-telecom,wuhan-telecom,39.534,0.0,icmp,1593372199,2020-06-28 19:23:19+00:00
292261170,jinan-telecom,wuhan-telecom,45.841,0.0,icmp,1593372360,2020-06-28 19:26:00+00:00
292261387,jinan-telecom,wuhan-telecom,44.8751,0.0,icmp,1593372480,2020-06-28 19:28:00+00:00
292261620,jinan-telecom,wuhan-telecom,47.4911,0.0,icmp,1593372600,2020-06-28 19:30:00+00:00
292261842,jinan-telecom,wuhan-telecom,39.462,0.0,icmp,1593372739,2020-06-28 19:32:19+00:00
292262073,jinan-telecom,wuhan-telecom,48.2303,0.0,icmp,1593372840,2020-06-28 19:34:00+00:00
292262296,jinan-telecom,wuhan-telecom,44.837,0.0,icmp,1593372960,2020-06-28 19:36:00+00:00
292262508,jinan-telecom,wuhan-telecom,47.2562,0.0,icmp,1593373080,2020-06-28 19:38:00+00:00
292262738,jinan-telecom,wuhan-telecom,39.3666,0.0,icmp,1593373219,2020-06-28 19:40:19+00:00
292262997,jinan-telecom,wuhan-telecom,44.6762,0.0,icmp,1593373320,2020-06-28 19:42:00+00:00
292263202,jinan-telecom,wuhan-telecom,49.4664,0.0,icmp,1593373440,2020-06-28 19:44:00+00:00
292263418,jinan-telecom,wuhan-telecom,45.7485,0.0,icmp,1593373560,2020-06-28 19:46:00+00:00
292263627,jinan-telecom,wuhan-telecom,39.3688,0.0,icmp,1593373699,2020-06-28 19:48:19+00:00
292263852,jinan-telecom,wuhan-telecom,47.0581,0.0,icmp,1593373800,2020-06-28 19:50:00+00:00
292264072,jinan-telecom,wuhan-telecom,45.8851,0.0,icmp,1593373920,2020-06-28 19:52:00+00:00
292264311,jinan-telecom,wuhan-telecom,46.9681,0.0,icmp,1593374040,2020-06-28 19:54:00+00:00
292264520,jinan-telecom,wuhan-telecom,39.6779,0.0,icmp,1593374179,2020-06-28 19:56:19+00:00
292264757,jinan-telecom,wuhan-telecom,43.7965,0.0,icmp,1593374280,2020-06-28 19:58:00+00:00
292264966,jinan-telecom,wuhan-telecom,39.4727,0.0,icmp,1593374345,2020-06-28 19:59:05+00:00
292265219,jinan-telecom,wuhan-telecom,46.7315,0.0,icmp,1593374520,2020-06-28 20:02:00+00:00
292265435,jinan-telecom,wuhan-telecom,44.7437,0.0,icmp,1593374640,2020-06-28 20:04:00+00:00
292265649,jinan-telecom,wuhan-telecom,39.3696,0.0,icmp,1593374779,2020-06-28 20:06:19+00:00
292265884,jinan-telecom,wuhan-telecom,46.9208,0.0,icmp,1593374880,2020-06-28 20:08:00+00:00
292266101,jinan-telecom,wuhan-telecom,43.3615,0.0,icmp,1593375000,2020-06-28 20:10:00+00:00
292266325,jinan-telecom,wuhan-telecom,45.2227,0.0,icmp,1593375120,2020-06-28 20:12:00+00:00
292266561,jinan-telecom,wuhan-telecom,47.4807,0.0,icmp,1593375240,2020-06-28 20:14:00+00:00
292266768,jinan-telecom,wuhan-telecom,48.508,0.0,icmp,1593375360,2020-06-28 20:16:00+00:00
292266994,jinan-telecom,wuhan-telecom,39.8721,0.0,icmp,1593375439,2020-06-28 20:17:19+00:00
292267221,jinan-telecom,wuhan-telecom,39.335,0.0,icmp,1593375559,2020-06-28 20:19:19+00:00
292267460,jinan-telecom,wuhan-telecom,39.344,0.0,icmp,1593375679,2020-06-28 20:21:19+00:00
292267665,jinan-telecom,wuhan-telecom,47.1793,0.0,icmp,1593375840,2020-06-28 20:24:00+00:00
292267868,jinan-telecom,wuhan-telecom,49.0473,0.0,icmp,1593375960,2020-06-28 20:26:00+00:00
292268090,jinan-telecom,wuhan-telecom,46.2775,0.0,icmp,1593376080,2020-06-28 20:28:00+00:00
292268338,jinan-telecom,wuhan-telecom,39.6317,0.0,icmp,1593376159,2020-06-28 20:29:19+00:00
292268571,jinan-telecom,wuhan-telecom,48.3502,0.0,icmp,1593376320,2020-06-28 20:32:00+00:00
292268784,jinan-telecom,wuhan-telecom,39.3543,0.0,icmp,1593376459,2020-06-28 20:34:19+00:00
292269030,jinan-telecom,wuhan-telecom,47.4957,0.0,icmp,1593376560,2020-06-28 20:36:00+00:00
292269264,jinan-telecom,wuhan-telecom,46.6745,0.0,icmp,1593376680,2020-06-28 20:38:00+00:00
292269459,jinan-telecom,wuhan-telecom,47.2225,0.0,icmp,1593376800,2020-06-28 20:40:00+00:00
292269693,jinan-telecom,wuhan-telecom,39.3407,0.0,icmp,1593376879,2020-06-28 20:41:19+00:00
292269913,jinan-telecom,wuhan-telecom,42.7561,0.0,icmp,1593377040,2020-06-28 20:44:00+00:00
292270134,jinan-telecom,wuhan-telecom,48.1277,0.0,icmp,1593377160,2020-06-28 20:46:00+00:00
292270389,jinan-telecom,wuhan-telecom,45.1064,0.0,icmp,1593377280,2020-06-28 20:48:00+00:00
292270610,jinan-telecom,wuhan-telecom,43.1828,0.0,icmp,1593377400,2020-06-28 20:50:00+00:00
292270816,jinan-telecom,wuhan-telecom,46.2538,0.0,icmp,1593377520,2020-06-28 20:52:00+00:00
292271065,jinan-telecom,wuhan-telecom,41.0617,0.0,icmp,1593377640,2020-06-28 20:54:00+00:00
292271277,jinan-telecom,wuhan-telecom,39.7865,0.0,icmp,1593377779,2020-06-28 20:56:19+00:00
292271507,jinan-telecom,wuhan-telecom,46.0174,0.0,icmp,1593377880,2020-06-28 20:58:00+00:00
292271716,jinan-telecom,wuhan-telecom,48.1622,0.0,icmp,1593378000,2020-06-28 21:00:00+00:00
292271962,jinan-telecom,wuhan-telecom,46.4453,0.0,icmp,1593378120,2020-06-28 21:02:00+00:00
292272181,jinan-telecom,wuhan-telecom,39.4682,0.0,icmp,1593378259,2020-06-28 21:04:19+00:00
292272388,jinan-telecom,wuhan-telecom,47.9054,0.0,icmp,1593378360,2020-06-28 21:06:00+00:00
292272635,jinan-telecom,wuhan-telecom,39.325,0.0,icmp,1593378439,2020-06-28 21:07:19+00:00
292272849,jinan-telecom,wuhan-telecom,47.0005,0.0,icmp,1593378600,2020-06-28 21:10:00+00:00
292273075,jinan-telecom,wuhan-telecom,39.5641,0.0,icmp,1593378679,2020-06-28 21:11:19+00:00
292273279,jinan-telecom,wuhan-telecom,46.7792,0.0,icmp,1593378840,2020-06-28 21:14:00+00:00
292273541,jinan-telecom,wuhan-telecom,39.4429,0.0,icmp,1593378919,2020-06-28 21:15:19+00:00
292273750,jinan-telecom,wuhan-telecom,49.8226,0.0,icmp,1593379080,2020-06-28 21:18:00+00:00
292273969,jinan-telecom,wuhan-telecom,43.8794,0.0,icmp,1593379200,2020-06-28 21:20:00+00:00
292274196,jinan-telecom,wuhan-telecom,39.3265,0.0,icmp,1593379279,2020-06-28 21:21:19+00:00
292274418,jinan-telecom,wuhan-telecom,39.6337,0.0,icmp,1593379399,2020-06-28 21:23:19+00:00
292274643,jinan-telecom,wuhan-telecom,39.4389,0.0,icmp,1593379519,2020-06-28 21:25:19+00:00
292274848,jinan-telecom,wuhan-telecom,39.4113,0.0,icmp,1593379684,2020-06-28 21:28:04+00:00
292275106,jinan-telecom,wuhan-telecom,48.5228,0.0,icmp,1593379800,2020-06-28 21:30:00+00:00
292275328,jinan-telecom,wuhan-telecom,45.1639,0.0,icmp,1593379920,2020-06-28 21:32:00+00:00
292275567,jinan-telecom,wuhan-telecom,40.7088,0.0,icmp,1593380040,2020-06-28 21:34:00+00:00
292275785,jinan-telecom,wuhan-telecom,45.4323,0.0,icmp,1593380160,2020-06-28 21:36:00+00:00
292275994,jinan-telecom,wuhan-telecom,46.7275,0.0,icmp,1593380280,2020-06-28 21:38:00+00:00
292276218,jinan-telecom,wuhan-telecom,46.0133,0.0,icmp,1593380400,2020-06-28 21:40:00+00:00
292276473,jinan-telecom,wuhan-telecom,46.6496,0.0,icmp,1593380520,2020-06-28 21:42:00+00:00
292276661,jinan-telecom,wuhan-telecom,39.3296,0.0,icmp,1593380599,2020-06-28 21:43:19+00:00
292276902,jinan-telecom,wuhan-telecom,45.512,0.0,icmp,1593380760,2020-06-28 21:46:00+00:00
292277120,jinan-telecom,wuhan-telecom,45.7527,0.0,icmp,1593380880,2020-06-28 21:48:00+00:00
292277384,jinan-telecom,wuhan-telecom,47.0056,0.0,icmp,1593381000,2020-06-28 21:50:00+00:00
292277576,jinan-telecom,wuhan-telecom,45.9961,0.0,icmp,1593381120,2020-06-28 21:52:00+00:00
292277800,jinan-telecom,wuhan-telecom,48.7225,0.0,icmp,1593381240,2020-06-28 21:54:00+00:00
292278008,jinan-telecom,wuhan-telecom,39.5014,0.0,icmp,1593381364,2020-06-28 21:56:04+00:00
292278238,jinan-telecom,wuhan-telecom,39.4538,0.0,icmp,1593381499,2020-06-28 21:58:19+00:00
292278462,jinan-telecom,wuhan-telecom,47.2277,0.0,icmp,1593381600,2020-06-28 22:00:00+00:00
292278710,jinan-telecom,wuhan-telecom,46.861,0.0,icmp,1593381720,2020-06-28 22:02:00+00:00
292278921,jinan-telecom,wuhan-telecom,39.3219,0.0,icmp,1593381859,2020-06-28 22:04:19+00:00
292279140,jinan-telecom,wuhan-telecom,47.5361,0.0,icmp,1593381960,2020-06-28 22:06:00+00:00
292279378,jinan-telecom,wuhan-telecom,46.2512,0.0,icmp,1593382080,2020-06-28 22:08:00+00:00
292279594,jinan-telecom,wuhan-telecom,48.5294,0.0,icmp,1593382200,2020-06-28 22:10:00+00:00
292279822,jinan-telecom,wuhan-telecom,46.5664,0.0,icmp,1593382320,2020-06-28 22:12:00+00:00
292280028,jinan-telecom,wuhan-telecom,47.7432,0.0,icmp,1593382440,2020-06-28 22:14:00+00:00
292280294,jinan-telecom,wuhan-telecom,47.1038,0.0,icmp,1593382560,2020-06-28 22:16:00+00:00
292280488,jinan-telecom,wuhan-telecom,39.4269,0.0,icmp,1593382699,2020-06-28 22:18:19+00:00
292280715,jinan-telecom,wuhan-telecom,39.3725,0.0,icmp,1593382819,2020-06-28 22:20:19+00:00
292280964,jinan-telecom,wuhan-telecom,48.7472,0.0,icmp,1593382920,2020-06-28 22:22:00+00:00
292281170,jinan-telecom,wuhan-telecom,49.0966,0.0,icmp,1593383044,2020-06-28 22:24:04+00:00
292281400,jinan-telecom,wuhan-telecom,45.9954,0.0,icmp,1593383160,2020-06-28 22:26:00+00:00
292281624,jinan-telecom,wuhan-telecom,46.9775,0.0,icmp,1593383280,2020-06-28 22:28:00+00:00
292281848,jinan-telecom,wuhan-telecom,47.7332,0.0,icmp,1593383400,2020-06-28 22:30:00+00:00
292282119,jinan-telecom,wuhan-telecom,48.4945,0.0,icmp,1593383520,2020-06-28 22:32:00+00:00
292282304,jinan-telecom,wuhan-telecom,46.5436,0.0,icmp,1593383640,2020-06-28 22:34:00+00:00
292282511,jinan-telecom,wuhan-telecom,47.784,0.0,icmp,1593383760,2020-06-28 22:36:00+00:00
292282736,jinan-telecom,wuhan-telecom,41.0514,0.0,icmp,1593383880,2020-06-28 22:38:00+00:00
292282971,jinan-telecom,wuhan-telecom,46.5279,0.0,icmp,1593384000,2020-06-28 22:40:00+00:00
292283195,jinan-telecom,wuhan-telecom,47.2312,0.0,icmp,1593384120,2020-06-28 22:42:00+00:00
292283418,jinan-telecom,wuhan-telecom,49.7311,0.0,icmp,1593384240,2020-06-28 22:44:00+00:00
292283622,jinan-telecom,wuhan-telecom,43.2849,0.0,icmp,1593384360,2020-06-28 22:46:00+00:00
292283860,jinan-telecom,wuhan-telecom,47.601,0.0,icmp,1593384480,2020-06-28 22:48:00+00:00
292284082,jinan-telecom,wuhan-telecom,48.1947,0.0,icmp,1593384600,2020-06-28 22:50:00+00:00
292284313,jinan-telecom,wuhan-telecom,46.1323,0.0,icmp,1593384720,2020-06-28 22:52:00+00:00
292284535,jinan-telecom,wuhan-telecom,47.3069,0.0,icmp,1593384840,2020-06-28 22:54:00+00:00
292284776,jinan-telecom,wuhan-telecom,39.3298,0.0,icmp,1593384979,2020-06-28 22:56:19+00:00
292285014,jinan-telecom,wuhan-telecom,48.0873,0.0,icmp,1593385080,2020-06-28 22:58:00+00:00
292285208,jinan-telecom,wuhan-telecom,48.3454,0.0,icmp,1593385200,2020-06-28 23:00:00+00:00
292285447,jinan-telecom,wuhan-telecom,42.84,0.0,icmp,1593385325,2020-06-28 23:02:05+00:00
292285670,jinan-telecom,wuhan-telecom,46.5615,0.0,icmp,1593385440,2020-06-28 23:04:00+00:00
292285905,jinan-telecom,wuhan-telecom,45.7129,0.0,icmp,1593385560,2020-06-28 23:06:00+00:00
292286120,jinan-telecom,wuhan-telecom,46.3262,0.0,icmp,1593385680,2020-06-28 23:08:00+00:00
292286343,jinan-telecom,wuhan-telecom,45.4799,0.0,icmp,1593385800,2020-06-28 23:10:00+00:00
292286571,jinan-telecom,wuhan-telecom,48.9926,0.0,icmp,1593385920,2020-06-28 23:12:00+00:00
292286790,jinan-telecom,wuhan-telecom,39.346,0.0,icmp,1593386059,2020-06-28 23:14:19+00:00
292287018,jinan-telecom,wuhan-telecom,49.2167,0.0,icmp,1593386160,2020-06-28 23:16:00+00:00
292287257,jinan-telecom,wuhan-telecom,44.4514,0.0,icmp,1593386280,2020-06-28 23:18:00+00:00
292287493,jinan-telecom,wuhan-telecom,47.1196,0.0,icmp,1593386400,2020-06-28 23:20:00+00:00
292287697,jinan-telecom,wuhan-telecom,47.0737,0.0,icmp,1593386520,2020-06-28 23:22:00+00:00
292287922,jinan-telecom,wuhan-telecom,45.605,0.0,icmp,1593386640,2020-06-28 23:24:00+00:00
292288148,jinan-telecom,wuhan-telecom,46.2327,0.0,icmp,1593386760,2020-06-28 23:26:00+00:00
292288367,jinan-telecom,wuhan-telecom,46.6286,0.0,icmp,1593386880,2020-06-28 23:28:00+00:00
292288610,jinan-telecom,wuhan-telecom,41.0501,0.0,icmp,1593387000,2020-06-28 23:30:00+00:00
292288794,jinan-telecom,wuhan-telecom,39.3846,0.0,icmp,1593387139,2020-06-28 23:32:19+00:00
292289085,jinan-telecom,wuhan-telecom,48.3967,0.0,icmp,1593387240,2020-06-28 23:34:00+00:00
292289245,jinan-telecom,wuhan-telecom,43.5448,0.0,icmp,1593387360,2020-06-28 23:36:00+00:00
292289501,jinan-telecom,wuhan-telecom,47.0326,0.0,icmp,1593387480,2020-06-28 23:38:00+00:00
292289728,jinan-telecom,wuhan-telecom,39.3968,0.0,icmp,1593387619,2020-06-28 23:40:19+00:00
292289938,jinan-telecom,wuhan-telecom,46.9326,0.0,icmp,1593387720,2020-06-28 23:42:00+00:00
292290180,jinan-telecom,wuhan-telecom,39.3177,0.0,icmp,1593387799,2020-06-28 23:43:19+00:00
292290392,jinan-telecom,wuhan-telecom,39.457,0.0,icmp,1593387979,2020-06-28 23:46:19+00:00
292290618,jinan-telecom,wuhan-telecom,47.1426,0.0,icmp,1593388080,2020-06-28 23:48:00+00:00
292290850,jinan-telecom,wuhan-telecom,47.1097,0.0,icmp,1593388200,2020-06-28 23:50:00+00:00
292291073,jinan-telecom,wuhan-telecom,48.1001,0.0,icmp,1593388320,2020-06-28 23:52:00+00:00
292291283,jinan-telecom,wuhan-telecom,39.341,0.0,icmp,1593388459,2020-06-28 23:54:19+00:00
292291508,jinan-telecom,wuhan-telecom,39.4244,0.0,icmp,1593388579,2020-06-28 23:56:19+00:00
292291733,jinan-telecom,wuhan-telecom,48.6527,0.0,icmp,1593388680,2020-06-28 23:58:00+00:00
292291961,jinan-telecom,wuhan-telecom,39.3477,0.0,icmp,1593388759,2020-06-28 23:59:19+00:00
292292198,jinan-telecom,wuhan-telecom,46.4532,0.0,icmp,1593388920,2020-06-29 00:02:00+00:00
292292414,jinan-telecom,wuhan-telecom,46.2383,0.0,icmp,1593389040,2020-06-29 00:04:00+00:00
292292636,jinan-telecom,wuhan-telecom,47.5823,0.0,icmp,1593389160,2020-06-29 00:06:00+00:00
292292864,jinan-telecom,wuhan-telecom,39.7558,0.0,icmp,1593389285,2020-06-29 00:08:05+00:00
292293108,jinan-telecom,wuhan-telecom,48.6161,0.0,icmp,1593389400,2020-06-29 00:10:00+00:00
292293354,jinan-telecom,wuhan-telecom,47.487,0.0,icmp,1593389520,2020-06-29 00:12:00+00:00
292293560,jinan-telecom,wuhan-telecom,45.9559,0.0,icmp,1593389640,2020-06-29 00:14:00+00:00
292293786,jinan-telecom,wuhan-telecom,39.3054,0.0,icmp,1593389779,2020-06-29 00:16:19+00:00
292294002,jinan-telecom,wuhan-telecom,42.5845,0.0,icmp,1593389880,2020-06-29 00:18:00+00:00
292294240,jinan-telecom,wuhan-telecom,47.0957,0.0,icmp,1593390000,2020-06-29 00:20:00+00:00
292294447,jinan-telecom,wuhan-telecom,45.2392,0.0,icmp,1593390120,2020-06-29 00:22:00+00:00
292294655,jinan-telecom,wuhan-telecom,46.7577,0.0,icmp,1593390240,2020-06-29 00:24:00+00:00
292294872,jinan-telecom,wuhan-telecom,46.3133,0.0,icmp,1593390360,2020-06-29 00:26:00+00:00
292295127,jinan-telecom,wuhan-telecom,46.779,0.0,icmp,1593390480,2020-06-29 00:28:00+00:00
292295379,jinan-telecom,wuhan-telecom,39.5161,0.0,icmp,1593390559,2020-06-29 00:29:19+00:00
292295592,jinan-telecom,wuhan-telecom,42.0147,0.0,icmp,1593390665,2020-06-29 00:31:05+00:00
292295805,jinan-telecom,wuhan-telecom,41.6809,0.0,icmp,1593390840,2020-06-29 00:34:00+00:00
292296022,jinan-telecom,wuhan-telecom,46.8555,0.0,icmp,1593390960,2020-06-29 00:36:00+00:00
292296260,jinan-telecom,wuhan-telecom,39.3541,0.0,icmp,1593391039,2020-06-29 00:37:19+00:00
292296475,jinan-telecom,wuhan-telecom,41.0539,0.0,icmp,1593391200,2020-06-29 00:40:00+00:00
292296688,jinan-telecom,wuhan-telecom,39.3222,0.0,icmp,1593391279,2020-06-29 00:41:19+00:00
292296895,jinan-telecom,wuhan-telecom,39.3093,0.0,icmp,1593391399,2020-06-29 00:43:19+00:00
292297138,jinan-telecom,wuhan-telecom,46.7111,0.0,icmp,1593391560,2020-06-29 00:46:00+00:00
292297384,jinan-telecom,wuhan-telecom,46.153,0.0,icmp,1593391680,2020-06-29 00:48:00+00:00
292297602,jinan-telecom,wuhan-telecom,47.3406,0.0,icmp,1593391800,2020-06-29 00:50:00+00:00
292297833,jinan-telecom,wuhan-telecom,46.1288,0.0,icmp,1593391920,2020-06-29 00:52:00+00:00
292298065,jinan-telecom,wuhan-telecom,47.9022,0.0,icmp,1593392040,2020-06-29 00:54:00+00:00
292298288,jinan-telecom,wuhan-telecom,46.3437,0.0,icmp,1593392160,2020-06-29 00:56:00+00:00
292298501,jinan-telecom,wuhan-telecom,46.3149,0.0,icmp,1593392280,2020-06-29 00:58:00+00:00
292298706,jinan-telecom,wuhan-telecom,45.9649,0.0,icmp,1593392400,2020-06-29 01:00:00+00:00
292298946,jinan-telecom,wuhan-telecom,47.3323,0.0,icmp,1593392520,2020-06-29 01:02:00+00:00
292299155,jinan-telecom,wuhan-telecom,46.1291,0.0,icmp,1593392640,2020-06-29 01:04:00+00:00
292299385,jinan-telecom,wuhan-telecom,47.0487,0.0,icmp,1593392760,2020-06-29 01:06:00+00:00
292299658,jinan-telecom,wuhan-telecom,39.3724,0.0,icmp,1593392839,2020-06-29 01:07:19+00:00
292299861,jinan-telecom,wuhan-telecom,40.4907,0.0,icmp,1593393000,2020-06-29 01:10:00+00:00
292300113,jinan-telecom,wuhan-telecom,46.2006,0.0,icmp,1593393120,2020-06-29 01:12:00+00:00
292300289,jinan-telecom,wuhan-telecom,49.1476,0.0,icmp,1593393240,2020-06-29 01:14:00+00:00
292300520,jinan-telecom,wuhan-telecom,46.4046,0.0,icmp,1593393360,2020-06-29 01:16:00+00:00
292300746,jinan-telecom,wuhan-telecom,47.8129,0.0,icmp,1593393480,2020-06-29 01:18:00+00:00
292300979,jinan-telecom,wuhan-telecom,47.4051,0.0,icmp,1593393600,2020-06-29 01:20:00+00:00
292301176,jinan-telecom,wuhan-telecom,46.9607,0.0,icmp,1593393720,2020-06-29 01:22:00+00:00
292301420,jinan-telecom,wuhan-telecom,46.3766,0.0,icmp,1593393840,2020-06-29 01:24:00+00:00
292301669,jinan-telecom,wuhan-telecom,45.3575,0.0,icmp,1593393960,2020-06-29 01:26:00+00:00
292301869,jinan-telecom,wuhan-telecom,39.7438,0.0,icmp,1593394039,2020-06-29 01:27:19+00:00
292302097,jinan-telecom,wuhan-telecom,46.976,0.0,icmp,1593394200,2020-06-29 01:30:00+00:00
292302306,jinan-telecom,wuhan-telecom,48.2355,0.0,icmp,1593394320,2020-06-29 01:32:00+00:00
292302492,jinan-telecom,wuhan-telecom,48.286,0.0,icmp,1593394440,2020-06-29 01:34:00+00:00
292302795,jinan-telecom,wuhan-telecom,39.716,0.0,icmp,1593394560,2020-06-29 01:36:00+00:00
292303041,jinan-telecom,wuhan-telecom,39.4156,0.0,icmp,1593394624,2020-06-29 01:37:04+00:00
292303232,jinan-telecom,wuhan-telecom,48.127,0.0,icmp,1593394800,2020-06-29 01:40:00+00:00
292303442,jinan-telecom,wuhan-telecom,39.7332,0.0,icmp,1593394879,2020-06-29 01:41:19+00:00
292303663,jinan-telecom,wuhan-telecom,39.3898,0.0,icmp,1593395059,2020-06-29 01:44:19+00:00
292303871,jinan-telecom,wuhan-telecom,45.9631,0.0,icmp,1593395160,2020-06-29 01:46:00+00:00
292304135,jinan-telecom,wuhan-telecom,45.1388,0.0,icmp,1593395280,2020-06-29 01:48:00+00:00
292304363,jinan-telecom,wuhan-telecom,47.9648,0.0,icmp,1593395400,2020-06-29 01:50:00+00:00
292304573,jinan-telecom,wuhan-telecom,48.3754,0.0,icmp,1593395520,2020-06-29 01:52:00+00:00
292304801,jinan-telecom,wuhan-telecom,39.3483,0.0,icmp,1593395599,2020-06-29 01:53:19+00:00
292305063,jinan-telecom,wuhan-telecom,49.4856,0.0,icmp,1593395760,2020-06-29 01:56:00+00:00
292305232,jinan-telecom,wuhan-telecom,47.7784,0.0,icmp,1593395880,2020-06-29 01:58:00+00:00
292305485,jinan-telecom,wuhan-telecom,47.5518,0.0,icmp,1593396000,2020-06-29 02:00:00+00:00
292305675,jinan-telecom,wuhan-telecom,46.8046,0.0,icmp,1593396120,2020-06-29 02:02:00+00:00
292305919,jinan-telecom,wuhan-telecom,45.8166,0.0,icmp,1593396240,2020-06-29 02:04:00+00:00
292306160,jinan-telecom,wuhan-telecom,46.8591,0.0,icmp,1593396360,2020-06-29 02:06:00+00:00
292306384,jinan-telecom,wuhan-telecom,39.3816,0.0,icmp,1593396480,2020-06-29 02:08:00+00:00
292306586,jinan-telecom,wuhan-telecom,46.7305,0.0,icmp,1593396600,2020-06-29 02:10:00+00:00
292306824,jinan-telecom,wuhan-telecom,45.5338,0.0,icmp,1593396720,2020-06-29 02:12:00+00:00
292307037,jinan-telecom,wuhan-telecom,39.5877,0.0,icmp,1593396799,2020-06-29 02:13:19+00:00
292307269,jinan-telecom,wuhan-telecom,48.7197,0.0,icmp,1593396960,2020-06-29 02:16:00+00:00
292307490,jinan-telecom,wuhan-telecom,47.4035,0.0,icmp,1593397080,2020-06-29 02:18:00+00:00
292307713,jinan-telecom,wuhan-telecom,39.5501,0.0,icmp,1593397159,2020-06-29 02:19:19+00:00
292307937,jinan-telecom,wuhan-telecom,40.5684,0.0,icmp,1593397320,2020-06-29 02:22:00+00:00
292308157,jinan-telecom,wuhan-telecom,47.3255,0.0,icmp,1593397440,2020-06-29 02:24:00+00:00
292308403,jinan-telecom,wuhan-telecom,46.0653,0.0,icmp,1593397560,2020-06-29 02:26:00+00:00
292308596,jinan-telecom,wuhan-telecom,46.2367,0.0,icmp,1593397680,2020-06-29 02:28:00+00:00
292308842,jinan-telecom,wuhan-telecom,43.4302,0.0,icmp,1593397800,2020-06-29 02:30:00+00:00
292309075,jinan-telecom,wuhan-telecom,48.0934,0.0,icmp,1593397920,2020-06-29 02:32:00+00:00
292309306,jinan-telecom,wuhan-telecom,44.8249,0.0,icmp,1593398040,2020-06-29 02:34:00+00:00
292309500,jinan-telecom,wuhan-telecom,39.4981,0.0,icmp,1593398179,2020-06-29 02:36:19+00:00
292309785,jinan-telecom,wuhan-telecom,45.8189,0.0,icmp,1593398280,2020-06-29 02:38:00+00:00
292309964,jinan-telecom,wuhan-telecom,45.5644,0.0,icmp,1593398400,2020-06-29 02:40:00+00:00
292310202,jinan-telecom,wuhan-telecom,47.9084,0.0,icmp,1593398520,2020-06-29 02:42:00+00:00
292310436,jinan-telecom,wuhan-telecom,48.347,0.0,icmp,1593398640,2020-06-29 02:44:00+00:00
292310649,jinan-telecom,wuhan-telecom,39.4569,0.0,icmp,1593398764,2020-06-29 02:46:04+00:00
292310904,jinan-telecom,wuhan-telecom,46.1243,0.0,icmp,1593398880,2020-06-29 02:48:00+00:00
292311082,jinan-telecom,wuhan-telecom,48.7625,0.0,icmp,1593399000,2020-06-29 02:50:00+00:00
292311348,jinan-telecom,wuhan-telecom,46.8502,0.0,icmp,1593399120,2020-06-29 02:52:00+00:00
292311543,jinan-telecom,wuhan-telecom,45.231,0.0,icmp,1593399240,2020-06-29 02:54:00+00:00
292311761,jinan-telecom,wuhan-telecom,41.0089,0.0,icmp,1593399360,2020-06-29 02:56:00+00:00
292312047,jinan-telecom,wuhan-telecom,46.3624,0.0,icmp,1593399480,2020-06-29 02:58:00+00:00
292312247,jinan-telecom,wuhan-telecom,43.2501,0.0,icmp,1593399600,2020-06-29 03:00:00+00:00
292312464,jinan-telecom,wuhan-telecom,44.8002,0.0,icmp,1593399720,2020-06-29 03:02:00+00:00
292312692,jinan-telecom,wuhan-telecom,39.4692,0.0,icmp,1593399799,2020-06-29 03:03:19+00:00
292312848,jinan-telecom,wuhan-telecom,39.4708,0.0,icmp,1593399919,2020-06-29 03:05:19+00:00
292313169,jinan-telecom,wuhan-telecom,45.6923,0.0,icmp,1593400080,2020-06-29 03:08:00+00:00
292313364,jinan-telecom,wuhan-telecom,39.5101,0.0,icmp,1593400159,2020-06-29 03:09:19+00:00
292313577,jinan-telecom,wuhan-telecom,51.2059,0.0,icmp,1593400320,2020-06-29 03:12:00+00:00
292313843,jinan-telecom,wuhan-telecom,46.7951,0.0,icmp,1593400440,2020-06-29 03:14:00+00:00
292313968,jinan-telecom,wuhan-telecom,47.2986,0.0,icmp,1593400560,2020-06-29 03:16:00+00:00
292314178,jinan-telecom,wuhan-telecom,48.5573,0.0,icmp,1593400680,2020-06-29 03:18:00+00:00
292314381,jinan-telecom,wuhan-telecom,48.39,0.0,icmp,1593400800,2020-06-29 03:20:00+00:00
292314744,jinan-telecom,wuhan-telecom,46.5108,0.0,icmp,1593400920,2020-06-29 03:22:00+00:00
292314788,jinan-telecom,wuhan-telecom,49.7561,0.0,icmp,1593401040,2020-06-29 03:24:00+00:00
292315002,jinan-telecom,wuhan-telecom,48.4986,0.0,icmp,1593401160,2020-06-29 03:26:00+00:00
292315440,jinan-telecom,wuhan-telecom,39.3425,0.0,icmp,1593401299,2020-06-29 03:28:19+00:00
292315614,jinan-telecom,wuhan-telecom,45.6966,0.0,icmp,1593401400,2020-06-29 03:30:00+00:00
292315780,jinan-telecom,wuhan-telecom,39.3582,0.0,icmp,1593401479,2020-06-29 03:31:19+00:00
292316120,jinan-telecom,wuhan-telecom,47.0007,0.0,icmp,1593401640,2020-06-29 03:34:00+00:00
292316271,jinan-telecom,wuhan-telecom,40.0172,0.0,icmp,1593401765,2020-06-29 03:36:05+00:00
292316481,jinan-telecom,wuhan-telecom,47.2549,0.0,icmp,1593401880,2020-06-29 03:38:00+00:00
292316769,jinan-telecom,wuhan-telecom,47.8892,0.0,icmp,1593402000,2020-06-29 03:40:00+00:00
292316966,jinan-telecom,wuhan-telecom,48.7234,0.0,icmp,1593402120,2020-06-29 03:42:00+00:00
292317184,jinan-telecom,wuhan-telecom,48.3607,0.0,icmp,1593402240,2020-06-29 03:44:00+00:00
292317412,jinan-telecom,wuhan-telecom,47.2805,0.0,icmp,1593402360,2020-06-29 03:46:00+00:00
292317578,jinan-telecom,wuhan-telecom,48.3727,0.0,icmp,1593402480,2020-06-29 03:48:00+00:00
292317836,jinan-telecom,wuhan-telecom,47.8858,0.0,icmp,1593402600,2020-06-29 03:50:00+00:00
292318059,jinan-telecom,wuhan-telecom,46.7487,0.0,icmp,1593402720,2020-06-29 03:52:00+00:00
292318309,jinan-telecom,wuhan-telecom,48.9498,0.0,icmp,1593402840,2020-06-29 03:54:00+00:00
292318505,jinan-telecom,wuhan-telecom,49.9036,0.0,icmp,1593402960,2020-06-29 03:56:00+00:00
292318739,jinan-telecom,wuhan-telecom,39.3405,0.0,icmp,1593403099,2020-06-29 03:58:19+00:00
292318962,jinan-telecom,wuhan-telecom,48.0947,0.0,icmp,1593403200,2020-06-29 04:00:00+00:00
292319223,jinan-telecom,wuhan-telecom,47.7993,0.0,icmp,1593403320,2020-06-29 04:02:00+00:00
292319415,jinan-telecom,wuhan-telecom,47.1483,0.0,icmp,1593403440,2020-06-29 04:04:00+00:00
292319632,jinan-telecom,wuhan-telecom,39.3638,0.0,icmp,1593403579,2020-06-29 04:06:19+00:00
292319863,jinan-telecom,wuhan-telecom,49.0938,0.0,icmp,1593403680,2020-06-29 04:08:00+00:00
292320084,jinan-telecom,wuhan-telecom,48.0665,0.0,icmp,1593403800,2020-06-29 04:10:00+00:00
292320325,jinan-telecom,wuhan-telecom,39.6089,0.0,icmp,1593403879,2020-06-29 04:11:19+00:00
292320542,jinan-telecom,wuhan-telecom,44.5286,0.0,icmp,1593404040,2020-06-29 04:14:00+00:00
292320767,jinan-telecom,wuhan-telecom,39.3587,0.0,icmp,1593404119,2020-06-29 04:15:19+00:00
292321025,jinan-telecom,wuhan-telecom,46.3704,0.0,icmp,1593404280,2020-06-29 04:18:00+00:00
292321212,jinan-telecom,wuhan-telecom,46.8156,0.0,icmp,1593404400,2020-06-29 04:20:00+00:00
292321441,jinan-telecom,wuhan-telecom,39.3486,0.0,icmp,1593404479,2020-06-29 04:21:19+00:00
292321672,jinan-telecom,wuhan-telecom,46.4566,0.0,icmp,1593404640,2020-06-29 04:24:00+00:00
292321902,jinan-telecom,wuhan-telecom,45.5308,0.0,icmp,1593404760,2020-06-29 04:26:00+00:00
292322111,jinan-telecom,wuhan-telecom,47.3058,0.0,icmp,1593404880,2020-06-29 04:28:00+00:00
292322339,jinan-telecom,wuhan-telecom,49.9094,0.0,icmp,1593405000,2020-06-29 04:30:00+00:00
292322596,jinan-telecom,wuhan-telecom,45.9677,0.0,icmp,1593405120,2020-06-29 04:32:00+00:00
292322799,jinan-telecom,wuhan-telecom,48.5741,0.0,icmp,1593405240,2020-06-29 04:34:00+00:00
292323018,jinan-telecom,wuhan-telecom,49.0504,0.0,icmp,1593405360,2020-06-29 04:36:00+00:00
292323262,jinan-telecom,wuhan-telecom,47.4463,0.0,icmp,1593405480,2020-06-29 04:38:00+00:00
292323475,jinan-telecom,wuhan-telecom,39.3525,0.0,icmp,1593405559,2020-06-29 04:39:19+00:00
292323663,jinan-telecom,wuhan-telecom,47.5066,0.0,icmp,1593405720,2020-06-29 04:42:00+00:00
292323939,jinan-telecom,wuhan-telecom,47.6031,0.0,icmp,1593405840,2020-06-29 04:44:00+00:00
292324141,jinan-telecom,wuhan-telecom,42.4669,0.0,icmp,1593405960,2020-06-29 04:46:00+00:00
292324360,jinan-telecom,wuhan-telecom,46.9956,0.0,icmp,1593406080,2020-06-29 04:48:00+00:00
292324609,jinan-telecom,wuhan-telecom,49.1114,0.0,icmp,1593406200,2020-06-29 04:50:00+00:00
292324832,jinan-telecom,wuhan-telecom,47.126,0.0,icmp,1593406320,2020-06-29 04:52:00+00:00
292325043,jinan-telecom,wuhan-telecom,46.9,0.0,icmp,1593406440,2020-06-29 04:54:00+00:00
292325307,jinan-telecom,wuhan-telecom,44.3638,0.0,icmp,1593406560,2020-06-29 04:56:00+00:00
292325485,jinan-telecom,wuhan-telecom,39.3317,0.0,icmp,1593406699,2020-06-29 04:58:19+00:00
292325729,jinan-telecom,wuhan-telecom,47.2243,0.0,icmp,1593406800,2020-06-29 05:00:00+00:00
292325960,jinan-telecom,wuhan-telecom,39.3458,0.0,icmp,1593406939,2020-06-29 05:02:19+00:00
292326158,jinan-telecom,wuhan-telecom,39.3371,0.0,icmp,1593407059,2020-06-29 05:04:19+00:00
292326385,jinan-telecom,wuhan-telecom,47.8037,0.0,icmp,1593407160,2020-06-29 05:06:00+00:00
292326645,jinan-telecom,wuhan-telecom,46.5444,0.0,icmp,1593407280,2020-06-29 05:08:00+00:00
292326864,jinan-telecom,wuhan-telecom,39.5009,0.0,icmp,1593407419,2020-06-29 05:10:19+00:00
292327071,jinan-telecom,wuhan-telecom,47.1752,0.0,icmp,1593407520,2020-06-29 05:12:00+00:00
292327292,jinan-telecom,wuhan-telecom,48.0084,0.0,icmp,1593407640,2020-06-29 05:14:00+00:00
292327522,jinan-telecom,wuhan-telecom,47.3965,0.0,icmp,1593407760,2020-06-29 05:16:00+00:00
292327773,jinan-telecom,wuhan-telecom,48.7865,0.0,icmp,1593407880,2020-06-29 05:18:00+00:00
292327970,jinan-telecom,wuhan-telecom,42.5729,0.0,icmp,1593408000,2020-06-29 05:20:00+00:00
292328180,jinan-telecom,wuhan-telecom,47.4763,0.0,icmp,1593408120,2020-06-29 05:22:00+00:00
292328413,jinan-telecom,wuhan-telecom,46.8871,0.0,icmp,1593408240,2020-06-29 05:24:00+00:00
292328685,jinan-telecom,wuhan-telecom,45.3825,0.0,icmp,1593408360,2020-06-29 05:26:00+00:00
292328857,jinan-telecom,wuhan-telecom,46.8106,0.0,icmp,1593408480,2020-06-29 05:28:00+00:00
292329104,jinan-telecom,wuhan-telecom,48.454,0.0,icmp,1593408600,2020-06-29 05:30:00+00:00
292329325,jinan-telecom,wuhan-telecom,39.3388,0.0,icmp,1593408739,2020-06-29 05:32:19+00:00
292329553,jinan-telecom,wuhan-telecom,39.5597,0.0,icmp,1593408859,2020-06-29 05:34:19+00:00
292329758,jinan-telecom,wuhan-telecom,39.4233,0.0,icmp,1593408979,2020-06-29 05:36:19+00:00
292329982,jinan-telecom,wuhan-telecom,47.1041,0.0,icmp,1593409080,2020-06-29 05:38:00+00:00
292330223,jinan-telecom,wuhan-telecom,48.1888,0.0,icmp,1593409200,2020-06-29 05:40:00+00:00
292330457,jinan-telecom,wuhan-telecom,39.3764,0.0,icmp,1593409279,2020-06-29 05:41:19+00:00
292330650,jinan-telecom,wuhan-telecom,49.0733,0.0,icmp,1593409440,2020-06-29 05:44:00+00:00
292330872,jinan-telecom,wuhan-telecom,48.3126,0.0,icmp,1593409560,2020-06-29 05:46:00+00:00
292331119,jinan-telecom,wuhan-telecom,39.4302,0.0,icmp,1593409639,2020-06-29 05:47:19+00:00
292331328,jinan-telecom,wuhan-telecom,48.2575,0.0,icmp,1593409800,2020-06-29 05:50:00+00:00
292331582,jinan-telecom,wuhan-telecom,39.3752,0.0,icmp,1593409939,2020-06-29 05:52:19+00:00
292331807,jinan-telecom,wuhan-telecom,40.9021,0.0,icmp,1593410040,2020-06-29 05:54:00+00:00
292332014,jinan-telecom,wuhan-telecom,49.2861,0.0,icmp,1593410160,2020-06-29 05:56:00+00:00
292332248,jinan-telecom,wuhan-telecom,48.0675,0.0,icmp,1593410280,2020-06-29 05:58:00+00:00
292332469,jinan-telecom,wuhan-telecom,46.9963,0.0,icmp,1593410400,2020-06-29 06:00:00+00:00
292332698,jinan-telecom,wuhan-telecom,48.6519,0.0,icmp,1593410520,2020-06-29 06:02:00+00:00
292332906,jinan-telecom,wuhan-telecom,45.6167,0.0,icmp,1593410640,2020-06-29 06:04:00+00:00
292333144,jinan-telecom,wuhan-telecom,49.2938,0.0,icmp,1593410760,2020-06-29 06:06:00+00:00
292333419,jinan-telecom,wuhan-telecom,48.0372,0.0,icmp,1593410880,2020-06-29 06:08:00+00:00
292333587,jinan-telecom,wuhan-telecom,39.4985,0.0,icmp,1593411019,2020-06-29 06:10:19+00:00
292333807,jinan-telecom,wuhan-telecom,48.9199,0.0,icmp,1593411120,2020-06-29 06:12:00+00:00
292334051,jinan-telecom,wuhan-telecom,48.2681,0.0,icmp,1593411240,2020-06-29 06:14:00+00:00
292334263,jinan-telecom,wuhan-telecom,49.4822,0.0,icmp,1593411360,2020-06-29 06:16:00+00:00
292334498,jinan-telecom,wuhan-telecom,39.3868,0.0,icmp,1593411499,2020-06-29 06:18:19+00:00
292334712,jinan-telecom,wuhan-telecom,46.5546,0.0,icmp,1593411600,2020-06-29 06:20:00+00:00
292334951,jinan-telecom,wuhan-telecom,47.9823,0.0,icmp,1593411720,2020-06-29 06:22:00+00:00
292335163,jinan-telecom,wuhan-telecom,47.3045,0.0,icmp,1593411840,2020-06-29 06:24:00+00:00
292335400,jinan-telecom,wuhan-telecom,47.4506,0.0,icmp,1593411960,2020-06-29 06:26:00+00:00
292335632,jinan-telecom,wuhan-telecom,39.5751,0.0,icmp,1593412099,2020-06-29 06:28:19+00:00
292335846,jinan-telecom,wuhan-telecom,43.8972,0.0,icmp,1593412200,2020-06-29 06:30:00+00:00
292336109,jinan-telecom,wuhan-telecom,39.4753,0.0,icmp,1593412325,2020-06-29 06:32:05+00:00
292336286,jinan-telecom,wuhan-telecom,39.3547,0.0,icmp,1593412459,2020-06-29 06:34:19+00:00
292336518,jinan-telecom,wuhan-telecom,45.0216,0.0,icmp,1593412560,2020-06-29 06:36:00+00:00
292336743,jinan-telecom,wuhan-telecom,47.9082,0.0,icmp,1593412680,2020-06-29 06:38:00+00:00
292336962,jinan-telecom,wuhan-telecom,45.2092,0.0,icmp,1593412800,2020-06-29 06:40:00+00:00
292337206,jinan-telecom,wuhan-telecom,46.9382,0.0,icmp,1593412920,2020-06-29 06:42:00+00:00
292337435,jinan-telecom,wuhan-telecom,39.3739,0.0,icmp,1593412999,2020-06-29 06:43:19+00:00
292337678,jinan-telecom,wuhan-telecom,46.8264,0.0,icmp,1593413160,2020-06-29 06:46:00+00:00
292337861,jinan-telecom,wuhan-telecom,45.7902,0.0,icmp,1593413280,2020-06-29 06:48:00+00:00
292338098,jinan-telecom,wuhan-telecom,46.5421,0.0,icmp,1593413400,2020-06-29 06:50:00+00:00
292338321,jinan-telecom,wuhan-telecom,39.5575,0.0,icmp,1593413479,2020-06-29 06:51:19+00:00
292338562,jinan-telecom,wuhan-telecom,39.4004,0.0,icmp,1593413659,2020-06-29 06:54:19+00:00
292338790,jinan-telecom,wuhan-telecom,39.6257,0.0,icmp,1593413779,2020-06-29 06:56:19+00:00
292339008,jinan-telecom,wuhan-telecom,48.5233,0.0,icmp,1593413880,2020-06-29 06:58:00+00:00
292339212,jinan-telecom,wuhan-telecom,39.3905,0.0,icmp,1593413959,2020-06-29 06:59:19+00:00
292339443,jinan-telecom,wuhan-telecom,39.3505,0.0,icmp,1593414079,2020-06-29 07:01:19+00:00
292339673,jinan-telecom,wuhan-telecom,39.7461,0.0,icmp,1593414240,2020-06-29 07:04:00+00:00
292339905,jinan-telecom,wuhan-telecom,40.1694,0.0,icmp,1593414360,2020-06-29 07:06:00+00:00
292340140,jinan-telecom,wuhan-telecom,45.6426,0.0,icmp,1593414480,2020-06-29 07:08:00+00:00
292340401,jinan-telecom,wuhan-telecom,44.4802,0.0,icmp,1593414600,2020-06-29 07:10:00+00:00
292340566,jinan-telecom,wuhan-telecom,39.3307,0.0,icmp,1593414739,2020-06-29 07:12:19+00:00
292340800,jinan-telecom,wuhan-telecom,46.5013,0.0,icmp,1593414840,2020-06-29 07:14:00+00:00
292341037,jinan-telecom,wuhan-telecom,39.3372,0.0,icmp,1593414979,2020-06-29 07:16:19+00:00
292341280,jinan-telecom,wuhan-telecom,42.2233,0.0,icmp,1593415080,2020-06-29 07:18:00+00:00
292341492,jinan-telecom,wuhan-telecom,48.2839,0.0,icmp,1593415200,2020-06-29 07:20:00+00:00
292341744,jinan-telecom,wuhan-telecom,47.6773,0.0,icmp,1593415320,2020-06-29 07:22:00+00:00
292341919,jinan-telecom,wuhan-telecom,47.8999,0.0,icmp,1593415440,2020-06-29 07:24:00+00:00
292342168,jinan-telecom,wuhan-telecom,46.6063,0.0,icmp,1593415560,2020-06-29 07:26:00+00:00
292342371,jinan-telecom,wuhan-telecom,39.3569,0.0,icmp,1593415699,2020-06-29 07:28:19+00:00
292342635,jinan-telecom,wuhan-telecom,46.2643,0.0,icmp,1593415800,2020-06-29 07:30:00+00:00
292342807,jinan-telecom,wuhan-telecom,39.5482,0.0,icmp,1593415939,2020-06-29 07:32:19+00:00
292343076,jinan-telecom,wuhan-telecom,44.77,0.0,icmp,1593416040,2020-06-29 07:34:00+00:00
292343268,jinan-telecom,wuhan-telecom,47.2757,0.0,icmp,1593416160,2020-06-29 07:36:00+00:00
292343476,jinan-telecom,wuhan-telecom,49.856,0.0,icmp,1593416280,2020-06-29 07:38:00+00:00
292343712,jinan-telecom,wuhan-telecom,46.5447,0.0,icmp,1593416400,2020-06-29 07:40:00+00:00
292343924,jinan-telecom,wuhan-telecom,47.6758,0.0,icmp,1593416520,2020-06-29 07:42:00+00:00
292344168,jinan-telecom,wuhan-telecom,39.3599,0.0,icmp,1593416659,2020-06-29 07:44:19+00:00
292344396,jinan-telecom,wuhan-telecom,48.3357,0.0,icmp,1593416760,2020-06-29 07:46:00+00:00
292344663,jinan-telecom,wuhan-telecom,47.0899,0.0,icmp,1593416880,2020-06-29 07:48:00+00:00
292344854,jinan-telecom,wuhan-telecom,46.4752,0.0,icmp,1593417000,2020-06-29 07:50:00+00:00
292345069,jinan-telecom,wuhan-telecom,39.4959,0.0,icmp,1593417139,2020-06-29 07:52:19+00:00
292345331,jinan-telecom,wuhan-telecom,46.8285,0.0,icmp,1593417240,2020-06-29 07:54:00+00:00
292345528,jinan-telecom,wuhan-telecom,48.192,0.0,icmp,1593417360,2020-06-29 07:56:00+00:00
292345731,jinan-telecom,wuhan-telecom,39.6807,0.0,icmp,1593417499,2020-06-29 07:58:19+00:00
292345991,jinan-telecom,wuhan-telecom,48.6834,0.0,icmp,1593417600,2020-06-29 08:00:00+00:00
292346214,jinan-telecom,wuhan-telecom,46.0725,0.0,icmp,1593417720,2020-06-29 08:02:00+00:00
292346419,jinan-telecom,wuhan-telecom,39.5441,0.0,icmp,1593417799,2020-06-29 08:03:19+00:00
292346641,jinan-telecom,wuhan-telecom,47.1296,0.0,icmp,1593417960,2020-06-29 08:06:00+00:00
292346898,jinan-telecom,wuhan-telecom,50.4867,0.0,icmp,1593418080,2020-06-29 08:08:00+00:00
292347072,jinan-telecom,wuhan-telecom,39.5868,0.0,icmp,1593418159,2020-06-29 08:09:19+00:00
292347223,jinan-telecom,wuhan-telecom,45.1827,0.0,icmp,1593418320,2020-06-29 08:12:00+00:00
292347548,jinan-telecom,wuhan-telecom,46.2542,0.0,icmp,1593418440,2020-06-29 08:14:00+00:00
292347760,jinan-telecom,wuhan-telecom,46.8631,0.0,icmp,1593418560,2020-06-29 08:16:00+00:00
292348008,jinan-telecom,wuhan-telecom,45.5986,0.0,icmp,1593418680,2020-06-29 08:18:00+00:00
292348219,jinan-telecom,wuhan-telecom,39.5666,0.0,icmp,1593418759,2020-06-29 08:19:19+00:00
292348501,jinan-telecom,wuhan-telecom,46.0009,0.0,icmp,1593418920,2020-06-29 08:22:00+00:00
292348676,jinan-telecom,wuhan-telecom,45.1079,0.0,icmp,1593419040,2020-06-29 08:24:00+00:00
292348881,jinan-telecom,wuhan-telecom,46.8319,0.0,icmp,1593419160,2020-06-29 08:26:00+00:00
292349141,jinan-telecom,wuhan-telecom,46.5296,0.0,icmp,1593419280,2020-06-29 08:28:00+00:00
292349371,jinan-telecom,wuhan-telecom,47.4319,0.0,icmp,1593419400,2020-06-29 08:30:00+00:00
292349573,jinan-telecom,wuhan-telecom,49.3178,0.0,icmp,1593419520,2020-06-29 08:32:00+00:00
292349787,jinan-telecom,wuhan-telecom,39.845,0.0,icmp,1593419640,2020-06-29 08:34:00+00:00
292349974,jinan-telecom,wuhan-telecom,49.286,0.0,icmp,1593419760,2020-06-29 08:36:00+00:00
292350231,jinan-telecom,wuhan-telecom,46.5634,0.0,icmp,1593419880,2020-06-29 08:38:00+00:00
292350449,jinan-telecom,wuhan-telecom,49.4076,0.0,icmp,1593420000,2020-06-29 08:40:00+00:00
292350699,jinan-telecom,wuhan-telecom,47.3614,0.0,icmp,1593420120,2020-06-29 08:42:00+00:00
292350960,jinan-telecom,wuhan-telecom,47.4338,0.0,icmp,1593420240,2020-06-29 08:44:00+00:00
292351154,jinan-telecom,wuhan-telecom,39.3483,0.0,icmp,1593420379,2020-06-29 08:46:19+00:00
292351374,jinan-telecom,wuhan-telecom,39.3487,0.0,icmp,1593420499,2020-06-29 08:48:19+00:00
292351600,jinan-telecom,wuhan-telecom,39.4004,0.0,icmp,1593420619,2020-06-29 08:50:19+00:00
292351826,jinan-telecom,wuhan-telecom,48.0305,0.0,icmp,1593420720,2020-06-29 08:52:00+00:00
292352064,jinan-telecom,wuhan-telecom,47.0495,0.0,icmp,1593420840,2020-06-29 08:54:00+00:00
292352268,jinan-telecom,wuhan-telecom,39.365,0.0,icmp,1593420919,2020-06-29 08:55:19+00:00
292352484,jinan-telecom,wuhan-telecom,45.9847,0.0,icmp,1593421080,2020-06-29 08:58:00+00:00
292352703,jinan-telecom,wuhan-telecom,48.5204,0.0,icmp,1593421200,2020-06-29 09:00:00+00:00
292352990,jinan-telecom,wuhan-telecom,45.1844,0.0,icmp,1593421320,2020-06-29 09:02:00+00:00
292353172,jinan-telecom,wuhan-telecom,47.5422,0.0,icmp,1593421440,2020-06-29 09:04:00+00:00
292353398,jinan-telecom,wuhan-telecom,46.0908,0.0,icmp,1593421560,2020-06-29 09:06:00+00:00
292353623,jinan-telecom,wuhan-telecom,46.8013,0.0,icmp,1593421680,2020-06-29 09:08:00+00:00
292353875,jinan-telecom,wuhan-telecom,39.4416,0.0,icmp,1593421759,2020-06-29 09:09:19+00:00
292354104,jinan-telecom,wuhan-telecom,49.112,0.0,icmp,1593421920,2020-06-29 09:12:00+00:00
292354288,jinan-telecom,wuhan-telecom,48.8568,0.0,icmp,1593422040,2020-06-29 09:14:00+00:00
292354504,jinan-telecom,wuhan-telecom,40.8362,0.0,icmp,1593422160,2020-06-29 09:16:00+00:00
292354764,jinan-telecom,wuhan-telecom,39.4256,0.0,icmp,1593422299,2020-06-29 09:18:19+00:00
292354967,jinan-telecom,wuhan-telecom,44.8099,0.0,icmp,1593422400,2020-06-29 09:20:00+00:00
292355187,jinan-telecom,wuhan-telecom,39.3593,0.0,icmp,1593422539,2020-06-29 09:22:19+00:00
292355416,jinan-telecom,wuhan-telecom,47.216,0.0,icmp,1593422640,2020-06-29 09:24:00+00:00
292355709,jinan-telecom,wuhan-telecom,47.564,0.0,icmp,1593422760,2020-06-29 09:26:00+00:00
292355864,jinan-telecom,wuhan-telecom,48.1505,0.0,icmp,1593422880,2020-06-29 09:28:00+00:00
292356113,jinan-telecom,wuhan-telecom,39.659,0.0,icmp,1593423000,2020-06-29 09:30:00+00:00
292356315,jinan-telecom,wuhan-telecom,47.2545,0.0,icmp,1593423120,2020-06-29 09:32:00+00:00
292356557,jinan-telecom,wuhan-telecom,47.25,0.0,icmp,1593423240,2020-06-29 09:34:00+00:00
292356800,jinan-telecom,wuhan-telecom,47.3629,0.0,icmp,1593423360,2020-06-29 09:36:00+00:00
292357024,jinan-telecom,wuhan-telecom,46.1573,0.0,icmp,1593423480,2020-06-29 09:38:00+00:00
292357206,jinan-telecom,wuhan-telecom,48.5028,0.0,icmp,1593423600,2020-06-29 09:40:00+00:00
299979060,jinan-telecom,wuhan-telecom,47.9098,0.0,icmp,1593423720,2020-06-29 09:42:00+00:00
299979266,jinan-telecom,wuhan-telecom,47.1637,0.0,icmp,1593423840,2020-06-29 09:44:00+00:00
299979494,jinan-telecom,wuhan-telecom,47.543,0.0,icmp,1593423960,2020-06-29 09:46:00+00:00
299979742,jinan-telecom,wuhan-telecom,39.3396,0.0,icmp,1593424039,2020-06-29 09:47:19+00:00
299979999,jinan-telecom,wuhan-telecom,39.404,0.0,icmp,1593424219,2020-06-29 09:50:19+00:00
299980179,jinan-telecom,wuhan-telecom,46.8394,0.0,icmp,1593424320,2020-06-29 09:52:00+00:00
299980401,jinan-telecom,wuhan-telecom,46.6198,0.0,icmp,1593424440,2020-06-29 09:54:00+00:00
299980623,jinan-telecom,wuhan-telecom,48.5298,0.0,icmp,1593424560,2020-06-29 09:56:00+00:00
299980873,jinan-telecom,wuhan-telecom,39.3461,0.0,icmp,1593424699,2020-06-29 09:58:19+00:00
299981048,jinan-telecom,wuhan-telecom,39.648,0.0,icmp,1593424819,2020-06-29 10:00:19+00:00
299981328,jinan-telecom,wuhan-telecom,47.2118,0.0,icmp,1593424920,2020-06-29 10:02:00+00:00
299981527,jinan-telecom,wuhan-telecom,47.0482,0.0,icmp,1593425040,2020-06-29 10:04:00+00:00
299981752,jinan-telecom,wuhan-telecom,46.18,0.0,icmp,1593425160,2020-06-29 10:06:00+00:00
299981950,jinan-telecom,wuhan-telecom,45.799,0.0,icmp,1593425280,2020-06-29 10:08:00+00:00
299982203,jinan-telecom,wuhan-telecom,46.5292,0.0,icmp,1593425400,2020-06-29 10:10:00+00:00
299982443,jinan-telecom,wuhan-telecom,46.0863,0.0,icmp,1593425520,2020-06-29 10:12:00+00:00
299982628,jinan-telecom,wuhan-telecom,39.3654,0.0,icmp,1593425659,2020-06-29 10:14:19+00:00
299982878,jinan-telecom,wuhan-telecom,48.5868,0.0,icmp,1593425760,2020-06-29 10:16:00+00:00
299983121,jinan-telecom,wuhan-telecom,48.1987,0.0,icmp,1593425880,2020-06-29 10:18:00+00:00
299983315,jinan-telecom,wuhan-telecom,47.3761,0.0,icmp,1593426000,2020-06-29 10:20:00+00:00
299983562,jinan-telecom,wuhan-telecom,46.6983,0.0,icmp,1593426120,2020-06-29 10:22:00+00:00
299983780,jinan-telecom,wuhan-telecom,48.9425,0.0,icmp,1593426240,2020-06-29 10:24:00+00:00
299984003,jinan-telecom,wuhan-telecom,47.1646,0.0,icmp,1593426360,2020-06-29 10:26:00+00:00
299984219,jinan-telecom,wuhan-telecom,44.2663,0.0,icmp,1593426480,2020-06-29 10:28:00+00:00
299984463,jinan-telecom,wuhan-telecom,48.0133,0.0,icmp,1593426600,2020-06-29 10:30:00+00:00
299984677,jinan-telecom,wuhan-telecom,43.0397,0.0,icmp,1593426720,2020-06-29 10:32:00+00:00
299984884,jinan-telecom,wuhan-telecom,42.1419,0.0,icmp,1593426840,2020-06-29 10:34:00+00:00
299985177,jinan-telecom,wuhan-telecom,45.182,0.0,icmp,1593426960,2020-06-29 10:36:00+00:00
299985361,jinan-telecom,wuhan-telecom,39.3865,0.0,icmp,1593427099,2020-06-29 10:38:19+00:00
299985593,jinan-telecom,wuhan-telecom,46.9444,0.0,icmp,1593427200,2020-06-29 10:40:00+00:00
299985800,jinan-telecom,wuhan-telecom,46.1072,0.0,icmp,1593427320,2020-06-29 10:42:00+00:00
299986049,jinan-telecom,wuhan-telecom,47.294,0.0,icmp,1593427440,2020-06-29 10:44:00+00:00
299986256,jinan-telecom,wuhan-telecom,41.0208,0.0,icmp,1593427560,2020-06-29 10:46:00+00:00
299986492,jinan-telecom,wuhan-telecom,47.0205,0.0,icmp,1593427680,2020-06-29 10:48:00+00:00
299986674,jinan-telecom,wuhan-telecom,47.4592,0.0,icmp,1593427800,2020-06-29 10:50:00+00:00
299986931,jinan-telecom,wuhan-telecom,47.1917,0.0,icmp,1593427920,2020-06-29 10:52:00+00:00
299987157,jinan-telecom,wuhan-telecom,46.5785,0.0,icmp,1593428040,2020-06-29 10:54:00+00:00
299987384,jinan-telecom,wuhan-telecom,42.407,0.0,icmp,1593428160,2020-06-29 10:56:00+00:00
299987602,jinan-telecom,wuhan-telecom,39.3541,0.0,icmp,1593428299,2020-06-29 10:58:19+00:00
299987843,jinan-telecom,wuhan-telecom,39.9251,0.0,icmp,1593428400,2020-06-29 11:00:00+00:00
299988053,jinan-telecom,wuhan-telecom,45.3512,0.0,icmp,1593428520,2020-06-29 11:02:00+00:00
299988275,jinan-telecom,wuhan-telecom,46.6302,0.0,icmp,1593428640,2020-06-29 11:04:00+00:00
299988492,jinan-telecom,wuhan-telecom,46.8279,0.0,icmp,1593428760,2020-06-29 11:06:00+00:00
299988733,jinan-telecom,wuhan-telecom,43.5256,0.0,icmp,1593428880,2020-06-29 11:08:00+00:00
299988944,jinan-telecom,wuhan-telecom,50.8154,0.0,icmp,1593429000,2020-06-29 11:10:00+00:00
299989213,jinan-telecom,wuhan-telecom,39.4933,0.0,icmp,1593429079,2020-06-29 11:11:19+00:00
299989417,jinan-telecom,wuhan-telecom,46.9049,0.0,icmp,1593429240,2020-06-29 11:14:00+00:00
299989631,jinan-telecom,wuhan-telecom,39.5977,0.0,icmp,1593429319,2020-06-29 11:15:19+00:00
299989861,jinan-telecom,wuhan-telecom,46.174,0.0,icmp,1593429480,2020-06-29 11:18:00+00:00
299990091,jinan-telecom,wuhan-telecom,39.4852,0.0,icmp,1593429559,2020-06-29 11:19:19+00:00
299990327,jinan-telecom,wuhan-telecom,44.6591,0.0,icmp,1593429720,2020-06-29 11:22:00+00:00
299990546,jinan-telecom,wuhan-telecom,40.133,0.0,icmp,1593429840,2020-06-29 11:24:00+00:00
299990794,jinan-telecom,wuhan-telecom,46.9702,0.0,icmp,1593429960,2020-06-29 11:26:00+00:00
299990985,jinan-telecom,wuhan-telecom,39.3645,0.0,icmp,1593430099,2020-06-29 11:28:19+00:00
299991208,jinan-telecom,wuhan-telecom,47.9981,0.0,icmp,1593430200,2020-06-29 11:30:00+00:00
299991433,jinan-telecom,wuhan-telecom,49.1225,0.0,icmp,1593430320,2020-06-29 11:32:00+00:00
299991668,jinan-telecom,wuhan-telecom,39.4123,0.0,icmp,1593430459,2020-06-29 11:34:19+00:00
299991886,jinan-telecom,wuhan-telecom,45.703,0.0,icmp,1593430560,2020-06-29 11:36:00+00:00
299992107,jinan-telecom,wuhan-telecom,39.5672,0.0,icmp,1593430639,2020-06-29 11:37:19+00:00
299992366,jinan-telecom,wuhan-telecom,39.5444,0.0,icmp,1593430819,2020-06-29 11:40:19+00:00
299992577,jinan-telecom,wuhan-telecom,46.6506,0.0,icmp,1593430920,2020-06-29 11:42:00+00:00
299992773,jinan-telecom,wuhan-telecom,46.6496,0.0,icmp,1593431040,2020-06-29 11:44:00+00:00
299993018,jinan-telecom,wuhan-telecom,46.8533,0.0,icmp,1593431160,2020-06-29 11:46:00+00:00
299993253,jinan-telecom,wuhan-telecom,45.0452,0.0,icmp,1593431225,2020-06-29 11:47:05+00:00
299993449,jinan-telecom,wuhan-telecom,39.4782,0.0,icmp,1593431359,2020-06-29 11:49:19+00:00
299993700,jinan-telecom,wuhan-telecom,42.0896,0.0,icmp,1593431520,2020-06-29 11:52:00+00:00
299993873,jinan-telecom,wuhan-telecom,46.8817,0.0,icmp,1593431640,2020-06-29 11:54:00+00:00
299994131,jinan-telecom,wuhan-telecom,39.3797,0.0,icmp,1593431779,2020-06-29 11:56:19+00:00
299994355,jinan-telecom,wuhan-telecom,46.8502,0.0,icmp,1593431880,2020-06-29 11:58:00+00:00
299994582,jinan-telecom,wuhan-telecom,47.7349,0.0,icmp,1593432000,2020-06-29 12:00:00+00:00
299994812,jinan-telecom,wuhan-telecom,47.6625,0.0,icmp,1593432120,2020-06-29 12:02:00+00:00
299995016,jinan-telecom,wuhan-telecom,50.4121,0.0,icmp,1593432240,2020-06-29 12:04:00+00:00
299995271,jinan-telecom,wuhan-telecom,39.3601,0.0,icmp,1593432319,2020-06-29 12:05:19+00:00
299995481,jinan-telecom,wuhan-telecom,46.773,0.0,icmp,1593432480,2020-06-29 12:08:00+00:00
299995691,jinan-telecom,wuhan-telecom,48.652,0.0,icmp,1593432600,2020-06-29 12:10:00+00:00
299995943,jinan-telecom,wuhan-telecom,47.9754,0.0,icmp,1593432720,2020-06-29 12:12:00+00:00
